,0,1,2,3,4,5,6,7,8,9,10,11,12,13,14,15,16,17,18,19,20,21,22,23,24,25,26,27,28,29,30,31,32,33,34,35,36,37,38,39,40,41,42,43,44,45,46,47,48,49,50,51,52,53,54,55,56,57,58,59,60,61,62,63,64,65,66,67,68,69,70,71,72,73,74,75,76,77,78,79,80,81,82,83,84,85,86,87,88,89,90,91,92,93,94,95,96,97,98,99,100,101,102,103,104,105,106,107,108,109,110,111,112,113,114,115,116,117,118,119,120,121,122,123,124,125,126,127,128,129,130,131,132,133,134,135,136,137,138,139,140,141,142,143,144,145,146,147,148,149,150,151,152,153,154,155,156,157,158,159,160,161,162,163,164,165,166,167,168,169,170,171,172,173,174,175,176,177,178,179,180,181,182,183,184,185,186,187,188,189,190,191,192,193,194,195,196,197,198,199,200,201,202,203,204,205,206,207,208,209,210,211,212,213,214,215,216,217,218,219,220,221,222,223,224,225,226,227,228,229,230,231,232,233,234,235,236,237,238,239,240,241,242,243,244,245,246,247,248,249,250,251,252,253,254,255,256,257,258,259,260,261,262,263,264,265,266,267,268,269,270,271,272,273,274,275,276,277,278,279,280,281,282,283,284,285,286,287,288,289,290,291,292,293,294,295,296,297,298,299,300,301,302,303,304,305,306,307,308,309,310,311,312,313,314,315,316,317,318,319,320,321,322,323,324,325,326,327,328,329,330,331,332,333,334,335,336,337,338,339,340,341,342,343,344,345,346,347,348,349,350,351,352,353,354,355,356,357,358,359,360,361,362,363,364,365,366,367,368,369,370,371,372,373,374,375,376,377,378,379,380,381,382,383,384,385,386,387,388,389,390,391,392,393,394,395,396,397,398,399,400,401,402,403,404,405,406,407,408,409,410,411,412,413,414,415,416,417,418,419,420,421,422,423,424,425,426,427,428,429,430,431,432,433,434,435,436,437,438,439,440,441,442,443,444,445,446,447,448,449,450,451,452,453,454,455,456,457,458,459,460,461,462,463,464,465,466,467,468,469,470,471,472,473,474,475,476,477,478,479,480,481,482,483,484,485,486,487,488,489,490,491,492,493,494,495,496,497,498,499,500,501,502,503,504,505,506,507,508,509,510,511,512,513,514,515,516,517,518,519,520,521,522,523,524,525,526,527,528,529,530,531,532,533,534,535,536,537,538,539,540,541,542,543,544,545,546,547,548,549,550,551,552,553,554,555,556,557,558,559,560,561,562,563,564,565,566,567,568,569,570,571,572,573,574,575,576,577,578,579,580,581,582,583,584,585,586,587,588,589,590,591,592,593,594,595,596,597,598,599,600,601,602,603,604,605,606,607,608,609,610,611,612,613,614,615,616,617,618,619,620,621,622,623,624,625,626,627,628,629,630,631,632,633,634,635,636,637,638,639,640,641,642,643,644,645,646,647,648,649,650,651,652,653,654,655,656,657,658,659,660,661,662,663,664,665,666,667,668,669,670,671,672,673,674,675,676,677,678,679,680,681,682,683,684,685,686,687,688,689,690,691,692,693,694,695,696,697,698,699,700,701,702,703,704,705,706,707,708,709,710,711,712,713,714,715,716,717,718,719,720,721,722,723,724,725,726,727,728,729,730,731,732,733,734,735,736,737,738,739,740,741,742,743,744,745,746,747,748,749,750,751,752,753,754,755,756,757,758,759,760,761,762,763,764,765,766,767,768,769,770,771,772,773,774,775,776,777,778,779,780,781,782,783,784,785,786,787,788,789,790,791,792,793,794,795,796,797,798,799,800,801,802,803,804,805,806,807,808,809,810,811,812,813,814,815,816,817,818,819,820,821,822,823,824,825,826,827,828,829,830,831,832,833,834,835,836,837,838,839,840,841,842,843,844,845,846,847,848,849,850,851,852,853,854,855,856,857,858,859,860,861,862,863,864,865,866,867,868,869,870,871,872,873,874,875,876,877,878,879,880,881,882,883,884,885,886,887,888,889,890,891,892,893,894,895,896,897,898,899,900,901,902,903,904,905,906,907,908,909,910,911,912,913,914,915,916,917,918,919,920,921,922,923,924,925,926,927,928,929,930,931,932,933,934,935,936,937,938,939,940,941,942,943,944,945,946,947,948,949,950,951,952,953,954,955,956,957,958,959,960,961,962,963,964,965,966,967,968,969,970,971,972,973,974,975,976,977,978,979,980,981,982,983,984,985,986,987,988,989,990,991,992,993,994,995,996,997,998,999,1000,1001,1002,1003,1004,1005,1006,1007,1008,1009,1010,1011,1012,1013,1014,1015,1016,1017,1018,1019,1020,1021,1022,1023,1024,1025,1026,1027,1028,1029,1030,1031,1032,1033,1034,1035,1036,1037,1038,1039,1040,1041,1042,1043,1044,1045,1046,1047,1048,1049,1050,1051,1052,1053,1054,1055,1056,1057,1058,1059,1060,1061,1062,1063,1064,1065,1066,1067,1068,1069,1070,1071,1072,1073,1074,1075,1076,1077,1078,1079,1080,1081,1082,1083,1084,1085,1086,1087,1088,1089,1090,1091,1092,1093,1094,1095,1096,1097,1098,1099,1100,1101,1102,1103,1104,1105,1106,1107,1108,1109,1110,1111,1112,1113,1114,1115,1116,1117,1118,1119,1120,1121,1122,1123,1124,1125,1126,1127,1128,1129,1130,1131,1132,1133,1134,1135,1136,1137,1138,1139,1140,1141,1142,1143,1144,1145,1146,1147,1148,1149,1150,1151,1152,1153,1154,1155,1156,1157,1158,1159,1160,1161,1162,1163,1164,1165,1166,1167,1168,1169,1170,1171,1172,1173,1174,1175,1176,1177,1178,1179,1180,1181,1182,1183,1184,1185,1186,1187,1188,1189,1190,1191,1192,1193,1194,1195,1196,1197,1198,1199,1200,1201,1202,1203,1204,1205,1206,1207,1208,1209,1210,1211,1212,1213,1214,1215,1216,1217,1218,1219,1220,1221,1222,1223,1224,1225,1226,1227,1228,1229,1230,1231,1232,1233,1234,1235,1236,1237,1238,1239,1240,1241,1242,1243,1244,1245,1246,1247,1248,1249,1250,1251,1252,1253,1254,1255,1256,1257,1258,1259,1260,1261,1262,1263,1264,1265,1266,1267,1268,1269,1270,1271,1272,1273,1274,1275,1276,1277,1278,1279,1280,1281,1282,1283,1284,1285,1286,1287,1288,1289,1290,1291,1292,1293,1294,1295,1296,1297,1298,1299,1300,1301,1302,1303,1304,1305,1306,1307,1308,1309,1310,1311,1312,1313,1314,1315,1316,1317,1318,1319,1320,1321,1322,1323,1324,1325,1326,1327,1328,1329,1330,1331,1332,1333,1334,1335,1336,1337,1338,1339,1340,1341,1342,1343,1344,1345,1346,1347,1348,1349,1350,1351,1352,1353,1354,1355,1356,1357,1358,1359,1360,1361,1362,1363,1364,1365,1366,1367,1368,1369,1370,1371,1372,1373,1374,1375,1376,1377,1378,1379,1380,1381,1382,1383,1384,1385,1386,1387,1388,1389,1390,1391,1392,1393,1394,1395,1396,1397,1398,1399,1400,1401,1402,1403,1404,1405,1406,1407,1408,1409,1410,1411,1412,1413,1414,1415,1416,1417,1418,1419,1420,1421,1422,1423,1424,1425,1426,1427,1428,1429,1430,1431,1432,1433,1434,1435,1436,1437,1438,1439,1440,1441,1442,1443,1444,1445,1446,1447,1448,1449,1450,1451,1452,1453,1454,1455,1456,1457,1458,1459,1460,1461,1462,1463,1464,1465,1466,1467,1468,1469,1470,1471,1472,1473,1474,1475,1476,1477,1478,1479,1480,1481,1482,1483,1484,1485,1486,1487,1488,1489,1490,1491,1492,1493,1494,1495,1496,1497,1498,1499,1500,1501,1502,1503,1504,1505,1506,1507,1508,1509,1510,1511,1512,1513,1514,1515,1516,1517,1518,1519,1520,1521,1522,1523,1524,1525,1526,1527,1528,1529,1530,1531,1532,1533,1534,1535,1536,1537,1538,1539,1540,1541,1542,1543,1544,1545,1546,1547,1548,1549,1550,1551,1552,1553,1554,1555,1556,1557,1558,1559,1560,1561,1562,1563,1564,1565,1566,1567,1568,1569,1570,1571,1572,1573,1574,1575,1576,1577,1578,1579,1580,1581,1582,1583,1584,1585,1586,1587,1588,1589,1590,1591,1592,1593,1594,1595,1596,1597,1598,1599,1600,1601,1602,1603,1604,1605,1606,1607,1608,1609,1610,1611,1612,1613,1614,1615,1616,1617,1618,1619,1620,1621,1622,1623,1624,1625,1626,1627,1628,1629,1630,1631,1632,1633,1634,1635,1636,1637,1638,1639,1640,1641,1642,1643,1644,1645,1646,1647,1648,1649,1650,1651,1652,1653,1654,1655,1656,1657,1658,1659,1660,1661,1662,1663,1664,1665,1666,1667,1668,1669,1670,1671,1672,1673,1674,1675,1676,1677,1678,1679,1680,1681,1682,1683,1684,1685,1686,1687,1688,1689,1690,1691,1692,1693,1694,1695,1696,1697,1698,1699,1700,1701,1702,1703,1704,1705,1706,1707,1708,1709,1710,1711,1712,1713,1714,1715,1716,1717,1718,1719,1720,1721,1722,1723,1724,1725,1726,1727,1728,1729,1730,1731,1732,1733,1734,1735,1736,1737,1738,1739,1740,1741,1742,1743,1744,1745,1746,1747,1748,1749,1750,1751,1752,1753,1754,1755,1756,1757,1758,1759,1760,1761,1762,1763,1764,1765,1766,1767,1768,1769,1770,1771,1772,1773,1774,1775,1776,1777,1778,1779,1780,1781,1782,1783,1784,1785,1786,1787,1788,1789,1790,1791,1792,1793,1794,1795,1796,1797,1798,1799,1800,1801,1802,1803,1804,1805,1806,1807,1808,1809,1810,1811,1812,1813,1814,1815,1816,1817,1818,1819,1820,1821,1822,1823,1824,1825,1826,1827,1828,1829,1830,1831,1832,1833,1834,1835,1836,1837,1838,1839,1840,1841,1842,1843,1844,1845,1846,1847,1848,1849,1850,1851,1852,1853,1854,1855,1856,1857,1858,1859,1860,1861,1862,1863,1864,1865,1866,1867,1868,1869,1870,1871,1872,1873,1874,1875,1876,1877,1878,1879,1880,1881,1882,1883,1884,1885,1886,1887,1888,1889,1890,1891,1892,1893,1894,1895,1896,1897,1898,1899,1900,1901,1902,1903,1904,1905,1906,1907,1908,1909,1910,1911,1912,1913,1914,1915,1916,1917,1918,1919,1920,1921,1922,1923,1924,1925,1926,1927,1928,1929,1930,1931,1932,1933,1934,1935,1936,1937,1938,1939,1940,1941,1942,1943,1944,1945,1946,1947,1948,1949,1950,1951,1952,1953,1954,1955,1956,1957,1958,1959,1960,1961,1962,1963,1964,1965,1966,1967,1968,1969,1970,1971,1972,1973,1974,1975,1976,1977,1978,1979,1980,1981,1982,1983,1984,1985,1986,1987,1988,1989,1990,1991,1992,1993,1994,1995,1996,1997,1998,1999,2000,2001,2002,2003,2004,2005,2006,2007,2008,2009,2010,2011,2012,2013,2014,2015,2016,2017,2018,2019,2020,2021,2022,2023,2024,2025,2026,2027,2028,2029,2030,2031,2032,2033,2034,2035,2036,2037,2038,2039,2040,2041,2042,2043,2044,2045,2046,2047,2048,2049,2050,2051,2052,2053,2054,2055,2056,2057,2058,2059,2060,2061,2062,2063,2064,2065,2066,2067,2068,2069,2070,2071,2072,2073,2074,2075,2076,2077,2078,2079,2080,2081,2082,2083,2084,2085,2086,2087,2088,2089,2090,2091,2092,2093,2094,2095,2096,2097,2098,2099,2100,2101,2102,2103,2104,2105,2106,2107,2108,2109,2110,2111,2112,2113,2114,2115,2116,2117,2118,2119,2120,2121,2122,2123,2124,2125,2126,2127,2128,2129,2130,2131,2132,2133,2134,2135,2136,2137,2138,2139,2140,2141,2142,2143,2144,2145,2146,2147,2148,2149,2150,2151,2152,2153,2154,2155,2156,2157,2158,2159,2160,2161,2162,2163,2164,2165,2166,2167,2168,2169,2170,2171,2172,2173,2174,2175,2176,2177,2178,2179,2180,2181,2182,2183,2184,2185,2186,2187,2188,2189,2190,2191,2192,2193,2194,2195,2196,2197,2198,2199,2200,2201,2202,2203,2204,2205,2206,2207,2208,2209,2210,2211,2212,2213,2214,2215,2216,2217,2218,2219,2220,2221,2222,2223,2224,2225,2226,2227,2228,2229,2230,2231,2232,2233,2234,2235,2236,2237,2238,2239,2240,2241,2242,2243,2244,2245,2246,2247,2248,2249,2250,2251,2252,2253,2254,2255,2256,2257,2258,2259,2260,2261,2262,2263,2264,2265,2266,2267,2268,2269,2270,2271,2272,2273,2274,2275,2276,2277,2278,2279,2280,2281,2282,2283,2284,2285,2286,2287,2288,2289,2290,2291,2292,2293,2294,2295,2296,2297,2298,2299,2300,2301,2302,2303,2304,2305,2306,2307,2308,2309,2310,2311,2312,2313,2314,2315,2316,2317,2318,2319,2320,2321,2322,2323,2324,2325,2326,2327,2328,2329,2330,2331,2332,2333,2334,2335,2336,2337,2338,2339,2340,2341,2342,2343,2344,2345,2346,2347,2348,2349,2350,2351,2352,2353,2354,2355,2356,2357,2358,2359,2360,2361,2362,2363,2364,2365,2366,2367,2368,2369,2370,2371,2372,2373,2374,2375,2376,2377,2378,2379,2380,2381,2382,2383,2384,2385,2386,2387,2388,2389,2390,2391,2392,2393,2394,2395,2396,2397,2398,2399,2400,2401,2402,2403,2404,2405,2406,2407,2408,2409,2410,2411,2412,2413,2414,2415,2416,2417,2418,2419,2420,2421,2422,2423,2424,2425,2426,2427,2428,2429,2430,2431,2432,2433,2434,2435,2436,2437,2438,2439,2440,2441,2442,2443,2444,2445,2446,2447,2448,2449,2450,2451,2452,2453,2454,2455,2456,2457,2458,2459,2460,2461,2462,2463,2464,2465,2466,2467,2468,2469,2470,2471,2472,2473,2474,2475,2476,2477,2478,2479,2480,2481,2482,2483,2484,2485,2486,2487,2488,2489,2490,2491,2492,2493,2494,2495,2496,2497,2498,2499,2500,2501,2502,2503,2504,2505,2506,2507,2508,2509,2510,2511,2512,2513,2514,2515,2516,2517,2518,2519,2520,2521,2522,2523,2524,2525,2526,2527,2528,2529,2530,2531,2532,2533,2534,2535,2536,2537,2538,2539,2540,2541,2542,2543,2544,2545,2546,2547,2548,2549,2550,2551,2552,2553,2554,2555,2556,2557,2558,2559,2560,2561,2562,2563,2564,2565,2566,2567,2568,2569,2570,2571,2572,2573,2574,2575,2576,2577,2578,2579,2580,2581,2582,2583,2584,2585,2586,2587,2588,2589,2590,2591,2592,2593,2594,2595,2596,2597,2598,2599,2600,2601,2602,2603,2604,2605,2606,2607,2608,2609,2610,2611,2612,2613,2614,2615,2616,2617,2618,2619,2620,2621,2622,2623,2624,2625,2626,2627,2628,2629,2630,2631,2632,2633,2634,2635,2636,2637,2638,2639,2640,2641,2642,2643,2644,2645,2646,2647,2648,2649,2650,2651,2652,2653,2654,2655,2656,2657,2658,2659,2660,2661,2662,2663,2664,2665,2666,2667,2668,2669,2670,2671,2672,2673,2674,2675,2676,2677,2678,2679,2680,2681,2682,2683,2684,2685,2686,2687,2688,2689,2690,2691,2692,2693,2694,2695,2696,2697,2698,2699,2700,2701,2702,2703,2704,2705,2706,2707,2708,2709,2710,2711,2712,2713,2714,2715,2716,2717,2718,2719,2720,2721,2722,2723,2724,2725,2726,2727,2728,2729,2730,2731,2732,2733,2734,2735,2736,2737,2738,2739,2740,2741,2742,2743,2744,2745,2746,2747,2748,2749,2750,2751,2752,2753,2754,2755,2756,2757,2758,2759,2760,2761,2762,2763,2764,2765,2766,2767,2768,2769,2770,2771,2772,2773,2774,2775,2776,2777,2778,2779,2780,2781,2782,2783,2784,2785,2786,2787,2788,2789,2790,2791,2792,2793,2794,2795,2796,2797,2798,2799,2800,2801,2802,2803,2804,2805,2806,2807,2808,2809,2810,2811,2812,2813,2814,2815,2816,2817,2818,2819,2820,2821,2822,2823,2824,2825,2826,2827,2828,2829,2830,2831,2832,2833,2834,2835,2836,2837,2838,2839,2840,2841,2842,2843,2844,2845,2846,2847,2848,2849,2850,2851,2852,2853,2854,2855,2856,2857,2858,2859,2860,2861,2862,2863,2864,2865,2866,2867,2868,2869,2870,2871,2872,2873,2874,2875,2876,2877,2878,2879,2880,2881,2882,2883,2884,2885,2886,2887,2888,2889,2890,2891,2892,2893,2894,2895,2896,2897,2898,2899,2900,2901,2902,2903,2904,2905,2906,2907,2908,2909,2910,2911,2912,2913,2914,2915,2916,2917,2918,2919,2920,2921,2922,2923,2924,2925,2926,2927,2928,2929,2930,2931,2932,2933,2934,2935,2936,2937,2938,2939,2940,2941,2942,2943,2944,2945,2946,2947,2948,2949,2950,2951,2952,2953,2954,2955,2956,2957,2958,2959,2960,2961,2962,2963,2964,2965,2966,2967,2968,2969,2970,2971,2972,2973,2974,2975,2976,2977,2978,2979,2980,2981,2982,2983,2984,2985,2986,2987,2988,2989,2990,2991
0,0,0,0,0,0,0,0,0,0,0,66,0,0,0,46,122,184,0,0,0,49,0,0,51,0,0,0,0,0,0,0,0,0,0,38,0,0,0,30,69,0,0,0,107,0,0,0,89,25,145,0,102,0,0,81,0,0,0,0,0,158,0,0,0,57,94,0,0,0,35,0,0,0,0,227,0,0,192,75,0,0,0,110,0,0,0,0,38,29,57,83,0,0,61,30,0,0,0,0,0,27,0,0,0,0,0,0,173,0,153,0,0,0,143,49,0,0,0,0,79,0,0,0,0,0,6,0,0,40,95,40,76,0,94,84,0,0,0,0,74,0,0,117,0,22,0,0,0,31,0,0,0,54,0,0,0,182,0,0,0,0,0,89,0,34,0,0,0,0,124,0,0,0,0,0,0,0,0,0,0,0,0,0,0,52,0,212,197,0,0,0,0,47,0,0,74,0,0,52,0,0,48,41,301,0,0,0,0,102,30,106,0,0,0,106,0,38,0,0,123,107,0,0,88,0,0,0,68,0,0,29,0,0,28,0,63,63,199,0,0,0,0,0,0,0,40,0,28,0,0,0,61,41,119,0,0,0,0,0,91,90,59,29,0,0,0,296,57,462,0,0,83,146,40,0,48,0,509,299,0,0,0,0,0,35,67,0,928,53,82,36,50,0,0,0,0,0,0,0,0,0,44,0,0,37,95,189,0,0,0,163,36,0,0,0,42,173,88,0,37,0,0,0,47,117,33,51,0,0,188,0,0,54,37,0,0,0,0,25,0,56,0,0,91,0,0,0,0,141,115,0,0,61,215,0,24,0,84,148,36,29,0,0,0,113,442,97,51,0,56,0,0,0,0,69,76,0,0,101,0,37,0,0,0,241,58,0,47,0,32,0,166,0,37,0,0,0,75,134,0,0,79,0,0,0,0,0,0,0,77,0,0,0,0,0,116,0,161,197,0,37,96,0,37,77,66,38,77,0,0,0,0,0,62,0,0,50,0,79,0,0,176,75,47,56,0,0,0,0,0,0,0,0,45,0,58,0,0,23,103,0,75,132,0,0,0,0,0,0,0,26,0,43,55,34,84,202,83,51,0,42,72,47,0,0,0,0,105,207,0,65,0,105,0,35,118,0,132,0,0,101,0,215,40,0,103,35,28,0,37,0,0,0,0,0,44,0,0,87,28,0,90,166,71,0,0,0,170,0,0,0,0,0,57,0,0,0,0,109,0,156,125,26,0,0,0,0,0,187,44,43,0,55,0,0,0,0,0,0,105,224,0,0,69,90,37,0,0,0,0,143,0,0,0,21,0,85,0,0,68,129,0,0,217,0,0,166,0,0,0,374,0,74,0,0,0,94,0,0,0,0,0,0,31,65,0,0,0,0,0,0,56,0,82,0,0,0,0,39,0,0,0,0,39,0,0,0,0,76,0,0,0,0,0,0,0,59,0,0,0,0,112,0,0,56,0,28,0,204,65,0,0,0,191,0,0,0,0,0,0,0,0,0,0,55,0,0,0,0,138,0,121,0,0,0,0,0,114,0,0,0,0,29,0,0,0,0,109,0,39,0,21,0,0,0,0,0,295,0,0,0,0,0,0,43,0,0,47,62,0,120,97,0,0,0,0,0,46,33,0,41,49,201,175,82,114,0,0,0,41,0,0,0,38,0,0,0,0,55,56,0,143,43,0,85,0,0,51,0,0,0,0,0,70,0,0,0,0,0,0,0,0,0,0,0,0,0,0,120,133,49,30,0,0,87,0,0,0,0,0,0,0,0,0,0,0,0,0,0,0,0,0,0,0,0,0,23,0,0,66,0,61,0,84,0,34,49,66,0,0,0,73,39,0,86,0,0,0,0,0,0,0,0,0,0,0,0,0,41,82,0,0,0,0,0,0,25,0,0,0,0,133,0,83,0,0,68,38,0,0,0,76,0,0,0,194,30,40,0,0,0,0,50,0,0,0,0,0,0,0,0,0,0,80,93,43,0,0,0,0,0,0,0,0,0,0,80,0,0,0,44,0,0,66,0,64,0,0,0,0,69,0,0,0,0,0,0,0,123,0,0,31,0,25,191,0,0,0,0,0,0,0,0,0,0,87,0,0,0,0,0,0,0,0,0,0,35,27,0,0,28,0,0,0,47,0,35,0,0,40,0,0,49,0,0,0,0,26,0,0,0,73,0,141,0,0,31,0,291,0,49,0,56,40,0,0,176,0,0,0,0,0,0,0,0,162,0,166,0,114,67,0,0,0,0,0,0,0,0,0,0,34,0,0,0,41,0,79,0,0,0,0,0,0,95,95,53,69,0,0,0,0,0,0,0,101,64,0,0,0,49,0,0,0,0,0,0,670,22,0,0,0,0,0,28,0,129,45,0,89,0,54,0,175,0,0,0,34,0,0,84,0,0,0,188,0,135,50,0,0,0,0,0,0,0,0,19,0,0,0,102,0,0,0,0,0,0,0,0,0,70,0,35,0,0,0,0,0,0,92,0,0,0,0,0,0,0,0,0,0,0,0,233,0,41,165,0,0,81,0,0,0,0,0,0,0,14,0,0,0,0,0,424,0,0,0,62,0,0,29,0,0,0,46,0,0,0,33,0,0,71,0,58,0,0,0,0,21,0,0,0,37,37,83,0,138,0,0,0,0,0,0,80,92,0,58,32,0,0,66,0,0,20,0,0,92,59,0,73,0,37,0,0,0,0,0,0,0,0,0,0,0,23,0,0,0,65,0,0,182,0,0,0,75,0,0,0,0,53,57,0,0,0,0,0,0,0,0,0,0,0,0,0,0,0,0,0,0,0,0,46,0,25,0,0,0,0,0,0,0,0,0,0,0,0,73,0,0,0,0,32,0,0,0,0,0,0,0,70,41,0,0,0,0,0,129,0,0,0,72,0,0,0,0,0,0,0,0,0,0,0,0,43,0,0,0,26,0,0,0,105,0,0,0,53,0,0,0,104,0,0,62,0,0,0,0,109,95,0,129,0,0,374,0,125,0,0,38,0,153,0,34,0,0,0,0,54,0,0,0,0,0,0,0,130,0,0,0,56,0,0,0,58,0,0,0,0,0,0,0,0,0,0,0,0,0,700,155,0,0,0,0,43,95,0,0,42,0,167,0,0,0,0,0,133,0,60,0,254,0,45,74,0,127,0,0,0,0,0,63,0,0,40,68,0,50,0,0,126,0,40,0,0,0,0,0,0,88,0,0,0,29,0,0,0,0,81,0,317,64,0,40,108,0,0,118,26,0,59,0,0,76,0,0,0,76,0,54,84,0,0,0,61,46,63,0,27,0,66,53,0,0,25,0,37,0,0,0,55,0,66,0,48,35,0,0,0,0,91,0,0,0,148,57,0,0,0,0,0,0,0,49,0,40,194,0,0,0,0,0,0,48,0,0,0,0,0,0,108,38,0,0,0,0,105,0,0,74,0,0,0,0,0,0,0,0,0,54,0,0,0,0,0,0,0,0,93,0,217,36,28,0,0,69,0,0,79,0,0,0,0,0,239,0,29,0,0,23,45,0,32,0,215,0,15,45,410,0,0,71,0,0,43,0,69,0,0,0,39,39,0,0,79,0,0,231,0,0,0,0,0,52,0,0,0,0,0,204,0,0,0,0,0,0,0,0,25,0,0,0,39,0,0,0,0,52,65,0,0,0,0,25,0,0,0,0,0,0,0,78,80,0,0,0,20,54,0,0,0,66,0,81,69,28,63,28,0,51,0,24,116,0,0,0,0,51,0,0,0,0,0,298,0,0,0,0,0,60,0,27,0,0,55,0,134,0,0,0,42,0,459,72,0,0,0,0,0,0,0,0,34,0,0,0,0,97,0,75,0,0,0,0,0,92,0,0,0,207,33,0,0,60,71,0,0,0,46,0,0,0,0,0,0,49,53,245,0,0,40,0,0,0,0,0,0,0,0,0,0,0,75,0,0,0,176,0,78,0,0,0,0,127,0,56,77,0,0,106,0,180,0,0,0,30,0,40,0,49,0,55,0,0,0,0,0,0,43,0,0,391,40,0,0,0,0,0,0,42,0,0,0,0,0,0,0,0,0,0,0,35,0,63,23,0,47,63,0,0,0,0,0,0,0,0,0,0,0,0,0,0,74,0,0,0,0,51,176,0,0,93,14,0,0,0,0,0,135,0,0,160,0,0,0,0,0,0,0,0,42,0,61,0,0,0,47,41,0,52,0,0,0,0,0,0,0,65,111,0,0,0,0,0,106,29,0,0,0,0,35,0,0,0,0,259,0,50,0,0,41,0,0,0,0,0,0,85,0,0,0,0,0,0,0,50,0,0,0,0,69,0,0,0,0,0,0,0,0,0,156,0,0,49,0,0,94,0,0,436,0,0,0,15,0,0,0,225,0,80,0,46,0,0,0,0,0,0,0,54,75,0,0,0,0,88,0,0,0,0,54,0,30,31,0,0,215,0,0,108,54,54,32,82,73,0,0,0,0,0,54,132,48,59,0,0,0,0,0,0,0,0,0,83,0,42,0,0,100,0,0,0,0,0,0,0,0,0,0,132,94,0,0,85,53,0,0,0,0,370,0,0,0,22,0,0,0,29,124,135,0,0,73,0,19,0,0,0,27,26,59,0,0,0,0,34,0,112,0,0,89,0,43,0,41,0,45,0,0,6,0,12,86,0,0,0,0,0,40,0,436,0,0,0,0,0,0,0,0,43,0,0,0,0,34,0,0,75,0,0,0,43,0,0,0,0,0,165,83,0,49,0,0,0,0,65,31,0,108,0,0,188,58,0,38,0,0,0,0,0,0,27,0,0,55,0,0,97,39,0,0,0,118,0,68,0,0,0,65,58,21,0,37,0,0,0,0,46,0,44,54,0,292,29,0,0,0,0,0,0,0,0,0,48,190,0,38,0,84,91,0,0,0,0,0,0,43,0,0,53,0,0,174,0,36,0,0,51,0,0,0,16,53,0,56,0,55,0,0,6,0,0,0,0,0,0,45,71,0,62,0,0,53,35,0,0,107,54,162,81,0,0,0,0,44,0,0,115,0,53,0,0,92,0,0,0,27,0,0,218,0,0,0,0,0,0,0,34,0,0,0,0,46,0,0,72,0,0,0,29,82,0,37,0,0,0,0,0,0,0,21,0,0,106,87,0,128,0,0,0,0,69,0,0,11,0,0,0,0,0,0,49,0,0,201,0,0,28,0,0,89,52,112,0,0,0,0,0,0,0,0,59,0,0,107,0,0,68,0,0,0,0,59,0,89,0,43,0,0,73,0,0,88,0,43,30,0,76,0,113,0,0,0,0,0,148,0,0,0,0,162,18,0,0,0,0,302,0,0,35,0,0,28,60,0,52,24,0,0,0,0,88,0,79,80,69,0,0,0,0,0,0,0,0,0,0,0,29,0,35,63,0,0,0,0,0,0,0,0,0,0,0,0,0,0,57,235,0,0,109,91,0,0,31,0,66,0,0,43,75,0,0,0,0,0,92,0,268,28,0,0,0,0,0,0,0,27,0,0,0,0,244,0,0,0,105,111,0,0,0,70,0,0,0,148,0,12,0,0,52,42,84,69,57,275,0,0,0,0,0,0,0,56,0,322,0,0,0,0,29,90,0,74,55,0,138,0,76,16,0,0,0,0,0,17,0,0,0,0,0,0,0,0,0,0,0,111,0,0,0,199,0,40,37,0,0,0,0,0,0,75,0,0,98,197,17,0,0,0,28,0,0,30,85,0,105,0,0,25,0,0,24,0,0,0,0,0,0,0,0,121,0,0,0,0,0,0,0,130,0,0,161,0,0,0,0,0,65,0,167,114,66,0,98,0,0,105,0,48,132,0,0,0,222,0,0,34,0,0,149,34,29,0,38,200,0,190,0,68,58,60,120,128,0,0,0,0,0,0,0,0,0,290,0,0,0,0,0,0,34,0,0,0,170,0,0,221,0,0,0,41,0,36,62,0,0,540,36,298,33,53,0,0,36,0,38,40,47,0,0,0,0,0,0,0,0,0,0,58,0,25,123,73,0,64,0,0,51,0,0,0,44,0,27,0,126,230,0,0,0,0,0,0,0,56,0,37,42,0,0,0,94,70,0,0,0,82,59,0,0,62,0,54,0,0,0,0,0,0,0,0,87,0,26,60,0,0,0,0,0,0,253,0,0,0,0,0,79,0,0,0,103,0,52,60,116,0,64,33,0,0,0,65,40,114,0,64,51,0,0,0,0,66,89,302,77,0,0,65,209,0,45,0,100,47,0,0,0,0,41,16,0,257,98,0,0,30,0,51,64,0,0,0,0,33,0,0,0,0,0,28,82,0,0,35,0,0,0,32,100,0,0,209,0,84,0,29,19,0,0,0,141,0,0,0,0,0,0,0,0,0,104,0,0,0,25,54,0,0,0,0,0,29,54,191,376,0,0,39,117,0,30,91,0,65,20,54,0,66,27,0,94,75,0,0,0,29,0,161,57,0,0,43,45,166,0,56,0,52,0,0,0,0,0,52,0,0,247,0,0,132,0,0,0,0,0,0,49,41,0,0,0,0,0,0,42,0,0,67,0,112,0,43,0,54,224,0,0,38,82,0,0,41,0,48,24,0,0,155,0,22,0,20,0,0,43,123,44,45,142,54,94,116,0,0,0,0,0,0,304,44,0,0,0,34,24,0,0,0,0,0,0,0,0,0,0,49,0,0,40,107,41,67,0,0,0,302,0,0,0,0,0,0,0,0,0,0,47,157,66,0,0,0,0,0,0,0,0,0,0,503,0,35,47
1,0,0,0,0,0,0,0,0,0,0,55,0,0,0,46,0,0,0,0,0,127,0,0,0,105,0,0,0,0,0,0,0,0,0,59,45,0,31,71,0,0,0,0,64,0,0,0,153,0,0,0,0,26,0,108,0,0,0,0,0,0,61,66,0,0,0,0,0,0,91,0,0,0,0,0,123,0,0,0,74,0,0,0,55,0,0,0,0,0,162,0,0,60,0,0,0,0,20,0,0,0,0,128,0,0,0,0,0,0,35,0,31,77,0,0,0,69,0,0,61,0,92,0,0,0,0,0,96,0,0,0,193,0,0,0,62,0,0,0,0,0,0,0,0,0,0,0,0,43,0,0,0,0,47,60,0,0,0,101,82,0,0,0,0,0,0,0,95,55,0,126,0,0,0,0,0,0,50,0,0,50,0,0,0,0,0,182,100,0,0,0,0,0,48,0,0,0,0,0,0,0,0,0,72,0,0,0,0,49,33,31,0,0,0,0,0,0,0,30,0,0,0,0,175,0,0,50,0,0,0,0,0,9,0,0,0,0,88,24,0,58,0,0,0,0,29,0,0,0,28,0,179,0,0,0,0,0,0,0,66,0,0,0,0,0,0,155,0,0,0,0,0,184,0,60,0,0,75,80,28,0,40,58,0,0,0,79,0,0,0,0,176,0,0,0,0,0,64,0,0,0,0,0,0,0,50,0,0,42,0,0,0,0,0,0,0,54,0,0,0,0,0,0,0,0,0,65,0,0,0,0,26,0,14,0,0,0,0,0,0,0,0,0,0,0,0,0,0,62,56,0,0,0,0,0,0,0,35,97,0,0,41,0,0,0,0,0,0,0,0,0,0,0,0,0,0,0,0,0,0,0,0,0,0,224,0,0,0,0,0,0,137,0,29,0,158,0,0,70,0,0,0,0,0,0,0,0,0,0,0,0,44,0,0,0,84,43,0,0,0,0,0,0,0,0,0,0,0,0,0,0,0,0,34,0,0,0,0,0,0,0,40,0,0,42,151,50,0,42,0,0,75,0,74,0,0,0,0,0,43,0,60,94,0,0,0,0,0,0,0,0,145,0,0,0,0,0,59,0,22,0,0,0,0,0,0,0,61,39,37,0,0,76,0,0,38,25,0,0,0,0,0,0,0,0,103,0,0,0,0,0,0,0,0,0,0,0,0,0,0,0,52,0,0,0,0,0,59,0,0,0,0,0,0,0,0,0,0,47,0,0,0,0,0,0,0,0,25,0,0,0,0,0,0,0,0,34,0,0,51,70,0,0,0,0,0,0,0,0,0,0,0,0,0,0,0,57,0,0,24,76,49,0,82,0,91,49,0,0,0,200,0,0,0,0,0,0,0,0,0,0,0,0,0,29,0,42,0,0,0,20,37,0,0,0,0,0,0,0,0,0,0,0,0,0,0,0,0,0,42,0,0,0,0,0,0,0,0,0,0,0,0,0,0,90,0,0,0,45,86,0,0,0,0,0,0,0,23,56,0,0,0,0,0,30,0,0,0,0,45,31,0,0,94,0,0,0,90,0,0,0,0,0,76,0,0,0,0,0,0,0,0,0,0,0,51,0,0,0,0,0,0,0,0,0,0,0,48,0,0,84,45,0,0,0,0,0,0,0,60,0,0,457,0,0,0,0,0,0,0,0,0,0,32,0,0,0,71,0,0,0,92,11,0,0,0,0,0,0,0,0,0,0,0,0,0,0,0,0,0,0,0,0,0,0,0,0,0,0,0,0,0,0,0,71,0,0,0,0,0,0,0,0,0,0,49,0,0,102,0,0,0,0,0,0,0,0,0,0,0,0,0,0,0,0,0,0,0,0,0,0,0,72,0,62,0,0,0,0,0,0,0,0,0,0,0,0,0,0,80,0,0,0,0,0,41,0,0,0,0,0,0,0,0,0,0,0,0,0,0,0,0,0,0,0,86,0,0,94,0,0,0,0,0,0,0,0,0,0,0,0,0,0,0,0,0,0,0,0,35,0,36,0,0,0,0,0,0,0,0,0,0,0,0,0,0,0,0,0,0,50,0,0,0,0,0,71,111,104,0,0,0,0,0,69,54,0,38,0,0,60,0,0,0,0,0,0,0,0,0,0,0,0,0,0,0,33,38,0,0,0,0,56,0,0,0,0,0,0,0,0,0,45,0,0,0,0,81,0,0,0,0,0,0,32,0,0,19,0,0,0,0,71,0,0,0,0,0,0,0,0,0,0,0,0,94,0,181,0,346,35,0,0,0,0,0,0,0,0,0,0,0,0,0,47,0,0,78,0,24,38,0,0,0,54,117,0,0,0,0,0,0,0,0,0,0,0,0,0,0,0,0,0,0,0,0,91,0,0,41,0,0,32,0,0,91,0,0,0,0,0,0,0,0,0,32,0,52,20,0,112,0,0,0,0,300,0,0,0,40,0,0,0,0,0,0,23,0,0,0,0,0,0,257,0,0,0,0,0,0,50,0,0,0,0,0,0,0,0,0,0,88,0,0,0,0,0,0,29,0,63,32,13,0,0,19,0,0,95,0,0,49,0,0,0,0,27,0,91,0,0,56,0,0,0,0,0,0,0,0,0,0,0,0,0,0,106,0,0,0,0,35,0,47,0,0,0,66,0,0,52,0,85,0,0,0,0,0,0,0,0,0,0,66,0,0,56,40,0,0,0,0,0,0,36,171,0,0,27,0,168,77,0,57,0,0,0,0,0,0,0,38,0,21,0,0,0,0,0,0,0,0,0,0,0,32,0,0,0,0,0,0,0,0,0,0,0,0,112,0,0,46,0,0,0,0,0,0,41,0,0,0,0,73,0,0,0,20,0,0,0,0,0,0,0,0,0,0,42,0,0,0,0,0,0,0,0,0,0,0,28,0,0,0,0,39,0,0,0,0,0,0,0,43,0,0,0,0,0,0,0,44,0,0,0,0,0,0,0,0,0,0,0,0,0,0,0,131,59,0,0,0,0,0,0,0,0,0,0,0,0,0,0,0,0,0,0,0,0,75,0,0,0,0,0,0,48,0,0,0,0,0,0,0,0,0,0,0,0,0,52,0,0,0,0,0,0,0,0,0,0,0,48,0,0,0,106,0,0,0,0,0,0,35,0,0,0,0,0,0,0,0,0,0,43,0,0,0,0,0,112,0,0,32,0,0,0,0,0,0,0,0,0,0,77,0,13,0,0,0,0,0,0,0,0,0,0,0,0,0,0,0,0,103,0,0,0,0,0,0,0,0,0,0,0,0,0,0,0,0,0,0,0,0,0,30,0,0,22,0,0,0,0,0,0,84,26,0,0,0,0,0,0,0,0,0,0,0,0,0,0,0,0,0,0,0,0,0,0,0,0,0,0,52,0,0,0,0,0,0,0,0,0,0,0,0,0,0,0,0,0,0,0,0,0,0,0,0,0,24,0,0,43,0,92,0,0,0,0,0,109,0,0,0,0,41,0,43,0,0,0,0,0,0,0,0,0,0,0,71,0,0,43,0,0,0,0,0,0,0,0,28,25,0,93,0,0,0,0,0,0,46,32,0,0,0,56,0,0,151,0,0,0,0,48,0,0,0,0,0,0,0,42,0,0,0,0,23,0,0,0,0,0,0,0,0,0,0,0,20,0,0,0,0,0,0,47,121,25,0,0,0,0,0,0,0,0,0,0,0,0,54,0,30,0,0,0,71,0,0,49,0,0,0,0,42,0,0,68,0,0,0,0,0,0,79,0,0,0,0,113,0,0,0,0,57,0,0,0,0,0,47,73,0,0,0,109,0,48,0,66,0,0,0,121,0,0,0,59,0,79,0,61,0,0,0,72,0,43,0,65,34,0,0,60,0,0,0,0,47,0,0,0,0,82,0,0,184,0,0,0,78,0,0,0,121,0,0,0,0,0,0,0,47,0,0,0,38,0,0,0,0,0,0,55,0,0,0,0,0,52,0,0,0,0,0,0,0,0,0,0,0,87,0,0,0,0,0,65,164,0,0,0,96,0,68,0,0,38,0,0,0,0,0,0,0,0,0,0,46,0,0,0,0,0,0,0,0,0,367,0,45,44,0,0,0,0,0,0,0,0,0,0,0,0,0,0,0,0,0,28,0,0,0,25,0,0,0,0,0,0,0,52,0,40,0,96,79,0,57,0,0,0,0,0,49,0,0,0,0,0,0,0,0,0,0,0,0,0,0,0,0,0,20,0,0,0,0,0,0,0,0,0,0,0,0,100,0,0,0,0,0,113,0,0,0,61,0,46,0,0,0,0,0,0,0,0,27,0,0,0,0,0,0,0,0,0,0,0,84,0,0,0,0,26,0,0,0,0,0,0,30,0,0,0,0,0,0,0,0,0,0,0,0,88,0,0,0,0,0,0,0,0,0,0,0,41,0,0,0,0,0,0,0,0,0,33,0,0,0,0,0,55,119,43,0,0,0,0,0,35,0,0,0,92,0,0,0,0,107,0,53,0,0,0,0,0,0,112,38,0,20,0,0,0,0,0,0,0,0,0,0,0,0,0,0,49,0,0,0,0,0,36,0,0,49,0,0,0,0,0,178,0,0,0,0,38,125,0,0,0,0,0,0,52,0,0,47,0,0,40,32,0,0,0,0,0,0,72,0,0,0,0,0,0,0,0,0,0,0,37,0,49,0,0,0,0,0,0,0,0,0,0,14,81,0,0,0,152,0,0,0,0,0,0,0,0,0,0,44,0,0,0,0,0,0,0,0,0,0,52,0,0,0,0,0,0,0,0,0,0,0,0,20,0,0,45,0,0,0,43,0,40,47,0,0,0,0,0,0,0,0,0,29,0,46,0,0,0,0,0,0,0,0,0,0,41,0,0,0,0,0,0,0,0,0,0,0,0,0,0,0,0,0,0,0,0,0,0,0,0,0,95,0,55,0,0,0,0,0,0,0,0,0,0,0,0,18,0,0,150,0,0,71,0,0,0,0,33,0,0,0,136,0,0,0,0,133,35,0,0,0,0,0,0,154,0,0,0,0,0,0,0,0,172,0,77,63,0,0,0,40,0,0,38,0,0,0,0,0,0,0,0,0,0,0,0,294,0,80,0,22,42,0,31,102,0,0,0,0,0,0,0,104,0,0,0,0,0,0,0,170,0,0,0,0,0,0,0,0,0,35,0,0,58,61,0,0,0,0,0,0,0,0,0,29,0,0,0,0,0,0,0,0,0,44,0,0,0,0,0,0,0,0,0,0,0,0,0,0,0,0,0,0,45,0,0,0,0,0,0,0,0,84,0,83,0,0,0,49,97,0,0,0,0,0,76,0,108,86,0,0,0,0,0,0,0,0,0,0,0,0,0,0,159,0,0,0,0,0,0,141,0,79,0,35,0,0,0,0,0,109,34,0,0,166,0,0,55,0,0,0,0,0,0,0,31,0,0,0,0,15,0,0,0,0,0,0,0,0,0,0,0,0,218,0,0,197,0,0,0,69,0,0,0,0,0,0,0,0,34,0,0,0,0,0,0,0,21,0,0,0,0,0,129,22,0,0,0,144,0,0,44,46,0,0,0,0,0,0,0,0,75,0,0,0,0,0,0,0,0,0,97,0,0,0,0,0,0,0,48,0,26,41,0,0,0,0,0,0,0,0,0,31,62,0,0,0,0,0,0,0,0,0,0,0,0,0,0,0,0,106,0,0,0,0,0,0,0,0,0,0,70,0,0,0,0,0,0,0,0,0,0,0,0,0,0,0,0,0,0,0,0,0,0,0,0,0,0,79,0,0,0,0,0,0,0,20,0,0,0,0,0,0,0,0,0,0,0,44,0,0,0,0,0,0,0,0,0,0,0,0,0,0,0,0,0,81,0,0,0,0,36,0,0,0,0,0,0,69,0,0,0,0,72,0,79,0,34,47,77,0,0,41,0,26,0,0,0,0,57,0,0,0,0,0,0,0,0,0,0,178,0,0,0,0,18,0,65,0,0,0,0,0,77,0,58,0,0,0,0,35,0,0,0,37,0,0,0,0,18,0,0,0,0,0,0,0,0,110,31,0,0,0,0,0,0,0,34,0,0,0,0,63,0,0,0,0,0,0,0,31,0,0,0,0,0,0,0,0,0,0,0,0,0,0,0,0,0,68,0,0,0,81,0,0,114,0,0,0,0,0,0,0,0,0,0,0,0,0,0,0,23,0,33,0,0,0,0,37,0,0,0,0,0,0,0,43,0,0,53,0,129,0,0,0,0,27,0,0,0,0,75,0,0,0,0,0,0,0,0,0,0,0,0,0,0,0,0,0,32,0,0,0,0,0,0,0,0,0,0,0,225,0,0,0,0,0,0,0,0,37,0,0,29,0,0,43,0,0,25,0,0,0,0,0,0,0,0,63,0,41,0,0,0,37,0,0,0,0,0,0,0,0,0,0,0,0,0,0,0,59,109,161,0,78,0,0,0,0,72,0,0,0,0,0,0,0,0,0,0,0,0,0,0,0,0,0,0,0,0,0,54,0,0,0,76,0,0,0,0,26,0,36,0,47,0,0,57,0,0,0,0,0,0,0,159,0,0,0,41,0,0,0,0,0,0,0,0,0,0,0,0,196,0,0,0,0,122,0,0,0,0,0,0,0,0,0,0,0,0,0,0,0,38,0,0,0,0,0,0,0,0,0,25,0,0,83,0,0,0,0,0,0,0,0,0,0,0,0,0,0,0,0,0,0,0,118,0,0,0,0,0,0,0,0,0,0,0,0,0,0,29,72,0,41,0,0,0,0,0,0,0,0,0,0,0,57,58,0,0,0
2,0,0,0,0,0,30,0,0,0,0,171,0,0,0,0,0,0,0,0,0,39,0,0,0,0,0,0,0,0,0,0,0,0,0,75,0,0,0,0,44,0,0,0,90,0,0,19,0,0,0,0,0,35,0,67,0,0,0,0,0,0,0,0,0,14,21,0,0,0,78,0,0,0,0,112,0,0,155,0,0,0,0,57,0,0,0,0,29,0,82,0,0,0,0,0,0,0,0,0,0,0,0,0,0,0,0,0,0,0,0,0,0,0,0,0,0,0,0,0,24,0,0,28,0,0,0,0,0,0,34,0,34,0,0,0,0,0,0,0,0,34,0,36,0,0,0,0,0,0,0,0,0,0,47,55,0,0,0,0,17,0,0,0,0,0,0,0,0,0,0,0,0,46,0,0,0,0,0,51,0,0,0,0,0,0,0,148,38,0,0,0,0,0,0,0,0,0,0,84,0,0,0,0,0,0,0,0,0,53,0,0,0,0,0,57,0,0,0,0,0,0,0,0,41,0,0,53,110,0,0,0,0,0,0,0,0,0,51,0,0,0,0,57,0,0,0,0,0,0,0,0,36,0,27,0,0,0,0,0,190,27,26,0,0,0,0,129,0,0,0,0,0,22,0,0,0,0,0,0,0,0,34,0,0,0,0,49,96,0,0,0,65,0,0,0,12,0,0,0,0,0,0,0,0,74,49,28,0,0,0,0,44,0,0,0,0,0,0,0,0,0,0,0,50,0,0,0,0,0,0,0,32,0,0,0,0,0,0,0,0,0,0,0,0,0,0,0,0,697,31,36,0,0,133,0,0,0,0,89,0,57,39,0,78,0,89,40,16,0,0,0,0,0,0,0,69,0,0,128,0,0,0,0,0,53,0,0,0,0,0,0,78,0,0,0,0,0,0,26,0,0,0,0,0,96,0,0,22,0,60,0,0,0,0,0,0,0,0,50,0,0,0,0,0,0,0,13,65,0,0,0,25,0,78,0,0,0,0,0,0,0,128,41,38,0,0,0,0,0,0,0,0,0,0,0,0,0,0,0,0,0,40,90,0,0,0,0,0,0,0,0,0,0,0,21,0,137,0,0,0,0,36,97,0,0,0,0,102,61,0,0,0,105,0,0,0,0,0,0,0,0,0,463,0,0,37,0,0,0,39,0,0,0,0,0,63,0,0,0,38,0,0,104,38,0,0,0,51,0,59,0,0,0,0,0,0,0,0,0,0,0,21,0,0,0,81,0,0,0,0,0,0,0,0,0,0,0,0,0,0,113,0,0,0,86,50,0,0,0,0,0,0,0,0,0,0,0,0,0,47,76,0,0,99,0,0,115,0,25,0,177,0,0,0,0,0,41,0,0,0,0,0,0,0,0,0,0,0,0,0,0,29,34,53,0,0,0,0,0,0,0,0,0,0,0,0,0,0,28,0,0,0,0,0,0,0,58,0,0,0,0,35,0,0,28,0,28,0,0,0,0,0,0,205,0,0,0,0,0,0,0,0,0,0,26,0,18,0,0,98,0,0,0,0,0,0,0,59,0,0,0,0,0,0,0,0,0,43,0,0,0,46,0,0,0,0,0,119,0,0,0,0,0,0,0,0,0,0,0,0,0,0,0,0,0,0,0,0,48,25,0,0,0,59,0,42,0,0,0,0,0,0,0,0,0,0,0,38,0,0,0,165,0,0,37,0,0,0,0,0,0,0,0,50,0,0,0,0,0,0,46,0,0,0,0,0,0,0,0,83,38,0,0,0,34,0,0,0,0,33,0,0,0,0,0,0,0,0,0,0,0,0,0,0,0,0,0,0,0,0,0,0,0,0,0,44,0,46,0,0,0,77,0,0,0,0,0,0,0,33,0,36,0,0,0,0,0,0,38,0,0,0,0,0,0,18,0,0,0,0,0,0,0,79,0,0,30,0,0,0,0,0,0,0,0,236,0,0,0,0,0,0,0,0,0,0,0,0,0,0,0,0,0,0,62,0,0,0,0,0,0,35,0,0,49,0,51,0,0,0,109,0,0,0,47,69,0,0,0,0,0,0,0,0,0,0,39,74,55,0,0,0,0,0,140,0,0,0,0,0,57,0,0,0,0,0,0,0,0,0,0,0,0,0,0,0,0,72,0,0,24,0,44,0,77,0,0,0,34,22,0,0,34,0,0,0,0,86,0,0,0,25,31,59,57,0,0,0,102,0,0,0,0,0,0,0,196,0,0,0,37,0,0,0,0,187,0,141,0,96,0,0,29,0,0,0,0,0,0,0,0,0,0,0,89,41,0,73,110,0,0,0,37,0,41,250,0,13,0,0,0,0,0,0,0,0,29,30,0,0,0,0,0,0,0,0,58,261,36,0,0,0,0,0,0,87,0,0,0,0,0,0,0,104,0,0,0,0,0,0,105,0,0,46,56,0,0,77,0,0,0,0,0,0,21,0,0,0,0,0,16,0,0,58,0,0,0,26,0,0,0,16,0,52,0,0,19,0,0,0,0,0,0,0,0,36,0,0,0,0,27,0,136,0,0,0,0,0,79,0,0,0,0,0,0,0,52,0,96,0,0,0,328,0,0,0,44,0,0,0,0,0,0,0,0,0,0,0,0,0,33,74,51,0,0,0,0,31,0,0,33,0,59,53,0,0,0,0,0,0,0,0,56,48,0,0,0,81,0,0,0,0,0,0,132,74,0,0,0,0,64,0,0,0,0,0,0,0,0,0,0,0,0,106,0,0,0,0,0,149,0,0,0,0,0,0,63,0,0,0,0,0,34,0,0,0,0,0,0,0,0,0,0,0,0,0,0,0,0,0,0,7,40,0,0,32,0,0,0,0,0,0,0,35,0,64,0,0,35,0,0,0,0,0,0,0,0,0,93,72,0,0,0,0,0,38,0,0,0,67,0,0,0,0,0,0,0,0,0,58,0,0,52,0,0,0,37,0,70,0,106,39,0,0,0,0,0,49,32,0,0,0,0,52,0,0,0,129,0,100,0,0,160,0,29,0,0,0,0,239,0,0,26,15,41,0,41,0,0,0,0,0,0,0,0,0,0,0,85,0,0,0,0,0,0,0,0,0,0,0,21,0,0,0,0,0,615,61,0,81,0,0,75,65,0,0,0,0,90,0,0,0,0,0,185,0,94,0,149,0,0,0,0,67,0,0,0,0,0,39,0,0,0,0,31,0,56,0,55,0,0,60,0,0,0,0,0,55,0,0,0,0,0,0,0,0,80,0,168,55,0,24,85,0,0,0,0,0,40,0,0,46,0,0,0,107,0,23,0,0,0,0,0,0,45,0,0,0,0,46,0,7,51,0,50,0,0,33,66,0,59,0,0,47,0,0,0,0,44,0,0,0,99,0,0,36,0,46,0,0,0,0,0,0,85,0,0,0,0,0,0,0,0,0,0,0,0,37,40,0,0,0,0,0,0,0,0,36,0,0,0,0,0,0,0,54,0,0,30,0,0,0,0,0,0,0,21,0,124,103,0,0,0,0,0,0,126,0,0,0,0,0,275,0,0,0,0,0,0,0,0,0,107,0,21,0,44,0,0,0,0,0,35,0,67,0,0,0,0,0,0,0,0,0,0,0,0,0,0,0,0,0,0,0,0,0,0,0,0,0,0,0,0,0,0,0,33,101,0,0,0,0,0,21,0,0,30,0,0,0,0,182,0,0,0,0,0,0,0,110,0,0,0,41,0,90,0,0,0,72,0,54,0,0,0,0,0,0,0,0,0,0,0,0,0,0,0,0,0,0,0,0,0,0,0,0,0,0,73,0,0,0,51,0,207,0,0,0,94,0,250,20,38,0,0,0,0,0,0,0,0,0,0,0,56,84,0,0,0,0,0,0,0,0,0,0,0,0,0,0,0,56,75,0,0,0,81,0,0,0,0,0,0,0,41,268,0,0,0,0,0,0,0,0,0,0,0,0,0,0,100,0,0,0,130,0,42,0,0,0,0,59,68,0,0,0,0,0,0,273,0,0,0,61,0,94,0,0,0,0,0,0,0,0,0,0,58,0,0,167,0,0,0,0,0,0,35,0,0,105,0,54,0,0,0,0,0,0,130,27,0,42,0,0,0,70,0,0,0,0,0,0,0,0,0,32,0,0,0,0,212,0,0,0,35,0,63,0,0,0,0,0,0,0,0,0,82,0,0,53,0,0,0,0,0,0,0,0,0,0,33,0,26,0,0,19,0,0,30,0,0,0,0,0,0,0,0,0,0,0,0,0,0,0,35,0,108,0,156,0,0,0,0,45,42,39,0,58,15,0,0,0,0,30,0,0,0,0,0,0,30,0,0,0,0,0,0,0,79,0,0,0,0,0,0,0,0,73,0,0,0,0,0,0,65,0,0,188,0,0,0,0,0,0,0,61,49,56,0,0,0,0,0,0,0,0,0,0,0,0,58,0,0,0,0,82,0,0,0,71,0,0,0,0,55,0,0,37,0,0,0,60,96,0,0,0,0,0,0,0,0,0,0,0,0,0,0,0,0,0,0,0,0,135,0,0,0,0,0,0,0,0,0,0,25,0,27,0,44,0,0,46,0,0,0,0,77,83,0,0,0,0,0,0,46,0,0,0,0,0,0,0,0,0,0,0,103,46,0,0,0,0,48,69,0,0,0,0,0,0,0,0,29,0,0,0,0,0,0,0,0,0,0,0,61,0,31,0,182,0,0,0,0,0,0,22,0,0,30,0,0,0,20,0,0,73,0,0,0,0,0,0,0,0,0,26,49,0,0,0,0,0,0,0,0,28,54,0,0,0,0,0,0,0,0,0,0,0,0,0,0,0,0,0,0,0,0,0,0,0,23,82,35,0,0,0,0,0,35,0,0,0,0,0,0,0,47,0,136,25,240,0,0,0,0,0,0,0,0,0,0,0,0,0,23,0,0,0,0,72,0,0,0,0,40,0,0,0,0,38,0,0,0,0,0,0,0,0,0,0,84,0,136,0,0,0,0,0,0,0,53,0,0,0,28,0,0,0,24,0,0,0,0,47,0,0,42,0,0,0,0,0,41,0,29,0,0,0,0,0,94,80,0,0,0,0,0,56,0,44,35,0,0,0,0,0,0,0,0,0,0,0,0,0,0,0,0,0,123,0,0,60,0,0,0,0,0,0,0,0,0,0,54,76,0,0,0,0,0,36,0,0,0,0,0,0,0,0,0,0,0,0,240,0,0,0,0,0,43,0,77,0,0,0,0,0,0,0,0,0,0,0,43,0,0,137,0,0,0,0,62,0,39,0,0,0,19,0,26,0,0,0,0,0,0,0,0,88,40,0,0,0,0,0,0,0,0,0,0,0,0,0,0,0,0,0,0,0,0,0,0,0,0,0,0,0,0,0,0,0,0,0,199,33,0,58,0,0,0,0,0,0,0,0,0,0,0,0,0,0,0,0,0,0,0,0,0,0,0,0,0,0,0,0,462,0,0,149,0,0,0,94,0,65,0,0,86,0,0,0,0,0,0,0,0,133,0,0,0,0,0,0,0,0,266,0,0,0,0,97,0,0,23,50,0,0,0,0,0,37,0,0,54,0,0,0,0,33,0,98,18,71,110,0,10,0,0,0,0,0,35,0,104,62,0,0,0,0,0,0,48,0,0,0,127,68,0,0,0,0,55,0,0,0,0,0,0,0,0,0,0,210,0,0,71,0,0,0,63,0,0,0,0,0,0,0,0,0,0,0,0,20,358,0,0,0,70,0,0,0,0,0,0,38,60,0,0,0,0,0,0,0,0,0,0,0,0,61,0,0,0,0,0,0,0,0,60,0,0,0,0,0,47,0,0,0,0,54,48,60,0,66,0,0,44,0,0,95,0,0,0,0,0,24,65,0,0,0,0,40,0,0,271,17,0,0,63,0,0,38,0,0,0,0,0,0,0,0,0,0,59,0,0,0,0,0,0,24,0,0,0,145,0,0,52,0,0,0,46,0,0,0,0,0,114,0,46,32,0,0,39,70,0,0,0,0,0,0,0,0,0,0,0,0,0,0,24,0,0,63,105,0,28,0,0,48,0,0,0,0,17,0,0,98,78,0,0,0,0,0,0,0,30,0,24,49,0,0,0,20,0,29,0,0,0,0,0,0,0,0,0,0,0,0,0,0,53,0,0,51,72,0,41,0,0,0,0,0,0,112,0,38,0,0,0,12,21,0,0,41,0,41,0,0,0,0,0,0,0,0,118,0,33,0,36,0,0,0,0,0,0,0,98,0,0,68,0,55,0,0,0,0,0,0,0,0,0,0,0,0,34,49,0,0,0,0,0,0,0,0,0,0,187,0,0,0,0,0,0,0,0,0,0,0,0,0,0,29,0,0,0,0,0,0,0,0,0,0,0,25,0,0,0,0,0,0,0,0,0,0,0,0,0,0,0,0,0,0,0,0,0,0,0,157,0,43,0,58,0,0,21,0,64,0,0,0,0,0,0,0,51,0,0,20,0,0,0,0,0,0,61,0,67,0,0,0,0,0,0,0,0,0,67,32,0,151,0,0,58,0,0,0,0,0,0,0,94,0,0,0,0,0,0,0,0,0,0,0,55,0,47,71,0,96,0,0,0,0,0,0,0,0,0,0,0,0,86,0,0,0,0,24,0,27,0,0,0,0,0,146,0,22,0,0,0,0,0,131,26,0,0,0,36,0,0,0,0,0,0,0,0,0,0,0,69,0,0,0,0,0,0,0,0,0,161,0,0,0,0,0,0,0,0,0,0,0,0,0,0,0,0,0,0,0,0,0,0,0,0,0,0,0
3,0,0,0,0,0,0,0,0,0,0,0,0,0,0,39,0,42,0,0,0,24,0,0,0,0,0,0,0,0,0,0,0,0,0,0,0,0,0,0,38,0,0,0,0,0,0,0,62,0,72,0,0,0,0,0,0,0,0,0,0,26,0,55,0,0,62,0,0,0,0,0,0,0,0,0,65,0,66,0,50,0,0,0,0,0,0,0,0,0,0,0,0,0,0,0,0,0,0,0,0,0,0,49,0,0,0,0,0,0,0,0,0,0,63,0,0,0,0,0,0,0,0,0,0,0,0,0,38,0,0,0,0,0,0,45,0,0,0,0,36,0,0,84,0,0,0,0,0,0,0,0,0,0,0,0,0,0,0,0,0,0,0,0,0,0,0,0,0,0,70,0,0,0,0,0,0,0,0,0,0,84,0,0,0,0,0,0,0,0,0,0,38,0,78,0,0,0,0,0,0,0,41,0,0,0,0,0,0,0,0,34,0,0,0,0,0,0,0,0,67,74,0,0,0,0,0,0,0,0,0,0,0,0,0,0,0,0,0,0,0,44,0,0,0,0,0,0,0,0,0,0,0,0,35,0,0,0,0,0,0,49,0,23,0,0,0,67,0,100,0,0,94,0,0,0,0,0,241,0,0,0,0,0,0,0,0,0,510,21,0,0,0,0,0,0,0,0,0,0,0,0,0,0,0,31,91,86,0,0,0,86,0,0,0,0,0,70,0,0,0,0,0,0,0,0,0,0,0,0,0,0,0,28,0,0,0,0,0,0,0,0,0,0,0,0,0,0,0,0,40,0,0,84,124,0,0,0,95,127,0,0,0,0,21,0,216,59,0,0,57,0,0,0,0,0,0,0,0,47,0,0,0,0,0,0,0,0,0,0,0,0,78,8,0,0,0,0,38,0,0,0,31,0,0,0,0,0,0,0,0,0,0,0,0,0,74,0,68,63,0,49,19,0,0,0,25,0,44,0,0,0,0,0,37,0,0,0,0,42,0,0,97,0,0,0,0,0,0,0,0,0,0,0,0,0,0,0,0,0,47,0,0,160,0,0,0,0,0,0,0,0,0,0,0,0,0,40,33,0,0,0,69,105,31,0,0,28,77,159,0,0,0,168,0,0,71,0,0,0,0,0,0,321,0,0,39,48,0,0,0,0,0,0,0,0,0,12,0,54,0,0,0,0,0,0,0,0,0,0,0,0,0,0,0,0,0,0,0,62,0,0,39,0,0,0,52,0,0,0,27,0,0,0,0,0,0,0,0,0,0,0,0,0,32,63,0,0,0,0,0,68,0,0,0,0,0,0,0,0,41,45,0,0,75,0,0,62,0,0,0,189,0,9,0,0,0,0,0,42,0,0,0,0,0,61,0,31,0,0,0,0,76,184,0,0,0,0,0,0,0,0,0,0,0,0,22,0,0,109,0,0,0,0,0,0,0,18,0,0,0,0,0,0,0,0,0,0,0,0,0,0,0,0,129,0,0,0,0,0,27,0,0,0,0,0,0,0,0,32,28,0,0,0,0,0,0,0,37,0,0,0,0,0,0,0,0,44,0,0,0,0,24,0,0,0,0,0,123,0,0,0,0,0,0,0,0,0,0,0,0,0,0,0,0,0,0,20,114,0,79,0,64,80,0,131,0,0,0,0,0,0,0,0,0,0,0,0,16,0,182,0,296,0,0,0,0,0,0,0,0,0,0,0,33,0,0,0,0,0,0,18,0,0,0,0,0,0,0,0,0,54,0,0,25,0,0,0,0,0,102,0,0,0,0,0,0,0,0,0,0,0,0,0,0,0,0,58,0,0,0,0,0,0,18,34,0,0,0,0,0,0,50,0,0,0,0,0,0,0,43,0,0,0,0,0,0,0,0,44,0,0,0,0,0,0,0,0,0,0,0,0,28,0,0,0,0,0,0,0,0,0,0,0,0,0,73,29,0,100,0,0,0,96,0,0,0,0,37,0,0,0,0,0,0,74,0,0,0,0,0,0,0,0,0,0,0,0,0,0,0,0,0,21,47,40,0,0,0,0,0,85,0,0,0,0,0,0,0,69,36,0,0,0,0,174,0,0,0,0,0,0,0,0,0,0,0,0,0,0,0,0,0,0,0,0,0,0,45,0,0,0,0,0,0,0,0,0,0,0,0,0,64,0,0,0,0,0,0,0,0,0,0,0,89,58,0,31,0,45,0,0,0,0,0,0,0,53,0,0,0,54,0,0,17,0,0,0,0,0,151,0,0,0,0,0,0,0,0,0,0,0,0,0,0,56,0,0,64,0,0,0,0,24,0,70,27,65,0,0,0,0,0,0,0,0,41,0,0,0,0,0,0,0,0,0,0,125,33,0,0,0,0,0,0,0,136,0,0,0,0,0,0,0,135,0,0,45,0,0,0,57,0,0,0,146,0,0,0,0,0,27,0,37,0,26,0,0,0,0,0,0,0,0,0,0,0,0,0,0,0,0,0,43,0,0,0,0,0,0,0,0,0,0,0,0,0,0,0,0,0,0,0,0,0,0,0,0,0,0,0,0,0,0,0,0,0,0,0,0,0,0,0,0,0,0,0,0,0,0,0,0,0,0,0,0,0,0,0,0,26,0,0,21,0,0,0,0,0,0,0,22,66,0,0,0,0,0,0,0,0,0,0,0,0,0,27,102,0,0,0,21,0,0,0,72,0,0,0,0,0,0,0,0,54,0,0,0,0,0,0,0,0,0,0,0,0,0,0,0,226,0,0,0,0,0,0,0,0,0,0,0,0,0,0,0,0,0,0,0,0,0,0,0,0,0,0,0,0,0,0,0,0,17,0,0,0,0,0,0,0,0,0,0,0,0,47,0,0,0,0,0,41,0,0,0,0,0,12,0,0,0,0,0,0,0,0,27,0,0,36,0,0,0,0,0,0,0,0,0,0,0,0,0,0,0,0,16,0,0,0,131,0,0,0,0,0,0,0,0,0,0,0,0,0,0,0,98,67,0,80,0,0,451,0,0,0,0,33,0,97,0,0,0,0,0,0,0,0,0,0,0,0,0,0,82,0,0,0,0,0,0,0,0,0,0,0,0,0,0,0,0,0,0,0,0,0,134,0,0,0,0,0,0,0,0,0,0,0,0,0,0,0,0,0,94,0,79,20,159,0,0,0,0,37,0,0,0,0,0,47,0,0,0,44,0,20,51,0,0,0,0,33,0,0,66,0,0,45,0,0,0,0,0,0,0,0,0,0,133,0,0,0,61,0,0,0,0,0,0,0,0,67,0,0,0,0,0,33,0,0,0,0,0,23,0,0,0,0,0,0,0,0,25,0,0,0,0,0,50,0,0,0,0,31,0,0,0,0,148,0,0,0,194,0,0,0,0,0,0,0,0,0,0,66,0,0,0,0,67,0,0,0,0,0,0,0,0,48,0,0,0,0,23,0,0,0,0,0,0,0,47,0,0,0,0,0,0,0,0,0,0,0,0,0,0,0,40,0,0,28,0,0,0,0,0,0,38,0,0,0,0,0,188,0,0,0,0,0,0,0,0,0,57,0,0,0,0,0,0,0,0,0,0,0,0,0,0,0,0,0,0,0,0,0,0,95,0,0,0,0,0,0,0,0,0,0,0,25,0,0,0,0,0,0,0,0,0,62,0,0,0,0,0,0,0,0,0,0,0,0,0,90,0,0,0,0,0,0,0,0,0,0,41,0,0,33,0,0,0,0,0,0,0,0,0,0,0,0,0,0,10,0,0,0,0,0,0,0,0,0,0,120,0,0,0,0,59,0,0,0,0,0,34,0,52,0,0,0,92,0,0,0,22,0,0,0,42,0,0,0,0,0,0,0,27,43,0,0,0,0,0,0,0,83,0,0,0,0,0,0,0,0,0,0,0,32,0,0,0,0,0,0,0,0,61,121,20,0,0,0,0,0,0,0,0,0,0,0,0,0,69,0,0,0,0,0,146,0,0,0,0,67,0,0,0,0,0,96,0,143,0,0,0,0,0,20,0,0,0,33,0,0,0,0,0,0,0,0,0,76,0,0,0,0,0,0,0,23,0,27,0,25,0,0,0,0,0,0,0,0,0,0,0,0,0,0,0,0,0,0,0,0,0,0,27,0,0,0,0,0,81,0,0,0,0,0,273,52,0,125,0,0,0,0,0,0,78,0,0,0,0,0,0,0,0,0,0,0,0,0,0,0,19,0,0,68,0,0,0,0,0,0,0,0,0,41,63,0,0,0,0,0,67,0,59,0,55,0,0,0,0,0,0,76,46,0,0,78,0,0,0,0,0,0,23,0,0,0,0,0,0,0,0,59,47,0,0,0,42,0,0,0,21,0,0,0,0,68,55,0,0,0,0,0,0,0,0,103,32,0,0,0,0,0,0,138,29,51,0,42,0,0,0,0,34,0,0,0,0,0,46,0,25,0,67,0,0,0,40,0,0,0,0,0,121,0,0,52,25,13,0,74,0,0,0,0,0,0,57,0,53,92,0,0,0,0,0,0,22,0,0,0,0,0,0,0,40,0,0,0,0,0,18,0,0,0,0,57,0,0,0,0,0,0,0,0,0,224,0,0,0,0,0,0,26,20,80,88,0,0,54,0,0,0,0,0,0,0,0,0,0,0,0,0,0,0,0,0,57,0,0,0,76,0,19,0,0,0,0,29,0,0,0,0,0,0,0,0,242,0,0,0,0,0,0,0,0,35,0,75,0,0,0,0,0,0,0,0,13,0,0,0,0,0,0,0,0,0,0,0,35,0,0,0,0,0,0,0,0,74,0,26,0,0,0,0,0,0,0,0,0,0,0,0,0,0,26,0,0,0,0,0,0,0,0,0,0,0,0,0,0,0,0,0,0,0,30,0,0,34,66,0,0,0,0,0,0,0,0,0,0,0,0,20,41,0,0,55,0,0,0,0,0,0,0,7,0,0,0,76,36,0,0,0,0,0,0,0,0,0,0,0,0,0,0,0,0,0,0,0,0,0,0,0,57,0,0,0,71,0,0,0,0,0,35,0,98,0,0,0,28,0,0,0,0,0,0,0,0,0,51,0,0,0,0,0,0,345,0,48,0,0,0,0,0,0,0,0,0,0,0,0,0,0,0,0,0,0,0,0,0,75,0,0,0,0,0,0,0,0,0,0,36,27,0,0,0,0,0,54,0,0,0,0,0,0,0,0,0,0,0,0,37,0,0,0,0,0,79,0,82,0,0,0,0,0,0,0,0,0,0,0,0,0,0,75,0,0,0,0,0,0,0,0,96,0,0,53,0,0,0,0,0,0,0,0,0,53,61,0,0,0,0,0,0,0,0,0,0,0,0,0,0,0,263,0,0,0,0,0,0,0,0,0,0,0,0,0,0,17,0,0,82,0,0,72,0,0,0,0,0,0,0,0,0,0,0,0,0,0,63,0,0,0,0,0,0,0,0,0,0,0,0,0,450,0,0,0,0,0,0,0,0,59,0,0,86,0,0,0,0,0,0,0,0,0,0,0,0,0,0,0,0,0,133,0,0,0,0,43,0,0,0,49,40,0,0,0,0,60,0,0,84,0,0,0,0,0,0,49,0,0,0,0,0,0,0,0,0,0,0,0,67,0,0,0,0,0,0,0,0,0,0,50,0,77,0,0,0,0,0,0,0,0,0,0,0,0,0,0,0,46,0,0,0,0,0,0,35,0,0,0,0,0,0,0,0,0,0,0,0,0,194,0,0,0,78,0,0,0,0,30,0,0,0,0,0,0,0,37,0,0,0,0,0,0,0,0,0,0,0,0,0,0,0,28,0,0,0,0,0,0,0,0,0,0,0,0,0,0,0,0,0,0,0,0,0,39,0,0,0,0,0,0,40,0,0,0,0,0,0,0,58,29,37,0,0,33,0,0,30,0,0,0,0,0,0,0,0,0,42,0,0,0,0,0,0,0,0,0,0,144,0,0,0,0,0,0,0,0,57,28,0,0,76,0,62,0,0,0,0,27,0,0,0,0,0,0,0,0,0,0,0,0,12,0,0,0,0,17,0,0,0,0,0,0,0,0,0,0,0,0,0,73,0,0,0,0,0,0,0,0,0,0,42,83,0,0,0,0,0,36,0,0,33,111,0,0,0,0,0,0,28,0,0,0,30,0,0,54,37,0,21,0,0,0,0,0,0,0,0,0,0,0,0,19,0,0,0,26,0,0,0,50,0,0,0,0,0,0,46,0,159,0,65,0,0,0,0,0,0,0,144,30,0,0,20,58,0,0,0,0,0,0,0,0,0,0,0,0,68,73,0,0,0,0,0,0,0,0,0,0,82,24,0,0,0,0,0,0,0,0,0,54,0,0,0,0,0,0,138,0,0,0,0,0,0,0,0,0,0,0,0,0,0,0,0,0,0,0,0,0,0,0,0,0,31,0,0,0,0,0,49,151,0,0,0,62,27,0,0,0,70,0,0,0,0,0,0,57,0,0,0,0,0,0,74,77,0,0,0,0,0,0,0,0,67,0,0,0,0,0,0,24,0,254,0,0,0,0,0,0,0,0,0,0,55,0,0,0,0,0,0,0,0,0,0,0,0,0,71,0,0,0,0,0,56,0,46,0,37,0,29,0,0,0,106,11,0,0,0,0,0,0,0,0,0,62,0,115,71,0,0,0,0,0,0,127,56,0,0,0,92,0,0,0,0,0,0,0,0,0,25,0,0,0,0,87,0,0,0,0,0,0,95,0,0,0,0,0,0,0,0,0,0,0,48,0,0,0,0,0,0,0,0,0,0,0,140,0,0,25
4,0,0,0,0,0,0,0,0,0,0,43,0,0,0,0,38,189,0,0,0,0,0,0,0,0,0,0,0,0,0,0,0,0,0,0,0,0,0,0,0,0,0,0,34,0,0,23,38,0,0,0,0,22,0,0,0,0,0,0,0,0,0,0,0,0,68,0,0,0,59,0,0,0,0,0,0,0,134,0,0,0,0,0,0,0,0,0,0,0,0,0,0,0,0,0,0,0,0,0,0,0,0,0,0,0,0,0,0,0,172,0,0,0,92,0,0,0,0,0,0,0,0,0,0,0,0,0,0,0,0,0,96,0,0,29,0,22,0,0,70,0,0,93,0,0,0,0,0,0,0,0,0,0,0,0,0,53,0,0,0,0,0,57,0,0,0,0,0,0,111,0,0,0,0,0,0,0,0,0,0,0,0,0,0,7,0,0,0,0,0,0,0,0,0,0,52,0,0,0,0,0,38,0,315,0,0,0,0,63,0,53,0,0,0,0,0,0,0,0,66,65,0,0,86,0,0,0,39,0,28,0,0,0,0,0,0,0,0,0,0,0,0,0,0,0,0,0,34,0,0,0,51,0,108,0,0,0,0,0,0,0,0,0,0,0,0,28,67,66,0,0,51,77,0,0,46,0,274,35,0,0,0,0,0,0,0,0,319,0,0,0,0,0,0,0,0,0,0,0,0,0,0,0,0,0,80,31,0,0,0,145,0,0,0,0,0,0,0,0,0,0,0,0,0,0,0,37,0,0,204,0,0,0,0,0,0,0,0,52,0,23,0,0,0,0,0,0,0,216,0,0,0,0,88,0,0,0,39,0,0,0,0,0,36,53,77,0,0,0,0,0,0,0,0,51,27,0,0,0,0,0,0,0,0,40,0,0,0,0,0,0,392,0,0,0,43,0,94,0,0,0,0,0,0,45,0,0,0,0,58,0,45,0,0,0,101,0,26,0,0,9,0,0,0,0,0,0,22,0,0,0,0,0,0,0,0,0,0,73,0,0,197,0,101,0,0,0,0,0,0,0,0,0,0,0,0,0,0,0,163,0,0,32,0,0,0,0,0,0,0,0,0,26,0,0,58,220,0,0,0,4,28,98,77,0,0,0,36,0,0,0,0,41,0,0,47,0,50,0,0,0,0,291,0,0,87,0,0,0,0,0,0,0,0,0,0,0,0,0,0,0,175,0,0,0,0,0,25,0,0,0,0,0,0,0,0,0,0,0,0,0,97,0,0,0,67,0,0,0,0,0,0,0,0,0,0,0,0,0,0,54,0,25,0,72,0,0,0,0,58,0,0,0,0,0,0,0,0,35,0,104,0,0,57,0,0,42,0,0,0,91,0,0,0,0,0,0,0,0,0,0,0,0,0,0,0,0,0,0,0,0,20,0,0,0,0,0,0,0,0,0,0,0,0,0,0,0,0,0,0,0,0,0,0,0,0,0,0,0,0,0,111,0,0,0,0,0,0,25,0,0,0,0,150,0,0,0,0,0,14,21,0,0,0,0,0,0,0,0,73,0,36,0,0,0,0,0,0,0,0,0,0,31,0,0,0,0,30,0,0,0,0,0,0,0,0,0,69,0,0,0,0,39,0,0,0,0,0,0,0,0,70,0,0,0,0,0,0,0,0,35,0,70,72,0,0,63,0,0,0,30,0,0,0,0,0,0,32,0,0,0,75,0,0,0,0,0,41,0,0,0,0,0,0,0,0,0,0,0,0,38,0,0,0,0,0,37,0,61,73,0,0,0,0,0,0,0,0,0,0,0,53,0,0,0,0,0,0,73,0,0,0,0,0,0,0,0,0,0,0,0,0,0,0,0,0,0,36,0,0,0,49,39,0,0,0,0,0,0,0,0,97,0,0,0,0,0,0,0,0,0,0,0,0,0,0,0,0,0,0,0,97,0,38,0,0,56,0,0,54,0,0,0,0,0,111,0,0,0,0,0,0,0,0,0,0,0,0,0,0,0,0,0,0,35,0,0,0,0,0,43,0,0,0,85,0,57,0,0,0,44,0,0,0,0,121,0,0,0,0,0,0,0,0,0,0,0,0,0,0,0,0,0,0,117,0,0,0,0,0,0,0,0,0,0,0,0,0,0,0,0,0,0,0,0,0,0,0,0,0,0,0,0,0,0,0,0,0,0,0,0,0,0,0,0,0,0,0,0,0,0,0,0,25,0,0,88,0,118,0,0,0,0,0,0,0,123,0,0,0,0,0,0,0,25,111,0,0,0,154,0,0,0,0,0,0,0,0,0,0,0,0,0,0,39,0,0,105,81,0,0,0,0,0,56,74,61,0,0,0,0,0,0,0,0,0,0,0,0,0,0,0,0,0,0,0,0,159,0,0,0,0,0,0,0,0,59,0,0,0,0,0,0,131,0,0,0,0,0,0,0,0,0,0,167,46,70,0,0,0,0,0,0,0,0,0,0,0,0,0,0,0,36,0,0,0,0,0,0,0,0,0,0,0,0,0,0,0,0,0,0,0,0,0,0,35,0,0,0,0,0,0,0,0,0,0,0,0,38,0,0,43,0,0,0,0,0,0,37,0,0,0,112,0,0,0,22,0,0,0,0,0,0,0,0,0,0,0,0,0,0,0,0,0,0,0,0,0,0,0,0,63,51,0,37,0,0,71,0,0,0,0,35,0,0,0,0,0,0,0,0,0,0,29,0,75,0,0,0,0,91,0,0,0,0,0,0,0,0,0,0,0,0,52,0,0,0,0,0,102,0,0,0,0,0,0,0,0,0,0,0,0,0,0,0,0,0,0,0,0,0,0,0,0,0,0,0,0,0,0,0,0,54,0,0,0,0,0,0,0,0,0,0,0,0,0,0,0,0,0,0,0,0,103,0,0,0,0,17,0,0,0,0,0,0,124,0,0,0,0,0,0,0,0,0,0,0,0,0,0,0,0,0,0,0,0,0,0,17,0,0,0,0,0,21,0,0,0,54,0,0,0,0,0,0,0,120,0,0,48,0,0,341,0,0,0,0,0,0,141,0,0,0,25,88,0,0,0,0,0,0,0,0,16,0,0,0,0,0,0,0,0,0,0,0,0,0,0,0,0,0,0,0,0,0,0,114,89,0,90,0,0,87,0,0,0,0,0,85,0,0,0,0,0,105,0,0,0,0,0,48,18,0,161,0,0,0,0,0,93,0,0,0,0,0,0,23,0,40,0,0,56,0,0,0,0,0,0,0,0,0,29,0,0,0,0,35,0,0,0,0,0,0,0,0,19,0,0,51,0,0,0,0,0,0,0,0,0,0,0,0,0,48,0,0,0,0,0,0,104,0,0,21,0,0,0,0,0,0,0,0,39,0,57,0,0,0,0,0,0,0,0,0,0,0,0,0,0,0,0,0,0,0,22,64,0,0,0,25,0,0,0,0,0,0,0,0,0,41,0,0,0,0,0,0,0,0,0,0,0,85,0,0,0,0,0,0,0,0,0,0,0,0,0,0,0,0,0,0,0,0,0,0,76,0,0,0,0,0,0,0,0,108,0,0,0,0,0,0,0,0,0,0,0,0,0,79,0,0,0,0,0,0,0,61,0,0,0,0,0,0,0,0,0,0,228,0,0,27,0,0,0,0,0,0,0,0,0,0,0,0,0,0,34,0,0,0,68,0,0,0,0,0,0,0,0,0,0,0,0,0,60,0,0,0,0,0,0,0,0,56,0,0,0,0,50,0,0,0,0,20,0,35,0,0,0,0,0,0,0,17,0,0,0,0,0,0,0,0,0,0,0,0,0,0,0,100,0,0,0,0,0,14,0,59,0,0,0,0,0,169,0,0,0,0,0,0,0,0,0,0,0,0,0,0,0,0,0,0,0,0,0,0,0,0,0,0,57,0,0,0,0,0,0,0,0,0,0,0,0,0,0,0,0,57,40,0,0,0,0,0,46,0,0,0,0,0,0,0,0,34,0,0,0,54,0,0,0,0,0,0,33,47,0,0,0,0,26,0,167,0,0,0,27,0,20,0,0,0,0,0,0,0,0,0,0,0,0,0,0,0,0,0,0,0,0,0,44,0,49,0,0,0,0,0,0,0,0,90,0,0,0,0,0,0,0,0,0,0,0,0,0,0,0,0,0,0,0,0,0,0,0,0,0,0,0,37,0,0,0,0,0,0,0,0,0,0,0,0,0,0,0,0,0,0,0,0,0,0,0,42,0,39,0,0,0,0,39,0,0,0,0,0,0,0,0,0,0,0,0,0,0,0,0,0,0,44,0,144,0,0,0,0,0,48,50,0,0,0,0,0,0,0,0,0,0,0,0,0,0,0,0,0,27,0,0,0,0,0,0,0,0,0,0,0,0,0,0,0,0,0,0,0,0,46,0,0,290,0,0,0,0,14,0,0,0,0,90,0,0,0,0,0,0,0,0,0,20,0,0,0,0,0,0,0,0,0,0,0,0,0,42,0,0,81,0,0,49,0,0,0,0,0,0,0,0,0,0,0,91,0,0,0,0,0,0,0,0,0,0,0,0,0,0,0,0,0,0,0,0,0,0,0,0,0,0,0,0,0,0,0,0,0,0,0,0,0,77,0,0,0,0,0,0,35,0,0,0,0,0,0,0,0,0,0,0,0,0,0,0,0,0,0,64,0,0,0,0,41,0,0,0,0,0,0,0,0,0,0,0,0,0,0,0,93,0,0,0,0,0,0,0,0,0,0,0,0,0,0,0,0,0,0,0,20,0,0,0,0,0,0,0,23,0,0,0,0,0,0,0,0,0,0,20,59,0,0,0,0,84,0,0,0,0,0,0,0,0,0,0,0,0,39,0,0,0,0,0,0,0,52,0,0,0,0,0,0,0,0,41,0,0,0,0,0,0,0,0,135,45,139,0,0,0,0,0,0,0,0,0,14,0,59,0,52,23,0,0,0,36,0,0,0,0,31,0,0,42,0,73,36,0,0,0,0,0,0,0,0,0,0,0,150,0,0,0,0,0,56,0,40,29,0,0,0,31,0,36,0,0,0,0,0,0,40,0,123,0,0,0,0,0,0,0,50,37,0,13,0,0,91,33,0,0,0,0,0,48,0,0,0,0,0,0,0,0,0,0,0,0,0,0,0,0,0,0,0,0,65,0,0,0,0,0,0,0,0,0,0,0,0,46,0,0,0,0,0,0,0,0,0,0,0,0,0,0,0,0,0,58,0,0,93,0,0,0,0,0,0,0,0,0,0,0,0,0,0,0,0,69,0,0,45,0,84,93,0,0,0,0,75,0,61,0,0,0,0,0,0,0,0,0,0,0,0,34,0,48,51,0,0,0,0,26,31,0,0,0,0,0,0,0,36,0,0,0,0,0,0,0,0,0,0,0,0,65,0,0,0,53,0,0,113,59,0,0,0,0,0,0,37,0,0,0,0,0,0,0,28,0,26,0,0,0,0,0,0,0,0,0,0,0,0,0,52,0,0,93,0,0,0,0,0,0,0,0,0,0,0,0,0,0,0,0,0,42,0,0,0,0,0,0,0,0,0,0,0,0,0,0,0,0,0,0,0,0,0,0,0,0,0,0,0,0,0,0,0,58,0,49,0,0,0,0,0,0,0,0,0,0,0,0,292,0,0,0,0,0,0,0,0,0,0,88,0,25,0,0,0,0,0,0,0,0,0,0,0,0,0,0,0,44,0,0,44,0,0,0,0,0,0,0,0,0,0,0,28,0,0,0,0,78,86,0,0,0,0,0,0,0,0,38,0,0,0,0,0,0,0,28,0,0,0,0,0,0,0,0,0,0,0,0,0,0,0,0,0,0,0,0,0,0,0,0,0,15,0,26,0,37,0,0,0,0,0,0,0,76,0,0,0,42,0,40,0,0,0,0,0,0,0,0,97,0,0,0,0,0,32,0,0,0,0,0,0,0,0,28,0,0,218,0,0,0,0,0,0,70,0,0,0,0,0,0,46,0,0,0,60,0,66,0,0,0,111,0,46,0,45,0,0,38,0,0,0,0,0,0,0,0,0,0,0,0,27,0,27,0,53,35,0,0,0,0,0,60,0,0,0,0,0,24,0,0,126,0,0,0,0,0,0,0,0,0,0,0,0,0,0,0,0,46,0,0,0,0,0,0,0,0,0,0,33,0,0,0,60,0,0,0,0,0,0,0,0,0,0,0,0,0,0,0,0,0,0,0,0,0,0,0,0,0,42,0,0,0,0,26,0,0,74,0,127,0,0,0,0,0,0,0,0,0,68,57,0,0,44,79,0,14,0,0,0,0,0,0,0,0,0,19,30,49,0,0,0,0,52,0,0,0,0,0,0,0,0,0,0,0,0,35,0,0,0,0,0,0,0,82,0,0,31,0,30,0,0,0,0,0,0,61,0,0,0,0,0,0,0,0,0,0,0,0,26,0,0,0,0,0,28,0,0,0,0,0,0,0,0,38,52,0,0,0,0,0,0,0,0,0,0,0,0,0,0,0,0,0,47,0,0,0,0,0,58,0,33,0,41,0,0,0,0,0,0,0,0,127,0,0,102,0,0,0,0,0,0,0,25,0,0,0,0,0,0,39,0,0,0,0,0,0,60,0,46,52,0,0,89,0,26,0,0,0,0,0,0,0,59,0,39,0,0,0,0,0,62,0,0,34,0,90,70,0,0,0,0,0,0,262,0,0,0,0,0,0,0,0,0,0,0,0,0,0,0,0,0,0,0,78,0,0,55,0,0,0,17,0,0,0,0,0,0,0,0,0,0,0,31,105,0,0,0,0,0,0,0,0,0,0,87,0,0,0
5,0,0,0,0,0,0,0,0,0,0,61,0,0,0,0,117,153,0,31,0,165,0,0,0,57,0,0,23,0,0,0,47,0,0,79,63,0,0,0,0,0,0,0,91,0,0,0,136,0,81,0,84,0,0,37,0,0,0,0,0,140,0,41,0,0,0,0,0,0,0,0,0,0,0,131,0,0,50,0,0,0,0,0,84,0,20,0,0,0,27,48,0,0,0,0,0,0,0,0,0,0,0,0,0,0,0,0,0,56,22,30,25,39,0,0,0,39,0,0,57,0,79,0,0,0,0,0,0,0,0,0,0,0,0,0,105,0,0,0,0,0,0,189,0,0,0,0,0,31,0,0,35,46,0,0,0,79,0,0,0,58,0,97,0,0,0,0,44,85,99,87,0,0,0,0,0,0,128,0,0,109,0,0,0,0,0,123,0,0,0,0,0,0,60,0,55,0,0,0,0,53,39,10,80,0,0,0,0,79,0,65,0,0,0,68,0,0,0,0,51,39,0,0,0,0,0,0,258,0,0,0,0,0,0,0,0,56,236,0,0,0,0,0,0,0,36,0,0,0,0,0,0,0,0,0,0,0,0,0,120,0,0,0,0,0,0,0,28,286,0,0,70,37,0,42,0,0,108,227,0,0,0,64,42,0,36,124,314,0,68,0,0,0,0,0,0,0,0,0,0,0,0,0,0,139,32,75,0,0,0,0,0,0,0,0,0,116,0,0,0,0,0,0,0,0,0,0,0,0,123,0,39,66,0,0,0,0,0,0,0,0,0,0,39,0,0,0,0,492,0,51,0,0,238,0,0,0,89,0,0,0,0,0,51,129,169,123,0,0,54,0,0,0,0,64,74,0,0,112,0,0,0,0,0,90,0,0,21,0,0,0,109,0,25,42,38,0,0,0,0,0,41,0,0,72,0,0,69,0,54,0,0,0,0,0,71,0,215,81,0,42,0,0,0,0,88,40,68,0,0,0,37,0,0,0,0,0,0,53,0,0,230,0,120,46,0,50,0,20,0,0,28,0,0,0,0,56,0,0,32,0,37,58,0,0,0,0,0,0,27,0,0,0,0,0,65,130,0,0,0,0,140,0,38,0,0,0,0,73,125,53,0,46,0,0,135,93,0,0,0,0,0,287,70,22,37,0,31,0,33,0,0,0,0,0,131,0,0,81,71,0,0,237,25,0,0,0,91,0,0,0,0,0,0,62,0,0,0,89,0,67,0,0,0,0,0,0,0,42,0,66,0,0,30,0,0,0,0,22,81,153,0,49,0,127,0,0,0,0,76,47,0,0,0,0,0,0,0,0,110,72,0,0,95,0,0,229,0,0,0,94,0,50,0,0,0,0,0,17,0,0,0,0,0,66,0,0,58,59,0,0,67,22,0,0,0,99,0,60,23,0,0,0,66,0,0,0,0,66,77,0,0,0,0,0,22,93,0,0,0,0,0,0,0,96,0,69,0,100,0,0,0,44,354,0,0,0,45,96,0,35,0,0,0,85,34,42,0,0,0,0,21,0,0,24,25,0,70,0,22,0,29,0,0,0,0,0,146,0,0,0,45,0,0,23,0,0,77,0,0,0,0,0,0,0,0,0,0,0,0,47,166,0,0,0,0,0,142,0,57,73,60,341,207,90,0,0,0,0,24,71,49,0,48,0,0,0,194,0,146,20,764,0,0,0,0,0,0,0,0,0,0,0,0,27,0,0,0,0,38,49,0,38,0,118,0,0,0,171,43,54,0,0,0,117,44,0,0,0,85,0,0,0,0,0,80,0,47,124,0,0,0,39,0,17,0,50,0,52,67,0,0,22,52,0,145,84,0,0,0,0,186,0,0,0,0,0,0,0,104,0,181,0,0,0,0,46,0,0,94,0,0,0,0,0,79,0,0,0,0,0,236,0,58,0,0,0,0,0,100,0,56,0,0,0,78,67,0,221,0,0,0,131,0,69,0,0,0,0,0,0,0,46,85,97,0,0,0,0,0,0,51,0,0,0,0,0,0,0,53,204,0,0,59,65,171,0,0,49,0,108,0,23,0,0,0,11,0,0,59,0,0,0,23,170,0,46,0,0,0,0,38,0,0,60,55,0,0,0,0,0,0,0,0,0,0,0,0,0,0,0,0,0,0,59,0,0,0,30,0,0,0,0,0,0,0,0,109,0,0,0,0,0,103,0,0,0,0,269,0,23,0,0,65,0,0,230,0,0,0,94,0,0,74,65,0,0,0,0,0,0,0,0,0,0,0,0,0,39,0,0,60,0,0,0,42,35,112,76,0,0,0,0,14,148,89,156,78,21,0,0,33,0,0,0,164,0,0,0,0,0,0,26,0,38,0,108,448,0,0,31,69,0,26,20,52,168,0,0,49,0,0,0,140,0,42,72,0,0,0,103,0,40,0,173,0,116,115,0,57,0,0,119,0,0,0,0,0,0,0,45,0,0,206,0,0,0,0,0,0,0,22,44,45,0,0,0,0,0,25,0,26,0,0,0,0,0,0,42,0,0,0,89,0,41,281,0,0,105,0,0,50,0,0,0,0,108,0,121,0,0,0,253,0,0,0,44,0,0,0,0,34,0,0,0,20,0,35,0,0,0,0,0,93,0,0,0,0,0,0,49,119,57,48,0,56,0,55,49,0,0,0,52,0,0,34,0,0,0,31,0,0,0,0,170,99,0,18,0,0,0,0,0,54,32,0,0,0,0,0,0,0,0,0,0,35,74,0,0,205,0,0,0,134,49,0,109,0,0,0,0,0,31,0,0,0,0,0,57,0,0,0,100,33,0,51,0,0,0,0,0,0,0,0,0,0,0,57,0,0,0,52,0,0,0,70,0,0,72,0,0,46,0,32,0,0,0,0,49,174,90,0,0,0,0,127,50,0,0,71,0,0,0,22,0,0,42,0,0,85,0,0,0,0,0,54,67,0,47,0,209,0,0,0,0,0,57,44,106,40,0,61,0,0,0,0,106,225,0,135,39,0,1016,0,0,0,36,33,27,221,0,47,0,0,0,0,24,68,0,0,0,0,0,0,0,0,0,0,0,0,0,0,62,55,43,0,17,21,30,0,0,0,84,0,0,0,1059,61,0,122,0,0,0,129,0,29,0,0,67,0,0,0,39,0,141,0,117,0,216,0,113,140,0,131,23,0,0,0,0,171,0,0,31,71,64,0,139,0,36,0,0,94,0,0,68,92,14,109,66,0,0,63,0,0,0,23,0,0,61,76,37,41,0,0,0,160,0,0,136,0,0,54,0,0,0,133,0,73,182,0,0,0,0,0,66,20,0,0,164,0,0,0,0,46,0,0,0,0,97,0,135,65,45,73,0,43,0,0,32,0,0,0,128,108,46,0,0,43,40,0,0,71,0,56,115,0,0,26,55,0,0,28,0,0,0,0,0,65,44,0,0,0,0,0,96,0,0,0,0,0,0,0,0,0,0,0,0,0,0,0,0,0,0,0,0,0,63,0,44,0,0,0,0,54,0,0,71,0,0,0,0,0,260,0,72,0,0,0,0,0,0,0,222,0,0,0,215,0,0,51,0,0,26,55,222,0,38,0,58,19,0,0,63,0,0,165,0,0,0,0,0,0,0,0,0,45,31,42,0,0,0,0,0,94,0,0,0,0,0,0,0,0,0,0,0,44,0,0,0,32,0,83,0,0,0,0,41,0,0,205,35,0,55,0,0,46,0,0,0,0,42,0,39,0,0,51,0,0,31,0,113,0,0,0,0,0,0,16,0,0,0,165,0,0,0,0,0,0,0,0,0,0,68,0,44,0,0,0,267,0,159,35,0,0,0,0,92,0,0,0,0,0,0,17,0,33,0,54,0,0,0,0,0,31,0,0,0,111,0,0,0,25,59,0,0,0,33,0,0,0,0,0,37,0,56,198,0,0,0,0,0,43,0,0,41,0,0,0,0,0,104,0,0,0,51,0,124,0,0,0,0,0,0,0,60,0,0,226,0,259,0,0,0,0,0,0,0,0,35,0,0,0,0,0,0,0,25,0,0,275,0,0,0,0,0,0,36,20,0,37,0,0,0,0,21,0,26,0,139,0,0,88,0,0,0,29,54,0,0,0,0,0,0,0,0,35,0,0,0,0,0,0,0,0,0,45,74,0,0,56,0,0,0,0,0,36,155,18,0,59,0,0,0,0,0,0,0,41,0,0,39,0,74,0,225,0,0,50,34,0,0,0,0,0,0,65,66,0,0,0,0,0,81,52,0,51,121,0,135,31,0,0,0,128,77,0,0,77,0,0,0,0,0,0,80,182,0,0,0,115,0,0,0,103,0,0,0,0,0,0,0,0,0,0,0,0,0,64,87,23,25,30,0,0,159,0,0,267,0,0,0,0,0,0,0,172,27,0,0,0,0,0,0,0,114,0,0,0,0,0,0,0,36,332,0,0,0,0,33,90,79,0,0,0,140,0,0,81,14,193,0,79,69,0,0,0,0,0,158,50,73,277,0,0,78,0,0,28,0,0,0,0,0,71,0,0,80,0,0,0,0,0,32,0,0,26,0,49,38,0,0,210,0,0,0,0,163,185,0,0,0,24,0,0,0,0,44,73,37,75,48,88,0,29,0,0,0,31,0,0,0,0,0,60,0,0,0,0,0,0,0,0,50,0,0,0,0,0,0,114,61,0,0,41,54,81,0,0,241,0,0,0,0,0,0,60,0,0,0,109,0,0,0,0,0,0,46,0,0,0,87,0,109,40,0,58,292,31,62,0,0,0,0,44,67,41,98,19,0,136,0,67,0,0,0,32,0,0,0,59,0,0,0,0,0,34,0,0,0,0,51,132,24,0,0,0,0,50,0,0,0,0,0,0,0,17,34,0,225,108,186,0,0,0,0,0,0,21,0,0,42,39,214,0,77,0,0,44,0,38,0,0,0,0,74,0,0,28,0,144,89,0,0,0,37,0,0,0,0,0,121,0,0,0,0,0,0,0,0,0,0,42,0,0,43,0,0,34,0,0,0,31,0,62,0,0,77,0,0,0,24,0,0,0,0,0,0,30,0,0,24,45,0,0,0,0,0,118,0,0,32,0,0,37,0,0,0,0,30,0,48,38,56,0,0,26,0,0,86,48,0,0,0,0,0,29,0,0,0,0,0,83,0,0,50,0,0,0,0,67,0,0,0,0,0,0,0,32,0,0,0,0,120,0,0,0,59,0,184,45,39,0,0,0,31,0,0,0,0,0,0,0,122,0,0,344,0,0,0,0,107,0,0,0,31,0,0,42,0,12,47,0,23,0,0,42,0,0,55,0,0,0,0,0,0,0,0,0,49,0,0,0,105,0,326,42,0,52,0,0,0,0,0,0,0,0,0,0,0,89,0,44,410,0,0,0,0,0,0,0,0,0,0,0,0,0,0,0,85,0,123,41,0,0,0,0,0,60,0,0,0,53,0,0,291,0,0,280,48,0,0,149,0,147,34,0,74,90,0,0,121,0,0,0,0,0,0,45,35,0,0,0,0,0,317,26,0,0,0,213,0,0,38,0,92,0,0,18,0,0,0,0,0,0,0,0,0,179,23,78,38,0,64,37,0,0,0,0,0,0,0,0,0,37,0,0,58,46,0,0,0,0,0,90,71,43,0,65,0,32,0,0,0,0,0,0,0,0,40,0,0,297,0,0,48,0,0,0,77,0,0,0,287,0,0,0,0,0,0,0,0,0,144,0,0,0,30,0,0,0,0,134,0,0,81,0,0,0,44,311,0,0,0,0,0,0,0,63,64,0,0,0,0,0,0,43,49,0,0,48,0,27,0,0,23,0,0,82,34,36,31,0,0,0,0,0,0,182,69,0,0,101,68,24,75,0,0,104,0,83,0,0,122,51,60,0,53,0,58,0,38,0,114,0,0,76,46,0,0,0,267,0,33,0,0,38,0,95,0,0,0,47,0,0,49,66,0,21,0,0,0,87,0,0,632,0,396,0,235,0,0,107,0,0,0,0,22,0,0,0,131,0,0,0,0,0,0,0,0,85,88,0,0,0,0,0,0,0,0,0,0,0,0,0,100,39,0,0,0,57,0,46,76,0,21,130,0,0,0,0,38,74,0,0,0,0,0,0,0,0,0,0,49,0,0,0,145,0,0,87,119,0,89,55,0,0,0,0,0,94,0,50,0,0,0,0,0,0,0,48,0,66,0,0,37,43,0,68,0,0,189,0,125,0,114,0,0,0,0,0,0,59,0,0,0,136,50,35,0,0,0,36,0,0,0,0,0,0,0,0,0,81,0,43,0,0,0,0,0,0,0,0,216,17,0,0,0,0,0,0,40,58,58,0,0,0,0,126,0,0,0,0,0,0,0,40,0,0,0,42,0,49,0,0,0,0,0,0,0,0,0,0,0,0,53,0,22,0,0,0,0,0,0,222,0,0,0,0,0,0,0,0,86,35,0,0,0,73,0,0,0,0,0,63,41,0,20,0,0,0,69,0,33,0,0,0,57,0,0,0,0,0,0,223,0,127,0,0,0,0,0,0,0,0,0,0,481,0,0,0,175,0,0,86,0,0,0,0,0,0,0,38,0,0,0,0,165,0,0,0,67,0,75,0,0,0,32,0,117,0,0,0,0,0,43,0,0,0,53,255,52,44,0,36,0,0,0,314,30,0,0,38,0,0,0,0,14,0,0,0,0,0,0,0,53,0,0,83,77,23,55,0,0,0,476,0,0,0,0,0,0,0,0,0,0,0,0,87,0,0,0,0,0,0,34,0,0,0,116,33,0,0
6,0,0,0,0,0,0,0,0,0,0,104,0,0,0,40,235,76,0,0,0,41,0,0,100,39,0,0,0,0,0,0,0,0,44,0,0,0,0,0,128,0,0,0,80,0,0,0,47,0,100,50,98,0,0,0,0,0,0,23,0,154,0,0,0,0,95,40,0,0,0,0,54,0,0,93,0,30,87,0,44,0,0,146,78,70,54,0,0,51,0,94,0,0,0,0,0,0,0,0,0,0,0,41,0,30,0,25,56,0,289,37,61,72,117,36,44,53,0,0,82,0,172,0,0,0,0,0,0,0,100,0,243,0,95,90,0,99,69,90,153,0,25,299,0,32,0,35,85,32,0,0,41,46,0,0,0,85,0,22,0,0,0,96,0,111,0,0,62,45,213,39,0,0,0,0,0,59,0,28,50,78,0,61,0,28,0,346,199,0,0,0,30,48,0,0,58,0,0,54,23,0,113,57,376,51,27,0,43,109,51,141,0,0,0,29,0,74,0,0,102,214,0,0,218,0,0,0,89,0,82,0,0,0,0,0,51,63,157,0,0,0,0,0,0,0,25,0,49,0,0,86,205,71,116,0,0,0,0,0,59,62,0,28,0,0,0,363,144,423,0,0,189,238,0,0,73,0,417,162,0,0,90,42,92,0,71,0,2254,71,106,0,0,0,0,0,0,0,0,0,34,0,101,0,0,208,345,133,24,58,34,36,14,0,0,0,0,57,0,0,33,0,0,0,55,55,32,27,0,0,67,0,0,81,93,0,0,0,0,0,0,96,0,0,0,0,0,0,45,1210,146,48,0,361,223,0,0,0,298,122,76,63,94,0,100,233,398,97,49,29,233,23,0,0,0,241,60,0,0,132,0,0,0,0,0,514,0,0,0,0,0,0,596,0,52,0,346,70,45,78,0,0,98,0,0,149,0,47,53,0,104,0,0,34,0,19,70,61,267,43,0,146,38,0,44,51,95,54,52,29,0,0,45,0,61,0,0,98,15,97,0,0,179,0,46,105,192,0,0,0,0,0,42,0,66,25,0,22,0,0,91,0,66,123,48,0,0,0,0,0,0,0,181,0,45,30,63,300,97,0,77,0,218,137,65,0,0,0,61,142,0,23,0,171,0,0,73,0,93,0,0,65,39,640,77,86,0,146,38,0,27,0,0,28,35,0,125,53,31,48,95,0,126,177,102,0,57,38,331,0,76,0,0,0,125,38,0,0,0,0,0,87,65,0,0,0,79,0,0,104,90,68,0,0,0,0,0,0,0,35,287,351,0,40,0,193,33,0,0,0,79,101,0,0,0,28,0,118,0,0,39,115,0,0,476,0,92,123,0,37,0,462,0,49,0,0,29,96,0,45,55,0,114,0,25,177,0,78,53,54,0,25,169,222,38,0,0,0,0,56,0,0,0,35,46,0,0,0,0,224,187,0,43,0,0,21,0,144,0,0,0,0,51,0,0,65,0,82,0,0,44,0,0,44,737,0,76,0,0,165,59,73,68,0,0,0,0,145,0,105,193,43,70,0,101,65,0,59,263,62,32,0,78,33,166,0,0,51,165,0,67,0,89,0,0,0,68,0,301,0,0,0,0,99,60,0,0,64,0,0,0,0,119,0,0,0,0,87,132,51,0,0,142,782,314,358,78,132,0,0,74,62,59,28,0,0,0,0,121,0,252,44,209,44,0,0,0,0,86,0,0,0,0,0,120,0,0,0,0,0,49,168,46,81,0,0,0,20,0,178,0,153,0,0,31,53,66,0,53,53,179,0,147,0,0,0,68,0,47,146,0,0,60,0,0,0,0,96,0,81,64,36,29,0,0,99,221,53,80,0,0,0,257,68,0,37,0,51,0,0,96,0,215,0,0,0,37,53,0,117,0,0,0,26,0,0,45,115,0,0,0,49,169,0,201,39,0,0,98,52,108,0,0,0,0,0,390,103,0,307,0,0,0,128,0,37,27,0,64,0,0,0,0,56,0,173,0,0,0,0,0,0,68,31,43,54,0,0,0,47,94,198,0,73,234,153,502,0,0,42,0,151,0,0,0,0,0,108,62,0,86,0,0,0,27,149,0,0,0,0,48,71,0,0,0,65,148,0,0,0,0,0,0,0,0,0,0,0,19,0,0,74,0,0,0,97,0,41,0,0,0,0,0,0,0,0,0,0,97,0,0,0,0,0,180,0,0,55,0,748,0,0,0,90,71,0,0,358,0,0,55,68,40,0,0,0,48,0,65,0,169,0,0,0,0,0,0,0,0,124,0,0,57,0,0,0,75,0,120,0,43,0,0,0,0,160,0,176,163,0,0,0,0,0,0,0,218,58,0,0,0,0,51,0,0,51,0,40,401,0,57,16,0,26,45,75,67,325,49,0,108,0,0,0,193,0,82,73,67,0,0,301,0,48,0,144,0,249,117,0,97,0,0,190,0,0,0,0,0,0,0,74,0,58,483,0,0,0,32,0,46,120,37,53,0,0,0,0,0,30,83,0,49,0,0,67,0,103,0,0,0,72,0,154,0,26,391,0,0,81,0,0,64,37,0,0,0,0,79,139,0,0,69,512,0,0,0,0,0,0,0,0,0,0,31,0,0,0,0,0,40,40,59,53,145,37,0,0,54,0,0,28,140,80,196,48,119,0,95,0,68,0,0,33,0,0,56,102,0,0,90,0,0,0,53,40,164,52,47,0,0,0,98,0,0,0,0,61,15,33,0,0,0,24,75,0,46,106,0,0,480,0,0,58,23,52,14,63,0,47,48,0,0,0,0,28,77,0,0,17,0,0,30,103,113,0,42,0,0,0,0,52,0,65,0,0,107,0,0,0,23,0,27,0,0,0,134,0,0,0,0,98,0,0,58,0,0,36,0,76,67,102,0,0,0,0,186,39,37,0,145,69,0,0,0,0,0,0,90,0,0,47,0,82,0,0,0,32,0,42,0,229,78,0,0,137,0,0,66,204,18,23,138,0,63,0,0,272,156,0,212,35,0,654,0,246,0,0,39,0,291,0,34,52,32,74,0,87,86,0,0,0,57,0,0,113,0,0,38,194,0,0,0,183,104,0,0,26,0,91,0,0,54,93,0,0,0,1191,219,0,278,0,0,105,203,0,0,51,0,280,0,0,63,54,0,115,0,66,0,785,0,245,0,0,185,0,0,0,0,27,134,0,40,55,42,77,58,77,0,132,0,0,99,0,50,57,0,0,97,0,0,47,0,51,38,0,59,180,0,392,235,0,144,268,107,0,0,0,0,264,0,0,98,0,0,0,274,0,48,75,0,84,0,148,50,98,42,46,0,45,113,0,25,71,14,97,0,0,19,86,0,130,99,60,194,78,0,0,0,322,0,29,43,593,135,97,128,0,0,26,0,57,134,0,30,128,53,0,0,108,0,0,0,0,0,0,0,0,174,89,69,0,0,0,0,75,0,0,45,18,71,43,0,0,0,40,0,0,66,44,0,0,0,0,0,72,30,46,0,126,0,16,0,0,73,0,0,75,0,43,0,0,0,565,0,78,0,0,0,44,0,0,0,166,0,0,59,155,0,0,0,32,0,99,48,181,0,42,0,129,0,48,0,80,0,54,96,0,0,0,0,0,50,0,0,0,0,21,30,0,0,0,0,0,54,0,0,0,0,0,0,0,0,25,0,0,0,62,0,0,72,0,125,0,0,33,0,0,0,0,218,0,0,0,0,0,123,0,11,0,0,0,90,0,0,67,0,15,0,0,0,0,0,0,0,0,70,0,0,0,0,0,280,0,0,0,0,78,68,0,0,0,0,56,0,0,0,0,0,196,0,305,0,0,0,0,0,43,0,0,17,0,0,0,27,0,167,0,48,0,0,0,0,0,125,0,0,0,137,0,0,0,0,48,0,0,0,41,0,0,0,0,0,0,0,94,108,28,0,63,0,0,45,0,48,0,0,0,0,0,0,42,0,0,46,191,0,195,0,0,0,0,81,45,44,85,0,0,87,0,185,0,16,0,38,0,0,0,0,24,40,0,0,0,0,0,0,34,0,0,335,0,0,0,0,0,0,59,0,0,71,0,0,38,0,0,0,0,0,326,0,0,52,29,0,93,87,40,0,113,0,0,0,0,53,47,42,0,0,0,0,259,0,0,0,0,35,269,75,0,162,0,0,0,0,0,73,97,0,0,90,0,0,65,0,0,0,0,0,0,0,100,0,57,64,187,61,0,98,0,0,0,0,37,0,0,0,149,37,0,0,0,0,205,48,53,27,0,0,237,38,0,38,0,120,181,80,0,31,47,31,23,0,19,0,121,178,0,31,0,63,37,0,117,113,72,0,0,14,177,0,0,37,34,0,0,0,0,149,87,0,66,0,0,0,338,0,42,602,63,0,0,0,0,0,0,138,0,130,0,62,0,0,0,0,56,0,0,0,76,0,142,58,0,83,0,85,0,0,0,144,142,55,70,42,319,0,0,93,0,78,0,87,143,0,45,0,0,32,85,98,175,223,53,0,63,0,0,0,103,0,0,33,0,152,0,0,93,0,0,0,0,70,36,0,0,0,60,136,40,0,37,110,0,0,0,0,282,378,0,0,0,0,42,0,50,46,124,256,40,35,85,0,0,0,0,0,113,0,145,0,0,0,67,149,82,0,0,0,141,0,68,0,74,0,38,0,0,0,0,90,69,0,0,0,325,55,64,0,333,0,0,0,0,0,0,141,36,0,64,350,26,0,0,0,33,109,65,0,0,27,0,0,50,73,0,141,180,0,79,0,12,0,0,17,102,0,0,0,33,279,0,84,32,0,0,0,0,0,0,53,0,0,0,49,32,0,70,0,0,0,54,70,0,0,48,0,35,0,56,82,0,0,0,32,0,0,63,33,392,179,378,0,0,0,0,0,59,48,0,0,104,187,141,0,140,211,78,121,0,55,0,36,0,0,72,0,0,69,0,162,0,0,0,78,0,0,0,24,0,0,119,79,68,71,0,53,0,251,46,0,222,33,45,69,34,39,0,77,0,0,0,63,0,93,93,22,152,64,0,79,76,0,50,43,55,52,0,66,0,0,102,86,81,0,46,0,0,481,0,70,39,0,0,0,36,228,0,0,42,0,0,39,0,49,29,0,0,35,270,64,0,146,80,0,0,0,0,0,0,20,0,41,38,199,43,88,0,0,18,57,0,37,100,0,0,0,47,81,0,198,49,0,213,0,0,143,193,0,79,29,108,0,0,147,0,0,0,0,0,135,0,0,213,28,63,111,0,0,0,0,104,0,0,136,65,0,103,130,92,0,56,0,53,41,0,58,0,144,153,160,156,0,0,0,0,0,0,0,0,0,0,38,79,50,379,69,0,53,55,0,132,253,0,193,30,0,0,0,0,46,0,113,176,82,0,143,0,0,130,0,55,0,0,0,0,0,34,0,34,0,267,56,0,0,0,0,0,0,0,0,0,73,0,0,868,0,0,185,73,81,45,37,50,520,0,0,149,186,0,0,80,0,0,0,0,106,0,0,52,0,0,0,0,0,421,0,0,0,0,213,0,0,54,189,147,0,0,0,54,87,0,0,0,0,20,0,0,315,60,176,55,91,133,0,0,0,59,28,39,38,0,0,176,98,0,0,0,82,56,0,0,0,0,103,89,76,20,43,0,71,0,0,22,0,33,0,0,0,63,35,0,67,26,0,80,42,0,43,77,0,0,95,161,35,53,0,106,114,34,0,0,70,650,0,0,0,82,0,87,0,29,139,0,0,0,51,60,0,0,195,41,0,0,0,0,0,0,53,95,0,0,0,0,154,0,69,52,0,0,271,24,0,102,79,21,0,0,156,28,73,86,70,0,30,47,0,42,362,0,0,0,77,21,0,36,0,30,96,89,23,0,0,422,194,41,0,159,0,117,67,87,0,55,38,0,78,87,63,0,40,334,51,145,0,0,35,0,87,0,0,0,103,0,0,89,29,0,54,0,0,121,91,73,38,1474,0,857,0,179,0,58,105,46,34,69,194,0,60,0,0,62,78,0,0,58,59,31,0,63,58,145,0,0,0,0,38,0,32,0,0,69,29,0,282,152,0,64,0,0,0,0,53,53,0,0,240,0,0,0,33,59,124,0,0,94,0,0,0,26,113,46,0,62,63,36,0,87,42,0,0,66,47,97,41,0,0,0,0,0,110,0,59,0,0,38,0,36,0,0,129,0,95,0,80,0,65,41,29,0,0,339,147,386,19,134,33,0,58,0,0,0,79,264,208,0,192,161,189,0,0,0,53,60,0,20,0,0,38,39,0,263,275,0,76,0,0,100,0,0,0,0,0,309,80,47,0,0,0,0,89,86,0,33,166,43,45,53,459,0,0,503,0,104,0,0,19,26,0,0,146,0,0,0,0,0,41,0,0,0,71,0,20,0,78,55,0,209,0,42,0,0,0,64,314,38,0,47,161,107,30,0,0,167,75,94,45,47,73,56,145,40,56,0,61,70,0,103,0,0,0,0,84,163,0,68,0,183,30,0,0,0,0,0,143,0,1256,87,0,243,0,0,40,33,0,0,40,265,0,0,0,128,0,0,61,0,0,32,0,72,0,0,105,56,221,68,0,236,59,172,0,115,0,50,53,0,0,188,40,46,0,0,61,47,47,135,56,50,228,64,282,220,0,22,0,0,0,0,326,222,0,0,0,30,0,0,0,24,0,0,32,51,77,37,0,0,0,0,191,92,0,163,0,50,0,445,0,0,0,0,0,0,0,43,55,0,0,120,358,40,0,22,0,43,48,0,0,0,40,238,0,34,62
7,0,0,0,0,0,35,0,0,0,0,118,0,0,0,0,0,25,0,0,0,78,0,0,0,0,0,0,0,0,0,0,0,0,0,0,35,0,83,25,0,23,0,0,132,0,0,0,69,0,0,0,0,30,0,115,0,0,0,0,0,0,52,99,0,0,0,0,0,0,70,0,0,0,0,0,0,0,121,0,0,0,0,0,52,0,0,0,39,0,130,0,0,45,0,0,0,0,0,0,0,0,0,0,0,0,0,0,0,0,0,0,0,0,0,0,22,0,0,0,0,0,39,21,0,0,0,0,0,0,0,0,97,0,0,0,65,0,0,0,0,0,36,108,0,0,0,0,0,0,0,0,0,0,110,45,0,0,0,0,0,0,0,0,0,0,0,0,0,0,0,0,0,0,0,0,0,0,0,0,0,56,0,0,0,0,0,193,63,0,0,0,0,20,45,0,0,0,0,81,0,0,0,0,97,0,0,0,0,0,22,0,0,0,0,0,0,0,0,0,0,0,0,0,88,0,0,39,0,0,0,0,0,0,0,0,0,0,0,0,0,0,0,30,0,0,0,0,0,0,0,0,62,0,0,0,47,0,0,0,31,60,0,0,0,0,0,0,30,0,0,0,0,113,28,0,0,0,0,0,0,0,0,0,0,0,0,54,0,0,0,0,121,0,0,0,0,0,0,0,0,0,0,0,0,0,0,19,0,0,0,101,0,0,0,0,0,60,0,0,0,0,0,0,0,40,0,31,0,0,57,0,0,0,0,0,0,0,0,0,0,0,0,33,0,0,0,0,0,154,55,0,0,0,126,0,0,0,101,36,0,0,0,0,0,57,72,39,0,0,0,0,0,0,0,45,0,0,0,0,0,0,0,0,0,137,0,0,0,0,0,0,59,0,0,0,0,0,0,0,0,0,0,0,0,0,0,0,0,0,0,0,0,0,0,0,58,0,0,0,0,0,0,0,0,0,0,0,0,0,0,0,0,0,0,0,0,0,0,72,0,0,72,0,0,32,135,0,0,0,0,0,0,0,0,0,23,0,0,0,0,0,0,55,0,0,0,0,0,0,0,0,103,0,0,0,0,76,0,26,0,0,34,0,0,0,0,0,0,0,0,0,0,43,0,0,0,0,15,0,0,0,0,139,0,0,35,0,23,0,0,0,0,0,0,0,0,0,0,0,0,0,0,34,0,0,0,0,100,0,0,0,0,0,0,0,0,0,0,52,0,46,74,0,0,0,0,0,0,106,0,0,0,0,0,0,0,0,0,0,64,78,0,0,0,0,0,0,0,0,0,0,0,0,0,0,0,98,0,0,0,52,0,0,118,0,56,0,41,0,0,71,0,0,0,0,0,0,0,0,0,0,0,0,0,0,0,0,0,0,0,0,0,112,0,0,0,0,0,0,0,0,0,0,0,0,0,0,0,0,0,0,0,0,0,0,0,0,0,0,0,0,0,0,0,0,0,0,0,0,36,0,0,0,96,0,0,0,0,0,0,0,0,0,0,35,0,0,0,0,0,0,0,0,46,0,0,0,30,0,0,0,0,0,0,0,0,0,0,0,0,0,0,0,0,0,63,0,0,0,0,0,0,0,0,0,0,0,0,0,0,80,23,0,0,0,0,0,0,0,50,0,0,236,0,0,0,0,0,0,0,0,0,0,0,0,0,0,0,0,0,0,0,0,0,0,0,0,0,0,0,0,0,0,0,0,0,0,0,0,0,0,0,0,0,0,0,0,0,0,0,0,0,0,0,0,0,0,0,0,0,0,0,0,0,0,0,0,27,0,0,0,0,0,0,0,0,0,0,0,0,0,0,0,146,0,0,0,0,0,0,0,0,34,0,35,0,0,0,0,0,0,0,0,0,0,0,0,0,37,57,0,0,0,0,0,0,0,0,0,0,0,49,0,0,0,0,18,0,0,0,0,0,0,0,0,0,0,0,42,0,0,0,0,0,13,0,0,0,0,0,0,0,0,34,0,0,0,0,0,0,0,42,0,0,0,0,0,0,0,0,0,0,0,0,0,0,0,0,0,0,36,0,0,0,0,0,0,0,63,0,0,0,0,0,0,27,0,0,0,0,0,0,0,0,0,0,0,0,0,0,0,0,0,0,0,0,0,0,0,0,0,0,0,0,0,0,0,0,0,0,0,24,0,0,0,0,0,0,0,0,0,0,0,29,39,0,0,0,0,0,0,0,0,17,0,0,65,0,0,0,0,0,0,0,0,182,0,0,0,67,0,0,0,0,0,0,0,0,0,0,0,17,0,0,67,0,0,63,0,0,0,0,0,0,0,231,0,0,0,0,0,0,0,0,0,54,0,0,0,0,0,0,0,0,0,0,95,167,0,35,0,66,0,0,0,58,0,0,0,0,0,0,0,0,0,0,0,33,0,0,94,0,0,26,0,74,0,109,0,0,0,0,0,0,0,0,0,0,0,0,0,0,0,97,0,0,0,0,0,0,0,0,0,0,0,0,0,0,0,0,0,0,0,0,0,0,0,0,0,0,0,0,0,0,0,104,0,0,0,0,0,0,0,0,0,0,0,0,88,0,0,0,89,0,0,0,0,0,0,0,0,37,0,0,0,0,63,0,0,0,0,66,0,36,0,0,0,34,0,0,55,0,66,0,0,0,0,0,0,0,0,0,0,33,0,0,48,0,14,0,0,0,0,0,0,105,0,0,0,0,0,0,0,48,0,0,0,0,0,0,0,0,0,0,0,0,0,0,0,102,0,0,0,26,0,0,0,0,0,0,0,0,0,0,0,0,0,0,42,0,0,0,60,0,0,0,0,0,56,0,0,0,0,0,0,0,0,0,0,0,0,0,0,0,0,0,0,0,0,0,0,0,0,0,0,0,0,0,0,0,48,0,0,0,0,0,0,0,0,0,0,0,0,0,0,0,0,0,0,0,0,0,0,0,0,0,0,0,0,0,0,0,0,0,0,0,0,84,0,0,0,0,0,0,0,0,40,0,0,0,0,0,0,0,0,0,0,0,0,0,0,0,0,0,0,0,0,26,0,0,0,0,0,0,0,0,0,0,0,0,53,0,0,0,0,0,0,0,0,0,0,0,26,0,0,0,0,0,0,0,0,0,0,0,0,0,0,0,0,0,0,0,0,0,0,0,0,0,0,0,108,0,0,69,0,0,0,0,0,0,0,0,0,0,95,0,0,0,0,0,0,0,0,0,0,0,0,0,0,0,0,0,39,0,0,0,0,0,0,0,0,0,0,0,0,34,0,0,0,0,0,0,0,0,0,0,0,0,38,0,0,0,0,0,0,0,0,0,27,0,0,0,0,0,0,0,0,0,0,0,0,0,0,0,0,0,0,0,0,0,0,0,0,52,0,0,0,0,0,0,0,0,0,0,31,0,0,0,0,0,0,0,0,0,0,0,0,0,58,29,0,0,0,0,36,0,0,0,0,0,51,0,0,0,0,0,0,27,0,0,0,0,0,0,0,0,0,0,45,0,0,0,42,69,0,0,34,0,44,0,0,0,0,0,74,0,0,0,0,0,0,0,0,0,0,51,0,0,0,58,0,0,0,0,0,0,0,0,0,0,0,0,0,0,0,148,0,0,21,0,0,57,0,0,0,0,0,0,0,0,0,0,0,0,0,0,0,0,0,0,0,0,0,0,0,0,0,0,0,0,0,103,0,0,0,0,0,0,0,0,0,0,0,0,0,0,0,0,17,18,0,40,0,0,0,32,0,0,0,0,119,0,0,0,0,21,0,0,0,0,0,108,0,0,0,0,0,0,0,0,0,0,0,0,0,0,0,0,50,0,104,42,0,0,0,0,0,0,34,0,0,0,0,0,0,0,0,0,0,0,0,0,0,0,75,0,0,137,0,0,0,0,0,0,0,90,0,0,0,0,0,0,35,0,0,113,0,0,68,0,0,0,0,0,0,0,0,0,0,0,0,0,0,0,67,0,0,0,0,0,0,47,0,0,0,0,0,0,41,0,0,0,0,0,0,40,0,0,0,0,0,0,0,0,0,0,0,0,0,0,0,0,0,0,0,0,0,47,0,168,0,0,29,0,0,0,0,0,0,0,0,0,0,0,0,0,0,0,0,0,0,0,0,0,0,0,0,0,0,0,75,0,0,0,0,0,0,0,0,0,0,0,0,0,0,0,0,0,17,0,0,0,0,0,0,0,0,0,0,0,0,0,38,0,0,0,0,0,0,0,0,0,0,0,0,0,22,0,0,0,0,0,0,0,0,0,0,0,0,0,0,0,0,0,0,0,0,0,0,0,0,0,0,0,0,57,0,0,0,15,0,36,0,0,0,0,0,17,0,0,0,0,0,0,0,0,0,0,0,0,0,0,0,0,76,0,0,0,0,0,0,0,0,0,0,0,0,0,0,0,0,0,0,0,0,0,0,0,0,0,0,0,0,0,0,0,0,0,0,0,0,0,0,0,96,0,0,0,0,0,0,0,0,0,0,0,0,0,18,87,0,0,0,0,0,0,0,0,0,0,0,0,0,0,0,0,49,0,0,0,0,0,0,0,0,21,0,33,0,0,0,0,0,0,0,0,0,0,0,0,0,0,0,0,26,0,0,74,0,0,0,15,0,0,0,0,0,0,0,0,0,0,0,0,0,0,0,0,0,0,0,0,26,0,0,0,0,0,0,0,0,0,0,0,97,0,0,0,182,0,0,0,0,0,0,0,0,0,0,99,0,0,0,0,0,0,0,0,0,0,0,0,0,0,0,0,0,0,0,0,0,0,58,0,0,0,0,0,0,153,98,22,30,53,52,0,0,0,0,0,0,0,0,0,0,0,0,0,0,0,64,0,0,0,0,0,0,0,0,0,60,0,0,0,0,0,0,0,27,0,0,61,0,0,0,0,0,0,0,0,0,0,25,0,0,0,0,0,0,0,0,0,0,0,0,0,0,0,0,59,0,0,31,0,0,0,0,0,0,0,0,0,136,0,0,0,0,35,43,0,0,0,0,0,0,134,0,0,0,0,0,0,0,0,113,0,43,73,0,0,0,0,0,0,30,0,0,45,13,0,0,0,0,0,0,0,0,42,0,50,0,0,0,0,0,0,0,0,0,0,0,0,0,115,0,0,0,0,0,0,62,171,0,43,0,0,0,0,0,0,50,0,0,0,0,0,0,0,0,0,0,0,0,0,0,0,0,0,0,0,0,0,0,0,0,0,0,0,0,0,0,0,0,0,0,0,0,0,0,0,0,0,72,0,48,0,0,0,0,0,0,0,0,0,0,134,0,37,0,0,60,0,32,0,0,0,74,0,0,0,0,0,0,0,0,0,0,0,0,0,0,0,0,0,101,0,0,0,0,0,0,0,0,0,0,39,0,0,0,0,0,45,0,0,0,126,0,0,0,0,0,55,0,0,0,75,0,0,0,0,0,0,0,0,0,0,0,37,0,0,0,0,0,0,0,0,0,207,39,0,0,84,0,0,41,0,0,0,0,0,34,0,0,0,0,0,0,27,0,0,0,0,0,0,0,0,0,0,0,136,0,0,0,42,0,0,0,0,33,0,0,0,0,0,0,0,0,0,53,0,0,44,0,0,0,0,20,0,0,0,0,0,105,58,0,0,0,0,25,0,0,0,0,0,0,0,0,0,0,0,0,0,0,0,0,0,0,0,0,0,0,107,0,0,0,0,0,0,0,0,0,0,0,0,0,0,0,0,0,0,0,0,0,0,0,0,0,0,0,0,0,0,0,0,0,22,0,0,0,0,0,0,0,0,0,0,0,0,39,0,0,0,0,0,0,0,0,0,0,121,0,0,22,0,0,0,0,0,0,0,0,0,0,0,0,0,0,163,0,0,0,105,0,0,0,0,0,68,0,38,0,0,0,0,40,0,85,0,0,0,43,0,0,0,0,61,0,0,0,0,0,0,0,0,0,0,0,0,0,0,0,0,0,0,0,0,0,0,0,0,0,34,0,0,0,0,0,0,0,0,31,119,0,0,0,0,0,0,0,0,0,0,0,0,0,0,0,0,0,0,95,0,0,0,0,0,0,0,0,0,0,0,0,71,0,0,0,0,0,0,0,0,40,0,0,0,0,0,0,0,0,0,0,0,0,0,0,0,0,0,0,0,0,0,0,0,0,0,0,0,0,21,0,0,0,0,0,0,0,50,0,0,13,0,0,0,0,0,0,108,0,0,0,0,0,0,0,0,0,0,0,0,0,0,0,0,0,0,0,0,0,0,0,0,0,0,0,0,0,0,0,0,0,0,0,0,0,0,0,0,0,0,0,0,0,0,0,0,0,0,0,0,0,0,0,0,0,0,0,0,0,0,0,0,0,0,0,0,0,0,0,0,0,0,0,0,0,0,0,0,0,0,0,0,0,25,0,0,0,0,0,0,0,0,0,0,0,0,0,0,41,55,51,0,0,0,0,0,34,0,41,0,0,0,0,0,0,38,0,0,0,0,0,0,0,0,0,0,0,0,0,0,46,0,0,0,0,0,0,0,0,0,0,51,0,71,0,0,0,0,0,0,0,0,0,0,149,0,0,0,0,0,0,0,0,0,0,0,0,0,0,0,0,73,17,0,0,0,24,0,0,0,0,0,0,0,0,0,58,0,0,0,0,0,0,0,0,0,0,0,0,0,0,0,0,0,0,47,0,0,0,0,0,0,0,0,0,0,0,0,0,0,0,0,0,0,0,34,0,0,0,0,0,0,0,0,0,0,0,0,0,0,0,91,0,0,0,0,0,0,0,0,0,0,0,0,0,23,0,0,0,0
8,0,0,0,0,0,50,0,0,102,0,196,0,0,0,0,130,158,45,0,0,423,0,0,0,224,0,0,22,0,0,0,0,0,0,60,121,0,67,146,0,0,0,0,207,0,0,32,369,0,66,0,0,100,0,111,0,0,0,0,0,30,83,214,0,33,65,0,0,0,178,0,0,0,0,208,61,0,252,0,0,0,36,0,118,0,0,0,64,23,148,0,0,115,79,0,0,0,50,0,0,0,0,75,0,0,0,0,57,29,154,0,51,207,65,53,38,80,40,0,160,0,388,32,0,69,47,0,82,0,128,0,317,25,0,34,270,0,54,0,34,80,44,118,0,0,0,0,0,62,0,0,0,0,145,38,0,59,39,0,81,118,0,50,0,0,0,0,139,73,0,231,0,55,0,48,0,30,254,52,0,171,0,0,0,0,38,321,109,0,0,0,33,45,56,0,75,0,0,68,16,140,57,0,364,0,44,0,0,69,64,0,0,0,47,74,0,0,0,0,93,65,31,0,320,0,0,28,124,0,33,0,0,0,0,0,0,0,107,0,0,18,62,44,84,0,107,0,33,0,73,0,269,0,73,0,65,0,0,16,83,120,63,0,31,0,0,150,115,94,29,0,39,285,49,120,42,0,117,195,48,0,109,85,0,65,0,88,809,30,0,0,259,0,31,37,0,59,52,0,0,0,59,0,0,343,115,200,0,0,30,0,54,0,0,72,36,130,0,42,0,0,0,60,92,48,33,63,35,0,0,0,63,0,114,100,0,26,0,48,0,0,0,99,0,0,0,0,0,612,275,53,0,207,105,0,37,59,72,136,0,0,0,0,0,54,397,49,50,0,135,71,32,0,57,79,98,0,0,69,65,0,0,0,81,481,41,76,0,0,0,0,375,0,99,26,587,0,114,36,0,0,127,0,0,50,73,0,0,0,0,0,101,0,0,0,290,100,65,183,41,45,57,0,96,77,0,0,145,0,0,0,38,0,107,0,0,55,0,40,0,0,172,92,143,107,331,121,0,57,0,0,228,0,0,0,0,52,0,0,63,0,113,172,0,0,21,46,0,45,0,17,323,0,84,0,0,167,115,0,37,0,42,120,76,0,0,74,117,203,108,0,0,172,0,35,129,74,0,0,0,114,20,421,29,75,95,93,0,0,0,35,34,0,0,0,88,36,48,113,71,0,70,178,87,0,51,55,209,0,0,28,0,0,59,62,0,0,0,92,0,81,0,0,0,0,83,0,104,168,52,57,0,77,24,0,0,60,52,57,169,327,0,46,65,246,41,0,0,0,154,129,0,0,0,42,0,311,0,43,58,189,187,0,197,0,365,183,104,0,0,91,0,101,0,0,0,93,36,53,0,39,60,63,65,139,37,179,0,0,0,33,194,383,0,0,84,31,0,33,0,0,0,0,0,0,36,0,0,0,169,0,0,69,0,0,0,0,0,0,0,0,29,0,0,71,0,0,0,95,225,0,0,0,280,0,71,67,0,178,43,0,0,0,0,94,0,66,56,100,126,0,121,0,213,0,36,67,165,0,0,0,133,0,177,0,52,0,134,0,38,0,0,0,0,0,117,0,206,0,0,63,0,41,46,0,31,0,98,106,0,80,50,0,0,0,0,0,117,43,285,0,0,1258,0,53,227,90,0,0,52,0,0,0,31,0,0,0,148,97,0,0,709,156,0,0,0,0,69,0,0,0,0,0,118,0,0,0,0,0,0,82,47,70,0,71,0,42,0,39,16,0,0,0,0,0,0,0,0,19,0,0,65,0,0,0,63,0,37,271,0,0,0,0,0,0,0,0,61,0,74,0,120,88,150,104,120,42,51,0,38,0,33,215,0,303,0,0,0,66,0,0,71,53,0,0,64,61,0,113,67,0,0,58,0,0,44,49,0,0,0,0,270,0,156,0,0,0,0,24,37,0,81,0,0,0,234,105,66,319,0,0,0,139,0,43,62,0,0,0,0,0,0,0,95,0,0,0,0,42,0,0,0,0,26,0,0,0,0,0,0,22,0,0,0,93,227,0,0,0,44,249,0,0,0,0,0,192,198,100,32,0,0,0,0,104,140,63,147,0,0,0,0,53,0,122,0,24,0,45,0,0,0,0,0,64,49,50,57,0,0,0,22,0,0,41,0,36,0,0,103,0,64,133,0,0,48,0,198,33,0,59,80,84,0,81,0,0,50,0,0,0,0,273,52,0,0,150,0,0,81,0,0,0,0,109,338,0,426,26,785,92,0,0,0,0,0,0,0,45,0,0,157,0,0,114,0,75,0,0,50,95,0,73,55,69,329,36,0,71,34,23,0,61,0,0,126,96,37,0,0,78,0,0,51,188,0,122,0,55,198,0,0,58,0,0,156,0,76,0,0,0,73,0,0,0,147,0,95,190,0,215,65,86,41,58,825,76,28,0,46,0,0,84,0,63,57,0,0,51,0,98,0,20,792,0,0,0,49,0,38,144,0,34,0,50,45,0,22,0,88,0,66,0,42,0,0,0,0,63,0,143,78,0,0,69,255,0,0,490,0,186,121,20,33,0,0,0,72,331,0,0,216,340,0,0,0,0,74,0,40,0,72,0,30,0,0,408,73,82,0,0,59,64,230,0,0,0,136,41,0,85,49,118,105,0,186,0,83,0,116,0,0,0,64,0,110,154,0,54,0,31,0,0,29,32,0,0,0,123,0,591,170,0,226,22,0,0,0,0,0,0,0,0,108,0,0,65,0,0,314,0,0,71,28,0,16,38,0,41,0,0,0,33,0,0,0,0,0,97,0,0,0,72,0,44,0,0,0,27,0,0,0,0,89,0,46,0,0,0,0,0,0,0,44,0,42,0,0,0,0,35,0,34,0,24,0,0,0,91,0,71,0,0,0,0,19,0,0,0,0,73,0,0,0,0,0,0,39,0,39,0,0,85,0,0,0,47,0,40,0,100,65,0,0,39,0,0,163,0,0,0,0,0,39,0,0,81,111,0,43,0,0,242,44,56,0,0,49,0,258,0,44,26,0,0,0,69,85,0,0,0,41,0,0,215,0,0,0,82,0,59,0,49,37,0,0,0,29,0,0,0,0,25,0,0,0,626,224,0,176,0,0,0,110,0,0,0,0,143,0,0,85,0,0,228,0,96,0,259,0,280,0,0,159,0,0,0,0,0,0,0,0,0,0,164,61,0,0,108,0,0,91,0,0,89,0,0,106,28,0,0,54,52,61,0,0,116,0,294,123,0,25,78,0,24,56,0,0,140,0,0,134,0,0,0,89,0,65,0,38,0,0,41,75,43,54,60,0,0,0,0,0,0,0,48,0,0,0,86,0,71,0,54,69,0,0,0,0,218,0,0,0,429,33,47,61,0,0,0,0,0,96,0,114,18,20,0,0,56,0,0,0,35,0,41,0,0,44,52,0,0,0,0,58,77,0,66,0,0,0,255,0,0,0,41,73,0,52,29,0,0,0,0,0,65,0,0,0,0,140,0,0,120,154,20,0,130,45,31,0,0,60,222,0,36,0,0,49,0,0,0,81,127,53,0,17,261,0,0,43,0,0,0,23,141,0,0,38,54,0,0,0,96,0,0,272,0,0,48,0,0,46,0,0,0,25,0,191,0,0,0,0,0,34,0,0,81,124,49,0,0,20,26,58,0,55,63,62,41,33,46,295,0,40,43,0,0,80,0,116,219,91,0,32,0,58,0,0,0,68,0,0,48,0,66,146,0,0,0,0,100,0,0,59,46,109,0,0,0,0,0,92,0,51,0,0,303,0,81,0,96,0,72,27,259,0,0,0,0,0,159,49,53,0,0,39,45,0,32,0,134,0,42,0,98,100,0,0,0,0,0,38,0,0,216,0,0,95,0,0,0,150,115,0,32,56,79,51,0,0,0,20,0,34,85,510,0,0,52,0,0,0,0,0,190,0,0,0,0,0,119,0,0,0,48,15,68,0,0,47,0,79,191,74,0,0,0,93,0,334,0,0,0,41,0,137,0,60,40,42,45,22,0,0,0,0,57,0,0,162,26,30,0,0,0,0,0,76,0,669,0,65,45,0,0,0,75,0,0,29,0,0,0,0,51,75,58,0,41,0,47,0,0,61,29,0,0,102,0,0,301,0,28,0,0,50,36,61,0,0,0,0,0,0,0,55,0,0,73,72,0,50,28,0,0,22,0,61,0,0,0,0,0,0,261,0,0,62,0,0,0,0,0,0,0,0,242,0,0,0,0,0,204,0,0,0,0,0,55,55,0,0,0,117,0,90,0,0,0,33,0,29,0,0,0,213,0,10,0,0,0,87,61,0,33,0,0,0,53,0,0,95,0,0,0,27,0,0,164,0,106,0,0,0,214,0,0,299,0,0,0,0,48,57,0,180,20,92,0,0,37,28,0,0,186,0,59,0,58,0,33,0,0,358,0,127,0,37,0,0,68,37,69,43,134,0,0,137,76,66,0,146,167,36,0,0,0,0,0,217,107,414,44,0,94,0,0,0,40,0,0,82,0,177,0,0,80,0,0,0,0,0,88,0,0,126,44,90,50,0,0,58,0,0,0,0,80,82,0,0,0,0,0,0,127,42,0,110,0,90,152,90,0,0,0,0,104,55,152,0,0,0,111,0,0,55,0,0,110,0,95,0,68,0,39,0,54,0,0,158,0,0,0,0,69,91,0,0,571,0,17,0,0,0,0,146,0,0,0,251,0,0,0,0,0,150,0,0,34,0,0,0,134,34,28,0,67,0,82,0,72,0,46,0,36,49,166,27,0,108,87,34,42,0,63,46,0,0,0,0,0,0,0,104,0,72,132,0,0,0,0,37,0,0,0,0,0,48,0,29,0,0,0,0,0,56,0,39,128,0,198,75,0,0,0,0,0,52,0,0,100,105,347,0,0,70,0,161,0,0,0,0,0,0,0,0,0,40,0,77,36,0,0,178,0,0,0,0,0,0,0,0,225,0,0,44,28,150,23,0,56,0,0,0,26,112,0,68,0,0,0,0,0,63,131,0,188,60,0,41,107,76,0,0,96,0,0,0,0,0,42,0,0,0,44,0,0,584,0,0,0,0,65,0,34,101,0,0,0,0,0,0,0,0,0,67,0,0,308,13,32,172,0,60,0,0,0,0,0,0,0,0,0,0,67,87,0,0,0,0,62,0,0,0,0,56,0,0,0,38,0,0,101,0,0,85,78,19,0,84,0,0,0,40,0,0,0,0,0,57,19,66,30,0,187,0,0,53,0,0,49,0,64,52,35,133,0,182,0,58,181,0,0,0,0,0,38,40,101,137,90,0,0,0,71,0,0,0,0,0,0,39,46,115,715,0,0,0,54,0,70,116,0,131,0,73,57,0,0,0,0,227,0,57,0,113,0,0,19,0,43,0,0,0,0,42,37,0,0,0,247,127,0,0,0,0,0,36,38,0,0,32,0,0,891,0,0,292,28,98,0,92,0,126,53,0,213,80,0,0,0,0,0,34,0,157,0,43,0,0,0,0,0,0,324,40,0,0,0,225,0,0,48,0,169,0,0,0,29,61,0,0,84,0,0,0,0,74,0,74,0,95,128,14,23,0,41,0,0,0,56,0,79,77,0,0,0,176,0,0,55,0,0,0,45,0,0,35,0,0,0,0,0,0,0,0,0,0,56,0,0,191,0,0,0,0,0,0,38,0,0,76,97,0,0,0,130,0,0,0,0,37,154,0,0,0,46,0,0,0,0,0,0,43,0,0,0,0,33,74,0,0,0,0,0,0,0,0,48,0,0,0,0,40,45,77,60,0,0,104,0,0,0,0,0,0,0,42,62,29,0,0,0,0,34,0,0,281,55,0,0,63,79,0,0,0,0,50,66,108,0,0,100,42,93,0,170,0,0,65,0,0,0,0,0,87,0,0,0,0,137,0,90,0,0,0,0,0,0,0,0,229,0,0,0,0,0,0,0,0,0,0,84,0,222,0,162,16,120,0,42,184,0,35,21,126,0,0,0,0,45,0,0,0,0,22,0,0,0,215,153,0,0,0,0,0,0,0,0,0,0,0,0,0,55,0,30,0,0,40,0,87,0,0,0,64,0,0,0,0,0,0,0,0,0,200,0,0,0,94,0,0,66,21,28,0,59,0,0,161,50,63,79,48,0,0,0,0,0,39,0,32,0,0,0,52,0,0,0,190,0,60,0,47,30,0,0,46,0,0,325,33,183,0,99,35,0,24,0,0,0,61,230,53,0,77,50,84,0,0,0,106,0,0,0,0,0,0,0,0,183,76,38,35,0,0,69,0,0,0,0,0,237,0,0,0,0,0,0,39,0,48,38,90,27,59,156,107,0,0,105,28,57,0,66,66,0,0,0,0,0,83,0,0,0,37,26,0,0,140,0,0,0,0,46,0,98,0,39,0,55,46,0,581,0,73,49,57,44,36,74,0,113,0,40,0,0,47,0,42,25,0,0,50,61,0,99,133,0,0,31,0,213,0,0,0,93,0,26,0,29,0,41,161,0,117,132,0,40,0,0,0,0,0,0,67,349,0,0,0,111,0,0,71,0,0,0,0,79,21,36,0,68,210,40,0,198,26,110,0,0,0,175,0,0,0,67,0,55,0,0,46,0,86,0,0,0,36,66,179,68,63,0,0,0,0,0,586,0,0,0,40,81,0,57,0,0,0,0,0,0,0,27,0,116,0,0,214,109,51,63,0,61,0,375,0,0,0,0,0,0,0,0,223,0,0,139,92,0,0,0,0,20,26,36,0,0,0,369,0,0,52
9,0,0,0,90,52,97,0,0,133,0,410,46,0,0,158,269,205,43,58,0,318,44,54,116,221,0,42,35,0,53,0,110,0,38,182,167,0,131,128,54,66,70,0,322,0,56,0,532,0,122,41,191,141,0,432,33,0,0,25,0,82,209,245,0,0,0,0,46,0,452,0,66,0,23,179,129,0,562,0,185,0,43,209,187,73,0,26,84,53,513,52,79,203,142,0,44,0,35,50,0,0,0,96,35,0,61,0,58,85,147,72,104,164,38,42,62,179,55,57,154,0,302,0,0,41,59,0,110,0,127,0,306,47,78,0,250,94,80,43,107,78,83,406,0,0,53,24,37,78,0,19,74,33,255,200,0,0,55,139,168,66,0,209,0,84,44,0,193,31,130,214,32,112,0,71,56,55,172,106,42,289,0,57,46,70,0,661,185,0,0,0,85,117,200,0,94,45,23,128,0,92,141,0,300,0,61,52,0,87,59,68,37,63,51,109,31,0,0,27,158,136,42,0,308,0,0,189,289,28,40,0,25,34,0,0,0,113,248,50,0,158,57,87,81,0,121,0,0,0,66,44,260,85,94,30,103,21,0,55,364,202,59,42,54,37,0,333,81,216,43,0,86,301,105,97,46,0,795,178,54,0,85,38,46,99,25,27,823,51,0,0,489,33,25,19,0,76,163,67,67,0,42,79,0,173,242,210,0,49,56,618,142,0,0,48,79,141,36,0,38,0,20,97,265,37,55,215,0,0,455,0,76,38,45,43,0,0,37,40,0,88,0,66,178,0,0,0,49,615,230,0,0,183,549,0,67,121,420,111,38,70,102,0,90,286,535,201,71,0,137,38,92,0,0,195,97,0,0,244,28,0,69,60,0,1136,81,70,103,26,0,0,196,31,62,0,354,63,98,212,0,54,160,0,0,64,37,0,86,0,48,0,32,0,0,0,153,102,141,146,0,179,81,0,181,24,39,0,107,43,0,0,17,0,195,0,0,40,0,196,0,0,247,0,71,63,243,76,56,38,0,0,88,0,86,0,0,56,0,0,107,0,123,76,27,95,0,0,0,0,0,0,275,143,69,47,216,193,61,166,281,0,72,153,96,0,0,44,0,413,98,0,0,89,0,79,240,75,139,48,0,41,52,461,0,51,150,91,48,0,33,0,0,42,41,23,58,0,52,161,0,0,108,120,0,24,0,48,238,0,48,0,0,0,93,115,0,0,0,107,0,116,444,0,0,0,106,0,76,37,322,42,43,56,48,66,0,27,45,0,186,339,0,34,70,226,0,0,0,42,74,230,0,0,0,0,0,213,0,30,28,106,89,0,280,0,107,86,69,21,55,639,0,48,0,31,0,140,0,25,0,0,66,54,96,95,37,66,0,67,0,56,374,443,77,0,113,119,0,106,0,0,0,44,67,0,0,0,0,156,253,0,0,0,0,40,0,112,0,0,0,0,103,0,38,416,31,56,0,159,230,44,0,80,572,0,153,35,52,197,101,59,76,0,0,85,75,50,0,66,212,0,79,0,0,0,76,27,430,0,35,0,115,67,276,0,136,48,33,0,78,40,76,0,115,0,0,0,211,29,57,72,0,123,99,29,0,106,244,65,48,45,344,0,0,0,0,56,207,65,126,163,97,1054,156,222,39,62,0,0,179,152,48,93,102,0,0,59,498,70,240,72,1062,123,0,52,0,0,95,0,0,60,0,38,79,65,0,0,0,0,0,0,23,71,0,122,0,41,0,135,47,128,53,0,0,376,40,0,0,71,85,0,147,0,0,0,105,96,167,654,0,0,44,46,0,92,0,87,0,38,0,0,0,0,173,59,66,139,124,0,87,0,157,0,0,316,0,0,25,66,232,0,412,0,0,0,160,70,0,156,128,0,0,0,0,0,103,14,40,0,0,55,522,27,155,0,0,0,49,38,223,17,76,71,0,0,439,338,111,387,0,43,32,242,71,80,0,0,45,0,0,76,0,39,154,173,0,0,0,0,42,36,118,35,62,47,0,60,0,73,0,118,35,154,156,109,178,0,0,45,115,189,0,60,0,0,54,223,204,273,78,30,107,17,0,415,61,57,75,0,61,185,42,0,0,65,59,0,0,83,24,45,0,0,100,0,111,140,94,0,0,86,0,114,0,0,0,0,70,62,35,0,0,233,0,0,42,29,379,0,67,116,0,101,177,39,0,95,70,193,0,43,0,324,69,0,0,154,0,0,42,139,0,0,0,85,168,0,799,0,1774,234,0,0,0,0,33,24,0,38,0,0,88,0,0,134,0,69,264,72,0,50,0,119,0,118,587,64,0,54,0,0,66,0,69,0,211,45,24,0,0,242,0,0,31,208,0,93,895,0,158,0,118,153,40,17,50,110,22,0,0,0,161,59,119,0,81,78,157,65,0,171,82,35,37,42,325,66,210,0,86,121,46,161,0,0,0,63,0,94,0,0,0,20,0,0,0,0,0,66,28,286,0,56,0,106,29,0,0,24,0,36,229,0,41,26,0,0,0,110,0,214,131,258,0,0,330,31,0,180,106,45,282,65,93,0,45,103,0,58,0,0,180,75,0,0,0,122,67,0,79,0,0,0,0,0,23,116,85,0,0,72,98,219,126,0,0,75,286,102,0,0,106,116,173,84,0,0,129,0,0,0,0,94,240,0,36,326,181,0,0,0,0,0,0,325,418,0,0,248,0,211,221,0,239,56,44,33,0,0,0,85,81,51,49,0,37,90,47,0,198,0,0,68,70,0,76,69,0,79,0,0,0,44,0,0,69,0,0,268,0,0,69,188,0,66,125,0,0,124,0,104,0,0,146,0,0,0,78,0,0,0,43,0,0,0,65,0,0,73,27,0,0,0,38,0,0,0,0,57,50,73,0,0,0,0,0,48,78,35,52,0,0,0,63,61,0,0,0,0,80,55,64,0,0,0,0,34,0,84,0,198,0,0,0,20,59,0,270,0,34,0,63,0,129,0,0,0,160,46,84,0,0,313,12,31,0,0,77,0,72,0,58,45,0,55,0,133,108,0,0,0,67,0,0,0,0,38,0,40,0,149,0,0,117,0,0,26,0,28,37,0,0,121,0,0,0,955,311,35,107,0,58,48,157,62,0,65,0,65,39,0,29,0,0,188,0,113,0,210,0,310,61,0,269,31,0,0,0,0,0,48,26,99,90,329,0,0,35,151,0,0,25,0,0,58,0,42,108,88,0,0,40,127,208,36,54,39,0,204,35,0,0,24,0,0,70,0,0,259,0,0,51,0,0,31,210,0,68,43,0,0,49,138,0,44,151,95,0,41,30,0,0,37,0,0,32,0,51,83,0,122,0,128,26,0,89,0,0,57,0,68,0,0,106,0,0,0,50,28,0,58,164,0,0,69,0,0,0,155,52,53,78,0,0,77,0,0,43,135,48,0,0,57,82,145,0,65,135,0,0,304,0,0,0,103,57,0,117,0,0,0,55,0,0,219,0,146,0,184,151,18,0,162,205,0,0,0,24,59,0,0,91,165,0,45,0,0,48,75,0,28,61,157,82,0,96,1171,0,0,126,47,0,43,254,108,0,69,35,33,144,0,0,131,0,30,249,0,90,65,42,50,160,0,56,0,76,0,143,0,38,0,0,0,0,0,0,183,175,75,0,0,60,77,39,0,230,48,42,0,0,71,128,0,47,0,0,0,62,0,72,295,124,70,43,0,0,55,0,62,0,37,78,284,0,228,94,105,102,0,44,530,43,0,53,75,245,0,81,0,0,0,228,55,65,60,0,440,123,66,0,120,0,83,0,170,0,0,0,160,46,260,120,69,0,25,93,120,0,0,0,139,28,69,48,55,112,0,50,0,73,0,61,0,64,278,0,0,541,42,0,0,121,0,0,42,116,0,0,44,0,0,0,167,61,247,188,14,66,138,0,0,30,0,35,251,0,0,71,0,42,133,0,0,29,386,29,144,0,0,24,0,79,158,231,88,50,46,197,60,425,0,0,0,111,0,301,43,46,68,125,56,0,0,0,0,0,0,0,58,232,130,0,0,0,0,0,0,113,0,260,0,37,55,0,0,0,46,0,145,93,0,106,35,0,51,0,0,0,84,28,37,0,0,0,52,28,0,66,0,0,77,0,97,0,66,0,144,144,0,43,58,64,35,0,0,0,202,66,54,0,0,49,31,0,0,0,0,0,0,0,36,0,107,76,75,49,43,0,37,0,0,0,56,0,60,57,106,57,64,74,0,0,321,68,51,0,97,0,291,80,0,27,48,284,0,0,0,156,0,30,0,0,0,91,0,77,38,0,0,71,0,79,117,147,77,0,0,87,131,0,0,125,0,0,0,0,0,93,75,34,0,46,0,0,363,0,0,0,87,0,0,0,52,44,0,385,0,316,0,0,0,28,0,0,125,51,86,69,0,79,72,42,106,462,171,32,0,0,43,93,160,165,31,72,392,0,0,86,79,123,0,236,0,0,0,0,0,28,106,210,95,51,0,0,31,0,0,0,0,0,0,47,0,0,0,22,163,0,0,0,0,0,50,43,0,66,37,143,57,0,0,136,0,23,0,0,89,204,0,78,0,46,31,0,219,0,125,151,50,57,78,123,0,0,0,0,70,93,49,0,0,0,0,53,23,112,0,0,0,0,42,0,185,0,0,0,104,0,0,0,136,0,0,0,288,0,89,0,412,0,0,0,0,0,0,204,46,65,92,359,0,0,50,0,0,71,40,54,0,0,75,0,53,0,0,92,36,0,70,48,0,0,78,77,156,61,170,95,0,327,104,107,47,90,102,34,39,0,0,0,0,0,78,31,78,160,67,0,0,0,112,31,71,0,0,0,53,99,0,105,141,0,0,0,0,48,41,62,222,228,559,146,0,0,0,0,32,106,47,0,0,102,391,80,181,23,57,142,0,97,0,55,0,0,0,26,39,0,0,325,181,0,49,143,0,32,0,22,54,38,65,0,383,62,29,78,0,154,255,0,139,50,0,84,0,137,57,132,0,0,111,30,0,147,161,42,279,132,26,45,50,102,74,0,221,35,0,151,0,0,97,45,0,0,64,0,0,512,0,197,0,50,63,0,100,125,0,0,0,0,0,0,0,162,0,0,0,33,312,37,47,377,0,55,0,73,85,0,0,0,102,157,52,88,129,122,0,25,36,0,95,67,105,0,0,61,0,0,0,203,0,0,374,11,0,140,78,0,30,60,147,0,53,16,0,42,0,0,0,26,38,0,137,0,359,49,36,32,0,0,113,0,53,77,36,185,0,188,50,68,148,0,82,64,0,109,56,91,110,236,65,41,23,112,121,26,0,0,99,0,36,46,73,0,890,39,0,38,65,0,105,193,59,251,38,169,0,46,0,149,0,362,88,0,0,370,0,0,42,48,0,133,0,0,0,103,100,0,102,0,53,113,0,0,0,49,0,156,47,0,0,0,0,34,330,0,0,556,29,86,0,290,0,103,76,0,119,54,34,0,61,0,0,163,55,338,0,116,99,0,41,58,0,0,401,108,0,0,0,392,0,85,166,279,123,25,0,0,42,44,0,0,393,0,31,97,0,148,175,161,61,177,274,0,0,52,69,0,0,0,153,25,560,413,0,25,0,108,114,45,86,0,0,190,186,62,0,84,25,0,93,0,48,0,69,0,0,88,154,69,40,620,64,0,31,0,0,79,88,0,81,85,169,38,0,0,88,21,78,0,0,143,674,93,0,27,86,56,0,0,54,172,55,72,299,42,119,0,85,177,41,0,0,0,0,28,41,62,110,33,0,0,0,0,0,40,151,0,0,260,0,0,152,0,0,36,114,81,141,65,0,52,0,57,104,52,83,654,0,0,0,357,158,75,68,0,139,87,74,190,33,40,486,0,228,0,340,71,56,138,153,0,77,107,44,149,0,0,77,30,488,0,98,0,0,0,0,166,0,0,62,919,0,0,68,73,20,0,182,0,68,58,65,0,383,31,207,0,172,0,115,234,0,106,43,124,129,48,0,0,73,0,29,189,0,32,39,0,111,106,242,0,99,70,0,82,0,0,95,26,114,55,81,312,147,0,62,0,12,0,0,161,216,0,0,61,0,44,0,72,64,80,0,0,73,33,0,52,0,213,0,0,0,111,0,39,357,0,74,44,0,257,94,0,0,51,0,0,0,77,0,85,35,0,106,66,37,0,0,256,0,181,125,51,87,0,48,165,0,0,85,0,299,0,107,68,26,0,0,0,0,75,374,0,0,169,0,98,0,145,0,151,66,0,0,25,0,0,0,58,139,0,41,85,0,0,87,79,0,0,0,0,130,0,99,0,0,33,39,0,80,33,0,0,0,83,113,0,0,0,33,118,106,46,68,0,34,0,0,167,0,0,0,0,0,46,0,0,0,162,0,0,0,0,0,0,0,43,0,0,98,309,478,589,35,0,0,98,0,0,290,0,140,149,70,0,59,182,134,0,0,36,0,0,58,0,194,36,0,0,0,104,249,0,59,37,182,0,0,33,0,38,0,318,0,311,144,0,262,0,0,127,60,0,72,66,485,0,0,41,216,0,0,41,0,0,116,0,55,30,0,93,55,504,114,0,96,37,301,0,66,0,45,70,0,0,179,36,319,0,32,96,0,156,159,0,0,18,58,208,222,0,11,0,0,0,0,583,50,0,0,0,0,0,0,0,43,0,0,35,110,94,39,0,37,45,0,334,93,63,0,0,70,0,268,0,0,0,0,0,0,0,98,333,0,127,106,0,28,129,0,0,0,0,0,30,0,108,444,29,39,49
10,0,0,0,0,0,53,0,0,0,0,126,0,0,0,124,0,75,0,0,0,254,34,33,101,93,0,32,0,0,0,0,42,0,0,48,0,0,59,90,88,0,0,0,129,0,0,38,337,0,111,0,73,134,0,268,0,0,0,0,0,77,127,283,0,29,0,0,0,0,416,0,38,0,0,220,110,0,169,0,105,0,0,149,72,0,0,0,37,0,316,0,0,121,112,32,0,0,46,0,0,25,0,84,0,0,0,0,50,0,87,63,73,83,21,44,40,70,23,0,0,25,177,16,35,38,29,0,89,0,131,0,217,0,66,0,114,47,40,53,0,53,92,0,0,0,38,0,55,0,0,0,65,0,140,0,0,58,58,93,36,59,0,94,87,0,0,0,0,90,0,95,25,50,0,66,0,0,103,0,0,166,0,0,0,32,22,507,109,0,0,0,39,64,94,0,0,0,0,59,0,62,0,0,217,0,55,36,0,87,0,0,0,72,0,102,0,0,0,27,0,103,18,0,222,0,0,0,110,0,58,0,0,0,22,0,0,42,185,0,0,55,0,0,29,0,0,0,0,0,67,0,178,0,36,22,69,0,0,24,121,116,72,0,0,0,0,175,56,199,0,0,0,176,46,49,0,0,418,92,0,0,22,62,67,38,0,123,941,64,30,26,292,0,0,0,0,76,60,0,46,0,39,34,0,147,0,0,0,61,0,238,58,0,0,0,0,103,69,0,0,0,0,29,115,60,22,121,0,32,158,0,0,0,0,0,0,25,0,39,0,0,0,63,0,0,0,0,76,361,149,99,0,0,187,0,0,69,220,0,0,0,0,27,58,210,66,57,0,0,0,33,36,0,78,104,98,0,0,101,0,0,31,36,44,668,51,58,0,0,0,0,347,0,0,0,360,38,85,84,0,0,159,0,0,62,42,44,0,0,50,0,119,0,0,0,255,56,43,149,0,113,0,0,59,0,0,0,138,0,0,0,43,0,104,0,0,0,0,82,0,0,334,79,104,0,188,83,0,0,0,0,116,0,51,0,0,24,0,0,85,0,179,24,0,0,0,54,0,0,0,0,266,62,0,37,33,148,79,65,112,0,41,56,0,0,0,128,0,76,120,0,0,0,0,0,167,67,95,0,0,73,0,140,46,0,304,0,0,0,0,0,0,0,0,0,158,0,0,84,129,37,83,182,55,0,0,0,0,0,31,0,0,0,73,41,0,0,0,99,0,104,119,0,0,0,0,0,73,132,138,72,0,0,0,34,0,0,0,21,0,214,0,57,53,26,0,0,0,0,0,116,0,0,0,16,0,218,0,0,191,224,93,0,29,0,128,423,65,0,41,293,0,0,0,0,0,45,0,0,0,0,0,0,0,25,0,77,0,0,0,0,99,71,52,0,0,0,0,0,0,0,0,0,0,0,78,0,0,0,55,0,0,0,0,0,0,0,0,0,0,0,59,0,0,170,0,0,29,166,82,0,0,52,79,0,36,0,0,0,94,0,0,0,0,85,0,0,0,0,21,0,0,0,196,0,0,0,188,0,0,0,0,0,77,0,0,0,0,0,117,0,0,0,0,0,146,0,59,0,0,59,0,40,109,0,0,73,57,0,0,244,47,0,0,0,0,0,113,0,106,0,0,383,75,0,0,0,0,0,133,0,0,0,48,0,0,0,132,0,0,0,241,0,0,34,0,0,0,0,0,0,57,0,0,0,0,60,0,0,0,0,0,0,0,39,0,0,0,42,56,0,39,0,0,109,0,0,0,0,36,52,44,0,0,0,0,0,0,228,0,0,0,0,0,0,0,0,0,0,0,62,0,0,279,0,42,0,0,0,0,0,0,124,0,95,0,0,0,0,92,0,153,17,0,0,0,0,0,197,236,0,0,0,23,0,139,0,0,0,0,0,106,0,0,91,0,0,0,0,98,0,62,0,0,0,107,71,47,40,0,0,0,91,0,31,0,0,0,0,0,0,0,0,186,0,0,0,0,0,38,0,70,0,60,0,0,92,0,0,0,0,0,49,0,0,21,0,0,0,56,96,0,0,0,0,0,125,116,150,94,0,42,0,0,268,35,0,39,0,78,129,55,0,0,98,39,0,0,57,0,0,0,0,33,43,27,39,63,0,0,93,0,0,0,0,0,0,52,0,54,0,0,80,0,0,0,0,259,0,0,52,0,36,80,0,0,0,0,171,0,0,0,208,0,0,0,0,0,0,68,169,0,0,0,45,335,0,268,0,346,0,0,0,0,0,0,0,0,0,0,0,0,0,0,142,0,0,89,0,0,0,0,56,0,90,486,70,29,47,0,0,57,0,47,0,0,34,0,0,0,32,0,0,41,142,0,0,169,77,120,0,0,111,52,0,95,68,58,0,28,0,0,75,0,0,101,0,77,151,0,151,48,0,40,71,220,65,31,0,98,0,49,0,0,0,0,37,0,0,0,105,0,0,449,0,0,0,0,0,22,91,0,54,0,0,58,24,0,0,56,0,156,0,0,0,0,0,0,0,52,119,73,130,0,0,0,0,0,171,0,0,198,0,53,0,16,0,0,159,0,0,178,141,0,0,0,66,0,0,0,0,0,0,42,0,47,218,57,28,0,0,79,57,153,0,0,0,101,52,0,54,71,109,164,0,53,0,98,0,0,0,0,61,107,0,0,133,0,0,0,0,0,0,0,44,469,0,0,72,0,219,89,0,157,0,0,0,0,0,0,0,0,0,117,0,0,0,0,0,173,0,0,0,18,0,47,0,0,62,20,0,0,0,0,0,60,0,0,168,0,0,0,251,31,0,108,0,0,33,0,72,0,40,63,0,0,0,0,0,0,0,0,0,39,0,63,0,0,0,0,0,0,36,43,0,0,0,0,63,0,0,0,0,0,0,87,17,47,0,62,0,0,0,82,0,0,0,0,0,0,0,29,49,0,0,118,0,0,36,0,0,0,0,0,31,59,0,89,73,0,0,51,0,0,0,0,73,50,0,100,0,0,184,0,70,0,0,0,0,218,0,0,0,0,45,0,59,96,0,0,0,35,0,0,68,0,53,0,24,0,0,0,0,103,0,0,0,0,27,0,0,0,0,0,0,0,337,186,0,0,0,27,42,0,0,33,89,0,0,0,0,0,44,0,127,0,57,0,194,17,118,0,0,242,0,0,0,44,0,0,0,0,0,88,94,0,48,0,129,0,0,38,0,0,0,0,0,47,100,0,0,0,49,99,0,0,0,0,259,18,0,0,104,55,0,0,0,0,102,0,0,29,0,0,0,71,0,31,0,0,16,0,147,27,0,42,0,0,0,57,0,0,0,0,0,0,0,0,52,0,0,0,39,85,0,116,0,0,49,0,0,0,142,0,33,0,0,0,0,0,51,56,0,0,0,0,0,0,0,0,34,0,29,0,35,0,0,50,127,0,0,39,0,0,81,0,0,0,0,0,88,0,0,0,70,0,0,70,0,0,0,28,0,0,121,0,0,0,0,64,0,0,122,142,0,0,88,44,0,0,0,75,209,0,137,0,0,0,105,0,0,41,0,56,34,20,120,0,0,93,0,0,31,0,0,0,90,93,0,0,0,0,102,0,0,155,0,87,0,0,0,30,0,35,0,50,0,148,0,0,0,0,0,0,0,0,272,175,0,0,0,58,0,0,0,0,0,0,0,0,0,0,0,39,0,0,0,28,0,60,176,83,0,0,0,0,0,20,51,25,0,0,0,0,39,105,64,0,23,0,355,0,0,84,40,149,0,0,0,0,0,172,47,19,0,0,164,0,0,0,69,0,28,33,72,0,0,0,169,0,56,0,54,0,0,115,64,0,42,11,117,0,99,35,40,14,0,29,0,68,0,69,0,0,187,0,0,419,0,0,0,110,56,0,27,0,44,0,0,0,0,0,140,58,0,232,84,56,0,0,0,0,0,0,217,0,0,0,0,0,38,0,0,0,0,0,0,0,0,25,0,47,263,33,42,52,0,93,0,130,0,0,0,38,0,66,0,37,33,0,0,0,0,0,0,0,0,0,0,62,0,30,0,0,0,0,22,0,0,347,0,0,0,0,0,0,38,0,46,44,0,0,0,0,42,0,0,0,61,45,0,0,0,0,59,0,0,71,0,0,159,0,0,32,0,0,0,152,0,0,38,0,0,0,0,0,29,30,22,0,0,0,0,0,0,0,32,0,0,0,0,0,0,0,56,0,0,0,0,0,0,0,0,0,39,0,229,0,50,0,0,0,51,0,0,0,64,0,94,89,0,0,27,0,0,0,0,0,0,39,0,0,0,0,0,45,0,31,0,75,0,23,0,0,87,0,0,0,103,0,0,0,74,0,0,32,0,53,0,0,0,0,0,0,57,0,0,0,0,0,0,0,0,0,0,0,0,0,0,0,0,46,0,0,98,0,157,0,0,0,0,0,36,521,0,24,0,0,0,0,81,0,0,56,306,0,0,0,0,161,0,0,44,0,0,0,0,0,111,70,164,0,0,0,29,0,0,0,0,0,0,0,0,0,0,0,121,0,0,0,0,18,94,31,0,76,23,0,0,0,0,135,0,0,0,0,58,0,0,0,0,0,45,0,0,45,0,0,0,59,65,138,0,0,0,0,44,0,70,0,0,0,26,0,0,27,0,0,0,0,89,0,139,0,0,0,0,0,0,0,90,0,0,0,282,0,0,0,226,0,0,0,0,0,0,242,0,0,0,486,34,0,0,0,0,69,0,0,0,0,80,0,40,76,0,0,110,0,110,0,49,0,65,0,93,72,262,82,0,173,106,55,53,55,120,79,0,0,0,0,0,31,0,107,0,79,167,0,0,0,49,79,0,0,0,0,0,132,0,44,90,0,0,0,0,67,0,0,31,138,167,200,0,0,0,0,36,71,0,0,159,52,487,72,58,47,0,148,0,0,0,37,36,0,0,0,58,0,0,100,134,0,0,83,0,0,0,0,0,0,91,0,266,0,0,36,59,103,117,0,105,0,34,36,0,175,0,45,0,0,37,0,0,0,173,0,0,81,0,34,125,53,30,0,72,0,0,35,0,0,46,0,0,0,44,0,0,789,0,199,0,75,48,0,65,106,0,0,0,0,0,47,42,133,0,106,0,0,327,0,77,197,0,39,0,0,0,0,0,0,57,0,0,0,0,126,0,0,29,0,108,0,66,0,0,82,0,0,0,83,0,0,86,0,0,87,77,17,0,102,36,0,54,37,22,31,0,0,0,0,0,97,105,0,155,154,0,0,0,0,66,0,0,41,0,106,0,134,44,53,155,0,58,114,0,0,89,0,270,188,98,0,0,0,62,0,0,0,0,0,46,43,57,54,468,0,0,0,36,32,0,96,0,166,0,86,0,34,0,0,0,216,204,0,0,204,0,0,46,29,0,82,0,0,0,86,52,43,0,0,357,105,20,0,0,0,31,190,0,0,0,0,0,27,470,0,0,159,0,48,0,206,0,97,65,0,93,0,0,0,0,0,0,53,0,143,34,130,69,0,46,0,0,0,954,0,0,0,0,221,0,101,0,0,0,0,0,0,45,52,0,0,133,0,34,58,32,0,90,27,39,110,142,0,0,0,44,0,0,0,26,0,110,202,0,0,0,71,29,21,0,0,35,126,216,76,0,57,0,0,0,0,72,0,0,0,0,100,0,0,0,389,0,0,0,0,0,0,25,0,30,77,0,0,0,0,80,32,31,0,0,96,35,67,0,0,54,0,0,0,0,0,0,0,63,33,0,0,0,0,0,0,0,0,0,0,0,138,85,0,0,0,0,0,20,0,49,0,0,242,0,0,0,0,32,31,0,66,52,0,0,0,0,0,24,0,0,92,71,0,0,111,94,119,32,0,117,81,45,121,0,0,0,31,186,0,175,77,0,69,106,0,0,0,0,113,41,0,42,0,332,0,105,0,0,37,0,107,0,61,59,186,0,0,43,38,34,0,152,0,59,94,0,0,354,0,172,0,0,0,43,188,0,38,66,134,60,52,0,0,0,41,28,0,0,0,0,0,34,132,220,0,0,0,0,103,0,0,41,0,0,37,0,47,38,0,0,0,0,0,0,0,230,0,41,61,0,0,0,0,45,62,0,0,0,0,0,0,0,0,0,0,26,94,0,31,130,0,49,0,0,73,56,0,0,18,0,0,0,115,0,24,52,0,38,35,0,0,0,178,0,0,0,0,0,30,112,75,0,0,166,0,203,0,0,0,0,0,0,0,0,0,0,0,0,0,37,51,0,39,0,0,0,0,0,0,0,0,0,22,56,0,0,0,0,0,15,28,0,0,49,0,101,38,0,0,0,0,0,0,0,39,0,0,0,64,61,103,0,0,0,0,43,0,29,25,0,0,0,57,0,77,0,29,0,67,0,0,0,0,0,0,0,0,0,0,0,0,0,0,36,117,103,1217,0,74,0,0,65,0,89,0,0,0,0,0,0,0,50,0,42,0,0,0,0,0,54,0,0,43,0,0,66,0,53,20,82,0,0,0,0,31,0,68,0,547,67,0,111,0,0,0,0,0,0,0,254,0,0,25,57,0,0,0,0,0,0,0,0,0,0,38,31,140,0,0,112,0,107,0,0,0,0,43,0,0,0,0,36,0,0,42,0,111,0,0,0,0,0,94,86,0,0,0,31,0,0,169,91,0,0,0,32,0,0,0,21,0,0,0,50,0,0,0,0,0,0,327,0,0,51,34,41,0,217,0,0,0,0,0,0,0,0,196,0,0,0,49,0,60,21,0,0,0,0,0,0,54,161,0,0,0
11,0,0,0,71,53,45,0,0,78,0,0,0,0,0,139,247,158,0,56,0,197,0,52,0,151,0,0,40,0,0,0,29,0,39,202,170,0,0,164,215,37,66,0,148,0,62,0,321,0,237,0,156,78,32,133,0,0,0,30,0,75,48,187,0,70,42,46,0,0,193,0,0,0,0,271,68,0,238,0,69,0,0,60,77,45,34,0,0,0,131,72,41,0,100,0,0,0,0,50,0,0,40,105,0,0,38,58,97,88,118,0,0,142,53,94,24,0,0,0,87,0,274,0,0,0,0,0,58,47,230,0,338,0,0,0,136,68,62,62,103,0,51,404,0,32,42,0,83,49,0,0,39,0,39,118,0,0,0,136,116,33,0,69,59,86,53,47,174,109,155,130,0,0,0,30,0,50,135,0,0,102,0,0,0,0,24,196,183,0,0,0,97,37,102,0,68,0,0,0,54,45,183,0,60,46,0,0,0,79,45,94,71,25,37,112,0,51,0,0,89,140,38,0,336,0,0,97,401,0,97,0,0,0,0,0,0,97,258,34,0,51,0,0,45,0,59,0,0,0,43,39,355,44,79,40,0,0,0,72,408,115,78,0,52,0,0,291,0,239,0,0,211,277,0,73,0,0,944,397,48,0,0,91,96,0,42,178,1424,85,55,0,107,0,0,34,0,73,0,77,0,0,93,29,0,141,304,193,50,74,37,352,150,0,0,0,31,153,63,0,40,33,0,0,226,74,34,179,0,0,243,0,32,41,181,0,0,25,0,0,24,112,0,0,75,0,23,0,46,354,106,47,0,100,563,0,0,125,449,122,99,45,42,0,72,307,450,213,0,37,68,0,90,42,49,216,106,0,0,207,48,0,54,0,33,498,42,0,49,0,0,0,156,0,50,0,271,77,63,244,0,53,205,0,36,73,0,67,63,0,155,0,79,0,0,0,254,53,191,212,0,193,72,0,90,67,69,60,104,0,14,0,59,0,161,0,0,106,0,190,0,0,279,64,83,202,54,65,0,0,23,0,39,0,0,0,31,0,0,0,57,34,61,88,0,47,0,0,0,0,30,0,0,84,46,0,103,289,140,82,135,0,0,187,95,0,0,76,69,241,93,36,0,127,39,46,192,66,161,0,0,130,42,740,90,175,198,55,20,0,72,0,0,26,53,0,130,0,67,104,68,51,58,258,129,0,40,0,342,0,0,0,0,0,165,37,0,0,0,126,0,86,222,0,0,0,117,39,0,204,116,100,26,71,44,0,0,0,0,0,235,497,0,49,66,150,33,0,0,0,120,134,0,0,0,0,0,99,0,0,77,194,0,0,395,0,0,160,0,0,67,139,0,39,0,0,0,75,0,53,0,47,0,81,41,106,101,140,61,0,0,0,118,55,169,0,84,123,0,0,0,31,0,0,69,0,59,51,0,48,147,0,0,0,0,34,60,99,0,0,0,0,236,0,0,384,0,98,30,284,166,39,0,178,795,0,31,82,0,114,75,83,64,0,0,251,107,90,19,107,262,33,153,0,246,69,69,40,117,37,18,21,51,76,95,50,0,0,128,0,108,0,83,0,0,70,180,0,437,0,0,104,0,93,89,73,0,0,67,71,0,164,164,0,0,0,0,47,217,57,265,40,37,590,334,186,74,93,0,0,0,82,32,0,180,0,0,38,377,76,60,51,510,156,0,130,0,0,108,0,0,106,0,21,76,0,0,31,0,18,0,110,33,0,0,61,0,107,0,157,163,66,103,42,0,292,40,0,0,52,150,35,108,41,25,0,92,159,0,219,0,0,34,0,0,0,0,0,82,65,110,28,0,46,201,88,215,0,93,0,0,0,230,213,57,209,0,38,68,55,120,0,205,38,44,0,0,41,0,167,141,0,0,48,0,0,73,90,0,0,0,0,288,0,255,56,0,75,82,0,136,0,190,0,0,0,497,241,43,201,33,67,0,197,28,56,0,0,0,0,24,0,0,0,346,65,0,0,0,39,59,132,256,0,60,140,0,158,0,24,0,189,0,46,79,132,397,43,0,33,31,65,0,36,0,0,0,76,110,138,79,0,0,22,0,354,57,61,100,0,34,0,41,0,16,60,59,0,20,59,0,0,21,0,0,0,32,62,79,0,0,51,0,18,0,47,0,50,0,52,64,0,0,42,34,0,0,0,440,0,0,0,48,0,141,36,0,89,60,257,0,0,0,0,69,0,0,537,0,0,47,71,0,0,136,92,374,0,175,0,286,29,34,0,0,0,0,0,0,54,78,0,132,0,0,0,102,68,343,58,0,39,0,0,0,48,369,189,60,0,0,0,13,0,0,0,138,45,0,0,0,0,33,0,28,161,0,90,910,65,0,28,93,49,0,0,59,81,55,0,54,0,0,58,329,0,71,128,95,84,0,217,65,0,0,262,262,143,183,0,33,45,0,120,0,0,0,41,0,21,0,81,0,0,240,0,0,0,0,0,38,70,30,61,26,0,51,0,0,0,52,0,75,0,20,50,69,0,0,64,0,73,0,264,0,37,377,0,0,242,30,94,70,74,36,0,0,89,47,164,0,0,31,589,0,0,0,69,83,0,42,0,42,0,32,0,0,201,0,62,27,68,0,45,108,0,0,33,233,0,0,61,135,74,196,68,75,0,108,62,61,0,0,57,121,0,43,98,111,0,45,0,0,0,33,217,339,0,31,0,0,329,45,0,174,37,0,0,0,50,0,42,24,56,180,0,0,59,0,0,251,0,40,74,89,56,0,61,0,143,95,0,0,81,31,0,0,0,0,128,0,0,0,182,96,61,0,0,0,48,60,157,0,74,86,0,0,0,71,0,0,38,32,0,63,0,109,0,0,98,0,36,110,38,119,0,0,53,0,154,203,91,0,0,0,43,170,0,48,34,102,77,0,0,46,61,0,32,0,0,101,82,0,132,0,0,32,53,0,119,0,153,37,0,40,50,0,47,96,128,0,0,155,26,184,0,0,331,198,52,185,0,16,991,46,55,0,40,41,55,469,9,36,86,0,106,0,137,81,0,0,28,89,0,53,153,0,0,0,68,0,58,0,83,135,35,0,0,0,59,46,0,0,54,0,0,0,1133,367,0,375,26,0,136,108,0,0,50,0,134,19,0,75,60,19,443,0,90,67,351,0,388,155,0,148,0,0,0,0,0,162,67,58,80,76,211,50,200,0,242,0,77,226,0,0,90,67,31,89,42,0,58,69,35,38,35,72,95,0,427,177,75,58,36,0,0,129,29,0,145,0,0,76,0,37,0,199,0,41,152,84,0,16,188,54,44,50,131,0,100,126,0,0,0,34,49,0,0,81,87,0,125,83,0,190,0,52,0,25,245,67,80,0,380,127,119,46,0,78,35,0,0,88,58,95,339,0,0,63,145,0,47,57,0,0,52,0,0,94,0,0,0,76,43,52,215,0,0,50,0,34,181,0,0,0,43,112,0,124,97,35,0,50,0,0,100,0,120,0,0,239,0,0,147,215,0,0,131,59,108,0,0,88,282,0,126,0,33,65,122,0,34,70,254,0,0,116,105,0,0,162,0,0,70,106,81,0,58,41,42,0,0,0,161,0,0,547,0,64,75,27,0,58,0,42,0,79,0,114,0,0,0,0,0,83,0,0,196,285,59,0,57,99,0,140,0,25,76,44,49,0,0,568,31,0,32,0,36,61,0,122,114,58,77,73,34,94,50,0,96,60,70,0,0,27,0,149,88,27,31,69,290,0,27,0,0,174,0,0,0,0,0,92,62,37,0,0,191,45,137,29,0,0,114,0,435,0,0,0,245,0,286,32,81,0,0,78,103,0,75,0,218,0,79,50,144,105,0,0,0,37,20,40,0,61,265,0,0,432,0,0,0,104,91,0,0,84,41,39,24,0,34,0,112,70,198,150,87,119,0,0,0,103,0,71,48,0,0,0,0,0,195,0,0,0,151,0,150,0,0,27,0,270,158,32,0,55,37,185,36,574,0,0,0,51,0,238,0,0,95,89,0,0,54,0,0,0,0,28,0,393,54,0,0,0,0,0,0,149,0,549,0,100,106,0,0,0,0,0,199,0,0,73,0,0,79,73,90,0,126,34,0,49,0,69,0,52,0,49,0,0,397,0,48,0,83,75,191,110,36,157,0,39,29,0,0,143,169,0,53,183,0,38,56,0,0,0,29,0,49,0,55,66,68,71,211,55,0,43,74,0,0,0,87,0,46,96,249,33,40,0,30,0,571,62,74,0,190,0,211,63,0,0,26,295,132,0,0,71,0,49,26,0,0,36,102,152,0,0,0,57,0,0,115,110,34,0,0,67,236,8,0,91,52,24,0,39,0,177,254,41,89,88,0,0,338,0,23,340,78,0,0,30,75,52,0,417,130,119,0,63,0,25,0,13,0,36,73,0,0,0,111,0,64,45,88,101,0,0,63,81,138,37,64,39,276,0,0,204,51,49,0,221,180,55,0,0,0,0,147,129,127,290,0,0,65,0,0,0,119,0,0,136,0,186,0,0,127,0,0,0,0,57,63,38,0,74,61,147,77,0,0,93,0,0,0,0,169,326,0,27,0,62,34,0,133,34,92,201,48,0,0,0,0,0,0,43,155,96,130,0,0,0,120,108,47,44,0,0,93,0,115,0,90,0,0,0,80,0,0,104,79,0,0,66,140,39,65,0,415,0,0,0,0,0,0,119,67,71,0,374,28,0,0,0,0,115,52,49,35,46,0,0,0,34,0,205,329,58,0,0,0,0,0,54,98,32,132,0,24,608,0,218,0,0,0,0,0,0,0,0,0,53,67,0,100,144,0,34,40,0,164,232,65,0,46,0,77,96,83,105,0,0,0,43,0,0,90,41,310,130,278,43,0,0,0,0,59,60,34,0,0,121,160,0,83,121,87,135,0,83,0,0,0,0,50,0,31,53,0,519,196,0,35,69,0,51,0,0,0,0,173,0,172,39,57,0,0,266,0,0,83,121,0,64,0,52,0,54,23,0,72,0,0,82,0,49,72,0,0,55,0,0,0,0,0,130,0,159,0,0,242,132,54,30,66,0,0,307,0,116,43,24,0,52,71,160,0,0,43,0,24,21,94,0,0,0,0,58,211,66,0,203,70,0,0,0,0,0,0,0,0,115,196,0,160,69,0,0,0,0,65,73,91,0,0,0,0,0,0,140,0,36,235,0,0,112,102,0,78,0,202,31,30,144,87,0,0,0,0,113,0,0,220,0,46,444,0,0,0,0,299,0,62,111,0,54,52,157,0,0,136,0,139,37,0,69,0,256,122,108,80,0,0,171,0,45,0,0,146,0,0,30,187,0,693,66,0,57,0,0,111,216,0,81,64,0,0,0,0,94,0,125,635,89,0,180,0,0,92,0,48,0,36,0,0,0,0,73,65,0,97,88,0,0,0,51,0,0,0,0,0,0,0,0,1312,0,0,201,0,51,0,53,38,39,20,0,223,39,0,0,169,0,0,90,0,181,61,0,33,40,0,0,0,0,0,0,0,0,0,85,0,132,49,87,111,0,0,21,0,124,0,0,184,0,0,34,45,100,73,149,143,0,112,0,30,0,31,0,56,36,86,0,501,148,0,0,40,155,99,0,84,109,22,137,71,41,0,0,47,19,0,0,58,57,31,0,33,115,0,0,31,101,0,0,121,23,0,0,227,0,42,23,207,0,52,0,117,0,36,0,19,121,284,103,0,0,137,0,0,0,62,194,0,0,88,23,0,37,33,318,0,0,0,0,62,38,0,0,0,0,55,58,0,0,107,79,61,27,34,158,0,0,0,0,0,41,0,259,89,114,0,72,0,0,33,62,83,186,0,0,0,259,31,100,0,0,88,44,0,0,0,29,232,0,389,57,41,114,164,63,232,0,0,0,0,61,0,55,0,0,398,66,0,0,27,26,0,229,0,0,0,449,0,42,239,52,85,0,175,0,84,190,0,78,495,30,258,50,326,28,0,91,0,85,89,25,38,67,0,0,94,89,0,75,67,0,82,0,141,130,68,0,37,48,0,109,0,0,43,0,0,42,29,155,223,34,64,0,0,46,0,0,267,66,35,0,0,0,0,50,119,146,0,0,32,90,0,0,0,108,0,0,51,22,0,0,0,0,41,152,0,80,105,0,0,0,0,0,0,258,0,0,0,0,53,71,0,0,0,157,0,88,0,72,0,52,0,0,0,0,466,85,428,0,0,77,0,0,0,0,40,0,213,117,0,109,84,100,0,31,0,0,72,0,30,0,45,0,0,0,106,156,0,0,39,0,47,102,0,0,0,0,300,0,30,0,0,0,58,44,58,97,0,118,0,0,59,313,0,0,380,0,0,0,0,0,0,0,0,113,0,96,0,44,0,0,56,0,0,43,0,0,0,40,64,0,120,18,0,0,0,87,87,320,0,113,0,71,134,0,54,0,0,33,54,26,0,38,129,98,58,0,0,53,49,0,212,116,0,75,0,59,74,18,88,0,184,0,0,0,34,0,67,164,0,539,44,0,278,0,0,51,34,0,0,0,410,0,26,0,135,0,0,81,41,0,0,0,79,19,104,99,70,101,0,0,277,0,201,0,88,0,200,0,0,0,77,0,89,0,0,0,0,73,101,0,0,139,0,184,189,75,0,27,0,0,0,465,92,0,0,0,119,0,92,0,0,0,0,0,0,28,0,0,148,0,0,54,0,0,112,0,0,0,280,0,0,0,0,0,0,0,0,174,0,0,47,231,0,0,0,0,0,37,75,29,0,0,410,0,0,0
12,0,0,0,0,0,0,0,0,0,0,0,0,0,0,102,60,0,0,0,0,0,0,0,0,0,0,0,38,0,0,0,0,0,0,59,0,0,0,39,0,0,0,0,49,0,0,0,0,0,38,0,0,0,0,0,0,0,0,0,0,0,0,84,0,0,0,0,0,0,38,0,0,0,0,0,0,0,0,0,0,0,0,37,97,0,0,0,0,0,0,0,0,0,0,0,0,0,0,0,0,0,0,42,0,0,0,0,0,36,62,0,0,0,0,0,0,76,0,0,78,0,39,0,0,0,0,0,0,0,0,0,0,0,0,0,0,0,0,0,0,0,66,114,0,0,0,0,0,31,0,0,47,0,0,0,0,0,0,111,39,0,0,0,0,0,0,0,0,101,27,30,0,0,0,0,0,0,0,0,0,89,0,0,0,0,0,44,0,0,0,0,37,0,52,0,0,0,0,0,0,0,0,0,130,0,0,0,0,21,46,0,0,0,0,0,0,0,0,0,0,0,0,0,0,0,0,0,124,0,0,0,0,0,0,0,0,0,33,0,0,0,0,0,0,0,89,0,0,0,0,0,0,0,0,0,0,0,0,30,61,0,0,0,0,0,0,57,0,0,0,0,23,0,0,0,0,0,172,0,0,0,0,0,0,0,0,161,97,58,0,0,0,0,0,0,0,13,0,0,0,0,0,0,0,0,60,0,0,0,0,80,0,0,0,0,0,63,0,0,0,0,0,0,101,0,0,42,0,0,54,0,0,0,26,0,0,0,0,0,0,0,0,0,0,0,0,0,0,60,31,43,0,0,113,0,0,0,29,122,0,0,0,0,0,27,0,33,0,0,22,0,0,0,0,40,0,0,0,65,0,0,0,0,0,302,0,0,0,0,0,0,36,0,0,0,299,0,0,134,0,0,60,0,0,0,0,0,0,0,18,0,0,0,0,0,89,0,0,76,0,0,21,0,54,0,0,0,0,0,0,0,0,0,38,0,0,0,0,0,0,0,146,0,0,29,70,23,0,0,0,0,87,0,24,0,0,0,0,0,0,0,0,0,0,0,0,0,0,0,0,0,133,0,0,0,0,53,0,0,33,0,0,29,0,0,0,0,86,0,0,0,0,26,0,0,87,0,86,0,0,0,0,47,0,21,33,0,0,0,15,0,0,0,0,0,68,0,0,63,39,0,0,79,0,0,0,0,56,0,0,0,0,0,0,0,0,0,0,0,0,0,0,0,0,0,0,0,31,0,22,0,0,0,0,0,0,0,0,0,32,0,0,0,15,0,45,0,0,0,0,35,0,0,0,0,0,106,0,0,0,42,73,0,16,0,158,119,33,0,0,107,0,0,0,0,0,0,0,0,0,0,0,0,0,0,0,31,0,0,0,0,122,200,0,0,0,0,0,0,0,0,0,0,0,0,0,0,0,0,24,0,0,0,0,0,29,0,0,0,0,0,0,0,0,116,0,0,0,0,63,0,0,18,57,0,0,0,0,0,40,0,0,0,0,0,0,0,0,0,0,0,0,0,63,0,0,0,99,0,0,0,0,0,0,0,0,0,0,0,0,0,0,0,0,0,48,0,0,0,0,0,0,0,55,0,0,0,0,0,0,168,0,0,0,0,0,0,0,0,0,0,0,49,0,46,0,0,0,0,79,0,0,0,0,0,0,0,159,0,0,0,52,33,0,0,0,0,0,0,0,0,0,0,0,0,0,30,0,0,0,0,0,0,0,0,0,0,0,0,0,0,0,0,0,122,0,0,0,0,0,0,0,0,0,0,0,0,16,64,0,0,0,0,0,0,0,0,0,0,0,0,0,0,185,0,0,0,0,0,0,0,0,66,0,84,0,0,0,0,0,0,0,0,0,0,0,0,0,86,171,0,22,0,0,0,0,0,0,0,0,0,0,0,0,0,0,0,0,0,0,0,0,0,0,0,53,106,0,0,0,0,0,0,0,0,0,0,0,0,0,0,0,0,48,0,0,0,0,0,0,0,41,0,0,0,0,0,0,0,0,0,0,0,0,0,0,0,0,0,0,49,0,0,0,0,0,0,0,119,33,0,0,0,0,147,0,0,0,0,0,0,0,0,0,0,0,0,0,0,0,0,0,0,0,0,0,0,0,0,0,0,0,0,0,0,0,0,0,0,0,0,48,0,0,0,0,0,43,0,0,0,0,0,0,51,0,0,0,0,0,0,0,61,0,0,0,86,0,0,0,69,0,0,0,0,131,0,40,0,279,0,0,0,0,0,0,0,0,38,0,0,31,0,0,0,0,0,0,0,0,0,0,39,0,0,120,61,0,0,0,0,19,0,0,0,93,0,0,0,0,0,0,0,0,0,0,60,51,0,0,0,0,0,0,0,89,0,0,0,0,0,0,0,41,0,0,0,30,0,0,0,0,0,25,79,85,0,0,0,0,49,0,50,0,0,0,33,0,0,0,0,0,0,72,0,0,0,0,0,0,22,0,22,0,0,0,0,0,0,0,0,0,0,0,0,0,0,0,0,0,18,23,0,0,0,234,0,0,0,0,0,0,0,0,0,0,15,0,0,0,0,37,0,0,0,0,0,51,0,0,0,0,0,0,0,0,34,0,0,0,0,41,0,0,0,0,0,0,0,0,0,91,121,0,0,0,0,40,0,20,0,0,0,0,0,0,0,0,0,0,0,0,0,0,48,0,0,0,0,0,57,0,0,54,0,0,0,0,0,0,28,0,0,0,0,0,0,0,0,0,0,0,0,0,0,0,0,0,0,0,0,0,0,0,0,0,0,0,71,0,0,0,0,0,0,0,0,0,42,0,0,0,0,0,0,0,0,0,0,0,0,0,0,0,0,0,0,0,0,0,0,0,0,23,0,0,0,0,0,0,0,0,0,0,0,0,0,0,0,0,0,0,0,20,0,0,0,0,0,17,0,0,0,0,0,0,0,0,0,0,0,0,0,0,0,0,0,0,36,0,0,0,0,60,0,0,105,0,0,0,0,0,0,0,0,0,0,0,0,35,0,0,0,0,0,0,23,0,0,0,0,0,0,0,39,0,0,0,0,0,39,0,0,0,0,0,0,0,0,0,0,0,0,0,0,0,91,0,0,0,0,0,30,0,0,0,35,0,0,0,0,0,0,0,14,0,0,0,0,0,38,0,0,95,0,0,0,0,0,0,26,0,0,0,0,0,0,0,0,0,0,0,0,0,0,0,0,0,0,0,0,0,0,70,0,0,0,0,0,0,0,0,0,0,0,0,0,0,0,0,0,0,0,0,0,20,0,0,0,0,0,0,0,0,0,0,57,0,0,41,0,0,0,0,0,0,0,0,0,0,0,0,0,0,0,0,0,0,0,0,0,0,0,0,0,0,0,0,0,0,0,0,0,0,67,0,0,0,0,0,0,0,0,0,0,0,0,0,0,0,0,0,0,0,31,0,0,0,0,0,68,0,0,0,0,0,0,0,0,0,0,0,0,0,0,0,0,0,0,0,0,0,56,0,0,0,0,0,0,0,0,0,0,0,0,0,0,0,0,0,0,0,0,0,0,0,0,0,0,0,0,0,0,0,48,0,0,0,0,0,0,0,81,0,0,0,0,0,0,0,0,0,0,0,0,0,0,137,0,0,0,0,0,0,0,0,92,0,0,0,0,0,0,0,0,0,0,0,0,0,0,51,0,0,0,0,0,0,0,0,0,0,0,0,0,34,0,0,0,0,0,0,0,0,0,0,0,0,0,0,0,0,0,0,0,0,0,0,0,0,0,0,0,0,0,0,77,0,0,0,0,0,0,0,0,0,0,0,0,0,120,0,0,0,0,52,0,0,0,0,0,0,36,0,0,0,0,0,0,0,0,0,0,0,114,0,0,66,0,0,0,33,25,0,0,0,0,0,0,0,0,0,0,0,0,217,0,0,0,0,0,0,0,0,57,0,0,0,0,0,0,0,0,0,0,0,0,0,0,0,0,0,46,0,0,0,0,0,0,68,0,0,0,0,0,55,0,50,0,0,0,0,0,0,0,0,27,0,0,0,0,0,0,0,0,0,0,0,0,121,0,0,0,0,0,0,0,0,0,0,0,0,0,0,0,0,30,0,0,0,0,0,0,0,0,0,0,0,0,0,61,0,0,0,0,0,0,36,0,0,0,0,0,0,0,0,0,0,0,0,0,0,0,0,0,0,0,0,0,0,0,0,0,0,0,0,0,0,0,0,0,0,0,0,0,0,67,0,0,0,0,0,0,0,0,0,0,0,49,0,0,0,0,0,0,0,0,0,0,0,0,0,0,0,0,97,0,0,0,0,0,0,44,0,0,0,0,0,25,0,0,35,0,0,0,0,0,0,0,0,0,0,0,0,101,0,0,154,0,0,0,0,0,0,0,0,0,0,0,0,0,0,0,0,0,0,0,0,0,0,0,0,0,0,0,0,0,0,0,0,0,19,0,0,103,0,0,35,0,0,0,0,0,0,0,0,0,0,23,0,0,0,0,0,0,0,0,0,0,0,0,0,0,0,0,0,85,0,0,0,0,0,0,0,0,0,0,65,0,0,0,0,0,0,0,0,55,98,0,0,0,0,0,0,49,0,0,123,0,0,0,0,0,0,0,0,0,0,0,0,0,0,0,0,0,25,0,0,62,0,36,0,0,0,0,0,0,0,0,0,72,0,0,0,0,35,0,0,0,0,0,0,0,0,0,35,0,0,0,29,0,0,0,0,0,46,0,0,0,0,0,0,0,0,0,31,0,0,40,0,0,0,0,0,0,0,0,0,0,0,0,0,0,0,0,0,0,0,0,0,0,0,0,0,0,73,0,0,0,0,0,0,0,0,0,0,18,0,0,0,45,0,0,0,0,0,0,0,0,0,0,36,0,0,0,0,0,0,0,0,0,0,318,0,0,0,0,0,0,0,0,0,0,0,0,0,0,0,0,0,101,0,0,0,0,0,0,0,0,0,0,0,0,0,0,0,0,55,0,0,0,0,0,0,0,0,0,0,0,0,0,0,0,0,74,0,0,0,0,0,0,0,0,0,0,0,0,0,0,0,0,0,0,0,0,0,0,196,0,34,0,0,31,0,0,0,0,0,0,0,0,0,0,0,0,35,0,0,0,0,0,0,0,0,0,0,0,0,0,0,0,27,0,0,87,0,0,0,0,0,39,0,0,0,0,0,0,0,0,0,0,0,0,0,0,0,0,0,0,61,0,0,0,0,0,0,0,0,0,0,0,0,0,0,25,0,0,0,0,0,0,0,0,0,0,36,0,0,0,37,0,0,0,0,0,0,0,0,0,0,0,0,0,0,0,0,0,0,0,0,0,0,0,0,135,0,0,0,0,0,0,0,0,0,0,0,0,0,0,29,0,0,0,0,0,0,0,0,0,0,0,0,0,0,0,0,0,0,0,0,0,0,0,0,0,0,0,0,0,0,0,0,0,0,112,0,0,0,0,0,0,46,0,0,0,0,0,0,0,0,0,0,0,0,0,0,0,0,0,0,0,0,0,0,103,0,0,0,0,27,0,39,0,0,0,0,0,0,0,0,0,0,54,0,0,0,0,77,0,0,0,44,0,0,0,0,0,0,0,0,29,0,189,0,0,0,0,0,0,0,0,0,0,0,33,0,0,0,0,0,0,0,0,0,0,0,0,0,0,0,0,66,0,0,0,0,0,0,0,0,0,0,0,0,0,0,0,0,0,0,0,0,227,0,0,0,0,0,0,0,0,0,0,0,0,0,0,0,0,0,0,0,0,0,0,0,0,0,0,0,0,0,0,0,0,0,0,0,0,0,0,0,0,0,0,0,0,26,0,0,0,0,0,0,0,0,0,0,0,0,0,47,0,0,0,0,0,0,0,0,0,0,126,0,0,0,0,0,0,0,67,0,0,0,0,0,0,0,0,0,0,0,0,0,0,0,0,44,0,0,0,113,0,0,0,0,0,0,0,0,0,0,0,0,0,0,0,0,0,0,0,0,0,0,0,0,0,0,0,0,0,0,0,0,0,0,0,0,0,0,39,0,0,0,0,0,0,0,0,0,0,0,0,42,0,0,0,0,0,0,0,0,34,0,0,0,0,0,0,0,0,36,0,0,0,0,0,0,0,45,0,0,0,43,0,0,112,0,0,0,0,0,0,0,0,0,0,0,0,104,0,0,0,0,0,0,0,0,0,108,0,0,0,0,0,0,0,83,0,0,0,0,138,0,23,0,0,0,0,0,9,0,202,0,0,0,0,0,0,0,0,0,0,0,0,0,0,0,0,0,63,0,0,0,0,0,65,14,0,0,0,0,59,0,0,0,0,0,0,0,0,0,0,25,0,47,72,0,0,0,23,0,0,0,0,0,0,0,0,74,0,0,0,0,0,0,0,0,0,0,0,0,0,0,0,0,0,0,0,0,22,99,99,85,0,0,0,40,0,0,99,0,0,0,51,0,41,0,0,0,0,0,0,0,23,0,0,0,0,0,0,66,83,0,0,0,50,0,0,0,0,0,0,90,0,46,73,0,110,0,0,0,0,0,61,0,128,0,0,0,77,0,0,0,0,0,0,0,76,0,0,0,50,167,0,0,0,0,104,0,0,0,0,0,0,0,0,0,0,0,0,0,0,60,77,0,0,0,0,0,58,0,0,0,0,0,0,275,0,0,0,0,0,0,0,0,0,0,0,36,54,0,0,0,0,0,0,173,0,0,0,0,43,0,0,0,0,0,0,0,0,0,0,92,0,0,46,0,0,0,0,0,0,0,0,0,0,0,0,0,0,0
13,0,0,0,0,28,94,0,0,109,0,144,0,0,0,121,0,0,0,0,0,171,52,36,24,0,0,0,0,0,0,0,26,0,0,114,44,0,67,60,0,52,0,0,129,0,30,0,302,0,77,0,0,155,0,157,0,0,0,0,0,0,93,103,0,36,21,0,0,0,405,0,0,0,0,176,100,0,472,0,0,0,0,141,59,48,0,0,47,0,165,0,0,81,61,0,0,0,0,0,0,0,0,58,0,0,49,0,0,35,69,0,73,0,0,21,0,79,44,0,118,0,39,0,0,0,29,0,74,0,39,0,230,36,56,0,134,62,60,42,0,59,68,0,0,0,57,0,0,85,0,0,62,0,78,0,0,0,0,114,0,49,0,34,84,0,0,0,0,138,0,31,31,48,0,38,0,0,114,47,0,118,17,0,0,37,29,374,154,0,0,0,96,22,93,0,0,0,0,77,0,50,66,0,88,0,0,48,0,44,37,0,28,74,32,89,0,0,0,0,0,0,44,0,194,0,0,0,186,0,0,0,0,0,0,0,0,0,40,0,0,39,0,0,0,0,72,0,0,0,0,21,218,0,60,0,53,0,0,0,188,152,51,0,0,0,0,259,0,0,30,0,89,153,63,0,36,0,402,86,0,0,66,135,0,0,0,264,345,76,0,20,225,0,0,27,0,112,66,43,0,0,52,0,0,287,0,193,0,0,35,209,0,0,0,82,0,118,0,0,0,0,38,45,51,0,0,157,30,0,218,0,102,0,52,79,0,0,0,0,0,0,0,146,0,0,0,0,0,424,132,70,0,100,63,0,26,0,302,42,30,25,65,0,23,215,463,32,0,0,66,52,0,0,50,174,81,0,0,0,0,54,59,0,83,311,0,115,0,0,0,0,134,0,45,0,692,62,95,39,0,0,57,0,0,47,90,0,0,33,0,0,36,0,0,0,121,110,0,101,28,136,36,0,0,0,0,0,58,0,0,0,0,0,26,0,0,50,0,61,0,0,214,112,51,78,413,114,0,30,0,0,268,0,30,0,0,0,0,0,127,0,44,0,0,0,0,0,0,35,0,0,439,58,55,0,0,130,0,0,64,41,0,0,86,0,0,62,0,188,101,0,0,0,0,42,134,73,159,0,0,0,0,109,0,0,136,48,0,0,0,0,26,0,35,0,131,0,0,73,88,0,122,0,78,0,0,0,49,0,0,0,0,0,0,28,0,0,0,143,0,0,153,0,0,0,0,0,102,0,57,0,0,103,0,0,0,53,43,49,0,476,0,0,0,204,0,0,0,0,121,109,0,0,0,0,0,177,0,0,119,95,142,0,45,0,354,356,105,0,0,294,0,0,0,0,0,39,37,0,0,0,0,42,33,0,57,135,0,0,0,18,152,183,39,0,0,34,0,27,0,0,0,0,32,0,0,0,0,0,176,0,0,36,0,34,0,0,15,0,0,0,64,0,0,165,0,0,0,70,138,29,0,42,20,0,43,0,0,184,59,0,0,0,28,139,36,0,0,0,103,0,123,0,212,0,59,0,169,0,0,0,35,42,89,0,45,0,0,0,0,29,0,0,30,0,154,0,0,0,17,58,0,123,46,0,0,0,113,0,0,141,125,0,0,0,0,0,0,0,170,0,23,488,120,0,28,66,0,0,49,0,0,0,53,0,0,0,155,0,0,0,0,174,0,26,0,0,0,0,0,0,0,0,57,0,0,0,0,32,0,34,0,0,0,0,0,0,0,67,0,0,0,0,0,100,0,0,0,0,0,0,106,0,0,0,51,52,62,271,0,0,0,0,0,0,0,0,56,20,0,0,0,37,222,0,0,0,0,0,31,0,0,234,0,223,0,0,0,56,74,23,108,55,13,0,87,34,24,118,154,0,0,60,0,0,50,40,0,0,0,0,184,0,36,0,0,0,0,0,61,0,71,0,0,0,151,173,57,175,43,0,0,0,0,41,0,0,0,0,0,24,0,0,102,0,0,0,0,42,0,0,85,0,36,0,0,29,0,0,0,0,0,63,42,0,146,0,0,14,71,174,0,0,0,0,0,77,88,145,202,0,46,0,0,0,0,32,32,0,0,53,106,0,0,64,0,0,0,65,0,0,28,0,0,49,20,71,154,0,0,61,0,43,0,0,0,0,0,0,0,0,83,33,0,0,62,0,369,0,0,74,0,45,32,121,0,0,53,0,56,0,0,181,0,58,0,241,0,0,41,301,0,0,0,56,290,48,141,0,372,55,0,0,0,0,0,0,0,78,0,0,110,0,0,165,0,45,63,37,50,0,0,74,42,58,177,0,0,62,0,0,105,0,0,0,119,0,49,0,0,46,0,0,0,219,0,231,200,0,134,0,0,77,43,0,203,0,0,0,0,0,35,0,59,0,97,32,61,85,0,52,74,56,0,41,186,0,58,0,58,66,0,66,0,65,0,26,0,45,0,0,0,0,577,0,0,0,0,25,0,162,0,0,0,40,0,57,0,0,0,0,111,0,0,58,0,0,0,0,0,71,93,55,0,0,199,0,0,0,0,0,220,0,23,0,29,50,0,267,0,0,119,215,0,0,0,0,85,0,0,0,74,0,0,0,0,120,119,0,0,0,49,0,168,0,0,0,172,53,0,96,0,43,0,0,0,0,70,0,20,0,0,0,126,0,0,123,64,58,0,0,0,0,0,115,234,0,52,50,0,106,107,0,121,0,0,0,0,0,0,0,53,55,0,0,0,0,0,0,0,0,0,48,0,0,56,0,0,0,0,0,0,0,0,0,0,0,0,150,0,0,71,183,0,0,25,0,0,43,0,34,0,0,0,0,0,0,0,0,0,0,0,0,0,0,0,0,0,70,0,0,64,0,34,0,0,33,0,37,0,51,0,0,0,0,51,0,0,0,0,0,0,0,67,0,0,0,0,0,78,0,0,0,0,0,0,0,0,0,0,0,0,0,0,38,61,0,153,43,0,0,0,0,92,0,0,91,0,0,0,0,0,277,0,0,0,0,0,27,60,0,0,88,0,29,0,49,31,0,0,0,0,0,0,0,0,0,0,0,0,0,0,0,0,0,0,0,0,0,0,0,0,14,0,0,0,30,0,0,0,0,0,0,0,0,0,0,0,0,0,0,0,0,0,80,0,0,0,0,0,293,0,0,0,0,0,0,0,0,39,62,0,54,0,101,0,50,0,0,0,41,0,0,0,0,0,0,0,55,0,41,0,67,93,0,0,0,0,0,62,45,28,0,0,0,0,0,0,82,0,0,0,0,0,0,0,0,0,0,0,0,0,51,0,0,124,79,0,0,34,0,0,0,0,0,0,0,0,0,0,0,0,55,0,0,61,0,0,0,0,44,0,0,30,0,0,0,0,0,0,0,44,0,0,177,0,0,0,0,0,25,0,54,0,0,0,0,0,105,0,0,105,89,31,162,0,0,0,0,0,119,0,0,0,0,51,0,121,0,0,0,0,0,0,0,0,65,0,0,103,0,0,300,90,0,0,96,0,88,0,0,150,106,0,175,0,0,23,37,0,0,84,50,60,0,80,278,0,0,249,0,0,0,81,166,0,19,64,0,31,0,0,133,0,0,203,0,40,0,0,0,35,0,0,0,0,0,126,0,0,0,0,0,52,0,38,237,121,0,0,0,0,0,64,33,66,0,0,0,0,0,405,0,0,30,0,0,40,0,45,333,46,0,35,0,93,38,0,141,61,0,0,86,0,59,100,0,0,14,46,98,52,0,55,40,0,0,41,0,0,0,134,124,25,0,0,93,0,0,0,81,0,57,0,106,0,0,0,197,0,157,0,0,0,39,110,51,0,67,0,280,59,105,0,62,0,0,0,0,28,0,38,0,0,460,0,0,201,0,0,0,152,76,0,0,218,55,0,0,0,0,0,37,68,107,362,50,83,0,0,0,43,0,26,151,0,0,35,0,0,70,0,0,46,0,0,0,0,0,44,0,81,129,59,0,0,0,29,86,214,36,0,0,60,0,212,0,47,0,60,0,0,0,0,0,0,59,0,0,70,0,0,0,0,0,0,0,62,0,349,0,27,55,0,0,36,81,0,107,74,0,0,0,0,52,65,0,0,88,0,0,0,0,71,84,60,0,59,0,0,407,0,55,27,61,0,0,150,0,0,42,0,0,0,0,59,0,53,64,0,0,33,0,0,0,0,28,0,0,0,71,36,78,0,35,0,0,0,0,0,0,0,55,41,43,0,313,31,0,38,0,0,263,0,0,0,83,0,204,64,0,0,40,56,0,44,0,86,0,42,0,0,0,0,0,83,0,0,0,71,0,48,39,0,85,0,0,0,138,0,0,78,38,0,0,63,0,122,89,0,82,0,0,0,127,0,0,173,0,0,0,0,40,0,0,67,76,187,0,0,0,50,0,0,0,0,68,0,0,66,59,0,0,825,76,100,0,0,0,32,118,104,72,59,251,0,0,50,0,189,0,139,137,0,0,0,0,0,139,102,60,62,30,0,58,0,0,0,63,0,0,0,0,148,0,0,108,0,0,0,0,33,84,0,0,95,42,0,86,0,0,243,0,0,0,0,125,128,48,0,0,0,0,0,131,40,0,35,0,0,0,219,0,0,0,0,173,61,235,0,0,0,91,0,0,0,0,0,0,0,158,0,109,0,0,0,41,0,0,0,74,0,0,0,169,27,0,0,589,0,0,0,0,0,0,148,0,0,0,306,0,0,0,0,0,99,0,40,0,0,150,0,0,0,0,0,98,0,64,24,0,0,107,0,35,45,80,56,0,67,149,35,62,104,84,35,0,41,0,0,0,0,0,35,0,102,87,0,0,0,89,0,0,0,0,0,0,96,0,0,122,27,0,0,0,31,0,89,87,0,151,99,0,0,0,0,40,43,40,0,0,43,289,0,88,0,24,121,0,0,0,0,0,0,0,0,0,0,0,142,0,0,73,129,0,0,0,0,48,0,0,0,256,0,0,0,0,181,138,0,0,0,0,0,0,243,0,47,0,0,38,0,0,46,250,0,35,207,0,0,0,36,23,0,88,122,0,131,0,0,21,0,0,0,0,0,0,488,0,50,0,24,54,0,0,109,42,0,0,0,0,0,10,240,0,58,0,0,222,0,125,123,0,100,0,0,68,0,0,0,78,31,0,38,120,94,0,0,0,0,55,50,0,0,0,0,0,0,0,34,0,0,114,0,0,101,0,0,0,66,0,0,0,0,0,0,17,0,41,0,0,0,0,0,160,81,0,0,0,0,77,0,27,103,0,81,0,88,0,0,80,0,0,38,56,0,143,20,90,149,0,0,0,0,0,0,20,25,101,0,0,0,47,0,409,0,0,0,40,0,0,150,0,84,0,114,0,51,0,0,0,145,139,0,0,109,0,0,89,0,18,73,0,0,0,108,73,0,54,0,54,92,0,0,0,37,0,81,25,0,0,0,0,0,714,0,0,190,0,136,0,164,0,54,32,0,122,30,0,0,42,0,0,77,0,340,52,81,52,0,53,0,0,0,553,0,0,0,0,303,0,153,0,67,0,0,0,0,0,78,0,0,188,0,0,0,0,88,60,0,0,190,154,0,0,36,58,0,0,0,82,0,75,101,0,0,0,149,0,0,78,32,0,101,166,43,0,70,24,0,43,0,41,0,0,0,0,190,35,0,0,336,50,0,0,0,0,23,0,0,90,79,0,0,0,0,79,0,98,0,0,79,176,82,0,0,99,0,0,0,0,0,0,90,88,39,0,0,0,47,0,0,0,19,0,36,0,100,45,0,0,0,0,0,0,0,87,0,0,158,0,0,0,0,0,0,22,0,145,0,0,0,21,22,80,0,0,205,39,0,0,138,99,57,0,0,52,68,81,98,0,0,126,0,262,40,275,52,0,100,141,0,0,45,0,58,0,0,0,0,374,0,178,0,0,33,0,136,0,30,41,491,0,0,0,0,101,0,241,0,28,33,111,0,346,0,218,0,0,0,96,123,0,87,57,191,0,0,0,0,0,31,0,91,40,60,0,0,59,52,329,0,100,0,0,85,0,0,0,0,0,0,56,63,0,0,0,0,0,0,0,73,386,25,0,60,0,0,0,60,0,71,0,0,0,46,0,0,0,56,0,0,0,96,0,32,284,0,0,0,0,87,35,0,0,54,0,0,0,60,0,0,67,0,64,54,0,0,0,104,0,32,48,0,0,0,76,113,0,0,0,0,76,0,0,0,0,0,0,0,0,0,94,0,0,0,0,0,0,74,0,131,0,0,0,43,0,0,0,30,67,0,21,0,0,0,0,0,0,0,42,0,110,0,0,0,0,33,0,0,30,0,0,0,0,69,74,0,0,0,0,26,112,31,0,0,0,0,0,41,0,0,0,0,0,69,0,0,23,142,0,0,0,0,0,0,0,0,0,0,38,141,485,825,0,55,75,0,31,0,170,0,29,37,0,0,0,64,61,0,19,31,0,0,74,0,41,43,0,29,0,0,387,0,0,35,0,0,28,0,0,0,0,0,0,0,102,0,94,0,0,40,53,0,89,0,62,0,0,32,0,0,0,0,0,0,110,0,62,0,0,65,41,589,57,0,0,0,0,27,0,0,0,95,0,0,0,0,98,0,0,98,0,46,0,0,0,0,0,64,103,0,0,0,45,0,0,367,0,0,0,0,0,0,0,0,0,0,0,31,45,40,0,0,0,0,0,246,0,41,0,0,64,0,76,0,0,0,0,0,0,0,84,125,0,62,0,0,0,115,0,0,0,0,0,0,0,82,179,0,0,0
14,0,0,0,0,0,0,0,0,41,0,0,0,0,0,76,0,53,0,0,0,98,0,0,0,35,0,0,26,0,0,0,0,0,0,0,0,0,0,79,0,0,0,0,22,0,0,0,234,0,32,0,0,0,0,105,0,0,0,0,0,0,0,49,0,0,0,0,0,0,0,0,0,0,0,0,51,0,79,0,0,0,0,0,64,0,0,0,0,0,98,0,0,0,0,0,0,0,0,0,0,0,0,0,0,0,0,0,0,0,79,0,0,31,0,0,0,89,0,0,33,0,99,0,0,0,0,0,0,0,0,0,66,0,0,0,45,0,0,0,0,0,52,82,0,0,0,0,0,0,0,0,44,0,34,0,0,0,0,111,0,0,0,0,0,0,0,0,84,82,0,70,0,0,0,33,0,0,47,0,0,84,0,0,0,0,0,120,69,0,0,0,0,0,85,0,0,0,0,0,0,27,44,0,146,0,0,0,0,0,0,0,0,28,0,0,0,0,0,0,0,0,0,0,71,0,0,0,62,0,0,0,0,0,0,0,0,0,0,0,0,0,0,0,0,0,0,0,0,0,11,0,56,0,37,0,0,0,0,0,0,0,0,0,0,0,0,117,31,0,0,0,0,0,0,0,0,0,190,0,0,0,0,78,0,0,0,100,0,0,0,0,65,0,0,0,0,0,44,0,0,0,0,0,0,53,0,60,0,0,0,160,0,0,0,0,0,41,0,0,0,0,0,0,48,0,0,0,0,0,120,0,0,19,0,0,0,0,0,0,0,0,0,0,32,0,0,0,0,0,85,0,0,18,25,0,0,39,0,89,0,0,0,0,0,35,120,0,0,0,0,0,0,0,0,22,0,0,0,0,0,0,0,0,0,319,26,46,0,0,0,0,168,0,0,0,104,0,47,104,0,0,67,0,0,0,0,0,0,0,0,0,0,0,0,0,0,0,54,0,0,0,0,0,44,0,0,0,0,0,0,0,0,0,61,0,0,0,0,0,0,0,62,0,0,0,0,0,0,0,0,0,22,0,20,0,0,0,0,0,44,0,52,0,0,0,0,0,0,0,0,0,0,0,0,0,0,0,0,0,53,0,0,0,0,0,0,0,45,47,0,0,0,63,0,0,39,0,0,0,0,0,0,0,0,0,0,0,0,0,0,0,0,0,0,0,0,0,0,24,0,0,35,103,0,0,0,0,0,0,0,0,0,0,0,0,0,0,0,0,0,0,110,0,0,0,0,0,0,0,47,0,0,42,0,0,0,0,0,0,0,97,0,0,0,0,0,0,0,0,43,0,0,0,0,0,0,106,0,0,0,0,24,0,0,0,27,25,0,0,0,101,0,0,0,0,0,0,0,30,0,0,0,31,0,0,0,66,0,0,0,0,47,36,0,0,0,0,0,0,0,0,0,0,0,0,0,0,0,0,55,0,0,0,0,0,28,0,0,0,0,0,0,0,0,52,0,0,0,25,0,0,0,0,75,0,0,0,0,0,0,0,0,0,0,46,0,0,0,0,32,0,58,0,0,0,29,0,0,0,0,0,0,0,0,0,0,0,0,0,58,0,0,0,0,0,47,0,0,0,0,0,0,0,0,0,0,0,55,0,0,60,0,0,0,0,0,0,0,0,84,0,0,84,0,0,0,0,0,0,0,0,0,0,0,0,0,0,132,36,0,0,106,57,0,0,0,0,0,0,0,0,0,0,0,0,0,0,0,0,0,0,0,0,0,0,0,0,0,0,0,0,0,0,0,63,0,0,0,0,0,0,39,0,0,0,0,0,26,127,0,0,0,0,0,12,0,0,0,0,0,0,0,0,99,0,0,0,14,0,0,0,0,64,0,74,0,0,0,0,48,0,96,0,0,0,0,0,0,51,55,0,0,0,0,0,0,0,0,0,0,0,0,0,0,0,0,0,0,0,0,0,0,0,0,0,68,65,0,42,0,0,0,0,0,0,0,0,0,0,0,0,0,0,43,0,0,0,0,0,0,0,0,0,0,0,0,0,0,0,0,0,0,0,0,0,41,0,0,0,0,75,0,0,0,0,0,0,0,31,0,0,0,0,0,0,0,33,32,0,0,11,0,0,0,0,0,0,0,0,0,0,0,0,0,0,0,25,0,0,0,0,0,0,0,0,0,0,0,0,0,0,0,31,0,0,0,0,101,0,0,0,0,0,0,0,0,0,0,0,0,0,0,0,0,0,0,0,0,0,0,0,0,0,0,33,0,0,77,0,104,41,0,0,0,0,0,0,0,0,0,0,0,0,0,0,0,0,0,0,0,0,0,0,0,0,0,0,0,0,0,0,0,0,0,0,0,0,0,0,0,40,0,0,0,0,0,49,88,0,0,0,0,0,0,0,41,0,0,0,0,0,33,33,0,0,0,0,0,0,0,0,0,0,0,0,356,0,0,0,0,0,0,0,0,0,0,0,0,0,0,0,0,0,56,0,0,0,0,0,0,52,0,0,0,0,0,0,0,0,0,0,0,0,0,0,0,0,0,0,0,0,0,0,0,0,0,0,0,60,0,19,0,0,0,0,0,0,0,0,0,0,0,75,0,0,0,0,0,0,0,0,0,0,0,0,0,81,0,0,0,0,0,0,0,0,0,0,60,0,0,0,0,0,58,0,0,0,0,0,0,0,0,0,0,0,0,0,0,0,0,0,0,0,0,17,0,0,0,0,0,79,0,0,0,0,0,0,0,0,0,0,0,0,0,0,0,0,0,0,0,0,0,0,0,0,0,42,0,0,0,0,0,0,0,0,0,0,0,90,0,0,0,96,0,0,0,0,0,0,0,0,0,0,0,0,0,0,0,0,0,0,0,0,0,0,0,0,0,0,0,0,0,0,0,0,0,0,0,0,0,0,0,0,0,0,0,0,0,0,0,0,0,0,0,0,0,0,0,0,0,0,0,0,0,0,0,0,0,0,0,0,0,0,0,0,0,0,0,0,0,0,0,0,0,0,0,0,64,0,0,0,0,115,0,0,0,0,27,0,0,0,0,0,0,0,0,26,0,0,0,0,0,0,0,0,0,0,0,0,0,0,0,0,29,0,0,0,0,0,0,0,0,0,0,0,0,70,0,0,0,0,0,0,0,0,0,0,0,0,0,0,0,25,0,0,0,31,0,94,0,0,0,0,0,0,0,0,0,0,0,0,0,0,0,31,0,0,0,0,0,0,0,0,0,0,0,0,54,0,0,0,0,0,63,0,0,0,0,0,0,0,0,0,0,0,0,0,0,38,0,0,0,0,0,0,0,0,0,25,0,0,0,0,0,0,0,0,0,0,0,0,0,0,0,0,0,0,0,52,0,0,0,0,0,0,0,0,0,0,0,0,0,0,0,0,0,0,0,0,0,0,28,0,0,0,0,0,0,0,0,0,28,0,0,0,0,0,0,0,0,0,0,19,0,83,0,0,0,0,0,0,0,0,0,0,0,0,33,32,0,0,0,0,0,0,0,34,0,0,58,0,0,0,0,0,0,35,0,0,0,0,0,0,0,0,0,0,0,0,0,0,0,0,0,0,63,60,0,0,0,0,0,0,0,0,0,0,0,0,0,0,0,54,0,0,0,0,0,0,0,0,0,0,0,0,0,0,0,0,0,0,0,0,0,0,0,0,105,0,0,0,0,0,0,0,0,0,0,0,0,0,165,0,0,0,0,0,0,0,0,37,0,0,0,0,40,0,0,0,0,0,0,0,0,0,0,0,0,0,0,203,0,0,21,0,0,0,0,0,0,0,129,0,0,0,0,0,0,0,0,52,0,0,0,60,0,0,0,40,0,0,0,23,0,0,0,0,0,12,0,0,0,0,0,41,0,0,0,0,0,0,0,0,0,60,0,0,261,0,0,0,28,0,0,0,0,0,0,0,0,0,0,65,60,88,162,0,0,0,0,0,0,0,0,0,0,0,0,0,0,0,0,0,0,0,0,0,0,0,0,0,0,78,0,21,32,0,0,0,18,0,0,0,0,0,99,0,0,0,45,0,0,0,0,0,0,0,0,0,51,0,0,0,0,0,0,0,0,0,138,0,0,0,0,0,0,0,0,0,0,0,0,0,0,0,0,0,0,0,0,0,0,0,0,0,0,0,44,0,0,0,0,0,0,0,0,0,0,0,0,0,0,0,0,0,52,0,0,0,0,0,22,0,0,0,0,0,0,0,0,0,0,0,64,0,0,0,0,0,0,0,0,0,0,0,0,0,0,0,0,11,0,257,0,0,0,24,0,55,0,0,0,0,0,0,0,0,0,0,0,0,0,0,0,0,0,0,0,0,0,0,0,70,0,0,0,0,0,40,0,0,0,40,0,0,0,0,0,0,0,0,0,0,0,310,0,0,0,0,0,0,0,29,0,0,0,0,0,0,0,0,0,0,0,0,0,26,0,0,0,0,0,30,0,0,0,0,0,0,0,0,0,0,0,44,0,0,0,41,0,0,81,0,0,0,0,0,0,0,27,68,0,0,0,0,0,0,0,0,0,0,0,0,0,0,0,0,0,0,0,0,0,0,0,0,68,0,41,0,0,0,71,0,0,0,0,0,0,0,0,0,0,0,0,41,21,0,99,0,0,0,0,0,0,0,0,0,30,0,0,0,0,10,0,0,0,0,0,0,0,0,0,0,0,0,0,42,0,0,0,0,0,0,0,67,0,0,0,532,0,0,0,0,0,0,65,0,0,0,194,0,0,0,0,0,0,0,0,0,0,0,0,0,0,0,0,93,0,0,0,0,0,0,0,0,0,0,0,0,30,0,31,0,0,0,0,0,0,0,10,0,0,0,0,0,36,0,0,0,0,42,0,0,0,0,0,0,0,0,0,0,0,0,0,0,0,0,0,0,0,62,32,0,0,0,0,0,0,0,0,0,0,0,0,0,0,0,0,0,0,0,0,0,0,0,0,0,0,0,139,110,0,0,0,0,0,0,0,0,0,0,0,0,0,0,0,0,79,23,0,0,0,0,0,0,20,0,0,0,0,0,0,0,0,0,0,0,0,0,0,0,0,0,0,0,0,0,0,0,0,0,0,0,0,0,0,0,132,0,0,0,0,18,0,0,48,0,0,0,0,0,0,0,0,0,16,0,0,0,0,0,0,0,0,0,0,0,0,0,0,0,0,0,0,0,0,0,0,0,0,22,0,0,0,0,0,0,0,0,0,0,0,19,0,0,54,0,0,0,0,0,0,0,0,0,0,0,0,0,0,0,0,0,0,0,0,0,0,0,0,84,0,0,38,0,25,0,0,0,0,0,0,0,0,0,0,0,0,0,0,0,0,0,0,0,0,0,0,44,0,0,0,47,0,0,0,0,0,0,0,0,71,28,0,0,0,0,0,0,0,0,0,0,0,0,0,0,0,37,0,0,0,0,0,0,0,0,0,0,0,0,0,0,0,0,0,0,0,0,0,0,0,0,0,92,0,0,0,0,0,0,63,0,43,0,0,0,0,0,0,0,0,0,0,0,0,0,0,0,0,0,0,0,0,78,0,0,0,0,0,0,0,0,0,0,0,0,0,0,0,0,0,0,0,0,0,0,0,0,0,0,0,0,0,0,0,0,0,0,0,0,0,123,0,0,0,0,0,0,0,0,0,0,0,0,0,0,0,0,0,0,0,0,0,0,0,0,0,0,0,0,131,0,0,0,0,0,0,0,0,0,0,0,0,0,0,0,0,0,0,0,0,94,0,0,0,0,0,0,0,0,0,0,0,0,0,29,0,0,28,0,0,0,0,0,0,0,0,0,0,0,0,0,0,11,0,0,0,0,0,0,0,42,0,0,0,0,52,0,0,0,0,0,0,0,0,0,39,48,0,0,41,0,0,0,0,0,0,0,0,0,0,66,24,36,0,0,0,0,0,0,0,0,0,0,0,0,0,0,0,0,0,0,0,0,0,0,94,0,0,0,53,0,0,0,0,0,0,0,0,0,54,0,0,109,0,96,0,0,0,0,0,0,0,0,0,0,0,0,0,0,0,0,0,0,0,0,0,0,0,28,0,0,0,0,0,0,0,0,0,0,0,0,32,0,0,0,0,0,0,0,0,0,0,0,0,0,0,0,0,0,0,0,0,0,0,0,0,0,26,0,0,0,0,0,0,51,0,0,0,0,0,0,0,0,0,0,0,0,0,0,0,0,0,0,0,0,0,0,43,0,0,0,0,0,27,0,0,0,0,0,0,0,0,0,0,0,0,0,0,0,0,19,0,0,0,0,0,0,0,0,0,0,0,0,0,0,0,0,0,0,0,0,0,0,0,0,0,0,0,0,0,50,0,0,0,0,0,0,0,0,0,0,13,0,43,32,0,0,0,0,0,33,0,0,0,0,0,0,156,0,0,0,0,0,0,0,0,0,0,0,0,0,0,0,0,0,0,0,0,0,0,235,250,0,0,57,0,59,0,49,0,0,0,0,0,0,0,44,0,0,0,0,0,0,0,0,0,0,0,0,0,220,0,0,0,0,0,0,0,0,0,0,31,0,88,41,0,91,0,0,0,0,0,21,0,54,0,0,0,0,0,0,0,0,0,0,0,0,0,0,0,0,187,0,0,0,0,0,0,0,0,0,0,0,0,0,0,0,0,0,58,0,47,160,0,0,0,0,0,0,0,0,0,0,0,0,0,0,0,0,0,0,0,0,0,0,0,0,0,0,0,0,0,0,0,0,145,0,0,0,0,30,0,63,0,0,0,0,0,0,0,31,42,0,0,0,0,0,57,0,0,0,0,0,0,0,0,0,0,0,0
15,0,0,0,33,0,47,0,0,0,0,151,0,0,0,93,145,115,0,17,0,93,0,0,30,62,0,0,27,0,0,0,0,0,79,140,93,0,0,96,0,46,0,0,115,0,39,17,0,0,99,58,60,37,0,0,0,0,0,13,0,47,0,119,0,0,90,0,0,0,193,0,0,0,0,144,26,0,276,0,48,0,58,75,47,65,0,0,50,21,34,40,41,0,65,0,0,0,32,0,0,0,0,87,0,0,0,0,49,0,75,38,73,0,99,0,26,69,0,0,0,0,75,0,0,0,0,0,0,0,0,0,129,0,65,65,0,126,0,0,33,0,27,103,0,28,0,0,0,0,0,0,49,0,0,105,0,41,40,0,106,0,0,44,0,0,0,0,0,111,97,60,0,61,0,0,0,0,0,0,0,106,0,0,0,0,13,699,164,0,0,0,0,38,0,0,64,25,0,83,0,26,99,0,160,0,44,0,0,85,26,53,0,39,0,127,16,84,0,0,114,159,0,0,138,0,0,105,218,23,78,0,0,0,0,0,0,49,115,0,0,58,0,36,0,0,0,0,0,0,0,0,99,0,93,29,54,0,0,31,192,271,91,0,0,0,0,250,53,110,0,0,105,193,69,33,0,20,151,0,47,0,0,109,0,53,0,209,1677,31,0,0,0,0,0,0,0,0,0,65,0,0,0,0,0,137,0,87,0,120,100,263,38,0,0,51,24,223,37,0,0,0,0,0,120,0,0,76,0,0,112,0,0,50,0,27,0,0,0,0,0,0,0,39,66,0,0,0,138,479,0,51,0,59,138,26,0,0,203,137,0,0,156,0,63,50,165,77,70,0,32,45,0,0,54,0,134,0,0,0,0,0,0,0,53,360,41,0,56,0,54,0,120,38,0,0,467,0,0,0,0,0,70,0,0,46,0,0,0,0,0,0,52,0,0,0,78,101,125,177,0,58,88,0,66,85,74,0,139,65,0,0,79,0,0,0,57,0,0,0,0,0,42,48,0,0,225,63,0,49,0,0,239,0,102,0,0,0,0,0,0,33,186,135,0,0,0,0,35,36,0,0,195,69,0,60,125,92,225,66,0,0,93,138,0,0,0,53,117,125,0,54,0,160,0,0,288,0,0,0,0,130,0,683,54,0,89,0,19,0,0,0,0,63,0,0,80,93,64,158,37,64,0,379,34,0,0,0,59,0,0,0,0,0,0,0,0,0,0,158,0,98,169,23,0,0,93,0,54,197,65,129,0,0,0,27,0,67,0,28,52,24,0,22,42,49,52,0,0,23,57,70,25,0,0,0,0,147,37,0,40,160,124,0,89,0,287,100,55,0,0,764,0,93,0,0,0,154,0,52,0,0,0,0,38,65,0,91,0,43,0,0,84,99,63,0,0,101,0,38,0,0,0,0,40,0,78,0,0,37,82,0,0,0,0,0,0,0,0,0,0,0,75,0,0,34,0,0,0,98,252,0,0,0,244,0,0,0,0,84,0,30,14,0,0,83,0,0,0,31,141,0,75,0,88,0,0,0,0,0,0,34,0,41,36,0,0,0,46,0,0,0,46,0,56,0,72,0,69,0,0,105,0,43,0,0,0,0,49,0,0,65,165,0,0,0,0,0,32,38,0,64,37,179,101,89,0,0,0,0,0,20,0,0,101,0,0,0,0,44,144,0,217,135,0,44,0,0,61,0,0,42,0,0,93,0,0,0,0,10,0,18,0,0,0,43,0,0,0,85,88,43,0,0,0,20,0,0,0,0,65,0,53,0,0,0,0,94,63,60,0,0,0,0,0,0,0,0,0,26,0,0,0,39,185,0,0,60,41,0,0,0,135,115,0,288,0,0,0,54,48,0,91,0,0,0,39,0,0,23,0,0,0,0,0,0,49,0,0,0,0,0,233,0,96,0,0,50,24,0,56,0,56,0,0,0,277,100,0,145,0,0,0,41,0,0,0,0,0,0,0,0,0,0,83,119,0,0,0,68,0,42,0,0,0,56,0,56,0,0,40,84,18,0,59,35,132,0,0,67,66,83,0,71,0,0,26,0,34,142,0,0,51,0,0,239,0,84,28,0,55,81,0,0,46,0,83,0,0,58,48,0,0,12,0,0,0,0,135,0,24,47,0,43,0,135,0,0,0,74,0,0,86,48,63,0,68,0,229,0,0,32,0,70,128,86,0,45,0,342,0,0,0,308,0,49,0,118,0,0,0,62,23,0,52,119,300,0,176,0,199,65,0,54,45,0,0,0,0,0,79,0,95,0,0,168,0,111,103,98,0,0,0,64,35,151,316,89,70,78,0,0,0,0,0,0,192,0,47,0,0,42,0,0,0,142,0,191,483,45,60,0,146,63,37,36,155,117,0,0,60,0,0,52,325,0,45,107,73,0,0,98,30,0,0,95,99,157,231,0,105,54,0,116,0,55,0,0,0,0,0,0,0,60,333,0,0,0,56,0,0,0,43,106,37,0,49,50,0,0,0,0,69,0,0,0,82,37,0,59,41,28,86,133,32,0,275,46,0,253,0,76,154,0,34,0,0,134,26,242,0,0,209,79,0,0,0,83,85,0,0,0,56,21,0,0,0,79,0,44,61,51,48,0,0,0,0,55,117,0,30,96,95,56,165,32,0,0,92,52,71,0,0,29,90,0,0,71,205,28,57,34,0,0,73,348,134,0,0,63,0,150,59,0,117,30,0,0,0,0,0,39,28,0,74,0,0,0,0,0,82,0,0,0,60,0,0,0,0,61,0,0,0,0,0,0,0,0,0,105,0,0,32,58,0,0,41,0,0,63,0,37,0,75,26,0,0,0,0,0,0,0,0,0,29,0,0,0,0,0,0,0,0,0,75,0,0,51,0,47,113,0,0,0,0,0,117,0,0,0,60,0,0,0,0,0,0,0,0,0,0,0,0,38,0,0,0,0,0,45,0,100,0,0,0,0,0,0,69,0,0,0,0,0,58,0,0,90,60,0,68,0,0,182,0,0,0,0,0,0,238,0,0,47,24,54,0,39,0,0,0,0,30,0,0,44,0,0,0,0,0,51,0,0,81,0,0,0,0,0,31,0,0,0,0,0,0,153,200,0,196,0,0,88,0,0,0,0,0,120,0,0,0,0,0,126,0,0,0,130,0,96,55,0,0,0,0,0,0,0,0,44,0,78,0,108,0,126,0,145,0,0,111,0,0,0,0,0,0,0,0,0,0,63,74,0,0,0,0,111,0,0,0,88,26,0,62,0,0,96,0,0,54,0,0,0,0,0,0,52,47,0,0,124,0,0,86,0,0,50,62,0,0,0,0,0,0,0,25,0,0,0,75,0,114,0,0,0,0,20,0,0,0,53,64,47,0,0,0,0,0,0,45,0,0,107,17,0,0,56,0,0,0,0,0,0,0,0,0,168,35,0,39,64,0,36,0,0,0,0,0,51,0,0,0,59,0,0,0,0,0,0,20,0,0,71,0,54,0,40,54,26,0,164,88,34,0,84,0,42,0,0,62,103,0,0,0,53,0,59,0,0,0,99,0,0,0,260,0,0,207,0,0,0,53,48,0,31,0,0,50,0,0,69,0,37,287,0,0,0,0,43,26,0,0,0,0,0,0,0,0,0,0,0,43,0,0,166,163,0,0,0,32,0,0,0,71,0,0,0,0,0,99,0,0,0,0,21,0,0,0,75,0,0,0,0,0,0,0,125,26,0,26,73,0,52,64,0,45,0,0,135,0,0,0,0,125,0,17,0,0,0,364,119,0,0,0,55,0,0,0,0,0,0,0,87,0,0,0,113,0,192,0,34,0,0,72,49,0,40,0,124,32,52,0,55,0,0,0,0,0,0,0,0,82,235,0,0,179,0,0,0,63,52,0,0,184,46,0,0,0,0,0,65,0,81,199,83,0,0,0,0,64,0,0,0,0,0,0,0,0,48,0,0,0,80,0,113,0,0,0,0,71,98,87,89,0,26,19,71,102,0,7,0,62,0,91,0,37,0,33,0,0,0,0,0,0,0,0,0,182,33,43,0,0,0,0,0,30,0,80,0,0,0,0,0,0,0,0,0,98,0,50,35,0,24,0,0,0,111,0,0,33,0,0,92,0,0,0,0,0,0,0,67,0,43,0,65,132,0,67,0,20,0,0,0,66,84,71,0,0,0,55,55,0,0,21,0,0,0,0,21,74,0,0,64,0,0,0,0,0,0,0,48,0,86,0,257,0,71,59,0,0,120,0,0,64,82,0,0,68,0,44,45,0,0,0,0,145,0,43,0,0,0,36,0,0,0,28,0,117,0,40,53,0,107,0,0,52,0,0,0,88,0,0,0,23,0,0,78,0,0,0,0,0,160,0,0,86,0,0,0,0,78,53,0,0,52,351,0,0,0,33,0,0,35,41,47,0,0,89,121,0,91,296,97,0,0,0,0,0,166,172,0,31,510,0,0,0,94,64,0,215,0,0,0,0,0,0,172,142,74,168,32,0,0,0,0,0,79,0,0,0,0,33,0,21,313,0,0,0,0,54,79,35,0,47,0,105,131,25,0,76,43,33,0,0,0,390,0,45,0,0,57,0,126,0,0,115,0,32,0,84,0,0,0,0,0,115,152,0,79,0,0,0,0,98,0,0,0,0,71,0,140,0,34,0,105,0,0,38,178,0,0,41,358,0,0,0,907,0,34,0,0,0,0,99,41,0,0,258,50,0,0,0,0,54,0,29,0,22,0,0,52,35,0,0,333,0,129,0,0,0,0,38,31,0,46,78,46,365,0,107,0,0,85,0,0,0,0,0,0,34,0,35,60,115,45,0,31,0,67,139,0,0,65,0,26,0,0,120,0,0,0,0,0,0,0,43,523,43,193,0,0,0,0,0,29,71,0,0,67,175,195,98,0,0,142,135,20,21,0,0,0,0,0,0,70,0,0,249,77,0,0,59,28,23,0,0,74,0,153,0,69,0,0,0,0,197,108,0,99,73,34,77,0,87,0,56,29,0,29,55,30,48,58,0,0,45,0,63,79,0,0,0,0,79,0,28,0,0,49,0,0,0,64,31,0,200,0,267,0,61,0,39,118,86,0,0,0,0,0,21,60,46,0,0,0,0,132,89,0,366,0,0,0,27,0,0,0,0,0,53,0,139,109,0,0,0,99,0,0,0,75,0,0,0,40,91,0,213,0,0,151,0,0,71,105,0,0,47,25,0,87,32,28,0,0,0,0,0,0,71,204,0,0,339,0,0,0,0,164,0,0,93,41,238,0,114,44,23,79,0,88,28,0,46,0,45,253,27,103,46,0,0,0,0,0,0,127,0,51,0,92,52,589,58,0,0,0,0,105,135,0,143,0,0,0,0,0,86,0,110,462,0,0,285,0,0,67,71,0,37,29,0,0,0,0,57,60,28,159,62,0,0,0,0,0,91,0,0,0,43,0,87,524,0,0,197,42,153,0,223,0,192,35,0,90,40,0,0,133,0,0,87,0,293,63,74,27,0,71,0,0,0,411,61,0,0,0,264,0,0,93,264,211,0,0,60,47,56,0,0,174,0,58,0,0,370,106,81,65,123,259,0,0,0,47,48,0,0,127,0,336,92,0,0,0,56,67,39,115,94,58,93,113,156,16,65,0,83,0,0,51,0,27,0,0,69,0,60,0,382,43,0,0,0,0,63,58,0,57,79,204,31,0,0,0,62,0,0,0,114,637,46,0,30,42,0,48,0,0,69,0,120,38,0,88,0,0,229,0,0,28,0,35,0,52,48,70,0,0,0,0,43,67,96,77,0,0,226,0,43,160,0,0,107,58,96,206,36,0,161,0,0,81,26,57,379,43,0,0,138,123,79,48,47,76,69,118,115,0,64,365,64,519,41,193,102,65,126,277,0,73,68,0,84,61,68,0,0,306,0,157,0,0,0,0,221,0,29,40,571,0,0,54,0,36,68,93,0,74,85,102,29,275,72,137,0,151,0,71,111,0,61,0,195,43,52,0,0,82,51,0,105,91,66,46,0,121,235,193,0,113,0,0,123,0,0,42,91,76,0,0,226,67,45,25,0,0,70,30,0,104,0,89,145,0,0,0,0,73,250,0,0,0,64,0,28,0,127,0,0,53,36,0,0,148,0,54,183,98,129,62,0,0,0,0,0,0,127,0,0,0,0,45,66,0,0,0,30,0,0,0,53,0,86,100,0,0,0,276,0,262,0,0,37,0,35,0,0,0,0,142,22,0,50,0,79,0,0,0,106,0,0,0,0,40,0,0,0,92,0,0,0,0,0,127,54,0,0,39,0,284,43,46,0,0,0,0,0,0,0,0,0,0,31,56,60,30,0,165,51,128,22,0,0,0,0,0,101,0,97,0,0,0,47,0,0,0,115,0,0,0,0,0,0,0,0,0,0,0,65,199,829,0,79,0,0,137,53,68,0,0,35,115,0,60,59,67,40,33,44,0,42,43,0,106,56,0,57,50,112,42,0,82,0,92,0,40,0,0,0,29,94,0,337,68,0,212,0,0,53,44,0,47,0,170,0,0,0,87,0,0,65,0,0,83,0,57,0,0,82,108,65,52,0,190,0,121,0,63,0,183,0,0,0,95,0,73,0,0,22,0,0,83,0,0,61,0,90,331,73,0,0,0,0,0,512,59,0,0,48,33,0,70,0,0,32,27,53,0,48,0,0,132,0,0,88,93,56,42,0,0,0,0,0,0,0,0,0,0,0,0,0,0,0,86,0,18,0,44,0,0,67,38,0,0,0,404,0,0,0
16,0,0,0,0,0,28,0,0,81,0,136,0,0,0,187,24,0,0,0,0,213,56,0,35,114,0,0,45,0,0,0,0,0,0,60,88,0,74,90,0,0,0,0,88,0,27,0,309,0,77,0,0,56,0,154,0,0,0,0,0,30,38,116,0,0,31,0,0,0,210,0,0,0,0,0,65,0,130,0,122,0,0,0,64,0,0,0,0,0,159,0,0,35,0,0,0,0,0,0,0,0,0,104,0,0,0,0,0,0,22,0,0,59,41,0,0,0,0,0,54,0,229,0,0,47,0,0,0,0,0,0,177,0,51,0,145,0,0,0,53,0,59,52,0,0,57,0,0,28,0,0,60,0,103,0,0,23,0,118,113,0,0,0,40,0,0,0,106,72,70,174,0,38,0,0,0,0,141,48,0,136,0,0,26,54,0,149,94,0,0,0,0,0,152,0,0,0,0,55,0,85,94,0,65,0,0,0,0,46,0,71,0,47,24,28,0,32,0,0,0,77,0,0,170,0,0,63,72,0,38,0,0,0,0,0,0,0,0,0,0,93,36,42,0,0,24,0,0,0,46,0,182,0,37,20,0,0,0,35,97,0,0,0,0,0,0,196,0,87,0,0,0,279,0,86,0,0,491,62,55,0,45,74,0,0,0,80,601,82,34,0,94,0,0,28,0,0,0,0,0,0,0,0,0,184,0,0,0,0,0,104,20,0,0,0,0,0,0,0,0,0,0,0,35,0,0,81,0,0,56,0,41,0,0,41,0,0,0,0,0,0,0,0,0,0,0,0,0,190,166,0,0,0,0,0,0,0,0,107,0,0,52,0,0,0,51,0,0,0,0,0,0,0,0,0,0,0,0,79,40,0,0,0,0,98,0,44,0,0,0,0,250,0,22,0,219,0,59,90,0,0,80,0,0,0,0,0,0,0,0,0,0,0,0,0,97,40,0,0,0,0,0,0,0,0,0,0,0,0,0,0,0,0,44,0,0,0,0,0,0,0,28,0,37,0,104,54,0,18,0,0,67,0,0,0,0,0,0,0,87,0,0,74,0,0,0,0,0,0,0,0,79,0,39,0,0,36,0,0,73,0,0,0,56,0,0,62,79,83,132,0,0,105,0,0,0,97,62,0,0,0,27,95,0,0,126,0,0,0,0,0,0,0,0,0,29,0,0,0,0,0,57,118,0,0,0,0,0,0,0,0,0,0,0,0,0,0,0,0,0,0,61,0,0,0,15,0,0,0,51,56,0,0,0,0,0,33,24,0,0,0,0,0,0,140,20,0,0,0,90,51,0,0,0,0,0,181,0,0,76,0,54,0,0,0,71,183,0,0,0,225,0,37,0,0,0,0,0,42,0,0,0,0,0,0,0,0,0,0,0,0,133,168,0,0,0,0,0,0,0,0,0,0,0,0,0,0,0,0,52,0,0,0,0,38,0,0,0,0,0,0,0,0,0,90,0,0,0,40,94,0,0,0,69,0,0,0,72,46,38,0,0,0,0,0,0,0,0,0,0,0,0,0,0,0,0,0,126,0,0,0,0,0,90,0,0,0,0,0,0,0,0,0,0,0,0,0,34,0,0,24,0,30,45,0,0,31,0,49,0,114,85,0,0,0,0,0,0,0,0,34,0,431,39,0,35,0,0,0,58,50,0,0,0,0,0,0,71,35,0,0,134,44,0,0,0,0,0,0,0,0,0,0,48,0,0,0,0,0,0,0,0,0,0,0,0,0,0,0,0,0,0,0,0,58,0,0,0,0,0,0,0,0,0,0,120,0,0,222,0,0,0,0,0,0,0,0,0,0,0,0,0,0,67,0,0,0,0,0,0,0,0,0,0,117,0,0,0,27,48,0,130,0,0,0,0,0,0,80,104,0,0,0,0,0,0,0,0,0,0,0,59,0,0,0,0,0,0,0,56,0,0,0,0,0,0,81,0,135,0,0,0,0,0,74,0,0,0,0,0,0,0,0,59,0,0,0,0,0,0,0,48,0,0,0,0,0,0,0,0,40,0,79,0,0,57,0,20,0,0,82,0,0,0,0,0,121,126,78,106,0,0,0,0,82,58,0,0,0,53,0,48,0,0,98,0,0,0,0,0,0,0,0,0,0,31,27,0,0,0,0,0,0,0,49,0,0,0,0,0,0,0,111,0,0,23,0,0,0,0,0,0,0,50,0,0,0,0,0,0,0,0,45,0,0,0,98,0,0,82,142,0,0,0,17,211,0,387,0,477,75,0,0,0,0,0,0,0,0,0,0,0,0,0,106,0,0,46,51,0,21,0,0,0,0,336,55,0,21,0,0,50,0,0,0,0,0,0,0,0,0,0,0,0,29,0,72,249,45,57,0,47,0,0,0,57,0,0,0,0,0,35,41,49,0,145,0,71,160,0,75,0,0,0,0,249,0,86,0,59,0,0,0,0,0,38,0,0,0,0,0,0,0,387,0,0,0,0,0,0,46,0,0,0,0,0,0,0,0,0,0,0,0,0,0,0,0,0,0,0,73,29,117,0,0,86,0,0,66,0,0,0,0,0,0,0,0,0,131,0,0,40,158,0,0,0,0,0,0,0,0,0,0,0,0,0,282,0,0,0,37,0,0,219,0,0,0,57,0,0,0,0,0,92,0,44,0,0,0,0,0,0,0,32,0,0,78,0,0,0,0,0,0,0,0,180,0,0,83,0,0,97,0,85,0,0,0,0,0,0,0,0,0,0,0,0,0,0,0,0,0,0,64,0,0,0,0,0,0,0,0,0,0,0,0,0,0,0,0,0,0,0,80,0,0,34,0,0,0,0,0,0,0,0,0,0,0,0,0,0,0,0,0,0,0,0,0,0,0,0,0,0,0,0,0,0,0,0,30,0,55,0,0,0,0,54,0,0,0,48,0,0,0,0,0,0,0,0,0,0,0,0,0,0,0,24,0,0,0,0,0,0,0,0,59,0,0,80,33,0,0,0,0,0,0,0,54,0,0,64,0,0,218,0,0,0,42,0,0,40,0,0,0,0,0,0,54,83,0,0,0,0,0,0,0,0,0,0,0,0,0,0,49,0,0,0,0,0,0,0,0,0,54,0,0,0,128,0,0,0,0,0,0,0,0,0,0,0,0,0,0,0,0,0,22,14,0,0,0,0,277,0,0,42,0,0,0,0,0,0,0,0,0,0,94,0,0,0,0,0,0,23,0,0,0,0,0,0,0,0,0,0,27,0,0,0,0,0,0,44,28,0,0,0,0,0,0,0,162,0,0,0,0,0,0,33,0,0,0,0,0,0,0,0,0,0,0,0,0,0,0,0,0,0,0,0,0,0,0,0,0,0,0,0,0,25,0,0,0,0,0,0,0,0,0,0,0,0,0,0,0,47,0,0,60,0,0,0,0,0,0,0,0,0,0,0,0,0,181,46,0,0,24,0,0,0,34,39,0,0,114,0,0,0,0,0,0,30,0,0,0,0,0,0,0,0,0,0,77,52,28,0,0,0,0,0,50,0,0,0,0,0,0,0,122,0,0,0,0,0,0,0,0,65,0,0,69,0,0,0,0,0,0,0,35,0,0,32,0,0,0,0,0,0,0,36,0,0,0,12,0,58,0,0,0,86,0,122,0,0,0,0,0,0,0,0,0,137,0,0,0,42,39,0,0,0,0,38,0,0,0,100,0,19,0,0,0,30,0,0,85,0,0,0,0,0,0,0,0,0,0,42,0,0,0,29,0,0,0,0,0,0,0,0,0,0,0,0,0,0,0,378,0,0,0,0,167,45,0,0,67,0,0,0,94,0,0,0,0,0,98,40,40,0,0,0,128,16,0,0,0,0,0,0,0,0,0,0,0,0,0,26,0,0,36,0,0,51,0,0,0,41,0,0,0,45,0,0,0,0,0,0,0,0,65,198,0,54,72,0,0,0,0,0,88,0,0,0,0,0,0,0,0,0,143,0,0,0,0,0,0,0,130,0,86,0,0,44,0,128,0,0,0,70,0,0,0,0,54,40,19,0,0,0,0,0,37,0,0,0,0,0,0,0,0,0,0,43,0,440,0,0,0,0,0,28,0,0,0,0,13,0,22,0,0,0,0,0,0,0,0,0,0,23,66,0,0,54,0,0,95,0,50,0,37,0,0,167,0,0,47,0,0,0,0,0,0,0,49,0,0,0,0,0,0,0,0,0,0,0,0,0,95,0,142,0,0,0,0,0,0,0,0,0,48,0,51,33,0,0,0,0,118,0,46,0,67,0,158,0,0,0,44,0,0,0,0,65,0,0,0,0,0,56,0,68,0,0,0,49,0,75,33,77,97,0,0,0,92,0,0,0,0,0,0,0,0,55,0,0,0,0,0,0,133,0,0,0,34,0,0,0,0,0,0,0,0,70,0,0,0,0,0,0,61,0,36,0,0,46,0,28,71,205,59,0,0,27,0,0,42,0,0,0,87,0,0,0,78,75,0,0,0,0,0,0,0,0,0,169,38,54,0,0,27,0,0,0,0,0,0,0,0,0,0,0,136,0,0,0,0,0,38,0,32,73,0,34,61,0,0,91,0,0,0,0,116,0,0,0,0,0,0,0,47,0,37,0,39,48,0,64,0,0,0,0,47,0,79,0,35,0,0,0,48,49,0,0,0,0,0,0,127,0,0,0,0,0,0,0,81,0,0,0,110,40,0,0,695,0,0,0,0,0,0,92,0,0,0,120,0,0,0,0,0,0,0,0,0,0,55,0,70,0,0,0,84,0,35,0,0,0,0,0,0,0,117,26,0,54,31,0,0,0,42,0,0,0,0,0,0,0,0,0,0,82,0,0,0,0,73,0,0,0,0,0,0,0,0,0,76,0,0,0,0,22,0,0,0,0,156,0,0,0,0,0,48,0,0,0,0,0,189,36,0,42,0,62,0,0,0,0,0,0,0,0,0,0,0,0,74,0,0,0,0,0,0,0,54,0,0,0,58,0,0,0,0,126,85,0,0,0,0,0,0,15,0,0,0,0,48,0,0,0,0,0,44,39,0,0,0,0,21,0,23,55,0,0,0,0,0,0,0,0,0,0,0,170,0,65,0,0,0,0,31,91,0,0,0,0,0,0,0,41,0,0,0,0,68,0,0,172,0,0,0,0,0,0,0,0,0,0,0,0,105,0,0,0,55,0,0,0,0,0,0,0,0,0,0,0,0,0,83,0,0,41,0,0,0,0,0,0,0,38,0,0,0,0,0,0,0,0,39,0,0,0,0,0,0,0,0,0,0,62,0,75,0,46,0,0,54,0,0,0,0,0,0,0,0,0,0,0,0,0,0,0,0,0,0,0,0,0,0,29,239,0,0,0,0,0,0,110,0,42,0,44,0,0,0,0,0,65,0,0,0,118,0,0,45,41,0,51,0,0,0,62,0,0,0,14,0,0,0,0,0,0,0,0,0,0,0,0,0,0,204,0,0,0,0,30,0,0,0,36,0,0,0,0,0,0,61,0,0,45,0,0,38,0,0,0,0,0,0,0,109,0,0,0,0,113,0,0,0,110,0,0,0,0,0,0,0,0,130,0,0,0,0,22,42,0,0,46,73,0,0,25,0,0,0,0,31,0,181,25,0,0,0,0,34,0,0,0,0,0,0,0,0,0,0,0,0,0,23,0,0,0,0,0,0,0,0,0,17,0,0,0,0,0,37,0,0,32,31,0,0,0,0,0,0,0,0,0,46,0,0,0,0,0,0,0,0,0,0,0,28,0,0,0,0,85,0,0,0,0,0,0,0,0,0,0,0,0,0,0,0,0,0,0,0,79,0,0,60,0,0,0,0,0,0,0,0,0,0,0,0,0,0,32,0,0,0,76,33,36,0,0,0,0,15,50,0,0,0,0,144,0,104,0,0,41,124,0,0,52,0,0,0,0,0,0,36,0,59,0,0,0,0,105,0,0,0,183,0,0,27,0,0,0,34,0,0,0,0,0,0,0,0,0,0,0,44,0,0,27,0,72,0,0,0,0,0,0,0,0,35,0,0,0,0,32,84,0,0,0,0,0,0,0,0,0,0,0,0,109,0,0,0,0,0,0,0,0,26,0,0,0,0,0,0,0,0,52,0,0,0,32,0,0,0,0,0,0,0,25,0,0,45,0,81,0,53,61,0,0,0,0,0,0,0,0,0,0,0,0,0,0,0,0,0,37,0,37,0,0,0,0,33,0,0,0,0,0,0,0,0,0,0,0,42,0,0,0,119,0,0,0,0,0,0,0,0,0,0,0,0,0,0,0,0,0,0,0,0,0,0,0,0,0,0,0,0,0,0,0,0,0,0,0,0,0,0,0,0,0,31,33,56,0,0,0,0,24,42,0,0,0,0,0,0,0,0,0,0,0,0,36,0,0,0,0,0,0,0,0,0,0,0,0,0,0,0,0,104,314,0,0,0,30,0,0,0,0,0,0,0,0,0,0,106,0,0,0,0,0,0,0,46,37,0,0,0,0,51,0,0,0,0,0,0,0,0,0,0,88,0,0,0,0,0,0,0,17,0,0,0,0,0,0,0,0,50,0,0,0,0,0,0,0,0,0,0,67,15,40,0,0,21,0,77,0,0,0,0,45,0,0,0,0,0,0,0,92,0,0,0,0,0,0,0,0,105,0,0,0,0,0,0,229,0,0,0,0,46,0,0,0,0,0,0,0,0,0,0,0,0,0,0,150,0,0,0,0,37,0,106,0,0,0,0,0,0,0,0,0,0,0,0,0,0,69,0,0,0,0,0,0,0,0,93,0,0,0
17,0,0,0,44,19,0,0,0,0,0,242,0,0,0,132,39,82,0,0,0,178,38,0,47,136,0,0,0,36,0,0,0,0,0,78,76,0,83,249,77,0,0,0,154,0,26,0,173,0,59,0,139,0,0,53,0,0,0,0,0,0,63,215,0,0,38,0,0,0,49,0,20,0,0,133,172,0,65,0,90,0,0,99,191,0,0,0,25,0,61,0,65,63,65,0,0,0,80,0,0,0,0,83,0,0,0,0,0,54,27,31,0,138,40,42,0,76,0,0,188,0,271,41,0,35,0,0,130,20,114,0,283,0,82,40,103,0,40,0,0,0,151,60,0,0,39,46,0,131,0,0,92,0,129,86,0,0,0,249,160,45,0,80,0,50,0,0,106,127,29,157,32,74,0,93,0,0,99,55,0,202,0,0,0,0,0,157,166,0,0,0,49,48,150,0,82,0,0,105,0,48,56,0,63,0,0,0,0,16,103,27,28,63,0,35,0,0,0,40,85,0,44,0,304,0,0,107,144,0,0,0,0,0,0,0,0,75,202,51,0,64,39,63,47,0,177,0,0,0,0,36,325,35,51,0,62,0,0,0,178,0,0,31,27,0,0,349,0,52,0,0,82,226,0,80,0,0,220,165,65,0,34,82,0,0,0,333,0,0,0,0,127,0,21,71,0,0,69,0,0,0,35,0,0,118,0,65,0,0,23,281,0,0,0,0,0,0,0,0,42,0,0,26,80,0,0,156,0,0,195,0,72,42,70,31,0,0,19,11,0,0,0,38,0,0,0,0,0,295,85,53,0,0,358,0,0,0,214,192,0,0,52,0,28,157,130,126,0,0,0,0,0,0,0,78,0,0,0,29,0,0,48,27,0,635,0,64,0,0,0,0,0,0,44,0,38,29,24,53,0,0,0,0,0,40,30,0,0,0,40,0,49,0,0,0,221,0,159,0,0,89,70,0,53,44,67,0,45,0,0,0,75,0,50,0,0,0,0,136,0,0,0,0,44,82,69,0,0,0,0,0,0,0,0,0,0,0,0,0,52,0,0,150,0,23,0,0,0,0,0,0,0,69,0,0,55,230,124,81,0,0,73,57,40,0,0,69,110,98,60,75,0,168,0,0,0,45,69,0,0,70,0,61,0,50,217,0,0,0,0,0,0,0,0,0,113,49,9,0,78,81,34,331,54,0,0,34,81,0,0,0,0,0,58,0,0,0,0,0,0,0,146,0,18,0,37,0,0,117,62,147,0,0,37,0,26,0,0,0,64,172,0,41,0,85,54,0,0,0,81,74,0,0,0,0,0,99,0,0,97,87,0,0,111,0,0,244,52,0,0,163,0,110,0,0,0,0,0,55,0,48,26,36,44,57,52,206,0,21,0,0,170,261,54,0,76,116,15,91,0,0,0,37,48,0,0,0,0,66,222,0,0,0,0,0,53,39,0,0,0,0,0,0,0,120,0,49,30,125,131,39,0,0,358,0,76,79,0,187,67,50,51,0,61,116,45,73,0,39,196,44,164,0,413,63,69,44,333,0,20,18,65,69,85,0,55,0,43,0,100,0,39,0,0,0,271,0,147,0,36,50,0,85,129,0,0,102,111,101,0,109,319,0,0,0,0,0,87,76,263,108,23,684,143,121,88,104,0,0,159,70,0,0,98,0,0,0,148,126,105,52,276,172,0,53,0,0,83,0,0,55,28,0,138,0,0,23,0,0,0,0,0,0,0,21,0,37,0,99,65,50,0,35,0,62,0,0,0,38,78,0,110,0,0,0,42,61,0,287,0,0,0,0,0,0,0,0,55,0,0,41,55,44,197,34,39,32,108,31,35,0,72,318,0,201,36,38,0,45,0,0,219,56,42,25,77,51,0,197,177,0,29,83,0,0,69,72,0,0,0,0,526,0,157,58,0,0,30,0,108,0,82,31,0,0,294,211,43,309,56,36,0,122,24,0,0,0,28,25,0,38,23,26,88,133,0,0,0,27,33,68,109,0,79,56,0,0,0,0,0,94,0,71,61,88,311,64,0,21,0,163,0,67,0,0,0,236,262,126,77,0,59,0,0,357,0,89,59,0,68,90,31,0,0,41,0,0,0,37,0,0,0,0,22,37,72,24,0,0,58,37,0,129,0,93,0,0,24,0,0,0,0,229,0,0,0,0,128,0,62,52,0,30,0,31,0,96,0,96,0,0,0,48,101,0,0,44,38,0,38,138,0,0,0,86,187,0,775,0,673,167,38,40,28,0,0,0,0,0,20,0,115,0,0,77,0,72,117,50,58,0,0,0,0,170,154,92,0,0,0,0,44,37,0,0,310,0,0,0,0,140,0,0,45,120,0,67,485,0,104,0,122,0,0,0,65,37,0,0,0,0,105,92,275,0,76,37,82,122,0,92,0,0,81,160,74,0,184,0,92,47,0,165,0,0,0,0,0,51,0,0,0,37,561,0,0,0,34,39,0,262,0,92,0,40,0,0,0,0,0,39,0,0,0,0,65,11,0,80,30,227,0,142,0,0,517,44,0,167,0,56,52,0,88,0,0,88,0,240,0,0,0,0,0,0,0,104,97,0,0,0,0,0,0,0,0,199,72,0,46,43,147,110,119,0,49,53,73,0,0,0,76,149,161,55,46,0,204,30,46,0,19,34,144,0,35,142,105,0,0,0,0,0,0,164,386,0,0,139,26,260,77,0,52,51,0,0,0,0,0,66,62,0,82,0,0,106,29,0,142,0,0,0,80,0,45,0,0,0,0,0,0,50,0,0,28,0,0,141,0,0,58,124,0,34,71,0,0,79,0,108,0,51,29,0,0,0,46,0,0,0,0,0,51,0,0,0,0,65,0,0,0,0,42,0,0,0,0,60,117,0,0,0,0,0,103,0,0,0,61,0,0,0,31,38,0,0,0,0,53,60,0,0,0,0,0,0,0,104,0,200,0,0,0,94,33,17,95,0,39,0,45,0,109,0,0,30,115,63,100,0,0,360,0,51,0,48,0,0,266,0,41,33,0,37,0,177,41,0,0,0,0,0,0,95,0,38,0,74,0,85,0,87,0,0,32,0,30,13,0,0,0,0,0,0,0,636,0,0,74,31,73,69,156,34,0,0,0,77,0,0,0,0,0,252,0,55,0,95,0,72,53,0,0,0,0,0,0,0,81,70,0,26,0,0,25,104,0,28,0,0,105,0,0,93,26,0,51,72,0,0,32,95,128,0,75,88,0,0,113,0,76,48,0,0,91,31,0,281,0,0,89,0,0,0,144,0,0,0,48,0,32,0,0,0,156,57,0,51,77,0,0,0,0,43,40,0,49,0,0,79,49,106,170,0,69,0,0,77,0,0,0,91,132,84,31,0,41,20,0,0,143,0,68,106,0,0,18,0,0,37,0,40,0,47,0,0,46,140,112,0,47,60,65,147,0,79,68,44,0,197,0,0,0,19,57,0,83,0,0,0,0,0,0,0,0,0,0,94,208,0,0,148,118,0,37,119,60,0,0,0,86,267,0,173,0,0,0,67,0,0,81,0,42,52,68,800,0,0,122,40,0,0,46,0,0,0,45,27,69,0,0,166,0,0,285,0,19,0,0,39,37,0,0,0,0,0,323,13,51,0,0,0,0,0,45,231,143,73,30,0,48,0,34,0,153,0,42,0,0,50,195,59,0,51,0,0,51,0,152,322,72,52,0,0,97,26,0,60,66,35,60,170,0,131,152,26,67,0,0,150,0,0,0,0,94,18,108,0,0,0,366,0,50,0,0,221,51,61,45,72,0,0,0,215,0,0,0,194,32,213,58,49,31,31,106,45,0,80,0,135,25,109,30,95,0,0,0,0,115,0,36,0,0,207,0,0,259,0,0,0,234,101,0,0,114,79,0,0,0,0,0,46,84,0,716,0,59,60,0,0,0,0,58,194,0,0,0,0,0,0,0,0,79,151,0,0,0,0,77,0,107,145,152,118,47,0,149,54,71,0,0,0,119,0,183,0,101,46,0,26,0,0,0,0,0,68,0,0,0,0,0,0,0,0,0,37,38,0,618,0,62,64,0,0,40,46,0,122,54,0,45,0,0,80,72,0,0,104,0,0,0,0,67,0,47,27,51,0,0,328,0,0,0,48,0,79,45,0,66,0,0,0,0,0,76,91,24,69,98,0,0,32,0,0,31,0,42,17,0,0,58,87,72,159,0,0,0,0,0,0,0,24,0,70,21,400,34,64,43,41,0,271,0,0,60,0,0,229,98,0,0,0,113,0,0,0,40,0,52,0,36,0,0,0,314,0,0,0,136,0,52,64,43,0,0,0,0,167,0,0,72,66,0,0,62,23,145,71,30,84,0,0,0,350,0,58,386,0,0,0,0,0,0,0,173,0,169,12,34,0,53,0,0,120,0,111,0,57,0,57,0,0,447,0,105,0,29,0,77,177,82,81,84,387,0,0,57,100,99,0,0,166,0,0,0,0,0,231,175,134,198,0,0,135,0,0,0,59,0,0,25,0,187,0,9,219,0,0,0,0,0,92,38,0,68,59,98,125,0,0,222,36,0,0,0,371,146,0,0,0,0,0,0,106,62,57,214,0,74,0,138,0,0,0,0,142,0,399,0,39,0,78,42,0,84,0,0,42,0,169,0,0,0,0,0,0,0,0,75,158,0,0,35,243,126,45,0,922,0,47,0,0,0,0,208,0,25,0,461,0,0,0,0,0,126,78,46,0,0,94,0,106,30,38,105,211,0,0,0,59,31,80,49,222,0,68,86,0,0,0,83,0,80,116,0,0,0,0,70,0,0,52,49,54,138,109,0,0,0,35,0,0,0,41,0,118,0,0,67,137,0,0,0,0,0,0,61,278,194,87,76,0,0,0,0,46,82,0,0,35,65,120,47,274,31,26,134,0,46,0,0,0,16,83,0,32,52,0,154,340,0,41,31,23,38,0,0,60,0,0,0,254,63,0,54,0,279,208,0,89,0,0,41,0,41,0,46,31,0,77,0,0,0,37,45,257,136,0,0,0,0,0,0,66,55,0,98,43,0,83,56,0,36,51,0,0,861,0,117,0,0,22,37,75,137,19,0,0,0,0,0,50,124,0,47,0,0,151,26,0,134,0,64,0,0,49,0,45,0,49,94,87,36,110,0,0,0,0,0,0,0,59,0,0,41,0,44,0,124,0,71,92,0,0,117,43,0,92,22,100,0,33,0,34,48,0,0,36,76,0,0,43,27,86,323,0,0,0,0,90,0,82,128,0,255,52,134,0,0,0,0,0,0,0,52,0,83,63,53,0,37,0,99,28,0,0,0,0,0,0,0,79,0,747,0,0,0,0,0,38,206,89,151,50,59,0,0,0,0,0,102,432,103,0,157,0,0,69,21,59,101,0,0,0,121,26,32,45,0,108,99,0,0,0,0,17,160,72,0,0,0,0,0,783,0,0,413,38,121,0,238,0,150,62,0,135,43,0,0,49,0,0,143,51,214,80,129,0,0,0,0,0,0,284,70,33,0,0,323,0,28,150,151,74,0,0,0,39,74,0,0,346,0,0,0,0,0,73,93,87,143,312,0,0,0,0,0,28,0,169,0,360,44,0,0,0,92,0,41,93,41,0,113,77,55,32,76,0,0,0,0,61,45,0,0,0,56,106,0,0,496,41,0,38,0,0,0,47,0,42,92,46,0,0,0,64,48,71,0,0,76,169,63,0,0,136,0,0,0,0,95,39,102,25,36,41,22,0,47,0,0,0,0,0,0,0,64,49,20,0,0,0,41,0,28,103,0,0,192,0,0,81,0,48,56,89,214,167,44,0,100,0,0,80,0,32,405,0,0,0,135,100,74,37,0,0,62,91,117,0,0,159,42,226,0,218,56,43,158,213,0,0,72,35,150,44,0,45,0,226,0,158,0,0,0,0,81,0,0,57,790,0,0,44,0,45,0,197,0,0,99,79,0,393,32,236,0,67,0,89,238,0,78,61,201,68,0,0,0,0,38,34,166,0,58,43,0,72,148,339,0,121,35,0,79,0,0,86,48,73,0,29,126,55,0,60,0,0,0,19,94,131,38,0,94,0,0,24,61,103,61,0,0,58,47,0,0,55,151,0,0,0,90,0,0,230,0,62,162,0,81,67,0,0,51,0,0,29,121,0,66,49,0,0,37,39,0,0,81,0,169,149,74,0,45,129,94,0,0,263,66,292,0,63,0,0,48,38,0,80,0,233,167,0,132,99,233,0,72,0,91,0,0,0,40,0,0,0,64,264,173,0,47,0,0,85,80,0,0,81,0,330,61,44,0,0,0,50,89,94,70,0,119,42,108,224,218,0,38,347,29,123,0,33,0,30,0,0,182,0,70,0,69,0,101,0,0,0,96,26,0,50,48,26,0,118,0,0,0,41,181,458,1166,56,59,56,132,93,33,224,0,89,68,55,39,55,65,102,59,36,0,11,0,99,0,101,46,0,0,0,0,346,0,93,32,211,0,56,0,0,0,0,181,0,909,163,0,176,0,0,97,37,0,61,48,189,0,0,25,149,0,0,0,0,0,69,0,44,0,57,112,91,471,42,0,55,58,138,0,148,0,151,57,0,0,221,47,72,0,0,99,0,54,137,0,39,96,29,235,318,61,30,0,42,0,0,264,164,0,0,0,0,0,51,0,53,22,0,48,73,52,0,0,144,0,0,478,0,0,165,35,101,19,137,0,0,22,0,0,0,0,47,267,0,86,80,116,0,68,0,0,35,64,30,0,0,83,168,46,0,46
18,0,0,0,0,0,102,0,0,0,0,278,0,0,0,217,190,133,0,0,0,106,65,13,0,52,0,0,0,0,0,0,24,0,28,16,0,0,87,85,31,62,0,0,169,0,0,0,262,0,42,0,74,104,0,224,26,0,0,0,0,122,106,44,0,0,0,0,28,0,279,0,0,0,0,95,170,0,423,0,122,0,36,11,147,0,0,0,0,0,273,62,0,122,111,0,36,0,28,0,0,0,0,114,0,0,110,0,53,29,146,0,37,0,0,21,43,193,0,0,156,0,71,31,0,0,30,0,93,26,0,0,241,27,0,0,86,60,0,0,81,46,34,339,0,0,94,0,40,84,0,0,82,0,146,0,0,68,0,199,71,0,0,102,47,109,0,29,0,178,53,28,76,63,0,73,0,0,89,99,0,0,0,43,0,36,49,207,183,0,0,0,0,52,0,0,58,0,0,110,0,39,56,0,210,0,0,0,33,93,80,47,0,114,0,61,0,29,0,42,132,85,25,0,229,0,0,0,67,0,0,0,0,41,0,0,0,0,161,51,0,104,0,72,28,0,138,0,0,0,0,64,201,67,0,0,49,0,26,49,72,170,0,0,0,0,0,272,71,299,0,0,88,163,99,0,0,0,373,210,0,0,64,147,0,80,40,284,615,74,54,0,273,0,0,0,0,61,76,0,0,0,0,36,0,209,0,52,0,90,52,87,78,0,0,0,32,94,45,0,44,0,0,0,173,43,0,50,0,0,82,0,79,0,0,0,0,0,25,37,0,0,0,0,46,0,0,0,81,128,76,0,0,0,205,0,37,38,154,165,0,0,112,0,0,33,134,76,31,0,18,41,43,0,0,0,38,0,0,43,0,0,0,37,47,591,0,56,0,0,0,0,237,25,0,31,406,0,0,144,0,0,0,0,0,0,0,0,21,0,0,0,53,12,0,0,142,88,0,44,0,39,54,0,97,70,0,0,0,0,0,0,36,0,24,0,0,28,0,61,0,0,72,30,118,0,0,94,0,0,0,0,190,0,85,0,0,0,0,0,182,0,70,133,0,40,0,0,0,43,41,0,0,17,0,0,39,80,115,27,116,0,0,29,0,0,0,67,121,46,128,58,0,143,0,38,113,85,111,0,0,83,0,128,0,0,227,0,0,12,19,0,0,0,0,0,95,0,0,80,43,49,152,205,0,0,28,0,78,0,0,0,0,0,0,42,26,0,0,78,0,55,64,0,0,0,0,0,0,163,129,70,0,0,0,0,0,63,0,0,59,147,0,0,0,0,0,0,0,0,0,34,22,0,0,0,0,69,0,45,55,96,102,0,101,0,243,133,0,0,0,446,0,53,0,0,0,64,0,27,0,0,0,48,37,73,36,0,0,0,0,0,113,147,59,0,0,0,0,0,0,0,0,0,0,0,0,0,0,0,85,0,0,28,0,0,54,7,0,0,0,0,68,0,0,35,0,0,0,152,199,0,0,0,0,0,38,0,49,85,37,0,0,0,0,95,0,0,0,38,102,0,59,0,120,0,0,0,91,0,0,0,0,0,0,0,46,0,0,0,117,0,0,0,0,0,114,0,0,0,0,71,0,0,76,0,0,36,120,0,0,166,65,0,0,0,0,0,0,50,85,0,0,69,79,0,0,0,0,0,79,63,0,24,86,0,0,0,47,44,0,0,0,88,0,63,0,0,60,0,0,0,0,0,96,0,0,0,0,0,0,0,0,0,0,0,0,0,0,0,90,0,0,0,0,133,0,0,0,0,30,49,0,0,0,0,74,76,76,54,0,0,0,0,0,51,0,0,0,0,0,0,0,15,167,38,0,48,39,0,44,0,26,40,27,237,0,0,0,81,104,0,154,0,0,0,81,0,0,110,190,0,0,33,0,0,169,22,0,0,0,0,177,0,124,88,0,0,18,0,106,0,91,0,0,0,280,117,59,116,0,0,0,46,0,0,0,0,0,0,0,0,0,0,226,0,31,32,0,50,38,0,0,0,32,35,0,0,0,0,0,18,0,0,0,60,80,0,0,0,44,99,0,0,0,0,0,55,76,131,0,0,56,0,0,89,31,95,61,0,47,101,18,0,0,43,0,0,0,49,0,0,0,0,56,35,54,78,0,0,0,68,0,85,0,39,0,0,40,0,0,0,51,112,0,0,0,0,149,0,44,90,0,0,68,58,0,0,21,101,0,0,0,0,0,0,0,76,0,0,0,93,0,0,0,82,438,19,379,0,1039,120,0,0,0,0,0,0,0,0,0,0,0,0,0,76,0,88,69,0,0,0,0,44,0,49,487,59,0,0,0,0,0,0,31,0,60,0,0,0,0,65,0,0,0,110,0,188,321,103,178,0,0,76,0,0,105,55,0,28,0,0,69,41,79,0,0,0,127,39,0,35,0,0,69,45,92,0,56,0,76,70,32,50,0,36,0,32,0,82,0,0,0,0,454,0,0,0,31,30,0,307,0,0,0,89,0,0,0,0,0,0,111,0,0,0,0,0,0,46,0,33,49,196,0,0,145,0,0,134,53,59,94,0,46,0,0,0,0,204,0,0,0,0,0,0,0,0,67,0,0,0,28,0,0,0,0,70,0,0,0,60,92,75,116,0,64,0,84,27,0,76,49,120,86,0,0,29,166,0,57,0,0,53,191,0,0,219,0,44,0,0,0,0,0,0,237,0,0,102,0,108,70,0,138,0,0,0,0,45,0,38,0,0,31,0,0,0,0,0,73,0,0,0,96,0,0,0,0,0,0,0,0,0,31,0,69,0,0,78,0,0,0,160,55,41,87,0,0,61,0,0,0,61,0,0,0,0,0,0,0,0,0,0,48,0,0,0,0,0,0,0,47,0,0,0,0,39,0,44,51,108,0,0,0,0,61,0,37,0,61,0,0,0,0,0,0,0,0,0,16,0,0,0,0,0,0,0,0,0,0,0,0,0,0,0,0,0,0,143,0,0,109,0,78,0,0,100,0,0,96,0,0,361,0,0,0,0,0,0,218,0,0,86,0,58,0,93,81,0,0,0,0,0,0,0,0,43,0,0,0,58,0,0,79,0,36,0,0,0,0,0,0,79,0,0,0,0,59,0,62,0,0,63,0,0,0,47,0,0,0,0,0,60,0,127,0,0,0,0,0,129,82,0,151,0,0,0,0,0,63,65,0,92,0,0,0,39,0,0,0,50,57,0,0,0,62,0,0,60,0,60,0,48,0,0,0,0,0,0,58,0,0,0,0,0,132,0,0,60,0,0,0,0,0,0,0,0,0,99,0,0,0,108,0,0,42,76,0,91,69,0,0,0,0,0,0,0,0,0,0,0,0,0,0,0,62,0,0,58,28,27,0,66,42,0,0,0,47,0,0,41,36,0,0,201,0,0,0,0,32,47,50,0,0,0,0,0,0,65,0,0,25,36,0,119,0,0,0,0,0,84,0,0,0,55,0,0,86,0,0,0,35,0,0,53,0,65,0,56,31,0,0,117,0,0,0,0,0,65,0,0,0,36,0,72,0,0,0,44,0,0,0,139,0,58,108,99,0,0,135,0,0,0,104,45,0,0,38,0,0,0,0,127,0,0,93,0,98,0,22,0,0,0,22,0,0,0,84,0,0,0,0,0,0,0,0,164,155,0,0,0,0,0,0,0,0,38,0,0,0,0,108,45,28,0,0,0,0,0,0,126,0,70,53,0,59,0,0,51,28,0,0,40,0,0,0,91,0,0,0,391,0,0,32,0,124,0,0,0,0,0,126,68,0,0,0,102,0,0,0,48,0,73,0,0,0,0,0,0,0,157,0,49,0,0,80,0,0,57,0,80,0,72,0,31,84,0,0,0,73,0,43,0,0,182,0,0,389,0,0,0,34,46,0,0,95,28,0,31,0,0,0,165,62,136,167,0,0,31,0,20,35,0,0,54,0,0,0,0,0,167,0,0,0,51,0,0,0,0,0,0,0,160,0,44,41,0,121,39,516,0,0,0,154,0,0,0,0,0,69,0,0,0,0,0,0,31,0,0,219,56,0,0,0,0,0,0,0,0,116,0,0,0,0,0,0,0,0,89,73,0,43,17,0,0,0,0,0,52,0,0,0,0,0,0,0,0,0,0,0,215,0,28,0,0,0,173,0,0,98,0,0,0,0,0,0,89,0,0,0,0,0,17,0,0,0,0,0,0,0,0,0,0,0,104,40,0,0,0,0,0,0,29,0,78,0,0,0,59,0,32,0,143,0,0,0,83,0,43,0,0,0,0,37,30,0,0,64,0,43,0,0,0,59,0,108,0,0,0,73,0,35,0,0,0,0,0,0,72,0,0,51,0,0,0,0,0,49,0,0,42,0,0,0,62,0,0,0,0,0,0,0,38,17,0,73,45,0,0,43,0,0,0,0,55,0,0,0,0,50,0,0,0,53,42,59,0,0,0,0,84,0,0,0,224,0,0,0,90,0,0,119,49,0,0,0,0,0,131,98,0,111,0,0,0,0,0,0,0,0,0,0,0,87,0,0,246,0,0,0,0,0,0,0,0,0,0,140,91,0,0,64,0,0,0,0,125,215,0,0,0,0,0,0,0,0,0,149,0,34,0,0,0,0,0,0,51,61,75,0,0,0,54,63,0,0,0,0,0,0,0,0,82,0,0,0,44,0,0,40,115,0,0,0,276,82,31,0,774,0,0,0,0,0,0,0,48,0,0,49,0,0,0,0,0,27,47,0,0,0,0,0,28,0,0,0,156,0,53,0,0,0,0,0,80,46,88,0,0,0,61,0,0,47,0,0,0,0,0,0,0,0,44,65,0,0,118,0,0,0,92,121,0,0,53,0,85,48,0,0,38,0,0,0,0,0,0,0,148,0,373,0,0,0,0,0,57,80,0,0,55,0,168,54,87,28,31,163,0,46,0,0,0,0,0,0,0,39,0,59,321,0,0,64,0,31,0,0,30,37,102,0,72,0,0,34,0,149,42,0,52,0,0,0,0,84,0,111,0,0,0,0,0,113,0,0,199,71,0,0,59,28,57,0,31,38,0,0,0,0,58,40,0,49,0,0,0,488,0,141,0,0,0,0,51,151,0,0,0,0,24,40,0,104,0,0,0,0,264,0,42,146,0,0,0,0,0,0,53,0,37,0,0,57,43,106,0,0,63,0,0,0,0,0,0,0,0,0,0,35,0,0,156,0,0,103,24,0,21,27,0,0,31,0,0,0,0,0,0,0,8,33,0,0,50,139,0,0,0,0,0,0,0,83,0,101,48,158,37,29,36,0,0,0,0,39,57,41,72,120,36,0,0,0,0,0,0,0,28,0,0,0,48,42,744,0,0,0,35,0,38,157,0,105,0,0,0,0,0,66,0,128,162,0,0,149,0,0,48,0,0,0,0,0,0,0,0,68,0,0,165,109,0,0,0,43,0,51,52,0,0,0,0,0,587,0,0,612,62,33,0,108,0,36,86,0,127,0,0,0,0,0,0,58,0,133,0,36,27,0,38,0,0,0,183,80,0,0,0,160,0,94,44,164,0,0,0,0,79,59,0,0,148,0,0,53,0,30,76,0,0,85,247,0,0,0,93,0,0,0,88,0,81,178,0,0,0,134,105,0,97,63,0,70,78,72,28,43,0,0,68,0,0,0,0,0,0,97,134,0,0,219,0,0,0,0,0,0,72,0,0,136,0,0,0,0,84,0,0,0,0,0,75,62,0,0,55,0,0,0,0,0,0,75,105,56,66,0,86,0,0,0,0,0,0,0,0,0,112,0,0,0,0,0,0,0,113,29,0,338,0,0,89,0,69,0,0,0,157,0,0,0,26,0,53,0,0,356,0,0,0,182,86,0,36,0,69,101,0,78,0,0,93,0,235,31,108,0,65,136,263,0,0,44,0,192,40,0,0,15,150,0,81,0,0,40,0,0,0,0,0,243,0,43,49,28,98,0,175,0,0,0,28,0,64,0,0,0,0,0,52,230,0,101,0,125,45,0,0,0,0,0,0,47,0,29,0,0,0,0,127,0,101,0,0,0,0,0,0,33,38,0,50,175,54,0,0,0,0,0,0,104,207,0,0,128,0,0,0,67,0,0,0,0,0,88,0,0,0,80,0,0,0,0,0,0,124,0,0,0,64,0,112,17,0,0,0,0,0,202,0,0,0,0,0,32,0,0,0,450,0,27,63,24,0,59,61,52,0,0,190,0,276,0,0,0,0,20,0,0,0,0,92,0,0,0,0,82,0,59,0,0,0,0,33,0,0,25,0,0,0,104,0,0,0,0,0,63,0,0,0,0,142,0,0,0,0,0,0,42,0,0,0,92,0,0,63,0,0,0,193,0,29,0,98,54,0,0,48,131,0,0,0,37,0,0,0,0,10,42,0,0,0,33,30,0,88,11,34,0,74,125,0,584,0,0,0,0,106,0,143,0,0,0,0,0,0,0,0,62,61,0,0,0,0,0,66,89,0,0,28,0,89,0,59,0,94,0,0,0,0,0,34,0,0,162,0,0,78,0,0,0,54,0,0,0,148,0,0,0,0,0,0,0,0,0,0,0,172,0,27,0,0,0,0,0,102,0,87,0,0,0,36,0,0,0,70,0,0,0,0,73,0,231,107,0,0,104,0,0,0,0,0,0,0,0,0,28,0,0,0,0,71,0,0,0,0,0,35,0,0,0,0,0,0,0,0,49,44,0,0,0,0,0,45,0,0,0,0,0,0,0,0,413,0,63,0,0,0,0,24,0,0,0,0,0,0,0,123,0,0,0
19,0,0,0,0,30,30,0,0,58,0,184,0,0,0,37,165,183,0,0,0,63,0,59,40,0,0,0,78,0,31,0,56,0,0,170,81,0,61,69,73,0,0,0,160,0,61,0,221,0,91,61,106,89,0,252,0,0,0,26,0,75,54,124,29,0,44,38,37,0,232,0,0,0,0,52,93,0,156,42,127,0,0,102,288,0,0,0,57,0,342,43,0,61,60,0,0,0,0,0,0,0,0,113,0,29,28,0,128,51,79,40,89,0,58,0,85,0,51,0,245,0,83,0,0,0,0,0,138,0,0,0,44,0,79,0,104,34,74,33,52,95,0,236,0,0,0,46,74,129,8,0,93,31,85,56,0,82,0,179,129,0,0,110,56,70,40,0,34,191,139,0,0,57,0,88,0,72,71,0,32,166,0,0,36,0,53,552,189,0,0,0,95,64,60,0,58,0,0,122,0,0,98,0,142,0,0,0,0,109,140,59,0,0,0,37,28,71,0,30,50,215,0,0,0,0,0,54,276,0,74,0,38,0,0,0,41,54,216,52,0,73,0,53,0,0,104,0,0,0,0,33,0,0,71,33,63,0,0,75,205,102,0,0,62,0,0,340,38,269,0,0,109,0,0,0,55,0,225,238,0,0,163,197,101,35,66,373,2306,0,76,39,207,0,0,0,0,0,163,0,31,0,41,34,0,259,94,130,0,69,73,345,0,0,0,23,0,86,71,42,0,49,0,0,47,71,0,111,0,0,261,0,65,0,35,78,0,0,0,56,0,0,0,0,79,0,0,0,55,266,88,61,0,60,176,0,0,0,151,168,0,0,68,0,0,123,356,73,53,18,60,0,0,0,58,83,141,0,0,42,0,0,28,17,51,546,0,60,37,0,20,0,435,0,31,28,263,0,68,271,0,0,171,0,0,0,0,0,0,0,66,0,56,29,0,0,138,62,72,162,0,64,74,0,45,85,0,0,154,0,0,0,48,0,0,0,22,0,20,85,0,0,237,69,77,0,154,67,0,45,0,0,116,0,63,0,47,0,0,0,210,0,136,125,0,47,0,0,0,0,0,41,160,72,0,62,108,271,136,80,127,0,0,127,62,0,0,69,104,236,60,77,0,199,0,0,130,37,154,0,0,155,52,193,35,0,124,38,58,0,0,0,0,36,26,0,148,48,88,85,92,55,146,272,60,0,40,77,142,0,0,0,0,0,56,0,0,0,0,83,0,73,264,19,33,0,62,0,0,245,56,113,0,43,0,0,0,0,0,36,94,282,0,32,62,61,50,0,0,0,106,175,0,0,30,0,0,118,0,0,148,143,85,0,140,0,84,339,0,0,0,326,0,103,0,0,0,108,0,73,0,42,38,36,0,148,68,143,0,0,0,32,285,180,0,0,0,0,0,55,0,0,0,0,0,0,114,0,0,0,198,0,0,59,0,0,43,35,0,0,0,0,68,0,0,202,0,0,0,230,82,0,0,0,66,0,98,0,69,160,0,0,0,0,0,155,0,23,0,45,0,47,0,0,178,0,0,66,139,0,0,62,79,25,68,0,39,0,0,0,105,0,0,0,55,33,119,0,0,0,32,0,0,0,34,0,0,48,84,0,39,192,111,0,0,0,0,25,56,0,0,61,33,833,71,109,0,0,0,0,73,79,0,38,106,0,0,0,252,0,101,0,68,0,0,0,0,0,48,0,0,0,0,0,84,28,0,74,0,0,0,41,0,38,0,0,0,0,0,38,0,0,47,0,0,159,0,0,0,0,0,31,0,0,0,0,106,90,137,249,0,0,0,0,0,84,0,0,0,0,0,0,0,63,353,57,0,105,0,0,42,0,0,236,35,81,0,0,0,0,111,0,206,82,27,0,53,32,0,78,192,0,0,0,0,0,74,44,0,0,0,0,110,0,146,48,0,0,0,0,134,0,149,0,0,21,192,166,0,191,41,0,0,92,0,64,0,0,0,0,0,0,0,0,301,0,0,0,0,0,36,0,62,0,0,44,0,0,0,40,0,0,0,0,0,0,106,54,30,0,84,165,0,46,0,0,0,205,225,235,0,0,51,0,0,204,70,101,120,0,0,118,0,0,0,60,39,51,0,50,47,33,0,20,46,0,60,107,181,0,23,44,0,70,33,130,0,0,0,22,76,0,93,163,31,0,68,0,223,0,30,47,0,139,171,130,0,46,42,126,0,31,0,505,0,59,0,32,0,0,45,48,0,0,0,90,322,0,464,0,797,110,0,85,0,52,45,0,0,0,0,0,38,0,0,257,0,91,219,194,36,45,0,117,30,0,459,124,0,96,0,0,0,0,35,0,76,0,54,0,17,119,0,0,0,171,0,230,417,58,209,57,45,109,0,0,254,69,67,0,38,0,77,47,281,0,59,0,155,118,0,238,52,54,0,289,525,90,78,0,43,86,0,66,0,65,41,58,0,0,0,0,0,53,460,0,0,37,72,43,36,194,22,30,91,49,40,47,0,0,0,0,147,0,0,36,0,0,0,55,0,159,198,202,0,0,62,0,0,259,46,92,226,18,44,0,0,75,0,174,0,0,327,0,0,0,0,45,42,0,69,0,78,0,0,0,0,214,0,51,0,58,58,79,136,0,0,50,150,120,0,123,97,86,235,18,0,24,89,33,97,0,0,41,125,0,0,226,131,0,45,39,0,0,0,191,206,0,0,134,0,373,231,0,192,0,50,0,13,0,0,62,56,31,0,0,0,27,0,0,0,0,0,35,58,0,90,0,0,0,0,0,0,26,0,0,62,0,0,178,0,0,0,141,84,0,94,0,0,88,0,116,0,33,77,0,0,0,0,0,0,0,51,0,0,0,0,12,0,63,0,0,29,0,60,0,0,39,0,25,32,58,0,0,0,0,70,0,0,0,0,37,0,0,79,67,0,56,0,0,44,0,0,0,0,0,0,0,0,41,0,0,0,0,23,24,53,0,257,85,0,0,104,0,82,0,0,156,35,0,54,0,0,510,0,0,0,0,0,0,137,0,0,38,0,67,0,124,92,0,0,0,0,0,25,85,0,44,0,0,0,96,0,0,77,0,0,0,0,0,0,0,0,59,0,0,0,299,96,0,0,0,50,65,0,0,0,0,0,0,0,0,0,0,0,108,0,0,0,117,0,156,61,0,77,0,0,0,0,0,0,0,25,67,59,178,0,37,0,58,0,0,56,0,0,0,0,0,31,57,0,0,0,71,164,18,0,0,0,0,0,0,0,69,0,0,72,0,0,105,0,0,92,0,0,0,75,0,28,46,0,0,0,121,25,0,112,63,0,53,62,0,0,0,0,0,39,0,32,0,0,0,0,23,70,0,60,0,0,0,32,0,0,64,0,0,0,0,48,0,0,0,52,0,0,41,0,0,0,33,0,0,37,0,0,0,0,0,42,151,55,0,51,140,35,169,0,28,0,0,0,112,0,0,0,52,165,0,127,129,0,0,0,0,0,32,0,66,0,42,284,0,27,123,44,0,0,125,28,111,0,0,78,82,0,62,0,0,26,0,0,0,0,277,24,0,153,268,0,0,371,22,0,48,87,215,0,37,0,35,0,0,0,138,0,0,0,0,36,0,23,0,31,0,0,0,66,0,97,0,0,0,7,24,90,0,58,121,217,37,0,36,63,0,145,0,74,72,0,70,24,0,724,38,0,0,26,42,62,0,51,82,0,0,56,0,133,71,0,193,78,0,0,60,27,28,83,0,20,0,0,151,0,0,0,27,71,0,29,0,0,0,368,187,0,0,0,136,0,158,0,52,52,95,0,503,0,0,0,139,0,375,35,75,0,0,63,126,38,48,0,169,98,54,0,149,112,0,0,0,75,0,38,23,0,185,0,0,288,0,0,0,67,75,0,0,286,55,0,0,0,0,0,36,72,105,496,0,86,0,0,0,70,0,29,149,0,0,0,0,0,133,0,0,102,47,10,63,0,75,0,0,149,149,54,125,0,0,71,133,329,45,0,0,177,0,402,34,0,50,52,0,0,53,0,0,0,67,0,0,417,41,0,0,0,0,0,0,53,0,315,0,102,199,0,0,0,0,0,145,104,0,54,59,0,0,39,0,0,83,0,53,30,0,0,31,0,0,88,0,0,136,34,48,0,57,0,333,193,0,259,55,0,19,0,0,137,130,66,52,0,0,82,48,0,0,37,32,0,0,0,0,65,0,54,162,112,0,0,39,0,0,0,128,0,65,0,36,0,55,0,28,0,554,48,0,71,110,13,0,0,0,49,0,42,0,0,0,108,0,50,0,0,0,30,0,90,0,61,0,81,0,79,57,0,52,0,0,69,70,0,0,107,0,0,0,0,0,57,94,0,0,0,13,0,307,0,0,0,0,43,0,47,94,94,0,73,117,245,0,62,0,0,0,0,84,33,0,0,0,51,120,0,72,306,80,33,0,0,0,77,0,106,19,0,376,0,0,45,60,40,0,316,0,0,0,0,0,0,174,175,84,151,69,0,0,0,0,0,79,0,0,0,0,42,0,0,148,0,0,0,0,48,0,47,36,141,0,196,150,31,0,92,43,0,0,0,137,525,0,0,0,59,45,0,155,17,0,241,0,0,80,62,0,0,0,0,31,132,104,0,0,0,0,46,44,101,0,0,0,0,21,0,143,0,45,0,116,0,0,0,134,0,0,0,454,37,103,0,679,0,32,0,0,0,0,0,98,89,0,72,0,0,0,0,0,0,0,0,0,0,34,0,50,63,0,60,176,0,95,0,47,0,30,60,33,0,38,20,0,0,44,0,64,46,0,0,0,0,0,29,0,0,49,56,29,167,91,0,0,0,223,42,22,0,0,0,126,0,0,39,0,28,0,0,0,29,29,63,126,44,69,74,0,20,0,0,56,0,0,0,123,0,268,136,55,0,0,92,33,11,0,38,54,0,40,0,79,38,0,97,549,0,0,163,0,47,0,0,54,0,57,0,273,62,0,70,58,310,0,0,158,0,0,0,27,92,0,0,0,0,103,0,0,0,121,52,186,57,0,0,159,37,0,34,0,110,0,0,0,0,77,67,0,79,0,0,0,497,0,301,0,78,0,0,125,184,42,0,0,0,0,39,21,87,0,62,0,0,183,0,0,592,0,0,0,42,0,0,113,0,33,142,0,0,196,119,0,0,50,33,59,0,56,0,0,42,0,0,0,92,0,0,93,0,0,116,0,0,0,54,58,0,84,0,24,0,0,0,0,19,0,130,0,0,115,99,0,0,0,0,96,0,17,140,0,136,101,137,114,41,115,0,0,59,0,106,52,94,346,165,0,0,0,0,39,0,0,0,166,0,78,0,86,105,576,0,0,0,51,0,0,231,115,274,0,0,40,0,0,119,0,117,124,0,0,526,0,0,124,75,0,0,32,0,0,21,69,0,82,38,263,72,0,0,0,45,0,115,36,0,0,94,0,51,453,0,0,589,84,96,0,195,0,319,105,0,72,89,0,0,0,0,0,28,0,144,0,98,55,0,30,47,0,0,575,67,0,0,0,521,33,0,97,353,0,0,0,0,91,34,0,0,0,0,0,36,0,94,95,0,71,146,201,0,0,70,31,0,0,0,48,0,347,183,0,0,0,97,146,29,57,102,0,77,218,123,0,126,0,0,74,0,0,0,66,0,0,72,90,30,0,377,41,0,42,0,0,51,147,0,26,83,51,0,0,0,61,83,0,0,0,60,496,45,0,0,83,28,66,0,0,62,43,72,143,35,136,0,102,63,0,0,0,0,0,0,0,99,146,0,0,0,0,90,0,20,124,47,0,195,0,0,218,44,70,70,60,129,121,0,0,101,0,27,66,0,55,404,0,0,0,249,135,0,0,0,76,184,77,176,0,0,276,109,542,0,263,0,60,95,295,0,0,107,0,176,101,0,0,0,288,23,141,0,0,0,0,0,0,50,39,130,0,0,127,69,0,0,157,0,0,72,65,40,578,37,244,0,145,0,78,305,0,101,48,178,46,0,0,0,0,53,20,0,0,51,32,0,55,136,200,0,61,29,0,23,0,0,34,52,38,0,68,356,87,0,0,0,0,0,48,101,137,0,66,309,0,0,0,57,93,23,0,0,68,97,0,0,0,77,25,0,0,38,0,0,83,27,26,42,89,107,117,0,0,0,0,0,0,103,0,0,0,0,0,67,27,0,0,172,0,0,89,82,49,72,18,0,0,0,308,33,337,0,49,0,0,49,0,0,66,37,245,0,0,172,0,253,0,51,0,57,49,0,0,31,0,50,0,42,208,0,0,0,0,0,105,0,0,0,0,0,306,32,48,0,0,0,0,107,0,36,26,0,0,0,0,84,0,0,182,48,106,0,0,48,0,0,0,61,0,0,0,69,0,24,0,0,0,71,0,0,49,42,82,0,0,0,0,0,0,115,433,373,0,0,76,58,90,30,122,0,52,41,30,0,35,99,71,62,56,0,0,0,0,0,150,84,0,0,73,0,290,0,64,0,168,0,0,0,0,0,113,146,0,254,60,0,78,0,0,26,37,0,0,44,265,0,0,0,114,0,0,30,0,0,60,0,79,0,113,91,61,669,42,0,147,99,189,0,78,0,81,30,0,0,152,47,128,0,0,57,0,92,47,0,41,67,0,88,253,0,0,45,0,0,0,192,46,0,0,0,134,48,32,0,0,0,0,0,0,39,0,0,63,0,0,64,71,0,26,0,0,0,541,0,0,0,0,0,0,0,0,137,0,0,134,84,0,0,0,0,0,0,0,40,0,23,160,0,50,0
20,0,0,0,0,0,31,0,0,0,0,44,0,0,0,58,120,100,0,0,0,212,0,0,0,100,0,0,0,0,0,0,50,0,0,111,79,0,0,97,0,0,0,0,0,0,0,0,189,0,34,0,0,0,0,99,0,0,0,0,0,50,0,85,0,0,0,0,23,0,40,0,0,0,0,65,70,0,147,0,88,0,0,91,47,25,0,0,0,0,110,0,0,0,73,0,0,0,0,0,0,0,0,88,0,0,23,0,0,0,75,34,72,73,0,0,0,58,0,0,54,0,235,0,0,0,0,0,54,0,0,0,254,0,27,0,145,0,34,0,41,0,58,94,0,0,0,0,0,46,0,0,18,22,0,76,0,0,0,98,82,0,0,27,0,41,0,0,78,81,44,129,0,0,0,44,0,0,127,0,0,68,0,0,0,0,0,494,89,0,0,0,80,0,69,0,42,0,0,31,0,87,115,0,243,0,0,0,0,54,41,33,33,0,0,0,0,40,0,0,0,45,0,0,250,0,0,65,170,0,0,0,0,0,0,0,0,0,0,42,0,37,0,0,0,0,70,0,0,0,55,31,214,0,0,0,0,0,0,0,170,88,0,0,0,0,0,223,0,167,0,0,0,319,0,62,0,0,80,58,35,0,34,70,0,0,0,104,407,0,0,0,48,0,0,0,0,0,77,0,0,0,52,0,0,212,81,73,0,0,0,89,56,0,0,0,50,92,37,0,0,0,0,0,125,76,0,0,0,0,59,0,0,0,53,54,0,0,0,0,0,23,0,0,0,0,0,0,34,281,101,0,0,73,0,0,0,71,80,37,36,0,0,0,0,33,147,0,0,0,48,0,41,0,54,41,0,0,0,188,0,0,0,0,0,340,35,33,0,0,0,0,54,0,0,0,62,0,0,0,0,42,76,0,0,0,0,0,50,0,0,0,0,25,0,0,47,0,0,130,0,0,40,0,45,0,0,0,0,0,0,0,0,0,175,0,0,29,0,0,0,0,145,90,0,103,90,43,0,0,0,0,47,0,0,0,42,0,0,0,0,0,61,0,0,0,0,0,0,0,0,0,154,0,0,0,0,103,0,0,54,0,0,51,0,0,0,33,0,108,0,0,0,0,0,45,85,39,64,0,0,29,0,234,0,93,0,56,0,0,0,0,0,0,0,0,0,0,0,66,0,0,78,56,51,0,0,0,68,0,0,0,0,0,0,0,0,0,0,66,0,72,33,0,0,0,0,0,0,0,95,0,0,0,0,0,0,0,0,0,69,114,0,0,39,28,0,0,0,0,0,105,0,0,0,0,0,126,0,0,0,35,0,0,186,0,46,28,0,0,43,158,0,39,0,0,0,0,0,0,0,0,0,0,0,0,28,0,0,0,0,19,39,77,0,0,0,0,0,0,0,0,0,9,0,0,0,0,0,0,0,0,0,0,0,0,56,0,0,0,0,0,0,0,0,133,0,0,0,0,219,40,0,0,0,0,42,0,27,0,0,0,0,0,0,81,0,0,0,0,70,0,0,0,48,0,0,0,137,0,0,0,50,0,81,0,0,0,0,0,0,0,0,0,0,0,67,0,23,0,0,54,0,0,32,0,0,51,0,0,0,145,76,0,0,0,0,0,0,0,35,0,0,515,113,0,0,0,0,0,45,0,0,0,0,0,0,24,97,0,0,0,73,58,0,0,0,0,0,0,0,0,0,0,63,0,0,0,0,0,0,0,0,0,0,12,0,0,0,46,0,0,0,0,0,103,0,0,0,0,0,0,0,0,0,0,50,47,0,0,0,0,0,0,0,0,0,0,0,0,0,0,0,0,153,0,0,0,52,0,0,0,15,0,0,227,0,0,0,88,24,0,57,0,0,0,0,0,0,62,173,0,0,0,6,0,74,0,0,0,0,0,128,0,0,0,0,0,0,0,24,0,0,0,0,0,127,33,0,100,0,0,0,0,0,38,0,0,0,0,0,0,0,0,0,0,0,0,0,0,51,0,0,0,0,0,0,0,0,0,0,0,0,0,0,38,0,0,0,0,95,143,0,0,0,0,37,240,243,269,0,17,26,0,0,0,68,0,92,0,0,93,0,0,0,46,0,38,47,0,0,29,0,0,0,24,80,84,60,0,0,23,31,52,0,0,0,0,0,0,0,0,0,108,0,0,0,0,255,0,62,50,0,31,85,31,0,42,0,0,0,0,0,129,0,0,0,0,0,0,0,0,0,0,0,0,444,40,498,0,413,156,0,0,0,0,0,0,0,0,0,0,71,0,0,0,0,0,43,0,0,0,0,49,0,0,515,36,0,0,15,66,0,38,58,0,0,0,0,0,0,156,0,0,72,108,0,51,0,74,130,0,0,62,0,0,58,0,0,0,0,0,111,0,0,0,63,0,43,110,0,55,0,37,43,120,427,0,46,0,0,113,0,0,29,0,0,78,0,30,0,0,0,0,240,0,0,0,0,0,0,137,0,0,0,36,88,0,0,0,0,0,126,0,0,0,0,0,0,0,0,212,76,65,0,0,109,0,0,183,0,0,179,0,0,0,0,25,0,109,0,0,92,0,0,0,0,0,0,0,70,0,0,0,0,0,0,185,61,34,0,0,55,144,93,0,0,0,76,55,0,0,0,128,48,0,0,0,103,0,0,0,24,0,252,0,0,160,0,0,0,0,0,0,0,46,71,0,0,153,40,300,156,0,155,0,0,0,0,0,0,0,0,0,0,0,0,0,0,0,0,0,0,0,0,0,0,0,0,0,0,0,0,0,0,0,0,0,0,38,0,0,0,81,0,0,0,0,0,28,0,62,0,0,30,0,0,0,81,0,0,0,0,0,0,0,0,0,0,0,0,0,0,0,0,0,0,0,0,32,83,0,0,0,0,0,30,0,0,0,22,0,0,0,0,0,0,0,0,0,0,0,0,0,0,0,25,0,0,48,0,0,0,0,0,0,0,0,68,0,0,0,0,0,0,0,0,75,0,0,17,0,0,285,0,0,0,0,0,0,45,0,0,27,0,0,0,0,15,0,11,0,0,0,0,0,0,0,0,0,0,41,0,0,0,0,0,0,0,0,0,0,0,43,0,0,0,209,0,0,0,0,24,28,0,0,0,57,0,0,0,0,0,0,0,0,0,0,0,0,0,0,0,0,134,0,0,0,0,0,42,22,0,0,0,61,0,102,0,0,0,34,0,0,0,0,0,35,0,0,0,0,0,25,0,0,63,0,0,0,0,0,0,0,0,0,22,0,0,141,0,0,0,0,0,0,0,0,0,0,0,0,0,16,0,0,50,0,0,0,0,0,0,0,0,0,0,0,0,0,0,0,0,41,0,0,0,0,0,0,0,0,0,0,128,0,0,0,0,0,0,0,78,0,0,144,0,0,0,0,0,0,0,0,0,41,0,0,0,87,49,0,0,117,39,0,0,76,0,0,0,179,0,0,0,73,23,0,0,0,0,0,0,0,0,122,0,0,0,28,92,0,0,63,122,0,0,0,0,0,0,0,29,61,0,51,0,0,38,80,0,0,0,47,65,0,0,416,0,0,195,0,0,0,0,46,0,52,0,0,39,0,0,0,0,0,314,0,0,24,0,0,0,0,0,0,0,0,154,0,0,0,0,0,0,0,0,0,0,63,0,0,0,0,56,0,100,0,65,0,0,49,270,29,47,0,0,0,43,0,43,98,91,50,0,0,126,31,0,100,0,41,0,109,0,100,38,25,0,0,0,87,0,0,0,30,163,0,0,0,0,0,187,75,0,0,0,209,0,54,0,107,0,0,0,200,0,0,0,0,0,90,34,0,0,0,0,57,0,0,0,39,52,0,0,46,30,0,0,0,74,0,0,0,0,50,0,0,135,0,0,0,56,0,0,50,195,0,0,28,0,0,0,35,0,56,244,0,0,0,0,0,0,0,0,137,0,0,37,0,22,29,0,0,27,0,28,0,0,49,0,0,0,0,93,0,0,0,57,81,83,0,0,0,125,0,150,0,40,0,0,0,0,0,0,0,0,0,0,0,59,0,0,0,0,0,0,0,46,0,625,0,0,35,0,0,0,32,0,0,48,0,0,31,0,0,0,14,0,44,33,33,0,0,0,0,0,0,95,0,0,103,0,0,0,0,0,78,108,0,0,43,0,0,0,0,0,0,32,54,63,0,0,38,0,0,0,0,0,0,0,0,0,0,0,31,0,0,0,0,0,0,0,0,0,50,0,0,0,0,37,0,0,51,0,0,0,67,0,96,0,0,0,41,33,0,0,0,0,0,0,0,0,0,0,0,25,0,0,0,82,0,61,0,0,60,0,0,36,0,0,0,57,0,0,0,0,0,21,74,0,0,0,0,0,77,0,0,0,0,0,0,0,24,33,0,66,0,168,0,0,31,0,0,0,45,0,0,0,0,25,0,0,0,145,0,0,0,0,0,0,71,0,0,0,0,0,0,40,48,0,0,138,0,0,0,0,0,0,124,148,0,71,0,0,0,0,0,0,35,0,0,0,0,0,0,0,188,0,0,0,0,0,0,0,26,130,0,27,67,0,0,0,54,0,0,0,0,91,0,0,0,0,0,0,78,0,0,89,0,0,0,0,0,0,0,0,0,53,0,0,32,0,0,0,0,115,0,0,0,0,0,0,116,0,0,0,39,0,0,0,131,0,0,32,155,0,0,0,711,0,0,0,0,0,0,0,0,0,0,0,0,0,0,0,0,0,0,0,0,0,0,0,27,0,0,31,107,20,58,0,0,0,30,0,75,0,126,33,0,86,0,0,0,0,43,0,0,0,0,0,0,21,0,62,0,60,87,0,0,0,85,59,0,0,0,0,68,54,0,58,52,0,0,0,0,0,0,32,0,79,154,69,0,0,0,0,0,0,0,0,25,128,119,31,63,0,0,59,0,0,0,0,0,0,0,0,0,0,0,45,61,0,33,145,0,32,0,0,0,0,66,29,97,0,0,0,0,129,60,0,121,0,0,0,0,39,0,24,0,0,38,0,0,0,61,48,51,0,0,0,36,31,0,0,0,53,0,0,0,0,0,0,0,0,0,0,0,422,0,68,0,34,0,0,71,79,0,0,0,0,0,0,0,68,0,22,0,0,106,0,0,276,0,0,0,0,0,0,0,0,0,37,0,109,81,96,0,0,0,0,60,0,48,0,0,27,0,0,0,78,0,34,70,0,0,67,67,0,0,0,57,0,0,0,0,0,0,0,0,0,0,0,38,0,0,61,0,0,0,0,46,0,0,51,0,146,78,48,39,36,137,0,0,0,0,0,0,0,91,160,41,0,0,0,0,0,0,0,90,0,0,0,0,31,257,0,0,0,0,0,70,111,0,0,0,0,0,0,0,64,0,189,92,0,0,243,0,0,48,0,0,20,0,0,0,52,0,26,41,0,61,78,0,0,0,0,0,0,31,0,0,0,0,0,439,0,0,161,0,0,0,90,25,96,0,0,90,0,0,0,0,0,0,87,0,60,24,0,0,0,43,0,0,0,135,0,0,0,0,62,0,50,109,155,57,0,0,0,0,0,0,0,122,0,0,0,0,77,129,0,0,42,158,0,0,0,0,0,0,0,69,0,254,125,0,0,0,65,59,0,0,0,52,0,28,119,0,19,0,0,0,0,70,0,0,0,0,60,47,0,0,184,0,0,17,0,0,0,37,0,0,0,0,0,0,0,0,0,0,0,0,0,269,19,0,0,25,0,0,0,0,0,16,0,130,0,35,0,28,0,0,0,0,0,0,0,0,0,0,0,18,0,0,0,0,44,64,0,0,69,0,0,75,0,0,29,56,43,0,18,0,66,0,31,0,0,50,229,0,0,0,192,0,98,38,0,35,0,36,0,0,0,139,0,95,0,79,40,51,78,116,0,0,0,0,0,54,0,0,0,0,0,41,0,0,0,0,122,0,0,0,297,0,0,54,37,61,0,157,0,0,24,28,27,338,0,281,0,44,0,36,0,0,0,63,76,50,0,0,0,0,33,0,64,0,0,0,0,69,94,51,0,0,0,0,122,0,0,47,27,27,0,0,189,50,0,0,0,0,0,0,35,108,0,83,116,0,0,0,0,0,106,0,0,0,71,0,0,0,140,0,0,51,113,0,0,116,0,53,85,0,28,0,0,0,0,0,0,0,62,0,0,37,0,0,98,0,0,0,91,0,0,0,74,0,33,48,115,0,0,208,0,69,0,0,64,0,0,0,0,0,0,165,0,0,38,0,0,0,0,0,62,0,0,0,39,46,24,0,0,174,0,0,0,0,0,81,57,0,0,54,0,157,0,0,0,0,0,0,33,0,0,0,0,27,0,92,34,0,0,0,0,135,0,0,0,0,0,0,85,0,56,0,0,0,60,0,0,51,98,0,0,0,0,0,0,0,0,0,0,43,53,341,851,0,72,0,0,63,31,0,0,0,0,72,0,60,0,47,0,26,39,0,25,63,0,130,47,0,49,0,0,98,0,60,0,0,30,0,0,0,42,0,0,0,0,73,0,100,0,0,58,0,0,37,0,0,0,0,0,0,0,0,0,0,0,69,0,36,0,0,52,60,343,0,0,124,0,149,0,0,0,65,19,0,0,51,0,0,0,0,18,0,45,83,0,0,34,0,24,219,29,0,0,0,0,0,309,0,0,0,0,0,0,0,0,0,0,0,41,0,0,0,0,58,0,0,129,0,33,0,35,37,0,103,0,0,0,0,0,0,0,0,148,0,0,74,23,0,21,0,0,0,0,0,0,0,77,562,25,0,0
21,0,0,0,0,0,0,0,0,0,0,64,0,7,0,89,0,116,0,0,0,22,0,0,42,0,0,0,142,0,0,0,0,0,0,0,0,0,32,0,54,0,0,0,0,0,35,0,56,0,125,0,0,55,0,120,0,0,0,0,0,90,44,0,0,0,75,0,0,0,71,0,31,0,0,73,58,0,41,0,57,0,0,111,408,0,36,0,0,33,189,0,0,40,54,0,44,0,0,0,0,0,22,57,0,0,0,0,0,0,67,0,0,0,88,0,33,116,0,0,368,0,0,0,0,0,16,0,44,0,0,0,147,0,29,84,0,0,0,0,44,0,0,83,0,0,16,73,0,154,0,0,183,0,76,0,0,0,39,208,0,0,0,52,0,0,0,0,0,256,63,0,0,0,0,44,0,0,0,0,0,60,0,0,0,0,0,223,46,0,0,0,66,0,69,0,53,0,0,0,0,0,71,0,92,0,47,0,34,0,206,53,0,35,0,0,0,0,0,0,67,58,0,0,123,0,0,0,0,0,50,0,0,0,0,0,0,0,72,63,0,42,0,0,0,0,128,0,0,0,0,30,148,43,115,21,0,0,57,0,0,20,0,0,0,0,0,88,58,238,0,0,127,138,0,0,38,0,297,97,27,0,0,249,0,0,0,369,967,45,29,0,43,0,0,0,0,42,49,0,0,0,0,0,0,252,0,76,0,0,0,62,64,0,0,0,48,0,0,0,0,0,0,0,123,0,0,76,0,0,84,0,0,0,0,50,0,14,0,0,0,0,0,0,0,0,0,0,0,84,91,23,0,59,156,0,43,22,78,79,0,0,0,0,0,63,217,37,69,0,0,0,41,0,0,33,74,0,0,34,31,0,0,0,0,339,0,59,20,0,0,0,197,0,0,27,126,0,70,0,0,0,103,0,0,0,0,0,0,0,0,0,63,0,0,0,94,0,42,97,0,42,36,0,45,0,0,0,119,0,0,0,0,0,0,0,0,0,0,0,0,0,102,89,50,0,0,0,0,0,0,0,0,0,0,0,0,0,0,0,37,0,86,0,0,0,0,37,0,0,0,0,30,0,0,0,47,50,43,0,102,0,0,0,38,0,0,59,39,151,120,0,0,0,0,48,60,69,86,0,0,28,0,90,0,0,98,0,39,0,0,0,0,0,0,0,76,0,0,47,0,0,37,0,0,0,0,54,0,0,0,0,0,0,28,0,0,0,0,0,0,0,82,0,0,0,0,0,0,0,108,0,0,27,0,0,0,0,23,41,0,85,0,0,58,82,0,0,0,0,66,102,0,0,0,0,0,80,0,0,59,83,69,0,34,0,105,146,0,0,0,45,0,26,0,0,0,131,0,0,0,0,0,0,0,51,0,79,0,0,0,0,183,195,0,0,0,0,0,39,0,0,0,0,0,0,23,0,0,0,104,0,0,42,0,0,0,0,0,0,0,0,18,0,0,57,0,0,0,0,87,0,0,0,0,0,0,0,0,127,0,0,0,0,0,46,0,47,0,0,0,27,0,0,28,0,0,0,266,19,0,0,0,0,0,0,0,0,0,0,23,0,0,0,0,0,0,0,0,0,0,31,0,59,0,0,0,57,53,0,0,97,60,0,0,0,0,0,0,0,54,46,0,271,0,0,0,67,0,0,86,67,0,0,0,0,0,0,100,0,0,0,41,0,0,0,0,0,0,0,0,0,0,0,58,0,0,0,0,0,0,0,0,0,0,0,0,0,0,0,0,0,0,0,0,76,0,0,0,0,0,0,79,0,0,0,0,0,0,224,0,0,0,0,0,0,0,0,0,0,0,0,0,0,48,0,0,0,0,0,0,0,0,53,0,70,0,0,0,0,121,0,210,0,0,0,32,0,0,32,83,0,0,0,0,0,0,36,0,0,0,0,86,0,59,0,0,0,0,0,104,0,0,0,0,0,177,117,0,186,0,0,0,0,0,0,0,0,0,0,0,0,0,0,44,0,0,0,0,0,0,0,0,0,0,0,0,0,0,0,0,0,13,0,0,0,143,0,0,0,124,97,0,48,0,0,52,195,262,191,70,0,0,0,0,154,73,45,50,0,38,54,35,33,0,39,0,35,0,82,0,0,0,0,0,0,48,102,63,0,0,41,0,0,0,57,0,0,0,0,0,0,0,49,0,0,0,0,383,0,0,0,0,82,0,0,0,49,0,146,0,0,0,285,0,0,0,68,0,0,30,194,0,0,0,0,250,0,182,0,717,0,0,0,23,0,0,0,0,26,0,0,0,0,0,96,0,44,138,53,21,16,0,83,0,68,19,167,0,45,0,30,56,49,0,0,0,0,0,0,0,52,0,0,56,179,0,64,161,48,63,0,0,92,0,0,0,42,0,0,19,0,25,41,112,0,38,0,117,122,0,112,0,0,0,89,276,0,0,0,66,67,0,0,9,0,39,46,0,26,0,0,0,0,254,0,0,0,0,0,0,139,0,45,0,27,37,33,0,0,0,0,170,0,0,0,0,0,0,65,0,176,108,0,0,0,48,21,0,61,34,0,276,0,36,0,0,0,0,0,0,0,221,0,0,0,0,39,0,0,51,0,0,0,0,0,0,324,47,0,37,0,0,96,76,0,0,44,157,58,0,33,110,0,0,55,0,0,0,0,0,0,39,0,146,0,0,185,0,0,0,0,0,0,23,82,151,0,0,56,0,145,152,0,0,0,39,0,0,0,0,0,0,0,0,0,0,29,0,0,159,0,0,0,0,14,0,0,0,15,0,0,0,0,0,0,0,0,0,41,0,0,0,32,0,44,0,0,0,0,0,55,0,0,0,0,0,0,0,0,0,0,0,0,0,0,0,0,0,73,0,0,0,0,0,0,0,0,0,63,0,52,0,0,0,0,44,0,0,0,81,0,26,0,0,0,0,0,0,0,76,0,0,0,0,0,0,0,0,0,0,0,0,0,0,0,0,0,96,44,0,0,0,0,0,0,0,50,64,0,122,0,0,203,0,0,0,0,0,23,236,0,0,0,0,0,0,69,0,0,0,0,0,0,0,0,0,0,0,0,0,0,0,0,0,0,0,0,0,0,0,0,0,32,0,0,0,439,80,0,0,0,0,0,53,0,0,28,0,0,0,0,27,0,0,0,0,0,0,177,0,57,0,0,74,0,0,0,0,0,0,0,0,0,0,95,0,35,0,48,0,0,0,0,0,40,11,0,35,0,0,0,0,0,31,0,0,0,0,67,0,0,0,54,0,0,0,0,0,193,0,0,31,0,0,0,0,0,0,0,0,0,13,0,0,0,0,0,0,0,38,0,0,0,0,0,0,0,0,0,0,0,0,77,0,0,0,0,0,24,0,0,0,59,0,0,0,0,47,0,0,0,74,0,0,162,0,0,0,0,0,0,0,0,0,0,0,0,0,130,45,0,0,49,0,199,0,35,0,29,0,74,0,0,0,0,34,0,119,48,0,0,0,0,0,64,0,44,0,41,0,28,0,96,0,0,0,89,0,79,0,0,0,0,0,72,0,0,0,55,0,0,0,62,32,0,55,290,0,0,79,0,0,0,76,0,0,0,18,0,32,0,0,197,0,0,62,0,78,0,0,0,0,0,0,0,26,0,192,0,0,0,0,0,0,0,0,135,134,0,0,0,54,0,27,0,47,0,0,0,0,23,178,0,0,0,0,0,23,0,0,153,0,49,0,0,0,0,0,73,0,0,25,78,0,40,39,0,38,0,0,180,0,0,0,0,72,0,0,0,0,0,345,84,0,0,0,149,0,0,0,38,0,65,0,82,0,0,0,72,0,149,0,47,0,0,65,0,0,24,0,57,0,47,0,16,0,0,0,0,0,0,49,0,0,151,0,0,218,0,0,0,72,0,0,0,50,39,0,0,0,0,0,102,85,121,378,0,62,0,0,0,0,0,0,95,0,0,0,0,0,87,0,0,0,58,0,0,0,0,0,0,46,123,47,103,0,0,0,0,310,0,0,0,40,0,34,0,47,30,48,0,0,0,0,0,0,52,0,0,106,0,0,0,0,0,0,0,0,0,354,0,0,46,0,0,0,35,0,0,37,0,0,0,0,0,0,0,0,0,0,0,0,0,0,47,0,0,0,0,0,86,0,0,0,0,0,70,84,0,67,0,0,0,0,0,112,50,59,0,0,0,57,0,0,0,0,26,0,0,0,0,0,0,96,61,0,0,0,34,0,0,0,61,0,0,0,125,0,93,37,0,0,274,0,0,0,94,0,0,0,0,28,40,0,0,0,0,82,0,39,0,0,0,0,0,37,0,28,0,82,0,0,130,33,65,0,0,0,59,0,0,53,0,0,0,0,33,43,0,0,0,0,0,0,481,0,0,0,0,0,0,0,73,44,0,32,0,122,0,0,0,0,0,0,38,0,0,0,0,47,57,0,0,196,0,0,0,0,0,0,67,56,0,0,359,0,0,0,70,70,0,176,0,0,0,0,0,0,116,73,0,186,0,0,0,0,0,0,0,0,0,0,0,0,0,0,243,0,0,0,0,0,0,58,0,0,0,132,129,21,0,132,0,0,0,0,0,240,0,37,0,0,45,0,84,0,0,284,0,0,0,34,0,0,0,0,0,87,133,0,52,0,0,0,0,68,0,0,0,0,66,0,115,0,39,0,84,0,0,77,167,0,0,0,201,0,0,0,823,0,0,0,0,0,0,0,46,0,0,0,0,0,0,0,0,0,31,0,0,0,44,11,66,0,0,0,170,17,51,0,36,0,0,0,33,0,0,0,0,98,35,0,0,0,0,0,0,0,0,0,0,0,37,50,0,133,97,0,0,0,73,83,0,0,0,0,71,0,0,0,0,0,0,0,0,51,0,21,53,0,75,104,0,0,0,0,0,47,0,0,0,0,261,69,46,0,0,129,0,0,0,0,0,23,35,0,38,0,0,73,166,0,0,190,0,0,0,0,0,0,121,0,240,0,0,0,0,147,0,0,50,0,0,0,0,58,0,0,0,0,63,0,0,34,34,27,43,51,0,0,0,102,0,0,0,0,0,0,0,0,0,0,0,0,38,0,0,626,0,125,0,27,63,0,69,88,0,0,0,0,0,0,0,65,0,45,12,0,139,0,0,240,0,0,0,0,0,0,40,0,0,88,0,81,107,122,0,0,0,0,71,0,0,0,0,38,0,0,0,0,0,45,77,0,0,74,0,0,67,34,0,0,45,0,0,0,0,0,0,0,33,0,0,0,0,119,0,29,0,0,35,0,0,70,0,74,0,120,0,58,267,0,0,0,0,65,37,0,100,162,0,0,0,0,0,0,0,0,127,0,41,0,56,47,529,0,0,0,25,0,0,124,0,118,0,60,0,0,0,101,0,445,163,0,0,159,0,0,0,31,0,0,0,0,0,0,0,44,67,0,100,102,0,0,0,0,16,128,0,0,0,0,0,0,515,0,0,592,51,94,0,223,0,265,71,0,75,83,0,0,117,0,0,0,0,105,0,109,0,0,32,0,0,0,481,93,0,0,0,402,0,0,54,99,0,0,0,0,83,0,0,0,0,0,28,0,0,0,42,0,0,64,74,0,0,25,0,0,0,0,38,26,93,0,0,0,0,58,0,38,0,0,37,88,0,124,0,76,0,0,0,0,23,15,0,0,0,0,78,0,0,415,0,0,40,0,0,0,84,0,0,71,152,0,0,0,0,89,0,0,0,27,100,60,0,0,63,0,34,0,0,0,0,0,0,0,63,0,84,213,0,0,0,0,52,0,28,59,120,22,0,0,0,81,0,0,42,0,0,106,0,0,112,51,49,0,0,43,0,36,41,0,0,0,0,0,0,375,72,0,0,57,99,42,0,0,29,84,64,135,0,0,109,96,126,16,112,0,98,57,75,0,64,51,36,174,22,0,0,0,164,0,119,0,0,0,0,0,0,0,0,106,0,0,98,80,36,0,191,0,0,89,70,0,689,0,336,0,105,3,37,217,31,0,65,161,0,13,0,0,65,0,0,21,0,44,0,0,0,119,168,0,0,0,0,60,0,0,0,0,0,0,0,114,115,0,0,0,0,61,0,74,88,0,53,64,0,0,0,49,40,0,0,0,36,91,0,0,0,0,0,0,29,51,19,0,37,0,0,0,0,0,148,0,0,0,0,0,0,178,0,0,0,0,11,57,0,0,0,341,0,61,0,0,0,37,47,0,0,0,134,0,40,0,46,0,0,0,0,0,0,0,74,0,0,45,0,0,0,52,0,0,0,0,0,0,0,0,0,0,68,0,0,0,0,0,29,39,0,0,37,0,0,0,45,0,0,0,0,0,50,0,0,45,0,0,0,0,0,0,0,0,0,0,70,47,0,0,0,0,0,0,0,0,0,0,0,0,20,15,0,0,0,0,0,0,30,0,0,0,95,171,211,622,0,0,0,51,49,0,154,0,50,83,37,0,0,38,0,0,58,0,0,28,0,0,88,90,0,0,0,0,64,0,0,0,0,0,0,0,0,0,30,53,0,0,0,0,0,0,0,0,0,0,0,0,162,0,0,0,0,0,0,40,0,0,0,0,113,0,39,0,0,62,0,0,87,0,84,0,0,0,0,34,0,0,88,0,74,0,0,0,0,198,0,0,0,0,0,90,0,0,0,0,0,0,0,294,0,0,0,0,50,0,0,0,0,0,0,35,0,0,0,0,0,25,0,47,0,0,0,0,0,0,102,0,0,0,0,0,0,0,0,282,0,53,0,0,0,0,0,0,0,0,0,0,0,0,216,0,0,0
22,0,0,33,70,73,119,72,0,148,0,580,36,43,0,517,451,197,0,80,0,501,160,123,110,210,0,71,206,41,57,0,115,0,106,258,255,0,127,401,183,82,80,51,527,0,82,116,453,0,292,0,85,245,35,369,42,0,0,44,0,176,117,457,29,35,196,0,74,0,650,0,72,50,0,214,313,35,398,40,253,33,111,132,685,69,0,31,146,116,451,139,120,123,262,97,96,0,93,128,0,0,44,247,59,0,140,35,80,121,350,84,167,178,237,56,112,273,75,0,661,32,268,93,0,71,64,54,275,68,191,0,413,30,122,136,309,186,124,82,162,135,236,586,0,0,158,118,68,316,0,48,332,71,198,168,0,55,104,665,352,84,76,157,160,110,63,65,185,499,433,273,109,172,0,166,89,65,259,133,80,557,0,107,64,122,137,1160,341,0,0,0,168,97,398,43,124,61,61,297,0,143,305,49,548,37,106,55,88,321,396,176,62,222,61,189,150,132,43,78,178,262,47,0,401,0,63,222,559,0,108,0,58,70,0,0,0,55,355,204,0,238,73,146,78,0,370,42,64,38,78,137,398,72,354,67,104,31,98,106,461,227,127,57,86,0,0,497,184,498,80,27,321,476,105,127,169,50,1456,524,120,0,225,433,60,88,34,785,2149,196,95,36,305,40,0,100,59,127,217,65,65,0,184,38,38,846,172,312,67,161,171,785,102,0,0,156,109,309,199,113,69,102,36,69,242,217,85,266,0,50,831,0,193,147,136,207,0,31,72,84,0,0,36,153,286,38,0,58,210,337,385,120,59,229,446,56,85,104,291,364,99,94,231,0,114,388,762,164,113,22,147,126,66,66,133,306,265,0,0,202,74,48,90,38,119,782,85,284,201,0,86,95,650,55,92,109,1078,106,180,203,28,64,300,0,39,57,119,48,64,88,143,0,138,76,10,0,402,270,387,308,71,144,153,69,73,271,147,55,276,59,0,0,87,54,170,0,60,111,33,117,0,0,504,188,225,306,601,204,0,106,45,0,304,0,186,0,67,0,0,0,132,78,251,185,0,0,0,85,46,77,0,107,671,187,166,99,416,249,378,208,282,41,325,520,139,0,0,125,226,361,442,124,25,265,0,114,360,325,158,89,0,336,0,1308,66,215,464,111,67,0,104,99,47,66,55,51,229,122,131,207,131,68,139,473,226,0,86,200,217,0,41,0,35,0,245,0,45,0,0,253,40,288,542,60,0,29,275,0,179,636,238,156,54,176,47,97,49,133,61,147,160,691,0,75,83,278,91,0,0,128,265,286,0,0,0,74,0,391,42,0,154,230,303,0,287,0,541,391,164,0,47,1065,0,147,0,45,0,229,36,100,23,76,77,245,158,202,119,250,85,68,0,58,277,382,168,27,48,120,36,144,0,38,0,78,63,57,190,49,0,0,318,0,0,97,68,105,172,92,59,0,26,55,187,0,0,674,43,141,34,241,412,95,0,159,522,0,176,107,178,206,64,72,95,0,47,262,135,51,37,112,384,95,210,0,398,30,65,99,424,0,42,104,127,102,340,61,126,24,186,0,163,86,34,23,93,83,253,35,477,53,34,165,0,87,75,41,47,136,301,131,51,525,355,19,0,56,34,58,131,131,363,166,0,1480,201,304,106,96,0,0,189,278,32,66,215,0,27,93,672,108,160,103,867,183,0,134,44,16,176,0,84,93,17,0,383,45,0,175,0,78,37,123,39,83,0,120,0,114,0,122,230,35,47,0,0,600,52,0,0,37,172,44,108,0,47,39,369,203,161,1065,0,0,39,48,0,106,0,0,0,56,110,46,0,60,725,85,152,180,204,0,131,28,245,395,56,538,0,0,0,127,441,49,756,58,41,109,200,85,49,135,657,0,40,80,0,0,249,97,0,0,0,0,420,59,247,64,0,131,58,0,402,0,188,26,0,37,773,266,177,550,62,0,56,141,25,204,0,0,29,0,44,130,31,0,354,123,31,40,0,103,129,141,214,45,0,171,0,121,0,58,47,253,72,170,38,139,192,46,84,66,72,465,0,92,0,0,55,611,855,500,163,106,178,0,50,397,487,150,302,56,107,398,82,155,62,137,40,73,82,74,83,104,28,0,129,126,157,287,313,0,42,105,75,293,64,144,70,0,0,169,168,0,194,488,61,0,139,0,311,40,103,199,69,140,158,217,46,148,177,292,52,77,34,444,223,100,0,238,121,0,95,208,0,0,155,117,1025,79,1716,0,1909,248,70,67,0,0,67,41,0,65,123,94,449,0,0,420,25,149,266,199,94,201,0,190,115,86,1482,319,72,208,81,101,77,181,156,0,682,85,120,0,0,219,46,0,224,225,54,468,1824,158,332,89,271,135,57,0,397,132,130,70,53,0,169,93,466,0,181,177,409,504,0,760,201,142,307,547,2237,180,435,109,164,192,47,457,0,172,171,119,0,156,0,131,0,0,802,0,0,0,74,118,120,786,55,105,123,186,136,138,52,0,109,29,216,0,93,125,117,0,0,77,68,571,131,242,55,127,1099,44,0,474,178,184,240,74,88,0,38,264,66,564,0,0,297,237,34,28,40,140,364,58,156,45,184,0,31,0,44,1182,215,102,70,77,424,217,320,0,147,84,232,90,0,204,316,612,246,113,165,65,576,79,136,0,178,98,355,0,59,809,372,67,56,75,0,0,70,616,429,54,0,336,115,911,471,0,546,146,0,117,0,80,0,128,143,140,194,37,0,91,80,0,637,0,43,126,123,0,164,21,0,100,120,37,0,43,36,0,135,62,0,394,40,0,149,409,82,111,205,59,21,212,45,317,36,112,163,44,36,0,114,0,77,37,90,63,76,0,58,39,0,176,61,32,87,34,140,0,0,127,26,232,141,358,25,0,0,78,255,50,154,47,203,71,31,0,209,133,26,61,35,0,225,114,84,0,0,0,114,0,0,85,0,233,0,0,71,164,137,65,368,204,0,44,148,0,311,55,0,410,51,124,294,34,0,1484,0,183,0,61,0,59,307,0,0,249,60,104,0,507,263,0,0,72,104,0,46,149,0,81,0,69,0,215,0,131,106,0,0,0,0,0,88,58,54,243,0,0,0,850,325,68,308,0,179,166,153,102,0,218,79,173,39,0,37,79,0,315,66,20,80,327,43,597,162,0,613,79,0,0,51,0,239,157,0,180,141,382,59,149,52,202,0,68,193,0,36,102,89,45,0,174,0,88,0,156,382,105,126,65,31,270,128,77,112,58,0,0,143,0,0,668,0,32,129,0,37,0,142,49,0,184,101,69,72,208,71,121,284,287,0,176,224,0,35,48,59,35,137,0,43,0,0,97,85,253,118,58,174,0,0,192,60,149,0,344,331,69,36,44,126,73,0,118,330,93,0,474,0,0,87,78,105,96,165,49,0,154,52,37,128,375,136,0,124,307,181,403,0,159,88,68,46,593,0,37,0,193,266,46,293,191,74,0,111,0,41,289,37,280,0,272,390,0,0,423,571,79,55,362,129,247,0,103,173,311,0,525,55,75,169,123,0,40,88,365,89,105,299,1024,0,0,456,102,26,118,321,346,0,81,101,94,118,37,0,400,0,0,1414,0,290,154,82,122,108,0,76,34,191,0,412,25,64,0,41,42,177,0,46,472,168,186,0,42,55,0,160,51,198,123,0,137,55,153,867,105,54,86,0,83,153,48,161,342,281,239,0,0,211,112,0,233,142,127,142,230,0,254,383,191,66,76,191,971,97,41,80,68,544,54,143,0,35,0,608,219,125,49,43,989,77,333,67,121,83,81,76,1053,0,0,38,477,0,427,184,59,114,36,241,270,80,236,35,381,135,194,66,302,222,49,0,0,135,54,66,41,0,995,0,0,1022,0,37,0,190,241,30,69,486,193,68,100,0,60,51,347,159,525,1305,124,59,83,0,36,164,47,140,369,27,0,117,45,101,75,0,0,110,259,73,48,40,116,42,0,592,241,221,226,109,107,341,244,307,64,34,57,335,0,578,75,114,132,242,133,0,133,0,47,36,182,0,45,537,205,83,17,0,0,64,32,377,37,968,56,260,238,0,0,110,130,0,680,173,0,130,77,0,70,96,36,0,329,163,82,38,21,61,150,68,40,195,0,0,337,0,108,63,167,0,129,405,0,127,84,136,45,0,89,175,213,169,121,87,69,132,143,0,0,55,0,0,0,31,49,87,170,147,0,50,31,57,87,0,22,40,193,103,101,0,638,76,118,103,72,117,747,76,43,274,237,0,409,225,23,101,96,98,188,47,0,417,0,112,58,54,29,192,157,125,35,75,35,619,0,141,173,207,194,26,0,135,141,48,0,207,133,0,0,94,40,138,125,55,146,42,0,0,732,23,38,238,104,76,0,0,187,113,0,203,164,438,0,59,53,96,0,46,60,103,242,65,33,180,211,70,163,757,329,147,0,0,30,387,593,235,54,150,930,0,32,79,192,562,0,527,226,0,67,0,0,0,942,523,264,75,129,0,70,105,0,62,110,49,0,48,0,282,0,0,529,29,36,0,0,109,251,0,89,192,42,264,257,0,0,1005,87,0,0,65,183,725,0,122,0,49,65,0,354,119,179,432,65,24,0,234,53,114,0,0,110,252,497,0,66,37,162,232,81,200,33,72,100,0,249,31,220,0,86,41,210,0,0,0,388,0,0,180,965,88,81,0,1310,0,67,0,30,0,0,534,148,56,63,902,30,11,0,0,0,105,70,117,0,0,286,36,40,146,65,288,545,56,188,0,105,62,136,203,367,143,590,156,0,261,258,238,197,143,179,120,76,50,0,93,54,0,210,108,104,490,228,38,34,0,373,162,99,0,86,45,287,342,71,115,230,52,0,63,20,195,72,193,546,403,835,270,0,0,51,0,150,267,0,0,255,202,1177,107,347,105,115,458,69,130,0,144,100,51,113,53,62,174,0,502,1057,0,181,268,33,148,0,0,137,133,141,0,725,171,86,136,131,635,292,0,586,125,54,99,55,411,0,217,57,0,338,76,0,227,532,172,776,324,0,50,216,140,117,103,207,217,0,128,65,0,220,127,60,139,0,38,0,1546,27,307,54,56,125,46,222,320,93,0,67,99,59,68,56,355,50,180,0,72,768,70,179,688,74,176,0,129,76,34,158,0,151,418,148,257,404,169,31,0,110,80,175,0,143,54,34,172,50,72,0,258,67,171,494,34,0,263,176,36,151,204,286,0,62,92,110,81,0,0,0,152,53,169,135,39,385,446,0,93,0,45,313,35,230,326,80,472,201,469,211,130,237,21,70,216,95,305,238,229,342,275,204,80,47,170,199,0,0,69,295,0,56,120,222,139,2290,49,0,70,114,77,153,448,187,555,96,212,58,115,0,323,0,569,577,216,0,579,0,0,240,123,148,132,65,0,0,235,178,59,266,97,589,270,37,0,0,81,48,171,166,58,62,135,36,137,3034,0,0,903,135,230,32,386,72,634,168,0,630,189,67,0,79,0,28,314,70,708,175,154,66,0,72,0,0,39,815,87,54,0,0,627,28,142,143,483,356,64,0,64,158,231,0,0,645,0,51,73,53,268,232,77,177,232,697,0,106,118,131,38,79,0,320,32,788,306,45,112,0,344,154,68,236,184,89,436,310,135,104,128,87,54,41,73,162,88,120,0,51,211,104,58,44,769,82,0,130,64,0,66,168,0,144,201,115,46,80,0,329,204,167,0,27,308,597,197,0,0,261,69,99,0,0,138,84,191,189,91,96,84,142,73,0,0,54,0,0,54,49,143,277,83,55,67,0,187,82,173,324,78,55,593,0,54,267,68,111,159,79,437,410,85,103,244,90,104,200,92,135,384,145,0,0,539,162,211,171,82,184,272,150,211,50,119,456,193,943,87,412,272,228,325,606,22,37,193,53,312,170,113,93,54,1147,92,229,40,71,0,37,670,0,36,93,1096,0,65,171,156,135,77,470,37,228,365,170,110,1642,128,885,48,142,44,185,477,75,260,231,362,136,168,0,0,50,154,0,234,160,94,59,51,203,303,351,0,211,113,53,312,21,49,86,91,106,93,0,674,132,36,0,29,17,99,74,122,427,109,68,340,48,0,0,170,208,374,23,0,171,168,0,69,105,258,69,0,118,233,45,54,534,162,190,279,353,254,372,180,0,92,0,0,0,180,36,147,88,0,154,263,68,57,29,554,0,234,234,227,145,202,240,147,0,31,684,76,603,70,191,83,0,103,106,0,142,215,510,178,66,344,146,476,31,125,42,249,82,56,70,57,88,117,63,89,458,281,95,153,33,28,263,150,0,0,102,86,662,73,139,0,57,77,102,188,142,226,140,133,56,199,357,358,50,53,444,110,306,84,118,181,58,0,68,326,0,106,0,124,94,132,83,48,104,268,66,26,74,70,155,54,100,37,98,0,179,308,691,2521,97,193,125,313,410,65,313,65,188,152,168,0,167,294,267,135,72,63,0,188,130,0,281,149,17,167,205,187,485,82,244,63,310,79,86,43,105,77,133,519,0,867,356,0,653,0,0,117,106,36,129,157,1099,59,0,86,375,0,0,268,50,0,211,0,153,42,174,291,200,806,141,0,325,120,359,70,131,0,264,147,51,66,403,82,319,37,49,170,0,328,306,0,100,175,100,412,368,113,76,119,87,65,0,1325,174,43,0,153,118,109,122,0,63,47,40,136,123,146,86,16,222,67,0,685,269,111,182,96,187,0,1266,0,0,0,0,0,0,47,122,519,0,128,226,177,53,173,78,0,25,130,100,98,37,176,943,100,64,148
23,0,0,0,35,0,0,0,0,0,0,111,0,0,0,90,167,174,0,42,0,52,36,0,0,102,0,0,34,0,0,0,0,0,0,96,41,0,0,75,57,0,40,0,89,0,0,33,0,0,98,0,90,0,0,0,0,0,0,21,0,75,0,0,0,0,62,0,0,0,0,0,0,0,0,0,20,0,71,0,0,0,0,50,84,0,0,0,0,0,0,0,0,0,58,0,0,0,0,0,0,0,0,0,0,0,27,0,0,59,82,41,0,220,78,0,0,122,0,0,0,0,410,0,0,0,21,0,0,0,57,0,450,0,0,0,0,0,0,0,63,0,0,277,0,0,0,0,0,0,0,0,44,31,0,81,0,0,0,66,0,0,0,75,0,41,0,0,123,78,0,80,0,0,0,0,16,22,0,35,0,0,0,0,0,0,0,107,192,0,0,0,0,51,51,0,82,35,0,52,0,0,32,0,187,0,0,0,0,0,51,47,0,41,0,0,0,0,0,0,161,81,57,0,394,0,0,70,254,0,54,0,0,0,0,0,0,46,103,0,0,0,56,0,64,0,0,0,0,0,28,0,342,89,95,17,0,0,0,0,194,42,0,50,0,0,0,294,58,243,0,0,116,353,0,0,0,0,261,100,0,0,0,92,31,0,0,0,823,40,34,0,17,0,0,0,0,0,0,0,0,0,56,0,0,186,90,42,0,0,31,91,78,0,0,0,42,45,0,0,0,0,0,0,175,0,0,98,0,0,55,0,68,0,47,0,0,0,0,44,22,29,0,50,50,0,0,0,0,521,24,41,0,0,253,0,34,93,241,0,41,34,0,0,53,284,71,94,0,0,0,0,33,28,29,168,0,0,0,74,47,0,0,0,0,248,0,86,0,0,0,0,435,0,42,40,199,80,69,159,0,0,38,0,0,48,0,29,0,0,58,0,29,0,0,0,75,0,89,68,0,112,25,0,0,0,38,0,31,0,0,0,0,0,167,0,0,45,0,120,0,0,175,33,137,59,121,31,28,0,0,0,94,0,43,12,0,0,0,0,221,0,54,0,0,0,0,0,0,0,0,0,100,0,0,0,49,112,18,0,0,0,0,0,65,0,0,50,36,72,117,0,0,40,38,50,60,84,167,0,0,0,0,261,0,96,96,0,30,0,0,0,0,0,0,0,130,0,0,30,60,0,228,105,95,0,45,37,256,0,0,0,0,0,109,0,0,0,0,33,0,0,70,0,0,0,40,0,22,0,69,0,0,0,23,0,0,24,43,39,161,317,0,0,20,277,0,0,0,0,112,51,0,0,0,0,0,0,0,59,66,45,86,0,215,0,123,238,0,0,47,129,0,0,0,0,0,0,0,0,0,0,39,33,0,135,0,105,0,0,15,0,31,132,145,0,0,63,0,0,0,52,0,0,22,0,0,0,0,192,140,26,0,28,0,0,81,129,0,0,0,0,178,0,0,254,0,49,0,80,149,0,0,71,495,0,64,35,32,129,0,80,46,0,0,0,62,0,0,54,176,0,105,0,136,0,0,47,148,0,0,23,55,63,111,0,43,0,103,0,0,0,83,0,0,33,77,0,354,0,0,0,0,0,0,51,33,42,103,64,0,240,53,0,0,0,0,34,99,55,146,0,114,484,129,158,128,0,0,0,45,56,49,0,0,0,0,0,268,75,106,55,126,103,0,123,0,0,89,0,0,41,0,0,71,0,0,0,0,0,0,69,0,39,0,0,0,35,0,90,196,121,0,0,0,205,21,0,29,57,67,0,28,0,0,0,104,0,68,121,0,0,55,0,0,0,0,68,0,0,37,0,42,44,230,51,106,48,0,0,27,0,92,147,0,157,0,0,0,34,75,0,120,0,0,9,59,48,0,51,241,0,0,0,0,0,0,0,0,0,0,54,147,0,133,0,0,123,33,42,72,0,0,0,0,0,340,0,47,251,0,0,0,107,0,65,42,0,0,0,0,0,0,39,31,162,0,0,0,0,49,46,89,0,0,50,0,96,0,0,79,103,0,34,200,54,37,0,0,0,0,212,0,42,0,0,0,143,202,368,78,0,26,0,0,538,39,61,44,0,0,81,55,0,0,0,91,30,50,0,0,0,0,0,38,0,34,64,42,0,0,39,27,37,0,76,0,52,0,0,0,0,52,38,0,0,0,0,178,43,0,95,81,33,210,66,0,131,0,250,28,43,0,71,46,0,0,220,0,0,0,134,0,0,63,94,452,46,129,0,1049,23,29,0,31,0,0,0,0,45,48,0,0,0,0,50,83,71,226,44,0,0,0,0,0,108,309,207,80,32,0,57,28,0,44,0,158,72,0,0,0,48,0,0,0,0,0,153,981,89,145,0,84,0,33,0,125,100,0,0,0,0,0,0,153,0,0,75,112,70,0,0,0,55,21,311,263,123,141,0,76,138,0,124,0,0,0,87,0,73,0,96,0,56,127,0,0,0,0,28,0,274,40,160,0,72,72,0,0,0,89,0,0,0,0,47,54,0,0,71,37,176,0,209,0,39,251,108,0,146,59,37,0,0,63,0,0,70,73,132,0,0,0,532,0,0,0,144,39,0,105,0,0,0,56,23,0,176,73,0,94,62,62,136,0,0,0,50,0,0,50,43,241,92,0,82,194,0,38,34,0,0,45,0,269,0,56,215,80,0,45,0,0,0,65,146,159,61,0,37,0,231,115,0,58,34,0,0,0,30,0,0,0,0,0,0,63,151,16,0,193,0,23,0,47,19,0,25,0,65,0,0,0,31,0,0,0,0,0,39,0,0,0,63,35,0,0,0,0,0,0,126,0,86,0,0,43,0,0,0,0,0,38,0,69,0,69,0,0,41,0,0,100,0,122,0,0,0,0,107,152,49,0,27,0,0,107,0,0,0,65,0,0,0,0,55,0,0,0,0,40,0,0,29,0,0,0,53,0,65,0,240,0,0,0,42,0,0,0,78,0,0,72,0,130,0,0,252,0,0,82,0,0,776,23,58,0,0,31,0,263,0,56,58,39,114,0,109,41,0,0,0,47,0,0,74,0,0,0,0,0,0,0,51,55,0,0,0,0,0,21,0,0,0,0,0,0,569,218,26,137,0,43,116,192,0,0,0,0,111,0,0,0,29,0,286,0,114,29,141,0,113,0,0,0,0,0,0,0,0,114,49,0,64,49,116,0,164,0,150,0,40,79,0,0,92,14,0,81,0,0,51,62,0,0,0,0,63,0,198,55,0,50,90,33,0,0,41,0,221,0,0,73,0,0,0,150,0,72,0,25,0,0,67,0,0,59,0,0,28,136,0,0,46,0,0,0,0,35,120,0,55,0,42,131,0,0,0,0,30,29,0,0,143,96,71,37,0,0,45,0,0,92,0,61,168,0,0,0,107,0,0,0,25,0,49,0,0,0,199,82,0,0,57,0,112,0,63,0,29,0,167,0,0,0,99,0,0,103,0,0,0,0,0,0,161,0,29,0,51,0,0,0,75,131,0,0,69,0,24,0,0,42,130,0,37,0,0,47,120,0,0,0,52,23,0,61,246,0,0,0,0,0,0,0,81,0,92,0,28,31,0,0,116,0,0,261,0,55,0,0,32,67,0,0,47,55,0,95,0,0,0,0,0,0,0,0,129,88,35,0,0,0,0,0,0,77,54,0,0,0,44,0,0,0,0,0,0,0,0,0,105,62,31,0,0,36,0,0,43,0,32,0,92,0,0,75,72,0,0,53,274,0,0,0,30,281,0,0,0,0,0,387,53,43,0,0,309,0,0,0,21,0,0,0,0,0,0,0,0,0,107,53,0,0,0,75,114,0,0,0,85,0,71,54,0,57,0,0,0,0,0,0,0,0,182,0,0,191,0,0,0,91,55,0,0,59,0,0,0,0,0,0,75,0,99,192,0,0,49,0,0,0,0,28,79,0,0,34,0,0,0,0,0,0,0,0,74,0,0,0,0,176,59,49,124,0,0,109,35,0,0,0,0,0,0,0,0,0,49,52,0,0,0,0,0,0,32,0,0,77,41,0,0,0,0,0,0,102,0,130,0,0,0,0,0,0,33,0,0,0,0,0,0,0,45,0,59,0,0,0,0,0,0,38,70,0,11,54,0,0,115,0,0,0,0,61,56,118,0,49,0,0,0,0,0,72,36,0,0,62,0,0,0,0,0,0,0,42,0,0,0,0,126,59,147,0,54,31,0,0,0,0,52,0,0,0,121,42,0,0,0,0,270,0,80,0,0,0,199,41,0,0,0,72,0,0,0,85,0,0,0,0,0,0,50,116,0,0,0,0,53,0,55,261,60,0,0,0,70,0,0,0,51,0,0,0,0,59,149,34,0,16,0,0,278,0,0,125,54,0,0,0,0,22,0,66,82,88,0,28,0,0,0,0,89,0,53,136,0,0,0,96,0,330,58,31,0,0,0,0,0,0,0,45,0,0,0,110,0,74,0,81,16,0,0,0,0,51,0,116,118,171,0,0,0,0,0,0,0,0,0,50,0,65,0,57,58,0,0,0,0,0,35,0,0,94,0,41,0,0,0,70,0,0,0,0,94,201,0,0,0,0,0,0,0,0,180,108,130,58,70,96,0,0,0,0,51,0,127,0,0,0,18,0,0,38,0,0,69,0,0,0,68,0,0,0,20,0,0,61,34,21,0,0,84,0,0,0,137,0,0,0,0,0,0,177,53,0,81,258,0,0,55,0,0,95,0,32,0,0,45,0,43,0,0,0,304,0,55,0,0,17,53,0,0,30,80,0,0,451,38,118,0,36,0,0,0,0,0,89,0,0,0,0,64,0,79,0,0,0,57,55,80,0,39,0,43,60,56,86,72,0,0,0,0,0,68,55,290,0,283,69,0,0,0,0,0,82,0,0,41,87,234,0,0,60,78,122,0,91,0,0,41,0,97,0,0,0,0,260,190,0,0,74,0,0,0,0,0,36,89,0,80,0,51,60,32,0,0,0,0,81,0,44,64,53,0,109,63,0,0,51,0,91,44,0,0,74,0,0,48,0,46,0,46,75,0,105,32,0,175,89,0,0,0,0,0,415,0,47,52,0,0,0,45,0,0,0,40,0,77,0,0,81,0,37,0,0,344,0,40,54,41,31,0,0,0,0,22,0,0,0,0,55,0,42,0,0,0,70,27,45,51,0,0,0,17,55,0,100,0,26,208,0,0,0,57,0,161,56,0,0,0,48,42,0,0,0,0,146,0,43,163,0,86,133,0,0,0,0,181,0,153,0,99,0,0,144,0,23,139,0,105,57,0,58,34,170,0,0,65,0,0,12,0,0,0,0,86,44,0,35,148,0,648,53,0,48,44,0,86,0,0,211,64,0,0,0,0,74,0,92,212,139,31,73,0,0,0,0,66,0,0,0,0,66,0,0,36,0,111,78,0,0,0,0,0,0,0,0,0,63,0,0,147,0,0,127,0,0,0,37,0,310,33,0,61,107,0,0,90,0,0,61,0,49,37,0,0,0,0,0,0,0,42,0,0,0,0,159,0,0,46,63,113,0,0,19,0,0,22,0,105,0,0,0,0,151,0,76,27,0,81,0,0,21,0,0,0,0,0,0,104,88,0,0,0,78,0,0,40,0,0,142,0,84,0,0,0,0,0,0,25,0,0,0,0,0,0,56,0,82,0,0,0,0,0,74,0,0,0,43,116,36,0,0,33,87,0,0,0,122,767,57,0,0,0,0,52,0,0,70,0,0,0,0,24,0,0,171,0,0,0,0,0,0,0,0,63,0,0,36,0,107,0,33,0,0,0,77,0,0,76,0,0,25,0,34,0,0,0,0,0,0,0,29,0,113,44,0,0,42,34,44,0,0,24,53,0,38,0,0,422,95,171,26,102,61,75,0,114,0,41,35,0,55,66,0,0,0,411,0,67,0,0,0,0,195,0,0,0,52,0,0,0,0,35,0,162,0,109,128,31,0,801,0,417,0,114,0,0,85,31,44,40,74,0,0,0,0,46,0,0,0,42,0,0,0,0,0,103,0,0,0,0,67,0,0,0,0,0,42,0,64,0,0,0,0,0,0,0,0,82,0,45,181,0,0,0,0,0,143,0,0,0,0,0,0,46,81,0,0,78,101,0,0,101,43,0,82,74,122,67,0,0,0,0,0,0,196,0,0,0,0,0,47,0,0,0,318,0,47,0,95,38,73,52,46,0,0,349,125,291,0,92,52,0,0,0,0,0,0,266,122,0,182,71,94,0,43,0,0,42,0,0,0,0,0,0,0,191,159,0,68,0,0,0,35,0,0,0,0,144,57,0,0,0,0,0,0,30,51,0,0,0,0,0,346,29,0,400,38,98,0,77,56,0,0,41,106,0,33,0,42,0,60,26,0,0,28,0,0,0,72,0,21,47,0,0,0,0,73,333,569,0,96,54,103,103,0,54,0,132,0,0,0,80,124,26,155,73,0,0,44,0,0,139,0,0,79,52,0,204,0,84,29,162,0,14,0,26,0,0,131,0,643,0,0,88,0,0,62,0,0,26,40,202,0,0,21,113,0,0,61,0,0,0,0,106,0,34,0,0,511,70,0,261,0,125,0,136,0,63,0,0,0,69,0,141,0,0,56,0,202,97,0,0,178,57,225,68,0,0,40,29,0,0,177,130,0,0,47,0,0,0,0,0,31,0,0,0,61,0,0,34,0,0,99,35,0,94,0,0,0,177,0,0,0,0,0,0,0,26,241,0,27,125,301,0,56,55,0,0,0,37,0,0,70,410,0,0,35
24,0,0,0,38,0,48,52,0,131,26,214,0,0,0,103,308,317,0,0,0,359,50,55,93,207,0,0,66,0,0,0,0,0,0,122,166,0,73,182,109,0,0,0,311,0,79,0,560,0,169,0,39,52,0,293,0,0,0,0,0,56,89,203,0,39,137,45,0,38,191,0,0,0,23,103,71,0,241,26,122,0,0,181,326,0,58,0,55,48,364,54,38,78,106,0,0,0,54,63,0,0,31,169,0,0,62,0,37,50,156,0,0,137,190,39,0,112,0,34,342,0,251,36,0,62,0,0,61,0,119,0,347,0,92,94,244,43,99,86,0,57,96,407,0,0,0,63,73,150,0,0,73,0,119,83,0,76,0,75,165,88,0,37,46,87,50,0,178,112,78,216,0,48,0,29,31,75,232,0,38,258,0,0,28,64,44,158,151,0,0,0,55,0,164,0,76,0,0,87,0,129,175,0,331,0,0,0,41,72,173,0,42,56,63,51,66,0,0,14,131,109,48,0,331,0,0,105,236,0,49,0,0,0,0,0,0,0,106,0,32,96,53,48,91,0,157,0,0,0,61,45,327,58,181,42,78,0,49,75,253,120,52,0,36,0,0,216,180,178,0,0,233,391,0,108,101,0,618,276,85,0,60,110,80,69,0,214,1271,98,0,45,240,37,0,28,0,0,0,0,17,0,60,0,0,167,244,320,0,216,184,294,74,0,0,62,136,248,135,0,87,75,19,39,108,190,53,0,0,0,204,0,117,0,68,40,0,0,0,0,0,88,0,97,95,23,0,34,192,840,245,165,0,129,199,0,102,52,119,184,70,74,84,0,114,150,854,102,24,47,137,49,36,77,131,81,98,0,0,87,67,33,0,0,59,388,97,109,98,0,39,0,111,0,35,71,703,48,0,230,0,0,282,0,32,101,68,0,51,0,210,0,48,70,0,0,90,115,197,341,24,61,189,0,94,197,53,70,105,51,0,0,96,0,95,50,49,36,0,82,0,0,115,221,243,81,369,122,26,0,24,0,87,0,57,0,52,46,0,0,0,79,98,97,0,0,0,115,38,37,60,80,345,53,86,22,143,30,360,74,74,48,136,217,119,0,0,25,132,502,248,90,0,137,70,99,306,250,228,0,0,388,49,705,120,56,0,100,109,19,149,0,0,83,0,54,288,88,49,204,177,80,0,413,46,0,0,50,314,43,63,0,0,0,91,82,0,0,0,179,39,237,151,61,0,0,123,56,91,541,89,163,39,144,0,38,0,42,0,0,209,301,0,0,91,193,68,32,0,42,175,298,52,0,72,0,0,175,0,0,251,43,114,0,409,0,182,688,96,35,30,440,0,159,0,0,0,0,0,35,81,35,64,60,0,95,76,164,54,75,0,0,132,210,136,0,63,83,0,35,0,49,0,0,56,0,0,91,0,115,141,0,29,64,0,0,0,94,28,0,0,0,220,0,0,44,0,92,0,356,144,0,0,55,449,0,44,41,36,138,59,69,72,0,0,204,33,146,46,33,440,0,200,0,199,59,49,0,155,42,28,0,68,144,78,0,48,37,256,0,0,25,76,0,0,62,140,0,411,0,0,72,0,157,84,46,0,55,87,139,0,68,121,19,0,0,0,60,144,127,172,0,94,641,243,319,171,131,0,0,59,58,39,26,103,0,0,0,105,176,179,53,614,144,0,144,56,0,192,0,0,134,0,38,138,0,0,0,0,0,0,294,26,39,0,78,0,114,0,128,178,168,113,33,0,0,58,0,55,62,139,0,173,43,0,0,103,104,0,193,0,0,47,0,0,0,0,61,43,64,114,0,95,64,42,0,258,52,222,0,30,0,279,183,58,186,0,54,27,50,122,0,154,55,108,37,53,71,0,140,86,0,0,52,0,0,0,191,0,0,0,46,208,0,353,0,0,122,49,0,87,0,206,0,0,0,874,116,34,285,26,48,0,188,0,62,51,0,57,36,0,0,0,0,522,198,67,0,0,42,0,142,86,0,58,180,0,137,0,22,46,205,0,67,245,136,495,40,0,63,38,206,0,0,0,62,0,226,182,54,212,49,84,69,0,512,76,50,61,0,204,175,98,0,0,0,157,0,0,41,0,0,19,0,0,0,0,36,125,0,0,217,0,133,0,185,0,92,69,30,165,0,50,180,23,31,67,58,253,41,34,0,96,54,268,55,0,134,53,555,0,0,0,214,119,0,0,765,41,0,0,240,0,0,52,87,245,32,595,0,456,84,0,75,64,23,0,0,0,165,52,0,96,0,47,265,108,36,203,127,27,0,0,125,19,315,245,230,134,83,0,0,69,0,29,0,290,178,62,0,0,63,75,36,51,78,0,117,435,0,23,0,63,64,157,66,102,202,136,0,119,0,0,36,230,0,33,92,48,63,0,484,52,65,88,75,372,293,74,0,326,0,72,201,0,0,33,0,0,0,0,160,0,77,226,34,0,0,72,61,82,71,0,157,61,0,0,60,0,0,114,45,99,0,0,0,103,54,0,0,124,200,71,459,0,131,593,77,0,133,0,49,112,41,44,0,0,84,125,140,0,0,153,829,0,47,0,121,157,0,0,0,44,33,49,0,100,144,84,0,82,141,72,19,0,0,40,0,218,53,0,55,225,148,217,87,277,0,199,0,86,0,0,115,87,26,132,57,94,0,95,0,0,60,91,123,828,90,55,96,39,133,41,0,145,60,0,68,39,50,0,51,44,72,151,0,75,246,40,0,425,30,45,86,33,68,54,155,70,62,85,38,65,56,0,25,0,23,0,213,0,0,39,199,57,103,54,0,0,90,40,139,31,41,190,0,103,0,75,22,61,0,112,48,116,0,121,23,0,161,0,55,146,28,41,0,0,72,44,184,176,159,0,25,0,45,366,28,0,36,142,96,50,28,83,0,0,77,91,0,189,71,107,0,0,0,70,46,33,83,0,189,77,0,0,186,51,35,326,147,75,22,64,0,160,22,30,209,391,39,221,70,0,894,30,226,0,109,62,63,554,0,104,59,0,36,0,110,0,0,0,0,82,31,0,260,46,0,34,111,55,108,0,281,128,74,23,61,54,86,69,0,0,178,50,0,55,2323,229,28,380,0,40,83,352,51,48,87,0,281,32,37,44,66,0,330,69,73,124,819,22,436,101,0,260,27,0,72,0,0,142,68,0,182,148,322,85,198,0,133,0,89,199,0,66,101,0,54,159,52,0,67,125,70,113,0,98,164,0,160,305,86,176,313,78,49,0,38,0,293,0,0,253,0,21,0,380,0,103,83,90,44,53,155,61,91,79,89,0,0,200,0,41,73,0,61,0,0,56,92,0,266,158,168,201,75,39,0,41,171,0,66,41,271,234,137,101,68,112,83,0,0,0,63,91,428,60,0,34,60,0,0,40,0,0,44,0,23,122,0,0,0,0,55,64,138,0,53,115,0,38,221,0,0,0,48,106,0,124,43,41,0,0,0,0,90,0,84,0,290,162,0,0,142,160,36,82,122,45,103,0,0,39,388,0,151,27,0,67,96,0,34,0,267,74,0,118,330,0,0,98,68,0,47,103,121,0,66,27,61,46,0,0,174,0,35,438,0,63,66,0,31,88,0,0,45,131,0,80,0,0,0,45,0,53,0,0,161,345,63,0,0,95,52,61,0,69,86,61,0,46,38,312,0,0,0,28,0,71,26,169,57,65,83,47,0,0,0,0,34,0,75,130,87,33,87,105,79,38,0,98,177,0,0,0,48,188,0,63,0,0,0,106,0,50,0,0,240,104,130,69,0,0,107,0,454,0,0,0,217,0,985,0,96,48,0,85,178,0,61,0,102,0,77,52,112,207,0,57,0,0,0,28,0,112,241,0,0,275,40,0,0,138,55,0,0,80,0,40,0,0,27,0,72,73,233,337,60,128,89,0,24,0,0,0,188,0,0,47,0,0,156,0,0,0,336,28,165,0,0,0,0,294,114,72,0,24,37,313,0,526,0,0,0,64,0,225,0,0,74,127,33,27,58,41,0,0,52,0,0,466,102,0,0,0,0,0,0,195,0,454,0,114,78,0,0,32,111,0,362,148,0,101,0,32,69,64,122,0,80,37,79,0,0,80,130,53,0,160,0,0,323,0,38,0,0,81,213,197,0,152,106,41,0,38,0,88,163,141,0,211,0,0,37,0,0,0,0,73,52,0,86,0,147,40,240,80,64,40,0,0,0,0,48,0,66,104,394,60,0,0,0,29,363,52,55,58,107,0,492,111,0,0,87,252,128,76,0,190,37,70,0,35,0,0,126,104,0,0,0,90,68,128,0,190,131,0,0,56,252,0,0,55,85,0,0,44,0,156,256,69,94,54,0,0,188,0,0,335,84,0,0,0,45,46,0,343,0,88,0,72,42,40,0,22,207,0,135,119,36,130,95,35,59,446,32,106,0,0,67,173,129,60,81,102,168,0,32,238,55,133,39,187,151,79,0,0,19,53,183,270,182,302,17,0,0,0,0,0,53,0,0,119,0,199,0,30,238,35,0,0,0,0,98,36,50,231,41,92,60,0,0,207,0,0,0,0,121,371,0,56,0,45,0,0,97,66,134,105,56,116,162,121,14,13,0,0,125,78,315,0,50,0,119,158,40,44,0,0,218,0,164,0,294,0,0,0,62,0,0,126,136,0,0,0,91,0,57,0,339,0,37,0,0,0,0,293,36,33,83,444,0,0,58,30,0,114,69,0,0,40,103,0,120,0,36,117,237,0,142,0,47,0,55,0,190,85,193,90,0,561,52,64,51,58,76,60,52,0,0,0,0,55,0,109,0,109,211,0,0,0,0,118,83,0,33,22,0,165,64,88,118,0,0,21,0,83,62,92,365,239,841,0,0,0,0,0,0,119,0,0,45,123,402,0,241,141,91,209,0,86,0,0,0,0,48,0,0,102,0,146,205,0,83,91,0,34,0,0,0,49,97,59,154,62,20,59,36,223,216,0,78,35,0,28,65,125,0,202,65,0,72,0,0,190,207,0,381,91,0,46,0,51,119,0,0,73,0,89,0,0,148,107,64,23,95,0,0,1123,0,0,50,0,0,0,0,98,0,0,51,0,0,0,53,151,0,0,0,0,347,45,39,89,75,33,0,0,84,0,0,0,43,68,61,219,107,62,0,0,0,82,0,36,43,0,0,0,62,0,0,111,0,0,495,0,0,88,121,0,102,64,90,31,0,124,0,0,0,0,0,58,0,33,197,0,74,239,0,51,0,0,124,0,42,107,94,60,0,205,59,0,123,0,124,55,0,0,82,139,66,107,101,0,0,74,0,0,0,29,48,0,0,53,110,82,1409,51,0,37,59,0,108,97,53,159,0,67,41,0,0,36,0,179,298,0,0,79,0,0,75,28,27,119,0,0,0,99,25,79,55,30,84,190,0,0,0,0,0,174,33,0,0,51,0,0,358,0,22,197,0,0,0,182,62,141,0,0,90,90,0,27,134,0,0,0,0,188,0,114,0,0,27,0,0,0,375,46,0,0,0,186,0,103,114,246,136,0,0,0,0,0,0,0,69,0,0,0,0,75,147,0,135,0,204,0,0,0,0,0,53,0,57,0,578,0,28,0,32,42,90,0,67,0,0,119,108,65,41,0,0,0,44,0,135,0,32,0,0,156,63,0,0,369,0,0,65,46,0,0,61,0,50,0,191,0,85,0,68,56,50,0,0,85,202,34,30,0,63,52,0,0,55,115,0,0,0,0,66,0,0,247,0,0,0,0,32,0,0,53,27,0,0,0,0,49,38,84,84,0,0,95,0,0,91,0,0,0,52,295,95,90,0,93,0,0,0,0,68,302,36,0,0,288,36,222,74,57,53,45,0,60,0,21,157,60,122,0,30,0,126,71,80,0,83,35,0,64,57,0,61,0,377,63,0,0,56,0,0,169,0,0,42,103,0,50,79,61,0,0,65,0,85,237,0,38,1128,0,706,54,190,0,0,98,0,42,220,64,85,89,0,0,100,93,0,0,0,0,94,0,128,196,53,0,0,53,0,290,0,0,49,36,42,0,28,265,113,0,0,0,0,69,0,43,298,0,35,108,45,0,0,24,195,91,0,0,0,357,0,63,0,140,0,0,108,56,0,0,155,58,0,67,73,110,95,68,0,38,0,0,0,281,0,48,13,0,72,82,0,0,0,173,0,81,53,43,78,104,0,104,0,0,353,41,299,52,96,70,0,0,0,0,0,53,193,76,0,114,45,41,0,47,0,66,74,0,0,0,0,0,0,0,78,81,33,52,0,0,63,99,0,0,0,0,65,26,51,0,0,0,61,0,46,98,0,74,0,86,132,123,0,0,236,60,69,0,40,0,0,0,0,194,0,0,0,0,0,0,0,0,0,57,0,22,0,33,42,0,75,0,54,0,0,130,107,268,0,53,25,0,211,0,127,0,112,84,63,0,84,156,108,70,87,0,0,83,0,0,224,308,0,0,38,131,144,0,82,0,154,0,0,0,46,0,136,136,0,0,148,0,248,0,0,67,70,0,73,73,302,0,0,38,73,0,0,105,48,0,46,0,77,39,182,95,73,126,103,0,339,0,142,31,63,0,0,90,0,0,0,0,182,0,0,90,0,88,166,0,0,90,53,373,128,0,0,20,0,0,0,414,0,0,0,38,233,0,0,0,36,33,32,54,61,100,0,0,0,0,0,294,44,0,71,0,80,0,464,0,0,0,0,0,0,0,91,119,0,0,98,97,0,134,0,0,0,0,0,0,0,76,594,32,0,44
25,0,0,0,0,36,0,0,0,0,0,0,0,0,0,131,282,335,0,44,0,189,39,0,77,135,0,0,0,0,0,0,65,0,35,136,138,0,0,238,179,0,38,0,130,0,104,57,73,0,117,0,0,0,0,0,49,0,0,0,0,0,0,109,0,51,46,0,29,21,0,0,0,0,30,313,82,0,68,0,0,0,0,135,75,43,15,0,0,42,0,33,0,0,42,0,0,0,57,42,0,0,0,0,0,0,0,0,0,78,295,53,0,53,71,48,0,77,0,0,80,0,98,0,20,48,0,0,65,0,178,0,135,0,0,0,125,35,95,70,35,0,103,471,0,0,45,0,91,46,0,0,0,0,44,115,30,0,0,113,178,63,0,0,0,134,0,44,141,48,63,157,32,0,0,25,0,85,128,0,36,133,0,0,0,0,0,206,0,0,0,0,40,0,88,0,110,0,0,0,35,74,134,0,457,0,0,0,37,168,23,67,0,53,0,190,41,0,0,0,226,55,0,0,104,0,0,102,337,0,0,0,14,0,0,0,0,0,30,0,25,0,0,0,36,0,99,0,38,0,51,44,113,113,96,0,0,0,0,0,278,0,96,70,67,0,0,0,91,0,0,0,63,35,0,68,49,0,405,172,62,0,102,37,88,0,0,80,348,37,0,0,0,0,0,39,0,0,74,50,0,0,76,0,0,225,120,138,0,0,37,381,84,0,0,0,0,104,0,0,24,0,0,0,80,41,0,41,0,0,312,0,59,59,79,59,0,0,0,0,0,45,11,46,39,0,0,0,54,788,137,0,25,238,370,20,0,62,217,200,68,63,87,0,96,297,259,156,42,0,184,41,0,27,0,178,83,0,0,111,0,22,0,0,33,214,30,0,16,0,27,0,537,0,60,0,185,73,0,126,0,0,77,0,40,88,44,0,0,0,92,0,75,0,0,0,149,0,109,129,0,82,51,0,41,65,0,63,118,0,0,0,0,0,71,0,0,54,0,122,0,0,49,64,54,84,145,45,0,38,0,0,0,0,70,0,0,0,0,0,196,0,132,143,37,24,0,36,0,0,0,25,170,94,36,0,0,181,93,101,96,0,155,112,99,0,0,64,89,155,30,57,9,177,56,0,112,0,185,0,0,61,0,337,93,100,159,123,0,0,57,0,0,0,52,0,43,32,29,0,39,0,149,133,105,0,0,0,183,0,37,0,0,0,129,35,0,0,0,72,0,72,264,0,0,0,75,29,41,145,102,51,0,0,32,0,0,53,50,0,145,471,0,0,0,150,36,0,0,0,78,122,0,0,0,0,0,240,0,0,50,68,0,0,323,0,81,124,0,0,37,353,0,51,0,0,0,103,30,61,0,32,0,107,77,187,0,115,0,0,0,0,248,196,67,0,83,34,0,0,0,0,0,0,0,0,56,0,0,187,219,0,0,55,35,0,59,0,0,0,0,0,73,0,0,128,0,52,0,93,82,0,0,39,457,0,0,0,0,158,0,25,61,0,0,0,31,48,42,58,0,0,97,36,178,56,53,76,81,0,29,0,32,0,87,0,33,32,51,0,28,0,24,0,0,0,116,0,220,0,0,49,0,84,23,0,0,25,129,125,0,181,100,0,0,0,0,40,266,0,100,0,113,355,63,129,169,107,0,0,0,55,0,0,0,0,0,32,112,98,131,66,1283,88,0,57,0,0,0,0,42,0,0,0,193,0,0,0,0,0,0,0,0,0,0,117,0,0,0,38,108,101,0,0,0,167,0,0,0,66,137,0,88,0,0,0,0,0,59,210,0,0,69,29,0,0,0,62,36,0,57,0,56,45,171,51,0,59,0,0,90,0,0,160,0,138,0,36,0,0,90,0,186,43,0,0,95,87,0,0,216,0,0,0,0,0,31,0,0,0,0,45,63,0,46,0,0,51,0,0,87,0,0,0,0,0,0,258,58,401,0,44,0,175,43,0,37,0,0,0,0,0,0,0,65,101,20,0,0,0,39,0,56,0,0,0,0,59,0,0,36,111,0,79,135,90,171,0,0,0,51,213,0,0,0,0,13,76,59,98,164,0,40,0,0,137,0,0,53,0,82,128,86,0,38,53,111,0,0,56,0,0,0,0,0,30,0,25,59,0,0,105,0,56,0,0,0,65,72,72,156,0,0,0,0,0,38,0,251,26,0,42,89,40,222,0,0,58,43,282,50,23,0,83,74,0,0,434,27,0,36,167,0,0,34,0,70,0,51,0,337,0,0,0,53,0,0,0,0,103,54,0,100,0,0,113,95,0,88,0,39,0,0,41,0,480,307,80,59,48,0,0,60,0,0,0,107,132,33,0,0,0,59,40,0,140,0,70,492,0,0,0,70,59,61,39,55,126,121,0,122,0,0,0,28,0,70,84,51,0,0,418,48,50,0,136,241,239,183,0,171,26,47,101,0,0,0,0,0,0,0,183,0,93,570,25,26,0,75,0,61,64,0,31,0,0,0,0,0,0,151,0,111,0,0,0,0,36,0,0,55,50,0,418,26,89,254,0,0,201,0,68,140,33,0,0,41,98,84,208,0,0,57,790,21,33,0,0,94,0,0,0,0,0,58,0,50,0,80,32,29,123,86,25,105,0,0,0,213,26,0,54,91,80,199,23,195,0,85,54,61,0,0,105,49,0,116,83,160,0,78,0,0,0,86,290,386,59,43,0,0,218,0,0,173,57,0,74,0,0,0,0,0,77,119,0,62,203,0,0,649,35,30,79,222,0,0,91,0,107,77,32,31,33,0,22,0,0,0,75,0,0,0,0,39,0,0,0,0,0,0,41,0,41,134,0,75,0,0,0,0,0,50,0,80,0,87,0,0,57,0,66,95,0,57,0,0,73,0,168,111,334,0,0,0,44,334,85,0,0,133,53,0,32,0,0,0,41,49,0,64,46,49,80,0,0,0,0,40,80,47,356,69,0,37,167,16,43,192,46,46,0,47,31,41,62,0,166,187,0,212,41,0,872,0,152,0,101,0,0,574,0,87,93,0,58,0,55,0,32,0,0,55,0,0,139,0,0,22,104,0,0,0,166,89,0,0,28,29,46,0,0,70,232,30,0,0,1120,252,0,313,0,0,60,268,0,0,0,0,161,81,28,66,0,0,253,39,39,106,437,0,352,195,0,0,0,0,26,0,0,122,74,0,100,45,235,36,108,0,158,0,74,213,0,35,89,117,18,86,0,0,36,34,0,0,0,0,142,0,369,236,76,126,156,0,0,289,48,0,30,0,0,164,0,0,0,192,0,52,215,108,125,0,112,0,127,0,110,0,239,63,32,38,69,39,55,0,38,52,48,0,123,127,40,216,59,0,0,0,108,29,70,42,193,61,95,95,45,45,59,13,0,112,30,68,281,0,0,61,89,0,24,0,0,0,38,0,0,88,150,59,0,0,0,0,87,0,29,91,0,36,112,0,0,0,0,0,0,41,0,23,0,0,0,0,58,30,0,0,112,0,0,0,104,135,0,0,0,35,0,0,0,0,293,0,338,0,0,33,0,0,60,0,224,29,0,0,178,0,0,0,71,0,70,52,161,0,0,65,50,0,0,0,0,0,52,291,0,0,0,0,30,60,23,0,71,94,0,0,0,0,0,0,0,0,0,0,142,278,0,0,63,62,0,0,0,51,98,0,0,0,0,0,0,0,103,0,0,49,0,169,45,0,93,61,0,0,0,0,0,0,63,0,45,22,0,144,47,0,38,40,176,0,0,59,0,140,0,0,0,0,0,237,0,27,28,0,130,103,0,0,74,0,125,0,51,0,0,0,369,0,319,66,102,56,0,104,145,0,111,23,0,0,75,54,0,154,0,90,0,0,0,68,0,137,144,0,0,244,33,0,26,38,0,52,0,0,0,0,0,0,39,0,83,0,94,0,81,105,59,0,0,32,0,44,0,0,0,0,0,0,131,0,0,0,318,0,201,0,0,0,0,98,202,0,85,29,0,254,0,395,0,0,0,0,0,0,0,0,79,22,0,0,0,0,53,0,0,0,38,331,23,41,0,0,0,0,0,102,0,118,0,0,0,0,0,66,47,0,277,53,0,91,0,0,55,48,121,0,40,0,48,0,0,60,123,47,0,106,0,0,294,0,57,0,0,101,206,165,39,135,72,31,0,28,0,75,192,46,69,140,0,0,0,0,0,0,0,0,69,0,72,0,136,0,143,56,40,88,0,0,0,0,0,0,37,147,235,41,0,0,0,17,192,74,64,35,68,0,182,40,0,0,65,134,138,71,0,80,52,0,0,0,0,49,84,138,56,0,0,88,36,59,114,180,136,0,0,0,142,0,0,0,61,0,0,0,0,129,307,33,44,84,0,0,210,43,0,629,96,0,0,0,0,0,0,216,0,206,0,51,0,0,0,0,114,24,75,80,56,51,56,93,0,480,94,52,0,33,117,131,100,72,61,55,0,0,0,230,0,134,0,0,74,70,39,0,47,40,129,106,139,256,0,0,77,0,0,0,40,0,0,115,0,93,0,0,226,0,0,27,0,0,67,16,0,170,0,89,34,0,0,208,0,0,0,0,158,358,0,44,0,0,0,0,0,46,122,178,83,59,92,114,0,0,0,0,106,0,253,0,38,0,61,134,67,80,0,0,189,0,94,0,166,0,0,0,0,0,0,89,162,0,0,0,65,52,71,0,286,19,0,0,0,0,0,136,0,62,67,242,0,0,32,0,0,104,0,38,45,62,88,0,83,42,0,58,101,0,0,0,0,0,73,0,136,0,131,29,0,544,92,105,39,51,0,47,0,26,0,0,0,0,0,0,55,57,0,14,0,0,109,49,33,0,0,0,0,76,0,85,128,0,0,0,0,0,0,51,652,142,187,58,0,0,27,0,22,0,0,0,78,226,0,0,105,95,115,130,0,0,0,0,0,0,0,0,0,0,0,265,44,0,43,58,0,75,0,0,34,0,36,81,139,0,93,0,25,102,38,0,107,71,64,43,0,55,36,0,0,0,34,74,0,60,51,0,69,91,0,92,62,0,27,0,46,99,0,195,37,0,0,39,56,0,0,0,0,199,0,61,0,0,0,0,57,106,0,0,93,0,0,0,0,114,0,26,0,0,105,75,0,218,53,39,0,0,45,0,0,0,62,0,68,119,26,60,0,0,0,40,0,0,64,0,0,0,0,115,0,127,18,0,115,0,0,63,136,0,55,0,130,36,0,93,40,0,0,0,0,81,0,0,206,24,66,89,0,0,0,0,102,0,95,0,0,209,76,124,0,0,29,0,137,67,0,0,0,71,94,107,151,0,0,60,0,40,0,0,79,0,0,0,75,0,490,63,0,50,0,0,157,121,0,64,89,55,0,0,0,38,0,0,137,97,0,175,0,0,42,0,65,0,0,0,0,77,29,38,0,0,149,60,0,0,0,0,0,40,50,0,0,29,0,0,167,0,0,314,38,42,0,61,47,220,51,0,35,113,0,0,0,0,0,120,0,371,78,0,31,0,0,0,0,0,301,37,0,0,0,103,0,63,89,85,213,0,0,0,30,46,30,0,309,0,0,34,0,0,115,226,60,0,259,0,0,27,31,0,0,0,122,0,246,150,0,0,0,16,119,0,77,0,0,165,171,28,0,0,0,0,0,0,0,0,28,0,0,90,84,36,0,86,0,0,119,29,0,41,230,0,76,39,60,0,39,0,0,66,82,0,0,70,823,29,0,0,93,29,0,0,104,331,0,64,69,0,44,28,45,53,40,0,0,0,0,0,0,48,0,0,50,0,0,68,0,88,118,0,0,191,0,0,86,0,34,0,41,71,105,173,0,0,0,0,82,43,46,316,48,0,0,224,0,45,0,47,19,72,0,0,0,0,516,87,38,47,54,79,127,110,50,0,0,55,0,100,41,0,39,0,264,0,0,0,31,0,0,190,0,0,0,565,0,0,216,49,41,0,87,0,84,94,24,32,929,0,641,0,0,25,0,148,0,0,128,0,83,76,0,0,0,66,0,133,0,0,131,0,109,71,0,0,77,27,0,78,0,0,25,0,70,0,40,130,268,0,88,0,0,39,0,101,228,0,0,111,0,0,0,58,58,86,0,29,37,62,0,0,81,142,0,0,27,58,0,35,288,43,43,49,62,184,44,0,0,0,0,0,29,107,9,35,0,0,39,47,0,0,0,135,0,47,30,151,55,113,50,82,0,0,167,38,559,55,80,101,0,0,27,0,0,0,295,115,0,138,75,49,0,24,0,108,86,0,0,53,37,0,0,0,399,0,0,71,0,0,76,0,0,0,19,0,49,77,0,0,0,0,36,0,0,69,0,36,55,115,161,161,39,0,77,59,73,0,0,0,32,0,0,145,0,66,0,0,0,0,0,0,0,115,22,44,0,0,37,0,40,0,0,0,0,58,579,678,31,44,94,50,109,43,72,0,93,29,54,0,66,91,96,0,40,61,0,0,135,0,260,55,0,16,28,54,369,0,117,0,259,0,0,0,0,0,106,166,0,819,137,0,203,0,0,72,55,0,65,0,352,0,0,23,106,0,0,0,0,0,56,0,60,32,112,142,76,669,108,0,129,0,284,30,164,0,126,94,0,0,101,44,86,0,41,139,0,69,145,0,0,51,47,226,296,0,33,0,0,0,0,649,152,0,0,0,61,0,0,0,36,0,0,49,73,104,68,0,109,0,0,342,0,42,122,0,75,0,150,41,0,0,0,0,0,0,119,119,0,0,227,126,0,169,64,0,0,0,29,0,0,68,533,0,0,0
26,0,0,0,0,0,0,53,0,66,0,106,0,0,0,81,144,104,0,0,0,219,0,0,0,87,0,0,0,0,0,0,0,0,0,77,173,0,0,168,120,0,0,0,57,0,0,0,277,0,128,0,76,46,0,80,0,0,0,0,0,0,0,415,0,60,110,0,0,0,134,0,0,0,0,301,0,0,55,0,69,0,0,0,68,0,0,0,0,50,96,0,0,0,45,0,0,0,54,0,0,0,0,38,0,0,41,33,0,21,105,36,0,134,177,68,0,31,0,0,0,0,308,0,0,42,0,0,0,0,192,0,399,0,0,81,107,51,28,45,60,0,144,253,0,0,0,0,61,0,0,0,0,0,21,33,0,0,0,64,166,59,0,136,0,43,0,25,99,0,48,129,0,31,0,0,0,42,116,0,0,246,0,0,0,39,0,211,208,0,0,0,0,59,119,0,63,0,0,49,0,76,145,0,168,0,0,0,44,43,0,61,0,0,0,164,66,0,0,0,89,56,47,0,383,0,0,27,130,0,0,0,0,0,0,0,0,33,118,0,0,20,0,23,0,0,68,0,0,0,58,0,344,0,184,0,37,0,0,0,129,83,130,0,0,0,0,338,27,118,0,0,114,268,0,63,87,0,435,156,74,0,51,0,88,16,0,0,583,43,0,0,68,0,30,61,0,21,0,63,34,0,47,0,0,292,113,117,0,83,62,0,0,0,0,0,0,0,0,0,29,21,0,50,62,71,0,51,0,0,0,0,83,49,0,69,0,0,0,0,0,43,0,0,40,0,0,0,77,887,96,65,0,73,97,0,0,0,19,65,41,59,70,0,81,0,351,0,0,0,0,0,0,0,23,0,98,0,0,36,13,0,0,0,0,448,0,109,56,0,31,0,175,18,67,0,0,0,0,168,0,0,107,0,0,74,0,0,0,28,0,0,0,0,0,0,0,0,180,79,0,0,51,0,66,77,0,0,69,0,0,0,0,0,37,0,0,0,0,45,0,0,216,0,0,73,112,0,0,0,0,0,55,0,67,0,0,0,0,0,0,0,31,71,0,0,0,0,0,0,0,0,106,0,0,0,82,132,156,0,82,34,81,106,45,0,0,0,84,98,108,0,0,76,49,0,66,81,134,0,0,119,0,315,0,57,0,36,0,0,45,45,0,0,0,0,108,0,28,57,92,0,0,152,70,0,0,53,165,0,0,0,0,0,30,0,0,0,0,0,0,97,0,0,0,0,33,0,0,225,58,58,0,41,0,23,0,0,0,48,96,128,0,0,26,128,38,0,0,0,105,89,0,0,0,21,0,70,0,0,145,0,44,0,217,0,73,330,0,0,0,419,0,45,0,0,0,44,0,0,0,0,49,83,48,245,0,98,0,0,0,0,239,112,73,25,38,0,0,0,0,28,0,0,0,0,58,11,0,209,161,0,0,0,0,35,71,48,0,0,0,17,141,0,0,358,0,70,0,98,148,0,0,86,512,0,0,70,0,163,61,0,56,0,0,29,79,81,0,122,105,0,151,0,133,61,71,95,63,20,20,0,0,36,50,0,61,49,141,0,76,25,67,0,0,0,77,0,318,0,0,0,0,78,53,0,0,0,120,54,0,221,109,0,0,0,0,51,149,38,214,40,124,127,145,338,67,113,0,0,0,0,49,0,0,0,0,49,316,79,217,53,490,134,0,71,0,0,53,0,35,0,39,0,95,0,0,33,0,33,0,65,46,57,0,63,0,0,0,34,95,246,0,34,26,291,0,52,46,49,199,36,75,0,0,0,96,24,65,147,0,0,60,23,0,0,0,82,56,0,65,43,0,0,226,119,146,35,50,0,0,0,114,214,0,234,0,0,0,42,38,0,62,35,33,0,69,57,0,97,197,0,0,37,0,0,63,84,0,0,0,58,108,28,144,63,0,61,32,20,0,0,0,26,12,0,273,92,48,343,0,0,38,159,0,41,0,0,36,0,0,0,24,0,137,189,0,0,0,0,56,36,160,49,40,46,0,84,0,0,80,134,0,88,246,170,319,49,0,0,0,215,0,0,0,45,0,29,82,36,159,0,65,23,0,409,0,0,11,0,117,100,82,0,45,0,36,0,0,0,0,0,0,0,0,0,0,39,0,0,0,84,0,67,0,90,0,0,53,68,69,0,0,0,0,0,0,0,69,15,0,0,54,0,186,26,0,42,0,228,64,0,0,17,101,0,0,492,0,0,0,168,0,0,101,45,56,0,229,0,172,39,0,41,0,0,0,0,0,61,104,0,93,0,0,0,70,0,178,119,0,0,0,0,0,204,104,170,32,0,0,0,51,0,0,0,191,39,0,0,0,38,0,30,0,30,0,43,651,0,0,0,162,0,42,0,0,71,60,0,39,0,33,0,237,0,0,0,57,0,0,172,0,77,77,179,56,77,260,0,128,0,26,150,0,0,0,0,0,0,0,51,0,0,0,0,0,0,0,0,0,104,0,83,64,0,0,0,0,0,37,0,0,0,0,48,78,0,0,0,63,75,0,338,36,0,456,50,0,0,0,0,0,0,12,0,0,223,61,0,0,17,0,474,0,0,0,126,36,0,0,0,0,0,0,0,49,0,87,0,57,131,131,35,37,0,40,0,55,0,0,17,146,113,93,27,109,0,96,77,0,0,0,99,0,0,53,72,239,0,0,0,0,0,47,370,466,40,56,0,0,114,63,0,0,25,0,0,0,0,0,0,0,0,152,11,32,72,0,0,71,0,0,51,175,0,0,55,37,97,0,0,0,0,0,0,0,0,0,139,0,0,0,45,0,0,0,0,0,41,0,70,0,46,80,0,0,0,0,0,0,0,0,0,55,0,56,0,0,0,0,0,0,29,47,0,0,0,0,103,209,91,0,49,0,0,113,43,0,0,46,0,0,0,54,0,0,0,78,0,0,69,62,55,0,0,0,0,0,42,0,216,43,0,0,62,0,42,256,37,33,0,54,0,45,0,0,98,123,25,77,0,0,1105,41,122,0,30,0,0,390,0,38,91,23,62,0,44,0,0,0,0,70,0,0,93,0,0,0,68,0,41,14,95,60,0,0,0,0,59,0,0,0,42,0,0,0,745,357,0,175,0,0,90,176,0,0,0,0,133,0,0,0,36,0,289,0,107,0,399,0,189,118,0,52,0,0,34,0,0,154,38,0,26,57,184,0,206,0,197,0,0,183,0,45,115,75,0,90,0,13,40,85,0,52,0,40,106,0,293,100,0,48,129,45,46,182,0,0,108,0,0,86,0,40,27,150,0,57,180,70,0,0,76,0,33,0,48,0,147,147,0,0,79,39,29,0,0,0,83,0,103,81,40,124,44,0,0,0,38,0,24,0,79,67,77,56,0,0,0,0,0,56,0,129,244,0,0,65,122,0,0,42,0,0,59,0,0,55,116,0,0,0,74,63,54,0,58,42,18,0,186,0,0,0,0,50,0,26,0,43,0,0,0,0,56,0,0,0,191,0,0,0,37,207,28,0,61,53,0,0,0,0,304,0,431,0,40,46,0,29,62,40,179,0,40,35,584,0,0,113,117,0,0,52,176,0,0,33,47,50,0,0,43,0,61,417,0,49,32,0,0,86,0,0,29,51,0,137,0,0,0,0,0,55,0,28,147,185,47,0,55,44,0,0,0,124,115,55,0,0,29,0,18,15,44,0,0,58,0,81,68,71,114,33,0,62,0,0,0,0,87,88,100,0,98,165,35,34,39,72,115,0,0,0,54,71,0,35,0,0,0,97,36,0,0,0,167,59,66,52,37,0,65,27,231,0,0,0,375,0,252,37,0,71,0,56,106,0,139,0,0,43,54,0,0,149,0,66,0,55,50,0,0,144,130,0,0,94,0,0,40,73,46,0,0,209,24,0,0,0,45,19,57,0,97,177,58,56,68,0,51,0,0,0,186,0,0,32,0,26,88,0,0,51,134,0,276,0,41,0,0,124,114,104,35,0,0,475,90,283,0,0,30,125,27,46,0,37,61,24,0,0,0,0,0,0,31,0,0,296,0,0,0,0,0,0,39,88,0,545,0,78,0,0,0,71,0,0,413,0,0,78,0,0,27,0,56,0,0,0,40,19,0,0,0,0,0,101,0,0,56,0,0,0,0,56,135,33,0,88,0,0,0,0,0,177,132,0,54,96,0,0,0,0,0,0,0,30,0,0,0,0,42,111,147,52,44,0,34,0,0,0,0,0,0,62,174,0,0,25,0,29,504,59,0,0,105,0,261,46,0,0,0,115,80,0,0,43,0,0,0,19,0,0,38,113,0,0,0,65,61,55,125,91,0,0,0,0,28,0,0,30,70,0,0,44,53,59,188,35,0,59,0,0,584,0,23,57,44,0,0,0,38,0,0,145,0,143,0,40,34,0,0,0,76,0,62,79,0,0,32,0,0,121,0,0,0,0,26,219,87,55,0,0,70,0,0,121,0,95,0,62,0,29,45,0,0,50,109,90,77,298,0,0,46,0,0,0,60,0,0,67,0,0,0,0,140,0,0,0,0,0,38,0,0,119,0,105,0,0,0,237,0,0,0,0,133,215,0,0,0,0,0,0,0,50,99,150,49,30,51,44,0,0,0,0,0,0,114,0,0,0,0,196,0,46,0,0,109,0,107,0,48,0,0,0,0,0,0,94,131,0,0,31,0,43,65,0,96,0,0,0,0,0,0,67,49,42,101,119,0,0,56,0,0,45,0,0,0,0,60,0,57,0,0,101,94,0,40,0,0,0,0,0,100,35,56,46,0,0,78,53,32,31,0,0,23,26,0,46,0,0,0,28,33,45,51,0,0,0,0,28,33,0,0,0,0,56,0,68,81,0,0,27,0,0,29,0,160,170,306,26,0,0,0,0,0,63,35,0,42,63,99,42,126,68,70,52,0,79,0,34,16,53,68,0,0,46,0,130,89,0,0,0,0,50,0,0,30,0,0,45,118,49,41,72,23,221,73,0,140,0,0,0,31,95,34,96,0,0,0,55,0,81,100,0,206,65,0,23,49,0,42,0,64,39,0,201,0,0,97,39,40,0,71,0,0,340,0,91,0,0,0,0,58,99,0,0,0,0,0,0,0,85,0,0,0,33,208,49,31,257,0,38,0,0,96,0,0,0,0,0,73,114,60,27,0,0,49,52,0,68,29,0,0,0,37,0,0,53,0,0,228,0,0,52,46,0,80,0,100,0,0,71,0,0,0,0,0,91,0,28,0,0,109,105,0,0,0,0,109,0,67,92,0,162,55,60,57,0,78,0,0,0,0,0,31,0,78,53,59,0,0,100,39,0,21,0,24,0,0,36,62,21,234,0,0,44,46,0,0,112,30,217,31,32,0,0,0,0,0,0,113,67,0,197,0,0,97,0,42,0,0,0,0,65,0,0,0,0,79,0,0,0,0,0,0,0,0,0,0,0,0,17,280,30,0,336,37,0,0,0,0,173,50,0,48,64,0,0,48,0,0,0,0,0,0,0,0,18,0,12,0,0,0,42,0,30,0,58,0,71,91,69,169,0,0,0,24,49,0,0,0,0,0,0,0,68,63,152,78,23,0,0,0,0,54,0,0,0,0,0,405,54,0,0,0,0,0,0,0,0,0,105,23,0,0,0,35,0,0,0,41,33,0,0,0,105,51,0,0,41,0,0,39,0,0,48,121,0,0,63,163,0,0,0,0,57,0,0,0,74,428,78,0,0,96,0,29,0,76,217,0,0,0,0,0,0,47,158,0,0,0,0,0,0,0,0,0,31,0,29,0,58,38,53,0,0,46,223,0,0,30,0,32,0,0,134,26,139,0,0,0,0,0,0,59,150,74,0,0,117,0,42,129,0,0,43,0,0,0,0,208,53,32,0,50,50,32,0,0,0,37,0,0,122,36,0,0,0,233,0,0,0,0,0,0,0,0,0,0,110,0,38,140,40,56,0,173,0,115,132,0,40,331,0,296,69,90,0,0,139,0,11,0,56,0,130,0,0,59,109,0,0,0,0,122,0,164,73,0,0,0,52,0,0,0,0,0,28,46,29,0,110,253,0,45,0,0,44,0,61,189,0,0,76,0,0,0,0,84,33,0,27,94,0,23,0,36,0,43,0,146,89,0,37,166,49,75,142,244,88,193,79,0,0,0,0,0,29,0,39,48,0,0,58,0,0,0,38,17,44,36,83,42,61,84,81,0,0,948,66,159,32,135,56,0,104,29,0,0,70,301,132,58,169,66,143,0,37,0,78,81,0,0,27,0,32,0,0,218,264,0,78,0,0,98,32,0,0,37,0,682,42,41,0,0,0,65,63,0,62,50,79,0,0,107,221,0,0,692,34,75,0,0,106,0,0,0,236,0,51,0,0,68,78,0,0,28,53,0,0,0,108,107,67,78,0,61,0,0,89,536,871,40,50,69,168,142,43,104,30,155,42,72,0,139,64,130,179,0,72,0,106,106,0,195,64,0,0,198,83,175,55,130,0,119,0,0,0,62,0,57,100,0,549,80,0,285,0,0,0,0,0,79,63,66,0,6,0,67,0,0,145,0,0,26,0,0,0,62,0,109,589,48,0,448,64,39,33,83,0,83,91,36,39,293,0,94,0,0,93,0,45,211,25,0,253,76,284,354,59,0,99,45,47,0,732,114,0,0,82,44,59,41,0,32,50,0,79,41,49,0,0,77,0,0,111,53,17,132,0,50,0,741,0,22,0,0,0,0,0,63,114,0,50,86,211,0,100,0,0,0,104,129,65,0,0,449,0,38,60
27,0,18,0,0,0,27,0,0,39,0,69,0,0,0,89,244,137,0,0,0,30,0,42,75,50,0,0,0,0,0,0,0,0,54,53,107,0,0,162,0,27,0,0,99,0,0,0,219,0,60,29,82,0,0,125,0,0,0,0,0,97,67,93,0,0,86,0,0,0,220,0,52,0,0,131,52,0,142,0,0,0,0,163,212,57,0,0,0,0,159,0,39,50,67,25,0,0,0,0,0,0,0,0,0,0,50,0,72,0,138,42,39,56,93,41,0,108,0,0,216,0,156,23,0,0,0,0,52,0,67,0,154,0,55,53,43,95,29,0,38,0,68,253,0,0,43,54,43,103,0,27,60,46,30,0,0,31,0,169,133,0,0,61,52,121,0,0,61,114,57,81,0,0,0,32,0,0,0,0,0,118,0,0,0,0,0,233,237,0,0,0,37,35,57,0,93,0,17,87,0,0,0,0,162,0,0,0,0,118,135,46,0,0,0,91,33,41,0,0,134,115,0,0,176,0,0,58,110,0,0,0,0,0,0,0,0,65,141,31,0,0,0,0,0,0,101,0,0,0,0,47,104,59,96,0,0,0,0,0,108,83,64,35,0,0,0,378,49,285,0,0,120,178,0,0,31,0,271,120,65,0,66,85,48,0,0,157,651,52,36,38,160,0,0,32,0,0,62,0,40,0,0,28,0,476,70,175,0,0,0,188,75,0,0,0,52,191,46,101,0,0,0,0,165,55,37,80,0,0,63,0,134,0,25,122,0,0,0,0,0,0,0,37,0,0,0,0,0,98,88,85,0,106,0,0,54,59,99,146,0,0,37,0,0,68,421,0,50,0,37,43,57,0,57,66,58,0,0,60,0,0,0,31,53,547,61,226,0,0,0,0,322,0,52,0,120,0,108,152,0,0,171,0,0,0,21,0,0,68,0,0,0,0,0,0,50,0,0,149,0,34,0,0,65,33,0,0,83,0,0,0,48,0,116,0,21,0,0,0,0,0,136,86,65,0,150,80,0,42,0,0,116,0,44,22,24,0,0,0,201,0,84,32,0,35,0,56,0,0,0,0,192,42,29,0,0,48,92,56,136,0,55,89,0,0,0,0,116,297,197,0,0,82,0,40,115,178,77,0,0,39,40,220,38,0,161,47,44,0,40,54,0,0,0,0,152,0,0,70,110,32,160,149,0,0,56,127,0,0,0,0,0,0,38,0,0,0,0,131,0,81,79,0,0,0,52,0,61,44,175,72,0,63,0,0,0,0,0,67,0,0,0,0,45,0,44,0,0,0,0,161,0,0,0,0,0,118,0,47,174,0,65,0,59,0,103,544,38,0,0,206,0,69,0,0,0,98,0,51,0,0,0,0,0,44,55,76,0,30,0,0,131,338,0,0,32,52,0,28,0,0,0,0,20,0,0,0,0,0,112,0,0,49,0,0,0,0,0,0,0,0,147,0,0,153,0,37,0,222,170,0,0,0,237,0,0,0,0,122,0,0,0,0,0,114,0,42,0,0,100,0,65,0,120,0,27,0,178,0,0,0,0,38,0,0,0,0,41,0,56,0,0,0,0,0,62,0,0,0,0,99,0,63,16,0,0,41,91,0,0,38,135,0,0,0,0,0,44,0,33,0,0,0,86,29,44,73,0,0,58,59,0,0,60,0,0,0,221,41,0,0,287,74,0,76,0,0,54,0,0,0,0,0,59,0,0,0,0,0,0,83,0,0,0,30,0,0,0,54,127,0,48,0,0,120,0,0,0,0,0,0,68,0,0,0,100,48,39,264,0,0,0,0,0,0,0,0,0,0,0,0,0,0,0,0,42,31,38,0,33,0,110,63,25,192,35,0,0,46,114,0,176,18,0,0,54,0,0,37,87,0,0,0,0,0,63,58,0,0,0,0,215,0,119,0,0,55,0,0,80,0,89,18,0,0,209,114,52,115,0,0,0,59,0,60,0,0,0,0,0,32,0,0,224,42,0,0,0,45,0,29,48,0,0,0,0,100,0,27,0,92,0,0,38,0,151,0,0,0,61,302,0,0,0,0,0,161,135,113,0,0,0,0,0,237,48,0,58,0,0,0,0,0,0,81,0,0,0,0,0,0,0,0,0,31,32,48,96,0,0,0,0,68,0,116,0,37,0,37,0,0,40,156,0,0,74,0,182,0,34,0,55,129,82,75,0,100,0,51,0,0,0,344,0,0,0,99,0,0,50,82,0,0,0,0,181,62,449,0,366,63,0,61,0,32,0,28,0,0,0,0,81,17,0,242,0,0,254,200,48,37,0,138,0,0,252,77,0,91,0,0,0,0,0,0,87,0,56,0,0,62,0,0,0,128,0,162,386,18,117,0,73,68,0,0,176,0,0,0,0,0,48,51,245,0,72,38,93,59,0,217,0,68,44,175,316,42,109,0,0,34,0,53,0,0,0,19,0,0,0,0,0,0,493,25,0,38,49,0,30,145,0,25,117,0,0,54,0,55,41,0,144,0,0,104,86,0,0,0,0,132,129,23,0,0,115,0,0,51,0,0,186,0,0,0,0,58,48,148,0,0,231,137,0,0,0,58,56,0,0,0,39,0,0,0,0,101,158,0,0,0,84,70,159,0,0,0,100,80,0,55,31,63,241,70,73,0,66,0,39,0,0,0,55,0,21,152,65,24,0,21,0,0,0,131,36,40,0,85,0,62,91,0,99,0,0,0,0,0,0,0,0,31,51,0,0,0,0,0,13,0,0,49,52,0,0,39,0,91,0,0,0,0,0,0,0,0,0,94,0,0,0,0,0,41,32,0,0,41,32,75,0,0,41,0,0,0,0,0,0,0,0,0,0,0,28,0,0,0,0,0,44,0,0,0,0,0,0,43,0,62,0,0,0,0,0,0,34,0,0,42,0,0,0,0,0,0,0,0,34,0,0,80,0,0,0,0,0,24,0,49,0,0,0,0,0,0,141,98,0,0,53,0,60,0,0,102,95,28,94,0,0,348,0,0,0,0,0,0,71,0,0,53,0,0,0,48,73,0,0,0,67,0,0,89,0,0,0,0,0,15,0,0,58,0,0,0,0,0,0,0,0,60,0,0,0,412,405,0,79,0,30,0,59,0,0,36,0,47,0,0,36,47,0,94,0,0,0,35,0,160,57,0,141,0,0,0,0,0,55,35,0,52,0,56,35,0,0,204,0,0,54,0,0,0,14,0,41,0,0,0,0,21,59,0,0,0,0,266,0,28,0,0,0,0,59,0,0,216,0,0,42,0,0,0,0,0,0,0,23,0,0,97,20,0,50,53,0,0,0,0,0,0,0,0,0,0,0,0,0,43,0,62,86,0,0,0,0,119,0,0,0,199,45,97,0,0,0,0,0,0,118,0,0,121,0,0,20,0,0,85,43,0,0,0,0,0,47,173,48,0,0,112,48,296,0,0,44,0,19,94,0,0,0,0,0,0,160,0,0,32,0,0,0,27,0,81,0,118,68,0,0,89,34,29,48,36,0,70,0,0,40,367,0,140,0,22,0,91,0,0,26,132,43,0,115,535,0,0,240,0,14,0,76,121,0,61,32,18,56,0,0,256,0,0,59,0,0,0,0,0,95,0,0,34,61,0,64,0,32,0,0,0,76,0,0,256,165,0,0,0,48,43,0,31,132,0,0,0,0,0,52,0,81,0,0,0,0,0,118,38,0,41,14,0,0,0,0,104,0,0,52,123,0,121,77,0,42,0,0,149,0,28,0,0,60,0,47,0,0,0,405,92,0,32,0,119,31,0,38,72,0,50,0,71,0,18,0,200,0,456,102,66,0,0,155,128,0,57,30,100,46,113,76,0,0,0,33,0,0,0,44,0,0,213,0,0,653,0,0,0,36,24,0,0,238,0,0,0,0,0,0,40,0,113,230,0,52,64,0,0,92,0,38,58,0,18,0,0,0,0,0,0,0,139,0,101,0,38,13,19,80,111,129,116,77,0,133,94,85,0,34,0,0,0,58,43,0,62,69,0,0,0,0,0,0,0,0,40,176,47,32,0,0,0,0,44,0,0,502,0,0,12,0,0,0,0,0,190,134,13,55,0,0,0,0,0,0,53,0,0,0,0,0,81,31,0,82,0,0,49,0,0,0,48,0,147,245,0,141,71,65,0,0,33,157,113,136,46,25,0,63,63,0,0,0,0,0,0,0,24,41,0,86,96,54,0,18,99,0,0,0,62,0,31,0,100,0,0,0,0,0,625,37,0,44,279,0,45,0,0,0,53,0,0,35,0,258,0,41,0,0,0,54,83,162,0,0,0,132,0,48,94,0,114,0,0,0,124,0,0,0,0,0,0,0,34,96,76,0,0,0,0,0,525,0,37,148,0,0,0,31,91,44,0,0,83,0,0,33,0,0,0,0,110,0,0,0,0,127,100,0,41,287,117,0,0,0,0,109,123,0,0,0,151,0,0,0,74,0,0,204,52,0,0,0,0,0,146,183,0,234,0,0,57,0,0,0,45,0,0,0,0,51,0,0,178,0,0,0,0,63,52,0,51,111,0,165,91,0,0,56,0,0,0,0,205,362,0,101,0,0,0,0,49,0,0,193,0,45,0,78,0,13,0,0,39,108,140,0,0,0,0,63,81,0,0,0,0,0,38,0,165,0,48,0,49,0,0,94,59,0,0,35,171,74,30,0,613,0,21,0,0,0,0,30,32,20,0,64,0,0,0,0,0,44,85,51,0,0,0,0,59,79,0,39,182,0,52,0,0,0,0,34,61,64,57,46,0,96,0,57,0,0,44,0,0,0,0,0,0,21,42,76,0,58,128,0,0,0,0,135,18,0,0,0,40,69,29,41,45,0,0,0,0,68,49,0,92,99,115,68,0,0,0,0,47,0,0,0,115,0,419,73,124,0,0,111,36,46,0,0,32,19,0,0,43,34,0,170,210,0,0,99,0,0,0,0,51,0,111,0,178,0,0,36,0,193,106,0,112,0,0,0,0,0,0,44,0,0,42,0,0,42,0,34,202,48,0,0,132,0,0,0,50,0,0,30,0,0,84,0,0,34,0,0,0,781,0,181,44,0,51,0,49,124,0,0,0,0,0,53,37,125,23,46,0,0,227,0,30,108,0,0,0,22,0,0,0,0,64,88,38,75,97,68,0,0,0,0,39,0,0,0,0,48,0,0,0,38,0,47,132,0,0,115,0,0,0,76,60,0,50,0,37,0,0,0,0,0,0,77,60,0,90,205,0,0,0,0,110,0,0,99,46,193,43,144,81,0,147,0,0,65,0,61,52,70,142,101,0,0,0,0,0,0,0,0,0,0,0,29,101,61,623,0,0,0,0,0,0,167,36,168,0,37,32,0,0,88,0,168,234,0,0,65,0,0,82,0,0,59,23,0,0,35,0,64,67,0,299,75,0,0,0,0,0,39,39,0,0,0,0,0,846,0,0,591,35,97,0,40,0,234,81,0,104,73,18,0,0,0,0,127,13,216,71,0,0,44,21,24,0,0,94,69,0,0,0,224,0,40,121,173,0,0,0,0,49,71,0,0,247,0,0,0,0,132,0,158,56,191,243,0,0,50,43,0,0,0,134,0,109,113,0,0,0,72,89,0,0,37,0,80,94,0,0,53,0,0,38,0,48,0,56,0,0,60,83,0,0,92,0,0,64,0,0,0,200,0,51,73,0,34,0,0,56,69,43,27,0,30,554,62,0,0,103,0,17,0,0,84,0,0,42,0,0,0,83,0,0,0,0,0,0,16,0,0,104,0,0,0,0,77,0,0,93,0,0,168,0,0,108,0,55,0,71,92,0,0,30,0,0,0,71,0,36,537,0,0,0,151,51,77,0,0,0,81,111,53,0,0,346,93,217,0,243,51,0,103,122,0,0,77,0,130,0,0,26,0,102,0,156,0,0,36,0,185,0,0,0,623,0,0,207,54,36,0,129,0,0,44,101,0,448,0,261,0,0,0,57,256,0,0,83,203,51,41,0,0,0,0,0,130,55,51,0,0,52,0,306,0,17,0,49,76,0,0,45,0,88,0,30,245,170,0,52,0,0,0,0,109,125,42,0,0,0,0,0,41,58,115,0,0,0,96,0,0,0,97,0,0,73,133,0,0,27,0,0,0,187,108,138,103,0,0,0,0,0,0,0,0,40,0,62,33,0,0,0,69,0,77,0,0,69,33,52,0,0,0,309,0,0,0,51,0,0,44,0,0,0,0,0,0,0,0,0,92,0,0,0,0,0,0,0,0,0,0,0,0,37,72,0,0,0,0,44,81,0,0,0,0,266,0,0,0,0,0,0,35,36,0,0,61,0,0,0,0,0,0,167,34,0,0,0,81,0,0,0,109,0,41,0,29,0,65,37,0,0,0,0,0,14,31,82,0,69,0,59,0,0,0,180,731,0,74,0,0,58,0,45,0,72,55,0,0,48,89,80,0,0,0,0,85,26,0,0,62,0,56,127,51,114,35,0,37,0,0,0,0,44,0,46,54,0,177,0,0,134,0,0,0,0,0,0,0,131,0,0,0,48,0,0,161,0,0,0,0,24,0,65,0,57,240,63,0,123,0,104,0,46,0,40,0,0,0,63,0,125,0,0,0,0,42,103,0,0,73,0,155,75,0,0,76,53,44,0,358,0,0,0,69,90,0,0,0,0,0,0,0,0,0,0,0,41,0,0,69,0,0,0,0,0,0,228,0,0,0,0,0,0,0,0,51,0,0,0,0,0,0,0,0,0,30,45,40,0,114,220,0,0,0
28,0,0,0,0,0,0,0,0,0,0,109,0,0,0,0,103,153,0,0,0,0,0,0,38,0,0,0,0,0,0,0,0,0,0,102,0,0,59,119,0,0,0,0,65,0,0,0,62,0,0,0,0,0,0,45,0,0,0,0,0,0,53,0,0,0,0,0,0,0,46,0,0,0,0,10,54,0,163,0,88,0,0,58,74,0,21,0,0,0,91,0,0,64,0,0,0,0,0,0,0,0,0,81,0,0,0,0,0,0,150,0,0,0,39,0,0,47,0,0,35,0,0,0,0,0,0,0,0,0,27,0,0,0,0,0,0,0,44,39,103,0,0,203,0,0,0,0,44,32,0,0,0,0,83,53,0,0,0,0,75,0,0,51,0,0,0,0,0,116,0,0,0,0,0,0,0,23,0,0,0,0,0,0,0,0,0,186,94,0,0,0,0,50,0,0,32,0,0,0,0,0,0,0,189,0,0,0,0,59,0,79,0,0,0,0,0,0,0,0,62,65,0,0,0,0,0,0,156,0,52,0,0,0,0,0,0,0,47,0,0,32,0,27,0,0,0,0,34,0,0,0,0,39,33,0,0,0,0,0,174,0,0,0,0,0,0,125,78,100,0,0,73,0,0,0,0,0,89,64,0,0,68,116,49,0,0,180,1228,0,0,0,110,0,0,0,0,0,0,0,0,0,0,0,0,100,0,0,0,63,27,47,61,0,0,19,33,65,0,0,0,0,0,0,141,0,0,98,0,0,0,0,0,0,0,0,0,0,0,20,0,0,0,0,0,0,0,0,0,278,0,0,0,0,131,0,0,60,150,27,0,0,0,0,0,81,26,60,0,0,0,0,35,0,0,42,68,0,0,108,0,18,35,0,0,207,0,0,0,0,0,0,183,0,0,0,338,0,36,147,0,0,37,0,0,42,0,0,0,0,47,0,0,0,0,0,0,47,0,123,0,64,0,0,60,0,0,0,65,0,0,0,35,0,89,0,0,0,0,71,0,0,92,56,0,0,100,0,0,0,0,0,57,0,0,0,0,0,0,0,92,0,0,32,0,0,0,0,0,0,0,0,86,0,0,0,30,251,0,0,41,0,0,66,44,0,0,41,0,0,104,50,0,0,56,31,49,90,156,0,0,0,0,245,0,0,144,0,0,0,0,0,0,0,0,0,36,0,34,35,0,18,69,154,0,0,0,0,0,0,0,0,0,0,36,0,0,0,0,0,0,0,52,0,0,0,43,0,0,0,60,55,0,0,0,0,0,0,0,0,0,0,0,0,31,134,0,0,0,0,59,0,25,0,0,0,0,52,0,23,26,37,70,0,36,0,150,58,0,0,0,102,0,38,0,0,0,55,0,0,0,14,0,0,0,0,0,62,0,0,0,0,29,0,0,0,0,0,0,0,0,0,0,0,0,0,0,0,0,0,83,0,0,0,0,0,0,0,0,0,0,0,0,0,0,56,19,0,0,43,39,0,0,23,37,0,81,40,0,80,0,0,0,0,0,0,0,0,0,0,0,0,0,0,120,0,0,0,253,0,0,0,0,0,52,0,0,0,0,0,0,0,0,0,65,0,85,0,0,0,0,0,0,0,0,0,0,51,45,0,0,0,75,0,0,0,0,0,0,0,116,0,0,372,64,0,0,0,0,0,80,32,0,0,0,0,0,0,83,0,0,0,237,26,0,0,0,0,0,0,0,0,0,0,47,0,0,0,0,0,0,0,0,0,0,0,0,0,0,30,0,0,0,0,0,59,0,0,0,0,0,0,0,0,0,0,0,0,92,61,0,0,0,0,0,0,0,0,0,0,0,0,0,0,0,21,0,83,0,0,0,0,0,121,0,36,0,0,0,0,56,0,127,0,0,0,0,25,0,0,0,0,0,26,0,0,0,0,0,0,0,0,105,0,0,0,0,0,0,0,45,0,0,0,0,0,0,0,35,153,0,0,0,0,0,0,0,0,0,0,0,0,0,0,44,0,0,0,0,0,0,0,57,0,0,0,0,0,0,0,0,0,0,0,0,0,0,0,0,0,0,0,0,57,0,0,0,56,0,143,0,0,0,0,27,119,42,50,24,0,0,0,0,0,0,67,0,0,0,0,0,0,0,0,39,0,0,0,43,0,0,0,0,23,0,41,0,0,0,0,0,0,35,0,0,0,0,0,50,0,0,0,0,0,0,46,0,0,0,62,0,0,0,128,33,0,0,0,0,0,44,0,0,0,0,47,201,0,85,0,576,24,0,0,0,0,0,0,0,0,0,0,0,0,0,92,0,49,84,0,0,0,0,39,0,0,272,38,0,32,0,0,0,0,41,0,64,0,0,0,0,0,0,0,0,30,0,120,110,0,54,0,0,0,0,0,67,22,0,0,0,0,0,51,103,0,79,50,0,0,0,39,0,0,0,67,202,0,25,0,48,51,0,39,0,0,0,35,0,0,0,30,0,0,157,0,0,0,0,0,0,75,0,0,0,0,0,0,0,0,0,0,0,0,0,0,50,0,0,74,0,0,0,0,0,0,134,0,0,67,0,0,45,0,40,0,0,0,0,76,0,0,76,0,0,0,0,0,0,0,41,0,0,0,0,0,0,0,0,0,0,0,0,45,104,0,0,0,0,0,0,0,0,0,63,0,0,0,53,0,0,0,0,0,86,0,0,137,34,0,0,0,0,0,0,47,66,0,0,0,0,91,57,0,89,0,0,0,0,0,0,0,0,0,0,0,0,45,0,0,0,0,0,0,49,0,15,0,0,31,0,0,0,0,0,0,0,0,0,59,0,0,0,46,0,0,0,0,0,0,0,25,0,0,0,0,0,0,59,0,0,0,0,0,27,0,0,0,0,25,0,0,0,0,50,0,0,0,0,35,0,51,0,0,0,0,70,0,37,19,27,0,0,0,0,0,0,0,0,0,0,0,0,0,0,0,0,0,0,32,0,0,0,0,0,0,0,0,22,53,0,0,28,0,0,0,0,79,0,0,0,0,0,80,0,0,0,0,0,0,149,0,0,0,21,50,0,0,0,0,0,0,0,0,0,0,0,0,0,0,0,0,0,0,70,0,0,0,0,0,0,0,0,67,0,0,0,177,67,0,0,0,0,66,68,0,0,0,0,24,0,0,0,22,0,93,0,0,0,28,0,40,35,0,61,0,0,0,0,0,0,0,20,0,0,0,0,0,0,52,0,0,0,0,0,0,0,0,0,0,0,0,0,0,0,0,0,0,0,145,0,0,0,0,0,0,46,0,0,111,0,0,0,0,0,0,31,0,0,75,0,0,0,113,0,0,59,0,0,62,83,0,0,0,0,0,0,0,0,15,0,0,0,0,0,0,0,0,0,46,23,0,0,108,81,0,0,0,0,0,0,0,54,0,0,61,0,0,0,0,0,0,0,0,0,0,0,0,0,46,0,0,0,0,0,97,0,0,0,0,0,47,0,0,0,56,55,0,68,0,0,0,22,0,0,83,0,0,0,0,144,0,0,72,0,0,0,0,0,39,0,0,24,77,0,91,0,0,0,0,0,0,0,237,30,0,34,0,0,0,0,0,0,41,0,79,0,0,56,0,0,0,0,70,0,0,42,0,0,0,0,0,0,0,22,0,34,0,0,0,25,0,0,0,0,0,0,56,285,0,0,0,63,0,0,0,0,30,0,0,0,0,146,0,0,0,0,0,34,0,32,49,0,0,40,0,34,0,0,0,34,0,0,0,0,0,56,35,0,0,0,145,0,0,58,0,89,0,0,0,0,0,143,18,0,0,0,46,0,60,0,50,29,94,0,215,0,0,0,134,0,0,0,100,0,0,0,58,0,26,0,58,0,0,0,66,69,0,0,0,0,0,0,0,0,78,0,0,140,0,0,0,31,51,0,32,0,28,0,0,0,0,0,44,40,67,237,0,87,0,0,0,63,0,34,0,0,0,0,0,0,139,0,0,0,84,0,0,0,0,0,0,0,187,0,0,0,0,49,0,415,0,0,0,66,0,165,0,0,0,0,0,0,0,0,0,0,40,0,0,418,25,0,0,0,0,0,0,0,0,212,0,52,52,0,0,0,0,0,46,0,0,37,27,0,49,49,0,0,0,0,0,0,0,44,0,39,0,0,0,0,215,0,45,0,0,0,43,39,0,61,0,0,0,0,0,32,87,0,0,0,0,31,0,0,0,0,0,0,0,0,57,0,0,0,118,0,0,52,0,0,0,13,0,0,0,49,0,0,0,0,0,0,190,22,0,26,0,0,75,0,0,0,0,64,0,32,0,0,0,31,0,0,0,0,0,151,0,0,0,0,0,36,34,0,0,0,0,46,109,0,0,60,0,0,0,0,0,99,0,0,44,37,0,0,187,0,0,181,0,0,0,0,0,15,0,99,41,125,0,0,0,0,0,0,65,0,0,0,0,0,0,0,74,73,0,53,0,0,0,0,55,55,50,0,155,0,0,30,82,0,0,96,83,0,0,0,0,0,127,97,0,235,0,0,63,0,0,0,25,0,0,0,0,83,0,0,0,0,0,0,0,0,0,0,0,0,35,19,83,0,0,35,0,0,0,0,182,79,0,0,0,0,0,0,91,0,0,51,0,0,44,0,0,0,0,0,89,0,0,0,0,0,57,20,39,64,0,0,0,0,0,0,0,0,0,0,0,0,0,100,0,0,0,22,137,49,23,0,494,0,0,0,0,0,0,0,32,34,0,0,0,0,0,0,0,112,35,0,0,0,0,0,56,0,0,0,80,0,0,0,0,0,0,0,0,0,0,0,0,70,0,0,0,0,0,0,0,0,0,0,0,0,0,64,0,88,74,0,0,0,30,0,0,0,0,0,0,0,0,0,0,0,0,0,0,0,0,0,81,71,0,0,0,0,0,0,0,0,0,0,0,41,195,27,72,0,0,0,0,0,0,15,0,0,0,0,0,35,0,84,60,0,0,50,0,0,0,0,0,0,0,0,95,0,0,0,0,102,0,0,60,0,0,0,0,0,0,0,0,0,0,0,0,0,0,0,115,0,0,0,46,39,0,0,0,0,0,0,0,0,0,0,0,0,0,0,0,241,0,0,0,0,0,0,0,33,0,0,0,0,0,0,0,41,0,0,0,0,85,0,0,58,0,0,0,0,0,0,0,0,0,0,0,60,113,68,0,0,0,0,0,0,0,0,0,0,0,0,0,0,0,0,32,0,0,52,0,0,0,40,0,0,0,0,0,0,0,0,0,0,0,46,0,0,0,0,0,0,0,0,0,0,0,48,0,46,49,49,53,0,29,0,0,24,0,0,0,0,94,99,0,0,0,0,0,0,0,0,103,0,0,0,0,22,282,0,0,0,0,0,0,58,0,95,0,0,0,0,0,37,0,140,0,0,0,77,0,0,44,0,0,0,0,0,0,0,0,0,48,0,118,52,0,0,0,0,0,0,0,0,0,0,0,0,0,0,0,483,42,0,0,38,24,74,52,0,0,45,0,0,36,0,0,44,0,25,0,0,28,0,0,0,0,0,0,65,0,0,0,189,0,0,45,94,40,0,0,0,47,0,0,0,102,0,0,0,0,0,63,48,68,102,131,0,0,0,0,0,0,0,47,0,297,0,0,0,0,0,55,0,0,0,0,0,56,56,0,0,0,0,49,0,51,0,0,0,0,0,0,0,0,0,0,0,0,0,0,0,0,0,0,29,84,0,0,0,0,0,0,0,0,0,0,0,0,0,0,23,0,0,0,54,0,24,117,0,47,0,81,75,0,0,0,0,0,0,0,0,78,0,0,0,0,0,0,33,60,0,0,0,0,0,91,0,35,0,0,170,26,0,0,0,0,0,12,0,37,262,0,0,0,164,41,70,0,0,47,79,18,47,0,0,0,0,144,0,113,20,0,83,57,0,0,56,0,94,0,0,0,0,68,0,0,0,0,38,0,73,0,0,0,225,0,0,0,0,27,0,50,0,0,43,0,0,437,0,276,13,63,0,0,147,0,0,66,63,0,0,0,0,44,0,0,40,0,0,0,0,94,109,111,0,0,26,0,67,0,0,0,0,0,0,0,131,0,0,0,0,0,0,0,93,16,0,0,53,0,0,0,0,75,0,0,0,0,42,0,0,0,127,0,0,0,0,0,0,172,0,0,0,0,0,35,0,0,0,0,0,0,92,0,0,0,0,0,0,0,0,0,90,0,0,38,0,0,0,0,46,0,0,40,0,164,0,0,0,0,23,0,0,46,0,0,0,0,0,0,64,0,0,0,0,0,0,0,0,0,0,0,22,0,0,0,0,0,0,0,0,0,0,0,0,113,0,0,0,0,0,0,0,0,55,0,0,0,0,0,0,0,0,0,0,0,0,0,0,0,0,0,53,0,0,0,0,0,0,0,0,0,0,0,0,0,0,0,0,0,11,0,0,0,39,165,104,0,0,0,27,0,0,69,0,0,0,0,0,0,0,0,0,0,0,0,0,0,0,0,41,0,0,0,0,0,0,0,0,81,0,0,0,0,0,0,0,0,0,0,0,51,0,0,0,0,0,37,0,175,0,0,0,0,0,0,0,0,0,0,0,49,0,0,0,0,282,0,0,0,0,118,0,0,0,0,0,0,0,36,0,0,0,0,0,0,27,33,0,0,0,0,23,17,0,0,0,0,0,0,87,0,0,0,0,0,0,0,0,0,0,0,0,0,0,0,0,0,0,0,0,0,0,0,0,0,0,109,0,0,0,0,0,0,0,0,54,0,0,0,0,0,25,0,0,0,0,0,0,0,0,0,0,0,0
29,0,0,0,0,0,44,0,0,0,0,94,0,0,16,47,47,100,0,0,0,50,0,84,0,0,0,0,45,0,0,0,0,0,34,57,153,0,31,238,29,0,36,0,72,0,0,0,170,0,0,62,67,117,0,172,0,0,0,0,0,176,0,110,46,0,47,0,0,0,424,0,0,45,0,106,146,0,175,37,192,0,0,0,128,0,51,0,0,0,202,35,25,0,120,0,34,0,59,0,0,0,0,142,41,39,0,0,108,0,231,0,0,73,113,0,0,86,0,0,171,0,60,0,0,0,0,0,129,0,0,0,128,0,81,57,0,65,0,0,153,0,66,60,0,0,0,0,35,75,0,42,64,69,0,76,0,150,0,275,256,13,0,85,77,0,0,0,31,113,251,38,0,0,0,85,0,0,0,0,0,61,0,45,0,0,59,58,301,0,0,0,81,54,42,0,0,0,0,54,0,0,40,0,333,0,0,0,0,61,47,185,0,0,12,50,0,121,0,42,44,305,0,0,112,0,0,80,118,0,81,33,0,0,0,0,45,55,230,76,0,158,0,24,0,0,89,0,0,0,0,0,70,0,111,41,47,0,24,49,111,78,38,0,0,0,0,379,84,490,0,0,218,175,54,0,66,0,141,234,99,0,35,124,52,36,62,245,2584,0,101,0,75,0,0,63,0,75,86,0,25,0,43,60,0,67,165,56,0,141,108,390,82,0,0,31,0,116,68,0,41,52,0,28,128,87,0,198,0,0,469,0,0,71,56,42,14,0,34,32,0,52,0,0,148,0,0,0,126,324,0,49,0,67,348,0,0,40,352,75,41,22,141,0,42,174,147,134,0,0,39,42,0,0,33,168,110,0,0,84,66,0,76,0,0,563,58,0,109,0,38,0,295,44,72,19,252,55,54,91,0,0,99,0,44,42,0,58,0,0,30,0,87,0,0,0,166,59,201,72,0,155,55,53,78,99,73,0,110,0,0,0,48,24,53,0,55,0,0,166,0,0,224,0,111,90,121,0,0,0,0,0,71,0,125,0,0,0,0,0,158,55,67,41,0,74,0,0,0,0,0,37,57,88,0,0,168,350,259,122,75,0,99,0,113,0,0,80,71,152,0,42,0,59,0,42,97,0,64,59,0,209,32,68,0,88,247,35,0,0,0,0,0,51,31,0,0,0,36,85,40,54,142,257,77,0,0,27,118,0,0,0,0,0,96,0,0,0,0,88,34,107,294,0,29,0,0,0,0,274,161,74,0,0,0,0,0,0,0,0,89,272,0,67,0,77,0,0,0,50,106,58,0,0,0,0,0,0,0,41,48,119,52,0,189,0,87,137,0,0,0,692,0,47,0,0,0,43,0,0,0,35,0,91,59,222,85,160,67,76,0,0,103,228,89,0,52,110,0,55,0,0,0,0,52,0,98,0,0,94,175,44,31,57,0,0,49,0,0,0,0,16,148,0,0,240,0,127,40,169,279,0,0,45,581,0,34,0,48,177,64,51,43,0,0,274,0,59,0,55,87,0,139,0,129,34,0,91,209,0,0,0,0,0,89,0,103,43,0,0,122,0,0,0,0,42,78,28,45,0,0,104,0,57,86,21,36,53,217,68,41,156,169,0,0,0,0,35,91,32,122,69,62,320,157,145,63,43,0,0,105,110,0,0,179,0,0,0,261,71,155,84,212,121,0,110,0,0,0,0,54,0,0,0,157,34,0,0,0,29,0,44,0,0,0,0,0,0,0,149,118,50,46,0,0,181,0,0,0,0,153,48,65,0,0,0,166,171,108,361,0,0,0,48,0,59,0,46,0,0,0,39,0,44,140,57,0,66,50,0,56,0,297,257,66,336,0,0,0,98,165,0,303,45,0,45,0,0,0,112,209,0,0,38,0,0,81,77,0,0,0,0,241,0,36,85,0,65,49,0,168,0,198,0,0,0,184,101,55,160,0,0,0,67,0,97,0,0,0,16,0,58,0,37,331,69,0,0,0,68,0,0,0,0,82,0,0,81,0,0,43,288,35,97,58,140,217,50,0,0,140,420,0,0,0,0,74,163,260,170,131,30,48,0,0,480,247,55,228,0,32,147,70,69,0,81,39,0,35,159,0,53,57,0,53,0,96,0,186,42,0,0,0,91,47,87,0,69,37,83,78,0,135,220,0,0,82,37,799,49,79,37,78,165,25,183,0,198,115,184,38,47,0,644,110,79,0,262,45,0,66,219,0,0,0,66,424,74,680,0,794,223,0,26,39,40,0,0,0,76,42,29,110,0,0,245,65,69,356,92,48,109,0,135,30,112,810,241,0,126,52,0,82,74,73,0,258,105,77,0,0,171,43,0,76,496,0,328,1031,90,59,59,157,196,0,0,327,70,0,0,27,0,120,0,182,0,81,39,84,187,0,414,126,105,114,347,1177,64,307,48,67,73,0,210,0,64,60,49,34,47,0,173,0,34,555,41,0,0,134,0,80,165,0,99,0,0,42,85,0,0,141,0,258,0,51,104,58,0,0,40,25,141,181,118,25,98,512,46,0,482,54,162,431,0,40,0,117,111,93,166,0,0,425,538,0,0,0,141,118,0,49,0,72,0,68,21,0,461,155,91,81,45,105,101,115,0,54,22,736,107,0,115,231,247,281,115,229,0,194,0,152,41,93,56,231,0,91,122,172,50,0,58,0,47,0,232,63,61,0,220,0,629,42,0,240,37,60,51,0,63,0,78,72,35,70,29,0,56,60,0,313,0,35,61,56,21,91,53,0,43,41,0,0,0,0,0,74,35,0,241,0,0,72,127,99,95,124,0,0,130,44,232,0,146,95,0,0,0,67,0,0,41,65,0,57,0,0,0,0,79,0,0,110,0,191,0,0,32,0,108,192,134,0,0,0,0,248,40,0,0,134,0,49,0,83,91,0,41,25,0,88,0,0,41,0,0,66,0,0,53,0,160,0,0,59,51,76,0,230,124,0,30,151,0,53,24,0,370,77,64,246,0,0,426,0,65,0,39,0,0,283,0,0,102,56,206,0,219,103,0,0,0,56,0,79,0,0,22,0,0,0,149,0,110,48,0,27,0,0,0,0,40,0,95,0,0,34,766,186,47,108,0,115,221,105,70,0,65,0,108,0,44,0,53,0,121,28,0,31,50,0,247,79,0,193,0,0,14,0,0,53,80,0,40,87,247,0,160,37,127,0,76,53,0,0,50,40,24,58,64,0,81,0,158,199,11,36,62,0,97,179,76,75,0,0,0,66,0,0,504,0,43,0,0,0,0,110,0,27,98,0,38,0,76,0,67,145,58,0,79,257,0,0,30,0,0,61,0,0,0,0,94,0,151,205,0,0,0,40,92,97,34,0,63,115,118,0,0,68,0,0,51,269,0,57,386,0,0,50,83,0,51,73,67,0,0,0,0,63,592,148,0,0,84,0,144,0,0,112,73,0,77,0,0,0,128,108,0,90,153,39,0,0,0,0,102,0,123,0,232,179,50,0,167,117,0,42,171,0,144,0,0,34,126,0,83,0,0,53,99,0,40,93,143,105,57,176,434,0,0,187,69,0,24,198,163,0,48,103,44,49,27,0,150,0,0,172,0,0,36,70,0,70,0,0,0,63,0,241,43,77,0,37,37,47,0,41,162,476,42,40,50,128,33,150,0,108,81,0,39,0,0,900,49,73,0,0,0,47,0,56,335,0,91,114,0,135,37,0,76,53,68,91,118,0,75,70,42,0,0,52,218,0,0,86,0,198,0,0,0,0,0,1064,100,0,0,0,229,73,123,68,149,47,178,0,435,0,0,0,103,86,606,38,143,0,32,107,88,93,39,0,89,37,66,0,130,119,0,0,0,81,0,89,22,0,232,0,0,481,36,0,0,106,66,0,79,220,74,0,0,0,0,0,68,83,200,523,0,161,50,0,0,0,0,0,178,0,0,0,0,0,213,0,0,54,260,0,113,0,0,40,66,189,292,97,358,65,36,265,106,736,0,66,0,161,0,302,72,0,90,91,0,0,47,0,0,0,94,0,0,165,74,0,0,0,0,0,0,74,0,380,0,80,169,0,30,29,0,0,200,44,0,47,48,43,84,0,0,0,97,65,37,28,0,59,66,57,0,61,0,0,342,0,109,0,188,0,170,119,0,158,64,88,0,0,72,223,104,56,120,44,0,62,52,0,0,30,0,0,0,0,70,78,29,123,103,62,0,51,111,0,0,0,141,0,34,0,216,0,84,73,79,0,828,35,0,24,313,0,126,71,0,30,43,20,104,44,0,208,0,62,0,0,0,188,84,243,0,0,0,68,0,121,194,65,69,0,0,105,163,0,0,132,0,0,0,0,50,178,0,0,56,0,0,0,669,0,43,173,0,0,0,0,97,94,0,61,119,456,0,105,0,0,0,0,89,84,84,0,0,23,191,34,129,274,292,79,0,0,0,120,99,188,0,0,356,0,0,0,104,0,0,280,121,0,0,0,0,0,132,229,0,183,0,0,124,0,0,0,87,0,0,0,0,146,0,0,213,0,29,0,0,72,82,54,0,86,68,249,116,0,0,40,62,15,0,0,274,729,0,0,0,23,41,0,208,0,0,400,0,0,0,70,0,0,0,0,75,113,132,0,48,0,58,132,96,192,0,0,0,0,53,0,164,0,85,35,100,0,0,73,128,0,0,27,339,98,69,0,750,0,33,0,0,0,0,74,103,52,0,65,0,0,0,0,0,140,95,148,0,0,0,46,100,97,0,165,95,0,223,31,103,21,74,67,127,78,265,112,0,58,131,53,94,97,134,106,0,55,0,48,0,60,109,211,0,280,247,0,0,0,181,130,44,0,0,0,120,205,26,71,112,0,0,47,0,215,57,89,234,116,483,181,0,0,0,0,70,108,0,0,106,51,1372,106,158,0,0,316,0,65,0,55,38,60,71,0,81,73,0,109,482,0,83,128,0,52,0,0,130,57,174,62,499,0,0,79,47,355,202,0,121,0,0,0,0,301,41,137,40,0,189,0,37,121,360,89,234,207,0,0,103,0,69,0,141,93,0,123,44,0,133,82,0,60,95,0,0,1286,0,240,33,73,46,0,92,203,0,0,36,56,0,78,0,250,0,74,70,0,498,0,96,458,0,78,0,63,99,0,79,0,95,156,65,245,385,115,0,0,114,0,151,59,92,30,0,70,68,0,0,154,54,82,283,0,0,120,0,30,55,250,0,0,86,0,0,34,0,0,18,82,0,77,29,0,220,216,0,73,0,0,81,60,119,175,66,399,85,343,126,69,120,0,0,65,50,126,144,113,206,172,0,47,0,123,83,0,0,37,66,0,69,63,0,229,1568,0,0,0,64,72,0,256,106,271,64,109,101,66,0,82,0,125,237,95,0,293,0,0,107,59,44,88,45,0,0,92,132,122,97,103,300,205,0,0,0,58,49,261,57,35,0,46,0,39,586,0,0,469,106,69,0,434,0,147,63,0,157,56,0,0,56,25,0,87,60,443,0,177,119,33,69,45,0,0,1211,69,0,0,0,428,0,172,47,142,194,0,0,0,98,70,0,0,170,0,0,107,41,133,147,162,83,80,424,0,0,0,63,0,48,39,104,0,571,451,31,42,0,157,135,63,144,98,54,174,409,140,66,100,44,0,104,55,76,0,51,0,0,198,83,61,0,820,0,0,175,0,0,58,214,0,84,145,111,29,0,0,124,52,79,0,0,146,468,92,0,30,87,57,40,0,66,142,30,106,288,47,55,0,68,127,0,0,0,40,0,45,47,218,74,0,49,35,0,48,0,101,192,51,0,339,0,0,58,20,52,60,0,290,170,90,0,81,61,80,131,33,75,351,83,0,0,431,131,122,60,29,189,156,72,183,50,0,433,50,373,57,92,0,176,194,343,0,0,81,68,143,69,0,35,0,407,65,128,0,0,75,0,188,0,81,85,356,0,62,223,64,77,0,264,0,133,175,74,44,272,0,133,70,63,0,0,189,29,127,72,214,86,0,0,0,53,42,46,57,29,0,107,0,123,145,146,0,116,50,28,180,0,0,26,0,61,66,95,300,288,17,55,0,0,89,40,94,408,0,60,167,0,56,0,130,109,109,0,0,79,148,0,0,69,76,37,0,96,104,0,0,298,0,45,76,86,124,186,48,0,54,0,0,0,141,0,0,44,0,62,146,54,0,33,331,0,233,170,161,50,0,81,68,0,0,560,86,139,0,51,70,0,99,0,0,98,0,574,166,71,345,133,271,0,132,0,61,77,0,38,0,31,36,0,91,361,47,0,140,0,15,95,85,0,0,0,54,735,67,94,0,0,0,0,105,130,132,0,70,17,85,134,304,0,0,128,46,139,52,56,89,22,0,55,52,0,86,0,79,41,74,42,0,61,76,0,0,47,0,66,0,60,0,46,29,118,260,316,782,81,113,48,181,0,45,314,0,88,156,0,44,180,98,32,66,51,37,0,49,63,0,197,137,0,78,40,65,195,0,0,41,125,30,0,0,30,0,115,251,0,1320,119,0,136,0,0,35,80,0,63,0,443,0,0,68,212,0,0,75,60,0,52,0,74,0,165,67,84,268,43,0,255,44,160,0,134,0,116,63,0,0,160,0,183,0,29,0,0,222,75,0,31,105,0,226,239,0,0,22,40,0,0,348,230,0,0,36,119,47,46,23,0,65,0,62,59,66,0,0,106,35,0,274,45,0,179,0,62,0,400,36,0,0,0,0,0,29,62,424,0,148,174,252,0,81,0,0,0,107,68,56,0,92,551,30,22,0
30,0,0,0,0,0,0,0,0,0,0,0,0,0,0,0,0,0,0,0,0,104,0,0,0,72,0,0,0,0,0,0,0,0,0,0,0,0,0,0,50,0,0,0,0,0,0,0,83,0,19,0,72,0,0,49,0,0,0,0,0,81,0,0,0,0,0,0,0,0,41,0,0,0,0,45,0,0,0,0,0,0,0,0,62,0,0,0,0,0,49,49,0,0,31,0,0,0,0,0,0,0,0,0,0,0,0,0,40,0,114,38,0,75,0,0,0,0,0,0,99,0,170,0,0,0,0,0,25,0,0,0,212,0,0,0,61,0,0,0,117,0,0,0,0,0,0,0,0,38,0,0,35,35,0,0,0,52,0,40,0,0,0,54,0,29,0,0,79,37,238,97,0,0,0,0,0,0,74,0,0,68,0,43,0,0,0,148,116,0,0,0,0,0,0,0,31,0,0,0,0,40,75,0,43,0,0,0,0,95,41,117,0,0,0,47,0,64,0,0,37,118,17,0,194,0,0,0,95,0,51,0,0,0,0,0,0,41,116,0,0,38,20,0,0,0,58,0,0,0,0,0,186,0,58,0,0,0,0,0,106,0,33,0,0,0,0,159,0,262,0,0,43,115,0,48,27,0,226,91,0,0,62,52,0,0,0,40,1097,0,0,0,0,0,0,0,0,0,32,0,26,0,0,0,0,239,110,41,0,13,0,246,0,0,0,0,0,0,0,0,0,0,0,0,0,0,0,120,0,0,209,0,46,37,0,65,0,0,0,0,0,37,0,33,0,0,0,0,36,496,46,0,0,112,174,0,0,0,195,0,0,29,46,0,0,127,107,78,0,0,81,0,0,0,0,98,35,0,0,74,0,0,41,0,0,101,0,56,34,0,0,0,455,0,0,0,72,0,59,25,0,0,0,0,0,34,0,0,0,21,0,0,41,0,0,0,124,0,173,0,0,77,0,0,0,0,72,0,53,0,0,0,0,0,0,0,0,0,0,120,0,0,207,0,0,0,54,0,0,0,0,0,0,0,62,0,0,0,0,0,128,0,0,0,0,0,0,0,0,0,0,0,0,62,0,0,64,183,0,66,25,0,86,49,47,0,0,46,0,68,80,0,0,0,0,0,0,67,0,0,0,17,0,147,0,33,166,73,0,0,21,30,0,0,0,0,25,0,0,0,0,0,126,0,32,0,51,36,148,0,0,0,0,0,71,0,0,0,0,0,0,56,170,0,0,0,0,0,0,25,85,0,0,0,0,0,0,0,22,35,118,207,0,0,0,142,0,0,0,0,72,30,0,0,0,0,0,30,0,0,0,138,0,0,168,0,0,0,0,0,0,208,0,0,0,0,0,32,0,0,0,0,0,64,0,48,0,139,0,21,0,0,32,0,0,0,0,0,0,0,0,0,0,0,0,0,0,0,0,77,115,0,0,45,0,0,39,0,0,0,0,0,0,0,0,0,0,0,0,0,0,0,0,0,123,0,24,0,0,70,0,0,54,0,0,0,0,0,0,0,0,0,0,0,116,0,0,0,41,0,0,0,0,0,0,0,51,0,87,0,27,0,0,0,0,0,86,0,194,0,0,0,0,0,0,0,0,0,90,0,0,127,0,0,0,0,0,30,113,0,115,0,0,131,64,191,0,0,0,0,0,0,0,0,0,0,0,0,0,30,110,46,468,0,0,20,0,0,22,0,0,0,0,0,107,0,0,0,0,0,0,0,0,0,0,50,0,0,0,0,0,46,0,0,0,0,0,0,0,0,170,0,0,0,0,0,0,0,48,0,0,0,0,0,0,0,0,26,0,0,0,0,0,63,134,0,79,52,0,0,0,0,0,193,0,0,13,0,0,0,0,0,0,28,0,0,42,0,0,0,104,0,0,33,0,0,0,0,0,0,0,0,0,0,0,27,0,0,0,0,0,0,0,0,0,0,74,0,0,65,44,0,0,86,0,0,0,0,0,0,0,0,0,0,0,107,0,0,0,0,0,0,0,0,0,0,0,0,0,0,25,0,0,43,59,108,32,56,0,0,0,73,0,55,0,0,0,135,164,265,0,0,0,0,0,72,66,69,0,0,0,0,0,0,0,26,0,0,48,31,54,0,0,0,38,0,70,104,57,0,53,0,0,0,0,29,0,0,0,0,0,0,0,107,0,0,0,0,236,0,0,37,0,33,76,0,0,44,0,0,0,0,0,95,0,0,0,108,0,0,0,0,0,0,0,99,342,0,354,0,1103,72,0,0,0,0,28,0,0,0,0,28,67,0,0,0,0,79,142,75,0,41,0,0,0,92,262,0,0,0,0,33,0,0,0,0,53,0,0,0,0,90,0,0,0,56,0,29,233,51,149,0,40,0,0,0,0,0,0,0,0,0,94,93,40,0,0,0,133,0,0,111,0,0,0,38,241,22,57,0,0,133,0,0,0,0,0,77,0,38,0,0,0,0,270,0,0,0,33,0,0,159,0,0,38,46,36,0,0,0,0,0,27,0,0,0,0,0,0,57,0,119,35,115,0,0,78,0,0,179,47,64,0,0,68,0,0,23,0,68,0,0,71,59,0,0,0,0,35,0,74,0,0,0,0,0,0,68,0,38,0,0,47,141,41,0,17,66,151,0,0,0,0,119,101,0,0,0,105,0,52,0,0,0,271,0,21,173,27,0,0,0,0,0,0,78,187,0,0,111,0,188,194,0,120,0,0,0,0,0,0,0,0,0,37,0,30,75,0,0,153,0,0,0,0,0,32,0,0,0,51,0,0,0,0,0,0,0,0,88,0,0,0,111,0,0,25,0,0,0,0,45,0,0,52,0,0,0,0,0,0,0,0,0,0,0,28,0,0,0,0,0,0,0,0,0,0,24,0,0,48,0,0,0,0,0,0,22,0,0,41,0,0,0,0,0,0,0,0,0,0,0,29,37,0,0,0,0,0,29,0,170,0,0,0,0,50,0,180,0,0,0,0,0,0,0,0,0,0,0,63,0,0,146,0,0,0,0,0,0,27,0,20,0,0,0,0,22,69,0,0,0,0,0,0,0,0,33,0,0,0,0,0,0,0,0,0,0,0,0,0,0,0,0,0,0,0,305,26,0,82,0,0,0,57,0,0,49,0,0,0,0,0,0,0,66,0,46,0,80,0,53,30,0,160,0,0,0,0,0,31,25,0,46,39,60,0,52,0,0,0,0,59,0,0,18,0,0,0,58,0,0,0,0,65,0,0,0,0,55,32,0,0,0,0,0,0,0,0,110,0,0,0,0,0,0,56,0,0,0,0,0,0,0,0,0,0,0,0,21,0,0,0,33,0,0,0,0,0,19,0,38,0,0,0,0,48,0,0,0,0,0,0,118,110,0,0,0,0,31,0,0,35,0,0,0,0,0,42,0,0,15,33,0,0,75,0,0,64,224,116,0,0,51,36,83,0,45,0,0,0,137,0,0,0,0,0,0,68,0,0,0,17,0,0,86,0,59,0,0,0,38,0,33,214,0,0,117,85,49,0,27,0,184,0,280,0,0,20,47,0,0,51,67,30,30,85,338,0,0,0,0,0,0,86,110,0,0,38,45,51,0,0,101,0,0,409,0,0,0,0,0,0,0,0,0,54,0,126,0,0,0,0,0,20,0,30,0,104,0,0,0,38,0,0,0,85,22,0,0,0,33,153,0,0,0,0,0,47,0,97,67,79,38,0,0,87,0,0,0,78,55,33,87,0,79,207,81,0,0,30,106,0,0,0,29,134,0,33,0,0,0,345,0,0,0,0,162,33,0,0,43,0,0,0,31,0,0,0,140,0,115,0,0,38,0,0,97,52,91,0,26,0,0,36,0,37,0,0,0,59,0,12,0,0,0,0,0,135,0,0,0,91,94,0,0,87,72,0,0,0,0,0,67,31,150,283,0,0,0,0,0,0,0,64,153,0,0,0,0,0,0,0,0,43,113,0,40,0,0,32,0,86,90,77,82,0,0,0,37,41,0,0,0,140,0,50,0,32,65,72,0,0,0,0,0,0,44,0,33,130,0,0,0,0,0,0,0,47,0,304,0,0,0,0,0,52,0,0,69,0,0,0,29,0,56,29,50,0,0,0,0,0,0,0,0,0,0,58,0,0,160,0,0,0,69,43,44,55,0,0,0,0,0,0,0,0,0,0,0,55,0,0,0,0,0,0,0,0,0,0,49,0,100,0,150,0,33,0,0,0,0,0,0,0,0,0,0,33,0,0,26,0,0,0,34,0,38,0,270,0,0,0,0,95,0,28,0,76,0,30,0,0,0,29,0,104,0,0,0,0,41,0,0,134,0,0,0,0,37,0,0,0,0,0,0,0,0,0,146,34,0,0,0,0,89,0,0,53,55,0,0,0,0,0,0,119,41,74,0,0,0,0,0,0,32,0,0,61,0,0,47,59,0,0,47,51,0,15,0,0,0,33,0,0,75,0,0,87,0,46,0,63,50,0,0,0,0,0,0,82,0,135,0,0,31,0,0,0,33,0,0,50,0,64,0,0,47,0,0,0,0,0,0,0,0,71,46,103,72,0,0,117,0,0,0,0,0,116,0,0,0,0,0,0,0,0,89,237,57,0,0,0,0,0,0,0,0,0,0,0,0,0,39,0,0,77,0,0,0,0,0,0,0,0,31,0,0,0,0,58,0,0,0,0,183,0,0,0,332,0,0,0,0,0,0,0,0,0,76,0,0,0,45,0,0,88,0,0,0,0,41,0,38,0,0,0,59,0,0,0,0,0,0,47,0,0,0,0,0,349,0,25,0,0,0,0,0,0,0,0,0,0,36,0,0,39,0,0,0,0,66,0,36,0,0,0,73,0,35,64,43,0,0,0,0,0,0,37,344,67,293,58,0,0,0,0,0,35,0,0,0,144,74,0,48,63,98,51,0,0,0,0,0,0,30,0,0,0,0,65,144,0,0,0,0,0,0,0,0,0,0,0,58,0,48,20,0,68,39,0,55,0,0,42,34,30,0,48,34,0,0,0,0,67,0,0,71,0,0,0,0,28,42,0,0,0,0,74,0,0,109,44,28,0,33,0,0,292,0,64,0,0,36,0,71,0,0,0,48,0,24,0,0,19,0,0,0,0,109,50,0,198,17,0,0,0,41,0,0,0,0,95,0,55,28,0,0,0,0,0,0,32,67,0,0,30,0,61,0,119,0,25,179,0,0,0,97,0,76,0,0,0,0,57,0,0,0,0,0,53,0,0,118,0,30,0,0,0,0,0,0,0,83,0,49,57,29,51,0,50,85,0,74,42,0,73,0,115,79,58,87,0,0,0,0,0,0,0,67,0,0,0,0,0,0,37,0,0,0,0,56,0,0,90,34,27,0,0,0,55,0,115,0,84,0,189,0,0,62,0,59,0,0,0,0,34,0,0,73,0,0,0,0,0,0,0,0,0,0,0,0,0,0,0,0,0,0,366,55,0,0,0,0,0,34,0,0,0,0,0,79,0,0,0,0,44,0,0,0,0,0,0,0,0,111,56,0,0,0,64,0,56,63,116,180,0,0,0,0,0,0,0,92,0,0,0,0,201,34,97,78,0,0,0,0,0,28,0,0,20,0,0,532,76,0,0,0,53,0,0,0,34,0,94,41,0,0,0,0,41,0,0,0,0,0,0,0,56,68,41,0,32,0,0,90,0,0,0,69,0,0,63,137,0,0,0,0,0,0,0,0,0,403,40,0,0,0,0,0,0,0,72,0,0,0,0,60,0,0,143,0,0,36,0,28,0,0,0,69,24,0,41,0,0,61,53,0,0,0,236,0,0,65,0,0,0,0,124,0,0,0,0,0,0,0,0,56,299,39,0,0,0,0,0,0,0,0,84,0,0,0,0,206,0,151,0,0,0,66,0,147,0,50,29,0,78,0,0,0,0,112,0,34,0,0,0,0,122,0,0,0,163,0,0,89,72,55,24,161,0,95,119,0,33,205,0,151,33,170,0,0,148,0,0,37,44,47,39,0,0,58,48,0,0,0,0,0,0,115,59,38,0,0,60,0,0,0,0,24,0,26,0,0,115,49,0,38,0,0,30,0,84,130,0,0,0,0,0,0,0,71,70,0,0,0,58,0,0,0,137,0,0,96,66,0,20,203,0,55,54,151,119,99,101,0,53,0,0,37,93,0,30,0,0,42,37,0,0,0,143,0,72,48,66,46,0,0,143,0,0,338,77,142,55,66,0,0,42,18,0,29,53,137,129,0,119,87,78,0,0,0,74,0,0,0,52,0,0,0,0,131,0,0,45,0,0,54,76,0,0,0,0,294,17,52,0,0,0,0,45,47,0,0,0,73,0,0,262,0,0,0,53,77,0,0,57,25,0,0,76,0,30,0,0,0,46,0,0,0,77,0,0,0,0,0,0,0,0,73,0,44,53,523,379,51,36,91,0,69,16,54,0,0,49,33,33,48,125,78,39,0,0,0,116,36,0,0,63,0,16,103,0,489,32,73,0,84,0,0,0,63,0,0,125,0,676,0,0,147,0,0,117,0,0,76,40,240,0,0,0,100,0,0,172,0,0,28,0,0,0,0,47,55,780,0,0,269,0,156,0,120,0,0,120,0,0,68,0,181,0,0,131,0,84,70,0,0,49,30,145,49,0,0,71,0,0,0,157,96,0,0,66,0,0,0,0,0,0,0,34,21,50,0,0,0,0,0,146,45,0,136,0,0,0,104,0,15,0,0,0,0,0,117,179,0,0,77,161,0,149,0,0,0,0,51,46,0,81,64,0,0,50
31,0,65,32,112,65,143,177,13,255,41,667,74,63,64,375,590,597,102,92,56,1188,113,186,175,491,0,61,0,178,51,52,193,0,97,292,337,0,161,799,207,97,150,71,668,0,174,95,888,0,451,166,351,282,0,591,59,43,0,125,0,269,252,680,61,153,390,73,0,59,566,0,120,98,58,775,167,39,582,89,428,52,80,373,330,158,110,44,168,125,636,168,148,245,286,57,102,32,187,98,0,72,86,331,70,51,190,61,312,167,608,115,109,397,492,132,85,260,85,64,374,67,846,115,64,220,81,63,110,96,285,53,952,66,253,299,573,172,213,148,406,191,355,929,0,61,126,72,111,164,41,71,158,97,273,313,39,287,55,188,482,239,0,382,135,224,108,91,471,280,582,878,97,160,55,51,111,183,593,167,78,612,29,113,78,175,127,809,619,27,38,39,327,215,424,62,209,84,60,354,48,364,460,64,844,85,68,57,100,289,214,361,75,155,73,430,175,252,75,49,379,626,136,48,962,45,0,368,532,41,347,73,40,52,57,35,101,200,661,38,43,214,172,140,173,0,139,0,140,0,294,183,819,195,494,98,129,0,66,160,489,274,214,104,139,52,46,840,228,740,99,66,461,950,101,382,204,47,2158,910,203,57,199,241,141,91,99,462,6389,288,165,115,708,62,83,252,56,124,67,177,151,73,172,170,0,383,820,180,53,239,236,1453,296,29,34,110,171,353,198,54,180,83,0,137,578,334,60,463,0,61,904,0,161,278,214,100,38,71,119,124,60,298,30,149,350,76,59,0,221,3226,593,155,52,837,1361,76,155,271,1059,291,196,225,383,56,322,520,429,553,250,119,635,199,201,92,246,422,437,28,0,589,150,71,150,124,156,2206,85,162,302,63,103,104,786,108,169,103,1289,118,207,572,29,138,118,29,68,366,94,138,168,49,385,40,227,153,0,78,621,197,642,589,97,469,309,88,251,272,256,129,537,100,57,72,168,89,470,0,0,155,133,408,0,72,724,365,306,247,525,243,128,142,48,0,355,45,381,0,124,128,0,98,345,98,434,218,124,195,75,183,73,82,53,91,587,326,186,245,574,1145,513,351,480,159,556,635,255,0,0,220,210,457,551,160,81,281,144,206,407,422,594,112,0,440,114,2041,249,237,594,532,126,50,175,44,45,104,62,0,393,216,250,310,188,168,382,746,281,53,60,113,763,49,187,52,0,52,233,223,52,0,0,303,85,450,886,93,127,58,416,128,146,706,524,344,79,136,165,181,0,177,175,78,562,652,0,199,267,649,69,66,50,189,462,206,77,0,68,83,43,509,74,93,368,491,273,76,1214,73,639,849,146,116,133,1609,0,312,48,61,53,538,45,76,39,70,270,145,119,565,150,362,210,157,30,94,679,796,253,74,175,373,33,228,82,107,26,101,203,51,111,107,0,458,447,40,76,124,56,135,191,201,110,0,71,0,452,0,80,621,48,274,91,512,451,67,69,146,2113,0,268,79,141,502,223,212,218,0,43,314,126,300,59,253,590,146,321,75,347,215,115,189,613,96,90,69,352,161,711,66,93,159,485,34,522,96,263,0,125,85,207,87,1145,0,93,161,30,360,286,139,67,260,262,215,80,628,669,39,0,88,0,181,385,172,292,309,328,3367,832,872,248,276,28,0,429,239,122,126,235,0,43,112,574,278,653,187,2410,228,0,215,58,0,223,0,130,132,92,76,254,75,54,83,0,112,135,217,112,252,45,256,0,157,35,514,358,294,154,83,70,630,146,90,178,212,408,110,319,90,33,45,299,221,197,779,0,0,213,100,26,94,34,202,87,193,299,123,116,145,574,258,588,183,282,40,126,56,564,396,100,548,93,138,77,193,399,64,684,109,71,88,170,190,49,418,697,26,89,90,56,24,257,220,44,0,0,104,1012,61,441,154,0,219,237,130,358,0,335,85,55,0,1035,562,152,1058,81,85,56,357,103,209,85,0,108,74,0,92,80,169,581,447,129,86,0,141,113,187,236,118,168,249,0,321,31,125,221,664,57,374,360,242,1051,95,58,163,243,722,0,147,0,139,95,433,508,550,280,108,144,119,118,1333,389,221,259,43,290,444,140,92,77,193,311,129,96,283,90,109,120,54,228,80,98,435,347,62,86,244,63,350,36,266,50,86,173,248,161,0,162,424,121,0,193,103,1415,46,79,284,124,256,628,182,70,337,194,1161,88,117,56,801,301,99,0,1097,107,0,115,480,59,0,296,256,1391,186,1351,39,3723,193,133,78,125,52,134,40,37,260,161,84,433,42,64,654,144,214,879,192,71,199,0,297,79,499,1603,514,233,282,54,100,147,136,165,0,1023,184,147,32,46,132,126,99,135,690,0,363,2275,262,513,141,339,345,190,118,447,446,145,92,265,0,81,238,828,0,198,381,606,441,0,541,152,206,309,921,1750,565,594,66,456,221,137,688,90,106,161,149,43,202,14,204,24,166,815,114,86,38,185,126,101,730,133,358,97,217,100,187,41,106,200,141,529,31,93,145,203,125,0,219,172,411,278,703,105,110,1559,194,42,575,249,182,644,144,230,0,104,354,134,340,0,41,506,1168,29,56,64,346,324,52,159,57,115,78,73,64,128,969,269,96,200,239,462,258,373,33,166,139,638,153,100,167,505,600,766,262,248,0,453,155,250,51,127,221,516,51,144,1009,409,55,200,63,0,46,191,697,999,101,87,215,75,1021,489,0,470,195,117,121,0,152,43,93,93,137,351,78,165,349,109,40,1324,64,112,246,338,99,95,161,72,219,167,61,71,112,64,47,134,54,0,318,23,30,88,440,223,103,175,64,38,166,100,382,67,235,279,55,129,47,329,49,88,61,106,92,243,51,331,37,0,234,59,139,301,83,228,57,31,141,57,400,653,490,60,76,0,0,418,172,131,57,383,136,115,61,92,145,44,63,161,0,216,141,152,145,0,41,174,89,60,173,63,802,151,42,144,210,88,124,661,479,98,98,401,45,283,134,0,1065,301,105,573,60,30,2870,99,346,49,120,133,74,1025,0,158,242,99,273,65,357,200,48,40,127,195,0,95,248,91,111,35,311,63,143,38,274,356,107,75,61,75,152,97,106,123,424,58,0,98,2292,846,94,712,95,143,352,518,142,63,165,49,626,154,94,84,192,58,651,93,214,173,1176,0,1099,368,0,507,78,49,90,77,34,467,297,105,283,186,629,91,605,31,532,45,196,386,0,103,248,170,155,222,149,52,207,226,125,238,73,214,346,52,670,416,188,230,503,170,112,450,77,0,666,0,65,229,0,98,52,355,63,168,326,162,175,0,435,123,253,163,212,0,365,449,42,71,242,100,157,104,107,108,250,38,239,297,317,557,134,156,82,97,279,106,91,56,437,598,384,173,78,175,119,22,139,459,116,250,979,112,36,100,526,77,95,132,81,0,116,23,0,371,333,117,44,111,127,114,354,62,97,231,0,176,353,0,0,55,509,188,31,245,135,67,0,193,0,54,889,51,268,0,611,202,48,0,284,450,121,82,379,203,277,0,88,162,1328,0,480,46,136,196,365,93,59,162,312,210,64,289,1832,76,0,404,73,51,104,320,700,39,269,78,277,182,118,0,331,0,168,1274,0,332,164,101,100,268,29,254,140,190,88,363,55,85,0,85,49,299,0,107,395,398,165,57,62,122,153,152,57,405,146,149,72,134,57,741,71,164,186,59,122,186,64,568,316,136,165,71,42,236,56,80,247,195,109,264,411,30,444,503,387,155,136,174,893,47,0,72,190,1208,0,261,0,51,100,824,196,112,66,48,504,194,249,91,418,41,150,0,721,18,53,36,942,62,1176,299,136,50,48,169,275,48,231,114,343,46,162,169,192,276,0,251,64,105,42,90,46,469,471,0,0,874,96,0,0,292,235,100,108,230,232,100,168,0,72,103,377,183,541,1662,266,163,280,33,0,218,56,165,845,12,61,107,0,68,186,63,67,171,652,42,997,55,52,75,0,544,242,453,214,101,107,347,115,706,65,0,0,199,78,306,121,137,149,287,69,33,120,54,88,64,223,33,94,480,215,141,0,0,0,113,141,394,23,1542,74,187,268,32,53,89,188,0,606,241,50,304,109,107,212,255,343,45,139,89,146,85,0,124,294,172,80,262,0,0,747,34,112,102,181,325,1013,418,103,608,166,109,0,90,78,596,619,175,145,478,53,216,119,43,99,62,76,143,152,53,244,132,257,355,562,289,174,209,150,59,72,44,369,70,170,282,1206,102,129,131,136,86,2054,263,168,149,485,28,656,282,0,73,126,549,196,240,28,380,135,187,47,96,70,160,276,678,62,92,38,391,221,204,500,550,347,0,0,95,479,48,0,192,189,54,0,170,153,484,1010,107,236,217,53,50,1954,89,122,1457,150,87,28,145,217,263,0,932,205,621,31,318,74,153,77,98,464,84,343,354,181,158,298,213,173,1384,268,309,44,120,207,315,293,221,152,232,1176,53,50,563,210,426,90,731,371,212,76,0,68,127,626,553,523,922,135,0,278,43,61,45,218,33,58,401,0,473,0,116,574,120,38,52,0,112,379,91,82,375,151,629,387,79,85,640,110,87,60,49,846,1734,52,114,55,151,123,0,275,165,519,990,247,294,471,354,82,68,0,125,273,300,955,46,139,55,247,314,234,295,60,0,334,0,546,0,370,59,218,58,245,48,0,339,469,60,34,145,844,285,283,51,2303,49,82,48,0,32,30,716,302,268,372,1521,63,0,157,53,99,263,294,93,116,135,329,109,294,88,47,195,468,85,244,108,62,82,174,126,274,174,635,142,71,1293,243,239,100,147,194,234,62,78,95,214,49,37,124,115,136,263,193,56,46,63,394,201,180,0,71,49,145,148,270,333,325,73,72,122,0,135,215,327,1110,329,1372,217,0,97,67,0,212,199,123,89,232,441,931,101,343,166,236,454,39,344,0,86,81,74,245,40,82,164,54,605,499,0,234,257,48,210,0,80,144,86,230,147,618,69,172,154,91,776,308,0,470,141,114,213,256,369,149,285,218,33,146,117,0,344,401,123,446,342,0,148,216,143,211,77,285,312,0,418,76,0,747,473,78,67,191,54,38,1183,0,320,183,41,105,60,209,585,79,0,118,98,192,74,60,350,35,102,52,48,656,134,192,747,154,143,0,96,218,44,65,57,91,299,184,422,294,235,0,42,155,301,97,176,326,44,0,0,138,181,0,551,90,116,971,31,0,403,321,0,652,174,341,111,76,163,119,77,54,0,91,296,52,155,447,79,482,359,35,64,0,46,337,39,392,417,308,458,261,465,206,106,280,37,283,164,70,173,167,769,195,364,279,75,35,167,171,88,62,63,375,99,45,100,262,134,1554,130,40,102,127,0,350,754,100,523,187,229,59,100,37,253,83,508,650,334,139,705,48,0,310,100,200,150,90,9,57,309,154,63,203,65,547,188,0,23,0,82,96,428,175,0,71,174,52,78,2659,65,47,1201,109,201,37,913,108,499,195,0,554,226,0,53,234,45,0,492,123,689,284,354,139,94,120,78,63,47,1644,131,31,38,0,886,38,482,377,305,535,52,57,139,142,241,137,0,931,31,121,152,187,833,207,573,373,275,691,58,77,76,163,102,132,106,325,63,1391,537,60,78,50,360,107,138,153,114,179,711,326,386,107,167,129,175,112,52,305,84,49,0,77,563,221,209,99,1645,101,0,349,68,0,222,599,0,140,224,361,122,120,0,318,168,143,52,57,569,2789,317,76,63,272,62,84,79,192,629,49,157,257,95,128,109,187,505,92,0,68,57,81,159,86,258,214,165,81,151,37,178,222,249,328,80,78,469,0,106,189,93,116,82,147,733,224,377,86,140,90,91,205,141,186,1097,241,39,42,477,231,418,286,107,166,283,185,335,55,0,1608,163,558,218,479,358,307,341,456,0,155,106,112,344,182,174,83,38,1939,160,253,0,117,108,70,647,0,0,220,1651,0,153,557,216,345,177,953,51,472,673,160,127,1508,54,911,211,434,95,130,524,64,232,384,395,106,188,49,31,144,202,81,305,262,87,294,43,318,518,453,72,171,160,39,607,45,0,129,104,189,221,140,471,667,80,243,0,69,182,66,278,1065,107,212,463,76,78,0,158,429,439,47,57,113,394,71,121,220,431,49,0,109,282,86,53,399,151,216,428,230,627,274,141,0,72,0,0,63,429,0,205,132,0,304,327,57,98,56,678,37,370,177,497,238,203,457,199,0,0,662,291,1153,72,433,229,0,60,114,0,98,253,751,515,48,427,366,214,51,184,0,286,269,76,81,75,102,0,65,90,1014,382,51,174,68,39,206,305,0,0,228,130,492,250,216,0,79,71,115,103,216,267,185,194,121,97,251,987,76,33,844,259,323,0,175,135,120,0,91,449,0,235,0,94,65,276,119,30,134,410,65,107,61,145,177,66,164,87,69,0,171,343,1070,3816,166,314,230,174,523,82,482,46,495,265,195,138,205,525,445,298,189,109,42,141,209,0,795,363,11,245,126,187,878,45,325,93,518,67,161,41,77,0,280,508,56,2225,230,0,692,0,0,236,116,65,120,215,834,50,0,63,434,57,0,206,104,0,253,27,279,125,323,385,223,1196,349,0,404,84,606,87,556,0,268,208,44,53,255,99,730,78,63,188,79,409,350,90,53,431,221,1050,653,173,43,88,79,0,36,1664,395,40,38,99,310,71,115,46,57,93,71,141,97,308,115,0,241,54,0,413,288,133,526,115,86,56,1563,96,0,76,28,53,0,46,156,839,0,182,521,688,61,268,93,43,39,102,86,81,52,223,2036,99,0,179
32,0,0,0,127,94,117,85,0,202,43,335,0,56,41,358,463,424,0,90,0,473,110,174,71,197,0,58,131,62,34,0,152,0,90,406,242,0,141,315,203,74,91,44,511,0,52,118,607,0,235,113,103,172,42,315,47,0,0,34,0,191,98,277,47,105,193,0,51,68,522,0,59,67,0,641,289,26,477,56,189,0,66,211,647,54,69,0,136,81,362,101,67,110,265,80,81,0,105,63,0,25,40,252,0,0,100,60,187,115,463,154,157,177,254,118,95,236,66,44,619,54,306,71,28,83,79,76,252,48,227,0,504,0,92,192,397,141,96,37,219,125,156,546,0,47,134,137,102,371,0,48,212,71,213,231,0,150,65,393,305,101,48,152,107,105,72,52,187,439,342,225,79,101,0,153,60,73,299,101,61,408,0,59,58,82,89,1056,278,0,46,0,194,108,289,44,173,90,37,233,51,157,306,62,808,56,120,50,85,287,391,229,121,158,73,311,89,166,0,88,203,375,67,0,466,0,0,248,677,0,208,38,45,59,44,25,57,54,332,111,41,213,0,87,95,0,294,0,104,29,116,73,414,110,237,62,121,0,98,105,716,198,186,78,63,41,40,416,310,635,0,0,351,473,69,123,127,0,1059,484,104,0,120,388,86,53,66,525,3560,154,88,35,341,44,30,115,0,102,221,119,75,0,179,38,0,389,501,161,54,212,201,820,136,0,0,58,99,128,180,0,100,81,0,75,339,220,0,233,0,0,505,0,45,213,204,80,53,0,0,102,49,199,0,43,226,73,37,24,225,2344,186,31,42,525,791,47,95,168,802,270,113,217,187,55,298,576,457,293,60,0,331,0,94,70,0,351,126,0,18,241,109,104,88,44,0,893,52,97,146,0,71,102,1150,51,98,25,371,159,159,198,28,90,144,0,61,311,36,119,106,0,212,0,166,78,0,58,436,53,521,138,0,357,198,42,151,219,204,69,123,42,0,44,78,56,414,0,86,138,94,371,25,58,406,70,171,283,241,46,73,0,46,0,79,0,171,0,65,105,0,0,331,76,122,254,67,42,0,0,58,0,0,73,252,192,52,47,263,643,360,214,75,52,466,383,134,0,0,134,190,100,47,117,74,308,59,99,139,83,248,56,0,369,0,1633,97,229,236,253,0,0,102,0,0,91,69,0,91,135,55,110,50,78,336,470,200,16,84,71,462,0,171,0,0,32,266,152,36,0,0,106,62,248,468,60,77,0,272,77,49,593,80,156,0,56,121,111,39,0,122,65,345,804,0,141,0,418,71,0,54,121,325,177,64,0,48,0,21,122,0,97,56,392,77,0,759,0,159,97,70,97,88,1064,0,166,35,53,36,122,61,105,0,83,199,120,98,437,118,339,143,110,0,63,284,540,264,59,131,162,0,95,54,93,0,49,101,46,113,116,0,187,458,54,41,154,38,79,185,196,49,0,51,0,346,0,0,779,52,250,67,590,417,58,0,312,1601,0,188,172,81,440,197,175,139,0,112,310,235,96,0,162,511,96,368,60,707,76,259,170,428,30,64,58,196,227,376,40,102,70,333,37,133,48,224,43,139,141,491,25,779,0,50,126,0,116,161,0,125,119,219,190,81,519,316,0,48,68,60,88,377,178,783,92,108,2180,558,317,299,133,0,26,149,161,116,81,165,0,44,129,1016,251,239,78,2480,277,25,262,71,52,248,0,37,179,88,61,306,79,0,88,18,42,85,142,73,177,0,280,0,154,54,278,338,205,133,31,27,723,122,0,129,186,234,56,144,81,53,0,137,141,271,506,0,0,99,104,0,158,0,86,210,148,192,86,150,149,594,154,409,189,288,63,120,53,490,620,62,455,31,47,47,127,266,32,449,96,62,68,136,123,43,265,752,44,34,176,0,0,59,158,0,0,0,78,498,69,220,85,0,224,132,97,243,37,217,0,0,0,1015,272,155,748,136,72,77,377,39,75,91,0,63,0,0,62,57,74,522,240,93,0,0,98,156,212,542,70,111,240,0,281,0,80,210,530,38,165,226,206,351,103,0,79,74,751,0,109,15,63,0,392,565,322,329,76,154,72,50,929,138,133,73,25,165,375,207,46,93,99,163,86,35,146,91,57,72,48,133,77,131,239,252,51,0,202,0,239,0,241,46,95,100,169,72,0,118,289,79,38,151,36,485,70,73,162,155,188,304,162,45,203,128,754,104,67,26,509,246,61,0,790,89,0,84,492,0,28,188,146,469,124,1018,46,2358,231,123,109,58,0,79,29,0,186,219,73,350,44,0,467,107,152,730,183,98,83,0,293,53,407,979,419,167,156,0,0,161,70,109,0,641,175,105,0,0,198,71,57,166,343,0,267,2167,99,354,73,248,144,123,86,307,276,68,42,133,0,170,143,487,0,116,222,279,312,0,277,98,174,174,484,614,287,603,0,246,147,79,421,26,0,121,81,49,102,0,247,0,72,1073,0,38,0,31,107,63,319,67,208,95,94,63,81,25,74,194,52,221,0,55,234,104,90,0,176,87,390,153,449,0,191,1281,137,0,371,119,106,271,112,151,0,55,266,165,329,0,34,310,974,0,0,41,248,316,0,79,0,78,64,75,0,82,613,282,52,178,135,263,198,195,0,98,117,364,81,93,123,357,479,259,135,324,28,390,159,0,0,65,169,321,40,185,453,402,67,106,47,0,44,118,535,715,137,83,240,70,382,414,0,459,157,0,58,47,102,0,24,44,142,433,51,116,322,82,0,1130,73,137,129,358,105,0,154,0,413,186,36,103,205,47,68,83,0,0,275,31,0,49,166,113,110,107,0,0,36,136,220,61,115,150,52,121,66,215,0,61,0,138,47,145,0,191,48,41,230,0,147,176,92,118,30,0,104,100,264,517,332,0,83,0,64,489,131,0,0,197,249,66,124,101,104,36,107,129,0,237,144,99,394,0,0,120,66,54,323,55,735,114,63,48,223,58,158,381,292,78,47,191,102,214,103,90,456,322,67,328,82,0,3896,69,250,0,165,122,77,783,35,122,239,56,99,64,305,153,0,42,75,315,60,52,622,46,31,81,271,59,62,32,245,209,92,36,66,125,122,76,64,149,246,45,0,78,2857,1394,75,1023,60,110,186,533,81,68,103,54,395,121,84,256,163,41,912,49,192,196,897,0,490,361,0,317,62,0,73,53,33,625,212,106,198,240,373,158,488,0,827,42,106,585,0,84,244,180,119,213,81,57,120,218,59,177,66,214,262,34,1563,360,108,183,341,77,82,465,99,36,626,0,0,424,0,119,118,415,47,158,388,273,182,45,311,200,271,81,258,0,318,124,35,71,146,124,134,61,63,238,138,38,334,393,188,474,80,80,61,38,480,70,103,50,1202,502,359,142,79,165,115,0,73,319,0,203,582,64,30,85,320,73,96,66,0,0,78,0,0,187,403,149,0,71,161,104,340,39,97,233,51,82,392,0,0,62,315,188,37,168,100,65,25,75,0,34,360,78,128,0,401,296,62,42,287,329,38,61,483,226,130,0,67,147,835,0,609,32,79,85,276,27,108,64,626,122,85,213,1800,0,0,211,228,40,159,153,289,31,213,135,148,197,0,0,251,0,115,909,0,165,78,70,92,253,66,119,124,230,51,404,50,95,0,0,71,122,20,122,468,592,96,0,117,138,102,108,0,412,241,92,88,58,85,654,92,94,112,60,50,96,30,398,227,137,208,131,80,283,64,48,126,199,147,225,389,99,413,534,140,149,0,125,776,69,0,137,158,483,42,220,0,0,48,756,92,71,103,62,379,215,255,49,260,63,226,0,877,0,61,0,699,77,619,205,232,96,32,249,350,85,369,80,254,63,193,167,198,373,21,167,0,142,77,155,0,333,469,0,0,899,78,0,46,222,310,55,73,246,270,56,56,26,75,75,223,171,343,1412,63,152,171,0,89,82,59,170,580,14,37,84,40,58,454,0,48,154,640,51,592,36,71,60,0,375,456,373,246,87,59,628,123,1274,0,58,40,281,0,383,86,129,134,123,44,0,122,0,62,0,170,35,122,984,92,37,0,0,0,24,87,178,0,959,71,186,134,0,63,144,125,0,486,176,27,162,86,78,108,123,126,0,165,56,39,95,0,156,152,154,34,99,0,23,810,0,101,66,137,126,355,220,72,229,90,108,0,50,104,218,349,148,42,360,0,56,114,0,63,50,40,117,122,0,119,155,241,137,485,114,108,73,114,46,31,41,134,0,124,169,501,109,84,108,58,89,579,91,137,150,338,0,590,190,41,68,98,380,160,0,0,345,48,149,36,40,0,192,164,457,74,56,0,320,138,78,187,563,209,0,0,67,452,42,0,66,88,45,16,78,54,353,397,75,157,155,38,34,689,110,100,500,176,49,0,0,76,76,0,551,96,518,0,182,26,94,0,27,281,110,175,194,61,176,240,255,99,865,355,157,0,112,139,261,297,233,139,140,722,38,0,184,166,415,0,230,237,69,60,0,49,116,488,183,175,563,106,26,159,0,65,0,214,0,0,179,0,244,0,78,313,66,0,0,0,122,166,69,57,117,85,435,285,23,75,726,97,39,34,73,697,936,47,138,36,86,59,0,86,64,385,494,251,174,409,290,38,76,0,46,269,102,394,46,69,0,173,274,203,232,37,28,233,0,247,0,246,0,134,41,66,47,0,247,307,0,0,92,452,206,104,0,1751,27,61,28,0,0,0,377,101,73,249,854,41,0,110,60,51,192,186,82,45,119,224,89,302,61,42,184,341,72,164,65,88,84,128,143,221,233,771,136,77,1657,351,322,135,223,172,203,0,91,53,108,0,84,116,90,231,483,144,75,48,0,350,207,125,0,70,39,195,420,143,195,272,70,60,93,21,184,173,168,1248,267,983,247,0,0,44,0,120,166,65,73,161,520,1100,71,188,306,297,256,50,249,0,128,94,55,135,0,23,95,62,904,756,0,141,268,57,108,0,49,135,52,219,83,720,102,137,193,81,649,320,0,376,181,129,141,154,452,84,270,177,0,218,168,0,221,469,127,390,438,60,193,201,120,127,81,291,204,0,269,71,0,416,368,172,127,116,85,0,1226,0,137,122,43,100,53,89,262,62,43,115,74,130,0,53,510,0,124,61,32,1210,134,241,447,137,177,0,93,181,35,119,0,160,280,143,232,533,140,0,48,132,214,140,122,222,54,50,112,104,161,0,407,49,110,680,54,0,231,382,0,348,214,353,63,0,247,62,75,42,0,40,243,45,156,597,59,504,384,43,63,0,44,401,0,306,358,231,522,244,226,212,141,328,0,418,147,104,179,280,492,257,249,374,61,56,157,210,116,29,121,221,72,0,157,228,115,1627,205,31,137,234,75,380,373,185,657,96,289,0,131,0,212,62,480,686,300,93,353,52,0,296,70,163,201,81,0,36,266,195,155,205,74,347,285,0,21,0,59,27,68,73,41,66,105,0,0,1903,42,0,1585,132,105,43,122,76,638,235,0,304,216,0,0,174,26,0,260,29,416,150,71,136,77,69,58,82,0,531,229,0,0,34,592,0,354,330,402,600,0,52,90,152,192,102,32,599,0,60,84,144,1081,226,682,334,208,349,40,48,106,93,91,144,117,230,26,2240,344,78,47,0,215,168,0,116,115,112,585,389,246,83,115,0,194,93,0,190,58,72,0,145,456,296,236,24,226,78,0,253,73,0,253,550,0,139,111,244,163,90,0,183,171,122,0,65,363,3108,113,41,46,174,64,125,46,165,736,87,0,199,92,179,80,248,258,129,0,74,76,55,116,49,126,180,69,104,82,16,186,150,304,174,76,105,474,18,45,274,117,161,58,178,757,201,366,96,121,50,38,130,186,311,996,140,19,0,417,121,284,153,166,119,238,88,170,0,57,2159,231,599,196,380,250,304,207,422,0,121,172,0,420,107,152,98,51,1608,163,153,0,99,101,0,672,0,27,39,1245,0,165,473,189,199,169,444,76,262,399,72,202,1591,0,997,165,391,91,119,691,79,138,234,210,166,215,0,0,116,242,0,242,206,54,237,0,440,555,372,67,124,198,50,453,0,43,144,59,120,109,109,456,646,48,254,0,65,155,0,284,1023,77,127,278,0,37,0,85,379,538,62,0,89,259,48,116,91,316,35,39,314,162,46,70,715,202,100,273,431,359,460,261,0,143,0,0,65,605,38,137,69,0,335,147,40,71,26,939,61,210,165,257,109,252,126,318,0,0,1557,162,537,88,209,115,0,151,50,0,137,196,371,267,71,560,203,414,33,120,24,316,116,46,0,100,0,96,56,98,455,532,120,231,100,27,221,138,0,0,72,120,1072,124,103,32,53,77,80,161,128,221,81,203,121,230,321,608,61,67,1155,180,317,70,177,172,53,0,86,303,0,129,0,130,99,131,76,41,70,415,93,81,87,232,197,99,259,81,179,0,171,262,1169,1609,102,114,154,202,540,88,275,0,200,161,102,75,301,202,239,360,192,60,0,227,126,0,431,240,36,87,290,123,695,72,307,80,355,63,59,44,144,45,240,745,0,1864,319,16,367,45,0,236,140,0,197,151,1333,0,0,83,550,0,0,360,90,0,229,19,345,37,408,291,190,1176,235,45,979,95,379,78,332,0,204,182,70,44,252,58,283,59,62,201,63,493,248,85,78,539,116,706,396,137,65,178,75,74,31,633,313,0,34,187,221,107,61,28,101,94,94,111,190,203,57,0,200,62,0,818,128,118,227,60,191,56,900,62,0,36,0,0,0,46,144,689,0,88,295,437,0,232,85,0,39,172,230,113,23,138,1022,71,61,104
33,29,54,86,245,164,200,233,0,329,73,777,142,74,81,667,558,853,89,157,68,812,208,247,362,421,69,102,523,167,79,59,231,0,149,575,584,65,274,1059,394,143,217,69,886,0,242,168,1453,65,492,158,548,340,104,869,75,94,0,174,32,514,339,714,143,188,548,138,134,73,1138,45,224,90,73,864,446,70,721,127,545,87,195,733,1640,237,207,76,194,156,1049,285,209,315,554,123,180,0,258,151,0,103,151,553,121,117,220,92,372,306,940,237,347,354,684,174,237,618,94,76,1431,89,857,101,127,129,79,133,406,174,505,83,1211,60,384,405,625,208,303,197,429,240,472,1213,0,59,228,267,265,778,67,135,718,216,357,494,70,431,196,928,816,186,106,644,207,339,181,117,376,1002,649,583,147,226,61,284,126,238,550,230,144,525,43,185,145,201,241,2128,1195,28,77,41,367,371,370,51,265,162,52,356,77,298,550,150,1551,86,269,109,147,505,800,326,148,253,129,405,203,235,93,140,401,625,155,78,1064,50,67,470,1199,0,358,127,86,135,110,44,160,334,1183,248,92,428,126,160,146,0,740,96,179,62,183,216,1038,193,568,174,198,52,208,275,962,298,229,129,218,54,59,1769,497,1751,124,85,796,1190,142,251,298,85,2731,1308,366,49,427,976,298,126,265,1414,6653,363,345,202,828,105,83,298,68,198,391,197,265,103,329,301,146,1820,1118,491,96,504,325,1872,631,39,66,116,326,491,461,240,202,219,56,192,1301,571,184,611,64,169,1583,48,476,265,531,459,76,122,0,260,60,463,102,254,528,153,62,94,473,3768,702,453,133,1033,1843,69,314,508,1337,740,366,402,453,114,520,1301,1195,823,249,115,722,249,436,105,290,864,551,41,52,1027,248,184,204,261,227,4271,270,504,334,101,132,171,2539,141,323,241,1336,306,520,966,65,216,680,67,174,408,165,185,373,160,413,50,379,172,20,93,1105,224,834,725,145,481,401,129,615,522,269,138,646,189,54,130,155,144,769,73,188,424,151,680,50,73,1432,413,707,527,621,378,173,261,111,0,559,85,538,119,214,270,52,129,643,187,650,650,145,306,110,220,176,105,139,173,748,431,263,227,728,1464,984,469,851,176,637,839,533,54,48,415,556,988,745,262,122,845,155,326,532,598,683,159,0,891,223,3248,216,366,829,545,260,74,180,250,54,182,153,81,882,311,283,346,547,164,705,697,365,98,300,360,1675,81,210,113,0,102,538,373,138,62,27,348,154,908,1337,187,135,82,508,133,179,1414,980,324,72,206,223,217,111,264,283,341,1151,1727,0,331,218,1178,226,61,81,164,697,701,86,64,171,109,65,726,133,183,684,1008,409,78,1928,103,682,1779,264,115,234,2085,41,328,123,94,70,490,115,269,160,235,319,451,349,757,191,1053,267,214,0,169,643,1053,340,113,373,257,84,157,114,108,37,165,161,105,326,140,0,637,986,125,109,334,171,243,349,358,157,49,94,80,520,0,86,1179,98,301,142,688,970,208,85,423,2479,32,473,317,254,858,349,282,281,66,195,538,314,261,144,287,905,218,651,127,1534,150,339,298,1298,55,138,151,456,258,915,81,298,179,577,48,515,185,337,75,237,201,994,140,1972,40,115,326,0,220,363,119,262,402,695,461,113,1246,579,53,129,144,48,217,852,303,1509,188,440,4772,764,837,575,247,0,60,568,309,176,168,320,53,88,166,1471,463,851,307,4616,647,0,319,80,76,462,39,165,240,159,103,721,132,79,207,54,137,138,481,170,283,0,510,0,229,101,509,410,536,165,85,108,1026,181,146,221,344,675,149,225,70,60,85,546,306,317,1419,0,0,297,180,54,156,54,264,339,210,365,166,254,320,1266,284,780,341,385,114,368,78,841,1203,113,1180,97,92,164,320,460,113,841,270,143,234,458,269,87,609,1433,52,129,304,103,74,430,295,111,0,7,194,792,115,899,257,57,265,192,202,468,87,433,72,93,56,1814,505,383,1350,226,205,107,869,69,321,153,0,174,54,66,150,108,146,589,649,124,91,0,202,327,288,699,154,245,343,52,329,37,219,257,762,85,427,693,592,902,255,134,225,454,1409,34,298,0,203,233,903,1033,1484,655,164,289,152,138,1801,445,381,457,51,408,735,344,131,202,272,617,150,196,474,190,172,239,103,334,211,422,544,394,77,190,478,156,530,95,517,96,214,309,314,283,43,242,930,184,56,232,133,2336,129,268,312,352,263,1027,282,135,539,200,2198,179,178,34,888,379,134,39,1510,190,55,158,870,84,92,461,489,1946,281,3152,68,6123,666,233,202,233,82,182,90,48,307,422,155,523,107,91,737,303,400,1751,380,153,245,26,323,137,856,2185,549,474,329,75,231,287,193,196,26,1097,321,189,63,90,596,149,175,258,1337,55,566,3692,341,533,114,782,689,286,243,550,953,214,129,477,29,516,446,1414,0,292,642,732,566,0,940,189,391,488,716,2427,922,1304,90,633,598,218,811,126,212,191,367,121,296,35,470,0,288,1493,91,134,85,310,206,194,1119,154,450,185,325,297,164,79,124,399,144,1079,43,114,399,352,265,24,370,238,767,430,1587,150,242,1988,241,0,1377,287,416,1068,278,376,0,206,471,364,737,0,70,625,2484,42,74,92,423,438,69,376,70,193,146,202,133,202,1173,595,256,247,475,623,732,512,55,310,281,1255,234,130,263,774,946,628,303,701,93,997,361,356,79,161,377,1266,84,282,1273,770,122,364,103,43,139,330,1294,1429,263,144,765,148,1444,814,35,717,255,144,194,94,236,74,225,199,250,374,121,220,618,193,52,2558,122,182,334,260,169,251,395,156,474,416,77,135,232,170,111,257,92,85,750,50,66,215,773,358,376,439,63,44,364,249,649,149,314,477,110,200,98,346,45,102,86,331,127,304,54,364,111,60,530,114,222,456,103,334,116,32,223,158,462,776,516,75,177,63,159,673,325,245,168,453,359,120,128,349,259,88,219,166,67,592,320,215,499,45,76,390,229,96,400,155,1520,246,88,157,405,211,159,890,896,177,100,588,141,411,106,131,1093,822,261,601,134,51,3172,189,427,53,215,262,218,1509,39,267,552,178,397,107,747,662,76,48,211,381,98,130,1083,63,153,108,443,251,500,73,391,633,153,173,130,168,185,148,125,271,553,75,29,125,4891,1608,160,1515,160,284,498,887,256,165,416,60,847,292,190,333,337,59,1195,153,452,410,1298,65,1232,340,33,1206,156,46,152,168,62,491,468,220,414,480,852,287,762,98,940,90,278,624,0,100,553,135,187,549,377,94,277,382,389,585,211,300,550,96,2246,486,321,300,465,188,202,340,206,62,1407,30,88,613,0,114,122,787,98,344,274,272,396,180,884,267,548,427,613,0,267,599,25,169,282,100,260,184,175,206,499,84,543,500,509,1067,172,302,110,126,846,180,301,83,1551,835,721,310,183,414,218,0,269,776,121,416,1203,91,0,258,785,138,256,419,227,97,308,89,71,543,1326,461,87,122,566,232,801,124,295,604,188,211,907,55,97,73,622,392,108,554,400,225,107,221,0,101,969,143,690,0,1165,552,171,96,748,1088,171,221,876,348,634,58,180,239,2175,47,1369,147,141,359,694,70,260,427,1417,314,238,838,2891,93,39,583,390,109,405,899,1510,72,517,333,417,264,169,95,735,50,305,2556,0,326,285,199,184,416,100,270,319,425,165,1547,136,208,0,152,170,517,76,230,783,1451,286,130,216,391,239,335,79,649,518,233,181,225,213,1652,191,261,376,175,209,358,95,1120,1270,389,588,275,214,730,137,115,300,398,372,626,658,170,589,925,380,215,0,312,1262,79,96,300,241,1264,91,307,57,90,133,2486,235,219,162,117,1306,524,490,261,522,104,619,104,1626,0,120,82,1073,201,2878,362,472,233,152,435,666,222,460,214,473,231,350,425,384,874,69,486,59,433,181,342,132,801,872,0,55,1862,224,53,122,876,573,176,192,839,434,175,177,78,186,103,451,364,1317,3254,305,561,484,38,128,413,105,376,1025,47,0,187,64,149,850,0,83,379,1611,147,1434,119,177,224,138,829,1112,647,644,259,240,1598,383,2449,112,144,114,765,92,851,272,401,382,678,153,86,233,105,184,57,426,111,139,2132,475,159,46,35,48,113,247,619,50,2876,122,373,521,50,154,226,348,30,973,442,111,406,225,105,376,399,447,89,622,247,210,231,43,321,396,295,113,396,62,74,1863,74,273,114,260,392,891,1076,156,573,327,141,74,143,78,570,774,271,283,740,131,239,256,91,184,130,135,310,211,72,315,406,646,474,1039,250,395,381,174,138,83,86,452,205,313,410,1438,291,308,259,148,316,2186,235,344,465,655,57,1559,440,70,163,241,1002,362,259,65,593,237,363,128,194,81,183,397,1123,139,141,54,846,424,323,617,1063,522,84,59,179,841,83,0,275,392,103,0,246,184,820,1241,247,471,378,93,75,2300,223,204,2570,360,111,55,102,258,245,67,1402,331,1445,51,255,147,215,70,112,981,107,492,783,285,226,911,495,285,3141,258,434,81,177,306,511,1003,648,342,358,1658,96,76,918,340,1342,131,828,626,281,127,41,134,344,1558,954,663,1359,190,73,503,145,92,98,554,112,52,568,39,764,0,273,1080,122,92,70,39,364,541,203,184,579,234,957,783,107,235,2244,188,123,95,68,1298,1967,152,233,0,200,156,59,443,278,953,1033,481,514,936,935,68,189,0,137,532,322,1307,138,201,89,514,409,419,414,91,108,822,48,698,58,818,67,327,67,282,74,97,555,680,116,65,317,1373,462,269,80,3456,121,142,75,30,32,0,960,342,217,631,1914,126,39,332,105,213,535,356,194,214,178,752,128,439,293,179,445,1374,230,445,191,279,149,367,283,572,232,806,257,137,1685,496,503,294,405,359,287,163,130,137,431,108,185,284,247,293,612,483,165,94,110,996,720,265,21,245,72,348,443,335,518,570,112,78,330,46,378,239,402,1750,702,2166,462,0,134,129,0,350,536,201,110,369,839,2113,379,800,790,413,1060,115,375,47,208,183,170,443,87,178,262,141,1286,945,45,414,751,79,396,21,114,375,237,706,209,1426,240,303,262,192,1531,462,37,1115,287,247,368,361,864,199,546,344,56,371,213,119,528,917,195,1277,793,97,299,559,271,329,176,450,660,67,818,151,34,934,518,359,132,445,121,94,2977,44,757,197,220,255,123,459,930,210,105,222,195,313,153,227,922,100,326,89,105,978,257,356,1900,376,295,37,215,318,78,227,81,302,562,333,653,658,683,57,79,408,497,345,314,480,110,57,258,277,252,0,932,138,201,1316,80,0,771,647,80,1041,409,683,126,227,625,221,169,113,37,120,765,89,431,629,220,811,1317,81,217,0,111,870,91,848,731,454,1113,475,1131,568,271,909,44,341,407,173,377,452,943,977,1106,835,148,104,380,333,128,82,114,824,163,168,136,648,322,5153,238,50,220,262,134,663,1094,225,1119,281,463,154,204,58,558,87,1221,1720,808,140,1553,59,32,540,272,490,300,170,0,95,569,437,357,449,135,936,742,53,55,36,225,122,554,263,79,150,378,101,242,3982,157,100,3301,399,432,127,1084,173,1685,628,80,771,564,67,125,509,62,0,726,152,1280,394,397,251,189,310,137,128,82,2346,437,89,80,77,2078,87,564,487,746,1230,99,112,253,417,437,175,69,1592,53,230,252,272,1403,590,1379,886,655,1276,87,112,244,278,137,371,236,595,92,3961,804,171,142,111,710,313,193,464,328,314,1220,857,681,287,448,207,290,270,121,462,170,202,39,189,695,522,435,105,1922,214,25,651,148,47,367,1089,76,262,364,689,254,210,0,587,456,291,116,121,1062,4590,382,102,165,530,122,306,120,465,1516,199,437,447,236,287,194,443,931,223,0,192,103,147,204,180,345,681,188,199,272,63,457,350,531,581,201,210,1274,72,129,527,220,438,303,252,1751,673,826,290,479,140,140,313,276,514,2455,384,68,69,997,528,754,475,220,371,637,310,679,75,188,3213,579,1481,339,1030,537,854,642,1199,76,305,418,163,1188,455,278,173,148,4022,371,601,63,204,241,93,1271,63,137,228,3018,90,253,1127,392,338,226,966,138,828,1068,366,409,3791,175,2541,459,710,161,318,1668,189,427,515,715,309,503,81,115,326,503,80,605,390,218,582,79,920,1200,1088,157,528,401,95,851,62,119,244,256,286,364,217,1171,1335,166,516,53,100,319,106,622,1547,162,321,1146,110,90,72,262,975,963,122,84,256,949,140,250,226,897,127,45,589,985,160,133,1206,402,447,882,720,1096,702,408,0,237,74,51,147,838,98,423,448,36,594,529,158,165,106,1345,128,836,449,470,467,872,818,476,63,84,2878,379,2140,185,583,348,63,395,229,49,248,300,1360,734,258,1264,609,784,153,409,63,762,344,170,172,251,228,160,179,242,942,655,178,616,120,91,686,424,38,71,338,212,2765,361,406,81,193,247,437,328,465,531,290,393,260,355,785,1225,255,157,1843,514,709,290,275,380,223,0,156,1725,51,502,40,300,173,660,209,75,271,933,196,166,180,263,321,282,440,144,307,69,415,853,2980,7293,262,621,502,600,1544,261,1021,111,764,525,493,184,936,915,842,499,333,161,113,404,289,0,1099,854,61,383,506,554,2066,144,887,356,880,178,307,126,272,354,453,1485,73,4493,654,95,2371,85,0,435,479,102,326,307,3003,89,86,329,1177,120,0,622,169,0,611,77,450,157,651,795,597,3556,672,127,1641,166,1438,193,728,78,816,448,101,103,659,169,1197,128,131,581,97,742,1450,110,126,763,307,1999,978,341,160,277,351,141,89,2796,783,94,111,281,590,179,295,96,167,278,112,382,269,526,162,28,676,130,53,1193,455,301,720,252,316,127,2483,97,78,115,110,73,79,138,461,1354,60,378,476,962,241,611,374,69,88,536,432,181,120,829,2748,192,94,256
34,33,115,78,257,246,366,205,42,441,73,1159,138,150,108,803,1183,1128,122,197,99,1289,294,329,357,618,73,123,457,114,136,83,348,0,276,887,484,89,398,695,793,233,235,82,1069,52,356,180,1595,85,786,230,441,460,167,983,143,76,55,138,0,504,377,824,116,308,536,202,200,129,1307,61,207,131,103,1458,868,153,1643,173,1011,100,160,733,1491,296,189,101,273,158,1055,242,231,411,501,127,288,62,169,158,0,97,138,926,205,133,295,172,463,357,914,154,419,738,748,342,258,768,182,154,1551,165,1502,227,124,231,197,111,729,145,787,99,1806,124,356,425,928,427,474,358,712,304,415,1622,34,104,291,308,359,769,0,91,730,186,672,547,90,415,189,1175,736,317,121,370,276,447,321,199,596,1109,851,817,203,321,88,411,176,390,947,275,185,866,77,172,262,269,322,2509,803,38,49,82,580,241,618,111,418,86,83,578,130,380,520,135,1527,148,271,108,180,599,893,628,230,354,131,708,251,402,71,242,672,924,247,59,1712,73,120,546,1505,91,373,123,107,204,121,63,202,271,896,315,98,717,194,295,228,58,870,63,203,74,285,272,1530,354,780,304,396,63,232,458,1562,682,435,180,319,118,124,1348,548,1542,183,147,877,1691,273,356,333,104,3093,1042,250,58,639,977,504,226,255,1701,7342,367,303,149,879,96,115,172,127,342,622,292,130,157,593,153,55,1020,1965,1112,158,714,447,2303,576,55,0,195,354,1178,422,144,249,181,59,164,1014,525,303,789,66,99,1618,52,295,511,599,236,81,131,134,219,119,679,63,263,654,126,108,117,631,4249,654,654,165,1661,2623,133,305,422,1879,1105,457,413,579,72,497,1499,2663,1036,339,212,1205,250,333,371,453,1161,679,75,77,896,332,103,258,220,193,2930,405,377,429,78,206,247,1613,170,409,242,1631,332,415,656,88,168,1324,78,150,525,149,240,264,107,898,55,495,185,51,132,1107,317,1613,1241,121,767,473,136,448,539,588,318,816,277,84,125,327,149,664,116,158,444,184,982,126,109,944,592,1349,957,875,355,245,241,153,0,542,81,501,69,243,202,64,155,500,163,907,815,316,185,207,288,125,130,310,173,1016,482,231,297,846,1861,935,537,598,110,1187,928,577,49,50,502,802,1570,966,462,113,1051,84,342,1167,801,507,164,32,864,151,3167,519,691,1365,1027,313,66,562,127,81,276,194,109,1366,530,317,810,819,299,491,1436,633,114,134,221,2110,244,287,97,33,37,715,261,146,76,0,988,173,673,1389,153,185,84,634,258,245,1280,619,530,165,343,271,151,138,240,391,187,1560,2225,0,364,371,1568,324,126,91,267,918,1354,172,127,162,138,59,404,196,142,1425,911,501,110,3053,99,878,3313,234,164,252,2742,52,485,62,96,95,713,201,358,159,242,305,299,282,829,262,1108,392,408,79,114,1400,1182,824,114,454,499,46,432,163,263,0,102,386,99,448,193,0,971,1059,69,115,301,120,190,364,348,190,32,124,56,962,52,133,1353,73,528,148,1010,677,134,80,510,3124,0,410,336,304,1007,489,278,428,54,249,621,352,557,180,362,1318,110,779,102,1288,281,385,354,1125,181,192,251,305,325,673,110,215,203,819,41,639,154,322,66,138,225,1047,199,2335,105,122,214,71,411,367,204,216,274,450,416,96,1043,1167,59,123,121,78,212,798,405,1375,443,649,3484,1357,958,636,585,45,69,491,508,153,175,419,81,96,219,1599,543,903,356,3858,494,0,755,118,83,581,28,189,337,208,124,601,113,56,290,67,170,204,496,183,283,77,471,68,278,100,965,1096,762,279,183,148,1353,300,168,197,380,743,245,496,175,79,83,658,310,311,2451,47,0,353,166,44,147,68,394,299,341,532,234,257,338,1539,367,781,237,607,120,233,156,1350,1331,157,883,118,211,143,259,781,106,1514,321,154,192,295,305,60,694,1383,95,101,282,81,57,435,430,134,57,0,238,1916,120,911,299,0,633,331,178,772,70,541,158,105,64,2730,1059,303,1772,251,150,158,620,213,470,214,0,204,116,55,288,109,298,936,851,189,105,0,154,300,365,774,173,266,466,0,618,57,197,275,1239,187,554,872,610,2062,286,118,283,318,1350,0,312,0,156,170,903,1120,1552,873,236,430,168,235,2261,538,483,671,57,456,801,392,136,163,386,449,145,223,225,303,237,102,130,360,240,291,489,705,57,177,289,146,780,131,648,84,297,204,329,393,44,389,539,238,84,354,132,1154,184,152,465,370,390,973,476,140,456,215,1897,240,178,76,1353,568,233,15,2072,220,55,257,1495,74,110,415,676,2548,259,2019,105,5311,497,233,303,159,124,153,95,68,445,378,215,848,156,84,1239,419,543,1121,906,222,310,43,595,172,829,3211,1113,376,494,95,248,447,172,288,0,1613,504,307,107,95,456,222,188,255,606,69,906,3388,417,699,255,489,385,281,197,891,825,331,146,337,28,429,331,1722,0,381,668,704,533,0,1000,269,401,595,1637,3138,690,1020,110,676,658,190,1143,146,259,202,404,105,332,38,634,41,224,2384,125,103,168,328,352,193,1669,201,567,433,360,289,325,64,160,486,156,563,0,123,411,352,178,0,408,295,812,370,1127,106,349,2713,307,56,1473,299,489,880,306,275,55,114,615,433,1050,28,108,806,2935,70,116,140,567,531,80,420,72,256,153,248,80,210,1269,582,256,398,296,892,579,668,64,355,289,656,216,177,364,1205,1475,753,258,889,117,1110,281,449,0,205,344,1192,0,395,1505,866,145,230,175,15,180,223,1375,1513,334,181,499,116,1817,803,45,998,333,129,214,85,325,54,218,232,448,598,147,208,590,217,52,2234,104,228,532,731,186,320,341,111,612,293,75,140,351,145,131,249,102,96,821,67,55,223,821,439,272,373,109,77,372,253,807,119,380,580,74,276,103,454,50,250,113,274,198,268,70,436,95,96,402,68,263,664,125,421,126,44,368,171,438,1150,1089,115,228,59,193,782,267,178,149,393,428,126,120,380,297,0,172,320,83,376,277,282,500,62,67,178,177,91,514,139,1303,251,114,241,430,269,211,1127,790,178,211,690,138,690,246,120,1492,729,272,709,143,75,5697,240,759,63,227,298,150,1239,31,262,545,242,444,152,845,390,143,73,166,503,108,157,997,102,177,133,619,137,466,103,564,798,151,178,122,171,264,298,121,211,919,97,37,136,5294,2236,184,1537,200,318,639,827,220,107,246,173,1084,223,253,287,345,62,992,172,402,367,2060,59,2188,756,44,826,198,79,141,67,72,851,451,235,659,301,963,286,1214,122,1241,71,476,701,30,205,660,404,205,550,311,92,424,398,379,609,216,431,537,157,2218,733,482,416,705,235,152,805,201,58,1376,45,111,636,0,146,168,752,89,348,964,361,342,117,1025,322,426,509,648,88,915,880,124,151,287,221,322,221,201,277,566,124,629,516,418,1282,254,347,130,150,982,182,358,144,1629,1141,832,333,127,285,193,52,195,733,240,608,2207,167,0,147,552,120,174,283,225,70,274,67,0,274,1130,355,41,196,656,212,529,55,261,338,173,132,849,68,92,66,425,269,84,385,160,152,44,171,0,55,631,151,482,0,826,350,144,90,790,926,188,131,1032,304,281,63,141,305,1058,34,848,97,171,306,371,88,210,367,1391,263,209,475,2971,47,30,980,384,77,441,578,799,68,298,189,194,312,71,66,543,19,141,2179,0,358,256,215,185,315,113,171,139,248,85,1306,89,193,36,94,117,290,29,218,959,1140,176,128,183,296,187,159,95,629,406,160,116,86,211,918,263,265,293,133,120,217,81,641,1320,395,337,284,197,592,102,71,443,402,211,348,605,173,548,918,383,223,185,223,958,143,73,216,252,876,81,244,46,0,87,2161,427,145,157,108,1023,360,296,148,462,87,598,129,1060,0,82,0,1228,167,2030,294,320,142,156,442,444,191,400,105,727,261,404,251,241,738,56,240,77,366,89,259,85,414,1195,0,45,1245,122,54,109,663,657,142,183,890,530,145,134,53,134,134,469,224,724,3551,284,391,345,36,173,259,75,291,903,61,75,129,32,98,829,60,75,315,994,114,889,84,173,182,130,654,854,530,653,145,128,1461,444,2344,88,125,77,807,86,499,227,424,217,346,141,81,211,57,172,53,488,111,170,2230,293,214,0,44,40,115,106,678,49,1811,93,252,191,49,155,209,356,0,1088,286,43,372,165,81,523,455,438,72,425,211,175,139,51,394,275,431,129,311,52,0,2004,63,272,132,255,379,1029,575,160,641,182,190,96,100,123,454,778,248,219,737,100,156,182,115,129,65,109,195,161,44,314,349,385,302,913,263,205,237,236,100,63,73,233,137,353,331,1802,188,353,203,157,177,1391,342,247,398,708,80,1403,511,83,140,167,960,404,296,50,596,154,345,91,121,80,252,305,1030,106,105,64,851,274,217,409,1083,372,133,56,310,1239,60,0,355,198,68,61,266,124,1021,1052,197,524,366,113,45,1496,189,260,1588,242,98,55,132,190,156,67,1273,378,913,53,297,94,273,50,134,551,152,491,440,222,285,479,452,427,2630,403,589,76,141,202,583,874,407,407,267,2130,126,62,767,218,874,120,599,839,263,138,44,118,221,1359,424,578,1440,156,58,418,110,81,91,403,94,67,556,0,972,29,167,1053,121,98,71,36,163,587,237,135,443,322,688,510,111,153,1550,160,82,110,63,1483,1639,116,205,69,191,159,41,530,180,811,995,486,305,586,710,93,198,42,130,719,264,1368,77,313,71,585,636,447,399,69,71,440,0,771,56,452,71,211,0,238,80,67,474,773,76,86,272,1128,504,263,107,2798,65,86,0,0,0,0,865,184,267,379,1849,119,0,264,80,125,761,466,197,159,161,497,100,369,247,69,483,721,116,300,179,139,184,410,318,576,249,1042,222,136,2771,532,392,247,456,297,278,122,157,140,180,90,95,314,269,184,550,294,83,60,102,671,337,153,0,124,0,350,456,204,355,687,80,62,229,41,331,227,384,1747,828,1058,444,0,93,111,0,238,250,186,58,602,937,1753,385,653,512,599,458,139,273,0,153,256,113,199,92,196,292,128,959,1406,44,280,522,64,249,0,87,313,114,368,230,1207,253,326,412,212,889,538,0,532,220,256,235,301,962,192,311,316,0,324,380,111,247,804,270,1215,731,83,329,663,232,158,92,284,460,78,852,169,28,687,334,284,216,297,134,63,2240,47,939,158,220,223,74,423,582,131,49,211,104,223,154,97,979,99,298,99,117,1538,319,329,1729,269,255,0,210,287,118,223,75,368,636,324,807,680,393,56,72,262,306,296,347,373,104,78,246,225,306,51,616,177,215,979,86,0,485,655,54,611,359,530,85,261,372,141,114,100,0,134,586,75,506,1048,162,567,699,76,90,43,45,598,59,555,445,440,1022,276,460,215,288,496,79,639,394,167,441,482,751,771,704,683,116,98,359,247,205,94,121,497,111,191,212,387,228,1738,320,52,307,328,127,681,804,305,1495,316,378,114,169,0,472,72,835,850,553,131,1413,51,0,344,243,353,326,105,25,61,602,358,200,469,148,1541,273,49,48,0,116,68,535,142,95,107,334,96,231,2170,120,82,2068,300,337,94,901,153,1319,336,73,350,466,97,99,550,59,39,560,126,940,287,396,202,178,266,89,108,51,1824,261,76,69,58,2150,65,453,344,686,724,37,67,219,336,203,160,46,1208,27,211,226,157,1035,470,855,452,306,720,117,69,140,244,107,124,178,360,77,1982,743,101,70,122,319,298,127,397,153,241,885,589,650,216,477,154,200,129,108,247,111,202,0,110,583,362,388,121,1831,138,43,467,127,46,367,1095,61,176,313,860,221,190,0,256,349,259,48,61,721,4382,385,61,148,352,131,282,97,278,959,108,338,426,209,320,120,284,1142,138,58,151,61,169,184,199,289,587,152,184,130,0,439,360,371,293,135,135,1188,59,138,532,190,245,213,176,794,676,528,247,378,102,143,196,215,260,1145,314,47,39,842,535,420,396,167,290,615,297,595,99,181,2968,438,1145,252,675,268,672,315,740,56,359,243,128,648,398,212,216,79,2188,167,488,54,152,150,51,1042,0,107,236,2229,63,193,1138,354,272,178,962,70,658,569,271,174,3201,152,1844,318,941,127,236,982,161,243,377,648,303,298,119,102,410,302,90,455,316,176,474,74,547,743,559,84,386,271,73,512,48,107,208,209,211,196,141,715,1133,134,292,0,71,276,91,400,1263,102,269,978,99,84,87,143,488,768,70,101,391,866,71,191,203,535,205,38,424,395,125,186,1314,306,346,615,433,866,534,227,32,219,53,39,106,837,53,333,201,20,401,348,152,120,57,1240,57,631,451,425,289,503,368,554,36,0,2157,345,1817,154,309,229,68,221,153,53,253,320,1236,634,128,1150,474,973,0,367,67,433,218,106,144,127,157,222,184,192,1037,553,169,521,137,78,303,565,0,35,185,158,1486,229,234,49,136,151,292,432,416,464,228,391,198,432,899,1288,160,161,1585,424,357,189,249,233,125,37,190,973,42,377,0,300,141,255,230,30,131,477,180,89,178,250,397,175,401,125,193,73,333,737,1353,3755,289,446,392,588,972,110,816,77,362,423,272,159,492,571,582,534,287,184,69,251,333,0,695,759,73,310,303,284,1642,101,533,141,886,171,154,95,175,147,458,1291,43,3547,798,77,1324,51,30,402,310,70,372,269,2535,75,57,195,999,0,54,430,181,0,262,69,540,106,426,472,341,1758,412,68,1282,327,919,144,316,70,552,347,120,110,989,188,735,119,114,370,92,825,905,133,215,772,198,972,1248,232,172,141,159,110,75,2577,615,50,58,141,546,220,215,71,219,119,122,224,340,416,179,51,491,133,61,1370,394,129,641,122,412,67,2171,98,39,112,38,67,0,101,325,1275,27,376,415,856,140,513,209,57,105,283,344,181,86,301,1535,173,227,198
35,0,0,0,57,62,32,0,0,103,0,284,0,25,40,158,353,250,0,53,0,176,0,98,0,157,0,41,107,0,0,0,80,0,0,223,133,0,111,153,94,0,0,0,181,0,85,82,384,0,127,82,219,47,0,203,37,0,0,43,0,112,111,0,26,66,65,42,21,37,192,0,0,68,0,272,202,21,152,0,298,0,62,0,298,24,0,0,0,58,243,86,66,111,109,61,63,0,38,0,0,26,0,216,58,0,0,0,100,94,365,109,108,129,64,62,59,126,0,30,267,0,233,44,0,36,0,34,125,34,132,0,175,44,84,38,152,58,125,55,247,24,30,319,0,0,48,61,88,154,0,0,142,40,240,135,24,124,74,302,139,58,0,186,25,112,85,0,152,175,329,201,0,80,0,79,0,114,147,86,0,137,0,38,61,45,83,598,220,0,0,0,145,123,130,34,115,0,0,110,0,60,124,0,546,0,60,0,0,149,164,249,63,49,0,114,66,108,0,43,160,291,0,0,159,0,0,124,462,0,117,19,47,0,0,0,0,134,242,72,0,167,47,66,59,0,167,0,95,0,40,45,157,74,151,88,89,0,44,104,370,96,83,46,84,20,0,329,177,346,0,0,97,189,54,0,114,34,825,281,53,0,99,139,96,0,54,431,2337,51,54,0,276,0,0,0,0,31,76,55,74,31,104,0,0,163,397,227,40,83,92,389,83,0,0,80,54,261,89,0,51,0,0,62,172,119,110,112,0,53,374,0,84,137,165,45,45,0,41,139,0,142,0,107,156,0,0,0,67,1105,352,101,35,393,218,0,47,86,611,264,143,0,137,0,79,440,624,0,96,23,296,82,38,0,135,341,228,0,0,123,44,40,0,0,68,455,89,87,111,0,41,0,794,37,80,0,332,134,216,215,0,0,298,0,43,130,82,81,0,0,110,0,39,56,0,37,90,69,407,327,0,242,78,0,70,91,148,36,230,58,33,0,59,37,97,0,25,157,0,33,0,0,432,166,143,187,378,127,0,68,32,0,159,0,189,27,0,32,0,0,252,34,239,188,71,0,29,83,0,30,0,31,346,86,107,100,224,122,141,90,182,0,275,149,102,0,0,0,207,341,82,86,0,206,47,52,262,63,156,0,0,153,0,291,48,178,128,215,60,23,43,0,26,32,49,0,170,65,124,204,134,57,305,335,157,0,57,54,528,0,71,0,0,0,220,54,36,0,0,183,52,139,228,23,10,0,95,0,66,229,148,113,54,102,0,85,0,76,72,0,424,622,0,0,125,221,80,0,0,65,192,275,0,0,0,35,0,309,0,90,151,109,125,0,563,0,247,441,132,0,0,594,0,81,34,0,0,210,46,88,30,88,54,163,120,301,32,379,37,55,0,0,425,571,61,0,45,83,32,85,0,0,0,0,54,0,0,31,0,221,422,51,46,123,51,70,0,98,47,0,43,37,65,0,46,234,0,29,0,166,88,43,0,88,302,0,62,164,93,384,56,0,69,0,94,123,68,0,0,69,170,0,119,0,568,0,100,120,203,42,0,19,42,62,93,0,115,0,119,0,189,45,26,0,63,0,374,0,385,0,0,45,0,109,98,0,120,0,259,68,32,155,208,0,61,0,0,100,142,66,640,81,155,478,251,386,114,0,0,32,107,112,15,0,90,0,0,0,271,67,294,72,907,99,0,43,0,0,114,0,43,80,0,0,299,43,0,35,0,43,40,98,40,0,0,112,0,82,25,137,78,154,50,0,45,202,45,40,33,106,175,38,90,0,0,0,109,63,111,407,0,0,97,32,0,56,0,102,137,61,70,31,43,106,232,73,70,134,72,26,117,0,88,446,57,188,35,17,0,41,140,0,304,94,0,97,182,132,0,147,231,0,0,131,28,0,187,59,0,0,0,71,221,0,188,52,0,33,66,26,162,0,157,49,0,0,356,297,151,764,87,31,0,136,54,62,0,0,40,0,0,54,54,35,212,186,0,0,0,22,47,72,126,88,79,31,0,0,0,37,34,116,0,99,216,178,149,110,0,0,155,472,0,78,0,0,61,201,300,242,109,77,129,0,0,232,99,102,151,0,55,278,60,31,0,109,55,63,47,142,61,68,65,30,73,28,153,195,179,0,46,64,34,263,0,188,19,43,37,35,58,0,63,240,0,0,100,0,706,0,99,118,74,107,196,91,0,107,123,167,0,51,0,413,130,65,0,195,76,0,0,218,0,0,0,125,670,100,923,0,986,237,46,67,0,0,57,41,0,49,63,40,264,19,0,332,50,112,450,229,0,110,0,171,0,37,1151,42,29,136,29,48,81,57,117,0,367,52,88,12,0,184,0,0,61,396,0,172,1057,138,276,0,79,192,38,25,190,111,46,43,0,0,131,138,107,0,125,73,194,147,0,187,120,140,157,55,544,106,229,21,72,115,49,219,0,65,52,55,0,119,0,104,0,0,314,0,20,0,44,57,23,533,0,66,114,132,67,93,0,76,67,34,298,0,64,99,64,0,0,103,0,179,160,371,0,34,725,0,0,290,88,73,328,43,106,0,62,76,75,66,0,0,237,429,0,0,0,48,210,0,77,28,40,0,0,35,0,305,175,53,0,113,277,197,158,0,73,65,467,91,0,102,66,394,148,76,154,44,290,53,94,39,39,60,199,0,50,420,109,0,37,0,0,39,0,181,196,87,0,297,42,425,255,0,365,64,43,0,0,0,0,70,59,83,73,0,0,74,47,0,469,0,0,55,110,0,126,12,0,21,57,0,0,27,0,0,86,37,0,391,0,0,71,148,46,73,61,0,0,112,0,257,0,30,0,0,0,0,28,0,0,0,43,0,31,0,96,0,0,78,0,0,76,0,42,0,0,61,0,91,179,160,0,31,0,38,81,94,64,0,102,42,0,0,134,135,0,0,0,0,118,48,0,81,0,0,58,0,0,0,0,430,0,0,0,0,105,0,216,114,0,0,112,0,293,0,0,191,29,99,138,0,35,536,54,37,0,0,0,42,189,0,0,69,18,31,0,362,151,0,0,34,0,0,0,96,0,64,0,0,32,156,0,0,62,0,35,0,30,0,0,0,61,130,0,0,0,427,103,39,165,57,132,73,55,76,36,99,0,54,70,0,44,0,0,138,34,49,0,189,0,217,57,0,284,49,0,0,38,0,78,66,0,119,101,68,0,148,24,45,0,68,84,0,0,160,47,0,0,107,0,71,69,108,226,41,54,0,0,298,0,78,0,54,0,0,108,62,0,431,0,0,103,0,0,0,82,0,0,95,42,71,0,65,41,99,129,129,0,114,78,0,0,50,0,22,93,0,0,0,0,46,42,149,73,0,102,0,0,118,0,75,0,233,129,0,0,0,53,0,0,64,172,57,135,249,0,0,46,147,50,0,0,0,0,0,0,0,75,300,109,0,76,259,43,200,0,44,46,89,0,157,0,26,0,63,75,0,100,0,52,0,0,0,0,96,30,153,0,113,148,55,0,284,143,0,0,0,89,106,0,0,110,317,0,284,30,0,74,54,0,42,0,247,24,121,140,470,0,0,378,61,0,63,134,120,0,44,80,0,0,36,0,195,0,0,275,0,131,55,46,60,68,16,0,0,0,0,128,0,0,0,0,0,86,0,85,194,304,34,0,0,101,33,18,56,100,0,26,38,32,0,160,77,29,0,0,0,36,0,191,138,63,119,89,0,291,0,0,185,113,81,54,88,48,116,187,47,0,0,95,507,38,0,99,0,150,0,67,0,0,0,454,143,0,0,46,298,36,86,29,84,24,153,0,250,0,0,0,0,0,120,42,112,0,0,147,36,0,168,0,196,120,82,0,83,112,0,39,0,161,40,86,0,73,403,0,0,803,0,0,32,46,92,0,44,447,57,0,23,0,49,0,240,131,249,381,0,154,74,0,0,63,0,46,118,25,0,0,0,0,192,0,0,136,105,0,231,0,88,19,0,106,270,83,143,67,44,298,196,654,63,0,0,450,0,146,0,48,0,137,0,0,0,0,0,0,56,0,0,414,111,0,0,0,0,0,39,124,0,222,0,43,51,0,35,89,88,0,214,89,14,91,48,0,90,105,95,0,107,0,0,0,0,0,122,61,13,56,0,0,318,0,55,0,53,113,340,233,0,259,61,63,0,0,0,231,234,92,74,210,0,61,67,0,48,0,0,0,0,0,86,39,98,203,160,113,77,76,140,31,0,0,132,43,114,75,395,0,91,37,60,0,954,62,65,66,352,0,251,122,0,0,80,208,99,75,0,207,45,97,0,0,46,87,144,394,0,45,0,100,114,63,286,231,184,0,0,62,257,0,0,80,0,0,0,49,54,200,325,0,71,0,0,0,1031,41,52,439,45,47,0,44,82,84,0,281,192,159,0,103,0,71,0,0,133,54,138,147,44,92,31,98,124,558,160,90,0,0,41,116,151,113,54,85,557,18,0,179,152,318,38,263,142,55,26,0,0,57,204,218,95,301,84,0,162,0,0,30,45,0,0,158,0,169,0,0,390,35,20,0,0,0,134,0,0,68,82,162,249,0,40,492,77,0,0,0,365,765,31,93,0,77,41,0,161,0,316,457,124,0,133,170,0,0,0,35,129,103,418,0,84,0,88,106,110,151,0,0,126,0,183,0,184,21,67,0,92,0,0,101,317,0,0,32,460,181,85,0,1078,0,0,0,0,0,0,248,124,78,143,316,30,0,83,0,58,128,85,52,0,0,217,27,44,0,0,44,299,68,119,0,37,0,0,72,113,83,148,0,0,331,108,182,103,57,45,57,0,32,0,64,27,42,115,0,78,222,96,55,32,0,168,140,92,0,53,0,147,123,61,145,112,0,0,0,0,95,74,126,336,126,588,132,0,0,0,0,65,50,0,0,67,114,518,68,126,90,74,123,0,127,0,57,25,0,91,0,55,0,0,401,585,0,104,218,36,69,0,0,92,32,145,0,367,93,0,56,33,186,49,0,166,112,45,96,41,296,0,114,70,0,158,23,0,140,254,113,234,139,44,33,54,55,96,36,165,159,0,80,0,0,215,135,41,0,67,0,0,715,0,172,72,50,68,32,144,182,47,0,37,0,51,30,52,130,0,69,0,0,346,27,87,566,56,58,0,35,24,0,100,0,0,122,0,60,230,112,0,0,99,70,88,43,160,31,0,66,27,56,0,297,0,94,373,0,0,130,83,0,116,103,67,0,65,79,67,0,0,0,0,74,0,44,113,14,305,292,0,0,0,0,271,0,74,95,76,259,89,137,67,54,280,0,58,57,0,125,107,161,237,182,116,0,0,34,125,0,0,44,148,0,39,66,175,0,813,23,0,0,43,0,94,275,131,168,36,119,0,40,0,103,0,273,426,74,53,451,0,0,79,76,54,0,0,0,0,82,116,88,114,38,192,94,0,0,0,0,0,113,52,0,0,88,0,0,1991,0,0,886,42,77,0,211,0,355,94,0,416,57,39,0,129,0,0,69,42,188,38,84,0,31,31,0,0,0,451,95,0,0,0,278,0,65,136,395,291,0,0,49,48,175,18,0,310,0,47,62,0,153,123,104,123,80,180,0,68,50,0,0,0,0,107,27,168,183,35,58,32,250,111,0,63,105,50,385,127,132,51,82,41,0,57,0,42,60,76,0,0,101,150,57,43,411,0,0,69,0,0,31,219,0,44,43,219,31,0,0,195,84,39,0,0,321,554,102,0,0,176,0,89,0,0,47,47,72,131,0,96,0,121,242,0,0,46,0,33,20,0,95,101,61,26,55,0,113,83,74,91,0,0,82,0,0,144,35,77,42,78,204,120,0,59,68,47,52,34,67,0,847,80,0,0,237,96,78,53,22,62,63,56,118,0,0,420,124,610,56,125,68,100,94,326,0,103,88,0,231,122,0,72,36,1044,0,81,0,0,0,0,101,0,22,48,468,0,33,188,78,103,0,433,0,172,232,58,0,334,0,155,0,295,41,58,290,0,128,36,128,108,62,0,24,94,0,0,85,0,27,0,0,103,174,180,0,86,0,23,91,0,0,109,0,61,116,0,502,95,30,31,0,0,68,67,183,242,53,75,306,0,0,0,39,124,32,0,0,61,173,0,0,57,224,30,0,190,120,51,38,393,83,50,211,198,96,203,118,0,63,0,0,33,242,0,71,42,0,45,137,36,0,0,376,0,114,207,130,86,141,113,174,0,0,1165,74,452,0,110,36,0,139,0,0,120,48,239,33,86,307,40,345,0,86,0,314,38,23,43,77,0,85,43,87,401,121,28,104,0,0,95,116,0,0,44,46,929,53,60,0,29,0,0,146,84,114,40,114,66,90,151,191,49,69,215,0,290,29,85,127,49,0,0,99,0,67,0,125,0,101,44,0,58,363,48,41,82,24,88,74,99,0,147,0,101,176,708,930,88,70,91,105,236,53,223,0,125,73,118,0,239,176,0,104,83,59,0,129,103,0,157,124,0,40,164,105,408,51,195,35,232,47,29,0,109,0,111,273,0,276,144,0,127,0,0,122,21,0,115,72,485,0,0,27,200,20,0,163,48,0,230,0,135,0,161,65,81,1061,69,0,519,88,363,0,152,0,190,82,0,0,176,48,187,0,38,136,0,233,89,0,49,150,62,369,393,84,47,74,53,52,0,848,29,31,0,100,117,39,73,0,0,36,40,54,78,0,0,0,163,28,0,351,98,113,36,0,89,0,482,0,28,0,0,0,0,0,87,453,0,113,147,208,31,140,48,0,24,170,165,42,0,111,486,56,37,0
36,0,0,33,52,0,102,36,0,64,0,451,52,0,0,272,309,330,35,33,0,258,83,57,149,112,24,0,132,57,48,0,76,0,55,176,229,0,93,436,83,57,52,39,376,0,60,33,223,0,246,81,0,141,37,220,43,0,0,0,0,96,106,367,0,76,94,0,0,0,447,0,112,31,40,457,153,0,522,0,183,35,0,244,357,116,40,0,102,68,351,0,71,116,116,0,51,0,118,93,0,31,54,179,0,0,91,58,48,70,246,39,0,130,101,95,0,221,66,0,313,0,249,72,36,45,61,35,120,0,166,0,479,47,102,106,163,93,49,41,139,108,226,663,0,0,93,79,87,188,0,61,208,0,244,120,0,43,0,237,448,43,0,50,89,149,40,66,129,268,341,74,78,133,23,80,52,44,131,130,58,311,0,0,56,112,80,165,135,0,0,0,76,39,236,24,148,0,36,261,27,63,241,0,441,0,0,0,67,66,194,110,0,143,0,159,35,145,0,40,201,329,83,42,477,0,0,112,330,28,148,0,0,51,0,0,14,0,64,64,37,157,48,126,52,0,217,0,56,0,46,140,421,65,124,0,115,0,50,82,326,259,94,75,0,0,0,246,93,254,51,34,282,362,155,48,62,38,1139,67,159,0,44,275,110,127,0,279,3177,212,0,68,298,0,28,109,41,104,101,75,24,72,180,0,0,215,346,329,59,107,77,420,169,0,0,85,169,177,150,40,85,47,0,66,285,154,100,197,0,54,411,0,79,141,168,47,0,0,36,97,46,142,0,135,146,0,0,47,98,1478,306,203,20,447,746,28,135,150,500,194,148,51,165,28,132,498,805,260,65,0,275,89,118,80,72,385,235,0,0,484,156,52,65,70,84,1132,136,91,119,0,0,37,637,42,64,92,780,114,177,231,0,77,338,34,81,145,68,56,126,0,58,0,0,66,0,38,126,108,436,284,0,226,134,35,136,114,150,0,271,41,0,46,103,37,286,49,49,154,56,248,0,43,361,104,291,235,404,117,71,82,0,0,194,0,142,0,129,96,0,69,209,33,301,176,49,35,59,42,58,46,0,0,421,127,107,52,238,533,218,106,183,49,328,173,325,0,0,53,171,582,287,141,25,251,49,150,159,226,215,36,0,199,0,625,65,216,183,202,94,20,124,51,22,31,53,51,333,59,136,118,220,100,177,550,244,36,57,37,558,61,56,0,0,37,222,133,0,0,0,128,84,305,347,57,45,0,124,0,91,261,164,183,37,120,87,57,0,87,117,0,409,725,0,102,94,667,70,0,0,95,445,288,57,0,0,60,0,272,0,54,404,170,142,0,648,0,378,926,103,34,56,796,0,102,0,0,0,141,61,87,65,59,81,92,41,99,98,172,48,67,0,57,364,415,161,0,102,60,0,113,28,56,0,53,0,56,0,89,0,135,168,0,0,49,0,55,70,0,41,0,0,0,218,0,36,271,0,58,0,358,474,57,0,79,274,0,153,43,87,179,67,0,124,0,0,264,53,72,34,0,500,65,231,0,160,63,56,51,192,0,46,29,138,161,208,65,51,0,240,0,91,50,0,0,35,66,132,31,745,0,0,134,0,121,86,56,26,95,108,105,0,154,208,0,0,0,0,0,133,141,109,65,79,1218,260,131,159,71,0,0,113,122,0,48,199,0,0,36,301,189,103,87,552,244,0,144,34,0,258,0,30,132,37,0,271,0,0,0,0,37,48,197,0,81,0,57,0,151,54,99,285,100,89,0,0,288,37,0,0,148,70,0,115,0,0,0,152,151,59,393,0,0,80,0,0,27,0,55,32,0,114,0,64,85,288,77,188,0,237,48,38,47,203,272,45,537,0,40,21,189,187,23,321,50,45,78,54,76,35,151,149,0,0,49,0,0,67,87,0,0,0,0,258,0,335,32,0,170,72,0,180,0,245,44,0,0,994,256,45,347,34,0,0,134,52,102,38,0,0,0,30,40,0,0,382,196,54,0,0,100,29,219,138,23,61,258,0,138,0,65,0,159,38,102,128,59,282,0,0,84,161,404,0,53,0,0,71,151,142,168,214,33,97,47,66,722,41,88,78,0,169,230,75,0,47,109,101,0,0,88,48,0,37,0,11,87,31,0,286,0,0,213,12,135,35,291,0,58,77,70,134,0,127,105,86,0,155,50,508,0,0,0,76,171,161,159,0,93,0,496,40,0,27,551,132,79,0,709,46,0,52,232,0,20,108,90,265,27,337,0,187,0,65,72,56,39,0,0,0,109,78,40,198,0,47,405,126,95,315,171,57,0,0,214,0,187,516,350,120,166,0,0,78,22,48,0,433,111,130,0,0,41,52,45,54,293,0,260,553,44,0,99,119,133,115,47,314,255,108,0,80,0,0,0,514,0,135,133,37,78,0,609,0,106,42,578,163,221,162,0,235,62,65,272,0,53,39,0,0,0,0,163,0,75,712,56,0,0,79,65,134,76,52,175,94,0,0,105,0,0,148,0,230,0,0,71,185,49,0,67,87,135,217,236,48,98,580,82,0,303,0,86,367,47,0,0,41,94,87,315,0,0,348,1168,0,0,0,201,151,0,38,0,0,52,48,0,72,124,122,44,145,87,74,83,264,0,0,53,252,123,0,0,300,161,458,61,193,0,238,85,0,0,0,103,115,0,107,68,185,0,83,49,0,44,66,266,776,69,56,0,0,248,48,0,76,48,62,121,0,119,0,0,40,112,232,73,51,158,99,0,618,34,83,55,152,73,58,124,65,221,73,22,62,68,0,0,57,50,27,131,0,0,0,118,59,73,74,40,0,0,79,271,0,106,102,0,96,25,51,0,45,32,46,28,94,0,144,45,0,83,0,89,259,45,132,0,0,77,0,194,212,132,0,0,0,80,303,38,0,0,240,52,60,44,85,121,0,37,44,0,90,84,60,149,0,0,55,66,30,101,0,138,95,31,68,162,41,0,229,141,57,53,138,30,258,0,0,543,216,110,390,48,36,2104,31,105,0,107,72,48,588,0,85,263,69,153,0,341,43,0,0,78,211,0,58,87,0,0,27,209,40,0,0,182,138,62,24,36,42,55,66,36,98,170,49,0,0,2008,701,79,571,49,109,192,278,118,0,40,0,252,0,80,88,54,0,332,0,138,115,484,0,223,181,0,130,58,0,44,0,0,337,217,40,153,54,270,54,229,0,477,0,194,194,0,42,54,79,0,137,38,0,173,151,0,118,63,66,220,0,656,244,177,160,126,43,77,169,15,0,675,0,36,152,0,0,40,330,0,104,129,71,78,0,209,43,121,82,205,0,130,232,0,50,72,66,112,88,30,65,134,0,274,202,208,314,24,59,0,31,196,79,131,42,581,139,254,93,71,72,0,0,44,346,81,144,918,31,0,52,148,0,47,0,0,0,28,0,0,164,259,121,0,41,59,43,156,21,33,152,55,82,79,0,0,0,82,176,0,150,81,0,0,0,0,0,124,33,61,0,428,296,52,0,205,97,66,51,146,36,121,0,0,59,659,0,222,0,76,0,87,0,61,58,206,54,0,126,588,35,0,114,71,0,72,95,431,0,71,0,109,69,71,0,199,0,30,105,0,60,0,34,65,133,36,0,44,42,50,288,25,0,0,59,19,128,0,0,305,38,0,0,41,0,64,87,0,117,96,0,65,73,0,523,0,58,120,0,51,32,0,306,221,66,46,0,32,108,66,0,0,28,36,133,141,25,146,107,47,52,77,0,242,0,0,0,0,222,0,41,0,0,0,484,0,0,48,0,135,112,144,35,112,49,41,0,507,0,0,0,724,35,881,129,0,0,0,126,72,71,83,0,125,0,114,51,174,183,0,49,40,53,0,0,0,67,244,0,0,385,50,0,33,162,100,68,47,77,77,25,32,0,0,0,79,66,89,437,138,55,114,0,0,85,0,82,170,0,0,0,0,0,69,0,55,48,350,0,253,0,0,58,0,168,59,106,137,45,0,410,41,239,0,0,0,104,45,345,0,59,34,69,0,0,60,0,60,0,48,0,0,354,63,79,0,0,0,57,60,34,0,552,0,136,130,0,0,54,75,0,338,162,0,235,49,43,106,114,115,0,237,90,78,46,0,108,129,178,42,101,0,0,575,0,97,22,83,113,389,278,41,209,125,66,0,0,34,171,412,128,107,193,49,60,73,0,46,0,0,59,64,0,67,85,122,91,259,110,74,64,96,33,24,0,93,46,90,90,390,59,0,97,64,42,566,159,81,166,290,0,438,124,0,0,67,223,165,58,0,270,37,96,48,0,0,0,131,372,43,0,0,305,96,115,171,295,170,0,0,67,469,0,0,58,81,0,0,55,37,397,306,68,183,122,25,0,462,43,122,513,105,0,0,28,75,71,0,340,101,468,0,84,0,57,0,0,229,57,104,169,66,82,177,178,102,812,101,195,0,56,73,192,284,179,98,110,152,43,0,185,115,353,35,255,289,60,0,0,0,58,559,348,347,340,28,0,153,46,0,0,112,32,20,161,0,311,0,46,286,47,0,0,0,62,150,0,70,111,87,277,139,0,0,476,60,0,0,0,624,497,0,94,0,55,0,0,93,67,390,336,167,108,256,197,0,54,0,40,201,106,138,0,0,0,196,196,156,144,0,35,170,24,169,0,316,25,62,0,75,0,37,143,305,0,0,129,173,176,122,37,832,0,56,0,0,0,0,332,49,125,133,697,0,0,75,0,0,172,223,43,34,56,186,35,143,0,36,279,254,57,99,69,56,0,56,87,335,135,312,88,39,637,101,0,40,30,99,104,85,0,71,66,0,78,69,68,69,125,90,34,0,0,318,268,66,0,65,33,50,224,59,71,129,0,0,85,0,57,88,137,529,381,627,58,0,19,0,0,53,125,57,0,67,239,289,0,368,124,101,274,0,116,0,67,63,42,87,36,0,86,67,331,291,0,93,128,35,78,0,0,78,55,243,112,48,145,113,142,64,64,239,0,153,68,63,40,43,201,0,175,68,0,106,46,0,145,150,56,414,40,0,91,114,74,102,29,55,190,25,246,0,0,218,152,66,33,153,37,0,660,0,74,58,0,72,0,36,129,53,0,65,30,40,0,68,76,0,0,0,76,804,81,77,186,0,0,0,46,130,0,40,0,0,163,194,316,87,117,0,24,64,78,0,109,74,0,0,0,86,67,0,140,94,41,399,0,0,102,152,0,144,73,343,0,0,97,61,0,0,0,0,182,0,116,188,51,105,290,0,0,0,30,212,0,272,62,100,269,99,239,86,60,272,0,150,121,30,99,106,200,108,166,166,35,0,135,47,0,0,0,179,0,0,92,186,53,1196,59,0,51,154,0,155,181,42,381,106,0,0,0,0,120,0,323,390,231,31,132,0,0,49,0,137,101,0,0,27,127,83,156,107,0,206,182,0,0,0,0,40,152,88,0,37,70,0,0,1252,0,0,339,44,55,0,180,0,238,65,0,225,71,0,59,187,0,0,196,0,412,108,104,48,34,81,0,0,0,826,0,0,0,0,162,0,199,87,117,149,0,0,93,32,174,0,0,462,0,86,0,63,284,101,190,0,0,325,28,37,0,0,25,24,0,154,0,734,109,89,29,0,137,82,28,137,72,98,285,204,258,37,72,58,69,0,0,59,63,39,0,0,191,0,92,32,361,0,0,121,0,0,75,253,0,0,35,211,55,50,0,120,62,101,0,0,318,815,138,0,43,185,0,0,0,61,145,0,112,70,0,55,71,37,323,51,0,0,0,58,45,48,130,74,43,63,64,0,57,84,77,168,0,37,171,0,48,74,0,49,37,56,84,147,85,49,47,0,28,110,88,90,182,130,0,0,248,83,112,91,0,63,63,64,113,0,0,474,76,272,86,32,176,189,174,264,0,122,0,47,93,99,55,56,16,1165,31,78,0,39,0,25,541,0,39,0,853,0,74,298,107,83,41,304,0,161,142,49,35,738,0,378,0,168,51,25,169,0,65,121,98,109,98,0,56,95,90,36,174,98,0,113,0,198,284,0,31,157,82,0,139,0,0,0,25,39,105,0,146,352,42,84,0,0,89,0,45,460,77,145,253,0,0,0,88,40,303,0,0,45,82,28,58,59,114,0,0,32,81,0,0,165,112,15,109,129,242,137,55,0,54,0,0,0,140,36,43,30,0,160,67,0,36,0,222,0,50,0,152,119,123,54,74,0,0,153,71,416,0,126,65,0,28,0,0,0,0,228,157,25,51,85,70,0,62,0,69,56,47,0,0,19,0,46,0,232,283,31,0,0,0,196,43,0,0,0,19,178,65,82,0,0,54,100,0,56,64,42,57,0,68,142,172,0,0,890,126,177,48,34,36,42,0,0,394,0,75,0,42,0,0,22,0,0,92,0,0,19,132,62,33,69,0,0,0,55,105,329,298,0,31,38,92,327,85,105,34,168,67,146,35,81,173,130,249,43,52,0,64,94,0,172,50,0,0,68,169,210,0,151,0,249,53,0,0,22,26,63,184,0,609,144,0,403,0,0,52,78,0,52,63,319,0,0,57,138,0,0,93,0,0,70,0,115,0,62,85,157,287,99,16,0,0,245,0,152,0,154,0,0,0,93,48,258,25,0,70,0,125,317,39,0,338,69,415,405,60,40,0,29,0,0,731,110,0,0,38,56,28,63,0,0,0,0,92,0,110,0,0,126,0,0,174,74,0,135,0,56,0,379,0,0,0,0,0,0,0,0,271,0,0,108,162,55,0,61,0,0,29,0,0,0,0,495,61,0,0
37,0,18,0,31,49,56,0,0,82,0,117,0,0,36,107,265,177,40,49,0,398,40,66,40,156,0,0,105,0,0,0,84,0,0,182,219,0,87,245,110,40,27,0,75,0,42,65,347,0,0,0,77,82,29,406,48,0,0,0,0,61,134,169,0,76,43,46,0,25,253,0,0,24,0,286,0,0,293,41,90,0,49,55,303,0,0,0,0,0,445,64,70,168,123,35,77,0,59,0,0,0,0,102,0,0,25,26,162,87,316,67,109,160,71,78,47,196,0,0,283,0,331,0,0,71,0,44,0,0,134,0,343,38,73,0,213,55,0,66,134,0,111,307,0,0,0,55,73,137,0,43,194,0,157,86,0,172,48,0,273,79,0,87,0,0,64,23,223,321,123,287,43,0,0,0,0,45,189,30,0,50,0,38,0,0,96,502,142,0,0,0,147,46,38,0,101,40,0,34,0,109,0,30,473,0,0,0,0,153,140,122,36,51,0,133,0,48,0,0,143,103,44,0,307,0,0,111,344,0,0,0,0,0,0,0,76,63,310,0,0,0,56,0,76,0,79,0,85,0,91,0,285,63,24,59,46,0,38,81,245,148,79,36,0,0,0,207,134,206,0,0,64,346,54,133,0,0,198,209,101,0,0,280,94,0,0,549,912,0,0,0,402,0,0,57,0,0,52,73,0,0,178,27,28,308,140,0,48,124,114,361,91,0,0,53,49,340,69,0,0,0,0,45,128,81,0,104,0,31,261,0,56,91,170,71,0,0,47,78,0,48,36,81,132,21,0,0,124,793,0,75,42,342,519,0,46,78,444,244,134,75,163,0,116,420,63,223,33,0,188,0,39,54,97,345,79,0,0,34,70,36,27,0,0,0,0,33,121,0,0,0,608,49,118,0,508,112,156,291,0,0,61,0,0,118,40,51,0,0,204,0,97,0,0,43,244,92,287,267,0,200,34,0,0,96,116,81,71,0,0,0,48,50,78,0,57,117,38,227,35,0,281,121,149,257,283,50,30,0,0,0,145,0,176,0,0,0,0,0,257,34,0,182,59,0,34,57,0,0,22,0,200,72,0,0,173,300,159,82,106,48,204,109,117,0,0,84,136,20,0,56,0,252,40,58,276,0,178,49,0,172,58,665,93,176,228,122,0,0,82,0,0,75,60,0,154,0,37,162,115,48,236,224,199,0,55,0,345,38,57,0,0,0,263,0,43,0,0,258,0,105,276,0,0,0,92,0,0,251,93,81,33,0,54,63,0,0,80,43,258,711,0,49,98,507,34,0,0,57,156,41,0,0,22,0,0,72,0,74,207,152,107,25,414,0,240,469,54,0,29,879,0,66,0,0,0,78,59,85,0,0,36,271,193,211,68,159,0,0,0,0,258,441,0,37,56,58,0,47,0,0,0,0,0,0,102,0,0,76,320,67,0,96,75,70,52,78,0,0,0,49,80,0,32,466,70,0,39,236,138,0,0,176,162,0,48,101,54,245,38,32,31,0,60,189,138,59,0,50,197,0,89,0,372,0,140,76,281,33,0,45,63,70,66,0,139,22,62,0,107,87,33,0,139,22,254,0,62,0,0,52,0,111,86,0,66,89,280,56,107,179,147,0,0,0,0,44,237,60,369,85,0,513,194,241,0,127,0,21,138,0,26,0,167,0,0,73,562,55,109,0,1336,60,0,0,0,0,103,0,31,60,0,0,392,66,0,20,0,0,0,0,0,0,0,173,0,33,0,107,38,0,68,0,0,381,30,0,0,32,276,44,163,0,0,0,78,116,315,217,0,0,0,80,0,145,0,30,127,36,44,0,0,44,202,64,0,240,126,0,188,0,89,326,39,149,0,0,0,50,59,0,120,32,28,73,267,82,0,126,188,0,39,94,0,0,69,78,0,0,0,0,217,33,86,51,0,0,57,0,55,0,130,0,0,0,409,143,214,488,63,43,45,288,27,60,0,0,0,24,0,0,0,0,232,67,0,35,0,49,83,61,241,38,61,69,0,41,0,0,0,0,0,50,42,151,264,72,35,0,171,405,0,109,0,0,67,164,291,594,103,40,110,0,0,242,202,124,146,0,0,322,48,33,18,100,45,96,85,138,70,55,61,0,139,73,109,302,212,30,71,41,61,168,49,86,0,39,64,57,104,0,186,201,0,0,144,0,527,0,81,225,60,197,209,195,0,81,57,235,0,43,0,574,147,78,0,273,67,0,63,181,0,0,100,135,647,91,670,0,2534,181,72,0,0,59,94,41,0,56,47,56,224,0,0,418,0,131,564,180,72,121,0,208,49,93,823,254,47,185,28,105,68,56,70,0,364,101,117,0,0,180,40,0,45,418,36,397,985,121,395,36,78,195,0,0,454,99,99,48,49,0,159,136,215,0,133,51,373,178,0,320,74,108,142,335,1238,106,196,37,72,282,0,239,0,112,62,140,44,156,0,125,0,27,680,0,29,0,0,65,55,588,0,98,94,172,108,112,0,62,94,21,301,0,0,179,67,0,0,144,0,194,242,261,24,72,708,50,0,410,142,140,377,30,132,0,39,86,45,313,0,0,403,498,0,28,0,70,201,0,138,47,124,0,53,43,0,390,213,67,66,86,182,205,225,0,84,107,361,149,0,192,224,324,101,74,138,48,357,65,75,0,63,84,463,0,84,675,155,47,31,79,0,0,0,234,238,38,32,155,0,522,479,0,389,0,52,0,0,51,0,40,50,0,158,0,65,108,0,0,210,46,46,0,192,0,56,0,0,146,97,0,0,70,0,0,144,0,0,62,0,0,59,262,63,0,162,0,0,65,39,130,0,91,0,0,81,0,91,0,0,0,74,0,26,0,96,0,36,90,48,95,43,0,95,0,0,0,0,42,398,201,0,0,0,0,178,0,106,0,61,88,0,26,43,33,0,52,49,0,0,72,0,138,0,28,81,55,0,98,0,294,95,0,0,101,0,92,0,158,0,0,121,39,76,34,0,258,81,0,136,0,0,1592,0,126,0,73,54,31,347,0,51,113,48,94,29,133,247,0,0,0,99,0,0,199,30,54,0,168,33,77,0,139,25,39,68,0,37,45,40,0,0,122,0,0,64,554,582,0,138,27,48,150,145,0,0,133,0,124,48,36,67,41,0,452,0,107,87,417,0,293,181,0,453,0,0,0,0,0,317,102,0,93,94,63,48,401,0,312,0,55,215,0,48,92,115,44,114,124,0,78,0,91,72,31,94,240,19,457,208,70,116,161,21,0,219,49,0,138,0,34,127,0,74,0,113,0,80,201,117,0,0,50,58,38,77,120,0,177,156,0,0,78,61,88,0,0,58,129,0,80,39,73,131,43,100,0,0,127,0,64,0,380,209,134,138,23,65,0,0,140,72,35,75,376,0,0,22,322,62,87,60,72,0,112,0,0,204,342,74,0,73,162,136,250,57,107,49,0,78,415,0,0,0,86,137,0,188,100,0,0,52,0,0,153,0,96,0,110,229,43,0,172,257,31,54,265,112,82,0,68,111,463,0,399,0,25,153,114,0,0,139,219,110,55,158,1289,19,0,281,53,31,48,128,292,0,99,90,133,124,45,0,219,0,74,960,0,105,128,85,36,128,0,61,90,179,37,422,36,98,0,0,0,122,0,56,285,334,111,46,31,80,74,98,0,260,83,109,68,109,86,536,44,125,47,0,48,189,41,295,316,149,0,62,29,177,44,0,124,128,0,61,292,0,281,328,119,69,0,137,481,25,0,58,54,258,30,79,0,0,46,510,103,95,0,43,480,57,188,62,226,42,107,44,635,0,0,0,299,66,378,108,121,116,32,132,262,57,175,0,239,69,140,0,147,96,0,131,0,68,0,72,31,183,282,0,0,681,0,0,0,199,129,28,79,252,140,106,57,44,0,0,182,103,216,958,58,87,129,0,0,103,35,61,321,16,35,118,0,81,175,26,0,59,146,52,534,48,0,53,41,388,268,286,157,79,28,214,104,530,47,29,53,252,0,212,80,107,128,76,59,0,118,0,0,0,116,26,62,348,0,47,0,0,0,0,65,254,0,1591,0,151,84,0,0,74,97,0,201,104,0,104,114,23,140,108,67,0,106,65,97,36,0,105,57,122,53,172,22,0,470,0,113,0,96,62,181,163,0,131,59,73,0,35,57,202,183,59,144,37,0,135,45,0,64,35,44,70,34,21,97,81,173,175,274,86,135,90,109,58,0,37,129,0,139,44,521,64,77,78,69,0,598,78,100,105,285,0,371,142,0,79,0,100,97,89,0,95,53,0,0,0,0,95,114,632,0,43,0,181,148,159,225,414,73,0,0,65,396,31,0,108,109,0,0,67,54,346,129,53,146,59,34,0,767,96,87,747,91,77,0,0,131,111,0,141,174,372,27,58,76,66,0,36,264,46,161,267,102,62,123,202,113,543,208,213,0,38,38,127,254,169,121,125,728,31,28,140,79,123,0,367,282,0,0,0,0,100,272,249,241,480,86,0,228,34,0,52,120,21,26,52,0,370,0,86,442,0,0,0,0,54,165,63,0,241,101,306,258,0,85,145,84,47,49,0,672,501,0,71,0,0,74,0,183,97,405,414,214,123,207,148,53,24,0,0,229,115,387,43,71,38,209,92,204,176,0,0,196,0,221,11,144,0,83,35,131,0,0,204,273,43,0,61,602,268,72,0,1125,12,49,0,0,0,0,341,105,75,195,633,48,0,141,0,41,198,163,51,0,25,82,23,109,89,38,100,333,0,320,60,61,45,125,101,127,79,281,118,28,640,191,71,110,127,199,101,37,51,41,45,55,76,128,128,52,361,231,0,72,20,265,270,43,0,45,38,169,179,47,97,209,0,38,35,13,153,0,114,383,99,196,202,0,42,0,39,126,108,58,0,94,260,1014,179,147,129,143,207,22,71,0,88,61,114,59,0,91,66,57,230,803,0,87,300,60,79,0,0,130,46,273,139,697,56,108,97,48,525,249,0,330,50,56,77,34,360,58,58,70,0,206,64,69,54,401,118,385,206,45,88,165,173,0,68,273,135,0,395,52,0,199,111,65,121,211,38,0,1108,0,378,0,108,145,87,194,303,0,0,67,66,0,53,118,337,0,128,47,0,564,107,193,984,48,76,0,95,108,0,142,0,114,195,133,527,442,241,0,26,141,0,112,158,82,64,0,90,126,66,0,188,98,99,204,23,0,259,206,34,48,183,234,0,111,95,59,71,39,0,53,90,73,151,240,29,518,546,35,46,0,25,117,32,161,277,70,397,151,204,144,135,404,0,151,97,0,152,211,149,409,390,209,70,0,68,200,0,49,63,170,0,101,69,140,124,1045,67,0,90,121,52,193,359,212,319,121,232,73,50,0,195,39,657,813,189,30,703,0,0,197,137,92,139,57,0,0,175,155,154,152,97,233,111,0,0,0,99,48,213,96,0,52,83,0,75,1702,0,19,485,103,136,0,258,32,225,103,0,402,162,0,33,132,0,0,268,0,395,198,153,107,42,109,19,49,0,1093,129,0,0,0,497,0,197,156,150,381,0,0,90,121,144,54,0,410,0,85,63,67,408,143,243,274,213,392,32,0,30,105,68,92,72,235,49,794,189,59,64,0,227,89,38,71,125,99,413,284,261,76,124,59,100,45,45,119,75,54,0,0,264,159,83,49,535,46,0,204,24,0,132,283,0,78,162,295,75,31,0,192,55,84,35,31,260,1502,175,33,71,245,33,44,49,54,315,0,47,102,71,91,102,85,215,61,0,67,0,51,44,66,193,174,104,76,76,0,61,85,116,135,71,0,403,0,38,140,50,83,108,71,510,140,118,22,152,0,45,88,92,119,378,125,0,0,304,212,182,109,54,119,233,77,257,33,41,1183,92,532,78,299,248,233,181,474,0,90,83,56,180,98,142,0,0,916,103,147,0,61,45,0,643,0,66,71,924,0,83,319,118,172,112,551,47,333,354,114,99,915,71,521,51,324,0,90,284,0,244,178,274,65,110,0,41,116,100,57,203,187,51,95,0,217,249,341,0,90,119,0,154,20,0,76,91,0,75,0,267,225,0,105,0,0,50,0,169,559,86,163,302,0,0,22,74,359,415,0,0,137,352,0,42,112,223,86,0,343,390,0,67,444,87,80,215,454,176,295,333,0,94,0,26,0,337,37,123,128,0,50,204,88,0,0,371,94,176,97,250,44,160,201,223,0,0,1566,110,492,22,156,135,0,274,40,0,85,105,689,126,209,463,129,333,0,49,0,219,151,67,0,50,94,61,51,58,606,215,52,176,50,0,234,180,0,0,115,58,1731,68,0,67,56,0,102,150,145,199,103,165,41,108,292,359,58,47,460,65,203,35,77,156,55,0,41,423,0,110,0,102,64,180,82,80,85,289,59,0,63,52,172,174,152,28,289,58,110,201,767,2234,152,236,75,234,281,94,189,0,196,147,131,33,590,101,178,106,97,65,34,361,121,0,525,306,0,166,294,122,311,97,228,127,260,63,77,38,198,137,115,573,0,642,267,0,537,0,0,112,52,29,170,81,1027,0,24,37,424,28,0,465,77,0,142,27,137,78,169,222,204,910,93,0,978,85,388,0,49,0,136,71,43,39,354,53,157,0,41,80,0,252,301,35,56,132,107,424,351,73,82,138,119,67,0,1172,97,0,25,247,176,82,59,31,62,161,39,168,106,91,77,0,134,0,0,411,159,85,128,76,118,0,977,40,49,0,51,0,0,31,70,341,0,55,245,292,41,115,50,0,0,344,219,114,44,310,968,83,0,84
38,0,0,0,0,24,32,27,0,43,0,98,0,0,0,196,209,123,0,0,0,101,45,49,80,43,0,4,63,37,0,0,0,0,0,86,140,0,0,207,105,22,44,0,242,0,0,0,190,0,178,59,0,0,0,61,37,0,0,0,0,111,0,258,0,37,85,0,0,30,106,0,48,49,0,148,0,0,218,67,87,0,0,162,249,56,0,0,51,60,69,55,0,0,58,0,0,0,0,0,0,0,0,76,0,0,82,0,93,35,298,0,0,86,111,0,0,125,0,0,236,0,112,0,32,0,0,0,0,0,79,0,92,0,91,41,0,36,0,44,172,52,173,196,0,0,79,50,50,77,0,27,82,0,61,93,0,0,0,202,189,0,0,48,32,128,37,0,91,209,275,58,0,0,0,0,33,0,0,0,57,148,0,0,0,95,41,158,39,0,0,0,48,0,100,0,71,0,0,88,0,0,168,23,431,0,0,0,48,48,154,202,0,79,0,78,77,105,0,0,78,232,0,0,63,0,0,73,197,0,70,0,0,0,0,0,0,43,115,56,0,92,0,0,29,0,66,0,0,0,30,78,81,37,211,0,0,0,0,56,144,94,47,0,0,0,0,66,72,332,39,0,104,0,45,33,81,0,1065,100,74,0,74,163,60,37,0,326,1952,119,49,0,0,0,0,51,0,19,37,26,0,44,64,0,0,253,176,194,0,58,57,247,141,0,0,0,26,230,87,0,0,54,0,72,250,102,83,24,0,0,148,0,62,236,0,63,0,0,0,0,0,0,0,63,105,45,0,0,64,1398,210,125,0,242,268,0,0,111,223,185,0,89,68,0,169,246,538,108,97,46,145,94,73,72,65,214,294,0,0,363,143,39,0,55,85,644,88,64,83,0,0,65,0,0,56,34,472,55,0,227,0,42,265,26,66,165,40,0,71,26,256,0,44,0,0,0,67,102,530,179,37,106,64,0,132,86,219,70,321,100,0,0,0,0,162,0,34,0,0,33,0,0,188,143,253,54,177,133,0,107,0,0,238,0,90,0,42,74,0,0,0,29,340,172,0,41,38,73,0,38,65,0,198,64,60,105,144,78,249,65,74,0,436,299,262,0,14,42,78,294,123,0,0,209,0,48,193,107,100,0,0,165,42,1080,101,41,0,117,80,0,143,45,0,0,0,26,289,177,152,132,146,0,0,62,76,0,0,53,118,0,95,0,0,0,111,93,0,0,0,166,65,98,161,19,0,0,160,0,48,240,100,27,27,77,66,71,0,103,118,46,112,268,0,0,56,449,33,31,32,102,363,180,0,0,0,24,0,206,64,0,180,98,152,0,248,0,298,524,77,55,34,250,0,0,0,0,0,214,0,55,55,0,61,70,48,110,101,128,39,24,0,48,87,27,179,0,0,46,0,40,0,54,0,48,26,47,106,0,0,168,152,0,75,0,0,55,122,42,0,0,6,0,268,0,0,425,38,94,37,281,155,0,0,131,296,0,105,50,0,135,116,30,70,0,0,264,110,131,26,69,91,44,95,0,94,0,98,42,109,0,29,49,136,41,201,47,79,45,143,0,83,36,40,0,96,43,105,0,411,0,0,99,0,83,141,64,0,0,156,74,53,368,129,0,0,43,0,110,0,43,166,48,78,1139,162,536,125,86,0,0,89,53,0,0,199,0,0,70,404,76,251,40,366,150,0,185,0,0,87,0,0,34,49,0,75,28,0,58,0,0,24,116,46,52,0,0,0,40,0,84,276,131,70,46,0,357,27,38,54,48,293,0,91,0,0,0,70,195,148,229,0,0,65,22,0,83,0,64,0,54,68,0,59,42,396,88,153,72,73,0,58,31,144,142,61,161,0,37,0,43,93,0,174,0,53,22,99,65,0,254,449,18,0,0,0,11,58,88,0,0,0,47,110,0,268,58,0,134,46,33,99,0,205,0,0,0,268,166,62,277,0,0,43,12,0,40,29,0,55,0,0,0,0,0,304,292,39,0,0,0,93,64,187,0,85,71,0,110,0,44,36,186,0,92,180,220,399,34,0,0,0,51,0,65,0,0,0,160,124,145,125,0,0,0,51,693,51,87,80,0,128,59,77,0,26,115,27,0,0,0,40,0,0,22,34,44,31,81,46,0,32,86,0,56,0,92,0,0,58,0,58,0,61,81,56,0,36,0,0,0,0,87,42,0,171,57,0,204,43,346,38,0,0,114,67,0,0,490,0,0,67,218,0,0,79,87,425,48,256,0,1064,0,50,0,47,0,0,0,0,96,69,20,115,0,0,129,0,68,422,124,36,39,0,0,28,185,496,342,62,43,0,34,62,0,44,0,162,83,0,0,0,39,48,0,0,98,0,101,493,99,188,100,143,0,73,0,133,158,42,0,0,0,0,60,396,0,140,40,151,58,0,160,80,0,48,652,341,97,241,0,152,66,64,86,19,28,0,49,0,0,0,68,0,66,490,0,0,16,0,29,41,176,42,136,0,59,59,0,0,27,72,62,0,0,0,81,98,0,0,99,71,121,40,192,0,71,365,80,0,202,50,75,74,0,38,0,0,123,44,199,0,0,74,715,0,0,0,178,113,0,43,0,47,0,0,52,53,130,0,40,91,58,103,88,198,0,0,66,97,0,48,61,303,118,79,160,75,0,77,74,61,0,0,97,152,0,78,177,133,0,0,0,0,0,0,198,341,0,36,67,0,204,123,0,227,0,0,0,0,74,23,0,0,62,169,43,52,129,36,0,270,0,34,119,202,51,21,65,0,60,0,0,0,0,0,0,0,0,0,58,0,0,0,129,128,0,57,33,0,37,48,120,0,103,137,0,121,0,80,0,0,35,0,49,94,27,132,0,0,61,0,80,156,45,159,35,0,56,0,169,327,178,0,33,0,0,376,51,54,0,163,66,65,0,30,0,0,0,61,0,76,81,53,92,0,0,59,54,47,69,0,300,102,0,59,162,0,67,181,219,0,48,200,0,0,36,0,523,153,40,240,0,0,1416,0,149,0,110,90,0,834,0,44,193,67,157,0,93,105,0,0,72,98,0,63,107,0,0,0,210,0,68,0,166,84,0,0,0,0,62,0,58,30,137,0,0,0,1003,273,0,337,0,0,207,153,41,0,88,0,289,46,0,31,60,0,433,29,80,0,364,0,456,182,0,253,32,0,0,0,0,224,185,0,99,95,238,38,276,0,155,0,96,178,0,42,112,122,40,144,0,36,126,66,47,46,0,96,220,47,466,270,98,122,179,69,40,219,49,0,218,0,39,85,0,48,15,152,30,96,226,109,0,0,148,46,64,0,96,0,203,240,0,28,114,0,110,0,0,54,138,0,126,109,64,175,40,0,25,40,125,71,52,44,296,223,109,141,63,60,51,0,33,139,0,145,487,0,0,0,235,59,59,0,0,0,0,0,0,93,90,42,0,37,86,41,198,0,0,200,0,31,133,0,0,0,100,0,0,99,62,33,0,0,0,0,135,0,0,0,361,53,0,0,148,98,32,53,118,79,103,0,0,58,349,0,203,0,0,41,204,0,79,100,123,46,0,93,890,0,0,138,99,0,67,60,122,0,144,57,58,78,0,0,192,0,74,345,0,118,52,0,0,137,34,55,74,0,0,256,0,25,0,0,37,67,0,0,202,101,0,0,47,0,99,0,0,186,98,47,0,46,0,282,13,0,45,0,48,58,0,157,333,39,52,50,0,0,0,0,63,0,46,213,148,0,184,203,0,53,0,74,455,0,0,50,90,159,0,98,0,0,31,0,54,0,63,0,141,164,65,73,79,0,85,0,177,0,32,0,122,0,819,160,43,0,35,82,110,0,81,30,93,43,84,97,0,174,0,124,0,0,29,66,0,193,191,0,0,594,68,0,0,177,90,0,33,107,53,16,0,0,43,0,174,96,114,342,57,0,202,0,0,97,0,44,224,0,0,33,0,0,183,0,0,0,491,0,352,0,0,59,0,202,210,190,0,64,0,276,39,418,24,0,0,64,0,66,0,91,35,35,0,0,47,33,0,0,34,0,0,258,0,0,0,0,0,0,0,115,0,382,0,58,63,0,0,44,66,0,318,261,75,153,0,0,138,116,84,0,137,0,44,0,0,126,197,77,0,126,0,0,530,0,79,49,93,80,452,273,39,300,174,83,38,60,0,213,314,173,72,208,0,82,51,29,50,68,0,59,44,35,95,80,60,145,234,149,108,69,0,51,0,0,176,0,75,142,680,0,0,64,43,48,609,101,73,106,103,0,121,207,0,0,94,168,71,99,0,267,35,72,27,60,0,78,57,106,0,0,0,176,117,64,191,255,211,0,0,88,232,0,0,137,90,0,0,109,49,165,220,0,101,83,0,0,807,53,0,413,38,0,0,54,114,113,0,214,94,331,0,114,26,105,0,58,144,0,232,196,69,153,73,156,100,611,154,111,0,0,61,201,314,134,104,179,78,0,0,219,146,192,22,380,183,65,0,0,38,91,319,228,284,292,0,0,30,0,0,0,121,0,0,129,0,224,0,76,217,0,0,0,0,39,228,0,120,166,97,132,168,0,78,345,31,0,0,0,124,484,0,166,52,59,0,0,215,93,258,281,175,90,223,156,0,45,0,0,156,132,335,0,22,0,136,152,38,128,21,30,260,0,334,0,381,0,41,0,123,0,24,138,165,34,0,76,62,0,152,0,1016,0,0,0,0,0,0,494,111,111,190,858,0,0,83,0,36,165,0,49,0,73,181,0,102,0,0,146,394,53,0,80,0,39,64,118,125,57,178,59,31,464,73,134,36,73,52,77,0,0,55,80,0,65,79,54,51,60,71,41,0,0,239,168,79,0,65,0,88,73,96,52,167,0,0,114,0,52,90,140,504,138,458,185,0,0,0,0,43,77,75,0,45,247,265,0,127,182,181,75,0,129,0,47,48,61,88,0,17,71,43,334,326,0,98,126,0,81,0,0,0,33,219,102,433,76,117,100,0,94,130,0,141,76,66,0,50,134,48,122,67,0,0,81,0,137,99,106,229,98,0,89,51,68,53,0,92,206,0,404,0,0,321,194,71,45,198,54,0,619,0,99,75,0,90,23,65,93,49,0,87,26,68,0,32,142,0,87,0,0,318,94,48,260,115,36,0,95,0,0,0,0,49,242,74,300,85,99,0,0,0,56,125,144,29,0,0,80,156,87,0,46,54,71,412,0,0,75,163,0,108,46,195,0,32,172,73,0,28,0,0,251,0,52,198,65,147,209,0,0,0,0,207,0,267,53,95,71,64,99,63,84,247,0,100,59,0,145,68,310,86,163,218,0,0,139,51,37,0,0,241,0,29,0,188,0,469,62,0,66,79,0,147,94,64,292,114,112,0,0,0,207,0,210,245,253,52,200,0,0,38,24,150,48,0,0,0,169,30,123,170,0,126,88,0,0,0,0,0,96,0,0,0,0,0,48,903,36,0,69,98,0,0,97,29,180,0,0,149,135,0,29,92,0,0,120,0,343,44,51,0,26,0,0,0,0,385,0,0,0,0,236,0,147,91,122,436,0,0,0,81,94,55,0,134,0,0,30,67,255,92,476,114,0,257,18,0,0,27,19,64,57,60,0,880,134,48,21,36,101,63,0,130,70,0,330,106,116,51,51,42,42,68,44,124,0,31,0,48,110,0,88,0,162,0,0,155,26,0,101,179,0,74,56,131,80,32,0,87,65,98,0,0,190,1368,21,0,0,83,0,0,0,104,400,0,87,125,38,58,0,0,195,68,0,68,0,0,51,0,65,71,0,0,54,0,72,87,135,99,28,0,237,0,0,125,44,0,45,61,240,158,236,27,74,28,23,127,99,136,224,88,0,0,147,37,154,115,67,67,131,0,0,0,40,825,72,386,91,118,0,184,139,276,0,63,0,0,50,0,35,47,0,790,66,39,0,0,40,0,176,0,0,0,325,0,51,191,72,50,0,150,39,270,229,20,73,850,0,484,112,222,46,32,71,0,99,106,35,85,96,0,0,70,134,0,74,65,0,163,0,206,305,36,0,96,109,0,270,0,0,87,35,0,86,51,152,293,20,177,0,0,40,0,0,245,0,53,75,0,0,0,104,112,139,27,0,141,195,50,56,117,155,61,0,112,181,59,0,245,38,69,164,205,206,202,81,0,0,0,14,0,230,0,72,99,0,128,45,67,42,23,151,42,75,72,317,120,82,121,89,0,0,639,144,387,0,174,60,0,107,40,0,69,111,450,254,75,252,209,238,0,0,0,127,61,0,54,75,42,52,39,0,492,368,0,109,31,0,92,130,0,0,43,0,742,91,72,19,0,54,0,118,85,75,78,241,75,0,79,453,33,0,894,77,176,60,77,123,40,0,0,149,0,81,0,85,45,139,61,0,0,205,36,46,28,136,119,78,272,0,59,26,64,144,868,842,72,97,145,239,140,58,86,0,140,86,102,55,296,262,193,246,56,93,0,0,131,0,244,184,0,75,144,67,578,0,60,70,211,40,45,0,53,64,85,273,0,813,74,0,129,0,0,0,95,0,62,50,606,0,0,91,193,0,0,94,0,0,96,0,146,0,53,180,160,1149,148,0,357,103,263,43,194,25,147,76,51,39,312,59,272,0,35,184,50,0,108,65,43,424,76,391,482,47,0,91,72,40,0,935,135,0,0,51,81,75,65,0,0,104,0,88,38,140,74,0,115,0,0,136,157,49,209,0,28,0,676,37,0,0,0,0,0,0,107,210,0,38,211,364,0,143,23,27,57,162,95,41,0,198,330,44,67,56
39,66,184,100,280,262,581,424,55,641,88,1538,159,155,114,1178,1994,1720,209,314,133,2157,358,533,488,1005,111,199,583,240,164,181,417,47,398,993,958,115,507,1463,887,360,330,156,1557,70,660,334,2246,121,1261,449,735,813,326,1133,265,104,72,292,77,1021,584,1324,251,477,1200,358,161,210,2251,62,282,342,99,2490,816,167,2646,206,891,100,256,973,1778,351,345,131,438,244,1425,542,343,546,835,229,385,95,380,223,40,163,274,862,193,182,462,321,597,512,2265,413,682,952,1429,558,414,1275,297,170,1818,275,1813,274,178,298,249,271,532,235,1212,123,1971,156,411,850,1212,695,753,593,1311,509,673,1837,76,187,372,347,639,926,97,229,883,418,739,657,140,727,315,1169,1325,432,160,953,517,493,253,190,1122,1637,2226,1241,277,394,190,393,253,630,1303,373,197,1400,108,387,242,457,422,4309,2180,84,124,100,627,585,831,205,604,238,143,789,193,677,826,252,3377,243,422,201,203,914,1023,1255,291,490,196,1164,472,788,135,226,1009,1767,292,118,1939,159,90,728,2053,164,929,207,202,290,191,125,296,464,1680,295,168,564,393,386,465,108,964,135,456,87,422,326,1825,525,1435,296,443,101,255,397,1905,1382,766,269,473,150,106,3399,1053,3108,246,155,1605,2246,646,569,636,123,5302,1857,549,140,881,1286,881,525,353,2336,16456,630,545,217,1352,153,125,482,137,402,514,560,431,165,635,250,182,2332,996,1091,237,655,638,3564,840,79,99,294,487,1434,623,373,283,291,95,218,1728,771,378,1105,129,290,2389,67,627,496,623,494,201,185,167,585,132,363,171,462,812,217,99,100,635,7244,1039,743,219,1040,2687,102,427,701,2428,1376,467,578,632,255,824,1773,2794,1116,495,234,798,276,518,261,768,1147,1226,62,29,1385,522,415,356,367,300,5107,526,726,643,145,198,288,4463,168,457,256,2456,382,1106,1835,131,290,1353,126,285,798,276,271,378,224,1037,93,545,195,49,137,1348,524,1442,1844,122,918,535,213,785,738,503,376,1268,238,102,183,486,106,1124,126,263,489,216,1124,131,169,2611,966,1532,848,1480,481,220,260,151,63,986,110,474,195,315,383,82,202,1783,260,1084,1147,182,254,167,507,204,190,300,254,1510,822,390,468,1277,1803,1438,919,937,442,1068,1382,910,92,58,491,996,1662,1130,626,204,1269,486,470,1464,816,1823,257,37,1172,369,4901,591,650,1480,561,338,96,464,299,122,272,191,130,1405,474,648,966,915,363,1736,2105,704,139,423,498,1328,212,400,120,71,132,693,596,204,120,45,1183,265,903,2196,207,201,107,889,273,398,1718,1000,792,239,433,362,291,151,281,451,398,997,2428,0,375,517,2171,424,147,121,349,1273,1459,302,87,179,178,91,958,195,421,1447,1197,630,135,1720,151,1341,3510,409,228,339,3003,40,592,204,181,108,1066,215,395,231,240,375,633,463,872,407,1024,429,399,109,174,1354,2067,808,155,448,661,145,432,204,220,52,184,431,189,430,260,0,1299,1102,193,234,355,220,239,369,694,143,38,109,115,984,114,143,1207,145,545,166,1358,1269,232,100,364,3847,59,412,281,370,1019,494,417,391,78,199,1015,270,559,155,356,1607,227,727,136,1482,295,330,414,1625,182,173,228,449,421,882,221,470,364,739,61,724,242,473,87,392,261,824,126,1667,82,143,456,80,514,580,267,213,499,1033,452,167,1327,1600,96,100,130,108,351,1161,514,1203,492,966,4488,1672,1936,740,566,37,61,776,520,264,248,687,102,100,193,1404,656,1698,298,5648,724,0,724,166,74,753,0,195,434,231,215,979,0,113,280,93,171,249,793,178,352,103,658,50,406,101,991,949,1165,362,159,266,1044,351,290,197,351,937,235,570,139,97,102,530,655,628,1918,41,0,361,222,79,250,62,640,289,405,419,260,297,321,1718,408,649,525,795,119,449,134,1589,1424,228,1595,112,190,228,421,893,123,1573,332,234,285,718,358,154,1083,1196,88,174,338,159,79,502,503,180,60,0,387,2392,90,1196,363,49,588,483,195,796,126,871,173,200,87,3137,1024,549,2067,250,271,126,1107,221,391,200,0,309,120,136,221,140,306,1218,1417,227,139,0,328,253,509,610,229,361,577,96,632,63,208,420,1282,174,583,1455,601,2011,302,208,395,500,1476,0,240,56,280,235,828,901,985,970,272,524,290,328,3053,489,433,579,66,909,1032,478,155,172,502,587,132,164,503,268,234,237,94,212,359,225,416,590,121,137,717,83,891,191,1123,85,211,405,323,426,48,468,504,435,102,291,213,2066,111,199,288,238,398,1528,570,139,600,350,2540,284,274,107,1315,582,249,72,2640,284,0,334,1308,118,84,480,560,1595,191,1629,96,3761,435,212,440,259,104,167,0,70,494,444,215,838,104,169,1158,449,429,2000,1056,329,338,51,512,260,1350,3499,1684,513,376,108,172,408,184,328,35,1666,553,265,95,141,352,250,306,191,1200,100,1119,4829,375,760,361,758,651,541,272,1052,1050,312,73,454,23,248,240,3192,44,575,747,429,626,0,1565,354,419,558,2534,2731,976,1514,95,1380,393,361,1185,82,409,163,207,82,218,55,482,43,358,3447,195,155,236,428,327,268,997,402,833,587,234,183,225,60,115,334,191,1005,100,201,311,744,230,0,308,543,690,536,2269,142,422,2892,492,0,1921,140,677,1167,355,185,39,229,630,290,1676,56,88,865,2794,82,123,147,771,693,54,305,78,388,197,192,159,463,1302,514,345,518,697,947,406,1071,56,349,251,1512,304,254,522,1582,1296,1380,411,628,109,1456,317,512,114,160,602,720,147,580,844,792,275,348,207,49,105,416,1172,2360,221,207,544,131,2076,721,0,982,350,179,317,105,186,65,280,310,303,488,106,358,716,237,88,3003,138,171,387,361,200,387,451,123,435,382,90,141,261,156,150,248,165,70,954,56,55,306,1023,326,285,328,105,41,540,158,819,115,364,310,133,318,59,313,98,180,103,240,132,373,88,539,98,84,474,88,259,531,122,354,205,35,267,196,563,840,990,96,261,57,148,1323,440,241,121,478,445,150,112,494,340,91,185,206,113,524,331,231,479,56,78,375,267,156,426,188,1975,317,58,166,631,314,120,1059,605,233,133,619,109,611,193,144,1327,922,336,957,143,97,3267,345,540,0,329,309,161,2448,0,301,567,183,475,73,940,506,103,43,125,355,126,142,1142,149,180,154,639,137,646,69,619,574,254,164,114,227,333,221,148,298,882,86,38,142,4884,1621,214,913,302,325,527,920,310,205,388,147,945,358,167,344,297,92,1161,170,605,427,2388,76,1476,514,46,1237,196,65,139,180,92,509,328,176,447,489,626,298,824,154,932,111,310,496,30,140,862,347,169,642,364,153,295,480,570,840,183,357,630,110,1698,873,357,470,1047,210,249,467,223,69,1964,42,97,794,34,71,98,883,91,424,770,232,408,191,831,366,608,646,553,52,662,750,110,192,459,142,359,227,262,250,577,0,576,315,760,803,163,335,107,148,940,191,272,118,2083,861,507,352,187,348,331,85,230,1033,215,940,1505,168,51,122,585,271,337,285,182,54,285,55,48,392,1228,466,68,143,468,213,1063,98,260,416,205,161,682,54,90,122,584,355,48,857,406,104,118,263,44,64,723,75,538,56,990,814,211,86,1085,839,231,160,1003,390,531,55,115,278,1730,0,1113,73,150,265,534,87,132,305,1152,320,246,609,4021,69,0,763,239,73,262,585,1032,96,349,266,344,401,169,84,1122,68,189,1737,0,702,223,183,295,697,74,278,225,382,120,1293,157,221,52,119,77,368,68,260,1284,1219,313,102,149,336,314,388,95,855,290,267,190,185,171,2343,251,249,267,88,176,353,97,1001,860,358,263,316,196,707,199,91,333,459,219,472,813,164,905,1122,378,396,175,288,2486,133,94,264,329,1205,93,448,70,64,98,2382,251,169,305,118,1154,298,413,166,516,190,430,117,1412,0,138,88,1380,179,2121,668,372,210,126,720,687,228,635,134,510,198,503,368,454,400,74,290,93,415,89,282,135,433,1462,43,75,3164,135,55,80,689,679,138,187,734,460,165,168,86,101,160,1019,551,665,3669,397,410,712,55,73,346,125,368,1151,49,89,196,58,117,683,86,77,399,1113,119,820,102,168,193,139,889,918,773,649,343,130,927,338,1840,90,143,107,815,81,1359,267,341,389,353,148,0,182,82,179,55,409,96,304,1805,323,244,96,53,0,148,215,488,52,2868,126,285,330,45,105,327,327,0,614,559,105,803,245,115,417,431,630,50,460,228,245,231,83,346,623,286,99,558,67,0,1534,80,363,146,285,562,1444,1344,179,856,378,172,71,180,138,450,1596,332,360,1189,117,257,277,79,137,152,151,213,284,65,484,444,309,466,702,495,269,491,268,101,117,98,482,116,332,561,1257,176,272,421,198,143,1759,533,179,388,711,83,1185,466,75,175,353,1465,388,452,51,629,307,343,161,139,119,295,458,848,78,176,69,808,307,468,581,525,781,107,69,229,797,86,0,268,282,133,90,205,169,809,1625,160,415,437,95,42,2284,109,140,3084,185,201,57,159,304,265,51,1939,380,1838,50,334,162,217,82,108,640,121,621,503,307,321,851,283,363,1766,341,415,45,139,358,413,999,815,306,387,1560,94,110,1069,512,839,212,920,581,354,98,39,144,277,1256,1357,681,861,304,88,315,122,78,75,575,107,50,757,33,700,43,167,919,125,67,114,41,342,480,175,220,720,389,884,639,127,132,1354,320,136,61,69,872,2185,82,272,93,338,220,50,478,202,545,1236,286,329,455,508,154,153,44,192,591,452,1131,76,190,104,459,384,287,799,90,100,834,72,600,60,1037,133,348,127,376,113,66,349,773,93,117,297,1830,300,567,69,4598,127,246,49,51,38,40,1375,307,509,451,2362,133,59,266,66,227,641,314,199,238,217,542,149,433,153,204,651,752,154,514,167,354,106,298,279,747,350,870,312,166,2238,367,414,233,268,397,300,152,78,78,301,0,247,273,406,183,739,738,105,84,76,763,584,242,0,116,91,380,544,275,410,509,77,111,218,53,383,298,434,1919,837,1820,615,0,71,134,90,159,520,173,80,275,751,2146,187,829,447,438,1021,62,381,32,137,165,171,343,119,135,408,83,985,1531,59,378,305,96,340,0,107,294,226,771,322,1213,222,186,294,161,734,644,27,540,273,252,201,233,687,169,511,269,57,461,221,58,375,746,279,1327,512,132,245,314,191,284,105,442,539,55,626,83,54,771,534,230,220,490,118,68,4624,53,522,230,108,313,111,202,440,183,55,247,83,244,128,215,624,47,408,106,165,1644,263,300,883,258,207,35,188,426,64,232,89,213,557,432,1161,851,273,43,67,235,294,462,213,296,107,66,397,275,314,47,507,256,222,1209,64,0,328,562,128,621,451,911,111,157,428,154,144,90,51,115,621,58,190,767,173,756,967,76,242,28,54,629,91,436,375,349,909,200,976,228,319,753,48,494,301,134,398,350,718,535,413,631,147,62,598,341,170,75,144,535,110,77,234,480,326,5134,279,45,197,288,163,576,505,302,973,209,431,160,151,70,448,82,781,1180,553,149,762,73,36,299,167,311,391,75,0,98,409,368,418,388,203,643,861,76,48,37,134,58,343,296,76,123,251,63,198,5074,97,77,1607,250,426,69,614,123,1162,222,53,882,353,46,115,506,77,0,583,108,1164,438,245,258,115,243,146,113,84,1171,269,58,64,49,1503,53,450,413,542,644,65,83,199,292,444,132,50,1313,0,170,241,168,1182,464,1051,676,436,1034,78,130,114,208,118,228,219,557,86,2912,930,151,183,122,604,281,97,287,210,256,754,638,573,168,304,97,216,284,99,318,185,108,0,149,498,329,345,132,1253,97,0,418,104,41,375,692,0,234,320,661,209,151,0,531,320,259,65,89,523,3429,476,47,138,622,104,227,81,279,899,115,287,650,161,139,171,225,978,179,0,107,111,165,125,162,180,433,208,158,229,55,315,285,357,492,135,164,1118,58,124,263,163,154,254,212,1295,458,470,194,363,81,170,291,198,424,1500,297,36,36,688,392,430,371,154,353,507,301,444,109,133,2357,383,1309,174,676,414,550,506,722,39,326,209,94,417,293,218,122,71,1729,239,452,37,108,256,48,1392,41,82,161,2832,48,153,735,202,411,225,1338,87,251,1017,309,233,3110,128,1675,245,884,81,185,626,143,212,366,624,242,310,60,83,272,432,43,584,323,183,347,43,744,714,761,84,329,344,0,590,70,86,244,195,247,149,267,715,798,105,388,43,65,244,83,436,1070,168,292,759,62,166,70,237,742,831,87,116,301,701,113,238,199,615,148,47,594,325,147,114,738,345,332,316,624,858,745,378,58,112,43,0,110,780,119,246,188,0,444,433,112,142,52,753,67,302,237,427,262,551,423,418,0,49,2679,429,1701,128,398,214,47,214,142,39,99,412,900,727,144,719,550,673,84,273,79,396,197,166,114,127,79,160,174,135,1078,968,147,313,120,64,652,470,0,54,158,134,1381,371,203,46,81,155,419,308,228,268,201,534,157,333,580,1694,155,75,1765,407,376,167,163,346,124,0,87,1644,0,165,0,166,181,288,170,58,182,438,161,130,68,271,462,156,540,79,313,39,209,491,1549,3604,204,262,309,553,1074,256,582,104,452,223,449,176,346,518,503,696,202,233,0,366,358,0,649,628,57,146,399,522,1264,126,827,98,861,185,162,53,291,92,366,646,68,3733,574,81,1875,0,0,292,243,80,214,255,1535,77,0,187,489,54,0,590,115,31,350,67,327,73,422,506,629,2051,495,92,1630,223,902,135,544,61,296,306,134,127,679,211,641,150,56,355,157,419,1517,176,134,994,222,1181,1501,123,122,260,130,131,43,3271,741,37,118,277,488,252,118,74,139,137,96,354,242,428,115,44,286,0,0,1093,453,144,683,141,291,63,2101,58,70,129,53,52,53,73,279,916,48,224,385,1049,188,419,305,73,93,280,399,242,68,258,1507,239,153,246
40,0,0,0,0,0,45,0,0,100,0,170,0,0,0,56,166,306,0,0,0,301,0,0,0,113,0,34,0,0,0,0,11,0,53,0,98,0,88,176,91,0,0,0,136,0,30,0,389,0,44,0,28,0,0,269,0,0,0,27,0,114,136,62,28,36,33,0,0,29,51,0,0,0,0,205,95,28,217,0,59,0,46,53,129,0,0,0,0,0,304,45,54,129,116,0,0,0,39,0,0,0,0,0,0,0,0,19,0,0,355,0,55,84,0,23,24,29,0,32,126,0,194,0,0,0,0,58,81,0,102,0,355,46,0,47,168,67,50,58,140,0,31,295,0,0,0,27,53,0,0,0,68,52,170,42,19,43,46,168,189,77,0,68,0,48,0,47,123,183,174,130,0,56,0,79,0,38,227,50,27,86,0,33,0,0,0,373,247,0,0,0,39,38,56,0,152,0,0,80,0,97,80,0,561,0,0,0,0,97,88,134,0,0,29,90,0,50,0,0,261,121,59,0,349,0,0,69,0,0,67,0,0,0,0,0,0,0,110,48,46,47,51,0,0,0,78,0,77,0,0,0,348,108,94,0,24,0,0,0,0,175,65,78,40,0,0,361,149,380,0,0,60,388,40,70,0,0,53,132,51,0,84,136,69,0,58,222,979,43,80,0,321,0,27,61,0,0,97,47,26,0,112,0,27,452,149,112,0,76,68,261,85,0,0,50,0,32,197,74,0,55,0,50,143,225,28,142,0,0,225,0,98,63,137,127,27,0,0,73,0,51,33,82,46,52,0,0,81,1292,235,80,0,159,598,0,0,97,413,137,108,75,126,0,159,247,207,190,108,0,127,89,44,0,0,171,249,0,0,242,84,62,50,0,79,298,46,130,50,0,0,43,537,33,83,40,529,61,141,162,0,0,153,0,50,154,43,49,48,50,67,0,66,48,0,17,163,125,160,30,0,160,103,0,52,191,39,0,255,41,0,0,69,0,96,0,43,95,0,186,0,0,433,0,99,159,279,155,63,50,0,0,179,0,120,0,0,62,0,0,230,69,163,119,0,0,38,14,60,31,26,83,307,47,68,82,81,169,215,80,115,47,100,230,154,0,0,73,133,243,71,61,0,104,55,0,0,54,251,0,0,266,29,645,0,139,188,99,0,0,55,64,29,31,0,16,169,56,125,0,84,72,216,324,148,0,67,121,456,0,83,0,20,0,110,91,0,0,0,0,0,286,184,59,0,0,106,25,69,473,92,111,0,59,67,32,0,69,90,76,339,423,0,35,0,388,49,0,0,0,166,116,0,0,59,0,0,164,0,60,114,180,119,0,507,28,225,298,81,0,27,575,0,63,0,0,0,182,39,0,48,26,98,90,70,219,39,116,38,62,0,43,182,212,69,0,121,93,0,72,0,0,0,37,61,0,106,0,0,206,193,0,0,39,26,38,0,33,0,0,0,0,93,0,0,98,0,59,0,145,39,0,0,0,236,0,127,0,56,213,0,32,80,0,42,69,0,75,61,99,290,48,200,17,359,0,38,85,364,0,28,42,104,70,191,0,69,50,160,0,151,51,0,0,99,0,258,0,407,0,24,0,0,57,62,0,76,78,165,139,0,81,163,0,0,0,0,77,200,85,368,77,146,971,240,351,200,56,0,0,99,41,0,58,40,0,0,0,90,126,233,40,875,94,0,75,0,0,126,0,34,0,0,0,138,62,0,51,0,0,0,131,60,68,0,117,0,0,0,112,62,135,0,0,44,119,0,30,57,102,248,0,44,0,0,0,0,0,143,303,0,0,81,44,0,63,0,91,45,54,93,0,72,34,233,120,167,156,95,0,0,0,174,337,0,43,0,0,50,0,57,0,98,53,59,57,83,96,0,102,103,0,0,91,24,0,65,116,0,0,0,39,274,0,287,0,0,40,64,57,51,0,81,0,0,0,543,165,94,468,52,38,0,197,0,0,63,0,46,0,0,0,40,0,128,167,0,0,0,19,23,0,0,49,39,65,0,0,0,65,0,86,0,60,174,165,302,57,0,0,0,264,0,73,0,35,0,380,425,101,81,34,65,0,0,238,88,69,116,0,63,115,54,20,39,43,74,44,0,0,0,57,0,0,104,65,89,165,76,0,51,66,0,131,0,110,39,37,46,66,111,0,49,166,0,0,38,45,111,0,37,43,29,41,183,74,0,51,107,430,0,36,0,73,0,0,0,387,21,0,0,240,0,0,114,74,398,0,608,0,1652,81,53,50,0,0,65,33,0,100,97,0,55,0,0,77,68,61,185,119,52,45,0,38,0,139,861,123,85,44,0,0,110,54,87,0,78,92,0,0,0,112,31,30,96,46,0,154,351,68,127,0,89,0,50,0,142,145,91,29,0,0,85,134,195,0,59,58,201,163,0,471,91,72,0,133,579,162,149,0,110,0,43,82,0,74,59,24,0,27,0,56,0,0,589,47,0,0,70,35,83,151,0,64,59,0,0,0,0,0,0,0,55,0,56,61,77,38,0,85,52,348,80,328,0,0,60,0,0,268,65,80,44,0,112,0,28,90,59,232,0,0,58,449,0,0,0,72,60,0,0,0,96,0,0,33,0,302,103,39,30,102,130,111,77,0,25,62,212,0,0,120,106,89,289,0,96,0,145,93,89,0,0,60,99,0,84,283,170,48,65,17,0,0,93,227,323,54,0,106,59,403,261,0,278,0,0,70,0,73,0,0,49,81,82,44,0,136,54,0,375,0,0,110,83,41,69,43,0,87,0,0,0,45,0,0,71,38,0,224,0,0,0,65,87,72,114,35,0,0,23,185,0,155,73,0,81,0,79,0,52,51,0,33,62,0,0,0,0,56,29,43,73,0,197,0,0,95,0,102,197,147,0,51,32,44,172,30,48,0,108,0,0,0,94,70,0,0,56,0,67,70,27,0,0,29,101,0,0,67,0,224,73,0,33,113,64,0,117,237,40,36,155,0,77,35,0,362,191,85,141,0,0,779,44,147,14,89,53,31,269,0,79,124,80,194,0,150,114,0,0,33,46,0,74,139,0,0,0,115,0,57,0,138,70,0,0,0,26,29,44,0,0,131,0,0,0,778,335,44,400,31,60,209,130,56,36,55,0,242,0,0,0,92,0,296,0,73,58,229,0,407,105,0,125,47,0,0,0,0,105,109,0,184,106,0,30,126,0,193,0,133,93,0,40,135,67,27,77,56,0,88,59,0,0,0,59,137,0,338,171,71,90,143,55,0,101,0,0,449,0,0,98,0,0,0,139,31,68,166,37,43,21,84,44,60,115,121,0,130,226,0,19,0,26,66,45,0,57,66,41,88,118,122,199,0,32,0,36,22,101,134,26,61,149,95,74,29,57,45,0,57,147,0,43,497,0,0,63,102,41,62,119,27,0,0,0,0,0,165,97,0,28,124,77,138,30,18,114,54,0,215,0,0,0,108,49,0,154,39,41,0,0,0,0,143,0,216,0,165,56,42,0,112,74,48,0,261,99,108,0,22,0,229,0,498,31,38,0,62,0,51,59,180,111,0,122,681,0,0,102,89,33,95,280,133,24,40,41,0,64,0,0,138,0,0,416,0,89,30,62,47,108,0,54,44,48,0,420,27,57,0,0,34,58,0,0,178,130,105,0,49,28,53,0,0,154,103,62,0,0,0,116,39,96,120,48,0,87,0,121,256,0,117,36,0,130,0,0,54,122,63,105,133,0,118,261,32,75,42,43,441,0,0,0,38,149,0,58,0,0,0,314,54,0,41,0,270,102,75,52,169,0,66,0,246,0,21,0,480,59,342,103,0,60,0,90,94,43,136,0,112,76,72,58,52,218,0,0,19,67,39,22,0,49,193,0,0,597,50,0,0,84,210,65,72,207,150,46,0,0,48,0,174,61,351,1145,93,31,140,0,29,50,39,111,135,0,0,75,0,0,83,0,0,106,397,0,106,0,53,31,0,0,71,154,112,58,59,302,99,313,0,0,41,152,20,0,36,110,74,150,0,0,38,0,55,0,146,0,51,337,101,52,0,0,0,0,25,83,0,646,0,0,72,0,50,59,39,0,349,98,0,197,0,0,103,151,80,0,96,55,56,0,0,89,0,60,0,71,0,0,554,0,57,0,94,76,419,139,78,272,36,70,0,0,57,71,369,51,60,167,0,0,44,31,0,30,0,0,60,0,85,0,91,63,0,103,40,71,52,0,0,25,52,0,45,137,220,31,42,0,47,0,282,126,68,0,195,0,346,56,0,0,0,277,87,87,0,220,44,103,0,0,0,105,121,177,0,27,0,79,37,62,109,125,0,17,0,0,277,0,0,0,0,36,0,0,0,225,325,53,131,164,0,0,275,0,0,461,33,0,0,44,0,0,0,426,83,162,0,73,0,0,0,0,59,55,77,73,75,39,79,62,53,281,233,106,0,0,104,195,143,59,79,60,184,30,0,166,110,89,29,81,189,58,36,0,65,67,98,129,53,105,0,0,108,0,0,0,0,0,0,148,0,176,0,0,161,0,0,0,0,0,81,0,21,125,78,167,127,0,0,164,45,0,0,0,240,352,0,40,0,58,0,0,51,0,97,347,91,33,92,81,0,0,0,0,162,68,92,0,29,0,153,198,68,0,0,0,170,0,102,0,108,0,57,8,54,0,0,0,81,0,0,13,253,0,100,0,978,20,0,0,0,0,0,152,30,96,0,209,0,0,0,0,0,172,70,54,0,66,48,0,0,81,0,124,292,0,83,49,0,31,72,54,199,114,242,0,94,1011,129,102,47,84,56,53,57,0,0,0,0,33,65,57,68,198,119,28,0,0,129,128,0,0,43,0,79,177,45,169,124,0,0,36,0,77,0,124,946,201,212,168,0,0,39,0,0,0,48,0,160,255,445,109,248,39,272,98,0,64,0,0,47,0,0,19,56,85,0,242,475,0,99,95,0,58,0,36,0,0,143,43,376,67,54,76,0,119,131,0,175,51,53,111,0,190,44,47,32,0,132,107,0,46,150,58,291,184,47,71,132,45,0,0,133,153,17,127,0,0,113,65,0,74,59,76,0,515,0,217,0,74,53,0,88,86,0,0,115,0,22,43,28,216,0,37,0,47,547,136,90,509,0,81,0,0,80,0,85,0,0,88,75,0,154,68,0,15,0,75,122,58,162,0,0,63,0,127,0,289,0,49,106,0,0,58,155,0,93,80,195,56,62,40,47,0,27,0,0,180,0,88,422,37,230,177,0,0,0,0,162,0,107,0,0,113,52,109,54,52,129,18,214,100,42,94,109,83,255,77,140,0,0,105,102,75,0,49,82,0,55,76,119,36,637,137,0,118,77,56,192,90,83,216,66,172,0,51,0,77,0,148,284,153,0,409,0,0,46,35,67,60,14,0,0,100,64,69,71,0,420,107,0,0,0,0,0,105,18,0,0,0,0,48,531,0,0,105,0,49,0,222,0,160,0,0,109,81,0,25,118,0,0,40,0,307,0,73,46,0,0,23,23,0,308,0,0,0,0,381,0,53,82,93,131,0,0,0,37,0,0,0,61,0,0,34,0,162,95,338,133,86,161,0,0,0,0,0,37,57,61,0,758,146,0,0,0,62,70,34,74,70,0,116,134,0,29,72,33,0,45,0,57,0,0,0,30,77,36,0,0,454,0,0,177,0,0,64,372,0,73,32,215,0,22,0,59,53,76,0,0,52,493,71,0,0,0,0,0,0,101,269,0,83,110,0,0,0,0,175,65,0,0,0,34,0,0,0,128,0,51,51,0,0,59,0,58,29,27,139,0,0,49,32,0,71,0,231,101,206,0,79,36,0,66,0,100,256,66,0,0,187,82,91,51,0,92,88,58,110,0,0,462,61,379,63,169,0,236,71,221,0,60,26,0,47,0,0,36,0,226,57,65,0,0,40,0,81,0,0,54,259,0,28,343,101,48,0,129,0,50,179,40,82,361,0,270,129,201,0,0,83,0,91,68,70,61,0,0,39,101,63,0,42,0,0,189,0,151,95,157,0,94,78,0,118,0,0,52,30,0,0,46,119,517,0,129,0,0,39,0,0,143,0,0,0,0,0,0,28,157,50,0,0,67,266,31,60,99,132,27,0,58,57,0,0,134,135,77,111,196,215,225,120,0,0,0,0,33,149,0,120,30,0,64,70,28,37,0,331,0,285,40,216,125,226,46,69,0,0,491,65,486,0,144,40,0,87,0,0,43,136,371,69,51,370,0,200,0,0,0,106,45,24,0,51,0,0,32,0,325,135,0,164,0,0,93,107,0,0,0,42,688,71,130,0,0,87,58,80,167,117,70,0,52,83,98,185,57,0,172,110,159,83,74,111,0,0,40,267,0,78,0,45,39,33,0,0,0,132,36,44,0,19,103,49,43,42,77,0,81,119,718,596,128,35,113,133,504,29,71,0,170,150,110,0,100,228,249,57,59,31,0,126,36,0,174,243,0,20,94,119,600,44,312,0,252,64,23,0,98,0,97,421,0,362,79,0,497,0,0,98,116,0,43,75,593,0,0,97,315,0,0,197,48,0,67,0,87,0,93,258,67,872,151,29,226,65,245,0,166,0,120,88,0,0,152,47,304,30,17,137,0,167,230,0,30,91,74,299,307,45,0,60,40,0,0,645,72,0,0,70,126,34,45,0,0,0,0,45,82,129,35,0,88,0,0,317,119,24,78,0,74,0,727,28,0,0,0,0,17,46,134,329,0,0,152,157,30,176,73,0,0,108,84,51,31,59,456,84,0,89
41,0,0,0,0,0,0,0,0,0,0,0,0,0,0,0,0,0,0,0,0,0,0,0,0,0,0,0,0,0,0,0,0,0,0,0,0,0,0,0,0,0,0,0,0,0,0,0,0,0,0,0,0,27,0,0,0,0,0,0,0,0,0,0,0,0,0,0,0,0,76,0,0,0,0,0,0,0,37,0,0,0,0,37,60,0,0,0,0,0,0,0,0,0,0,0,0,0,0,0,0,0,0,0,0,0,0,0,0,0,54,0,24,0,0,0,0,0,0,0,72,0,0,0,0,0,0,0,0,0,0,0,0,0,0,0,0,0,0,0,0,0,0,0,0,0,0,0,0,0,0,0,57,0,0,0,0,0,0,0,0,0,0,0,0,0,0,0,0,62,0,0,0,0,0,0,0,0,0,0,0,0,0,0,0,0,0,140,0,0,0,0,0,0,0,0,0,0,0,0,0,0,0,0,83,0,0,0,0,0,27,0,0,0,0,0,0,0,0,0,0,0,0,0,0,0,0,0,40,0,0,0,0,0,0,0,0,0,0,0,0,0,0,0,0,0,28,0,0,0,0,0,0,0,0,0,0,0,0,0,23,0,0,0,0,0,0,0,0,51,0,0,0,0,0,0,0,0,56,0,0,0,0,0,0,0,0,75,80,0,0,0,0,0,0,0,0,0,0,0,0,0,0,0,0,0,80,9,0,0,0,60,41,0,0,0,0,0,0,0,0,0,0,0,77,0,0,59,0,0,53,0,0,34,0,0,0,0,0,0,0,0,0,0,45,0,0,0,0,119,0,0,0,122,46,0,0,0,129,0,0,0,0,0,0,59,32,0,0,0,81,0,0,0,0,41,0,0,0,81,0,0,0,0,0,47,0,0,35,0,0,0,35,0,0,0,54,0,0,0,0,29,0,0,0,0,0,21,0,0,0,0,38,0,0,0,79,0,71,0,0,0,0,0,18,0,0,0,25,0,0,0,0,0,66,0,0,0,0,23,0,0,39,0,0,48,53,0,0,0,0,0,0,0,0,0,0,0,0,0,0,0,0,28,0,0,0,0,0,0,0,0,0,0,0,0,92,54,0,0,0,0,64,39,0,0,0,37,0,0,0,48,0,40,0,0,0,0,25,0,0,0,0,150,0,25,95,0,0,0,0,0,0,0,0,0,0,0,0,0,0,0,0,46,0,0,0,0,72,0,0,0,0,0,0,35,0,0,0,0,0,0,0,0,0,0,0,0,0,0,0,0,0,0,0,0,0,0,0,0,45,111,0,0,0,97,0,0,0,0,21,0,0,0,0,0,0,0,0,0,0,60,0,0,125,0,0,35,0,0,0,58,0,0,0,0,0,0,0,0,0,0,0,0,0,52,0,28,0,0,0,0,0,0,27,0,0,0,0,0,0,0,0,0,0,0,0,0,0,41,0,0,0,0,0,0,0,0,0,0,0,0,0,0,0,0,0,0,0,0,0,0,0,0,0,0,0,0,0,0,0,0,0,0,0,0,0,42,0,0,53,0,0,0,72,0,0,0,60,0,0,0,0,0,0,0,0,0,0,0,0,0,0,0,24,0,48,0,0,0,0,0,0,0,34,0,0,0,0,0,0,0,55,0,0,0,0,0,14,22,45,17,0,0,50,80,44,0,0,0,0,0,0,0,0,0,0,0,0,0,39,0,44,0,0,0,0,0,40,0,0,0,0,0,0,0,0,0,0,0,0,0,0,0,0,0,0,0,0,0,26,48,0,0,0,0,0,0,0,0,113,0,0,0,0,0,0,0,46,0,0,0,0,0,0,0,0,0,0,0,0,0,0,0,23,0,0,0,21,0,0,0,47,70,0,0,0,0,0,0,0,0,50,0,0,0,0,0,0,52,0,0,0,0,0,0,0,0,0,0,0,0,64,0,79,0,0,0,0,0,0,0,0,0,0,0,140,33,0,106,0,0,0,0,0,0,0,0,0,0,0,0,0,0,43,63,0,0,0,0,0,0,0,0,0,0,0,28,0,0,0,0,0,0,47,58,155,0,0,0,43,98,0,0,0,0,20,0,0,106,26,0,0,0,0,55,0,0,0,0,0,0,0,0,0,0,0,0,0,38,0,0,0,0,0,0,0,46,0,0,0,0,0,0,0,0,0,0,0,0,0,0,0,31,0,0,0,0,122,0,0,72,21,0,0,0,0,0,0,38,0,0,0,56,0,0,0,0,0,0,0,48,0,0,0,0,76,0,127,0,460,33,0,0,0,0,0,0,0,0,0,0,0,0,0,0,0,0,160,83,0,0,0,0,0,53,79,0,0,0,0,0,0,0,0,0,0,0,0,0,0,0,0,0,0,76,0,77,327,0,116,0,0,59,0,0,50,0,0,0,0,0,0,0,94,0,0,0,72,0,0,0,0,0,0,116,0,0,44,0,0,0,0,0,0,0,0,0,0,46,0,0,0,0,113,0,0,0,0,0,0,203,0,0,0,57,0,0,0,0,0,0,89,0,0,0,0,0,0,0,0,35,0,62,0,0,0,0,0,0,0,0,101,0,0,0,0,57,0,0,0,0,0,121,0,0,0,0,0,0,31,0,0,0,0,0,0,37,67,0,0,0,0,49,0,0,0,0,114,0,0,0,0,0,0,0,29,0,0,0,0,0,0,0,109,0,0,121,0,0,0,0,0,0,0,53,0,0,0,43,0,44,66,0,0,0,0,0,0,0,0,23,0,0,94,0,0,26,0,0,0,0,0,50,0,0,0,0,0,78,12,0,0,0,0,12,0,0,0,0,0,0,0,81,0,0,0,0,0,30,41,0,0,0,71,0,0,0,0,0,0,0,0,0,0,0,0,0,0,0,0,0,44,0,0,0,0,0,0,0,73,139,0,0,0,0,0,0,0,0,0,0,0,0,0,0,0,0,0,0,49,0,0,70,0,0,0,0,0,0,0,0,0,0,0,0,0,0,121,0,0,0,0,0,0,0,0,52,0,0,0,0,0,58,0,0,0,0,38,0,55,0,0,46,0,0,0,0,0,0,0,0,84,0,0,64,0,0,0,0,0,37,0,0,0,0,0,0,0,0,0,0,0,98,0,0,0,180,326,0,66,0,0,0,57,0,0,0,0,0,0,0,0,0,0,74,0,34,0,221,0,183,40,0,0,0,0,0,0,0,0,0,0,0,0,83,0,90,0,221,0,0,0,0,0,0,0,0,68,0,0,0,0,0,0,0,0,0,0,359,0,0,0,134,0,0,55,0,0,0,0,0,64,0,0,0,70,0,0,57,0,0,0,0,0,0,59,43,0,57,0,0,0,0,0,0,0,0,0,49,0,0,0,0,96,0,38,0,0,79,0,0,0,137,47,111,0,0,0,0,0,0,0,0,0,72,0,0,0,0,0,0,0,0,0,0,0,0,36,123,0,0,0,0,0,0,0,0,0,0,0,51,0,0,0,0,0,0,0,38,0,0,0,0,0,71,0,0,0,0,0,0,0,0,0,0,0,102,0,41,0,0,0,137,0,101,0,0,0,0,0,0,0,43,0,0,36,422,0,0,0,0,0,0,0,84,0,0,0,0,0,0,0,0,0,20,0,0,0,0,0,0,79,0,0,0,0,0,147,0,0,0,0,0,0,0,0,72,47,0,0,0,0,32,0,0,92,0,0,0,0,0,78,0,0,0,0,0,0,0,88,137,0,0,0,0,37,0,0,0,48,0,0,67,0,74,0,25,41,0,0,64,0,0,0,0,76,0,27,0,0,0,257,0,0,0,0,108,0,0,0,0,0,0,0,53,0,0,0,188,0,73,60,0,0,0,33,0,0,44,0,0,0,32,0,0,53,0,42,0,0,0,0,0,46,0,0,0,49,0,0,0,0,62,0,0,0,44,0,0,0,0,0,20,0,0,320,0,0,57,0,0,0,0,0,0,0,0,0,0,0,0,0,0,0,0,0,66,0,0,0,0,0,0,69,65,0,0,31,0,0,0,0,0,0,0,0,0,45,0,0,0,0,0,0,0,0,47,0,0,0,0,0,0,0,0,0,0,0,0,114,0,0,0,0,0,0,0,0,42,0,0,0,0,0,0,0,0,0,52,0,0,0,0,33,0,45,0,0,0,0,198,0,0,0,0,0,58,0,0,57,0,0,0,0,0,0,41,0,0,48,0,0,0,0,0,0,0,0,0,0,0,0,51,0,166,0,0,0,0,0,0,0,0,0,0,0,88,19,0,0,0,0,76,0,0,0,53,0,140,0,0,0,0,75,0,0,0,0,0,0,0,0,0,0,40,217,0,0,0,141,18,0,0,85,0,0,0,0,102,0,0,0,0,0,0,0,0,149,81,0,36,0,0,0,0,0,58,71,0,0,0,0,0,0,0,58,0,0,0,25,0,0,0,0,0,0,0,0,0,0,0,0,0,247,0,0,0,0,0,28,117,0,0,0,159,0,0,53,0,105,0,0,43,0,0,0,0,0,189,41,0,312,0,0,80,0,0,0,40,0,0,52,0,65,0,0,43,0,0,0,0,0,0,0,0,0,0,0,37,0,0,155,0,0,0,0,390,121,0,0,0,0,0,0,35,0,42,57,0,0,0,85,0,0,0,0,53,0,0,0,0,0,40,0,109,0,0,0,0,0,0,0,40,0,0,0,0,0,0,141,0,0,0,21,133,88,0,0,299,0,0,0,0,0,0,0,0,0,45,91,0,0,0,0,0,0,94,0,0,0,50,0,55,0,0,97,59,0,0,0,0,0,0,0,204,33,80,57,0,53,68,29,26,52,55,0,0,0,0,0,0,0,0,0,0,36,55,0,0,0,80,0,0,0,0,0,0,0,0,43,104,0,0,0,0,0,0,83,67,129,0,45,0,0,0,0,0,0,14,0,29,0,106,0,210,68,0,0,0,0,0,0,0,0,0,0,0,91,0,80,59,0,47,0,0,39,0,0,0,0,27,0,144,0,0,0,0,46,86,0,80,0,0,0,0,82,0,0,0,0,0,0,0,0,83,0,249,77,0,0,48,0,0,0,14,81,0,33,0,0,0,0,47,0,40,0,0,91,0,96,0,0,0,0,0,0,0,0,0,0,0,0,0,126,0,0,0,0,213,0,0,151,38,30,0,0,0,0,0,0,36,0,127,145,0,0,0,0,0,0,49,0,38,0,0,10,0,0,0,50,0,0,35,0,0,0,0,0,56,0,218,0,0,67,0,0,0,0,0,44,0,0,0,0,23,89,0,0,0,0,45,0,55,0,36,74,0,17,41,0,41,0,0,0,0,0,0,0,124,0,61,0,0,134,0,0,0,0,49,0,0,29,0,0,65,0,0,0,24,18,0,29,0,112,0,28,0,14,0,0,0,113,89,70,0,123,0,0,0,0,0,49,0,0,0,103,0,39,0,0,111,0,0,0,0,0,0,0,31,0,0,61,0,0,384,0,0,443,66,0,0,0,0,99,84,0,66,0,0,0,39,0,0,50,0,148,0,0,0,43,0,0,0,0,50,0,0,0,0,237,17,42,153,112,202,0,0,0,80,41,0,0,136,0,0,0,0,94,97,327,0,0,239,0,0,0,45,0,0,0,87,0,154,47,39,0,0,71,79,0,20,0,46,174,128,54,0,46,0,0,36,0,81,0,42,0,0,69,95,35,0,0,0,0,130,0,0,0,265,0,0,50,0,26,28,0,70,29,43,0,0,133,548,42,0,0,77,0,0,0,105,348,0,0,77,0,0,0,75,0,33,0,0,0,0,0,0,0,104,0,43,0,0,0,0,73,134,0,0,240,0,0,0,0,66,0,72,0,32,201,0,0,0,0,43,17,0,291,50,0,0,221,55,123,0,0,0,122,0,59,0,0,432,0,136,0,45,50,156,102,79,0,0,0,0,156,79,33,60,0,488,0,81,0,0,0,0,95,0,0,0,325,0,22,258,58,0,0,105,0,108,63,0,0,264,0,109,99,0,0,0,253,0,41,63,97,93,0,0,19,0,0,0,92,43,27,125,0,0,140,0,0,35,0,0,153,0,0,86,0,54,44,0,128,344,0,95,0,0,37,0,82,122,0,43,192,0,0,0,51,0,94,0,0,47,56,0,22,0,89,0,0,58,69,0,0,0,36,0,78,33,114,77,35,0,0,0,0,0,218,0,0,37,0,67,50,0,0,0,346,0,142,106,55,52,53,61,0,0,0,135,0,170,0,56,28,0,34,0,0,61,0,163,25,29,142,43,167,0,53,0,98,0,0,0,34,0,33,0,28,97,50,0,68,0,0,82,0,0,0,0,0,304,0,0,0,0,0,0,60,84,61,0,0,43,0,53,102,0,32,0,33,84,0,66,40,23,0,32,140,0,0,0,64,0,66,0,0,0,105,0,0,41,0,0,0,37,0,30,0,67,117,322,702,42,0,70,59,130,0,141,0,57,77,79,0,80,124,76,0,68,0,0,0,0,0,70,52,0,0,0,74,350,0,106,0,80,0,0,0,0,0,55,162,0,160,62,0,151,0,0,66,37,0,0,29,277,0,0,0,133,0,0,47,0,0,64,0,109,0,62,65,68,351,61,0,113,0,142,0,0,0,80,63,0,0,86,0,120,0,0,77,0,199,100,0,0,0,0,115,0,37,0,0,19,0,0,226,0,0,0,18,80,0,0,0,0,0,0,42,0,64,0,0,81,0,0,86,0,0,0,0,35,0,241,0,0,0,0,0,0,17,68,322,0,51,30,66,0,111,0,0,0,56,0,0,0,55,324,0,0,0
42,27,109,71,338,258,440,190,46,418,70,1459,187,150,111,498,1504,1552,97,238,79,1109,168,302,446,364,75,149,277,190,149,146,330,24,332,882,956,62,326,1727,690,278,261,73,1715,44,314,214,1599,51,577,293,568,649,203,947,201,109,0,137,68,548,478,1420,129,265,456,217,174,176,1749,0,262,174,122,1158,779,138,2064,202,800,137,185,800,968,280,220,121,395,218,1141,224,365,454,699,138,137,41,358,188,0,141,169,979,134,113,150,170,549,467,1495,277,394,447,546,268,240,551,245,151,1042,153,857,299,135,169,193,200,590,151,577,102,851,125,538,375,812,597,504,389,631,400,513,1681,39,130,197,195,446,474,56,206,429,208,621,629,125,491,181,1211,1443,260,122,561,412,397,342,206,412,566,1081,548,123,479,67,435,201,361,792,416,152,1329,82,125,196,114,129,2382,950,51,80,47,565,299,752,128,694,160,134,827,113,329,622,121,2381,204,240,167,162,741,532,655,270,214,143,784,217,493,90,191,962,1087,122,122,892,100,107,657,1625,98,501,126,121,134,107,76,204,337,1057,314,155,714,154,360,195,70,599,66,335,0,181,266,817,425,674,335,331,40,151,429,1794,887,442,311,337,107,157,1392,755,1719,202,157,891,843,435,272,311,105,2771,1110,582,80,566,638,513,358,247,837,10276,260,318,260,1167,0,84,381,135,325,539,342,192,152,325,197,109,1735,1566,705,137,404,369,1891,522,41,64,225,412,1204,485,282,225,217,115,162,1116,603,323,724,102,147,1532,42,483,393,437,443,106,119,80,403,107,611,106,388,421,128,91,99,412,3116,786,770,124,1546,1897,73,316,412,1556,937,394,222,353,127,391,732,1624,747,272,211,1194,351,328,329,551,530,649,54,51,634,282,185,240,198,408,2794,389,541,322,108,97,170,3055,99,322,217,2664,198,771,1133,57,175,1342,35,105,357,257,202,219,187,850,64,421,211,0,106,1264,489,1282,1522,172,570,484,146,473,582,462,402,762,190,61,72,335,82,741,103,156,368,185,670,119,68,1472,769,1393,516,1223,648,152,332,109,34,1245,51,297,132,243,208,98,158,972,191,911,741,231,187,77,390,158,258,294,189,1451,463,260,254,585,1616,856,504,745,205,842,873,408,74,89,402,691,1325,927,397,144,915,251,362,1243,738,791,157,33,794,226,2210,542,361,1123,945,261,119,571,222,111,188,101,107,1646,332,294,839,939,277,906,1507,481,113,279,428,1491,213,144,112,73,82,343,285,124,54,40,897,110,878,1227,202,201,118,531,251,405,1328,647,578,238,301,188,156,149,406,209,288,1053,1396,0,342,438,956,286,147,56,198,568,1151,155,81,145,128,42,974,125,241,1266,1025,896,85,1998,67,1846,3215,331,87,258,1489,41,432,112,94,94,660,122,321,149,155,287,589,386,1011,250,668,218,289,81,122,1102,1355,410,119,407,437,106,371,125,116,0,113,265,108,271,202,0,889,707,194,140,244,161,236,367,364,189,0,108,120,644,66,124,1021,101,351,126,856,775,180,90,286,2131,40,339,252,340,753,395,208,425,0,147,567,182,341,184,406,1094,148,721,163,1115,184,250,349,1181,175,202,130,345,369,805,104,345,237,640,26,742,220,282,73,289,155,708,167,1679,77,115,213,88,559,396,127,213,283,877,473,215,1324,1123,50,79,131,43,245,1278,349,1030,404,617,4023,1307,1280,679,374,27,47,417,389,126,170,422,56,60,186,1055,517,885,346,6215,565,0,421,146,58,504,50,199,347,187,114,1128,102,76,209,63,217,166,551,219,274,84,723,0,343,98,780,483,756,198,137,143,1009,243,187,199,414,849,160,597,108,75,92,669,385,566,1985,32,0,338,163,58,282,70,385,248,264,362,248,321,228,1331,380,795,375,506,91,381,96,892,761,160,974,141,130,168,255,710,140,1188,164,170,258,526,262,67,677,1403,35,122,256,75,60,475,307,146,0,0,238,1673,130,922,282,62,292,338,169,614,125,456,172,74,0,2065,930,470,1611,142,267,121,1209,206,403,170,0,199,139,74,220,114,228,746,869,187,99,0,173,248,407,512,168,202,452,50,369,48,152,218,788,141,566,892,784,1236,197,180,322,413,1328,0,217,50,231,156,610,756,1273,704,170,267,175,227,2213,543,446,452,50,597,689,415,151,205,561,410,211,165,350,226,170,144,105,282,272,165,603,781,124,159,521,98,388,142,697,75,283,347,285,560,50,364,481,288,101,409,172,1896,199,162,577,405,620,1252,445,114,560,333,2005,218,189,86,1598,531,228,55,1819,235,65,317,1171,86,102,625,472,1797,237,1646,157,5161,370,249,249,249,165,189,70,46,401,423,170,757,175,125,1215,373,420,1540,556,272,242,50,652,208,1167,2080,1058,433,552,88,161,373,154,206,0,1295,619,299,94,76,309,219,212,179,936,68,872,3681,344,1010,196,656,450,348,224,896,976,465,88,371,42,218,380,1885,27,586,644,608,491,0,1712,284,352,425,1392,2726,791,1317,109,855,543,262,1071,109,311,154,301,99,358,0,765,33,345,2998,149,147,117,282,184,297,1342,224,502,310,391,189,295,42,178,654,178,759,78,168,363,395,228,0,299,355,567,575,1593,171,461,2567,290,51,1032,217,381,1197,255,327,47,205,696,451,1337,41,99,1100,2997,87,193,99,535,699,70,375,74,345,169,296,111,268,1137,451,172,327,507,635,389,1022,59,217,256,1207,335,152,443,974,1088,1048,403,985,91,1081,455,370,94,184,396,981,131,565,1026,825,181,301,160,51,132,313,1324,2451,320,169,433,112,1313,1065,0,906,339,194,303,96,200,75,255,251,290,620,119,231,583,217,0,2824,120,147,359,699,228,401,493,157,418,343,93,193,194,113,139,205,116,74,1116,52,52,244,721,309,303,339,93,63,405,105,588,124,448,415,98,294,73,318,68,183,136,314,150,295,65,546,72,67,562,74,176,493,133,446,116,73,248,202,496,1151,1022,113,182,85,160,814,322,168,146,412,426,123,98,444,283,55,212,270,96,609,315,280,478,44,81,291,317,118,300,121,1313,227,45,167,463,360,295,1176,769,283,138,511,111,503,162,141,1289,949,213,670,158,49,6281,195,463,66,293,353,204,1855,0,287,480,197,582,141,791,279,110,55,194,341,116,162,1213,106,124,110,445,188,444,96,538,655,150,137,131,209,240,220,153,306,884,145,29,149,5378,1651,184,963,192,255,654,937,254,97,272,93,874,233,107,355,370,84,1394,206,748,378,1867,0,1512,737,56,947,137,0,149,88,75,1184,451,199,488,400,953,346,1107,142,937,71,329,553,0,144,591,455,175,750,290,136,350,299,357,715,160,322,471,104,1964,621,359,421,726,238,171,879,186,89,1456,47,106,868,0,0,124,1009,70,471,880,275,384,177,886,367,578,554,463,43,867,721,96,167,426,265,244,199,184,213,721,85,615,326,644,626,152,289,109,114,810,232,246,109,1845,815,432,299,131,455,165,68,177,936,228,516,1654,153,46,219,717,158,211,445,192,89,281,88,92,334,1172,329,78,184,597,289,698,142,372,596,194,130,1123,49,65,96,587,581,92,504,587,181,81,217,0,136,942,131,724,29,1112,937,179,71,736,980,213,144,888,322,758,37,182,245,1393,43,1428,125,199,345,584,104,222,424,1016,334,344,914,3452,68,0,874,327,137,295,936,968,71,394,230,258,338,123,93,648,76,198,2417,19,429,314,217,259,530,99,308,221,636,98,1329,105,181,48,128,145,290,63,335,779,997,353,121,174,304,241,475,100,767,337,274,245,134,291,2695,288,304,178,111,162,475,157,654,1084,443,572,267,129,920,185,128,449,492,399,583,799,139,845,802,427,318,171,420,1465,108,73,207,367,1362,130,402,62,104,134,2204,440,240,215,112,1543,504,777,152,540,193,450,181,2263,0,114,122,1383,177,1932,533,302,236,128,430,1102,209,543,147,531,242,362,328,574,621,91,302,71,503,176,207,143,503,939,42,54,1959,227,62,131,605,610,86,217,958,428,238,169,121,153,171,499,360,1514,2731,368,465,494,36,142,347,103,252,1527,66,87,224,86,126,756,132,98,506,1631,160,1134,146,214,167,118,1044,855,749,652,200,281,1424,441,2205,105,113,136,1031,90,1419,229,447,511,677,177,64,356,84,95,76,395,127,225,1524,642,201,81,48,37,135,150,777,58,3225,122,655,678,46,150,244,290,27,1232,441,75,410,176,140,354,337,352,97,459,303,223,235,54,315,343,307,123,444,45,73,1454,71,267,168,359,337,854,860,95,662,242,226,87,133,162,490,828,287,317,644,92,284,293,88,194,162,104,258,177,74,355,419,717,459,1061,346,375,292,242,144,93,60,460,116,305,386,1874,302,175,357,221,158,1977,237,477,300,743,61,1784,600,104,150,216,640,306,290,0,674,169,400,131,172,109,319,312,1214,173,123,58,579,478,368,580,1301,428,86,69,230,938,76,0,300,287,53,58,269,180,837,1038,269,438,227,89,40,2313,244,209,1886,423,148,41,105,305,355,37,871,476,1601,0,274,146,279,96,167,725,238,693,626,239,281,721,481,346,2354,576,472,69,211,200,676,905,708,301,403,1229,97,119,630,428,795,99,1062,694,210,93,41,96,248,990,1117,611,1577,226,68,588,121,120,93,559,101,0,446,27,942,0,167,893,117,87,69,48,332,693,117,158,666,269,1006,497,77,124,1087,284,66,83,97,1340,2263,104,200,91,190,133,68,471,261,1185,1417,553,444,497,635,116,142,28,83,510,491,1631,79,211,97,502,498,381,684,74,109,474,53,847,46,604,55,308,129,339,95,62,603,680,90,59,185,1471,510,283,57,3404,70,171,0,65,0,48,1334,420,235,696,2370,86,44,414,133,148,585,337,265,124,100,420,162,603,314,114,598,831,153,407,210,222,211,449,262,723,428,1137,480,109,2967,382,408,172,360,627,320,172,104,145,340,102,166,277,378,193,875,506,121,62,93,1085,593,300,0,148,116,454,756,348,456,813,71,83,212,34,397,372,608,1794,942,2208,378,27,91,165,85,202,444,217,127,449,1221,2240,356,822,357,581,689,116,444,0,155,237,237,425,100,213,382,186,1059,1578,63,481,455,61,447,28,90,269,194,671,340,1150,305,357,465,313,769,856,40,762,261,279,252,339,475,245,457,328,62,437,311,129,493,447,246,1144,535,131,406,482,255,342,137,315,743,80,983,163,38,1036,671,199,219,460,146,61,2444,86,975,281,238,229,106,461,524,217,53,240,117,266,222,196,900,109,195,118,165,2468,261,287,1898,191,207,79,212,346,94,269,114,311,538,539,1141,856,434,86,65,349,351,303,428,450,83,91,222,376,256,52,751,224,233,1375,84,32,464,749,63,779,448,990,132,278,324,185,242,125,37,138,587,84,344,1133,158,580,933,0,156,0,55,585,96,729,417,499,1111,306,706,268,218,637,67,732,467,115,382,310,1041,1057,796,866,240,68,550,262,204,115,201,779,167,202,311,477,312,4188,345,63,288,361,128,907,669,326,1508,386,380,149,154,65,612,83,949,1300,701,179,1567,60,0,321,268,395,404,98,0,144,741,251,363,424,173,1094,621,40,48,31,211,93,612,216,74,140,315,74,184,5541,92,74,2309,237,316,72,1077,75,1078,442,66,1218,423,131,126,689,83,0,623,183,1027,391,431,255,161,272,123,105,59,2374,359,93,55,71,1201,91,587,602,949,969,82,97,315,274,613,157,51,1418,31,203,218,198,772,422,1165,514,587,979,193,199,246,176,110,192,185,562,107,1582,865,164,231,224,934,412,155,328,258,313,1133,781,653,162,228,199,157,227,130,288,251,282,0,106,627,512,254,124,2035,260,20,538,84,48,270,795,84,221,316,1320,170,115,0,795,285,257,92,64,798,3407,490,66,144,811,154,183,109,338,1267,229,299,576,140,402,209,352,1590,166,90,146,112,241,153,205,386,467,171,199,258,63,313,329,444,438,229,131,698,37,231,631,132,260,190,251,1052,592,671,136,317,161,198,265,207,271,2303,466,61,44,1154,336,497,325,215,381,523,209,380,107,167,2244,314,1501,240,1027,515,680,449,1086,45,541,448,163,784,398,221,169,102,2918,236,323,75,132,157,67,1218,64,122,251,2506,86,220,828,468,356,142,1144,95,580,1057,237,142,2673,110,1434,376,1194,129,386,1156,130,595,403,453,310,311,55,100,611,328,97,511,269,119,443,51,577,840,966,93,388,173,117,691,48,70,238,169,351,241,231,1299,1088,192,401,44,93,346,144,574,1332,271,398,1026,0,100,48,218,567,793,104,90,395,927,88,183,269,781,140,33,322,389,110,177,1300,220,286,648,669,724,914,344,32,242,55,57,148,988,43,274,123,0,275,400,155,115,70,1264,55,544,529,497,242,467,281,628,43,38,1377,326,1447,183,514,304,70,191,143,58,305,353,1628,671,104,860,466,884,106,402,49,685,302,110,117,207,161,200,131,194,1285,791,122,386,143,63,346,425,38,30,154,185,1158,234,226,0,126,85,140,372,338,464,227,434,265,314,511,1160,129,111,1508,316,690,109,333,423,149,43,153,681,47,356,0,299,222,214,160,79,138,803,152,143,201,252,350,102,481,104,255,78,246,745,2193,3241,198,409,495,707,694,162,801,58,597,293,271,163,387,482,389,471,377,109,62,388,330,0,992,784,78,228,524,239,1999,155,373,133,631,121,106,81,192,111,550,924,86,3018,522,74,612,72,30,347,182,92,416,342,2222,65,73,120,737,55,64,595,189,0,463,71,658,132,524,350,327,2994,393,34,893,208,1107,196,587,61,695,511,121,115,893,110,654,94,161,744,109,638,549,154,197,817,305,1336,642,315,131,261,147,181,57,2409,570,81,44,282,620,238,273,78,204,138,171,180,348,369,223,41,541,91,66,1349,378,259,583,140,271,117,3031,120,68,101,37,50,61,80,489,1010,0,363,739,830,93,658,231,56,128,210,212,240,77,249,2786,141,176,266
43,0,40,50,89,73,81,48,0,146,0,592,75,0,37,154,753,509,23,79,38,380,54,117,183,151,0,27,79,75,63,60,70,0,114,218,79,0,172,588,397,63,55,0,641,0,180,87,519,0,234,71,171,262,78,333,87,49,0,52,0,233,113,617,53,114,93,106,42,61,829,0,94,61,58,539,196,77,472,95,242,48,44,345,257,104,83,22,146,108,424,121,0,110,266,69,55,0,115,84,0,76,50,219,69,44,65,92,247,128,372,88,100,230,114,124,80,205,0,69,288,77,547,104,56,55,79,61,170,58,406,38,477,0,267,158,256,201,154,178,260,159,276,1037,0,31,55,0,215,187,0,0,120,101,215,119,0,203,46,255,364,100,27,224,142,194,103,122,146,225,183,180,44,191,0,137,99,160,218,160,98,300,0,87,80,79,63,738,337,0,0,0,123,104,207,68,265,58,0,307,63,126,328,0,684,51,85,57,101,213,175,238,69,73,56,266,45,92,41,53,402,287,63,34,461,0,0,69,460,0,121,44,28,37,45,0,72,136,414,99,60,201,65,153,94,0,224,0,71,0,82,162,436,228,173,80,151,0,38,155,486,209,172,136,113,54,0,511,264,783,86,0,348,572,76,82,69,73,1144,552,119,0,210,167,238,71,97,361,1917,100,97,127,297,30,29,115,53,171,149,108,104,65,164,105,50,685,920,512,44,214,157,924,152,0,0,127,160,466,225,124,97,80,52,96,421,295,156,262,48,0,765,0,242,320,184,174,0,39,53,101,26,341,44,196,309,34,0,0,238,2264,779,324,98,830,869,46,140,189,461,417,171,202,195,0,273,288,1386,374,133,70,577,126,126,107,195,286,229,0,0,404,112,50,90,50,121,643,288,232,258,41,80,127,1093,0,130,90,1298,88,189,480,0,64,588,0,92,212,140,70,116,77,363,24,132,93,30,34,389,205,903,502,74,177,209,68,127,208,343,167,268,146,0,47,110,0,288,56,43,136,64,328,42,60,295,243,761,210,668,200,81,104,81,0,469,48,197,51,102,121,0,58,282,58,403,523,132,107,0,127,68,127,145,90,705,214,260,70,483,535,330,193,374,102,646,476,336,47,0,135,278,888,290,148,54,576,128,163,495,221,347,89,0,299,74,1742,225,168,256,430,115,52,212,86,47,86,66,81,678,246,132,315,391,92,331,470,187,30,107,172,757,71,123,35,0,0,166,150,94,42,0,324,93,367,633,69,56,44,319,106,149,488,381,168,73,235,55,81,36,130,103,92,552,828,0,114,158,335,122,44,47,195,348,669,48,0,67,112,0,730,97,87,574,401,362,44,1147,61,698,1381,233,56,67,770,0,174,32,0,59,213,60,196,72,67,186,99,55,317,95,191,129,136,0,48,431,945,358,97,156,310,0,218,50,117,0,53,202,40,132,116,0,219,459,0,56,111,20,56,159,189,54,0,0,0,380,0,63,698,0,220,77,641,383,89,0,214,1091,0,154,99,118,501,212,121,158,30,72,284,153,177,73,137,652,64,370,93,458,137,174,93,624,59,63,69,149,226,346,0,69,0,222,0,330,56,131,0,77,97,305,0,686,48,59,109,0,184,253,89,108,219,96,176,32,564,698,0,47,65,0,70,519,228,579,234,153,1633,537,397,234,191,0,0,313,348,54,74,131,0,37,110,745,268,208,85,3009,232,0,339,60,0,313,0,67,159,109,45,224,52,0,89,0,46,83,180,47,160,47,323,27,190,37,402,454,214,152,67,0,598,132,57,92,143,291,92,220,76,47,33,289,117,117,1036,0,0,135,141,28,37,32,94,126,137,160,137,101,88,689,105,333,138,301,46,54,72,493,419,76,398,67,93,94,151,638,0,945,77,56,59,73,153,0,432,740,32,49,92,66,28,196,128,51,0,0,77,1043,58,472,158,0,268,135,98,503,72,277,61,0,0,1293,437,68,747,63,153,62,525,65,173,81,0,0,0,0,106,0,127,521,325,95,60,0,75,131,214,361,52,134,206,0,296,32,77,138,472,75,181,262,250,665,94,88,82,133,327,0,64,0,65,67,292,312,581,233,70,172,73,89,772,216,116,212,0,202,394,80,36,57,213,188,59,85,103,74,43,37,0,98,92,186,145,223,44,46,174,0,274,68,324,64,126,110,97,292,0,175,289,123,33,96,70,461,58,116,100,157,91,383,212,58,176,33,639,0,69,31,303,200,77,0,711,93,0,127,175,0,0,143,145,581,77,940,0,1502,295,102,136,109,0,75,0,0,167,129,74,359,76,38,215,126,128,517,375,69,86,0,106,53,433,749,388,146,116,0,98,51,0,52,0,563,248,85,0,31,302,103,77,71,219,0,510,1683,131,300,105,231,144,136,70,395,291,215,0,172,0,198,92,906,0,200,218,196,242,0,604,39,80,242,774,1084,421,428,30,298,215,91,403,0,125,74,116,0,91,0,210,0,182,694,61,41,58,146,123,119,437,113,168,181,98,113,111,0,62,142,53,224,18,0,108,190,72,0,96,139,299,108,393,54,137,922,107,0,592,78,213,314,90,92,0,54,223,205,415,0,45,236,1069,56,103,0,197,227,0,172,35,117,0,75,58,83,350,135,101,117,124,311,275,382,0,142,92,353,71,68,164,387,422,549,118,346,31,462,97,175,37,42,164,381,0,207,347,281,92,131,67,0,69,134,415,949,157,75,325,58,640,361,0,183,137,40,111,39,105,0,56,58,299,267,58,86,275,123,42,1052,80,96,243,567,68,62,174,58,240,146,63,56,117,82,58,0,80,0,147,43,0,62,202,155,101,71,46,58,125,102,374,55,173,122,37,172,59,149,0,139,68,93,110,182,42,265,43,61,118,0,173,305,56,232,39,0,192,53,365,344,403,51,0,37,133,612,153,52,92,283,97,54,60,66,182,0,65,216,0,155,162,60,197,30,0,69,94,69,191,65,667,158,39,96,391,52,102,206,454,80,77,293,64,372,110,42,716,352,179,448,81,41,2736,85,256,28,231,80,52,1058,0,103,286,84,271,51,463,120,43,0,97,153,26,105,293,0,26,41,395,0,111,34,432,360,64,31,58,51,100,168,0,138,331,0,0,53,1881,832,108,896,66,144,292,384,152,0,69,86,700,105,109,114,213,43,452,0,190,163,725,0,998,543,0,209,95,0,56,0,0,428,183,112,353,57,340,82,398,0,592,42,145,353,0,76,208,270,88,178,85,35,127,145,68,122,140,166,382,71,960,536,199,326,366,106,90,655,69,0,1083,0,49,203,0,59,61,418,0,100,537,161,165,0,470,109,241,109,376,0,478,370,59,92,229,134,223,129,109,112,211,75,202,228,247,549,70,70,38,56,358,155,217,70,733,300,217,218,87,76,71,0,55,444,167,225,587,46,0,60,511,52,88,111,69,0,149,45,0,304,362,139,0,45,219,148,273,44,174,199,43,150,568,0,45,0,114,173,0,182,191,53,0,49,0,30,180,24,190,0,544,239,51,0,288,503,85,109,310,103,223,0,54,68,955,0,332,0,93,110,150,40,83,152,169,123,103,341,1757,53,0,247,122,36,74,277,636,25,97,158,283,168,96,40,295,0,114,757,0,87,102,79,77,196,0,0,96,154,70,493,39,86,0,67,50,173,0,85,229,359,120,45,95,106,117,175,26,367,226,92,57,147,120,1055,80,126,91,73,61,105,0,556,514,270,134,51,0,246,66,0,132,164,93,203,379,17,409,297,95,101,67,129,518,0,0,113,136,286,62,176,0,0,100,727,116,105,55,0,616,164,162,108,239,46,96,88,535,0,51,56,479,77,953,165,114,68,78,128,259,57,168,70,153,75,91,156,161,245,47,162,0,166,38,99,60,264,294,0,0,859,73,24,0,288,231,53,102,313,139,58,0,0,40,74,158,118,322,1150,204,120,223,0,34,77,37,72,562,0,38,97,0,76,146,0,24,103,575,104,722,32,65,89,0,249,430,345,205,77,58,304,150,391,0,50,28,364,55,383,70,206,125,160,72,39,93,0,46,0,174,0,58,346,127,103,0,0,0,47,134,291,0,563,24,134,240,0,41,86,197,0,606,221,45,196,75,56,224,252,177,0,280,131,77,88,34,127,249,122,45,117,35,0,587,0,185,62,135,167,681,476,77,368,158,40,56,76,39,262,461,99,83,460,57,153,151,43,49,39,0,93,107,34,142,189,73,226,338,226,152,141,135,49,47,0,217,58,339,183,571,45,139,165,90,95,1060,186,88,198,461,42,266,256,0,80,162,537,248,138,23,102,95,136,51,63,44,103,218,333,0,52,34,383,175,104,274,289,327,48,0,159,301,0,0,203,144,51,0,93,78,328,510,0,132,183,96,0,1256,48,56,952,0,52,0,78,154,170,0,796,233,820,0,161,0,140,30,32,271,59,310,281,100,74,424,123,228,1413,111,184,49,73,148,303,631,417,116,202,535,37,31,376,138,405,94,530,309,127,71,0,69,162,619,178,369,477,88,20,124,57,0,62,248,57,43,214,0,306,0,109,940,67,57,37,0,166,288,79,108,220,177,357,209,0,63,776,144,33,0,30,340,913,43,75,53,139,54,0,272,111,246,644,114,207,166,346,84,83,0,59,214,189,522,58,142,0,164,295,0,346,24,63,211,0,254,0,434,55,130,66,137,48,40,152,644,43,62,155,557,115,194,30,1217,34,28,0,0,0,0,686,168,221,188,1275,0,0,120,0,63,326,145,108,85,111,246,33,162,152,52,125,752,83,158,67,108,98,298,87,211,151,457,129,51,493,357,177,184,281,198,95,53,92,38,93,69,97,95,101,89,290,201,56,59,0,434,338,84,0,124,0,119,248,83,193,409,51,37,94,0,147,75,281,744,365,523,403,0,48,76,0,157,214,78,0,268,261,797,225,265,196,142,510,66,129,0,96,47,87,114,0,139,77,40,361,392,23,221,0,65,186,0,36,72,100,337,148,879,108,110,115,56,463,121,0,370,97,64,62,82,582,73,201,86,0,144,92,58,129,612,103,330,492,55,107,254,131,74,65,273,308,0,307,110,0,212,155,95,67,147,31,0,1312,0,549,72,126,150,76,260,366,90,41,55,47,66,95,103,614,60,197,35,35,733,88,320,822,72,206,0,71,110,58,72,32,205,183,86,361,294,111,0,0,124,102,192,127,92,90,28,181,111,113,0,172,87,81,346,62,0,172,206,36,219,167,300,38,133,175,123,70,77,0,45,258,51,199,267,70,564,645,51,68,28,69,299,0,215,237,107,280,144,473,138,211,333,45,127,101,132,196,380,256,626,180,207,64,70,92,215,0,0,60,262,46,112,116,274,129,1727,99,0,75,134,82,215,444,67,356,91,271,44,152,0,154,46,403,722,245,54,700,0,0,129,0,147,46,0,0,57,358,226,145,142,0,636,271,0,12,0,0,44,166,123,50,60,160,39,65,857,0,63,908,65,335,37,441,65,543,140,43,189,232,0,83,264,0,0,184,60,273,126,125,93,77,122,0,35,29,721,149,0,35,31,625,0,134,352,412,280,0,0,98,59,113,41,0,401,0,76,53,70,538,218,558,390,221,362,62,19,58,84,64,167,87,244,0,1667,202,97,37,0,85,146,57,111,82,132,259,327,258,74,134,93,120,66,37,101,59,83,0,75,204,207,103,40,802,65,0,325,54,0,142,523,0,53,139,441,46,70,0,71,158,65,0,59,311,1166,115,0,60,178,71,143,40,154,503,50,107,170,53,214,63,140,552,87,0,60,44,72,64,73,150,142,62,103,127,0,163,147,129,166,0,91,352,0,68,310,86,96,105,170,766,215,289,89,143,34,0,74,85,231,861,132,0,0,453,170,146,227,0,0,164,228,232,0,56,682,178,666,76,293,203,310,174,303,0,189,118,57,251,198,152,115,48,1094,190,347,36,64,84,31,687,0,34,84,894,0,66,520,179,124,101,377,0,221,439,262,113,1329,0,786,167,430,39,156,355,75,85,208,399,199,166,0,63,208,243,0,161,196,138,264,34,384,365,400,0,124,193,0,200,0,0,166,75,145,106,98,420,688,75,204,12,0,126,57,193,363,63,142,431,25,51,0,92,432,441,39,61,110,257,77,94,80,171,68,0,200,135,88,59,244,145,270,272,128,338,135,91,0,54,0,0,42,331,38,178,41,0,148,216,0,58,0,488,0,336,151,169,195,295,201,204,0,22,730,121,930,62,202,111,0,92,94,24,92,54,461,247,52,284,172,240,0,139,0,81,83,63,81,56,125,49,68,71,488,378,69,154,51,28,190,146,0,0,91,62,660,82,136,0,33,67,109,82,206,197,41,300,65,179,312,300,88,33,705,158,77,86,148,73,0,0,68,594,0,234,0,72,43,92,0,0,84,84,94,65,75,72,91,68,307,0,89,0,95,293,482,1761,153,408,91,185,430,92,348,58,217,197,150,55,249,420,321,192,124,106,0,74,183,0,307,180,0,224,56,147,507,41,363,57,433,105,0,35,57,0,151,422,0,703,267,40,509,32,0,118,148,0,105,84,814,42,34,96,329,0,0,112,92,0,65,31,230,54,184,266,207,637,241,40,597,93,249,72,261,33,278,186,21,26,259,102,556,46,0,199,19,283,467,66,47,351,113,560,725,119,60,0,50,0,0,1440,138,0,50,76,164,51,110,0,90,61,63,141,149,236,83,0,259,32,0,723,77,30,229,53,143,30,594,45,0,34,0,0,29,26,154,523,0,146,208,303,37,172,134,0,54,111,120,46,34,138,1054,109,45,78
44,0,0,0,0,0,0,0,0,73,0,80,0,0,0,24,21,173,23,0,0,368,0,42,0,116,0,0,0,22,0,0,0,0,0,0,40,0,0,145,113,0,0,0,117,0,38,0,325,0,66,41,0,0,0,116,0,0,0,0,0,81,69,117,0,47,57,0,0,0,0,0,0,0,0,124,46,0,106,0,49,0,0,51,61,31,0,0,0,0,147,0,0,57,56,0,0,0,43,0,0,0,0,49,0,0,0,0,29,0,140,0,0,35,65,45,0,0,0,0,58,0,106,0,0,53,0,0,0,0,120,0,98,0,0,51,234,0,45,24,36,0,58,171,0,0,0,0,36,0,0,0,0,0,107,0,0,66,0,65,52,66,0,0,0,60,0,0,98,0,137,187,0,0,0,18,0,61,185,0,0,133,0,0,0,0,0,195,102,0,0,0,64,17,139,0,62,0,0,40,0,125,98,0,179,0,0,0,25,0,28,47,0,0,0,0,35,72,0,0,86,179,0,0,108,0,0,42,0,0,61,0,0,0,0,0,0,0,141,0,0,0,21,0,0,0,76,0,36,0,65,0,90,0,105,0,37,0,0,0,0,0,0,0,0,0,0,176,69,218,0,0,66,176,27,80,53,0,144,198,0,0,0,0,49,0,30,96,1109,0,45,0,187,0,0,45,0,0,0,0,0,0,0,0,0,116,0,121,0,0,0,170,0,0,0,0,0,0,0,0,0,0,0,0,55,0,24,116,0,0,65,0,36,44,0,32,0,0,0,27,0,0,0,0,38,25,10,0,0,359,67,61,0,112,380,0,0,0,169,80,0,0,113,0,0,66,212,142,0,0,82,0,0,0,0,37,65,0,0,147,67,0,0,0,0,90,18,42,44,0,0,0,110,35,29,0,96,9,85,0,0,0,84,0,0,0,0,0,48,0,0,0,50,0,0,0,103,0,84,0,0,59,0,0,0,40,0,0,77,0,0,0,0,0,0,0,0,0,0,125,0,0,200,0,62,0,0,0,46,0,24,0,37,0,67,0,0,24,0,0,124,0,0,96,0,0,0,0,0,0,0,0,0,36,0,0,77,275,0,0,0,0,124,80,116,0,0,0,49,135,42,0,30,101,0,0,0,0,59,0,0,38,0,143,0,0,149,43,0,0,0,0,0,0,0,0,103,0,35,0,83,0,176,45,0,0,0,54,76,0,0,0,0,0,0,0,0,0,0,0,30,0,135,0,26,0,43,0,0,63,79,0,0,0,31,0,0,0,58,0,0,97,0,53,0,162,0,0,0,34,117,103,0,0,0,0,0,51,0,42,130,102,50,0,80,0,108,226,0,0,0,575,0,0,0,0,0,59,0,32,0,0,28,0,0,75,0,70,0,0,0,0,52,91,14,0,0,0,0,34,0,0,0,0,0,0,27,33,0,71,54,0,0,0,0,0,0,0,0,0,0,0,0,0,0,205,0,0,0,0,51,0,0,71,147,0,0,92,0,97,0,0,56,0,48,0,60,63,0,62,172,0,0,0,245,32,0,0,0,0,0,0,0,62,63,0,0,0,0,0,0,0,0,0,0,0,190,0,0,0,0,0,0,44,33,0,49,0,0,0,0,116,69,0,0,13,0,0,75,72,278,0,51,358,64,113,35,62,0,0,0,45,0,0,0,0,0,0,304,0,119,42,452,99,0,0,28,0,97,0,0,56,0,0,41,0,0,0,0,0,0,60,0,0,0,66,0,0,0,58,58,29,0,0,0,128,0,0,0,0,105,0,56,0,0,0,0,0,0,163,0,0,0,0,0,0,0,30,55,0,0,0,0,0,110,49,23,0,104,0,35,0,28,159,0,37,0,0,0,0,0,0,138,0,36,0,0,0,0,24,142,0,0,52,0,0,31,92,0,0,0,0,70,0,181,0,0,0,0,0,61,0,0,0,0,0,350,99,0,128,33,0,0,98,0,0,0,0,0,0,0,0,0,0,0,50,0,0,0,0,28,46,123,0,0,52,0,37,0,0,0,0,0,88,0,77,272,0,0,0,0,99,0,0,0,0,0,93,105,192,86,0,0,55,0,262,50,0,79,0,163,0,53,0,0,0,55,0,0,0,21,0,0,0,0,0,0,59,0,0,0,89,0,0,0,71,0,0,0,0,69,0,0,0,0,0,0,46,0,0,0,56,0,0,89,0,0,40,0,262,0,0,0,0,0,0,0,383,12,0,0,194,0,16,0,0,54,29,169,0,107,0,0,0,0,0,0,0,0,86,0,31,0,0,27,0,66,0,69,49,0,66,0,0,0,149,170,82,60,0,0,0,65,0,0,0,114,75,0,0,22,0,35,0,0,0,0,34,126,0,105,0,60,0,83,0,0,103,59,0,47,0,0,0,129,0,0,68,44,49,0,355,0,39,41,143,313,117,73,0,189,83,0,79,0,0,0,41,0,37,0,87,0,34,0,0,0,0,61,0,69,84,0,52,0,0,29,0,0,0,44,0,0,0,0,0,0,0,0,0,82,100,0,85,0,47,109,0,0,366,0,109,0,32,0,0,0,0,47,0,0,0,0,414,0,0,0,60,37,0,50,0,0,0,39,0,63,135,44,0,26,0,0,63,0,0,0,0,53,0,0,0,90,0,207,30,94,0,87,0,83,0,0,50,138,0,75,0,0,0,42,0,0,0,0,0,442,35,33,0,0,295,100,0,0,20,0,52,0,0,0,0,31,43,0,0,0,69,0,0,258,0,0,40,44,24,0,0,0,55,71,0,0,0,0,0,0,0,0,116,0,0,0,44,0,0,0,0,0,0,0,0,0,0,35,0,0,0,0,0,0,0,0,0,0,0,21,0,0,41,0,0,70,0,38,0,0,34,0,104,0,106,0,0,0,0,41,0,42,0,107,0,0,0,51,0,0,0,51,0,36,0,0,27,0,0,55,0,0,0,0,171,0,0,0,49,45,0,0,65,31,0,56,0,34,0,0,96,94,0,161,0,0,281,0,85,0,0,0,0,100,0,21,53,0,0,0,32,28,0,0,0,47,0,0,89,0,0,0,0,0,0,0,0,0,0,0,0,0,0,0,0,0,100,0,0,0,696,249,0,30,0,0,25,96,0,0,104,0,76,26,0,0,0,0,59,0,0,0,187,0,172,43,0,330,0,0,0,0,0,0,0,0,72,132,53,35,0,0,123,0,50,0,0,0,66,0,0,44,0,0,0,0,0,54,0,0,0,0,145,0,0,0,31,0,0,78,0,0,97,0,0,0,0,0,0,112,0,0,0,0,0,0,0,0,24,55,39,0,0,0,0,0,29,0,0,0,0,0,35,0,74,0,0,92,32,0,0,0,52,0,0,0,104,0,68,0,0,24,0,0,0,67,25,51,133,0,0,0,60,0,0,0,0,0,40,0,0,74,171,49,0,0,0,65,0,0,58,43,0,0,183,0,0,0,89,96,0,0,18,0,0,23,0,0,132,0,36,0,161,101,0,0,0,185,0,0,98,24,0,0,0,0,285,0,120,0,0,46,50,0,0,0,144,58,0,0,246,0,0,0,0,0,0,62,67,0,50,0,36,0,0,0,0,0,0,321,0,51,58,0,0,0,0,50,0,66,0,118,0,40,0,0,0,0,0,40,67,66,61,0,0,17,0,27,0,53,41,50,37,0,46,192,0,31,34,0,0,104,0,0,99,64,65,0,0,0,0,0,0,61,48,96,0,0,51,100,72,0,0,86,139,0,0,0,45,151,0,31,0,0,0,294,0,41,0,0,253,50,130,0,92,0,39,0,443,0,0,0,104,0,202,0,0,0,0,26,90,0,44,0,0,0,0,57,90,0,0,0,0,17,0,0,0,59,0,0,0,138,0,0,0,30,106,0,0,33,63,39,34,0,0,0,56,0,133,336,0,42,0,0,0,0,0,0,188,0,0,40,0,0,62,0,0,62,112,0,0,0,0,0,0,291,77,0,110,0,0,53,0,222,0,0,0,37,0,133,0,0,50,52,0,0,76,0,0,0,51,0,0,231,48,0,0,0,0,0,0,98,0,620,0,95,0,0,0,0,44,0,208,52,0,45,0,0,0,0,38,0,0,0,0,0,0,0,53,0,0,53,0,0,118,0,0,0,0,36,90,56,0,44,0,0,0,0,0,0,95,21,43,51,0,0,0,0,0,0,0,0,0,0,54,38,60,17,29,36,31,0,0,0,0,0,0,0,23,0,249,27,0,29,0,0,78,0,0,0,44,0,78,41,0,0,24,82,0,0,0,43,0,0,0,0,0,0,78,91,0,0,0,0,49,55,0,168,88,0,0,0,64,0,0,0,56,0,0,39,0,0,60,0,0,66,0,0,123,0,0,204,31,0,0,0,0,0,0,146,0,176,0,0,16,39,0,0,0,0,36,52,0,0,81,0,0,315,0,0,0,0,0,114,57,60,0,0,72,0,0,85,0,46,0,0,0,23,0,0,0,0,0,129,86,0,0,0,0,0,0,0,45,0,0,0,0,0,0,0,31,0,0,0,0,50,72,0,0,80,0,51,0,0,20,169,37,0,0,0,30,0,0,0,0,0,0,0,41,0,45,53,50,0,0,123,0,0,0,0,0,0,162,0,0,0,0,120,0,79,0,0,48,0,95,0,139,0,0,0,0,0,0,0,85,0,0,0,126,0,52,0,247,0,0,0,0,0,0,82,0,27,72,126,0,0,44,0,0,0,0,0,0,0,0,0,32,0,0,37,81,0,31,0,0,0,57,0,85,0,132,0,17,264,0,0,0,0,0,54,0,0,0,0,0,0,0,0,74,24,0,0,0,0,70,32,0,0,0,0,0,56,0,84,65,0,0,0,0,0,0,44,333,0,31,93,0,0,0,0,0,0,0,0,0,110,97,0,142,87,37,0,0,0,0,21,0,0,24,0,0,0,0,238,36,0,36,82,0,0,0,0,0,0,83,40,87,37,0,56,0,100,0,0,77,55,0,0,0,0,0,0,32,0,0,0,0,0,0,0,157,28,0,34,32,36,0,0,0,0,0,0,0,0,53,0,60,0,0,0,0,0,0,0,0,0,0,0,0,93,0,0,44,0,0,0,0,82,0,71,0,0,266,0,17,79,33,0,0,0,0,0,0,0,53,0,103,63,60,0,0,0,0,0,0,0,61,0,0,55,0,43,0,118,0,0,47,0,0,0,51,0,88,0,176,0,0,72,0,0,0,0,0,50,11,0,63,0,0,95,0,0,0,0,91,0,48,0,37,0,0,0,0,51,115,0,46,62,0,0,0,50,0,34,65,0,0,70,0,0,0,0,20,0,0,0,46,0,0,0,0,0,0,0,92,105,0,121,0,0,0,0,0,0,0,148,133,60,0,62,0,0,0,0,0,0,0,0,0,58,0,0,0,0,91,0,0,0,0,0,0,0,0,0,0,46,0,0,461,0,0,156,0,0,0,0,0,161,41,0,97,57,0,0,54,0,0,0,0,0,0,0,0,0,46,0,0,0,66,25,0,0,0,96,0,77,32,0,281,0,0,28,0,45,14,0,51,0,36,0,34,47,61,122,90,0,0,0,0,0,0,0,56,0,0,0,655,0,0,0,0,96,0,0,53,36,51,146,0,114,0,0,0,0,0,0,70,25,0,0,0,121,0,53,0,0,0,0,73,0,0,52,93,0,0,0,132,0,0,0,45,0,0,0,21,147,532,54,0,31,59,0,21,0,0,106,0,36,0,0,0,0,0,101,0,0,42,0,0,37,39,0,0,0,0,39,0,0,66,70,0,0,0,0,0,0,0,0,0,0,0,182,69,0,0,0,0,0,0,22,121,80,45,0,0,93,0,105,0,0,0,0,0,0,0,0,298,66,208,51,0,43,75,0,171,0,54,0,0,49,45,0,0,0,450,61,0,0,0,0,0,46,0,0,0,114,0,0,95,38,43,0,109,0,141,153,0,61,443,0,316,0,139,0,0,109,0,65,100,55,26,0,0,0,43,28,0,0,0,0,0,0,115,176,0,0,53,42,0,147,0,0,0,0,0,50,0,0,70,0,0,0,0,35,0,40,259,25,58,111,0,0,0,0,128,20,0,0,0,69,0,0,0,114,0,0,56,67,0,0,100,0,0,113,64,33,32,72,0,16,0,0,0,118,30,0,0,0,0,0,0,0,0,255,0,108,0,0,38,61,52,0,0,0,263,0,82,0,112,0,0,49,0,0,0,105,37,0,32,0,0,0,0,0,0,136,0,0,0,0,28,0,0,0,58,59,0,0,0,0,124,33,0,0,46,0,370,0,0,0,0,0,51,0,79,0,0,0,37,42,73,80,0,0,124,0,77,0,30,0,0,0,0,160,0,53,0,0,0,55,0,0,0,110,0,0,0,0,0,34,51,0,57,0,0,60,110,882,0,62,35,0,94,0,41,24,134,34,112,0,101,95,41,0,37,0,0,70,75,0,49,74,0,25,31,86,104,0,77,0,61,0,0,0,34,0,0,0,0,409,78,0,285,0,0,58,0,0,0,74,96,0,15,0,0,0,0,97,0,0,106,0,50,0,0,0,119,221,44,0,155,0,87,0,109,0,160,63,0,0,34,30,91,0,0,81,0,159,123,0,0,56,62,244,216,38,0,0,0,0,0,760,95,0,0,0,51,0,67,0,0,0,0,89,0,0,0,0,132,0,0,150,109,0,27,0,35,0,324,0,0,0,0,0,0,0,52,200,0,0,0,79,37,73,38,0,0,54,47,0,0,48,158,0,0,90
45,30,0,0,239,175,80,161,0,256,60,605,105,110,70,574,487,693,72,125,58,943,179,238,172,416,47,0,222,102,38,0,184,0,50,518,451,0,224,680,620,55,227,89,447,31,247,143,893,57,541,134,464,154,108,654,87,37,36,83,0,384,260,683,78,141,402,144,96,76,465,0,100,132,32,781,433,102,400,130,571,54,87,339,822,133,110,60,138,203,802,203,139,231,335,115,139,30,183,133,0,85,121,526,112,75,305,165,327,218,556,141,199,366,438,225,121,515,76,39,819,126,749,79,47,143,82,92,369,148,588,69,1055,80,314,296,783,81,325,257,382,108,307,680,21,42,220,168,243,457,67,122,329,156,461,470,0,278,106,772,551,198,74,466,120,296,207,0,334,608,599,651,149,197,74,251,64,243,670,158,160,783,40,156,141,229,194,1114,573,0,0,0,395,298,556,41,268,106,62,268,116,279,616,107,843,46,107,43,154,378,477,462,183,257,116,327,171,234,73,122,368,582,117,54,906,34,71,390,943,0,211,76,76,113,66,39,106,345,875,191,43,429,128,145,131,36,505,67,109,43,189,244,944,170,596,217,190,43,156,302,1083,128,190,124,162,38,75,998,324,1084,75,92,491,681,65,303,219,45,2534,1055,296,0,261,499,336,54,170,937,4536,350,236,136,593,69,81,179,37,165,328,144,167,0,384,121,97,1253,1342,630,131,379,263,1852,344,0,45,170,285,519,233,229,181,100,48,162,670,295,206,532,55,96,1410,50,410,280,469,313,91,106,111,278,68,472,94,228,497,83,77,74,398,3220,435,262,52,710,1124,75,269,253,1019,267,406,284,470,63,417,1069,1571,541,202,137,587,131,206,163,281,606,499,0,44,485,209,107,180,144,170,2465,273,467,403,66,124,114,1895,121,298,178,1171,252,476,626,0,86,824,0,102,446,124,153,143,133,520,58,276,101,32,80,945,233,987,754,52,447,298,152,308,246,336,176,482,128,43,79,183,75,300,86,104,412,149,458,64,82,888,442,638,646,936,218,102,97,56,0,523,62,416,111,180,184,43,80,722,88,234,231,124,177,91,222,83,85,122,96,883,407,118,191,786,1201,516,470,477,100,574,684,383,0,0,306,242,1031,760,205,76,259,96,271,706,695,345,154,0,368,109,2274,306,520,772,515,187,42,306,146,68,161,142,70,717,212,295,392,309,170,660,808,454,55,198,330,1462,98,202,86,35,0,351,234,48,0,0,403,134,439,1202,99,145,28,417,150,201,657,502,304,97,229,172,191,73,92,222,240,1108,1396,0,266,191,984,94,48,62,256,555,773,106,72,72,63,60,387,67,190,553,657,371,0,1981,73,665,1354,142,117,124,1916,34,336,69,89,68,337,100,69,60,135,240,429,284,756,263,591,317,286,41,79,695,779,378,73,214,298,68,188,97,139,0,71,184,96,187,120,22,491,883,124,69,213,113,213,244,352,99,35,88,70,527,41,58,1044,81,417,118,934,635,123,70,315,2487,0,186,200,152,821,308,271,243,0,131,666,209,238,127,271,624,76,388,79,956,167,275,321,726,80,116,118,186,157,387,78,255,98,419,0,376,186,331,0,254,128,649,117,889,0,77,265,34,312,361,135,149,203,530,270,118,691,529,54,64,79,28,133,634,183,867,177,304,2050,934,650,439,358,0,42,268,288,134,138,436,63,78,162,1085,310,473,205,3189,351,0,358,53,59,247,0,151,174,151,110,682,96,32,145,0,123,165,212,135,198,47,350,0,158,37,543,612,490,253,90,64,959,248,126,119,164,526,160,276,69,58,49,344,309,380,950,0,0,156,145,0,173,0,240,228,206,255,187,142,261,851,218,438,308,270,54,233,85,1108,930,131,631,87,103,85,214,457,121,747,202,85,175,337,246,74,571,836,0,82,250,62,36,233,176,78,0,0,151,760,80,401,241,0,304,228,119,395,54,427,98,101,0,1083,501,326,1447,187,102,98,589,89,190,117,20,74,76,63,109,130,147,904,782,136,57,0,173,175,209,537,170,208,285,48,279,29,113,278,999,109,428,616,390,910,180,73,142,224,1013,0,135,44,79,109,678,665,857,424,84,233,100,154,1537,352,150,261,39,336,577,230,116,134,439,270,93,145,349,110,177,150,42,163,214,180,341,535,108,85,175,92,309,104,349,75,159,134,275,285,42,332,453,223,44,254,100,1798,79,131,194,177,258,549,386,76,281,314,1192,123,73,68,709,199,207,45,1137,71,0,239,802,42,46,314,187,1355,156,1662,41,2703,369,134,111,119,63,90,56,0,227,279,100,275,97,0,813,197,165,873,195,197,195,24,386,149,615,2683,774,201,272,40,149,246,169,255,0,536,175,208,0,37,381,129,107,174,974,54,571,1734,261,318,196,512,400,157,126,742,486,274,67,250,0,275,204,1232,0,397,353,433,503,0,1032,314,277,220,1161,1923,471,883,101,519,367,96,412,87,164,164,215,70,152,0,314,0,147,2144,102,64,48,164,116,190,647,178,392,88,153,164,214,57,128,278,119,536,54,178,221,257,128,0,172,208,649,221,690,136,128,916,200,46,569,128,222,559,144,184,0,203,546,278,903,0,56,434,1548,53,80,49,374,312,57,253,54,169,63,106,57,173,1074,363,119,208,223,358,307,720,0,123,127,1082,140,104,276,663,568,630,169,440,65,430,215,184,72,178,164,636,73,155,731,720,153,194,125,45,96,166,1145,1017,198,127,388,99,914,475,0,990,171,70,158,74,151,42,146,166,208,379,73,70,127,101,59,1510,90,84,144,370,72,228,246,0,283,201,114,42,150,61,56,165,64,0,754,0,0,139,499,196,76,229,0,0,253,72,332,93,266,246,21,269,0,210,43,70,0,0,50,342,0,363,48,57,63,74,197,275,77,254,85,45,106,56,486,358,387,78,136,0,90,1147,278,177,69,371,143,98,84,275,111,56,0,256,65,46,212,105,251,0,60,279,203,106,210,84,1279,228,49,101,586,218,136,596,445,122,64,372,45,204,74,60,537,565,121,591,42,0,5054,165,429,36,338,194,0,1662,31,98,280,127,338,45,286,324,54,0,88,141,47,93,507,78,104,45,432,43,276,37,666,286,131,99,34,129,153,90,82,187,398,43,0,60,1950,844,77,483,138,101,403,172,114,97,291,51,830,191,74,165,212,68,799,102,447,259,1256,36,502,348,0,881,0,0,46,101,56,726,230,0,196,328,459,134,402,97,546,0,221,340,0,138,437,166,96,395,198,72,239,260,274,436,93,182,498,78,907,747,210,429,502,162,122,451,171,32,715,0,70,366,0,113,63,275,0,254,345,163,183,0,448,142,296,339,265,0,294,464,41,88,346,183,270,87,146,146,360,41,283,205,257,348,135,168,46,91,316,117,151,107,800,461,259,249,162,0,47,41,165,404,82,335,1083,106,29,181,677,134,163,213,99,56,189,67,49,388,693,219,46,156,312,87,483,67,134,333,111,152,416,33,0,93,436,311,53,425,250,93,58,157,0,87,783,35,370,0,631,546,130,0,698,652,159,110,547,168,264,20,119,255,1440,24,843,94,100,283,393,0,154,187,468,164,149,310,3442,73,27,738,271,61,172,489,713,52,288,122,327,315,119,32,385,29,183,2051,0,469,235,131,193,376,94,242,124,313,139,825,79,139,0,92,91,327,30,183,727,488,160,0,135,184,161,220,97,722,235,143,164,184,123,1199,120,171,72,67,145,230,103,887,650,314,257,176,96,700,138,63,439,319,245,315,635,47,648,480,322,245,99,267,1339,122,75,81,151,1066,51,295,37,0,109,1445,404,89,171,81,545,310,375,141,427,103,243,92,1343,0,64,52,737,109,1238,391,160,156,60,370,487,114,406,76,594,193,317,208,365,308,44,254,38,271,122,129,60,571,1040,0,47,1290,156,46,97,443,435,51,137,748,304,120,145,50,148,81,500,210,582,2323,267,154,347,41,109,308,53,157,652,37,58,89,59,95,507,72,0,274,1016,52,1182,58,184,110,90,529,338,668,429,162,100,1146,346,1620,86,94,83,643,67,652,135,233,194,287,77,61,204,43,32,45,254,67,188,717,239,192,59,0,33,88,187,593,0,1369,85,297,211,0,149,220,154,25,794,162,40,358,173,96,431,384,363,72,336,125,197,111,0,254,190,205,90,314,0,0,1176,51,152,70,257,257,945,612,139,628,118,89,42,133,93,312,671,138,274,435,62,94,186,120,115,113,91,186,155,0,451,173,400,252,799,305,242,387,259,121,55,49,187,91,198,317,640,188,220,135,126,107,1239,258,168,229,697,0,1011,211,52,155,145,622,263,420,54,287,269,176,79,200,85,239,275,904,80,96,40,439,305,374,311,662,200,68,53,109,687,83,0,168,292,83,0,108,94,475,863,130,361,284,50,0,1215,148,152,2296,197,133,57,105,126,106,32,904,414,835,0,294,119,85,0,0,572,94,328,455,273,118,397,328,144,886,227,416,0,145,208,435,629,366,237,330,1036,78,63,608,358,602,83,369,605,185,110,35,88,234,709,773,627,1182,230,49,304,58,67,0,241,73,60,350,0,646,0,182,637,117,45,68,0,197,236,161,70,424,305,715,596,58,153,864,81,87,51,38,961,1903,33,79,32,227,97,30,265,267,658,870,347,350,632,247,65,81,0,106,453,170,603,69,121,68,354,409,267,280,104,89,589,0,294,0,358,91,227,0,178,37,56,399,416,75,53,183,1199,336,281,70,3667,59,156,54,0,0,0,899,141,249,429,1985,88,41,227,83,195,752,251,198,131,156,345,111,423,124,100,371,992,171,283,149,175,120,280,195,525,257,830,236,123,1638,458,403,218,355,283,265,122,127,83,267,61,157,156,164,215,514,323,121,98,72,489,568,256,0,248,86,240,501,246,393,436,113,73,165,0,212,237,290,1889,613,1848,337,0,107,74,56,236,425,126,78,154,606,1377,212,622,314,420,842,38,422,0,128,102,153,338,68,119,212,91,1005,815,0,254,541,112,168,0,112,192,199,640,269,1304,280,243,173,101,1311,654,39,669,246,111,235,261,618,149,468,225,0,346,181,60,426,615,143,687,678,109,248,180,239,308,128,304,253,67,603,125,0,630,442,172,111,385,100,61,2099,40,465,192,134,191,154,278,640,104,76,230,130,220,77,162,881,58,181,62,89,964,249,258,1191,241,255,36,149,297,0,154,62,247,421,258,880,504,333,24,80,186,285,277,228,416,108,51,134,268,275,29,664,200,133,1126,0,0,371,434,59,507,283,530,111,118,303,218,87,73,0,90,390,77,164,526,110,544,1074,64,151,0,92,703,60,434,664,309,605,287,826,313,202,634,0,394,148,116,302,357,668,554,533,427,114,93,274,202,122,68,119,475,110,114,138,570,181,3295,156,50,173,151,104,425,885,220,590,201,351,70,192,54,376,79,959,1615,415,145,1036,49,0,493,162,258,360,139,0,49,441,223,301,320,102,365,520,0,36,0,83,87,372,195,117,106,172,47,131,3620,77,82,1052,256,311,78,700,116,1023,226,60,887,412,50,66,489,59,0,506,128,888,353,271,202,121,196,96,71,58,1843,140,55,0,0,1182,47,440,487,527,726,54,59,215,244,368,99,62,1249,0,141,132,144,807,507,733,429,391,932,109,119,134,143,80,167,137,428,69,1960,454,91,145,115,466,255,115,202,175,225,866,700,433,165,274,160,147,170,68,339,99,125,0,98,563,226,182,95,1403,138,0,442,106,0,211,729,56,171,273,753,138,164,0,487,356,188,67,64,478,2560,280,66,79,383,153,169,110,204,828,97,166,297,117,262,134,163,916,132,51,104,58,160,117,125,325,395,131,110,213,0,292,274,374,448,103,131,772,55,109,435,185,158,161,245,847,284,382,130,248,74,110,263,157,282,836,370,44,57,1061,362,442,331,180,219,487,215,428,66,113,1899,343,792,138,685,387,461,441,465,42,303,223,112,418,265,205,147,67,1742,187,294,0,135,125,77,956,41,107,144,2330,0,163,738,336,342,110,846,89,437,746,228,132,3001,120,2036,230,800,90,237,655,153,255,411,351,252,305,40,54,351,343,59,480,292,99,361,40,461,867,828,66,189,213,61,585,48,84,293,144,224,167,176,530,727,103,295,30,65,304,70,246,1187,132,220,528,66,73,49,255,475,664,91,74,333,493,58,95,299,553,191,43,408,556,127,54,939,258,231,570,672,474,637,330,47,198,51,35,100,564,104,167,222,0,257,493,135,81,49,745,50,320,475,658,151,389,234,351,0,52,2609,474,1576,116,579,251,56,235,139,64,268,393,1241,767,113,548,531,855,68,284,36,415,279,144,137,167,113,182,72,210,1304,820,0,250,86,85,505,459,0,18,156,81,1693,356,151,0,105,133,326,370,139,291,216,497,175,109,156,1539,127,123,1879,234,530,105,158,319,92,0,87,904,56,313,34,238,157,301,200,85,181,573,69,143,127,276,304,151,509,78,264,59,251,675,1765,3668,200,355,327,590,896,206,786,110,590,211,399,184,394,267,523,621,191,138,35,347,358,22,734,441,17,276,353,475,1442,143,705,207,786,99,103,0,211,187,244,580,76,4561,94,63,1623,37,25,236,236,90,194,316,1204,37,59,139,424,43,52,547,79,52,324,57,291,108,278,528,480,2454,226,76,1357,233,714,142,763,30,536,294,92,90,751,129,530,44,123,351,117,455,783,142,192,929,305,1392,802,237,51,190,205,134,41,3007,790,72,94,290,294,141,236,66,81,172,88,293,93,219,160,27,459,60,59,385,412,175,742,136,63,73,2185,103,82,105,57,70,62,65,224,749,50,281,609,1224,173,380,199,69,114,265,363,116,58,488,2362,97,124,231
46,0,0,0,0,0,0,0,0,0,0,83,0,0,0,54,51,0,0,0,0,143,0,0,0,61,0,0,0,0,0,0,0,0,0,0,0,0,0,44,0,0,0,0,17,0,0,0,175,0,0,0,0,0,0,0,0,0,0,0,0,0,0,56,0,0,0,0,0,0,0,0,0,0,0,0,38,0,0,0,0,0,0,0,91,0,0,0,0,0,62,0,0,0,0,0,0,0,0,0,0,0,0,0,0,0,0,0,0,0,59,0,0,90,0,0,0,0,0,0,62,0,74,0,0,0,0,0,0,0,0,0,71,0,0,0,82,0,0,0,35,0,27,87,0,0,0,0,0,0,0,0,53,0,0,0,0,0,0,64,0,0,0,0,0,0,0,0,57,40,68,73,0,0,0,0,0,0,91,0,0,0,0,0,0,0,0,117,0,0,0,0,0,0,0,0,0,0,0,0,0,49,46,0,181,0,0,0,0,46,33,0,0,0,0,0,0,29,0,0,0,57,0,0,54,0,0,0,0,0,50,0,0,0,0,0,0,0,34,0,0,0,0,0,0,0,0,0,0,0,0,0,68,0,0,0,0,0,0,0,46,0,0,0,0,0,0,39,68,129,0,0,64,87,0,0,0,0,129,113,0,0,0,0,0,0,0,62,691,0,0,0,53,0,0,0,0,0,36,0,0,0,30,0,0,97,229,0,0,48,45,66,0,0,0,0,0,0,32,0,0,0,0,0,0,48,0,0,0,0,49,0,0,0,31,26,0,0,0,0,0,85,0,15,48,0,0,0,29,179,47,0,0,66,76,0,0,0,125,47,0,0,0,0,0,0,48,0,0,0,77,0,0,0,0,0,46,0,0,0,0,0,0,0,0,36,0,48,17,0,15,0,234,0,0,0,132,0,0,42,0,0,0,0,0,0,0,0,0,0,0,0,0,0,0,0,0,0,0,0,0,40,32,0,0,0,0,0,39,0,0,0,0,0,0,0,0,0,0,69,0,0,69,0,37,53,62,0,0,0,0,0,0,0,39,0,0,0,0,0,0,0,0,24,0,0,0,0,0,0,0,0,71,0,0,0,46,47,95,0,57,0,24,0,0,0,0,0,0,0,95,0,33,52,0,0,0,76,0,0,0,100,0,26,49,46,30,57,0,0,0,0,0,0,0,0,70,0,0,0,31,0,46,46,0,0,25,0,126,0,0,0,0,0,0,0,0,0,0,0,0,51,56,0,0,0,16,0,0,132,0,0,0,0,49,0,0,0,40,0,94,133,0,0,0,152,0,0,0,0,94,0,0,0,0,0,0,86,0,0,52,36,0,0,216,0,0,115,31,0,0,235,0,0,0,0,0,0,0,0,0,0,0,50,28,0,0,0,69,56,0,0,0,0,40,0,0,0,0,0,0,0,0,0,34,0,0,0,0,0,55,0,0,0,0,0,0,0,0,0,0,0,80,0,0,119,0,90,0,215,0,0,0,45,311,0,0,0,0,48,41,51,0,0,0,129,0,0,0,0,120,0,0,0,43,0,52,0,165,0,0,0,0,0,52,0,42,0,0,0,50,0,58,0,0,0,49,0,0,0,0,0,0,77,31,0,29,58,0,0,0,112,80,0,0,0,0,10,60,39,152,21,0,374,96,86,28,0,0,0,84,0,0,0,60,0,0,0,122,0,49,0,235,0,0,69,0,0,66,0,0,0,0,0,71,0,0,0,0,0,0,22,0,0,0,0,0,0,0,83,72,0,47,0,0,105,51,0,0,0,70,0,45,0,0,0,0,0,60,128,0,0,0,0,0,0,0,0,50,0,0,33,0,0,82,0,0,41,70,0,35,11,165,43,29,0,0,0,0,0,25,0,49,0,0,0,0,0,0,67,143,0,0,0,0,0,0,0,0,0,0,0,116,0,74,30,0,45,0,0,0,0,105,0,0,0,216,0,46,100,0,0,0,45,0,0,0,0,0,0,0,0,0,0,185,0,0,0,0,0,0,0,61,0,0,0,0,49,0,0,74,173,0,0,0,100,77,0,0,0,53,0,0,0,0,0,0,0,0,69,0,0,0,0,0,135,28,40,76,0,0,0,0,0,0,73,0,0,0,70,0,0,0,0,43,0,0,45,88,0,0,0,0,0,0,0,0,0,0,29,48,0,57,0,0,0,41,0,322,0,0,38,0,0,104,38,0,0,86,60,0,0,0,89,0,0,0,214,0,0,26,0,0,0,75,0,207,0,146,0,885,0,0,0,0,0,0,0,0,44,39,0,0,0,0,97,0,0,69,0,0,0,0,50,0,0,544,139,0,45,0,0,0,0,0,0,29,67,0,0,0,0,0,30,0,173,0,82,262,34,142,0,133,85,0,0,102,55,49,0,0,0,0,55,77,0,53,0,112,17,0,187,90,0,0,144,50,0,236,0,0,35,35,56,0,17,0,0,0,0,0,70,0,0,203,0,0,0,35,0,0,0,0,0,0,0,0,0,0,0,0,0,112,0,51,0,20,0,0,53,0,0,37,253,0,53,75,0,0,155,65,0,151,0,37,0,24,78,48,141,0,0,64,157,0,0,0,0,0,0,0,0,0,0,0,0,0,105,0,0,0,75,0,0,122,0,0,0,148,35,0,49,104,0,64,0,80,0,0,56,58,0,0,65,47,0,71,255,106,0,0,0,0,0,0,153,163,0,0,0,0,167,101,0,222,0,23,0,0,0,0,0,0,54,198,0,33,49,31,0,165,0,0,0,40,0,0,0,0,62,0,0,0,77,0,0,52,0,0,89,0,0,0,84,53,0,0,0,0,58,18,131,0,77,0,0,0,0,111,0,28,0,0,0,0,0,0,0,0,0,0,0,56,50,92,0,0,52,0,0,322,50,0,0,0,34,187,0,27,0,0,0,0,37,0,65,0,0,0,0,0,0,21,39,0,0,0,0,0,133,0,61,0,0,0,111,0,0,70,153,11,0,98,0,158,0,0,155,51,42,0,0,0,941,0,77,0,54,0,0,164,0,29,77,0,101,0,177,59,0,0,26,0,0,37,0,0,0,0,42,0,75,0,63,45,0,0,0,0,0,0,0,0,49,0,0,44,293,143,43,142,0,56,99,104,45,0,39,0,78,0,0,0,47,0,334,0,49,0,202,0,38,71,0,139,24,0,0,0,0,173,78,0,117,30,53,0,320,0,97,0,0,219,0,0,20,0,38,90,0,9,0,0,55,47,44,90,0,0,185,84,0,45,106,0,0,75,0,0,241,0,0,40,0,42,0,0,0,54,56,88,36,27,94,0,37,81,108,0,56,91,0,0,0,0,0,64,0,82,63,0,45,86,115,180,0,0,0,0,0,32,53,0,39,221,56,0,0,0,0,0,47,158,51,40,187,0,0,0,106,0,59,0,0,0,49,0,0,53,90,22,0,0,49,0,167,0,0,115,0,0,0,0,0,0,101,30,0,99,0,18,0,22,0,0,132,0,0,0,150,47,0,0,56,180,0,0,106,79,43,0,0,0,257,0,186,0,0,45,102,0,0,0,80,0,37,59,316,0,0,205,0,32,0,22,89,0,74,14,0,0,26,0,149,0,0,418,0,0,44,0,0,71,0,63,49,55,0,215,0,0,0,0,0,0,0,44,54,122,0,0,0,51,0,35,0,67,31,0,0,0,0,233,0,78,0,0,0,0,0,103,55,36,0,0,0,228,0,0,90,84,20,121,117,0,83,192,57,41,21,75,0,0,0,0,45,134,0,0,0,0,0,328,71,0,0,0,0,64,60,0,186,0,80,0,225,0,0,0,217,0,335,51,0,20,0,29,95,0,114,15,53,59,0,55,0,0,0,0,0,42,0,0,0,101,116,0,0,400,0,0,0,41,56,0,60,191,77,0,0,0,0,0,0,0,60,339,0,62,79,0,0,0,25,0,202,0,0,0,0,0,94,0,0,58,261,0,275,0,37,0,0,86,63,62,103,54,0,0,76,367,0,0,0,112,0,44,26,27,54,24,0,0,45,0,0,0,39,0,18,130,0,0,0,0,0,0,24,118,0,109,0,52,66,0,0,51,0,0,190,54,0,0,0,0,66,60,0,0,40,0,0,0,0,0,0,0,0,65,0,0,149,0,0,0,55,28,103,69,0,42,0,0,0,0,0,66,58,0,30,72,0,0,0,0,0,0,41,0,0,0,59,0,0,77,102,0,29,53,0,0,0,0,31,0,48,0,121,0,42,0,0,28,333,24,0,73,70,0,277,68,0,0,0,111,47,63,0,129,19,62,0,0,0,40,50,167,0,0,0,166,45,0,48,111,65,0,0,0,35,0,0,0,24,0,0,0,0,56,83,28,0,48,0,0,335,0,0,398,31,0,0,0,38,0,0,231,86,179,0,42,0,0,0,0,0,30,60,99,0,28,0,0,0,142,56,76,0,0,0,96,64,89,0,0,377,0,0,82,70,128,0,105,134,0,0,0,0,0,262,141,64,115,0,0,70,10,0,0,0,0,0,46,0,152,0,30,196,0,0,0,0,0,47,38,0,72,53,89,43,29,37,235,23,36,0,0,182,266,0,0,0,0,44,0,34,0,141,140,61,0,101,0,0,0,0,0,0,0,87,24,38,0,87,74,0,47,0,0,79,0,40,0,49,0,0,0,49,0,0,44,149,0,0,61,181,82,0,0,718,0,44,0,0,0,0,110,27,0,58,141,30,0,0,0,0,90,0,47,0,0,64,0,52,89,0,172,107,0,120,63,0,0,22,38,241,0,192,54,0,174,49,0,32,0,78,75,56,0,0,53,0,29,46,53,0,195,88,0,13,0,76,92,0,0,0,0,44,82,56,55,42,29,0,39,0,84,32,56,186,220,105,75,0,0,0,0,70,0,0,0,90,74,494,95,214,38,57,74,0,59,0,0,0,22,53,0,69,87,0,0,200,0,42,72,30,0,0,0,70,0,110,33,449,60,67,28,0,238,157,0,152,0,0,0,0,87,44,0,0,0,85,0,0,0,110,0,381,34,26,29,88,0,0,0,84,51,0,330,0,0,118,93,0,0,75,0,0,431,0,272,0,60,67,0,97,208,0,0,0,19,45,0,37,53,39,50,0,48,256,0,40,406,0,19,0,0,33,12,0,0,0,128,96,82,199,58,0,0,98,41,33,129,46,28,0,54,0,43,0,82,0,0,45,0,0,117,48,0,123,103,167,0,68,39,0,0,0,0,0,76,0,83,66,26,169,194,0,0,0,24,66,0,92,129,37,240,52,79,0,45,112,17,41,35,0,72,62,127,356,108,45,49,0,149,68,0,0,0,77,0,45,27,43,69,394,0,0,19,0,0,73,261,38,118,45,117,0,0,0,89,0,74,256,83,0,328,0,0,118,70,0,73,25,0,0,63,52,60,97,0,255,49,0,0,0,0,0,78,54,0,0,59,0,26,570,0,0,141,27,45,0,198,55,233,0,0,103,128,0,0,40,0,0,75,40,231,0,44,42,35,49,17,0,0,413,50,0,0,0,246,0,177,176,0,503,0,0,27,17,41,0,0,157,0,0,37,65,39,94,110,90,82,328,0,0,0,62,0,44,14,121,0,699,167,0,0,0,84,28,50,73,45,0,418,88,83,43,61,0,0,60,19,83,0,0,0,47,226,82,67,49,445,28,0,125,0,0,53,238,0,0,72,41,0,55,0,52,95,32,0,0,284,358,186,0,0,85,24,0,12,34,104,0,61,133,0,0,0,0,54,0,0,83,0,0,60,16,48,0,71,0,36,0,72,0,207,146,0,45,281,0,0,0,43,0,0,62,164,110,83,0,56,0,0,87,80,100,508,24,0,0,134,95,115,34,92,53,46,34,103,0,0,209,79,280,74,112,74,65,139,115,0,0,33,0,66,73,0,0,0,1073,52,81,0,33,46,0,62,0,0,0,379,0,80,219,0,128,0,404,43,334,127,38,67,874,0,560,44,102,59,66,103,36,48,106,167,79,77,0,0,0,120,0,88,38,0,65,0,147,287,67,19,98,74,0,190,0,0,88,49,89,114,0,76,254,0,0,0,25,0,0,82,466,0,57,169,0,0,0,63,100,71,45,0,46,117,63,71,89,50,0,0,85,131,38,28,178,46,62,52,128,410,142,58,0,0,0,0,0,278,0,100,40,0,185,115,0,55,0,154,20,174,0,168,151,81,140,58,0,0,515,0,259,0,77,76,0,87,39,0,0,47,278,35,0,364,0,128,0,57,0,69,92,50,0,0,0,0,0,0,381,108,40,120,43,0,177,55,0,0,51,0,486,43,98,0,0,46,0,56,108,0,40,109,27,82,147,61,0,0,188,165,120,40,43,42,0,0,0,245,0,51,0,0,0,75,40,0,50,98,37,0,0,0,66,64,140,0,72,0,49,118,440,1165,83,72,51,51,140,83,105,48,89,112,168,0,160,290,147,67,56,49,19,0,56,0,222,94,0,0,77,127,190,0,59,36,137,41,0,0,39,42,32,440,0,201,131,0,475,0,0,0,71,0,58,0,665,0,0,68,361,0,0,94,0,0,58,0,117,0,0,137,191,497,275,0,272,0,151,0,67,0,66,0,24,0,98,37,346,51,32,31,0,96,209,0,30,54,37,312,215,26,0,0,40,23,0,836,50,0,0,48,40,39,0,0,45,0,0,108,85,205,30,0,57,25,0,485,61,0,0,0,79,0,475,0,0,0,0,0,0,30,0,204,0,0,127,36,53,57,23,0,0,58,88,34,29,89,591,0,0,0
47,0,0,0,0,0,0,0,0,0,0,0,0,0,0,0,33,87,0,0,0,0,0,0,0,0,0,0,21,0,0,0,0,0,0,0,0,0,0,0,0,0,0,0,0,0,0,0,105,0,0,0,0,0,0,80,0,0,0,0,0,0,0,0,0,0,0,0,0,0,0,0,0,0,0,30,0,0,0,0,0,0,0,0,61,0,0,0,0,0,110,0,0,0,0,0,0,0,0,0,0,0,0,0,0,0,0,0,0,0,0,0,0,0,0,0,0,44,0,0,83,0,0,0,0,0,0,0,0,0,0,0,45,0,0,0,0,0,0,0,0,0,0,102,0,0,0,0,0,42,0,0,44,0,0,0,0,0,0,0,0,0,0,0,0,0,0,0,0,60,0,0,0,0,0,0,0,0,0,0,0,0,0,0,0,0,0,0,27,0,0,0,0,0,0,0,0,0,0,0,0,0,0,0,100,0,0,0,0,34,0,0,0,0,0,0,0,0,0,0,57,0,0,0,34,0,0,0,0,0,0,0,0,0,0,0,0,0,27,0,0,0,0,0,0,0,0,0,0,0,0,0,54,0,39,0,0,0,0,0,0,0,0,0,0,0,0,49,0,0,0,0,0,0,0,0,0,0,0,0,0,0,0,55,0,0,0,52,216,0,0,0,51,0,0,0,0,0,0,0,0,0,0,0,0,118,51,0,0,57,0,0,58,0,0,0,0,18,38,23,0,0,0,0,96,52,0,0,0,0,0,0,0,0,0,0,0,0,0,0,0,0,0,0,0,0,0,0,0,0,0,0,0,57,52,0,0,34,0,0,0,0,26,0,0,0,0,0,0,0,0,0,0,0,0,0,0,0,0,0,0,0,0,0,0,100,0,0,0,0,0,0,67,0,0,0,0,0,0,0,0,0,83,0,0,0,0,0,0,0,0,0,0,0,0,0,0,0,0,0,0,0,0,0,30,0,0,0,0,0,0,0,0,0,0,0,0,0,0,0,0,0,103,0,103,0,0,0,0,0,0,0,0,0,0,0,0,0,0,0,0,0,18,74,0,0,0,0,0,0,0,0,26,0,0,0,0,0,45,0,0,0,0,0,0,0,0,0,52,0,0,0,0,92,0,0,19,0,0,0,0,37,0,0,0,0,0,0,0,0,0,0,0,0,0,0,132,0,0,0,86,0,0,40,0,0,0,0,81,0,0,0,0,0,0,0,0,0,0,0,0,63,0,0,0,0,0,0,0,77,0,0,0,0,0,0,0,0,0,0,58,45,0,0,0,30,0,0,0,0,0,0,0,0,0,0,0,0,0,0,76,0,0,0,129,0,0,235,0,0,0,190,0,0,0,0,0,0,0,0,0,0,0,0,0,0,0,0,0,0,0,0,39,45,0,0,0,0,0,0,0,0,0,0,0,0,0,0,0,0,59,0,0,0,0,0,21,0,0,0,0,0,0,0,0,34,0,0,0,0,53,0,0,0,0,0,0,0,0,0,0,0,0,0,0,0,0,0,0,0,24,0,0,0,110,0,0,0,0,0,0,0,0,0,0,0,0,0,0,0,0,0,0,0,0,0,63,0,95,0,0,0,0,0,0,0,0,0,0,0,0,60,24,0,0,0,0,0,63,0,0,0,0,0,24,117,0,14,0,0,0,0,0,0,0,0,0,0,0,0,0,0,216,0,0,0,0,0,0,0,0,0,0,0,0,0,0,0,0,0,0,0,0,0,0,0,0,0,0,0,0,0,0,0,0,59,0,0,0,0,64,0,0,0,0,0,0,0,0,52,0,0,0,0,0,0,0,0,0,0,0,0,0,0,102,0,0,0,0,0,0,0,0,139,0,67,0,0,0,0,0,0,0,0,0,0,0,0,0,0,79,0,0,0,0,0,24,0,0,0,0,0,31,0,0,0,0,0,0,0,0,0,0,0,0,0,58,36,0,0,0,0,0,0,0,0,0,0,0,0,0,0,0,0,39,0,0,0,0,0,0,0,0,0,0,16,0,0,0,0,0,13,0,0,0,0,40,0,0,0,0,98,0,0,0,0,0,67,103,0,0,0,0,0,0,107,0,0,41,0,0,0,0,0,0,0,0,0,0,0,0,0,0,0,39,0,0,70,131,0,0,0,0,0,0,65,0,0,0,0,0,0,60,158,0,0,71,0,57,0,33,0,0,51,0,65,0,29,0,116,0,0,0,162,0,0,0,71,0,0,0,0,0,0,0,38,0,20,596,0,521,64,0,0,0,0,24,0,0,0,0,0,0,0,0,126,0,0,78,63,0,16,0,82,0,0,0,56,38,71,0,0,0,0,0,0,46,0,0,0,0,45,0,0,33,0,0,79,47,0,50,0,0,0,0,0,156,73,38,0,0,0,0,0,98,0,0,0,66,73,0,63,0,0,0,132,96,0,0,0,0,0,0,0,0,0,0,0,0,0,0,0,0,0,70,0,0,0,0,0,0,0,0,0,0,0,0,46,0,0,0,0,29,0,0,21,33,0,0,0,0,105,0,52,0,0,62,0,0,103,0,46,71,0,0,0,0,0,0,0,0,0,79,143,0,0,0,25,29,0,0,0,0,0,0,0,0,112,0,0,0,0,24,56,0,0,0,0,0,0,0,0,0,61,76,0,74,0,36,0,0,0,0,0,36,0,0,151,0,0,0,0,0,0,0,0,106,11,0,94,0,142,83,0,0,0,0,0,0,0,0,0,0,0,70,0,0,0,0,0,75,0,0,0,53,0,0,0,0,65,19,0,0,0,0,0,0,0,0,0,0,0,0,18,0,0,0,0,0,18,0,0,0,0,0,0,32,0,0,0,0,0,0,0,47,0,0,0,0,0,0,22,0,0,0,0,0,0,0,75,62,0,0,0,0,0,136,0,0,0,71,0,0,0,0,0,0,0,0,0,0,0,0,0,0,0,0,0,0,0,0,0,0,0,0,69,0,0,0,61,0,0,43,0,0,0,0,84,57,0,105,0,0,268,0,0,0,49,0,0,177,0,0,0,0,0,0,0,0,0,0,0,40,0,0,53,0,0,0,61,0,0,0,94,0,0,0,0,0,0,0,0,0,0,0,0,0,419,200,0,87,0,0,0,27,0,0,0,0,58,0,0,0,0,0,162,0,0,0,0,0,35,53,0,0,0,0,0,0,0,29,0,0,0,32,0,0,78,0,135,0,0,60,0,0,0,43,0,0,0,0,0,0,0,0,0,0,74,0,90,94,0,71,0,0,0,0,0,0,77,0,0,80,0,0,0,0,0,0,61,32,0,0,56,0,0,0,0,0,79,0,0,0,0,0,0,0,0,19,0,0,50,0,0,60,0,0,0,0,0,0,0,0,0,0,59,0,0,0,0,0,0,0,0,0,68,0,0,0,66,0,0,0,0,0,0,0,0,0,100,56,0,0,18,0,92,0,0,32,29,0,60,0,0,0,0,0,0,0,0,0,0,0,0,0,0,0,0,0,0,0,30,0,0,0,0,0,40,0,0,0,0,0,146,0,52,0,0,0,0,0,0,30,169,28,27,0,0,0,0,0,41,0,29,0,53,0,0,57,36,0,0,0,49,0,0,0,0,0,0,0,0,0,0,0,0,0,0,45,0,0,0,0,0,0,0,28,0,209,31,0,0,75,0,0,0,0,40,0,0,0,0,0,0,41,0,0,0,0,0,62,89,0,0,59,28,49,0,0,0,0,0,0,0,0,22,0,0,0,0,36,34,0,0,42,0,0,0,0,0,0,0,174,0,0,0,0,60,0,0,0,86,0,79,0,0,0,0,0,0,21,49,0,0,0,0,0,0,46,0,0,0,0,0,0,0,29,0,0,0,0,0,0,0,0,31,0,0,101,0,0,0,0,0,0,24,0,35,0,0,0,0,0,0,0,0,181,0,89,0,0,0,0,0,0,37,0,0,0,0,0,140,0,0,0,72,0,72,0,0,0,0,0,107,22,49,0,0,139,0,423,0,0,0,104,0,30,39,0,0,0,0,0,0,0,0,0,0,0,0,247,0,0,0,0,0,0,0,16,0,145,0,0,0,0,0,0,0,0,0,0,0,44,29,0,48,77,0,0,0,0,0,0,0,72,0,67,0,31,0,0,375,0,0,0,39,0,77,0,0,53,0,0,0,0,0,0,73,28,0,35,0,0,0,0,0,0,0,0,0,0,0,0,0,49,98,0,31,0,0,0,0,0,0,0,0,0,138,0,22,0,0,0,106,30,0,0,69,0,52,44,0,0,0,46,0,0,0,96,28,20,0,0,0,0,0,163,0,0,0,0,0,38,52,23,0,0,0,0,234,0,0,41,0,0,0,0,0,176,70,0,109,0,0,0,269,0,0,174,32,0,0,0,0,0,0,0,38,0,0,0,0,0,0,0,81,0,34,60,30,31,20,0,0,117,0,96,0,12,0,0,0,0,75,0,170,0,0,24,55,28,0,0,139,0,0,0,0,0,0,0,42,159,0,0,72,0,0,0,0,0,0,46,0,163,0,0,42,0,0,0,0,0,42,0,0,35,45,97,79,0,0,0,0,0,0,0,208,260,0,29,0,0,0,0,46,0,0,124,0,35,41,0,0,0,0,0,98,0,133,0,0,0,87,0,55,0,0,0,82,0,78,0,28,0,0,0,0,0,0,77,32,0,0,0,110,65,0,0,508,0,0,0,0,0,0,34,0,21,20,149,0,0,0,0,0,87,56,37,0,0,0,0,48,49,0,35,89,0,0,0,0,0,37,0,0,49,119,58,0,213,76,30,0,0,45,0,0,0,0,0,0,0,0,0,0,36,0,0,0,0,80,54,0,0,0,0,0,84,0,0,0,0,0,0,0,0,0,0,0,0,172,0,0,0,0,0,0,0,0,0,65,0,51,0,0,0,31,0,0,0,0,0,0,0,0,0,0,0,0,117,188,0,36,0,0,19,0,0,27,0,66,0,0,0,0,0,0,106,80,0,51,0,0,0,0,102,0,0,0,0,0,0,0,0,78,0,0,64,0,0,87,0,0,0,36,29,0,41,0,0,43,0,0,0,0,0,0,101,0,100,0,0,0,0,61,46,0,0,0,0,0,0,0,43,0,0,0,0,203,29,44,146,0,0,0,0,58,0,0,0,0,59,0,130,0,37,0,0,0,0,0,0,0,0,0,0,0,0,0,0,0,0,107,0,0,27,0,0,56,0,17,0,0,0,0,20,0,0,0,0,0,55,99,0,90,132,0,0,0,0,41,0,0,53,0,132,0,0,0,26,25,0,56,66,0,0,65,90,50,61,0,0,0,0,30,0,0,27,54,0,0,38,48,0,62,0,0,31,0,0,27,40,0,94,0,0,0,0,0,52,0,76,229,50,0,138,0,0,37,0,0,49,0,0,0,0,0,0,44,0,145,30,0,0,0,0,0,67,30,0,0,27,0,0,156,0,0,0,0,62,0,157,0,161,0,0,27,72,0,0,0,0,0,91,0,0,54,0,0,0,0,0,0,0,209,0,0,0,0,38,0,0,0,34,27,0,0,0,0,0,0,0,135,0,41,0,0,63,78,51,0,62,61,0,0,0,0,0,0,0,69,0,60,0,0,0,0,0,0,0,0,0,0,38,61,107,0,0,0,0,0,0,0,0,0,0,0,0,0,0,0,276,0,0,0,0,0,0,61,0,0,0,82,0,0,0,0,63,0,0,0,73,343,0,0,0,73,0,0,14,0,49,0,0,0,0,0,0,0,67,0,0,0,0,0,0,0,35,0,0,0,0,0,45,9,0,37,0,0,96,0,0,0,24,0,0,0,46,26,0,0,0,0,0,0,0,0,59,0,0,0,145,0,32,0,0,0,38,22,0,0,0,250,36,0,0,99,71,45,0,0,0,0,0,0,0,42,0,0,0,137,0,55,0,0,0,0,56,0,0,0,310,0,0,81,0,0,0,0,0,0,0,29,0,656,0,321,0,39,0,0,0,0,0,52,83,0,25,0,0,0,0,0,64,0,0,0,0,47,75,104,0,0,0,0,0,0,0,0,0,0,0,0,48,174,0,0,0,0,0,0,0,0,0,39,91,0,0,0,0,0,39,0,0,42,89,0,0,0,0,0,0,121,44,0,0,96,0,0,34,87,26,76,93,0,40,0,0,0,111,0,0,0,0,0,0,0,0,0,111,0,76,0,47,0,0,34,59,0,0,596,0,0,0,0,39,0,55,0,0,0,48,233,0,0,78,0,48,0,0,0,73,51,0,0,0,0,0,0,0,117,84,0,0,0,0,0,0,0,0,0,0,279,0,0,0,0,0,0,0,62,0,0,45,0,26,0,56,0,0,208,0,62,0,49,65,0,0,0,72,0,43,0,0,0,21,0,0,0,62,0,0,0,0,0,36,81,0,0,0,0,45,162,524,0,70,0,61,0,0,79,0,0,63,0,0,83,43,0,48,50,0,0,109,0,0,141,57,0,0,71,0,44,0,0,0,0,0,0,0,42,0,65,188,0,205,38,0,0,0,0,0,0,0,0,0,320,0,0,0,145,0,0,166,0,0,0,0,61,0,0,59,0,257,24,0,313,25,0,0,39,0,65,0,0,0,133,0,78,0,0,0,0,40,68,0,0,95,0,98,74,0,0,0,0,0,0,360,54,0,0,67,50,0,0,0,0,46,0,0,0,0,0,0,70,0,0,150,0,0,0,0,0,0,147,0,0,0,0,0,0,0,0,57,0,0,43,60,0,0,0,0,0,0,78,0,0,54,143,0,0,0
48,41,156,103,286,287,530,304,46,475,91,776,172,139,134,938,1435,1307,140,235,117,1574,262,401,393,668,63,176,358,176,77,173,365,36,329,909,599,80,431,1450,1037,366,208,139,803,43,397,233,1808,109,899,288,470,683,217,1299,219,117,52,130,82,804,454,1289,198,443,694,258,188,147,1961,55,262,271,153,2220,795,168,2387,191,882,96,308,788,1469,382,215,126,254,321,1494,358,225,498,828,192,225,89,291,267,0,159,155,753,173,181,373,299,457,447,1684,288,497,748,871,515,308,701,243,181,1568,230,1359,131,152,252,212,159,691,164,1020,64,1785,141,488,532,1207,578,456,437,1005,256,745,2150,0,150,317,312,494,792,0,141,599,288,719,466,147,414,245,1491,1066,359,161,597,402,565,317,262,639,985,1167,996,207,224,93,432,166,402,1041,212,211,1143,95,294,273,327,257,3307,896,54,84,80,575,347,879,124,614,187,106,443,169,510,838,185,2236,240,301,176,224,659,746,899,236,335,195,1138,344,413,81,183,829,1054,295,85,1658,111,145,480,1777,106,522,173,158,170,122,110,205,291,793,409,118,741,229,199,322,59,919,104,329,77,325,319,1639,397,1085,263,302,77,262,456,1686,919,760,262,340,128,131,1339,729,2270,168,134,882,1721,490,429,439,54,3654,1265,362,86,667,864,633,427,319,1312,9735,435,472,272,1082,143,148,323,68,424,574,499,212,146,492,232,135,1835,1517,1471,116,569,412,3660,479,61,76,385,463,1137,498,269,274,203,131,257,928,541,391,852,124,211,2658,56,512,537,490,441,122,123,139,409,103,530,126,542,883,174,91,149,483,6102,1015,852,146,1191,2340,100,423,410,1730,974,443,456,489,132,669,1387,3458,959,325,219,915,356,292,357,487,901,745,54,60,1089,422,209,335,232,375,3448,569,660,588,79,150,202,3222,133,459,322,3485,280,723,834,60,174,1564,97,231,636,313,219,341,248,985,86,492,187,66,147,1158,617,1662,1315,189,720,611,252,490,552,609,388,854,231,69,132,296,112,597,139,216,443,215,929,116,123,2304,822,1363,733,1919,552,210,336,136,36,1158,104,514,149,371,308,84,148,1112,183,973,788,206,215,191,406,141,261,295,193,1936,800,388,342,1233,1692,1008,937,547,190,851,1197,756,85,64,500,779,1930,1188,368,177,970,257,442,1237,1009,927,252,0,849,128,3603,526,536,1294,690,400,114,660,226,155,207,199,129,1682,394,375,811,975,241,1269,1321,550,98,312,446,1648,210,335,128,83,109,632,474,147,65,0,885,207,785,2293,154,180,101,770,278,492,1448,628,469,173,411,346,256,145,377,439,321,1216,2102,0,301,409,1942,314,143,107,324,991,1490,169,100,169,169,118,985,152,330,1423,936,851,110,2276,151,1626,3865,446,169,163,2616,0,557,191,200,72,656,153,310,196,169,399,462,260,849,314,784,295,324,81,215,1892,2028,672,153,425,567,82,387,163,166,43,218,365,170,258,225,0,870,909,152,154,254,154,204,344,533,120,30,112,89,925,47,179,1325,168,424,194,1074,1398,234,71,347,2834,55,556,206,353,927,605,304,340,87,163,756,289,488,245,278,1612,282,921,167,1055,305,221,432,1713,220,116,120,526,516,1041,202,324,218,650,46,787,145,400,94,445,288,706,88,1277,93,194,509,93,610,666,218,179,491,681,670,202,949,1261,69,86,133,93,256,1363,521,804,501,539,5611,1684,1292,881,566,41,0,770,581,238,255,643,89,76,227,1246,675,870,274,6097,835,27,640,215,67,756,46,164,375,298,152,753,210,95,148,0,136,205,516,135,303,102,693,53,404,154,950,819,706,276,178,138,1322,253,187,175,331,926,288,649,126,96,0,753,555,565,2097,0,40,228,258,81,333,37,390,186,325,355,357,349,273,845,295,774,543,782,152,305,129,1095,909,159,1646,196,174,232,486,1008,99,1670,246,180,216,429,335,174,1043,1434,84,167,230,145,84,610,383,139,63,28,250,2282,120,1398,424,0,528,398,194,974,150,506,252,103,44,3319,1559,354,1982,162,239,138,1407,277,465,251,35,191,137,114,238,146,285,1143,864,244,176,0,300,350,435,542,202,387,680,85,576,77,303,328,928,186,391,812,606,1884,221,192,333,433,1058,0,247,58,158,186,780,815,1621,710,241,317,208,150,1369,413,384,377,77,622,714,364,118,117,568,522,104,215,327,189,284,159,92,243,193,397,587,638,97,127,630,114,549,91,546,83,252,244,247,481,93,312,776,215,88,246,189,1483,138,240,244,326,278,690,383,162,240,452,2436,202,133,58,929,729,209,51,1836,300,32,388,984,97,60,328,410,2025,256,2651,90,4239,692,232,188,278,82,153,92,56,405,213,237,987,148,159,719,338,344,937,473,199,238,26,397,140,1101,3759,698,556,330,72,230,274,174,355,0,1712,451,213,80,84,605,241,122,236,853,42,666,3025,400,606,171,397,395,424,248,854,910,491,135,448,0,493,275,1278,30,572,705,713,602,0,1438,518,291,489,1151,2263,991,897,90,873,643,205,1184,118,210,156,418,129,189,55,390,56,383,2205,156,83,103,307,212,316,1038,165,292,196,174,302,231,63,176,338,101,700,66,219,463,272,245,0,325,377,703,405,1181,101,359,3591,172,42,1435,321,440,1233,308,200,40,183,468,405,872,55,84,640,2855,79,145,158,348,951,62,463,56,185,172,131,93,280,1150,481,222,167,391,703,686,1035,70,272,232,1117,277,103,324,505,1222,1126,171,709,116,1442,207,343,97,165,357,1340,107,424,1387,724,131,359,160,42,106,342,1122,2527,314,183,717,128,1797,655,42,1703,448,140,292,75,101,98,177,201,314,508,70,211,512,233,81,1734,161,183,317,453,201,336,441,141,511,344,140,148,296,152,129,191,136,48,855,54,28,196,427,352,303,234,117,53,284,204,692,98,258,403,80,395,86,346,114,135,79,225,100,515,68,622,67,111,482,126,397,422,118,408,111,46,246,147,838,635,874,86,194,73,166,1291,199,253,137,804,293,196,107,397,241,85,171,350,52,491,324,199,352,39,50,425,338,162,395,110,1105,453,75,164,680,293,164,955,683,229,90,535,142,390,179,141,1106,899,281,1289,170,47,5270,206,759,57,397,370,175,2471,52,243,289,165,404,69,684,463,90,55,87,435,92,123,875,137,110,119,874,190,270,60,814,500,195,112,132,142,297,201,209,188,745,105,0,134,5520,1923,258,1276,174,258,431,789,331,193,452,92,1278,178,171,260,320,86,1315,173,748,301,2223,94,1046,465,54,1484,192,67,130,133,121,762,174,135,487,545,842,255,635,97,1191,61,222,684,23,236,581,266,166,714,216,139,137,421,234,568,130,299,976,112,1856,1102,290,561,1013,342,180,549,138,75,1886,41,71,605,40,137,145,867,123,476,681,282,248,196,612,325,387,425,402,36,590,547,86,117,447,201,456,187,119,205,729,99,607,529,672,960,235,214,94,113,756,167,247,174,1630,840,532,545,214,318,203,70,156,1116,191,464,1124,168,32,206,519,150,245,372,105,69,303,79,58,424,933,310,52,241,475,347,804,134,358,484,136,202,1247,27,106,78,529,438,90,629,288,193,81,242,0,73,653,157,600,29,979,604,131,89,925,961,145,134,759,286,455,56,185,390,1908,46,1027,110,90,303,621,64,212,237,1346,262,223,679,3094,85,36,691,376,79,412,678,1229,78,412,301,244,283,120,58,788,62,223,2727,0,437,285,168,320,390,120,224,286,447,136,689,135,177,0,127,128,409,44,225,1197,1162,366,85,223,285,201,264,93,699,526,323,162,151,293,1395,206,217,143,172,179,312,90,829,703,427,488,316,181,698,137,114,387,297,342,426,659,158,678,833,345,261,100,247,1652,151,112,238,251,973,106,240,55,72,109,1859,407,298,187,87,1565,404,419,125,525,107,652,145,1464,0,115,51,955,135,2579,399,341,172,80,637,762,169,529,176,850,204,514,327,410,830,96,363,43,345,132,252,133,574,1423,0,48,1765,183,62,137,452,524,94,166,813,395,181,153,76,178,112,587,350,998,2141,219,372,336,33,147,357,89,258,972,55,78,256,70,199,990,74,80,344,1384,180,967,95,155,126,111,621,884,678,560,223,191,1581,378,2706,97,122,95,715,49,881,240,277,365,500,211,64,189,84,97,65,343,111,213,2040,393,150,46,39,42,87,195,643,51,3014,107,366,308,40,157,245,417,0,807,666,146,635,233,170,247,297,477,53,502,235,252,163,56,161,592,198,58,356,57,0,896,86,297,133,394,399,1435,1422,183,928,503,267,107,89,170,507,1336,365,278,950,105,176,286,62,92,182,156,202,274,29,266,361,298,353,759,436,234,277,315,89,81,86,270,153,331,499,1566,147,323,284,204,254,1788,388,128,417,983,0,877,461,45,193,319,1230,377,222,0,872,213,294,149,112,97,346,481,661,44,162,66,923,282,293,636,517,740,106,86,196,558,138,0,349,237,86,64,221,134,550,1252,137,198,340,69,71,1991,77,127,1541,106,165,36,178,221,164,0,1532,431,1232,61,492,124,231,50,109,612,222,447,386,156,366,714,272,415,2587,704,280,70,113,327,428,716,544,171,222,1777,64,67,925,622,1174,173,634,337,294,119,52,133,202,1410,1041,545,852,273,88,282,112,63,98,480,115,74,604,0,459,26,128,970,175,94,95,28,374,573,224,262,570,205,922,867,133,154,1825,232,145,54,105,722,3044,119,300,123,229,195,0,550,222,684,1423,300,333,428,705,95,181,0,123,295,344,1386,87,241,90,240,463,222,573,126,80,358,53,708,45,1209,92,282,100,321,76,64,309,669,56,99,295,1871,288,425,65,5236,93,169,0,66,46,35,765,207,381,317,1442,155,34,203,65,150,416,340,274,184,227,597,147,388,276,121,506,897,112,406,155,233,142,381,248,850,394,921,310,122,1422,355,374,238,336,298,263,192,104,104,282,73,240,302,308,187,965,484,87,89,70,980,695,248,0,178,96,396,631,256,355,632,85,90,190,44,373,272,543,1597,966,1870,431,0,104,128,92,275,487,133,99,481,550,2346,216,1091,391,437,964,135,339,0,226,198,228,296,148,118,438,89,1073,1433,43,462,509,71,332,0,94,221,207,708,167,914,305,215,390,207,1077,749,0,785,232,146,183,200,680,128,511,195,0,506,226,64,478,766,284,1745,543,158,189,540,289,259,144,521,623,73,549,137,37,582,554,218,230,582,92,62,2951,54,554,210,159,284,110,225,738,208,63,184,154,185,131,195,805,106,283,110,133,2271,201,272,1083,228,222,38,215,333,111,241,64,266,606,326,808,1002,361,67,110,242,282,234,212,305,83,72,234,243,249,30,531,170,244,1383,88,0,430,398,78,535,444,523,69,134,319,160,119,107,39,122,534,109,405,580,134,889,1039,88,171,26,66,507,81,611,589,248,829,399,851,423,294,1008,67,320,369,99,394,364,646,861,600,439,111,70,366,351,137,60,188,758,96,125,340,362,244,4201,187,33,219,383,99,386,923,345,1382,170,388,99,174,52,593,71,896,1385,553,96,798,48,0,404,142,350,374,120,0,99,590,336,420,394,160,1161,592,52,31,22,201,76,497,342,95,112,237,37,180,4424,102,72,2079,183,424,72,829,104,1032,352,57,907,385,100,109,201,127,0,400,143,1091,201,344,231,132,187,178,47,90,1716,256,50,71,0,1308,50,618,565,704,1086,104,42,184,202,501,94,59,1000,0,194,245,219,935,444,561,690,540,1336,50,115,106,227,111,239,88,598,145,2794,899,113,180,53,795,350,156,308,316,245,1053,550,632,152,261,112,223,298,144,298,209,167,0,168,662,425,267,200,1685,140,0,441,102,50,251,792,48,230,443,441,113,117,0,633,293,265,74,100,766,2335,757,46,134,677,102,182,59,198,704,93,226,857,166,271,100,284,430,99,0,163,118,60,145,150,288,277,267,180,199,76,278,240,388,603,195,178,946,56,0,424,142,264,216,252,1159,361,370,148,362,213,193,332,229,386,1662,110,30,50,739,346,411,325,207,441,326,301,428,99,97,1259,309,1731,261,859,282,734,559,1095,41,160,181,132,778,235,211,190,91,2858,325,471,59,101,238,62,1019,38,114,171,2277,50,191,718,287,462,148,1734,111,696,938,320,263,2563,126,1419,172,510,123,249,1104,127,535,316,651,345,386,78,107,168,409,77,469,306,172,279,88,748,807,825,82,257,293,104,512,52,70,278,155,296,258,256,872,720,0,204,0,92,75,109,390,1389,249,298,660,66,193,56,289,798,756,97,108,290,918,44,86,266,828,145,59,532,554,170,99,1212,265,277,683,694,471,473,458,0,198,80,51,112,375,83,215,246,0,233,418,146,60,40,704,88,385,226,598,189,369,483,566,0,58,2613,407,1694,148,336,300,27,328,168,56,167,310,1089,821,153,668,542,567,99,199,55,576,370,122,168,192,105,101,130,126,1439,833,97,261,55,105,375,496,0,24,256,212,2337,255,135,59,101,98,236,249,220,356,218,390,213,245,496,1335,105,75,1970,192,580,130,172,271,185,0,84,777,49,289,28,176,139,408,238,107,163,751,169,136,96,277,309,196,482,114,297,59,204,358,2165,4615,165,311,401,532,802,203,422,76,421,224,332,180,678,376,425,539,183,203,44,480,363,0,889,816,41,189,335,347,1551,193,520,207,862,146,165,63,272,182,570,875,67,3134,489,0,1433,0,0,388,247,81,359,227,1467,90,67,179,678,71,0,683,144,0,472,61,334,136,597,383,394,2901,218,53,1458,154,1046,170,573,49,631,372,88,99,823,211,472,72,144,450,113,419,713,131,106,839,197,1286,1305,283,99,192,241,120,33,2653,506,67,0,331,607,147,224,84,144,156,62,256,253,193,172,0,469,56,40,1091,326,213,787,160,271,53,2148,129,98,96,46,56,45,44,306,624,19,164,636,970,124,495,203,70,97,351,371,135,46,476,2059,187,124,209
49,0,114,155,281,239,597,340,39,422,93,1132,195,110,109,1117,1517,1187,122,280,112,1438,321,367,517,598,132,151,366,169,136,146,398,29,338,788,916,61,338,1011,953,335,282,167,1173,0,356,303,1516,103,901,379,491,610,183,1181,156,109,73,124,92,679,491,987,137,362,902,207,124,175,1577,58,303,227,100,1678,691,139,2391,188,823,93,210,968,1236,353,382,132,293,320,1315,466,324,459,844,190,215,73,271,195,0,166,279,798,170,115,398,227,660,442,1237,326,442,698,1257,391,260,706,226,128,1439,185,1702,197,195,211,257,202,516,212,995,127,1683,109,661,650,877,692,390,367,809,293,522,1720,41,117,409,260,356,692,81,144,606,241,597,661,117,554,222,946,936,324,89,391,355,753,272,187,758,913,1395,875,269,366,113,344,189,303,787,320,283,1222,91,238,222,332,203,2941,1262,62,103,79,493,285,678,132,494,214,115,692,191,388,861,169,2114,210,255,147,246,741,683,816,221,452,159,869,482,558,118,165,847,1474,231,88,1633,77,84,627,1777,144,743,134,107,170,163,80,234,336,1130,291,117,615,254,288,311,53,571,105,289,61,289,559,1460,424,1394,235,350,77,234,351,1486,1078,527,263,254,103,112,2043,864,2048,174,145,1598,1696,591,400,568,140,4170,1657,460,114,465,716,532,506,284,1508,14588,564,378,293,1158,112,141,269,123,447,386,325,184,150,367,230,122,1676,1491,1116,116,503,421,3411,491,60,93,383,384,1262,621,264,371,199,111,275,933,859,333,713,151,148,2764,0,530,539,569,384,92,127,216,255,132,520,114,541,907,218,145,90,453,6251,1501,894,170,1656,3344,117,351,511,1432,1059,385,488,716,177,684,997,2662,1315,400,269,1223,408,277,394,487,676,1061,78,60,1428,376,265,229,200,425,3233,531,616,674,116,178,192,2741,224,489,179,2803,227,519,1272,109,229,1434,93,211,759,318,188,487,178,1070,55,552,271,49,103,1288,505,1565,1475,178,635,724,282,495,693,608,436,1189,237,55,194,380,195,852,138,212,347,250,1240,131,162,1467,692,1499,670,1743,699,259,331,130,33,1152,105,653,162,192,400,59,197,742,194,1034,874,232,240,180,380,217,245,344,268,1812,798,546,412,1277,2307,1106,820,704,287,1163,883,641,99,88,474,948,1814,830,449,239,995,276,373,1429,619,1372,272,26,938,224,3392,727,527,1097,943,253,143,644,264,136,223,153,129,1805,410,522,958,1078,335,800,1711,466,139,274,382,1429,247,375,130,70,126,476,574,159,71,40,967,202,1061,2174,227,204,97,580,337,392,1566,779,658,223,441,361,332,127,404,387,266,1063,1660,0,371,513,1771,393,203,93,415,982,1419,187,87,218,237,96,1524,137,212,1495,1064,880,160,2161,116,1585,3779,477,191,240,3653,50,717,100,181,125,781,131,369,163,263,551,543,354,1036,452,1054,378,356,87,219,1975,2062,613,139,393,666,83,416,182,193,64,244,347,167,403,230,0,1055,1354,131,197,360,148,273,433,467,177,48,138,128,912,74,204,1807,146,489,240,1607,1315,283,107,476,2578,49,650,354,464,1182,550,346,411,84,227,1069,391,597,145,453,1279,301,764,90,1838,334,429,396,1257,231,171,169,551,439,1098,224,348,290,869,51,855,243,422,90,385,210,1095,154,2194,77,200,449,129,715,686,227,232,399,746,385,213,1428,1329,107,143,137,78,345,905,357,1417,538,752,5422,1616,1646,572,674,62,68,567,584,212,367,926,73,99,282,1821,573,1192,249,3657,732,0,578,137,93,584,68,220,401,227,172,959,168,66,239,90,238,212,630,226,478,133,444,48,332,121,933,805,803,433,191,177,1564,300,220,269,346,905,302,835,161,93,100,765,746,580,1917,78,43,322,232,52,321,46,484,317,360,494,311,227,402,1598,413,1000,514,601,125,344,124,1132,1588,245,1549,237,245,195,430,890,136,1601,323,208,248,442,382,159,1172,1543,89,175,455,120,100,687,514,135,89,0,294,2190,142,969,412,51,499,364,299,859,129,874,273,107,76,2357,1707,364,1989,300,225,152,1006,319,471,184,37,239,177,125,193,160,303,1639,1019,296,224,0,274,310,421,700,221,406,484,79,665,71,320,326,1164,180,449,963,740,2188,329,229,293,357,807,0,268,63,297,196,1364,1667,1749,639,235,355,223,251,2757,925,368,852,120,587,853,315,205,270,659,669,194,249,426,269,290,178,93,196,375,396,475,674,155,149,685,176,706,151,1090,146,206,358,503,663,93,452,935,355,95,401,290,2283,105,247,289,233,379,1823,514,158,773,491,3109,180,274,108,1189,703,269,74,1558,208,38,456,1063,160,88,631,529,2770,222,3161,122,3733,661,317,432,287,106,163,84,95,342,542,214,752,112,137,1099,310,397,1949,1098,315,474,59,499,294,1251,3968,1415,656,442,183,284,354,295,364,0,1733,627,282,76,133,683,193,254,373,1139,96,971,4595,455,667,241,953,448,470,356,1056,1314,563,84,461,0,554,362,2796,35,707,567,518,1144,0,2147,473,219,596,1508,4659,1066,2046,169,960,751,288,1179,145,359,356,451,56,226,60,496,44,326,3475,233,163,206,539,280,423,810,312,661,509,206,371,291,128,145,256,229,777,81,247,271,759,338,36,393,373,1305,392,2126,215,407,3371,337,104,2089,221,717,822,272,282,0,211,866,272,1906,50,106,739,2767,130,197,138,715,626,109,439,175,326,186,201,149,277,2160,281,364,386,677,877,720,1223,107,301,291,1422,240,215,557,1312,1387,1528,574,489,124,1116,431,628,103,333,510,1301,111,518,961,1153,276,423,182,53,109,404,1896,2682,251,165,763,232,2532,888,24,1514,354,125,456,104,234,82,176,173,265,854,154,330,716,221,72,3054,176,272,563,585,211,276,362,172,715,438,124,170,390,176,153,213,147,99,761,71,51,214,556,536,229,291,129,0,393,345,796,164,390,406,161,447,116,498,101,174,112,286,219,446,112,686,98,104,375,0,373,637,200,484,192,67,237,183,675,1053,764,111,350,85,150,1142,420,123,180,658,427,187,220,334,337,64,208,545,48,399,392,288,625,78,56,201,254,169,635,201,2305,421,124,283,522,239,290,1125,900,131,192,841,182,659,147,159,2044,585,268,963,205,73,7192,372,1112,76,320,285,123,2436,70,324,555,198,542,114,989,389,93,60,184,547,101,213,1270,145,114,186,880,120,434,125,780,726,268,98,160,268,265,219,170,413,752,101,40,158,6157,2411,181,1702,307,336,604,1106,241,155,257,146,1894,455,246,367,329,92,1831,192,637,460,2267,59,2203,450,53,784,187,108,167,123,126,1134,480,222,475,402,1308,320,1038,88,1553,93,356,955,0,280,998,335,247,553,190,104,352,603,418,632,135,474,890,156,2605,923,443,588,1042,373,285,683,310,67,1713,30,105,875,53,187,167,1138,118,363,619,507,478,121,995,379,735,377,463,51,593,790,63,218,419,215,502,235,262,388,564,62,734,686,509,1172,396,219,155,128,986,263,200,183,1891,1296,945,532,212,304,276,76,176,844,218,787,1612,165,38,288,770,170,306,387,122,0,315,71,60,542,1177,334,102,213,505,332,1103,128,335,519,151,234,1403,0,134,93,555,469,80,744,463,172,120,249,0,95,769,156,650,0,1643,770,197,166,808,1143,243,231,1005,344,624,66,159,373,2068,65,1229,98,244,305,539,102,349,264,1763,381,244,968,4040,97,51,733,555,126,487,704,1348,57,420,394,460,456,211,68,1003,64,234,2439,33,460,281,220,205,580,163,234,170,601,175,579,67,196,51,227,143,397,79,248,789,1827,331,76,258,523,295,394,101,886,510,267,249,310,288,2433,261,266,275,200,221,469,103,1327,843,503,418,437,258,875,185,134,374,597,408,648,873,186,808,836,459,357,225,395,1592,172,134,377,378,1274,130,427,72,89,137,1920,384,268,268,144,1846,469,542,254,611,173,920,146,1745,0,88,103,1624,159,3742,543,551,257,122,448,1005,205,535,106,730,223,378,327,549,773,100,292,115,466,175,428,143,582,1421,40,52,2567,194,67,184,522,689,144,256,779,538,220,177,118,241,165,626,485,886,2649,489,706,530,42,218,471,91,299,1279,57,115,288,74,182,1266,74,110,444,1507,180,1119,130,196,167,133,904,1224,816,569,300,144,2392,405,3830,95,79,162,855,143,1006,203,243,482,481,231,80,243,130,146,70,360,152,279,2482,365,278,70,0,71,186,254,614,66,2799,124,421,522,50,251,287,302,0,1416,698,144,337,240,216,520,467,598,120,607,215,297,258,94,438,747,391,148,630,0,80,2470,80,492,138,560,532,1673,1574,225,1121,536,306,175,224,200,939,759,553,466,965,130,400,356,148,142,213,149,288,202,103,641,499,739,769,1289,538,343,546,438,120,99,79,607,126,474,299,1727,329,359,294,242,161,3652,215,317,348,1404,123,1972,464,111,211,448,1161,622,484,92,1212,302,422,196,241,95,404,722,1421,179,155,74,703,393,515,973,959,907,154,99,384,1296,104,0,711,476,109,64,268,302,1168,1568,288,489,460,146,0,3792,179,274,3157,412,169,68,182,500,476,87,1575,815,1657,73,560,178,262,125,146,884,207,605,669,357,507,859,448,604,1616,714,565,58,234,269,806,960,771,455,331,2522,127,141,1044,610,833,165,1441,840,350,228,67,154,308,1202,1151,928,1955,262,84,530,113,105,162,633,117,127,729,0,971,64,211,1656,210,147,67,69,380,616,258,296,941,360,1063,724,115,243,1167,297,141,102,118,1864,2937,88,375,140,226,194,52,1097,399,968,1677,507,502,702,499,137,109,49,187,708,588,1586,143,291,140,562,779,525,672,98,105,1044,88,779,36,1296,105,383,117,518,92,76,776,1164,93,87,266,1764,619,333,120,5334,110,214,70,63,40,80,1082,535,300,576,2516,145,70,302,115,247,784,467,385,234,219,421,155,674,308,150,600,1356,197,293,285,266,277,646,415,987,443,986,411,142,2615,611,531,352,512,542,261,225,183,116,365,132,346,365,325,299,616,578,153,174,95,1130,1033,349,0,270,160,406,634,374,358,1032,114,114,331,36,272,347,707,2029,1255,2646,520,0,104,185,91,325,612,284,119,417,1579,1884,386,1134,925,623,1337,113,473,20,239,242,224,361,140,212,314,134,1291,1351,66,563,653,154,526,0,91,279,269,1341,379,1724,375,283,507,268,1504,987,48,834,285,316,222,357,1088,289,700,404,83,400,407,132,600,1086,284,1565,970,123,501,399,248,407,134,648,832,96,1036,270,51,974,712,442,192,444,143,85,3402,76,930,299,246,272,213,564,819,248,117,225,161,258,211,274,1227,103,313,107,171,2628,347,469,1839,390,360,0,307,433,68,246,108,506,894,507,1104,603,585,69,122,324,443,357,458,300,135,80,246,309,296,50,493,225,292,1678,114,0,667,1077,101,817,382,1023,94,262,831,239,184,145,48,187,632,81,350,1186,175,1193,1690,115,194,49,136,743,65,622,720,514,1440,370,1336,385,256,672,94,623,388,181,569,564,1168,887,900,1016,180,114,464,476,250,139,226,921,131,214,375,520,177,5084,408,55,280,439,149,1071,1073,276,1599,302,647,113,242,74,605,109,960,2278,692,222,1466,87,28,580,265,446,533,153,0,145,950,462,602,548,131,1079,667,64,51,38,151,138,695,382,128,135,335,83,241,4200,174,144,2936,422,352,129,1058,158,1197,463,102,976,555,150,145,532,102,63,806,157,1572,440,495,396,162,408,169,86,111,3414,469,107,128,52,1855,95,643,644,789,913,115,79,333,382,479,160,0,1636,33,258,228,248,1417,640,975,646,258,1533,146,142,189,283,156,298,143,771,123,4065,718,150,171,120,638,635,173,526,274,378,1088,1238,869,285,419,274,317,304,122,363,212,261,51,229,793,600,383,178,2053,160,0,439,146,77,351,840,91,317,338,1004,205,217,0,558,331,335,47,101,796,3936,644,63,164,678,181,255,125,251,837,126,509,563,187,321,176,407,1196,150,62,145,155,172,218,226,562,564,233,239,289,71,346,315,294,735,148,236,1244,75,148,547,173,274,351,356,1229,840,458,215,495,94,122,538,254,574,2589,559,53,46,1283,502,578,670,151,312,606,286,669,99,222,2249,400,1539,309,487,541,704,734,851,39,413,285,212,901,451,297,231,119,2632,319,422,60,154,263,66,1512,58,198,263,3450,66,273,771,496,483,271,1412,80,401,1090,277,345,4497,191,2636,229,977,140,278,1370,142,369,434,593,422,667,114,118,443,729,128,645,468,155,376,71,1054,829,594,113,530,487,184,752,81,95,328,227,394,244,316,1055,962,146,344,60,100,378,108,673,1634,260,390,1037,79,151,98,357,689,1065,60,148,530,643,145,281,344,569,273,50,633,777,236,175,1502,301,485,1065,844,1012,894,486,0,249,93,69,130,906,132,476,308,34,546,572,221,181,117,1315,120,933,440,841,514,548,636,568,37,100,3284,526,1889,162,714,302,66,312,218,91,335,511,1701,1008,232,1441,752,1001,72,343,78,786,324,162,219,234,349,212,168,180,1698,1177,197,680,143,134,580,619,0,61,281,183,2388,424,482,72,127,220,389,432,572,633,276,671,232,487,855,2031,135,149,2170,474,772,220,332,402,137,0,141,1283,87,691,51,449,199,504,246,110,274,852,201,190,221,341,401,338,775,92,378,106,341,615,2542,5486,419,796,387,991,1040,222,733,125,851,569,521,244,880,940,799,642,314,238,97,550,462,0,989,609,82,493,480,554,1445,169,757,276,907,181,210,84,341,232,514,1549,106,5282,751,53,2179,74,38,272,364,109,427,358,3443,108,89,207,1177,97,77,783,203,35,467,93,562,163,644,813,515,3199,625,69,1758,323,816,184,926,66,993,457,138,119,1249,227,1324,169,162,523,140,669,1121,161,211,974,436,2229,1443,411,188,245,301,150,76,4026,865,121,85,370,495,250,415,0,236,217,136,361,428,582,220,53,856,132,93,1839,576,339,1021,202,370,87,2653,156,70,116,79,75,75,120,388,1360,72,314,872,1254,198,598,228,106,165,498,461,191,140,609,3725,247,175,315
50,0,0,0,0,0,36,82,0,68,0,370,0,0,0,232,63,361,0,0,0,315,50,0,0,146,0,20,37,0,50,0,0,0,79,0,85,0,0,0,143,0,0,29,309,0,60,0,372,0,434,33,82,72,0,125,0,0,0,0,0,143,39,174,0,0,231,37,0,34,227,0,0,0,0,357,33,33,259,0,112,0,43,47,119,0,30,0,91,0,121,113,0,62,93,0,0,0,0,0,0,0,0,68,0,24,73,34,84,0,350,0,95,138,320,45,63,65,45,0,97,0,254,75,0,45,37,33,0,0,167,0,349,0,72,96,144,133,92,50,114,113,34,255,0,0,71,0,74,52,0,0,45,46,42,0,0,38,41,103,20,62,0,50,44,35,0,26,148,0,141,198,37,119,64,0,48,65,169,119,0,170,0,65,0,92,0,593,208,0,0,15,0,0,78,0,116,0,0,158,0,95,33,0,575,0,44,0,0,58,54,112,0,83,24,201,160,43,0,0,178,110,32,0,271,0,0,0,39,0,75,0,0,0,0,0,0,0,286,15,0,53,39,83,58,0,64,0,90,0,51,0,256,73,398,0,0,0,0,0,64,123,126,54,70,0,0,325,203,427,62,0,132,256,76,97,197,0,1287,307,33,0,136,65,116,84,35,102,1668,109,66,0,111,28,0,0,34,0,0,60,0,42,77,31,0,313,505,223,21,0,0,529,0,0,0,0,36,90,0,53,0,0,0,0,0,60,78,96,31,0,289,0,61,62,135,64,0,0,0,66,0,188,0,55,92,0,0,17,0,1024,182,120,0,326,786,0,42,0,452,206,97,66,0,0,142,243,497,298,116,36,275,129,0,60,0,184,187,0,0,193,77,13,0,0,139,255,155,107,49,0,0,43,614,0,89,0,881,50,89,300,0,0,310,0,0,109,47,65,0,0,136,0,0,0,0,33,176,169,181,93,48,192,0,27,0,0,72,38,249,28,0,0,0,0,91,0,0,109,35,312,0,0,183,66,194,122,154,227,57,98,0,0,373,0,55,0,0,25,0,38,210,0,255,115,43,31,39,57,0,60,46,0,237,129,78,103,157,514,33,153,146,0,159,254,113,0,23,30,191,321,100,119,0,150,0,45,95,84,82,47,0,0,49,777,101,115,104,250,0,0,91,44,0,0,0,34,287,57,89,46,196,0,229,146,94,24,55,76,515,0,53,0,24,0,127,58,0,0,0,80,0,27,267,0,47,0,149,31,49,57,98,66,0,89,55,0,0,120,91,57,376,267,0,58,0,243,68,0,0,35,159,306,0,0,0,35,0,220,0,68,214,218,217,0,550,0,432,612,74,33,0,93,0,68,0,0,0,234,0,41,0,39,78,63,76,222,72,204,28,0,28,0,272,385,176,0,97,0,26,0,0,59,0,0,0,37,57,80,0,211,219,0,47,57,28,0,0,137,0,0,0,0,353,0,20,446,0,65,0,147,95,41,0,133,436,0,68,77,43,227,54,83,44,0,11,241,90,45,60,88,321,0,147,0,124,46,75,108,248,0,0,0,51,146,180,0,101,41,211,0,109,0,83,0,48,59,80,0,260,0,0,54,0,143,75,99,59,79,269,153,39,238,133,0,0,26,23,91,201,137,254,70,131,531,36,387,172,90,0,0,105,96,0,0,99,0,0,87,487,150,170,35,1096,40,0,199,0,0,158,0,15,140,20,0,85,0,0,0,0,0,0,125,38,81,0,117,0,95,0,0,275,235,39,0,33,367,0,53,68,79,197,39,125,43,0,0,34,71,104,156,0,0,79,35,0,49,0,88,47,0,83,0,0,91,117,79,261,88,183,0,71,43,108,160,51,69,28,0,37,0,98,0,224,51,52,0,139,92,0,105,255,0,0,28,24,0,88,120,37,0,0,80,112,0,284,52,0,171,0,0,99,0,148,32,0,0,753,219,101,494,0,0,38,201,27,0,66,0,33,0,0,0,0,0,222,237,46,0,0,42,59,142,181,39,50,150,0,216,0,0,71,84,0,65,280,153,209,46,41,49,103,168,0,0,0,61,0,79,82,85,67,17,0,0,0,328,110,0,153,0,55,175,0,22,0,0,53,0,0,96,34,0,40,0,28,0,25,0,89,20,0,27,0,75,0,70,5,68,59,0,50,0,17,42,0,0,42,0,440,46,0,69,85,51,327,46,0,179,0,374,0,40,0,229,76,0,0,753,0,0,0,77,0,0,138,51,327,29,151,0,551,0,0,23,0,0,0,0,0,79,99,0,59,45,0,146,122,26,426,86,0,90,0,81,0,0,349,113,97,47,0,24,31,47,47,11,258,119,48,23,0,32,0,55,0,262,0,67,769,69,122,0,54,142,0,63,91,156,38,0,0,0,0,0,117,0,0,65,75,92,0,106,60,42,0,228,577,54,131,0,81,34,47,203,0,0,0,0,0,0,0,109,0,0,27,0,0,0,29,0,0,154,0,71,38,0,0,32,0,26,95,82,223,0,0,42,36,48,0,25,0,96,114,396,0,84,418,43,0,429,0,125,163,33,44,0,0,69,110,0,0,0,141,1115,0,0,0,81,74,0,22,0,0,0,0,40,0,253,69,64,56,124,33,0,0,0,15,0,310,72,0,0,189,0,80,140,203,0,23,73,67,15,54,91,51,0,117,150,128,0,0,0,0,0,0,195,73,84,0,52,0,396,75,0,110,59,0,0,10,72,0,0,0,85,347,0,100,248,34,0,711,0,0,57,192,42,0,131,0,107,79,0,0,93,0,19,55,28,0,121,0,0,0,79,104,78,88,0,0,0,49,241,0,84,118,0,77,39,89,0,52,0,86,0,0,0,129,0,11,142,29,58,109,78,99,0,0,78,46,129,217,136,0,0,0,38,223,86,71,34,106,82,0,0,38,96,0,57,80,0,184,45,53,115,0,0,49,82,0,131,0,476,74,0,45,115,33,49,215,269,64,40,188,19,153,0,0,169,262,47,134,37,0,2372,72,208,0,63,110,49,320,0,82,176,34,56,0,304,96,0,0,54,83,0,0,295,27,0,0,160,46,17,0,120,190,42,0,37,51,60,44,0,104,131,0,0,30,764,393,49,528,57,97,112,331,57,0,67,0,192,89,70,57,142,0,735,37,168,72,455,0,209,166,0,235,53,0,43,0,0,329,113,73,168,0,139,72,251,0,250,31,82,386,0,66,162,92,37,199,54,51,121,82,0,48,57,72,159,0,469,107,75,87,161,59,49,178,74,0,285,0,0,133,0,34,0,171,0,131,182,217,129,49,242,95,210,0,168,0,212,124,0,46,101,82,79,71,56,86,166,28,86,222,175,230,65,34,0,0,132,0,94,0,320,226,144,107,30,107,65,0,51,237,47,151,490,50,0,40,245,35,59,75,0,0,69,0,0,100,120,0,0,0,98,0,253,0,71,236,0,61,89,0,0,0,151,85,0,179,97,25,0,56,0,0,237,0,118,0,452,207,0,0,136,310,0,0,153,0,164,0,0,0,409,0,259,0,0,82,162,0,40,67,117,80,32,191,624,0,0,132,64,0,53,151,162,0,112,35,115,71,40,0,181,0,46,506,0,93,69,43,43,139,19,74,0,61,0,308,0,59,0,52,0,58,0,67,347,230,0,0,0,79,71,90,0,123,60,52,50,77,50,467,41,58,0,0,0,70,24,161,157,85,72,58,0,143,32,49,64,118,32,187,149,0,181,119,108,62,47,113,264,0,0,0,82,269,0,130,0,0,58,177,60,27,0,26,180,172,176,88,102,46,103,0,493,0,0,0,154,36,788,138,81,79,0,167,115,0,91,22,0,0,135,74,128,59,0,75,0,64,16,53,0,135,157,0,0,501,63,0,0,179,124,0,50,140,87,0,0,23,0,0,88,78,182,692,74,98,145,0,0,77,0,0,331,0,0,0,0,0,128,0,0,83,580,30,326,0,0,50,0,356,126,157,50,58,0,220,76,424,0,0,32,133,0,210,60,70,84,145,29,0,59,44,0,0,72,0,32,235,112,42,27,0,0,0,34,172,0,547,34,138,87,0,19,0,75,0,165,47,0,160,0,22,24,26,38,0,100,0,28,0,0,0,63,0,0,0,0,0,116,0,42,44,58,0,413,149,39,216,55,39,0,0,45,174,279,57,0,98,0,86,0,0,0,0,0,0,90,0,42,41,49,161,159,110,56,23,0,0,0,0,127,0,68,169,354,0,48,0,37,47,755,113,0,104,67,0,178,110,0,0,0,113,114,0,0,138,0,60,0,0,0,73,79,65,0,0,0,245,60,41,250,0,80,0,0,0,51,0,0,46,0,0,0,54,68,57,133,0,0,68,0,0,750,0,0,217,56,0,0,32,89,92,0,236,45,67,0,76,0,56,0,0,89,48,150,114,0,0,131,0,41,363,142,0,0,0,101,73,261,35,0,78,141,0,0,66,0,172,0,282,34,0,0,0,61,75,358,109,122,262,0,0,49,0,0,35,68,0,0,37,0,0,0,0,128,0,0,0,0,59,131,0,0,0,0,209,0,0,0,355,0,0,0,0,110,563,0,42,0,65,0,0,77,37,46,337,0,57,57,96,0,44,0,0,0,129,283,24,0,0,37,58,0,0,0,0,0,0,170,0,148,0,84,0,84,0,0,77,146,0,0,67,111,42,133,0,94,0,0,0,0,0,0,222,100,105,78,411,0,0,64,0,0,62,27,52,0,58,79,25,85,82,0,269,371,33,86,0,35,0,52,0,221,101,317,56,43,315,0,137,0,0,53,90,51,0,29,0,0,48,22,44,71,154,57,0,0,0,0,109,49,0,47,0,67,192,54,122,41,0,0,58,0,61,0,0,474,307,302,0,0,0,0,0,56,0,13,0,205,97,417,72,260,84,82,74,0,83,0,0,0,51,61,0,40,94,0,212,221,0,0,75,0,0,0,26,0,0,120,95,95,137,90,97,48,265,130,0,194,59,28,0,67,93,0,63,78,0,118,45,0,63,65,0,486,35,0,0,158,29,40,48,32,0,29,154,0,0,152,83,0,36,48,0,0,508,0,184,0,70,0,0,64,130,0,0,70,0,60,50,53,69,32,0,0,56,488,52,0,202,45,0,0,0,0,39,29,0,35,63,162,231,154,74,0,0,49,80,0,65,60,0,0,0,77,92,0,114,49,21,245,0,0,96,0,0,152,90,256,42,65,49,69,0,0,0,31,140,0,132,189,44,102,282,0,0,0,0,181,0,0,118,127,105,97,130,88,43,92,0,65,131,0,35,0,172,244,105,73,0,0,237,35,0,0,37,46,36,0,79,92,52,751,57,0,43,100,0,70,156,53,303,60,28,0,0,0,106,0,176,337,132,41,162,0,0,103,41,88,74,23,9,0,36,24,54,73,46,477,94,0,0,0,56,28,108,111,0,0,59,0,35,1192,26,0,424,84,138,0,146,0,139,65,0,148,104,0,0,136,0,0,220,0,399,116,89,0,0,0,0,0,33,311,73,0,0,0,343,0,112,63,87,197,0,0,35,68,124,0,0,429,0,0,97,56,273,77,122,147,143,422,51,0,43,0,33,0,0,215,23,303,337,0,31,57,125,0,0,118,92,33,213,0,0,0,65,0,71,49,75,93,55,0,0,0,128,93,79,46,298,35,0,54,0,0,72,182,0,89,46,303,30,0,0,136,57,99,0,0,133,611,101,0,0,200,0,0,0,34,177,0,104,185,0,32,0,43,403,28,0,28,0,40,0,0,34,93,82,0,44,0,0,83,72,176,35,19,50,0,32,76,0,0,0,0,248,200,65,0,65,40,74,107,0,48,410,80,0,0,131,73,116,61,37,178,150,49,113,50,28,298,53,577,27,233,110,71,214,348,0,174,57,0,117,42,74,31,0,387,0,94,0,0,0,26,366,0,0,29,863,0,40,178,94,120,55,447,0,98,201,93,0,742,0,432,0,157,0,101,170,0,105,121,88,0,61,0,0,124,77,0,177,119,0,71,0,101,144,218,0,105,35,0,112,0,0,28,31,82,48,0,93,148,41,45,0,0,64,0,60,255,94,0,118,0,0,0,111,181,263,0,0,58,80,34,65,69,170,23,0,67,101,0,0,91,90,67,110,75,172,0,45,0,0,0,0,0,111,0,73,52,0,79,143,0,0,0,100,0,102,31,163,91,103,107,0,0,0,186,0,314,0,88,121,0,42,0,0,38,41,268,172,0,159,125,165,0,47,0,110,118,18,0,0,55,53,0,0,350,120,0,77,0,0,118,45,0,0,87,53,245,58,81,0,0,0,110,78,83,122,0,0,51,0,0,202,53,13,350,81,87,0,0,43,33,0,0,349,0,86,0,44,0,66,0,0,65,100,0,0,30,36,0,0,59,37,0,0,0,101,385,1842,51,117,65,126,270,47,122,0,87,81,129,30,39,200,156,79,0,0,0,0,0,0,365,76,0,84,0,145,163,0,175,41,115,0,78,0,0,36,84,245,0,823,52,0,572,0,0,80,58,0,0,64,516,0,0,51,201,0,0,61,41,0,73,0,0,62,106,112,117,363,137,0,155,63,251,40,129,0,123,101,0,0,132,0,276,27,0,116,0,90,346,0,45,123,57,411,168,0,0,37,42,0,0,183,137,0,22,36,53,0,42,0,0,0,0,50,0,116,39,0,108,0,0,70,66,52,176,59,0,0,136,0,0,0,0,0,0,0,87,146,0,57,124,141,48,153,69,0,0,35,0,0,0,100,905,0,0,46
51,0,70,61,240,142,240,218,0,227,0,635,65,60,62,634,1095,817,48,160,49,590,222,159,199,263,49,69,229,137,52,54,184,0,156,586,502,31,227,903,281,146,178,77,370,0,154,236,761,64,532,157,445,297,62,559,126,0,0,119,0,485,280,705,103,224,450,78,64,67,887,21,101,93,73,1057,239,45,1027,93,295,56,121,286,839,174,197,60,137,156,720,245,172,261,279,133,179,36,164,137,0,71,149,395,44,113,222,125,355,256,500,214,278,250,618,225,156,617,137,78,861,90,603,71,53,65,100,68,228,109,402,59,651,73,265,354,489,240,193,130,317,183,320,1027,0,49,215,154,124,392,47,117,371,150,304,404,87,347,124,655,747,115,62,436,192,308,151,148,234,624,502,323,166,172,78,137,56,138,357,176,92,722,45,150,72,254,214,1656,827,0,72,54,219,248,424,98,380,137,59,233,68,170,368,134,870,95,173,77,123,582,435,272,164,299,78,549,187,250,0,75,597,677,103,49,597,58,54,430,1148,45,378,107,74,167,121,50,128,318,874,122,96,234,67,158,111,0,458,61,126,56,108,200,647,303,497,147,206,46,149,179,1077,402,339,198,130,85,75,1217,307,1542,82,48,763,1151,196,139,266,70,2697,842,255,59,197,606,169,178,220,961,6801,435,288,109,715,52,54,245,66,185,195,227,185,0,298,76,64,966,800,691,87,485,360,894,239,37,40,122,163,250,237,157,121,123,47,126,323,298,185,364,50,130,710,0,310,232,354,228,81,54,96,255,79,294,72,211,182,78,38,68,442,2269,808,231,58,494,1164,75,147,175,1133,488,330,152,480,109,248,1000,1661,513,155,69,383,188,98,120,121,709,308,12,0,397,176,167,111,80,198,1092,315,372,125,54,188,66,1541,126,248,140,1118,236,501,749,0,63,640,0,86,199,129,163,85,99,281,0,244,107,0,89,751,190,616,355,77,481,225,63,200,260,204,111,345,68,46,0,120,81,267,90,153,304,95,456,0,0,1407,202,503,457,635,312,86,155,42,26,492,47,378,78,127,94,42,73,732,111,481,311,76,72,60,106,79,130,113,105,606,186,294,121,309,839,624,190,293,153,415,357,366,0,0,222,352,988,544,138,75,482,192,166,300,421,675,63,0,537,149,1175,189,336,599,266,158,73,187,137,56,170,112,77,430,146,177,185,261,119,720,624,373,54,179,248,1243,69,100,0,0,0,413,104,67,0,0,224,93,457,610,81,102,25,218,89,140,773,252,227,51,244,138,157,82,185,142,157,937,1191,0,181,125,566,147,0,0,110,381,837,87,58,91,105,0,726,51,183,464,382,415,50,1585,57,753,997,198,55,73,2322,39,246,118,54,0,279,96,156,93,116,214,288,114,366,257,481,150,111,0,100,845,788,498,78,156,289,45,260,53,149,0,89,186,132,193,80,0,239,357,86,113,102,56,139,221,116,109,0,0,67,711,0,78,628,0,249,92,718,537,126,70,327,1226,0,282,148,208,327,205,106,251,0,98,568,215,272,67,250,567,117,354,55,944,151,182,137,554,73,93,81,325,142,555,127,208,68,303,0,356,131,125,44,184,124,542,106,934,0,77,314,0,205,213,194,149,163,377,223,85,727,749,50,69,62,61,184,503,160,618,319,165,3128,583,928,223,356,0,0,188,301,58,107,392,0,17,104,986,258,311,206,2292,316,0,466,53,55,257,23,111,123,106,32,569,82,25,104,27,85,71,245,115,167,48,262,0,134,49,393,734,189,208,112,38,497,101,55,78,206,581,96,294,111,56,44,360,356,242,978,24,0,239,109,32,131,26,93,105,125,175,145,88,157,750,233,294,224,250,57,114,106,455,925,119,651,76,97,78,149,513,74,915,164,71,164,222,153,64,343,788,54,59,194,33,0,248,181,58,41,0,61,1067,42,373,143,27,453,134,107,441,52,403,110,0,33,1065,730,142,734,145,97,51,449,115,233,79,0,91,48,94,126,57,103,771,157,146,63,0,112,134,165,438,72,127,231,29,466,0,155,132,510,118,435,242,405,1068,158,91,97,272,761,0,93,0,102,151,782,846,691,417,174,294,171,129,1281,460,206,411,48,421,570,236,111,74,303,392,105,120,178,122,75,62,27,138,178,235,224,439,43,81,325,50,555,0,454,85,112,111,189,270,26,210,570,177,58,239,147,748,83,185,200,115,210,461,256,120,257,133,1191,109,120,79,568,344,134,0,952,142,0,192,634,65,38,212,231,799,177,1973,51,2784,427,161,201,171,48,88,66,41,199,152,137,483,62,77,612,149,194,642,532,178,196,0,275,118,955,1517,884,254,272,98,107,206,139,125,0,1174,164,195,0,72,420,101,87,194,454,38,384,2129,184,434,190,242,297,293,120,547,612,270,62,313,0,306,188,1264,0,265,271,392,404,0,1044,143,203,314,1231,2256,727,483,74,625,281,116,750,58,139,126,168,48,185,0,281,34,258,1825,103,39,106,278,189,213,748,105,395,254,171,106,171,35,133,185,68,475,34,71,284,314,130,0,126,208,661,173,735,72,141,1628,229,28,976,136,366,698,89,198,0,82,347,156,851,30,37,393,1465,50,70,59,367,503,58,190,65,120,107,98,62,202,888,306,207,253,218,541,415,503,0,181,83,527,133,125,216,820,608,888,149,362,53,717,154,397,0,172,233,664,0,149,642,467,128,244,108,0,57,290,607,1232,148,104,507,127,1201,462,0,374,249,93,194,50,0,0,188,196,125,408,0,108,324,77,47,1195,85,123,351,559,122,317,192,111,272,186,66,89,146,108,70,134,53,31,763,0,0,178,267,364,164,157,41,0,210,132,339,66,250,302,67,209,0,231,52,58,71,142,132,175,0,256,28,51,222,43,191,194,81,288,64,37,118,77,360,594,749,41,76,34,67,755,179,102,113,303,196,59,68,363,184,0,94,198,0,257,213,163,123,0,0,127,55,75,198,92,876,181,55,78,363,240,173,947,637,91,61,614,54,219,157,59,670,397,121,502,117,0,4284,85,418,0,187,117,105,1114,0,163,175,157,308,89,383,222,79,53,56,263,54,130,547,83,63,66,413,87,215,63,364,496,112,55,75,89,131,85,67,180,549,55,0,125,3131,933,106,456,90,173,488,584,121,89,180,45,644,157,79,98,266,0,703,155,149,172,966,35,1430,613,44,520,68,0,96,51,48,674,126,145,221,202,754,123,704,90,555,0,86,462,0,115,287,323,123,252,121,47,0,201,126,459,73,215,441,105,661,532,108,321,531,137,115,659,117,37,719,0,83,317,0,102,62,607,35,137,797,215,210,58,603,165,286,407,217,0,705,637,80,83,159,157,205,88,123,153,181,0,341,200,218,360,140,120,69,101,391,151,112,82,672,609,321,251,87,195,137,29,109,390,71,230,223,95,28,173,458,94,180,202,151,46,155,34,58,270,859,248,36,142,318,206,537,50,209,250,85,116,633,0,63,63,100,295,56,334,296,108,61,162,0,62,207,90,327,0,736,674,133,66,686,528,78,124,460,206,351,42,122,217,922,0,765,89,89,241,216,32,134,253,1125,143,177,508,2146,30,23,569,241,0,237,503,669,61,171,166,223,231,115,63,512,41,111,1735,0,259,193,147,187,289,76,49,100,241,96,675,65,92,20,111,87,180,32,195,644,770,152,88,147,259,119,279,69,411,285,114,144,143,175,1558,163,0,151,90,75,214,82,667,784,230,303,251,180,563,132,0,261,244,252,287,466,121,389,469,215,144,84,249,834,73,28,176,158,363,60,179,37,68,69,1017,214,161,102,80,845,239,411,149,220,135,520,85,1245,0,55,68,660,98,1946,320,244,153,98,295,439,140,327,86,510,153,271,135,358,439,53,203,41,344,128,196,86,306,1235,0,28,1346,92,26,116,440,352,74,72,526,236,111,71,45,123,82,297,254,839,1684,153,363,244,0,118,180,62,129,513,26,0,162,59,134,752,38,0,355,730,81,789,70,126,133,76,598,619,401,299,151,141,1158,289,2090,55,63,60,626,0,768,134,227,230,313,107,54,202,93,78,0,248,114,85,1541,285,81,0,0,34,46,107,496,19,1367,18,307,360,0,119,189,145,0,550,234,0,256,137,89,205,206,256,0,345,213,148,74,32,227,215,201,79,208,61,14,1016,0,109,70,191,218,954,542,90,511,109,110,0,69,61,435,471,166,177,372,87,211,100,44,58,79,90,155,106,66,177,177,78,254,559,319,125,148,177,0,44,43,328,89,245,175,735,62,225,112,125,94,1337,143,65,202,458,0,524,268,42,108,129,505,181,173,0,393,81,284,57,42,63,176,172,569,0,105,0,462,133,175,288,187,246,76,35,160,506,64,0,182,87,48,0,104,99,519,585,72,298,192,66,0,1308,46,124,1062,62,124,0,95,248,240,59,675,323,458,44,244,80,134,71,56,372,80,313,271,130,176,331,108,139,1026,196,327,0,117,126,276,453,208,218,209,1442,70,56,485,200,615,66,766,443,142,63,22,96,102,610,436,214,953,175,36,257,104,63,57,230,57,0,264,0,552,0,80,805,115,0,29,0,121,257,144,79,361,145,569,340,79,67,846,95,77,66,42,675,1731,0,145,0,139,99,0,276,69,297,814,117,280,284,251,70,69,0,58,415,271,469,0,180,46,349,251,230,219,50,50,433,0,289,0,294,59,179,42,211,40,52,311,513,29,36,133,1006,194,247,48,2266,53,65,0,0,0,0,592,264,171,213,836,66,0,105,0,75,346,205,109,81,138,311,104,394,233,66,273,682,108,362,120,121,64,184,204,425,230,676,313,37,1100,285,328,166,173,335,209,123,94,55,146,88,69,184,279,205,445,464,84,67,60,618,264,146,0,133,85,215,511,116,129,283,78,67,112,0,145,115,265,642,502,937,345,0,87,88,0,193,235,109,0,519,448,814,296,520,116,360,591,135,227,0,115,156,78,207,56,210,260,52,807,582,0,186,298,62,180,0,0,282,125,239,152,878,131,126,283,190,788,747,0,324,169,85,104,164,534,124,239,187,0,281,163,80,209,497,125,844,288,72,192,508,163,151,55,282,306,42,421,92,0,439,248,69,68,136,78,0,2658,49,772,74,152,143,56,385,501,102,45,76,80,161,137,71,385,91,146,41,82,1366,137,243,1788,60,173,47,129,240,108,112,0,166,384,309,324,428,271,68,104,264,171,190,208,185,79,60,147,106,95,0,298,68,123,660,0,0,352,267,60,407,161,475,0,223,73,143,132,48,0,78,178,59,432,463,53,434,627,58,98,44,51,485,64,254,375,288,1087,208,603,176,129,425,67,279,367,90,273,286,478,778,443,240,130,27,290,172,113,47,144,437,70,144,190,315,211,2483,160,31,125,257,110,409,576,114,881,131,282,114,108,49,331,76,631,867,268,88,1398,0,0,326,210,122,377,91,0,47,260,222,133,258,83,1282,323,0,0,0,55,51,334,197,39,68,245,57,176,2012,75,67,1597,172,211,52,375,105,830,222,41,381,306,43,107,281,38,0,424,59,958,246,209,183,104,163,82,63,62,1317,246,36,44,24,645,49,133,326,435,603,77,38,177,188,172,79,24,666,0,137,189,58,462,203,531,284,264,991,43,56,96,141,58,110,98,328,36,2232,663,142,56,52,204,191,49,288,170,220,307,587,418,164,149,132,82,149,102,279,84,76,30,116,159,342,168,47,579,94,0,320,86,0,155,663,0,207,268,411,107,103,0,219,218,199,39,0,315,1977,182,87,62,170,84,159,67,145,529,86,296,391,147,123,91,212,464,74,0,77,51,83,41,111,254,302,79,146,125,0,216,188,242,445,56,163,766,45,65,226,129,158,223,179,544,485,246,179,347,64,145,245,62,314,1322,307,0,0,543,175,420,295,122,288,348,156,221,59,112,1516,278,979,53,460,266,361,482,543,0,185,132,99,456,262,97,109,50,845,129,247,0,145,128,72,596,0,73,90,1806,28,58,765,270,200,102,625,66,383,557,166,185,2354,124,1476,148,415,30,159,669,84,160,404,358,174,332,28,91,192,387,44,395,171,79,246,33,611,522,502,0,319,267,41,539,43,53,172,153,191,109,128,441,676,59,207,31,0,174,44,361,304,72,232,677,54,61,51,199,338,381,56,94,237,363,55,96,199,440,141,0,318,279,93,143,878,126,235,477,498,435,445,294,0,156,33,38,75,622,57,230,130,0,258,284,78,78,55,817,61,327,217,461,216,294,245,333,0,0,1744,187,998,47,134,202,0,321,101,37,178,107,744,188,172,654,149,700,48,139,60,466,222,111,70,104,179,144,148,74,931,594,152,363,85,0,402,138,0,0,104,74,1990,0,196,60,71,78,124,316,254,227,79,307,112,386,582,491,67,72,1650,224,469,62,149,223,95,0,76,345,0,340,26,186,122,194,103,61,125,625,147,36,92,221,154,201,338,89,246,0,118,286,1286,2610,191,396,187,409,415,172,326,97,164,246,251,44,532,492,328,399,208,200,50,256,378,0,667,362,74,239,294,388,724,126,139,110,451,154,110,36,221,95,228,710,65,874,544,23,703,38,0,284,126,0,227,100,1271,60,64,81,549,0,0,389,75,0,387,40,339,120,244,330,400,1516,240,0,966,175,640,50,178,63,528,131,34,62,606,191,638,81,64,222,38,362,344,77,120,520,84,366,1345,204,109,164,105,109,35,2299,167,70,17,244,223,87,216,52,178,107,98,286,281,258,117,0,443,42,0,1352,132,193,171,91,269,48,963,89,58,70,0,0,0,53,143,525,0,125,434,424,100,217,85,0,79,400,219,130,53,236,1527,179,132,95
52,0,52,92,262,231,249,176,0,121,0,364,83,0,54,540,618,1049,65,187,51,677,0,176,214,324,67,69,86,126,54,103,210,0,204,811,646,0,134,790,275,139,273,90,443,0,99,236,863,50,537,140,252,185,90,616,90,0,0,107,58,640,112,1165,151,143,455,101,44,78,589,0,143,142,105,786,171,64,1335,80,164,89,126,589,510,255,198,81,92,378,693,128,291,100,382,165,62,19,188,138,0,39,137,262,66,138,182,110,184,280,844,196,162,313,732,159,113,93,59,145,387,81,630,63,102,124,52,128,92,55,357,0,537,41,170,393,480,405,134,145,537,100,406,1519,0,68,173,114,179,181,0,186,152,228,174,464,54,204,79,280,997,145,44,304,136,589,91,187,376,366,1150,434,92,119,87,0,57,123,608,95,229,856,0,106,57,212,117,888,884,0,0,0,229,184,471,59,412,137,89,277,71,215,810,84,1468,110,117,50,308,433,281,580,239,140,56,569,242,222,37,42,523,514,70,97,495,57,36,509,1461,65,203,101,0,0,68,0,78,166,341,86,105,255,113,95,186,0,407,0,179,0,130,495,489,295,768,86,158,25,71,146,1585,577,352,154,83,89,0,1352,486,1890,46,29,865,492,323,214,349,0,2138,426,427,0,141,234,226,281,159,481,4004,327,335,113,318,73,42,275,31,84,130,291,143,69,446,141,76,758,1475,1019,148,126,178,1295,399,41,55,102,108,427,53,131,0,65,0,180,827,46,280,629,75,126,1218,0,195,401,470,174,81,64,34,279,53,543,102,142,326,128,24,29,70,4663,897,608,0,900,1043,0,94,257,615,147,353,412,0,86,616,511,2554,462,181,67,679,216,258,169,168,478,342,36,59,665,199,156,213,202,197,2057,455,328,322,73,0,126,2035,0,275,99,1354,132,526,527,0,117,1322,57,59,522,116,0,267,93,346,0,273,0,63,32,569,144,1175,408,102,193,14,104,376,84,442,104,381,96,0,116,76,0,570,163,60,298,56,335,81,92,1116,258,1031,606,480,309,73,225,0,0,573,97,153,80,76,242,42,81,923,50,481,108,136,145,118,109,0,134,201,0,409,272,286,207,442,552,311,319,507,193,821,720,270,75,52,304,144,1895,264,80,113,190,176,108,359,254,745,122,0,246,149,2879,151,471,710,481,82,67,389,105,0,54,81,145,1326,175,200,165,772,93,998,403,505,54,204,199,1481,172,312,60,0,69,269,418,0,0,0,374,89,0,956,0,84,56,435,90,87,251,644,164,48,457,230,68,94,246,348,138,1049,929,0,161,104,769,65,42,82,269,577,1062,52,89,0,160,0,848,72,231,1040,555,458,43,2124,99,1157,2682,220,166,201,0,0,84,89,57,63,356,86,78,100,89,93,319,212,751,77,440,292,154,54,73,958,1230,294,139,464,337,28,179,115,79,0,74,238,67,192,124,30,761,571,51,57,198,95,255,353,552,119,0,93,95,510,56,99,1099,93,497,77,533,342,34,49,280,4397,30,263,197,89,635,191,423,334,0,117,211,213,318,207,286,1060,96,396,141,595,232,241,287,749,121,147,92,161,291,347,70,75,151,287,64,270,181,444,61,237,115,546,131,1450,35,0,177,48,322,116,126,121,250,227,380,124,1053,744,47,53,123,56,139,1070,305,706,292,621,1790,1001,762,798,513,0,40,366,258,206,134,202,63,58,133,960,242,665,297,5596,351,0,278,97,0,365,0,181,206,95,169,637,156,0,158,0,151,154,236,114,78,37,677,28,230,37,613,325,526,160,160,115,884,171,132,67,344,269,89,422,74,56,71,163,204,348,945,0,0,298,228,82,191,0,307,216,252,282,90,343,206,808,300,232,326,471,51,184,64,793,347,108,365,91,179,237,131,494,125,766,149,113,131,164,289,68,221,1532,47,106,124,87,0,144,299,158,31,0,180,1019,117,456,173,67,194,284,57,456,148,308,96,135,48,1551,548,252,1612,93,286,116,1107,117,118,213,0,116,95,34,84,91,160,541,811,99,107,0,106,297,315,415,127,143,424,0,263,0,114,466,983,115,508,631,256,1283,121,72,193,349,1639,0,192,84,220,154,492,497,1041,524,122,118,139,78,2506,448,366,399,20,388,412,300,113,183,565,335,147,136,348,258,275,191,88,214,218,166,347,672,163,97,468,106,268,104,468,44,197,193,310,535,83,390,313,91,67,373,113,1785,160,68,387,316,385,1117,472,100,614,410,1024,164,348,83,1297,432,178,77,2545,122,54,348,799,43,76,502,463,1548,287,1076,122,3380,186,275,236,180,81,131,58,0,254,449,71,440,108,102,1180,442,355,2252,850,183,160,39,469,164,949,3004,1194,187,525,75,199,325,121,318,55,1130,596,312,84,114,144,159,207,141,978,48,715,5930,233,694,210,620,545,282,145,842,514,471,57,254,0,158,165,1361,43,489,555,419,350,0,1372,418,479,248,1417,1935,641,1464,81,673,455,173,793,83,219,115,264,134,295,45,677,0,266,2473,45,149,126,283,58,238,1272,69,562,364,276,185,271,0,181,541,242,755,70,251,525,301,111,57,265,251,486,358,1477,145,390,2134,384,60,1894,173,621,762,250,104,0,184,647,262,1031,0,62,887,2957,109,210,93,635,341,39,314,63,260,72,260,155,169,852,611,411,391,458,339,435,841,0,144,241,1312,241,214,290,1089,510,387,423,911,86,375,369,465,102,163,269,723,48,507,600,890,160,236,168,54,92,191,1316,1552,232,102,205,84,1282,676,32,1277,248,124,217,97,272,71,62,0,284,898,164,243,659,233,104,1854,123,233,342,857,157,67,432,104,640,349,129,116,444,120,92,246,169,81,199,67,57,0,393,332,367,181,134,42,115,195,1038,131,389,123,127,198,112,508,42,223,153,318,130,454,119,483,101,45,539,119,179,805,236,609,93,77,329,111,755,1285,899,130,140,95,167,584,231,312,116,627,305,218,224,0,356,106,235,144,51,596,273,94,481,80,61,428,259,111,584,124,1002,263,91,339,182,35,357,234,893,217,259,718,170,664,210,96,2297,765,377,982,129,87,8324,151,393,106,71,342,176,1631,78,281,576,210,610,143,998,781,90,88,212,519,84,271,800,59,122,84,333,204,179,70,223,437,153,114,110,225,173,276,166,123,681,97,0,203,4231,2341,200,2066,149,365,721,853,295,164,444,106,773,184,213,238,359,68,1986,28,547,351,1672,74,1385,932,0,1272,282,89,136,139,34,1186,425,136,607,566,663,208,1450,0,1367,76,421,1034,43,103,400,436,292,612,234,125,339,298,237,71,162,546,565,169,2156,550,518,182,416,118,120,1033,150,49,1807,29,114,633,0,212,181,796,120,430,897,500,248,122,578,266,226,0,532,49,1045,759,125,127,323,369,194,288,158,483,574,119,493,512,607,1084,140,203,174,130,613,276,283,79,1204,1405,658,316,169,384,190,63,218,903,247,387,1938,154,43,288,715,89,146,416,99,114,221,39,66,527,1128,421,62,126,554,327,533,88,257,488,159,241,1233,52,94,85,465,393,112,287,231,206,68,171,0,81,746,76,715,0,715,827,195,0,455,867,154,142,888,414,439,0,223,205,2694,31,1657,109,235,391,263,95,193,192,552,499,285,640,2533,112,47,1111,363,177,136,785,1215,112,232,237,374,212,181,51,370,51,183,3016,27,265,277,228,130,408,108,236,174,440,263,1214,111,243,40,109,103,398,37,270,567,635,276,73,126,127,225,325,102,479,365,230,235,225,227,1748,282,465,267,103,207,295,91,1981,723,340,583,92,72,675,154,92,627,321,445,360,518,74,626,1281,309,266,231,299,922,79,83,170,414,1058,87,376,61,64,149,2065,527,202,189,84,1243,416,391,123,957,109,176,139,1492,0,73,62,1978,228,2663,509,204,237,76,336,807,186,728,102,419,241,257,265,560,446,81,307,121,478,224,177,120,502,678,22,70,1208,162,35,148,472,507,138,338,894,411,120,125,82,258,204,328,229,874,2802,367,204,399,0,122,310,118,445,1443,57,109,228,65,180,314,79,130,526,1136,114,1102,73,210,132,120,719,673,493,591,162,174,1842,425,803,122,155,109,825,143,997,232,278,405,503,181,55,211,99,184,48,356,51,200,925,375,187,57,24,38,147,334,756,38,2441,102,355,366,77,189,313,247,18,1478,607,128,404,113,69,333,255,476,55,509,304,249,179,40,313,558,269,72,411,70,29,1461,60,117,114,230,398,660,1348,0,523,433,152,75,125,99,437,782,336,281,745,124,266,172,76,153,137,125,254,125,40,317,363,351,362,899,221,340,260,408,135,45,41,249,113,238,313,1374,159,337,282,137,147,1560,225,178,298,1136,0,698,426,40,113,361,696,781,355,27,601,114,329,92,133,64,172,807,678,56,101,46,653,387,327,325,670,636,91,54,192,795,45,0,342,273,67,51,224,131,795,1281,99,260,234,68,43,1701,139,122,1578,152,84,24,78,207,201,53,886,398,1228,52,181,116,209,55,90,615,134,462,639,202,347,542,307,227,1401,230,304,50,106,178,786,835,402,304,294,1941,77,79,850,374,664,105,722,428,274,291,65,68,232,1144,948,645,584,120,68,291,138,60,158,450,88,109,572,0,569,58,203,730,84,77,0,77,191,467,197,219,581,200,512,334,95,125,1113,173,112,59,52,767,1421,54,226,105,103,137,50,507,223,992,788,324,354,635,352,92,107,34,141,552,231,926,79,183,97,316,868,233,398,0,85,474,23,624,0,1108,0,156,62,225,76,80,255,533,105,61,249,1135,268,217,52,2546,80,181,41,0,0,0,1047,209,179,579,1481,126,35,309,47,111,501,371,160,186,83,408,80,406,391,61,709,1517,236,425,181,113,106,267,257,1092,314,1127,358,132,2498,508,615,239,487,504,355,218,117,152,336,78,111,196,245,447,581,451,147,82,79,681,447,192,0,209,126,309,592,213,641,434,156,78,257,53,190,272,315,1844,1223,1776,379,0,136,95,54,333,321,173,78,348,892,1356,271,1200,420,683,759,103,367,35,294,172,149,382,99,158,391,146,1897,1199,52,261,679,113,216,0,152,258,163,369,231,1016,280,383,262,133,1984,789,0,1196,409,243,372,221,772,218,504,295,52,356,366,90,428,854,124,1277,754,114,263,391,276,279,175,561,443,63,1054,179,36,703,395,254,138,323,187,97,2335,58,756,200,224,317,135,443,891,140,86,152,182,318,207,217,1088,118,280,0,167,1549,407,361,1287,370,302,63,195,296,109,196,71,307,515,390,465,490,507,51,111,251,238,343,443,464,93,63,249,97,275,45,839,91,147,1139,105,0,554,629,46,895,264,768,110,178,372,227,189,76,25,140,734,94,320,949,168,1075,1090,91,77,47,109,1033,49,553,918,393,869,475,816,397,332,1069,63,577,288,163,335,531,724,1141,871,733,180,81,437,471,198,100,151,519,165,144,248,676,224,2746,282,50,330,278,135,697,1010,230,1039,430,500,109,211,50,380,129,1084,1498,606,165,1033,62,0,689,231,352,399,231,0,70,417,324,195,376,117,927,413,0,45,58,110,73,370,139,139,143,223,90,220,2320,131,87,3035,232,453,62,613,84,1004,423,61,490,420,116,133,671,0,0,525,112,1370,404,239,71,222,284,112,106,42,915,473,108,58,67,1033,51,296,691,729,974,54,123,167,307,290,163,44,822,0,188,236,198,1195,556,1197,748,619,993,189,64,139,211,142,292,169,338,46,4140,777,214,85,160,411,326,115,459,221,205,989,268,585,217,192,159,220,169,115,414,116,179,0,216,391,507,362,56,1320,124,0,864,74,49,362,1219,76,328,313,1086,207,91,32,315,305,363,74,112,833,4334,227,81,108,332,149,235,102,323,1292,122,409,426,164,227,175,415,1166,240,59,172,0,238,170,145,210,302,121,370,148,25,327,330,468,409,104,299,910,46,178,468,147,336,301,267,1288,670,651,201,506,106,192,448,184,678,2469,410,99,0,1105,304,663,287,188,422,555,399,395,121,151,2865,365,1772,205,669,498,1300,491,838,0,399,241,138,937,326,342,221,91,3467,334,661,49,127,67,73,1430,0,64,151,1407,43,143,1287,332,194,196,766,110,961,743,360,371,2389,149,1234,302,796,120,258,1410,104,243,339,949,439,508,75,169,457,651,66,292,576,224,555,86,1039,745,1116,94,503,369,84,895,0,80,239,264,435,317,71,728,1437,174,472,0,43,293,87,641,848,162,248,703,69,97,103,209,826,1208,86,124,351,1099,77,140,272,565,182,43,438,453,185,107,1125,282,576,616,587,654,523,467,0,253,83,47,140,764,102,558,227,0,426,342,137,96,82,559,81,931,292,672,253,445,427,506,0,106,1925,343,1487,224,750,272,0,272,250,67,181,296,1502,596,133,1600,476,787,71,159,110,681,253,128,192,220,104,160,220,192,1211,765,267,759,97,102,499,530,0,0,178,276,1950,271,357,40,156,272,125,311,686,651,218,612,226,433,1004,1270,148,103,1176,317,741,215,121,274,161,0,61,804,22,209,35,180,114,302,265,95,169,760,292,147,83,229,288,181,681,117,224,83,72,469,2270,3848,473,409,509,689,917,189,341,97,806,587,541,147,648,526,961,310,207,294,92,504,482,29,848,930,63,254,428,537,2015,143,664,154,615,213,145,20,243,146,580,1754,60,3010,808,66,1202,32,0,407,480,78,324,384,3286,112,74,263,1404,67,0,731,204,26,497,83,280,109,809,807,447,2871,389,70,1155,285,1062,241,639,94,647,463,96,90,931,268,829,88,133,727,114,230,689,107,161,436,343,1561,1879,254,172,216,170,120,0,3342,572,85,72,327,641,136,223,80,145,228,96,301,232,300,201,55,585,0,0,1116,464,262,585,143,410,121,2289,118,81,107,65,55,68,140,503,500,52,105,607,875,167,762,201,59,110,301,315,124,131,379,2377,274,165,268
53,0,0,0,46,28,0,0,0,0,0,44,0,0,0,0,139,110,0,0,0,110,0,0,0,103,0,0,0,40,0,0,44,0,0,72,154,0,27,247,55,0,54,0,0,0,0,32,65,0,69,0,0,0,0,73,0,0,0,0,0,32,0,203,0,0,0,0,0,0,107,0,0,0,0,0,0,0,67,0,42,0,0,0,85,0,0,0,0,0,71,0,30,0,29,37,0,0,55,0,0,0,0,0,0,0,0,0,0,43,101,45,0,127,0,0,0,35,0,22,101,0,306,0,0,0,0,0,0,0,0,0,273,0,0,0,53,0,0,0,65,0,75,367,0,0,0,0,0,67,0,0,0,0,0,107,0,0,0,75,249,0,0,0,0,16,0,0,79,67,59,93,0,0,0,0,0,0,42,11,0,193,0,0,0,0,0,0,42,0,0,0,0,0,102,0,45,26,0,0,0,0,51,0,129,0,0,0,12,100,57,50,0,0,0,0,0,0,0,0,91,0,0,0,277,0,0,76,109,0,0,0,0,0,0,0,0,0,115,0,0,0,0,0,0,0,71,0,0,0,0,0,207,69,57,0,0,0,0,0,172,43,0,34,0,16,0,47,37,123,0,0,0,213,0,0,31,0,102,99,104,0,25,52,0,0,0,91,29,37,0,0,72,0,0,75,0,0,29,0,0,0,67,0,0,348,385,86,0,0,0,112,55,0,0,0,0,151,0,0,0,0,0,0,137,0,0,257,0,0,108,0,63,83,94,99,0,46,0,40,44,118,0,0,22,0,0,0,0,144,68,0,0,265,560,0,0,47,379,110,70,0,0,0,20,230,295,277,0,0,219,0,0,47,0,119,34,0,0,61,0,0,0,0,0,325,0,85,0,0,0,0,523,0,50,0,314,59,83,0,0,0,37,0,0,34,0,0,0,42,129,0,113,0,0,0,408,68,140,31,0,148,40,0,52,20,58,63,47,0,0,0,0,0,62,0,0,85,56,259,0,0,93,56,107,99,61,0,52,0,0,0,76,0,29,0,0,0,0,0,130,0,40,99,40,0,0,0,0,0,0,0,114,42,0,0,45,517,47,34,0,0,157,93,72,0,0,110,90,117,0,29,0,114,0,0,134,57,113,0,0,39,0,328,62,76,322,182,0,0,67,0,0,0,0,0,51,43,0,92,0,0,118,68,88,0,41,77,299,0,0,0,0,0,66,46,0,0,0,112,0,22,67,0,66,0,52,45,0,66,22,0,0,0,0,0,42,0,30,48,200,284,0,114,0,176,0,0,0,0,154,0,0,0,0,0,0,95,0,28,0,313,52,0,383,0,125,0,0,0,0,152,0,50,0,0,0,0,29,48,0,34,0,48,35,0,0,99,0,0,0,0,59,44,31,0,64,69,0,0,0,0,0,0,26,0,0,0,0,188,65,0,0,0,0,0,35,70,0,0,0,0,104,0,0,128,0,0,0,136,136,0,0,72,352,0,0,42,47,0,0,41,0,0,0,74,66,48,0,0,0,0,196,0,116,0,31,0,142,0,0,0,0,0,71,0,61,18,61,0,0,0,51,0,0,0,101,0,243,0,0,0,0,0,72,0,0,25,90,127,0,160,69,0,0,0,0,0,127,0,169,0,141,395,117,115,96,27,0,0,41,36,26,0,80,0,0,37,190,109,101,0,339,130,0,0,0,0,0,0,0,17,0,0,82,0,0,0,0,0,0,0,0,47,0,33,0,0,20,70,0,136,0,0,0,166,0,0,0,25,75,0,52,0,0,0,68,53,30,168,0,0,0,0,0,0,0,58,27,0,36,0,60,0,166,0,113,39,0,0,0,0,65,214,0,189,0,0,0,46,49,0,133,0,0,16,40,24,0,108,103,0,0,39,0,0,44,67,0,0,0,54,123,0,0,0,0,0,38,29,63,0,73,0,0,0,70,112,0,156,0,40,0,147,22,51,29,0,0,0,0,0,0,0,229,168,36,0,0,0,36,0,127,0,23,0,0,51,0,0,43,44,0,0,152,83,156,41,0,24,46,176,0,0,0,0,0,232,249,252,133,0,0,0,42,456,47,13,72,0,0,80,82,0,0,76,61,0,0,0,0,0,0,0,0,0,81,21,112,0,0,45,0,85,0,47,31,37,0,77,59,0,26,181,60,0,29,0,144,0,74,92,38,40,106,45,0,54,0,302,0,61,0,66,60,28,0,281,0,0,45,263,0,0,43,0,334,39,706,0,258,191,44,0,0,0,0,0,0,87,60,0,98,0,0,87,80,0,322,0,0,33,0,66,0,93,309,287,64,53,0,0,80,0,0,0,156,106,32,0,0,150,41,0,35,85,0,55,1286,51,134,73,158,0,0,34,111,110,62,0,40,0,112,20,205,0,74,66,47,115,0,231,0,38,76,498,323,123,347,0,35,113,0,115,0,0,34,76,0,35,0,99,0,0,408,31,0,0,96,0,56,155,43,101,0,0,54,0,0,28,94,0,17,0,0,75,0,0,0,0,0,231,40,97,40,79,301,58,0,300,0,106,114,0,26,0,0,139,66,97,0,0,52,441,0,0,0,90,80,0,0,0,0,0,39,0,0,176,89,52,93,0,139,112,161,0,45,0,103,40,38,0,266,135,249,0,141,0,137,41,84,0,0,21,138,0,86,109,183,0,60,0,0,0,37,317,236,58,47,210,38,279,100,0,81,33,0,43,0,0,0,0,0,0,184,0,34,70,0,0,248,0,0,67,97,0,0,72,0,149,33,0,0,75,0,0,51,0,0,57,0,0,0,69,59,0,76,0,0,0,0,77,0,59,27,0,32,0,39,0,0,35,25,0,112,0,47,0,0,50,0,19,36,52,113,0,0,0,0,154,214,129,0,28,0,0,347,83,0,0,170,50,31,0,0,0,0,0,0,0,41,76,0,84,0,0,66,30,0,132,29,318,0,0,36,141,0,64,0,143,0,0,76,0,33,0,0,257,122,0,275,0,0,1488,0,131,0,50,31,0,546,0,0,52,0,96,0,55,103,0,0,0,111,0,38,101,0,28,21,0,0,0,0,136,135,0,42,0,0,0,0,36,43,98,0,0,0,733,476,0,316,0,0,49,104,0,0,49,0,186,69,0,0,69,0,442,0,52,24,217,0,168,112,0,158,0,0,0,0,0,209,38,47,30,61,58,0,169,0,276,0,42,235,0,35,100,55,0,61,63,0,47,56,0,19,0,77,54,0,256,119,38,94,88,38,26,111,39,0,149,0,0,70,0,50,0,126,0,40,108,73,42,0,164,0,63,0,0,0,119,98,11,0,50,51,0,0,48,0,63,0,86,141,35,141,37,56,0,0,134,50,0,0,325,115,130,38,36,38,0,0,51,81,0,117,225,0,0,79,101,0,43,69,64,0,59,0,0,94,286,115,0,0,54,57,112,0,71,0,41,28,252,0,0,0,89,75,0,106,57,0,18,41,0,0,150,0,125,0,104,130,64,0,101,167,30,0,202,63,54,0,31,45,392,0,149,0,0,46,117,0,60,98,284,66,42,66,451,0,0,113,106,0,55,146,225,0,96,32,89,38,28,0,118,0,0,500,0,79,64,40,28,87,19,44,0,125,0,256,38,86,0,0,0,90,0,28,81,136,57,0,43,0,56,41,0,72,59,29,0,46,52,270,0,0,63,0,32,81,0,149,347,101,95,69,30,151,31,0,72,97,114,76,65,27,67,149,85,0,0,90,93,0,0,29,42,241,0,51,0,0,0,543,42,0,0,0,375,93,80,37,161,0,108,0,307,0,0,0,236,54,286,119,52,0,45,56,140,58,80,0,75,27,0,105,108,120,0,27,0,43,54,0,0,127,180,0,0,378,30,0,31,154,133,0,65,95,97,48,0,0,61,0,58,80,208,678,71,56,96,0,36,70,0,52,150,0,29,0,0,0,126,0,0,51,262,34,150,0,0,0,26,131,89,88,168,0,0,406,44,476,0,0,0,75,0,178,73,73,86,56,46,0,54,0,0,0,74,0,38,338,66,39,0,0,0,36,42,140,0,590,0,93,80,0,52,40,0,0,344,40,0,0,30,0,77,66,0,28,39,60,57,0,0,59,44,0,0,92,0,0,233,0,47,0,0,0,103,109,0,53,0,0,0,0,0,63,215,0,97,53,0,31,0,22,22,0,0,37,29,0,100,65,143,24,169,49,57,42,48,0,0,0,53,0,99,49,247,65,74,0,0,0,337,61,54,0,119,0,394,0,0,22,59,115,76,70,0,24,27,75,0,29,0,0,45,214,0,0,0,0,73,111,52,128,68,0,0,52,198,0,0,28,101,0,0,31,0,162,40,68,77,38,18,0,119,0,54,351,71,0,0,0,66,0,0,210,0,116,0,0,50,37,0,0,140,0,47,122,0,0,84,77,60,448,30,70,0,0,33,156,80,74,73,51,389,0,0,0,75,143,0,123,124,0,36,0,0,53,0,251,128,218,0,0,80,0,0,0,106,0,0,0,0,135,0,47,268,0,0,0,0,27,99,40,0,129,78,77,78,0,0,205,36,0,0,0,372,59,0,0,0,28,31,0,75,59,161,98,76,84,182,108,0,0,0,0,157,54,144,0,60,0,90,142,92,68,0,0,77,0,90,0,118,0,0,0,64,0,0,78,266,0,0,0,254,106,0,0,547,0,0,0,0,0,0,105,30,0,75,234,0,0,68,0,0,145,84,0,0,0,80,0,0,0,55,173,208,0,120,36,72,25,78,27,102,110,253,103,41,543,73,83,0,55,126,68,0,0,29,64,0,52,63,93,49,203,210,0,0,0,109,184,78,0,34,25,85,190,67,85,109,0,0,119,0,54,64,0,512,103,512,55,0,0,0,33,0,53,47,0,0,175,502,83,62,200,174,161,0,144,0,0,0,81,65,0,46,81,41,153,330,23,48,105,0,0,0,0,121,0,246,85,149,50,95,47,0,112,180,0,87,37,100,71,46,0,0,76,41,19,104,58,0,117,42,0,123,72,30,84,96,34,66,0,0,0,0,154,0,0,122,129,103,36,97,56,34,1070,0,178,61,40,41,0,91,0,0,0,45,0,54,0,42,185,0,54,0,53,533,117,0,358,138,0,0,19,60,0,38,0,0,61,102,393,156,61,0,0,168,35,42,81,81,0,18,27,136,93,0,187,77,46,351,0,0,113,169,0,113,120,250,0,59,193,0,51,0,0,19,310,0,69,295,74,0,232,0,77,0,0,111,0,224,62,63,487,33,170,47,0,94,0,160,102,0,54,0,169,80,93,212,50,0,153,0,56,0,54,28,26,46,76,78,71,1070,97,0,67,68,0,178,0,48,149,67,44,44,0,0,35,0,128,306,309,0,343,0,0,0,82,157,122,0,0,0,122,0,108,0,0,72,134,0,0,0,0,0,131,86,0,61,30,0,41,511,0,0,343,37,36,0,127,0,343,100,0,74,0,0,0,209,0,0,184,0,225,126,64,87,46,65,0,57,0,747,0,0,0,22,264,0,67,152,110,81,0,0,47,64,62,0,0,475,0,55,0,0,320,83,385,335,55,369,28,0,67,0,44,93,75,117,0,937,77,0,0,0,51,99,0,0,0,72,127,357,155,53,75,61,61,23,0,0,0,0,0,57,112,68,90,0,237,24,0,112,0,0,106,295,0,51,46,265,65,0,0,39,45,49,0,62,116,1152,64,0,28,99,0,17,33,146,396,34,0,0,0,56,48,49,397,77,0,0,0,59,36,41,96,75,0,0,97,0,104,111,45,144,0,40,118,0,59,106,0,67,46,58,632,59,209,42,84,0,0,73,32,133,244,116,0,0,237,0,0,106,0,48,98,34,120,0,0,855,83,53,49,164,187,70,185,86,0,129,84,21,197,49,105,43,18,328,100,54,0,0,48,0,628,0,48,0,931,0,43,280,114,0,60,166,0,81,448,31,118,345,36,245,113,230,22,37,308,18,0,75,98,75,102,0,0,126,105,0,190,104,0,186,0,184,50,101,0,37,95,0,28,0,0,41,0,105,0,73,122,424,52,150,0,0,101,0,84,249,0,86,103,0,0,0,51,395,345,0,0,100,170,0,0,121,0,0,0,59,77,26,56,233,46,78,158,136,0,146,56,0,0,0,0,0,0,0,63,0,0,0,100,45,0,0,149,0,87,102,245,0,73,75,108,0,0,372,141,138,0,91,63,0,0,39,0,47,54,277,265,0,370,204,138,0,61,0,33,43,20,0,0,0,0,0,50,436,203,55,126,0,0,67,59,0,0,0,33,135,88,35,0,31,0,78,50,86,110,74,126,0,103,189,503,0,0,762,0,37,0,0,79,0,0,18,239,0,61,0,48,0,57,0,0,0,52,0,0,0,124,113,0,127,0,35,0,53,172,160,985,79,0,0,144,93,0,181,0,91,88,79,70,82,55,53,253,0,0,0,53,0,0,145,171,0,0,75,143,134,35,75,28,58,0,38,0,34,0,93,367,0,1328,218,0,450,0,0,0,0,0,61,47,668,0,0,0,282,0,0,81,0,0,0,0,29,0,130,88,69,254,0,0,160,58,28,0,123,0,130,0,0,0,230,0,89,0,0,0,42,117,192,57,0,342,27,151,125,0,33,45,0,33,0,105,237,0,0,35,84,60,0,0,46,40,0,22,64,0,0,0,109,0,0,311,121,0,268,27,100,0,1024,0,0,0,0,0,0,0,0,121,0,89,162,349,36,0,33,32,0,0,59,48,0,66,436,0,42,0
54,0,0,0,0,0,60,38,0,42,0,132,0,0,0,160,200,140,0,0,0,244,0,0,0,72,0,37,68,0,0,0,23,0,0,74,0,0,20,78,74,0,0,0,219,0,65,0,129,0,181,49,140,126,35,146,31,0,0,0,0,116,47,258,0,46,100,47,0,0,334,0,0,0,0,225,97,0,283,42,96,18,78,0,257,50,37,0,60,0,159,57,0,44,77,0,38,0,0,0,0,0,26,95,0,0,49,0,92,36,0,38,101,50,106,0,66,91,0,0,270,0,83,0,0,0,0,0,54,30,117,0,320,0,57,77,188,52,119,56,0,0,109,106,0,0,39,65,92,152,0,0,106,0,75,27,0,0,55,95,0,51,0,87,84,42,25,0,114,243,109,113,0,57,0,0,44,64,137,0,0,149,0,0,29,62,42,591,106,0,0,0,84,55,64,0,76,22,0,85,0,75,44,0,119,0,82,23,0,116,180,33,0,44,0,85,66,78,0,0,109,161,28,0,280,0,0,0,164,0,84,0,23,0,0,0,36,92,99,45,0,62,29,51,36,0,111,0,0,0,58,28,254,55,147,31,40,0,41,0,88,134,0,0,72,0,0,274,57,426,26,0,122,207,72,0,136,0,702,267,0,0,134,164,95,0,0,357,1727,98,68,20,112,0,0,44,0,59,70,53,0,0,51,44,18,173,233,191,0,68,40,409,86,0,0,0,139,199,61,0,0,0,0,61,185,79,38,62,0,0,229,0,0,28,50,51,0,0,0,60,0,81,0,0,113,0,0,0,92,600,122,186,0,218,775,0,119,63,201,111,53,44,47,38,60,174,436,284,50,0,151,0,54,36,91,131,112,0,0,137,0,70,0,42,0,864,0,74,69,0,0,0,434,0,62,41,348,50,95,159,0,0,211,0,0,72,0,0,0,17,94,0,56,0,0,0,161,49,96,259,0,78,58,0,98,98,0,60,80,0,0,0,24,0,126,0,0,42,50,275,0,0,321,132,230,59,123,0,69,23,0,0,0,0,21,0,69,0,0,0,207,0,110,26,58,46,0,0,0,0,47,0,126,105,47,28,182,576,123,117,136,57,109,124,37,0,0,65,133,315,194,41,0,47,67,111,240,173,234,0,0,116,49,406,80,72,53,105,64,0,96,20,0,0,0,0,323,25,63,150,217,0,215,108,0,0,58,0,150,45,0,0,0,0,80,23,0,0,0,176,0,96,209,0,72,0,96,0,38,237,182,0,31,41,0,0,0,26,0,25,123,181,0,96,87,91,45,0,0,33,45,133,0,0,0,0,0,81,0,68,281,195,0,43,132,0,161,756,31,0,29,229,0,75,0,0,0,107,0,0,0,22,0,43,37,97,0,100,68,58,0,0,106,74,60,0,69,91,0,63,23,0,0,0,62,0,0,0,0,135,170,0,0,47,0,36,25,77,17,0,0,0,127,0,0,353,0,85,0,169,27,42,0,80,407,0,55,0,0,163,57,32,30,0,0,86,54,90,0,54,46,0,0,0,136,42,62,0,143,0,0,0,91,0,127,0,0,31,26,0,68,0,59,0,50,27,123,0,0,0,0,0,0,64,51,0,0,46,50,0,0,130,194,0,0,0,0,0,109,0,0,70,94,754,197,151,40,88,0,0,0,89,30,0,53,0,0,35,312,0,80,23,491,0,0,58,0,0,0,0,0,0,0,0,109,27,0,0,0,0,0,38,0,0,0,65,0,0,0,126,103,119,46,0,0,192,29,31,0,0,94,33,109,0,0,0,0,0,77,216,0,0,0,0,0,41,0,51,0,58,29,0,0,34,180,42,47,71,0,0,35,0,252,236,0,0,0,0,0,0,138,0,257,25,0,0,0,47,0,104,134,0,0,52,0,0,83,63,0,0,0,38,295,0,52,38,0,58,63,0,128,0,68,23,0,0,86,121,41,267,48,0,0,120,0,0,0,0,0,0,0,0,0,45,175,96,0,0,0,0,51,0,122,0,36,0,0,87,0,0,47,206,0,37,138,91,280,59,0,82,98,127,0,0,0,0,41,143,187,210,64,0,0,36,0,534,0,40,78,0,106,0,0,0,0,91,84,0,22,87,36,26,0,0,0,56,41,68,99,21,0,110,0,53,30,72,0,0,39,54,123,0,83,47,0,0,0,47,518,0,0,0,0,79,194,110,0,101,84,358,0,0,0,167,120,31,0,0,0,0,57,122,0,0,102,72,221,19,161,0,104,58,0,0,50,0,0,0,0,31,88,0,117,0,0,104,0,54,158,108,50,0,0,75,36,292,363,276,66,28,0,32,42,0,29,0,254,26,0,0,0,50,0,40,39,242,0,199,580,37,113,54,102,166,53,37,179,174,75,0,77,0,28,0,193,0,109,135,98,68,0,434,89,20,39,222,238,171,204,0,136,93,0,160,0,43,0,67,0,49,0,67,0,66,510,34,0,0,48,0,74,175,0,159,62,48,38,0,0,0,0,41,205,0,36,0,35,30,0,0,59,145,100,204,0,0,484,93,0,156,30,74,289,44,0,0,47,83,0,266,0,0,110,161,0,24,37,163,105,0,61,0,48,48,0,0,57,118,28,35,100,61,49,74,200,0,28,0,240,73,52,92,237,124,207,64,38,0,131,61,53,0,0,43,180,0,0,77,184,38,0,0,0,0,77,217,339,0,18,61,0,236,152,0,164,72,36,84,0,0,0,50,0,0,26,0,0,51,0,0,218,0,0,52,0,0,0,0,0,0,0,0,0,0,0,0,0,0,0,123,0,0,30,104,66,36,44,0,0,54,0,51,0,59,62,0,0,0,0,0,11,0,46,0,0,0,59,0,0,0,0,0,55,0,110,0,0,0,0,0,0,0,0,0,0,0,27,39,0,0,0,0,0,0,66,0,0,45,0,0,68,0,27,0,0,0,31,0,0,0,0,98,0,0,0,0,33,0,136,94,0,0,91,0,0,0,0,166,43,0,0,0,0,499,0,63,0,0,0,0,64,0,0,0,21,94,0,60,0,0,0,0,0,0,33,0,0,0,0,0,0,57,0,0,0,0,0,0,0,0,0,0,0,55,0,0,0,361,46,0,22,0,0,75,66,0,0,44,0,117,17,0,0,0,0,111,0,0,0,127,0,177,0,0,144,0,0,0,0,0,76,0,0,0,56,139,0,0,0,0,0,0,39,0,0,0,0,0,0,0,0,0,0,43,71,0,0,0,0,0,0,0,0,81,0,0,0,0,0,53,0,0,0,0,0,0,92,0,0,0,0,0,0,0,0,53,0,0,0,0,105,0,0,30,0,0,0,29,0,0,0,38,0,52,0,0,0,0,0,30,0,0,0,52,39,0,0,0,61,0,0,0,0,0,0,112,0,0,0,0,0,51,0,0,0,24,0,0,32,108,0,0,18,88,46,177,0,34,0,0,0,227,0,0,0,0,75,0,90,48,0,0,0,0,0,0,0,0,0,260,159,0,0,154,92,0,0,0,0,0,0,0,67,191,0,45,0,0,0,0,0,0,0,102,35,0,0,794,0,0,203,0,0,0,0,46,0,0,59,0,65,0,0,126,0,0,280,0,0,0,0,0,46,0,0,0,46,0,38,0,0,0,0,0,0,0,0,183,134,44,0,0,58,0,0,0,132,0,0,39,0,0,180,0,29,0,0,0,46,0,152,0,42,26,45,0,45,28,0,101,0,0,81,175,0,153,67,0,57,0,62,189,0,0,50,81,0,0,69,0,0,0,366,83,0,0,0,261,0,74,0,93,0,90,0,286,0,0,0,35,0,608,33,0,0,0,91,101,0,28,0,105,56,90,0,121,67,0,0,0,21,0,0,0,55,199,0,0,373,0,0,0,0,0,0,22,222,0,0,0,0,0,39,42,82,0,147,0,102,55,0,0,0,0,41,431,0,0,38,0,0,120,24,0,0,100,0,62,14,62,0,0,159,165,159,102,50,0,184,90,362,26,0,0,69,0,165,0,0,31,0,0,0,37,0,0,0,0,0,0,205,0,0,0,0,0,0,0,67,0,365,0,67,0,0,0,0,0,0,0,51,0,67,0,0,0,0,0,0,86,53,52,0,0,36,34,0,0,0,0,0,110,0,0,0,16,0,38,51,0,0,0,0,0,0,0,36,104,0,88,0,0,0,0,0,0,0,0,0,0,0,0,0,34,0,116,0,0,0,0,0,0,0,0,0,56,0,0,0,0,72,0,0,95,41,0,0,66,0,89,0,0,0,0,0,0,0,0,0,0,35,0,0,0,0,0,81,0,29,0,67,0,49,0,0,68,0,0,0,0,0,0,29,0,0,0,0,0,0,0,0,47,0,0,0,47,0,0,0,0,0,0,0,0,0,0,69,0,379,0,0,0,0,0,0,0,0,48,0,0,0,58,0,0,305,48,67,0,0,0,0,136,131,0,0,297,0,0,0,51,119,0,111,47,0,0,0,0,0,92,97,57,130,0,0,26,0,0,0,54,0,0,0,0,104,0,0,158,0,0,0,0,0,0,29,0,116,0,0,76,0,0,161,58,0,0,0,0,79,0,0,0,0,26,0,56,21,0,0,26,0,0,97,0,0,0,0,0,66,36,0,31,0,57,0,0,149,0,0,35,0,0,0,77,0,0,0,0,0,0,74,86,0,0,0,306,13,26,0,482,0,0,0,0,0,0,87,0,0,8,173,0,0,0,0,0,0,0,0,0,0,61,0,0,25,0,0,37,0,59,0,30,0,0,56,0,0,60,0,0,84,38,0,0,0,22,0,0,0,0,0,0,0,35,72,0,55,91,0,0,0,80,0,29,0,0,0,51,0,0,0,138,0,0,0,0,0,31,76,0,36,152,64,0,0,0,0,0,69,0,0,26,0,132,0,0,37,0,104,0,65,0,0,0,0,0,0,0,43,0,87,157,0,56,0,0,43,0,0,0,0,0,0,74,0,0,0,0,42,63,0,26,0,0,0,0,108,0,65,28,0,0,0,0,38,121,33,49,61,0,0,44,0,0,0,0,72,0,0,0,0,64,32,0,0,0,0,0,484,0,68,37,0,0,0,36,0,0,0,0,0,0,0,0,112,0,32,0,0,170,0,22,0,0,31,0,34,41,0,37,0,0,113,0,96,34,0,0,0,0,0,0,0,0,0,0,0,33,0,0,0,0,33,127,0,0,0,0,0,0,0,0,0,0,0,0,0,0,0,0,37,0,43,0,0,53,71,0,0,0,0,46,0,0,0,29,0,0,150,0,36,0,0,28,0,0,70,0,102,90,0,0,0,0,0,0,0,0,0,0,0,0,0,0,56,449,0,0,0,0,0,0,0,27,71,0,0,0,0,0,77,0,0,81,0,0,39,0,0,0,0,0,30,0,0,0,118,0,0,92,0,88,54,0,0,0,33,0,0,0,0,0,50,0,0,563,0,0,239,49,31,0,45,0,226,0,0,149,104,0,0,0,0,0,0,0,92,0,28,22,0,0,0,0,0,0,0,0,0,0,128,0,24,43,180,37,0,0,30,37,55,0,0,38,0,0,0,0,0,83,124,0,70,100,0,0,0,53,0,0,0,0,0,26,67,0,0,0,0,85,0,33,39,36,38,75,0,0,0,0,0,0,0,0,0,38,0,0,68,73,0,0,111,0,0,24,0,0,0,0,0,0,52,0,0,29,0,52,0,0,0,0,51,268,0,0,0,41,31,39,0,0,83,18,0,52,43,40,0,0,0,0,0,0,16,0,0,0,0,47,0,0,0,0,76,0,42,52,0,0,280,0,0,52,39,0,0,0,57,48,0,39,0,0,0,0,0,0,270,32,0,0,187,29,0,0,0,0,88,0,40,0,0,266,58,146,0,89,0,0,50,136,0,0,74,0,53,48,0,47,0,160,0,72,0,0,0,0,0,0,0,0,60,0,0,0,54,0,0,51,0,42,88,0,0,645,0,289,0,0,0,0,77,0,65,55,99,66,0,0,0,0,0,0,0,0,0,0,0,0,0,136,0,0,0,0,57,0,0,74,0,34,0,0,192,0,0,0,0,0,38,0,50,146,0,30,127,0,0,0,0,36,0,0,0,29,93,0,0,0,23,0,0,70,103,0,0,78,0,0,0,0,0,43,0,0,0,0,0,0,125,0,29,58,0,0,108,0,0,0,165,0,70,99,0,0,0,89,27,0,0,329,115,62,0,75,51,0,0,0,0,49,0,65,119,0,58,90,122,0,0,0,43,0,27,0,0,0,0,0,0,0,162,0,0,0,0,86,40,0,0,56,0,140,0,0,0,0,0,0,50,50,27,0,0,0,30,0,347,0,0,418,0,85,0,0,0,0,0,0,0,0,0,0,51,0,60,0,0,49,47,0,0,0,79,54,0,42,0,0,0,0,57,309,959,0,0,88,73,0,0,68,0,106,0,70,28,0,0,0,112,51,0,0,56,0,0,106,90,0,0,0,62,388,0,0,0,26,0,39,0,0,34,56,31,0,321,51,0,158,0,0,0,0,0,0,40,35,0,0,0,0,0,0,64,0,0,33,0,73,0,55,0,112,423,0,0,163,25,0,30,0,0,0,89,0,0,84,44,0,0,0,72,0,80,0,0,20,162,56,218,240,0,0,0,44,0,0,302,77,0,0,0,45,0,0,0,0,0,19,48,0,0,0,0,0,0,0,170,74,0,144,41,0,0,373,0,0,0,0,0,0,0,59,87,0,0,0,278,0,104,0,0,0,35,43,0,0,62,353,0,0,0
55,0,0,0,0,0,63,0,0,0,0,132,0,20,0,0,344,220,0,24,0,48,0,49,56,0,0,0,0,0,0,0,47,0,28,121,0,0,0,0,192,42,0,0,183,0,63,48,60,0,0,0,64,95,0,52,43,0,0,0,0,121,0,0,0,42,0,46,0,0,178,0,27,40,0,177,0,23,243,43,58,0,0,127,33,46,0,0,0,24,66,49,0,0,74,0,0,0,0,0,0,0,0,72,0,0,0,0,98,41,161,62,0,29,64,31,0,0,0,27,60,0,62,0,0,0,0,30,0,0,78,0,84,0,45,45,0,67,75,67,134,19,0,397,0,0,0,0,91,47,0,0,19,32,0,0,25,86,0,0,0,0,0,64,37,76,0,0,0,0,159,0,0,44,0,0,0,61,0,33,0,0,0,33,0,0,0,197,61,0,0,0,68,0,0,27,169,0,0,87,0,0,99,0,329,0,0,0,0,108,0,153,0,0,0,90,0,62,0,0,277,112,0,0,74,0,0,27,170,0,0,0,0,0,0,0,0,0,179,0,0,33,0,0,0,0,34,0,48,0,0,43,88,121,32,53,22,0,0,65,213,89,52,71,37,0,0,100,127,346,0,0,34,89,0,0,0,0,382,161,0,0,77,0,109,55,0,104,698,0,0,0,0,0,0,0,0,32,23,34,0,0,0,0,0,113,93,71,0,136,90,312,0,0,0,0,0,119,102,0,60,61,0,47,54,146,46,0,0,0,295,0,33,117,0,0,0,0,0,30,0,33,0,0,64,0,0,0,118,208,194,0,30,127,252,0,0,0,132,134,0,0,44,0,0,108,169,105,0,0,51,0,0,0,44,78,0,0,0,152,53,0,0,0,0,0,58,41,72,0,0,0,411,0,51,0,139,0,32,0,0,0,162,0,0,0,0,0,0,0,0,0,0,56,0,0,97,54,374,120,0,49,96,0,0,143,150,0,46,0,0,0,38,0,32,0,51,0,0,45,0,0,231,52,103,51,128,0,0,0,0,0,37,0,39,0,0,0,0,0,69,49,26,151,0,0,0,0,0,0,0,34,105,79,52,0,101,131,248,76,0,0,182,85,91,0,0,0,91,116,35,35,28,181,0,0,69,42,35,0,0,210,0,137,0,40,0,27,0,0,0,0,0,41,0,0,105,0,0,34,0,0,63,125,0,0,0,0,216,0,0,0,0,0,0,40,0,0,0,103,0,155,225,39,0,0,74,0,29,300,0,68,0,0,0,0,0,0,51,0,130,195,0,0,21,167,41,0,0,55,122,231,27,0,31,0,0,106,0,0,70,61,0,0,261,0,77,160,28,0,0,231,0,81,0,0,0,0,0,67,0,57,109,84,36,135,59,214,0,0,0,32,43,96,157,0,28,0,0,0,0,39,0,0,0,20,69,39,0,133,210,0,23,51,0,0,49,80,0,0,0,0,211,0,0,336,0,0,0,140,137,28,0,108,599,0,75,31,28,214,27,41,0,0,0,126,82,0,0,44,270,44,69,0,243,57,70,54,164,0,0,31,57,60,177,0,46,0,141,0,51,0,57,0,53,33,130,0,198,0,0,68,0,47,60,60,0,37,109,76,30,110,50,0,0,0,0,0,97,76,126,0,91,864,145,134,84,52,0,0,57,36,39,32,99,0,0,42,362,86,30,0,618,64,0,119,24,0,84,0,0,74,0,23,131,27,0,25,0,0,0,94,0,90,0,62,0,50,0,71,215,75,0,0,0,304,0,0,67,22,93,0,43,35,0,0,50,79,59,280,0,0,26,0,0,32,0,42,46,0,71,0,0,69,200,62,258,76,124,0,48,24,95,234,0,170,0,0,0,55,44,0,107,0,30,0,77,64,0,98,222,0,0,54,0,0,52,54,0,0,0,0,0,0,114,0,0,109,39,40,0,0,86,0,0,0,503,72,66,380,47,34,0,143,0,0,0,0,0,0,0,0,26,0,208,127,49,0,0,40,65,0,191,39,0,104,0,171,0,21,58,70,0,95,122,62,73,62,0,0,0,70,0,73,0,0,0,75,96,133,31,0,74,28,0,341,51,99,69,0,94,131,0,0,0,36,54,0,0,30,74,0,0,0,0,0,0,34,94,0,0,81,0,60,0,278,0,66,0,88,70,0,38,101,67,0,56,27,99,40,0,0,83,87,119,0,0,95,64,60,0,41,0,179,23,29,0,303,0,0,0,0,0,0,64,106,162,27,292,0,726,0,0,114,39,0,0,0,0,43,43,0,0,0,0,111,52,114,147,300,0,0,0,41,0,170,143,231,0,60,0,0,0,0,0,0,110,68,40,0,0,61,0,0,0,74,0,135,730,0,92,45,192,41,48,0,96,63,50,0,37,0,51,94,438,0,47,0,84,37,0,114,75,0,0,388,290,131,406,0,197,46,0,89,0,26,0,0,0,41,0,152,0,0,217,0,0,61,58,31,0,208,48,78,109,36,0,0,0,0,129,0,55,0,36,33,119,0,0,99,70,67,64,235,44,58,132,0,0,199,29,55,115,0,72,0,0,99,94,133,0,0,137,345,0,0,0,108,65,0,0,0,34,0,0,0,44,40,42,40,65,73,63,42,91,0,0,74,115,26,31,37,193,40,110,52,129,0,0,0,82,0,0,26,85,0,54,193,165,0,0,0,0,40,36,269,182,74,0,50,0,270,71,0,182,0,0,0,0,0,0,0,0,77,113,0,0,60,0,0,318,57,0,63,59,66,0,104,32,0,84,0,42,0,0,0,0,0,0,44,0,0,0,40,0,0,0,0,0,0,0,0,0,87,0,0,0,0,39,0,28,0,0,0,62,0,54,0,0,0,0,0,105,37,111,0,0,46,0,85,127,109,0,0,0,32,138,41,0,0,64,50,0,0,0,0,0,0,36,0,0,82,0,0,0,0,0,18,0,0,0,232,0,0,40,76,0,0,67,51,78,0,0,0,0,0,0,232,242,0,126,38,0,342,0,86,0,40,37,0,388,0,40,49,0,131,0,0,57,0,0,0,0,0,59,176,0,0,0,0,0,45,0,100,67,0,0,25,0,0,34,0,0,99,25,0,0,951,0,0,66,0,0,83,145,0,0,48,0,134,35,0,33,0,0,222,0,0,89,129,0,237,41,0,153,0,0,0,0,0,35,70,0,95,62,96,28,113,0,0,0,68,119,0,19,71,27,0,104,0,0,52,0,28,52,0,0,0,0,196,78,80,69,84,23,0,0,37,0,59,0,0,67,0,0,0,183,0,47,65,56,56,0,0,0,70,35,74,0,74,170,0,0,0,18,0,0,21,0,31,0,113,42,0,33,0,0,0,0,115,50,27,0,169,69,0,0,31,0,17,0,0,43,33,39,335,0,0,0,45,27,28,0,0,0,0,0,0,32,153,0,0,22,101,0,152,0,0,115,0,0,31,0,0,0,97,35,0,88,81,0,0,19,0,0,137,0,72,0,222,111,0,0,70,29,0,0,150,0,86,0,0,33,295,0,0,0,0,0,104,0,23,0,45,0,0,76,693,0,0,71,49,0,0,84,165,0,48,17,30,48,0,0,99,0,11,0,0,89,0,0,0,36,0,58,65,39,0,157,0,0,0,0,0,0,0,47,131,127,0,0,13,0,0,64,0,179,0,0,0,30,0,311,0,0,0,0,0,35,0,86,109,0,73,0,0,181,0,0,0,75,0,118,116,0,163,52,55,27,0,39,292,0,0,0,37,164,0,62,0,0,0,81,0,0,0,16,30,104,82,0,0,0,0,0,224,0,30,0,190,0,577,65,60,0,0,80,70,0,41,0,70,0,44,77,50,0,0,60,0,64,0,0,0,57,121,0,0,349,52,0,0,53,108,0,0,95,71,0,0,0,0,0,138,44,221,562,38,0,69,0,0,0,0,0,143,0,0,0,0,0,0,0,0,66,346,0,70,0,0,0,0,180,93,180,29,45,36,142,50,110,0,0,0,106,0,88,0,43,50,109,0,0,41,0,0,0,80,0,0,145,78,0,0,0,0,0,0,0,0,251,17,56,63,0,0,0,0,0,97,0,0,77,0,0,65,0,0,0,0,0,33,65,0,48,0,49,0,73,0,0,328,0,0,0,20,0,129,0,0,105,0,31,0,18,0,65,152,24,49,77,0,45,38,0,0,0,0,65,41,0,79,81,0,39,293,29,0,65,0,0,0,0,46,0,38,71,143,0,0,0,0,0,251,0,0,0,0,0,140,47,0,0,0,175,0,53,0,96,34,49,0,0,0,0,59,159,0,0,0,0,53,52,47,74,0,0,0,0,114,0,0,39,55,0,0,0,0,143,125,0,100,84,0,0,192,0,0,444,52,0,0,0,0,39,0,308,47,150,0,46,0,0,0,0,197,36,62,0,68,0,154,0,52,0,82,120,0,50,49,65,57,49,52,0,223,0,0,64,0,33,0,145,81,0,0,0,31,45,45,111,103,286,0,0,58,0,0,0,126,0,0,63,0,164,0,0,92,26,0,0,0,61,62,0,0,88,0,108,44,0,0,0,0,0,0,0,122,210,0,0,0,0,18,0,66,25,103,142,41,106,156,0,0,0,0,0,69,39,89,0,0,0,91,26,0,99,0,0,126,0,54,0,30,0,34,0,50,0,0,110,84,0,0,0,146,30,71,0,431,0,0,0,0,0,0,62,0,56,74,238,0,0,0,0,0,84,0,0,0,50,0,0,144,0,0,139,235,0,78,0,18,0,0,0,99,0,107,0,22,95,57,0,35,53,0,0,0,0,0,66,0,0,20,41,0,66,37,0,0,0,63,157,51,0,41,0,0,57,76,77,47,0,0,42,0,0,46,61,429,184,227,47,0,0,0,0,27,0,0,15,0,0,105,0,136,61,112,68,0,85,0,0,0,0,70,0,0,71,0,99,70,0,35,77,0,24,0,0,11,0,149,51,138,62,60,39,0,80,69,0,104,0,0,36,74,96,0,42,95,0,43,44,0,42,108,0,207,75,0,0,0,0,38,0,35,0,0,106,0,0,239,117,0,0,102,0,0,178,0,0,37,0,0,0,0,98,0,0,0,0,0,0,53,138,0,46,0,0,53,73,0,85,35,0,0,0,48,0,0,25,56,36,124,237,114,73,0,0,0,89,0,0,54,0,0,45,65,45,0,106,64,0,193,0,0,86,0,0,117,0,211,0,0,32,25,0,0,0,0,95,0,0,110,0,63,278,0,32,0,0,73,0,89,46,111,70,51,80,37,0,146,0,0,0,0,45,44,283,0,99,58,0,0,115,0,0,0,0,93,0,0,0,49,43,747,28,0,39,0,0,70,102,0,126,35,60,0,0,0,34,0,129,298,109,70,69,0,0,0,0,60,0,0,0,0,55,0,58,0,0,0,101,0,0,0,0,0,55,0,0,0,78,0,0,482,0,0,195,21,45,26,91,0,278,35,0,108,109,0,36,71,0,0,0,0,119,0,51,0,44,0,0,0,0,95,28,0,0,0,191,0,48,87,53,142,0,23,57,0,60,27,0,84,0,49,0,17,369,0,266,189,82,106,0,0,0,28,43,73,0,0,0,378,54,0,0,29,62,0,0,0,32,74,231,45,114,0,0,0,85,0,0,59,0,0,0,0,83,66,74,0,237,30,0,158,0,0,98,160,0,0,55,182,42,57,0,51,72,0,0,22,131,730,78,0,34,30,0,83,0,106,250,0,0,72,0,0,0,0,212,0,0,0,0,0,0,31,0,57,32,36,0,0,105,90,90,51,0,0,151,0,0,0,61,15,31,50,286,48,161,44,72,0,0,62,65,61,184,52,0,0,56,0,102,56,51,22,44,33,57,0,0,598,114,85,33,135,0,138,0,81,0,80,0,0,60,0,65,0,0,417,60,49,0,0,0,0,210,0,0,0,162,0,0,201,0,82,70,153,0,73,294,41,45,834,0,501,108,170,42,68,124,34,0,112,79,0,72,0,0,73,74,0,35,96,0,165,0,104,185,118,0,44,50,0,133,0,0,0,0,46,0,0,33,324,0,103,0,0,0,0,57,169,0,62,195,0,0,0,0,218,173,0,0,74,180,0,0,40,46,34,0,42,0,46,0,0,61,0,129,82,0,0,34,0,0,0,0,0,105,29,0,0,0,0,45,36,0,0,90,0,0,55,102,26,91,0,0,0,0,544,46,130,0,73,0,0,58,0,0,47,0,346,101,0,160,51,315,0,0,0,63,33,0,46,0,0,63,25,0,269,224,0,78,0,0,153,118,0,0,0,9,294,41,0,0,0,43,91,135,0,0,0,96,0,0,73,233,0,0,374,0,114,0,24,0,0,0,0,388,0,58,0,67,0,0,53,0,0,66,0,0,0,59,0,0,87,0,0,0,0,46,130,399,0,69,0,163,235,52,79,34,70,0,175,20,65,78,110,118,0,42,0,50,76,0,96,149,0,27,0,193,70,0,216,0,82,29,0,0,22,0,63,106,0,260,0,0,411,0,0,37,65,0,0,41,185,0,0,34,100,0,0,63,0,0,37,0,0,14,77,130,118,107,0,0,260,87,77,0,96,0,112,24,0,0,182,48,66,0,28,38,0,0,353,0,70,120,40,268,308,71,0,0,0,0,0,614,0,0,0,39,0,0,52,0,0,0,0,0,37,0,0,0,118,0,0,205,0,0,91,0,0,0,72,0,0,0,0,0,0,0,0,102,0,0,88,117,53,21,0,0,0,51,64,0,0,0,146,0,49,0
56,46,54,114,289,180,347,136,0,273,52,1011,123,128,121,466,906,1201,86,155,0,830,143,292,322,462,46,145,417,201,120,48,254,0,128,610,872,54,230,1342,273,266,290,61,887,51,261,144,975,0,368,234,329,374,89,598,126,67,0,52,0,467,265,1147,107,163,347,100,129,164,1078,40,212,156,88,987,587,42,1434,171,597,107,223,728,1337,297,188,84,243,205,661,269,315,223,474,122,205,0,309,190,0,127,150,526,120,95,207,104,491,282,1165,143,290,426,502,165,196,660,151,118,1298,69,784,204,98,120,137,199,497,118,331,101,865,106,425,284,535,156,334,202,473,258,636,1523,45,35,135,280,172,761,0,166,639,168,455,636,42,425,219,990,1125,196,119,223,220,484,206,147,367,961,982,558,131,281,49,289,146,289,459,278,189,1046,39,168,155,235,216,1899,496,31,35,0,558,141,608,75,523,94,98,546,0,282,632,108,2259,49,305,92,196,433,787,494,216,163,107,377,143,376,66,137,765,1002,135,97,766,31,78,564,1311,90,441,87,83,172,96,40,164,214,646,277,109,376,128,229,138,0,774,70,231,0,161,331,789,406,461,233,200,74,205,312,1378,601,216,226,203,74,61,688,732,1317,131,97,723,821,311,282,223,92,1809,1001,409,87,423,845,303,231,190,1462,8934,320,301,176,597,69,65,340,78,206,429,164,88,126,210,198,52,665,814,912,62,336,247,1511,693,57,65,270,289,856,355,143,205,143,98,228,1335,428,159,904,64,115,1012,0,233,275,200,148,88,125,106,268,74,261,75,435,368,167,99,73,292,4558,1073,532,124,528,2013,70,248,594,1535,852,161,387,396,131,531,1076,2055,847,330,114,526,288,425,161,467,788,795,42,41,1181,335,190,339,270,272,4105,322,294,251,86,158,134,2110,117,312,130,1681,224,662,712,74,220,605,57,138,528,273,234,282,103,516,34,493,129,0,134,1234,385,659,1139,123,754,331,103,599,400,237,175,962,133,71,103,298,106,825,119,128,151,169,864,70,72,1362,665,943,307,1434,417,161,234,105,0,638,76,379,78,197,262,79,143,853,110,850,608,93,206,167,309,137,122,176,159,1462,389,370,328,505,1677,631,402,592,146,523,771,522,72,52,405,764,1323,606,415,130,744,208,331,1027,463,729,102,0,621,221,2845,308,235,1232,405,240,96,277,82,108,134,112,93,975,319,413,737,656,264,774,1467,232,108,212,218,604,111,279,106,49,59,447,329,121,65,0,613,164,684,886,142,190,57,489,161,363,1020,493,514,143,315,290,175,149,250,320,115,466,1297,0,338,393,1359,334,75,80,160,902,819,184,0,123,180,44,1143,122,233,886,879,475,118,828,111,1031,2248,411,141,277,1966,37,422,104,62,44,682,87,287,153,160,166,328,214,741,279,686,429,377,66,106,947,993,421,74,283,458,73,343,182,102,0,96,301,151,305,208,23,619,916,90,95,261,113,134,226,413,112,26,87,61,579,41,85,1004,78,499,180,778,801,186,75,291,2684,0,227,198,293,805,424,284,278,73,144,694,223,430,131,292,1135,130,326,95,843,227,200,314,984,118,133,165,256,376,634,143,233,184,498,32,641,95,317,59,205,159,661,89,746,73,95,376,57,377,506,134,160,424,558,369,145,889,1120,62,65,90,57,175,758,346,762,390,346,2438,1297,786,509,474,32,29,645,438,138,150,451,71,88,147,1151,269,727,231,3349,438,0,421,151,62,501,54,80,335,187,124,565,140,101,186,60,142,222,475,129,139,47,354,47,305,74,815,605,511,212,163,101,763,322,136,116,280,466,176,397,117,60,55,435,428,356,1658,0,30,175,122,45,221,34,272,163,352,228,221,217,234,1134,278,472,320,582,40,213,69,1322,949,185,935,162,155,141,317,720,73,1262,208,209,141,407,288,86,841,852,58,151,192,135,61,427,368,100,0,0,178,2024,79,825,294,51,320,331,91,695,78,534,121,86,0,2166,703,231,1490,172,169,97,736,113,268,146,0,166,92,89,186,126,250,924,744,147,132,0,186,200,351,463,165,400,409,0,359,61,122,251,1198,147,428,588,453,1611,234,143,229,425,1086,0,156,60,138,197,715,802,1228,603,276,476,196,173,2173,359,233,417,57,474,987,287,107,123,454,382,95,166,464,157,238,195,64,200,272,297,338,551,119,70,530,110,644,94,684,98,182,212,246,433,54,264,388,266,83,295,148,2183,84,108,289,189,491,620,342,68,461,349,1642,162,223,99,1528,213,207,67,1108,167,0,266,873,79,66,329,294,1788,223,1257,70,2730,327,263,243,194,129,86,104,57,296,315,132,524,110,108,927,246,245,1197,661,206,221,0,548,193,1043,3310,1401,362,378,65,170,274,153,299,20,606,462,201,52,118,337,134,111,241,1266,0,565,3932,388,457,275,518,510,354,189,664,691,379,71,286,0,285,187,1935,0,509,456,571,599,16,1142,386,285,423,1915,1992,792,972,66,786,461,160,572,96,197,195,287,69,191,39,400,25,243,2380,116,79,132,334,349,217,1104,171,558,336,261,239,238,77,121,284,162,856,59,182,297,475,141,0,211,297,660,551,864,104,300,1134,309,47,1785,170,571,1095,206,152,0,245,591,270,1135,32,59,1006,1923,82,127,84,580,324,47,300,66,234,125,179,94,260,1105,374,310,350,294,878,567,946,45,255,162,1536,302,178,309,1279,1012,898,322,388,124,834,277,501,99,154,244,859,81,467,766,715,151,291,124,49,100,273,1068,1948,235,179,393,121,1564,516,0,942,166,196,229,57,204,57,228,263,214,472,108,228,656,240,60,1892,122,109,434,600,114,359,315,148,325,354,102,122,188,124,91,222,119,44,1115,46,35,253,813,482,407,332,171,47,298,99,553,104,545,510,97,279,68,389,75,125,133,289,154,338,78,589,42,87,530,104,284,408,113,608,85,28,183,125,641,761,804,60,115,81,122,1051,163,218,125,545,257,112,90,410,243,69,212,256,95,618,331,287,324,0,67,325,265,123,293,79,755,312,52,189,575,296,249,1345,1099,136,156,844,117,379,171,100,1457,618,274,769,144,0,4470,158,460,65,345,265,260,1867,0,313,382,274,642,113,686,491,78,76,110,226,74,212,716,91,151,88,635,270,383,88,686,494,125,125,118,159,232,150,164,177,740,60,0,170,4186,1249,206,1179,123,226,749,882,253,130,373,89,972,138,125,239,481,109,1211,212,571,353,1672,91,1770,611,66,1208,154,62,128,105,84,632,292,185,342,349,885,188,865,108,794,67,285,465,31,120,414,293,216,530,277,97,263,274,374,721,136,308,654,162,1522,970,285,480,763,187,123,683,110,42,1686,0,138,549,28,141,91,823,104,307,651,232,280,213,623,246,351,578,375,33,636,984,75,111,471,132,339,156,100,166,585,60,509,309,570,623,153,225,82,148,644,283,190,114,1291,772,364,388,170,402,204,52,175,920,140,357,1086,146,0,97,573,105,260,262,141,0,268,66,42,307,676,198,66,233,475,263,700,144,206,564,87,131,948,0,70,69,278,369,44,576,378,62,63,109,0,73,398,91,442,0,1164,758,93,94,1070,905,229,112,533,216,503,48,194,366,1096,30,1142,67,168,325,381,107,93,279,1138,194,141,566,2430,52,0,1032,145,72,280,594,1214,51,271,249,188,275,113,0,733,76,159,2746,0,279,278,172,298,501,53,140,171,565,121,719,101,115,58,163,72,380,42,187,1081,1210,286,65,124,291,251,402,133,470,231,258,210,128,163,2318,126,160,263,92,168,494,103,852,707,294,198,164,148,511,207,58,613,257,132,552,500,109,452,681,207,238,179,345,1204,190,94,268,125,549,75,151,57,86,94,1152,579,201,135,88,1130,391,421,103,354,203,391,110,1488,0,73,72,1706,124,2228,431,404,227,73,560,957,130,468,113,881,218,493,314,498,439,52,239,76,270,62,254,109,439,1703,0,47,1639,212,53,0,438,372,147,147,898,277,261,100,142,70,46,441,321,826,1931,439,348,478,51,67,329,66,280,408,0,65,218,57,190,564,46,108,279,1574,108,836,163,183,124,53,805,712,483,335,205,156,629,409,1570,96,84,114,631,105,1208,152,258,540,389,158,53,218,53,142,37,271,77,161,1631,328,235,51,0,45,143,146,733,48,3715,50,367,441,0,79,263,267,0,1033,387,77,301,210,104,253,232,278,66,674,241,209,108,59,191,456,170,48,348,60,49,942,0,200,74,309,209,731,856,92,484,237,246,86,88,142,323,618,343,238,641,153,170,178,76,125,124,124,105,111,35,256,230,445,309,702,260,211,206,268,82,78,75,204,154,374,265,1023,189,267,320,196,260,1293,246,216,505,795,39,1080,301,67,108,228,780,385,246,40,698,144,235,110,121,99,247,313,641,70,96,68,997,290,321,536,497,551,87,51,155,535,93,0,293,230,73,66,125,142,375,711,156,190,296,91,45,1621,132,88,1255,184,120,0,82,208,175,60,1076,360,1495,48,166,122,170,38,84,367,172,335,434,149,262,380,259,226,2325,595,229,53,105,173,460,1186,683,205,205,1759,56,65,623,422,1130,146,682,330,167,112,0,71,110,1586,890,545,880,182,52,291,130,55,77,300,67,66,331,0,398,36,126,1046,80,51,60,57,191,349,185,154,519,183,778,630,100,136,1986,298,126,29,116,474,1784,108,228,100,170,157,37,476,171,612,1446,299,190,459,664,104,238,0,66,346,293,1060,47,199,96,236,554,137,583,96,103,352,0,440,67,625,69,257,102,205,91,94,356,801,70,65,310,1074,291,254,43,4159,39,156,36,81,0,0,646,176,254,475,1428,108,33,242,86,112,468,182,218,95,79,645,114,304,211,131,611,893,162,480,135,171,115,300,264,690,370,1014,270,164,1202,326,412,216,364,323,240,135,91,131,213,69,200,243,326,222,604,491,106,109,0,523,667,177,0,158,49,368,601,132,544,481,85,92,227,47,272,176,260,2221,889,1368,542,0,75,67,40,226,449,121,44,400,677,1512,350,823,507,457,867,84,270,0,188,179,150,250,99,186,361,105,1028,1292,56,168,541,114,177,0,118,247,201,725,187,1388,242,312,376,207,847,492,35,619,260,244,272,117,602,171,469,167,57,388,227,108,324,629,223,1263,571,111,219,416,275,232,108,504,338,63,605,104,0,473,232,232,144,401,127,64,3151,34,773,110,190,369,132,301,566,120,69,304,0,213,171,188,746,94,417,81,172,1886,251,244,1515,306,199,43,184,356,54,208,60,247,602,274,630,766,464,60,53,243,159,297,231,436,107,67,338,146,374,0,819,144,211,1074,75,0,543,598,92,439,323,677,128,223,431,177,116,83,41,105,574,103,274,561,158,823,1194,93,147,0,81,690,61,654,409,228,944,366,858,301,391,748,71,306,354,89,428,324,487,943,743,671,134,61,515,359,113,65,152,466,88,171,295,499,208,3150,188,23,185,343,122,504,733,194,1202,273,434,111,161,47,387,80,882,1552,594,100,1244,29,0,374,181,376,250,102,0,53,486,259,361,363,167,956,464,70,53,54,107,91,442,298,146,152,224,57,188,3471,114,43,2190,315,356,46,551,83,793,352,53,538,373,162,119,295,94,40,710,106,1080,434,326,256,143,253,144,91,96,2309,317,56,73,54,1390,46,478,472,1462,620,102,85,213,276,389,118,33,1677,0,169,271,163,915,609,896,553,423,1420,80,100,181,267,93,200,160,706,80,2650,900,174,82,91,383,516,105,250,178,243,646,952,496,241,272,104,181,281,120,195,147,266,0,139,577,503,254,83,1089,143,0,550,47,70,301,922,36,259,403,518,138,93,0,328,260,247,66,87,530,2761,318,51,103,506,196,181,116,323,921,144,244,680,201,388,206,343,701,175,36,108,113,72,145,166,345,517,130,189,239,0,231,356,260,630,117,144,1293,31,86,691,136,248,201,243,1164,393,569,161,362,112,182,323,205,363,1969,187,48,0,1384,341,329,350,118,413,558,320,429,125,139,2381,248,1255,178,701,567,589,705,817,42,249,290,99,701,234,292,196,178,2188,236,444,117,84,223,59,1669,47,132,153,3484,89,172,918,214,233,182,790,62,363,911,233,204,1965,122,1231,319,596,127,186,1106,99,338,241,734,361,337,92,102,216,401,71,747,403,166,425,68,666,635,767,81,354,336,167,386,77,70,306,213,324,182,217,1693,1272,99,331,38,77,156,197,503,1168,161,306,583,62,160,57,284,639,983,53,109,340,794,90,154,232,808,176,39,339,357,117,86,651,295,384,574,514,547,565,305,0,121,33,32,90,631,85,165,198,0,337,396,131,83,52,1114,60,360,368,516,236,526,362,234,36,61,2178,406,1778,140,609,273,0,270,186,57,326,344,1135,710,144,708,477,948,110,311,65,380,262,131,85,179,191,150,134,203,1117,791,139,289,93,78,473,394,31,31,160,193,1739,270,291,47,100,159,254,366,200,446,220,565,168,309,583,1306,153,134,2029,254,509,181,237,348,191,29,131,1034,52,432,0,292,150,260,167,74,164,496,133,116,178,278,317,220,597,102,190,63,275,588,1880,3349,161,527,352,582,1029,206,658,79,660,289,304,146,525,505,600,611,230,216,45,301,403,20,836,690,62,285,317,327,1547,121,549,110,963,151,125,74,142,122,544,1143,68,3300,553,67,1081,53,41,358,338,0,194,256,2282,97,56,250,894,45,43,427,212,0,312,64,364,125,532,622,436,2495,332,58,1081,254,938,132,520,64,558,300,103,100,764,213,753,85,66,453,118,582,950,165,159,982,337,1333,1340,211,117,164,137,118,54,2236,573,66,82,193,546,190,196,74,142,137,98,247,244,318,136,0,458,102,58,1164,429,135,656,130,305,83,2339,101,71,103,38,52,0,57,273,1216,19,285,433,1051,112,379,233,60,115,325,321,125,0,296,1878,193,152,226
57,0,0,0,46,51,0,0,0,48,0,102,0,0,0,188,69,269,0,27,0,179,53,0,0,85,0,0,61,23,0,0,0,0,23,135,72,0,0,150,0,0,40,29,103,0,0,0,234,0,108,0,0,58,0,109,0,0,0,0,0,41,0,118,0,0,0,0,0,0,141,0,0,0,0,0,50,0,119,0,43,0,0,59,244,0,0,0,0,57,129,0,41,0,61,0,69,0,39,44,0,0,0,48,0,0,62,0,0,29,85,0,0,159,34,0,0,213,0,33,223,0,313,0,0,0,0,0,0,0,0,0,150,0,0,40,79,47,47,0,39,0,95,306,0,0,80,0,0,122,0,0,100,0,56,90,0,0,0,36,64,41,0,0,0,51,0,0,119,190,0,98,0,0,0,0,0,33,134,0,0,140,0,0,0,0,53,149,87,0,0,0,42,0,80,0,178,0,0,0,0,56,196,0,275,0,0,0,0,0,123,0,38,72,0,45,0,0,0,0,241,44,0,0,115,0,0,106,247,0,0,0,0,66,0,0,0,0,29,0,0,15,47,0,69,0,85,0,0,0,0,16,135,105,0,0,28,0,0,0,253,0,0,65,0,0,0,116,86,123,0,0,49,165,0,0,0,0,280,91,0,0,34,146,0,0,0,158,329,50,0,0,41,0,0,47,0,0,0,0,0,0,145,37,0,88,455,199,36,0,0,397,20,0,0,62,29,160,44,0,52,0,0,63,0,69,0,210,0,0,290,0,28,96,151,0,0,0,0,0,0,143,0,120,54,72,0,0,42,667,222,58,0,275,436,0,33,0,390,60,109,0,111,0,40,426,516,182,0,44,213,0,0,0,58,345,71,0,0,86,72,0,92,0,0,164,0,56,0,0,0,33,111,24,97,0,366,112,0,42,0,0,118,19,26,75,58,54,0,0,109,0,136,0,0,0,148,45,208,138,0,178,106,0,0,50,83,71,80,0,0,0,0,23,0,0,0,132,0,103,0,0,51,52,160,172,259,38,0,0,0,0,168,0,116,0,0,48,0,0,41,0,53,100,36,0,56,0,0,0,0,0,230,73,66,0,71,254,0,121,67,0,201,190,102,0,0,120,67,255,59,80,49,148,0,0,155,45,65,0,0,60,0,813,118,162,258,158,0,0,64,0,0,0,61,37,156,69,0,77,66,0,57,317,196,0,0,0,412,0,0,0,0,0,187,77,0,0,0,92,0,107,264,27,0,0,116,35,55,122,54,124,0,95,100,35,0,0,103,0,324,547,0,53,47,449,0,23,0,0,201,137,0,0,0,0,0,247,0,0,116,104,90,0,501,0,131,283,108,0,0,399,0,84,0,0,0,48,0,0,0,48,99,48,0,423,78,181,94,73,0,0,209,311,256,0,0,61,0,0,0,88,0,0,24,44,101,105,0,211,358,0,39,87,0,0,70,0,49,0,53,0,284,0,0,474,0,101,0,350,234,32,49,159,720,0,0,111,31,378,0,56,124,0,0,214,117,75,0,199,413,0,165,0,300,35,118,152,94,0,53,49,47,131,180,22,34,74,153,0,136,0,0,0,66,105,191,55,520,0,0,110,0,119,61,81,68,0,0,91,57,318,207,0,0,0,0,0,263,158,412,71,123,572,216,241,104,106,0,0,0,73,0,28,117,0,0,60,474,117,249,92,929,50,0,268,47,27,183,0,40,167,0,0,63,27,0,47,0,56,0,76,81,84,0,110,0,172,0,124,424,177,51,0,34,367,57,39,47,153,275,0,107,47,0,0,50,96,145,215,0,0,138,0,0,72,0,98,91,78,123,32,50,92,221,212,204,141,205,0,0,69,302,327,51,251,0,0,0,87,121,0,229,58,0,0,50,151,32,95,240,0,0,71,0,0,107,66,0,0,0,67,260,28,260,0,0,216,51,47,92,0,152,0,0,0,858,181,41,755,52,0,32,286,0,44,35,0,49,0,17,30,72,26,264,112,53,0,0,68,61,187,258,64,0,270,0,197,0,32,52,295,0,171,209,198,348,58,0,125,108,633,0,71,0,91,32,243,302,519,255,46,76,0,50,569,140,147,143,0,108,141,117,26,59,112,143,53,111,77,80,60,34,0,137,53,124,162,134,0,53,68,40,125,0,169,0,132,59,42,104,0,43,318,48,35,45,0,398,49,110,134,142,63,410,77,0,221,102,748,52,61,0,239,81,50,0,893,0,0,83,375,0,34,148,155,574,143,1046,32,1673,258,73,49,0,0,62,37,0,210,127,0,112,64,0,202,176,149,607,106,53,67,0,103,42,162,686,195,158,57,0,99,95,48,59,22,189,166,34,0,0,177,128,64,0,216,0,178,1281,111,372,0,130,81,60,92,125,268,107,58,113,0,147,105,403,0,95,227,310,146,0,462,134,187,83,179,673,208,263,0,116,210,39,203,37,42,0,114,39,109,0,167,0,40,410,29,0,0,111,48,90,528,55,159,60,110,100,51,0,103,116,87,192,0,64,199,97,77,0,76,63,240,131,429,0,134,364,122,0,367,129,113,346,108,71,0,0,107,214,276,0,42,203,1625,0,43,39,177,158,0,124,0,43,0,78,63,56,326,198,70,71,117,133,198,162,0,33,66,108,86,57,73,241,197,259,151,288,0,198,112,77,0,50,111,369,0,164,559,147,0,68,0,0,77,52,173,299,141,79,290,50,488,266,0,371,61,0,93,0,178,0,90,0,187,517,80,31,73,75,0,401,34,46,110,65,0,60,87,0,181,125,51,0,171,34,0,90,0,33,157,31,0,43,176,58,124,128,0,37,149,61,274,0,77,102,0,86,35,157,0,87,0,89,0,96,0,133,0,0,93,0,73,232,104,142,0,0,168,54,252,266,209,51,33,0,88,349,55,56,0,196,60,42,71,68,110,0,51,81,31,134,107,52,204,34,0,120,47,27,217,0,247,102,0,120,190,54,0,265,121,0,78,103,53,305,0,0,727,143,95,342,38,35,581,0,193,28,118,85,43,528,38,70,256,0,137,0,304,136,31,0,126,95,16,69,178,0,31,0,160,57,173,0,220,127,0,0,0,34,37,110,40,43,270,0,0,35,1052,541,66,852,37,110,83,185,85,30,85,74,245,44,104,99,94,17,977,43,96,99,373,0,526,145,0,242,68,0,0,34,0,65,315,39,288,165,234,57,268,41,293,0,225,521,0,39,104,78,81,147,88,27,219,88,154,130,79,135,197,0,817,229,230,152,127,54,0,67,0,0,655,0,0,155,0,0,43,183,0,99,192,254,0,55,150,79,83,125,232,26,159,84,0,0,87,0,90,80,27,153,106,0,134,283,205,624,59,73,31,0,211,65,149,48,480,332,219,124,59,75,0,0,74,284,117,78,972,47,0,117,474,49,91,190,82,48,60,0,0,137,492,100,42,62,215,0,310,0,37,299,0,60,120,0,0,0,263,67,51,118,194,69,44,105,0,0,417,61,328,0,510,143,71,0,75,174,0,135,528,117,390,0,0,104,538,0,300,56,0,50,296,0,134,134,366,84,65,407,1422,0,20,295,231,45,166,299,238,33,175,57,131,121,62,28,244,0,173,195,0,162,30,77,0,218,58,139,147,165,37,480,46,67,0,63,81,71,0,84,87,418,36,57,108,100,145,152,46,281,219,40,38,87,0,917,79,99,90,0,0,70,0,238,470,0,245,124,54,374,31,44,159,216,148,275,257,61,326,340,194,104,0,0,396,0,0,69,108,531,0,123,0,48,95,812,149,0,72,44,155,277,108,153,243,0,199,0,364,0,50,53,444,81,1225,189,123,67,55,32,260,61,168,94,200,77,51,165,77,325,0,202,24,110,65,83,81,452,132,0,27,897,115,0,75,328,322,51,93,282,290,0,108,0,98,44,181,140,597,1839,61,122,280,0,89,72,46,110,409,0,40,0,0,0,320,0,27,145,846,0,649,0,66,104,55,241,246,295,243,119,90,857,146,891,37,0,20,228,0,225,99,162,115,232,0,71,48,39,38,0,214,27,71,673,168,42,0,0,0,0,0,83,0,461,48,95,306,0,104,70,126,0,246,134,35,241,72,58,168,225,166,0,142,123,59,52,0,175,100,85,75,123,0,0,915,0,65,70,145,140,503,266,73,272,103,68,0,0,47,124,462,78,85,373,39,78,0,31,80,46,30,61,114,0,110,97,161,132,277,111,136,69,0,64,27,0,117,49,124,212,802,50,82,67,78,37,483,151,113,149,172,0,179,222,0,0,77,466,110,82,0,181,39,144,34,48,33,101,126,283,0,44,0,307,215,100,224,469,154,0,19,0,390,0,0,82,125,0,0,105,55,265,571,0,268,169,0,0,680,66,0,385,120,55,0,57,97,91,0,631,156,309,0,130,0,102,0,56,199,36,235,267,75,74,186,152,73,720,137,271,0,53,118,129,259,100,164,123,479,59,23,353,137,255,63,286,436,85,0,0,67,110,510,281,168,444,78,0,132,0,24,0,115,36,0,256,0,467,0,86,284,49,0,33,0,74,290,51,0,167,139,438,205,0,0,327,46,0,0,0,98,924,0,42,0,85,50,31,122,78,462,537,210,104,248,211,0,0,0,62,257,143,724,34,79,0,306,140,44,106,0,28,199,0,355,0,255,0,132,0,101,0,0,151,237,47,34,95,433,90,163,56,1726,25,50,0,0,0,0,416,83,130,298,719,0,0,160,0,37,205,61,86,69,93,156,53,126,138,37,184,461,62,184,49,72,0,93,90,301,230,603,80,53,474,184,175,102,92,68,171,65,44,47,180,0,56,105,145,96,200,231,46,36,0,274,162,167,0,105,0,110,351,144,92,174,55,0,106,25,139,232,206,684,356,1194,197,0,54,41,0,125,295,58,64,230,284,794,162,309,152,88,489,81,273,0,71,164,74,209,51,88,137,40,410,491,0,128,282,30,86,0,0,143,115,192,52,669,108,114,237,171,503,194,30,407,114,61,47,89,338,58,310,85,19,169,55,47,274,327,85,535,167,0,104,340,109,183,84,257,154,14,124,51,0,361,312,70,71,120,37,41,995,0,340,180,113,152,53,177,370,56,0,54,70,133,91,44,199,0,186,48,53,1231,81,116,728,184,87,0,52,100,66,77,51,119,186,122,317,295,203,50,22,117,133,163,45,86,0,45,151,63,109,0,150,73,44,741,0,0,230,167,0,359,147,191,0,89,127,100,38,0,0,49,265,49,223,217,58,464,353,47,46,24,61,232,0,202,237,107,504,166,554,173,182,276,0,87,263,53,130,148,405,311,306,209,0,0,115,183,42,34,105,183,77,87,196,255,142,1586,68,0,52,244,0,157,408,103,979,92,195,61,60,0,133,0,471,480,153,48,573,40,0,263,138,83,110,63,0,0,166,164,107,95,47,570,169,0,0,0,39,33,159,173,0,69,174,52,105,741,55,52,1150,67,94,40,369,70,683,161,43,105,268,41,82,111,52,0,335,46,771,247,145,154,120,194,78,0,64,791,156,45,0,0,324,41,180,190,114,564,53,0,193,83,111,50,0,753,0,168,109,98,674,184,455,165,113,739,0,0,0,64,77,37,87,374,0,729,349,103,0,23,116,165,62,270,83,184,413,403,496,91,78,61,163,125,38,163,0,52,0,0,248,201,167,0,766,36,0,372,53,0,162,598,0,198,124,208,78,87,0,62,153,214,0,0,359,1343,96,27,104,133,59,158,51,130,642,0,250,235,66,47,114,152,218,84,0,106,61,34,74,127,127,124,55,101,64,30,182,84,231,330,40,62,362,0,0,89,83,96,127,90,263,461,251,142,200,48,70,209,69,107,826,126,0,0,451,63,225,291,99,189,127,111,119,35,108,797,221,418,108,219,301,478,373,344,0,65,0,57,334,233,191,0,0,1296,0,157,0,65,139,41,806,0,0,86,1281,0,84,630,127,113,133,342,81,449,242,68,41,1664,77,988,138,231,54,0,499,76,121,145,280,123,148,53,57,101,181,0,262,272,0,237,25,236,445,169,44,330,80,30,336,29,38,99,120,172,139,152,117,631,0,192,0,0,48,0,255,579,0,246,591,35,86,0,146,197,585,54,47,76,452,0,58,108,319,0,0,261,191,61,0,486,169,102,212,411,245,447,258,0,99,0,0,61,615,51,159,137,0,154,183,79,42,0,747,0,215,153,245,122,198,261,217,0,0,1395,142,1004,0,335,145,0,134,58,0,56,205,782,258,68,424,224,245,0,145,30,153,170,81,60,41,73,41,90,90,592,317,54,177,82,30,250,210,0,0,111,104,955,165,141,0,60,85,71,116,167,250,71,168,87,186,259,391,49,0,475,113,173,107,150,197,82,0,93,345,0,187,0,64,94,206,88,59,70,210,115,0,30,72,112,104,197,0,130,0,136,413,668,2361,135,200,94,226,529,91,383,40,397,133,196,53,258,241,200,133,206,107,0,260,161,0,425,415,0,126,254,143,319,102,317,56,542,76,111,35,152,68,275,449,0,1948,223,0,477,38,0,138,179,30,163,180,1058,0,37,121,359,0,0,375,95,0,74,0,339,65,264,174,229,700,147,0,814,77,519,0,379,0,339,66,0,0,204,98,368,31,91,143,42,499,367,69,43,237,165,847,634,98,64,148,80,69,32,1365,359,0,46,165,302,77,124,39,60,75,98,143,104,107,138,0,281,44,0,441,257,73,196,94,115,44,803,0,0,69,0,0,41,37,92,796,0,167,325,339,51,127,75,0,35,138,189,102,27,149,1020,92,41,172
58,0,0,0,172,118,200,73,0,195,0,478,0,32,38,374,382,525,51,97,39,605,114,103,53,231,14,46,222,104,41,0,141,0,70,430,563,35,109,736,73,127,104,52,524,0,67,77,735,0,187,87,205,177,31,398,47,0,0,62,0,166,89,612,0,50,234,0,73,0,542,0,37,71,45,242,304,0,880,0,215,52,85,163,811,111,54,0,133,67,438,57,160,107,213,84,117,0,172,72,0,26,32,197,59,43,111,0,84,168,290,120,222,252,268,32,127,339,90,45,685,0,427,77,38,82,83,50,184,40,89,0,432,42,111,123,339,148,86,82,305,156,330,806,0,0,120,179,60,322,0,111,368,77,181,226,30,120,59,575,703,161,59,273,96,205,89,82,247,447,369,331,72,138,0,147,77,80,419,131,65,577,40,56,66,55,122,1308,522,0,36,0,168,157,388,0,204,99,54,218,18,195,192,38,650,49,121,65,42,172,434,288,118,133,59,134,72,126,0,69,335,291,49,79,439,0,45,285,774,39,154,32,0,87,0,0,48,133,330,170,55,200,73,94,101,0,323,0,60,32,129,130,408,148,233,61,111,0,98,99,658,347,120,95,85,0,0,864,229,453,88,0,265,554,185,152,96,59,729,305,316,29,250,396,79,146,68,581,3373,88,101,0,263,59,0,188,44,132,226,69,96,64,123,109,42,631,331,201,39,209,110,707,336,0,0,55,72,305,102,96,69,0,0,78,721,171,0,329,0,0,661,0,154,169,147,151,51,56,52,103,38,118,30,133,203,55,52,0,167,871,323,125,63,462,896,31,69,270,586,636,88,67,176,58,87,365,516,355,122,0,256,105,208,0,86,254,288,0,0,450,106,94,109,167,76,2242,27,189,143,61,80,55,683,0,185,44,743,88,220,367,0,104,31,0,76,139,74,105,154,59,107,0,205,64,0,36,612,130,545,238,55,310,112,49,424,121,202,42,273,72,0,54,136,48,408,0,0,114,117,409,0,35,373,104,179,157,423,128,71,103,43,12,294,19,142,0,74,95,0,79,376,0,431,338,62,116,0,57,51,53,28,59,467,149,84,116,354,959,181,156,333,75,376,310,232,0,0,181,414,230,294,197,62,369,73,67,358,251,373,73,0,162,83,538,72,151,562,223,69,0,68,93,0,67,48,31,255,130,162,204,144,121,416,595,179,40,77,145,344,36,76,47,0,0,161,163,52,0,0,261,77,236,494,79,106,36,180,0,129,266,281,227,51,88,97,70,0,112,117,124,265,628,0,200,82,450,174,0,15,83,379,56,83,0,32,41,0,321,41,139,218,559,184,0,433,0,408,469,118,36,137,894,0,144,25,35,0,300,64,145,41,118,0,147,104,304,90,436,65,71,0,54,272,425,78,32,92,118,0,119,0,0,0,51,58,40,146,62,0,136,581,60,39,151,56,85,183,79,52,19,34,33,81,0,0,505,28,97,72,193,259,80,0,164,785,0,115,151,105,402,157,80,77,0,102,217,127,77,67,75,387,84,232,37,645,50,163,142,638,0,28,62,125,97,190,0,140,0,0,0,209,53,102,22,85,33,420,57,245,0,47,104,0,117,225,0,99,200,239,177,51,705,282,21,47,62,0,57,228,112,642,141,100,1106,194,210,231,67,0,0,257,75,45,77,135,0,33,76,572,166,172,82,1115,199,0,103,45,36,140,0,36,81,68,0,197,0,35,120,0,60,0,143,42,24,0,100,0,111,0,147,135,128,77,0,0,487,39,0,0,67,193,69,121,0,0,40,282,178,149,524,0,0,0,59,0,82,0,67,151,41,0,56,68,150,563,80,55,138,175,35,114,0,217,797,50,333,55,34,45,104,125,40,223,136,52,48,175,99,0,329,700,0,57,148,61,49,266,111,0,0,0,0,381,0,311,64,0,81,65,0,119,22,164,0,0,0,652,189,125,692,143,0,47,270,37,176,86,0,43,0,0,0,45,56,319,185,0,54,0,67,118,119,278,66,114,115,0,54,23,61,73,241,26,162,143,164,335,141,42,86,197,728,0,106,19,56,107,259,484,410,278,118,232,58,74,1241,177,144,210,0,164,427,164,44,55,159,190,61,46,116,107,100,57,27,101,101,82,240,237,61,56,120,0,359,53,179,0,25,106,106,106,0,142,248,70,0,91,20,624,0,35,152,0,110,285,171,0,282,144,793,86,102,47,222,133,89,0,429,89,0,111,529,0,42,106,205,672,140,769,0,1689,147,159,84,87,38,68,0,0,142,134,47,243,0,29,417,67,133,767,253,131,117,0,164,89,350,1138,611,171,156,53,67,150,61,126,0,469,125,81,0,0,61,76,74,116,325,0,402,1865,133,233,117,256,186,76,84,323,356,99,65,159,0,76,108,494,0,203,178,336,244,0,303,186,190,240,868,1149,291,593,30,221,189,59,340,35,102,101,85,75,94,0,106,0,98,1251,25,40,0,66,128,58,609,71,356,111,108,76,95,0,77,79,87,273,23,80,244,106,61,0,148,72,297,149,301,53,80,746,135,0,318,124,101,502,63,109,0,72,140,39,507,0,0,134,477,0,46,39,292,256,0,88,35,139,86,0,82,62,491,288,51,147,78,335,198,391,0,115,113,365,108,89,220,491,367,227,171,135,39,448,90,90,54,82,80,384,0,112,518,271,95,112,56,0,0,108,411,776,26,70,144,53,570,246,0,706,85,71,0,0,65,0,142,109,79,103,0,72,149,61,0,310,0,47,124,281,42,136,38,0,136,37,33,0,45,57,35,150,26,0,599,0,0,113,490,105,73,205,35,0,205,59,214,0,73,168,27,63,0,93,0,40,0,43,54,92,28,165,35,0,51,80,46,136,0,68,0,0,80,47,186,274,265,32,0,0,41,515,26,169,66,238,134,52,0,183,83,0,0,101,51,73,81,109,99,0,0,126,65,0,75,0,63,72,17,103,189,122,63,503,230,0,73,163,0,116,40,30,521,64,48,389,30,0,1748,0,213,0,117,42,0,409,0,71,165,0,93,0,162,262,20,0,63,70,20,37,193,39,108,31,168,0,306,24,200,247,0,92,21,39,135,56,50,25,239,0,0,72,956,424,43,151,0,76,136,165,68,47,242,0,301,0,46,36,118,0,221,77,93,63,708,0,538,200,0,619,47,0,0,0,0,317,177,95,158,173,260,104,223,66,266,0,72,122,0,78,78,130,66,89,220,0,92,0,247,290,61,70,150,26,410,182,100,130,258,50,0,325,0,0,401,0,0,121,0,39,25,156,0,0,237,53,43,42,316,63,84,223,164,0,227,158,0,0,134,69,96,59,0,0,92,0,103,61,108,171,64,171,44,0,197,34,77,0,499,262,165,87,0,40,50,0,134,214,47,82,377,59,0,123,189,97,124,168,57,41,108,0,0,116,511,143,0,120,340,109,525,32,134,216,40,0,351,0,0,0,220,198,35,350,244,71,50,99,0,0,402,45,296,0,281,287,92,0,529,401,25,76,335,115,298,0,61,202,275,0,292,69,0,140,163,0,106,136,401,47,147,389,1550,0,0,530,184,48,93,325,128,0,113,113,39,188,0,36,522,0,53,900,0,261,148,87,163,206,56,102,71,170,0,584,50,85,0,0,54,55,51,114,735,506,66,48,88,95,96,196,75,306,172,64,97,0,92,1192,116,95,76,59,19,81,43,109,416,182,273,121,0,194,76,34,247,126,152,178,348,49,367,310,175,122,0,126,949,70,0,107,0,552,58,157,15,44,0,1077,225,70,82,42,432,142,179,59,188,61,219,72,569,0,34,55,398,80,420,138,195,67,0,403,285,79,189,60,433,116,355,103,191,253,36,82,0,260,78,123,70,171,790,8,0,1388,63,0,80,216,195,0,86,495,185,22,74,0,92,43,301,273,392,1371,0,198,196,0,91,64,42,75,344,37,17,71,0,53,395,50,0,168,567,52,274,27,128,81,59,263,309,308,265,154,78,794,269,1159,87,53,0,472,0,579,85,141,173,236,0,19,74,29,0,23,181,42,80,586,173,25,0,0,0,0,42,287,0,654,44,153,318,0,61,51,140,0,500,234,61,84,54,44,65,65,163,36,194,135,67,96,0,90,362,139,0,159,0,35,523,0,127,52,135,132,342,875,0,315,245,151,0,0,59,255,197,134,103,257,63,61,160,0,0,41,36,88,0,0,64,121,259,196,323,94,77,93,176,0,45,0,82,83,72,62,527,97,85,171,97,81,639,63,117,179,545,0,591,117,35,62,213,388,227,74,0,371,55,140,80,59,57,121,203,305,59,43,38,364,63,107,242,337,442,0,0,55,409,0,0,128,94,19,0,83,72,337,303,80,99,73,0,0,1064,47,69,619,166,47,0,0,86,70,0,539,316,893,0,145,44,65,0,35,294,112,225,151,66,130,290,115,139,950,274,93,0,48,45,270,334,365,100,149,545,28,0,310,113,513,68,231,126,91,49,47,0,57,632,301,192,569,72,66,180,53,35,68,228,67,58,171,0,160,0,72,326,72,0,0,0,164,163,64,101,202,48,363,156,32,25,631,117,22,0,52,408,747,54,112,76,50,67,0,149,69,212,643,126,142,260,287,0,0,0,0,167,93,459,0,101,0,104,236,105,254,0,29,216,0,234,0,638,0,114,46,93,0,34,210,170,0,20,128,543,177,108,0,980,0,69,0,31,0,0,451,64,105,86,917,0,0,64,0,41,129,125,121,65,0,351,59,184,114,23,326,185,47,204,31,42,82,174,183,392,160,452,61,46,806,182,145,115,145,78,136,74,58,50,94,0,90,215,119,82,531,163,31,44,0,487,348,50,0,43,0,221,234,95,208,339,35,0,67,0,102,111,254,599,306,544,303,0,60,47,0,143,129,41,0,201,249,608,139,368,80,160,270,55,114,0,84,93,75,84,51,93,174,42,426,887,24,204,196,0,143,0,51,87,0,338,111,760,146,93,181,103,517,59,0,199,73,86,145,64,371,55,156,80,0,288,101,0,130,345,160,746,256,95,102,218,63,68,0,182,291,27,202,54,0,277,214,43,151,197,38,0,1117,0,411,74,93,115,74,161,390,63,0,95,30,85,95,87,335,55,149,0,0,964,88,138,537,0,114,0,135,72,36,150,0,130,447,243,380,422,158,0,0,121,79,215,104,198,69,0,142,95,83,0,357,81,146,365,0,0,252,215,0,280,100,435,52,93,89,55,39,55,0,0,176,0,155,331,52,359,624,50,43,0,0,153,0,176,284,97,325,98,319,83,144,314,0,211,160,53,311,165,291,407,238,285,25,32,240,151,73,0,73,345,51,75,103,140,101,1273,123,0,111,164,106,162,498,185,605,96,265,44,67,0,272,0,447,834,198,51,527,0,0,156,89,101,60,60,0,0,296,146,170,311,69,475,149,0,0,0,85,36,236,106,48,30,91,0,96,2162,35,0,1029,179,209,28,355,50,500,115,0,441,129,48,34,148,37,0,311,77,392,211,162,131,43,66,69,0,0,903,166,38,27,0,803,29,293,138,597,369,0,0,62,134,193,0,0,655,0,0,99,87,366,199,324,150,249,390,0,60,137,102,0,82,38,203,40,1188,310,52,78,0,381,148,51,165,132,71,567,272,149,98,152,0,68,111,56,159,93,73,0,87,310,205,89,49,748,63,0,228,0,0,94,278,0,93,148,236,62,62,0,293,100,88,0,39,319,1120,182,48,35,266,72,82,66,118,387,96,144,239,55,236,52,158,279,57,0,60,62,42,94,48,138,275,55,84,32,0,157,44,177,151,88,0,483,0,35,369,40,89,113,68,311,259,213,74,177,72,80,129,126,176,680,46,22,0,512,232,268,116,89,207,267,126,302,0,62,704,155,756,148,383,162,295,170,528,34,116,211,61,246,154,52,82,60,1203,109,155,38,77,96,43,412,0,47,98,980,59,109,303,48,148,60,463,0,264,144,131,151,783,63,468,111,230,71,138,374,59,191,233,260,156,121,18,37,104,100,49,193,71,54,150,0,207,281,490,45,166,118,42,299,25,0,90,89,74,130,127,634,419,35,120,0,35,0,62,196,721,80,88,310,41,47,0,88,188,202,47,0,217,455,0,47,129,238,89,0,238,257,104,0,431,95,110,203,215,259,203,131,0,93,0,0,48,436,0,93,136,0,182,175,67,44,36,605,51,203,243,356,31,136,208,105,0,0,1301,213,625,64,95,129,0,137,51,31,125,125,583,371,89,353,286,493,0,177,0,285,127,76,110,136,78,114,53,116,712,506,31,146,66,54,188,267,0,0,116,74,1140,184,80,0,42,61,71,258,114,299,0,299,98,76,169,729,44,87,1121,146,314,52,147,115,66,0,75,408,23,159,0,151,66,186,134,0,77,358,48,72,91,185,166,115,356,37,96,0,144,294,1450,2288,103,201,207,366,287,100,405,33,145,103,90,84,359,130,371,349,177,54,0,123,87,0,408,357,0,109,167,88,748,0,153,93,320,53,99,0,84,81,213,433,0,2419,159,0,528,0,0,131,115,0,109,68,888,0,0,81,313,44,0,214,76,0,192,44,273,54,259,185,222,1923,96,0,772,165,302,88,289,0,258,177,52,0,462,76,201,0,83,221,62,373,318,90,111,567,71,376,346,88,48,94,112,45,0,508,493,39,0,85,317,100,89,29,54,130,93,123,61,114,97,0,242,33,0,231,111,117,363,79,62,0,1179,57,0,37,25,0,32,0,153,579,0,148,315,539,19,212,71,0,78,195,204,77,14,222,625,54,88,43
59,0,0,0,53,59,106,49,0,134,0,449,0,0,36,78,75,219,0,32,0,186,26,112,66,82,0,0,73,0,54,0,76,0,56,153,120,0,159,178,0,78,35,0,460,0,0,76,372,26,122,0,148,161,0,303,0,0,0,28,0,146,178,131,28,53,126,0,0,0,394,0,38,0,0,307,96,0,415,0,192,0,37,193,366,73,0,0,125,37,376,63,0,165,105,48,0,0,0,28,0,0,0,225,41,0,0,0,107,56,97,111,53,0,180,52,34,32,72,29,248,0,136,101,44,0,73,0,90,0,57,0,135,52,83,41,149,108,0,0,135,138,66,260,0,0,0,69,0,152,0,0,115,66,264,48,0,122,0,155,151,0,0,139,88,80,56,0,101,160,96,70,0,144,0,58,92,0,76,139,0,193,0,51,61,27,0,498,157,0,34,0,158,84,196,0,95,68,0,270,0,55,58,0,369,0,0,0,51,98,178,75,35,27,47,145,63,33,0,0,159,113,0,0,137,0,0,35,291,0,130,0,0,0,0,0,60,88,357,67,0,149,36,112,0,0,192,0,0,0,0,85,141,99,185,67,111,0,54,87,356,151,89,46,0,0,29,300,197,387,73,0,109,225,75,0,75,40,686,379,49,0,0,119,35,61,72,324,1293,28,111,47,439,0,0,0,40,106,80,62,52,25,126,69,0,343,280,193,0,165,123,725,91,0,33,62,33,200,159,45,56,81,0,60,238,187,39,69,0,78,560,0,74,132,97,81,42,0,51,147,30,80,0,46,197,60,0,0,125,742,211,34,0,313,340,0,0,61,406,107,80,53,98,55,80,483,489,138,97,0,239,100,60,0,37,373,270,0,0,0,49,78,0,50,56,1099,83,99,133,0,39,36,945,49,87,42,680,128,301,332,0,0,203,0,0,78,24,85,0,32,50,0,64,44,0,0,182,85,360,0,50,219,111,47,140,150,145,0,225,43,0,0,61,39,0,0,44,71,0,99,0,0,740,47,94,195,244,102,0,74,0,0,196,0,217,0,0,0,0,40,405,74,198,129,0,77,43,21,44,0,0,66,219,147,54,88,210,299,328,173,310,86,205,249,80,0,0,73,80,315,206,43,46,106,92,33,223,154,459,43,0,338,95,566,0,138,95,222,0,24,0,0,0,78,56,0,68,57,94,126,0,55,359,252,123,0,55,70,443,0,43,0,0,0,218,54,0,0,0,172,0,245,429,0,36,34,139,0,55,392,307,95,27,95,89,68,0,80,111,0,318,651,0,58,57,482,51,0,0,96,202,192,0,0,55,20,0,245,0,107,114,139,142,0,485,10,261,250,73,0,0,389,0,93,52,0,0,175,30,36,36,55,0,86,49,137,108,135,62,81,0,0,289,366,74,0,57,156,0,113,0,0,0,0,107,59,90,39,0,176,70,43,0,33,0,30,85,110,0,0,0,40,125,0,0,373,0,73,32,224,263,48,0,140,532,0,82,61,139,69,0,0,55,0,0,320,108,85,0,0,201,0,133,0,213,41,81,0,404,39,0,52,46,61,76,52,87,60,0,0,141,41,71,0,57,46,107,0,125,0,0,138,0,89,73,20,37,69,207,0,38,257,267,0,0,0,0,0,149,67,252,104,94,392,258,156,51,110,0,0,95,198,22,49,244,0,0,43,438,90,330,0,590,204,0,72,0,0,99,0,0,71,0,34,266,33,0,50,0,0,50,132,0,0,0,90,0,49,0,241,127,115,66,0,0,350,61,0,0,53,125,31,108,0,0,0,301,193,134,748,0,0,66,0,0,54,0,58,61,73,0,48,25,0,335,0,71,72,78,0,61,0,218,292,57,328,0,0,0,78,267,0,494,55,0,47,129,0,24,123,283,25,0,68,0,0,92,78,0,0,0,41,415,0,251,65,0,76,84,34,257,0,200,0,42,0,467,250,64,119,65,0,0,101,0,189,0,0,29,0,27,0,0,79,239,186,0,0,0,59,55,56,172,0,54,79,0,70,0,38,0,133,57,55,158,85,374,55,57,60,78,415,0,68,0,91,0,185,267,537,119,92,100,0,34,664,188,136,254,0,73,175,98,52,67,168,66,64,72,75,90,54,39,0,138,75,129,239,94,0,67,0,47,151,0,139,0,57,56,115,47,0,91,185,0,0,63,40,425,0,107,179,99,154,401,81,43,209,145,318,40,76,0,470,133,51,0,581,64,0,139,336,0,0,131,227,756,77,840,0,2503,201,105,85,63,46,89,0,0,57,139,60,195,0,0,321,117,164,541,269,47,141,0,124,41,136,905,344,57,93,51,104,125,80,107,0,348,166,65,0,37,254,0,57,53,179,0,162,1444,118,385,61,240,92,33,0,224,144,45,55,51,0,225,125,453,0,117,131,341,158,0,175,164,123,193,362,1294,120,479,44,94,259,44,259,50,52,51,148,0,156,0,160,0,69,610,27,0,46,119,65,41,548,31,128,87,155,81,38,0,93,116,74,134,0,60,107,115,38,0,149,28,237,133,371,59,98,550,62,0,605,137,207,200,48,102,0,51,211,85,283,0,0,346,685,0,45,0,162,180,0,158,51,42,0,59,38,0,475,131,105,86,106,284,278,243,0,96,66,328,83,0,70,363,347,240,126,154,0,343,116,164,38,77,135,523,0,104,645,334,22,47,41,0,0,53,493,219,71,20,235,0,850,438,0,355,87,0,45,0,58,0,101,100,36,239,47,0,103,92,0,329,0,0,93,238,0,115,0,18,92,32,36,27,107,0,19,139,0,0,285,30,0,103,328,132,97,195,0,0,201,0,412,0,77,124,0,51,0,155,0,0,34,106,41,104,0,119,0,0,161,0,36,141,61,130,0,0,55,39,191,387,199,0,0,0,29,222,0,72,0,186,75,41,0,118,169,0,78,35,48,136,72,82,123,0,39,63,0,0,133,23,214,0,0,71,93,93,73,306,259,0,44,163,0,283,43,22,505,0,97,222,0,35,1554,0,65,0,61,0,58,498,0,49,106,37,104,31,443,207,0,21,44,32,0,54,226,0,70,20,75,53,245,0,127,141,0,53,0,0,0,51,0,38,171,0,0,0,747,197,75,141,0,173,109,237,97,0,132,51,103,0,0,66,119,0,550,51,76,42,269,0,471,189,0,356,75,0,0,0,0,200,93,62,96,36,248,0,319,43,148,0,97,159,0,0,80,87,103,0,122,0,106,69,245,248,49,140,121,36,425,204,96,100,107,0,0,273,0,0,645,0,0,165,0,58,0,143,0,0,186,79,78,59,173,81,73,227,132,0,218,151,0,0,49,60,38,117,0,103,0,0,69,83,168,104,0,150,39,37,216,68,59,0,387,361,0,74,34,133,0,0,102,329,88,52,446,0,0,95,184,0,66,96,52,0,79,0,0,250,206,105,0,0,115,96,266,53,103,221,30,86,382,0,33,0,133,86,48,147,86,86,0,54,0,0,257,16,147,0,504,226,35,0,275,328,55,92,351,142,151,0,0,0,893,0,516,45,43,76,190,0,94,122,258,67,87,171,422,32,0,220,164,29,76,164,395,0,133,100,154,51,49,0,260,0,99,591,0,90,57,0,78,132,57,78,59,148,65,314,0,38,0,73,0,116,0,141,340,342,121,0,59,95,74,86,0,79,87,106,45,74,77,449,75,96,99,40,47,151,0,462,422,168,235,60,52,267,0,0,75,149,145,200,105,31,87,463,118,72,31,95,310,0,0,58,97,397,45,85,0,0,0,549,85,98,0,45,413,183,145,89,177,36,121,50,440,0,46,0,306,0,1042,194,89,93,64,177,258,57,250,79,53,69,129,123,95,150,0,168,0,138,71,0,0,197,389,0,0,510,73,0,56,137,242,45,56,204,166,59,52,0,89,49,86,98,360,976,66,114,129,0,60,96,47,175,400,0,0,92,0,70,212,0,0,175,530,67,246,47,59,39,0,337,243,82,171,72,54,691,118,730,0,0,51,267,0,254,45,78,152,123,63,0,53,0,79,0,174,0,57,394,101,46,0,0,0,0,89,165,0,1088,0,112,71,0,65,122,66,0,372,0,0,47,85,0,47,52,48,0,137,64,121,0,0,77,0,79,28,139,0,0,458,25,66,0,171,0,224,90,0,153,34,79,0,0,69,83,92,14,164,44,0,75,54,0,41,58,51,52,33,0,31,39,168,93,213,92,55,0,104,0,0,44,101,33,132,47,202,49,59,56,0,77,418,0,127,150,341,0,456,0,0,111,0,92,155,0,0,182,0,125,43,29,0,136,192,344,41,64,0,342,81,220,89,342,62,0,0,75,241,33,0,104,53,0,0,0,0,245,106,69,86,41,0,0,443,55,34,0,129,98,0,19,91,66,0,70,210,258,0,47,66,0,0,0,156,61,102,131,0,37,151,135,83,445,205,98,0,0,0,198,377,148,82,106,423,0,25,114,173,323,0,234,123,37,54,0,0,45,579,405,101,384,137,0,112,43,0,44,46,0,32,70,0,174,0,29,328,25,0,0,0,63,64,64,21,178,32,104,286,0,32,540,52,54,0,0,255,491,0,38,0,58,89,0,154,0,250,94,128,83,142,114,0,52,0,0,160,106,167,0,77,0,110,186,82,133,0,0,0,0,64,0,85,0,37,0,56,0,0,150,300,0,0,91,890,106,75,0,1600,0,74,0,27,0,0,245,82,56,153,491,56,0,88,40,0,70,82,141,0,39,140,0,73,130,53,120,239,0,217,32,94,0,97,127,189,94,124,52,0,681,115,94,76,86,87,49,38,0,0,40,0,0,140,208,45,313,214,0,37,0,213,135,0,0,67,0,181,54,96,18,120,70,0,62,0,142,75,76,307,240,419,199,0,74,42,27,185,132,0,0,195,200,912,95,232,150,143,278,44,54,0,85,57,70,60,0,64,76,0,279,705,0,67,421,0,86,0,0,57,64,161,54,337,69,72,110,70,876,124,0,312,54,54,0,74,267,0,113,72,0,199,61,0,145,231,111,335,169,67,63,199,152,62,52,97,156,0,190,32,0,221,173,69,104,175,0,0,1362,0,316,37,62,101,0,141,528,46,0,0,74,36,59,55,186,33,145,0,0,325,62,99,500,91,73,0,76,112,20,131,0,55,208,125,227,327,295,0,0,65,78,129,0,73,0,0,104,76,44,0,90,58,93,161,0,0,464,154,0,150,183,225,0,0,131,39,0,0,0,0,149,65,129,251,48,190,312,0,65,27,0,105,0,168,427,102,131,235,268,188,131,402,35,146,80,0,192,161,280,279,527,231,33,0,138,74,40,0,0,324,18,54,45,70,110,1185,88,0,68,58,59,129,676,143,305,53,130,60,39,0,221,0,653,341,124,47,469,0,0,315,53,98,64,89,0,0,117,71,83,172,57,425,174,0,0,0,54,46,219,134,38,0,154,38,0,2114,0,0,1135,94,0,33,289,0,596,162,0,456,105,0,45,123,28,0,219,0,327,106,146,77,42,141,60,0,41,885,219,0,0,0,575,38,295,310,498,129,46,0,122,97,167,0,0,416,0,89,81,93,194,206,190,168,163,647,32,55,78,70,0,45,0,285,43,343,300,66,0,0,313,170,0,97,85,140,496,288,312,64,97,74,49,112,56,40,61,73,0,33,325,236,51,77,536,54,0,175,31,0,80,357,0,44,123,178,53,0,0,225,148,42,16,0,257,787,176,0,64,177,73,121,28,112,328,71,65,241,45,168,51,159,261,0,0,32,0,44,100,98,105,185,77,74,59,22,183,79,74,323,66,0,193,0,37,261,78,77,89,115,243,156,190,123,121,32,62,144,146,72,1075,120,0,0,567,164,59,57,28,167,155,0,176,37,51,396,194,603,141,243,99,202,289,351,0,80,118,59,239,204,0,77,65,889,59,61,55,0,80,0,161,0,42,84,1139,0,124,361,112,93,42,424,0,135,283,0,77,973,34,487,95,293,96,73,436,51,150,73,81,124,58,0,28,69,60,34,232,78,0,117,0,87,116,249,37,126,75,51,96,0,31,134,84,172,77,93,593,247,44,77,0,37,98,68,246,657,84,144,405,0,41,0,102,174,110,0,44,108,177,42,74,49,304,57,0,155,122,0,0,234,93,52,186,210,272,163,156,0,48,0,0,0,152,0,86,76,0,195,100,32,39,37,346,0,204,85,139,85,175,98,108,0,0,719,138,430,38,142,0,0,90,0,0,69,113,529,283,46,296,194,362,30,44,0,199,0,46,32,60,28,66,58,0,328,263,40,131,0,0,188,124,0,0,52,30,614,0,111,0,52,73,109,161,107,156,49,199,64,75,183,432,51,28,587,115,278,93,60,78,60,0,0,305,0,74,0,66,0,90,59,22,0,247,83,31,38,93,61,26,208,36,107,0,0,104,786,966,0,69,123,188,281,72,215,0,170,159,164,58,60,205,162,153,65,64,0,153,144,0,0,110,0,61,152,156,457,71,153,32,233,79,44,0,84,36,89,435,0,969,189,29,549,0,0,113,165,0,57,75,494,0,0,111,346,0,0,226,0,0,207,0,124,0,123,160,177,1027,155,0,427,87,323,49,103,0,120,105,16,0,354,74,256,24,71,174,40,184,225,52,54,204,93,365,363,57,0,90,0,0,0,923,165,33,0,132,85,33,0,29,0,0,0,97,40,151,86,0,105,0,0,219,112,78,247,0,80,24,530,48,0,28,0,0,0,46,125,351,0,0,201,353,45,156,67,0,45,85,99,0,0,95,217,95,62,77
60,0,0,0,41,40,40,0,0,65,0,320,0,56,0,0,160,175,0,0,0,375,0,91,62,188,0,0,0,65,43,0,0,0,33,125,220,0,130,427,44,0,66,0,185,0,51,63,251,0,0,57,251,81,0,195,0,0,0,42,0,173,101,187,0,0,0,0,0,0,210,0,51,0,0,98,121,0,396,0,215,0,0,133,114,42,0,0,64,58,204,71,75,75,112,66,0,0,92,35,0,0,0,150,35,0,0,0,214,25,141,41,0,115,62,0,0,0,0,34,147,0,183,39,0,57,0,0,98,0,45,0,275,46,77,0,181,71,62,45,99,74,177,386,0,0,0,0,0,86,0,40,0,56,204,126,0,182,0,237,331,79,23,167,49,75,77,31,148,33,131,203,0,116,0,74,0,38,248,79,43,112,0,47,65,0,0,0,322,0,0,0,97,93,66,0,145,0,0,157,0,133,125,39,166,0,0,0,27,112,48,96,34,0,0,74,0,80,0,0,162,207,0,0,259,0,0,132,193,0,96,40,0,0,0,0,68,159,459,58,0,137,0,94,48,0,115,0,0,0,102,55,257,105,44,84,78,0,0,105,314,134,60,0,0,0,0,546,82,538,45,0,80,340,83,88,10,0,103,212,130,0,112,32,35,57,71,69,1576,0,115,0,222,0,0,98,0,57,81,42,61,0,169,0,0,383,376,94,45,0,0,494,32,0,0,38,78,133,26,40,0,0,0,90,92,0,0,111,0,0,381,0,83,69,180,104,0,0,0,0,0,154,0,51,87,41,0,0,0,856,75,0,0,303,494,0,74,0,462,61,192,110,80,45,128,258,192,196,0,0,243,0,0,35,91,197,112,0,0,96,58,0,31,0,0,507,43,86,35,0,0,46,481,0,62,34,153,83,0,170,0,0,0,0,0,129,0,54,0,28,110,0,61,0,0,25,278,32,143,201,0,168,31,33,55,34,57,17,96,0,19,0,0,0,0,0,0,162,54,235,0,0,328,116,125,237,216,0,0,0,0,0,34,0,0,19,44,0,0,0,171,0,31,0,45,39,34,43,0,0,0,0,179,95,0,35,152,519,0,131,99,30,202,229,65,0,0,79,62,239,266,0,44,0,0,76,111,211,164,40,0,0,0,847,59,158,158,216,77,0,49,46,0,0,44,0,0,49,43,83,0,18,242,136,165,0,35,76,535,0,50,0,0,0,129,36,0,0,0,123,0,50,300,0,0,0,132,42,28,81,102,35,0,0,96,0,0,0,0,61,358,480,0,60,70,337,21,0,0,0,101,60,0,39,0,0,0,57,0,60,0,260,31,0,714,0,63,0,66,0,0,302,0,0,0,32,0,68,43,0,0,23,43,33,36,93,72,89,25,36,0,0,183,379,95,20,0,52,0,0,0,0,0,0,49,0,0,29,0,117,202,17,0,62,0,0,0,0,0,0,0,0,183,0,0,103,23,27,0,188,232,0,0,0,212,0,22,0,0,152,22,0,119,0,47,170,0,0,0,69,185,0,101,0,281,0,40,37,194,0,49,23,0,64,101,0,0,0,89,0,146,0,48,0,58,20,189,0,242,0,0,64,0,0,52,44,40,84,58,51,0,38,140,0,0,0,0,62,140,66,203,0,50,476,140,265,87,0,0,0,119,57,0,0,67,0,17,25,111,62,142,64,895,74,0,95,0,0,66,0,0,0,0,0,72,0,0,0,0,0,0,95,38,34,0,112,0,34,0,95,109,108,49,0,0,86,0,0,0,129,126,27,0,0,0,0,64,81,79,335,0,0,44,0,0,44,0,0,34,0,0,0,0,40,102,75,100,70,95,0,0,0,127,225,0,232,0,0,0,81,57,0,133,0,0,0,33,32,0,87,56,0,0,62,0,0,92,0,0,0,0,40,145,0,198,44,0,71,0,0,78,0,89,0,0,0,337,96,40,218,38,0,0,160,0,52,0,0,0,0,0,0,0,16,197,155,0,0,0,69,0,0,0,0,49,0,0,75,0,0,0,81,0,65,127,117,77,45,0,0,0,190,0,0,0,0,0,121,190,251,70,0,52,0,0,327,64,36,0,0,27,132,81,18,0,0,45,0,0,0,0,0,0,0,37,40,73,87,0,0,0,43,0,104,0,0,0,0,0,52,0,0,61,159,0,0,0,0,117,0,0,109,0,0,66,64,0,57,33,155,0,38,0,0,81,0,0,174,56,0,0,151,0,0,63,0,328,0,439,0,813,97,0,0,0,0,31,0,0,0,43,0,157,0,0,78,17,37,53,58,39,0,0,29,35,107,361,174,18,0,0,31,60,28,46,0,225,0,0,0,0,69,0,0,39,94,0,153,483,54,120,0,89,0,0,0,117,0,0,0,0,0,50,0,54,0,47,0,127,84,0,87,54,74,62,222,352,44,198,0,60,99,26,136,0,0,30,0,0,0,0,48,0,0,527,0,0,0,63,60,0,282,0,62,20,81,46,0,0,0,36,0,31,0,16,34,0,0,0,33,0,177,0,147,28,39,463,42,0,76,42,0,0,0,37,0,0,0,27,185,0,0,0,97,0,0,0,94,143,0,46,0,0,0,0,0,16,252,69,0,46,0,114,91,83,0,35,0,0,0,0,36,137,137,114,0,0,0,288,54,63,0,0,44,154,0,0,154,117,0,0,27,0,0,0,200,212,22,0,105,0,103,121,0,135,0,0,0,0,0,0,62,42,0,0,0,0,0,0,0,0,0,0,0,70,0,37,0,0,81,0,0,0,0,0,0,122,0,0,44,0,0,40,216,0,0,181,0,0,111,0,75,0,0,63,0,27,0,0,0,0,0,0,0,0,0,71,0,0,41,37,0,0,0,0,0,0,0,0,44,91,81,0,0,0,0,83,0,68,0,36,0,0,0,42,0,0,13,61,0,56,64,0,48,0,50,67,0,0,0,0,152,0,0,0,35,0,0,60,88,0,0,0,0,0,20,0,0,61,18,0,0,0,569,0,104,0,0,0,0,81,0,43,33,0,0,0,74,207,0,0,0,29,0,0,72,0,60,0,75,0,135,0,0,93,0,61,0,0,34,0,0,0,94,0,0,0,382,257,0,120,0,0,0,94,0,10,115,0,256,0,0,0,35,0,90,0,41,0,272,0,108,97,0,368,0,0,0,0,0,73,0,0,0,36,91,0,65,0,174,0,0,19,0,0,0,50,0,69,133,0,0,0,90,97,0,0,67,0,159,53,0,20,104,0,0,85,0,0,137,0,0,88,0,0,0,63,0,39,101,0,0,0,142,29,50,78,0,0,104,0,0,0,42,0,48,0,20,0,52,0,39,0,53,111,40,116,0,0,75,0,0,0,141,0,75,43,0,0,0,0,84,54,0,0,84,0,0,0,69,0,65,0,36,0,0,0,0,0,217,0,0,0,63,0,225,0,0,81,0,0,0,0,0,0,98,0,0,86,77,0,0,44,0,0,185,0,54,0,92,64,0,0,137,0,0,27,81,0,67,0,0,0,77,0,145,0,0,30,72,0,0,63,157,77,34,0,467,0,0,69,0,0,17,44,87,0,57,0,0,0,0,0,161,0,0,102,0,125,0,0,62,108,0,58,0,0,0,87,0,36,0,0,0,52,0,0,184,31,0,0,27,33,71,55,0,96,50,0,0,0,0,340,0,43,28,0,27,0,0,78,214,0,0,0,0,0,0,0,0,0,0,60,112,0,114,118,123,51,16,35,432,0,0,0,0,298,0,29,0,0,0,305,24,0,30,0,24,68,0,0,75,0,44,0,124,0,0,0,261,30,447,136,0,0,0,105,62,0,47,0,69,27,98,0,35,54,0,0,0,0,0,0,0,0,225,0,0,483,0,0,0,112,39,0,45,130,39,0,41,0,0,0,167,137,106,99,0,0,148,0,0,50,0,0,114,0,0,0,0,0,0,0,0,0,224,0,104,0,0,0,0,151,0,104,85,51,0,0,50,175,0,0,0,115,0,63,29,0,37,0,0,0,41,0,0,0,0,0,45,214,0,0,0,0,0,0,0,45,0,162,17,30,0,0,0,25,0,0,68,55,0,0,0,0,92,108,0,0,0,0,24,0,0,35,76,82,33,37,0,0,218,0,0,0,38,0,61,247,0,59,36,43,0,0,0,0,0,0,63,21,0,0,33,0,0,0,0,26,0,0,43,0,62,90,313,0,38,0,0,0,0,0,0,0,57,34,79,0,60,41,50,0,57,0,61,0,65,0,76,0,0,0,59,0,47,43,0,103,0,17,27,0,0,60,0,297,30,0,0,0,36,100,107,137,98,0,0,0,203,0,0,0,0,0,0,0,35,164,0,0,81,0,0,0,385,0,57,244,84,0,0,0,0,0,22,0,109,264,0,28,0,0,0,0,72,0,0,58,0,38,30,67,0,32,94,115,0,0,0,48,0,113,46,0,284,0,0,0,113,38,0,0,116,0,0,0,0,0,0,250,0,344,0,0,120,0,0,0,0,0,0,0,0,199,0,0,163,0,0,0,0,0,0,36,0,65,62,240,69,0,0,0,56,22,0,0,302,609,0,37,0,0,44,0,0,0,102,315,68,53,0,0,0,0,0,0,81,0,57,0,29,0,104,0,78,122,0,0,0,0,52,0,117,0,70,0,0,0,0,140,115,0,0,0,218,101,0,0,621,0,0,0,0,0,0,0,0,0,34,71,0,0,22,0,0,90,108,0,0,0,24,32,130,44,0,0,322,45,75,0,0,0,0,0,131,0,48,0,0,703,0,158,0,0,0,0,0,0,0,30,0,0,0,0,83,138,0,41,0,0,176,87,0,0,0,0,42,27,0,90,0,0,0,25,0,48,0,51,197,173,84,119,0,0,0,0,42,45,0,0,0,150,327,38,153,124,83,43,0,0,0,38,0,0,59,0,0,57,0,384,193,0,54,0,16,45,0,0,0,0,89,64,172,31,44,0,0,157,42,0,175,74,0,77,0,33,0,46,32,0,0,0,0,34,0,0,156,0,0,57,35,0,0,0,0,73,0,40,0,0,79,43,66,0,55,18,0,152,0,78,0,26,47,29,70,118,0,0,0,32,0,0,0,49,0,63,0,0,128,48,0,157,33,0,0,0,44,0,0,0,0,95,43,134,168,0,0,0,0,0,66,29,102,0,0,58,62,0,0,221,0,0,57,0,0,77,102,0,64,93,126,0,26,98,48,0,0,0,0,74,0,0,157,0,46,231,0,0,0,16,201,0,59,81,58,79,86,82,75,77,170,0,162,34,0,67,0,75,184,67,101,0,0,45,0,0,0,0,126,0,0,0,144,0,0,64,0,31,0,0,107,121,0,149,34,0,0,0,0,69,0,70,337,111,0,137,0,0,59,0,64,57,24,0,0,0,0,41,64,24,39,0,0,0,0,0,0,0,73,20,0,29,0,47,493,0,0,485,0,107,0,0,0,29,86,0,62,0,0,0,108,0,0,84,0,340,37,0,0,0,75,0,0,0,0,61,0,0,0,276,0,84,110,123,100,0,0,0,0,32,0,0,218,0,0,28,35,169,127,75,56,123,243,0,0,0,71,0,24,0,123,0,418,104,0,0,41,88,50,0,87,0,0,111,0,95,0,33,38,0,0,0,24,0,25,0,0,87,118,54,0,0,0,0,0,0,0,0,37,0,71,94,139,0,0,0,71,0,77,0,0,126,385,67,0,0,43,0,0,0,30,101,0,87,0,62,52,0,74,243,0,0,0,0,35,37,39,0,57,0,0,50,0,0,52,42,126,0,0,310,0,0,86,0,51,39,52,106,105,37,0,78,0,0,111,0,68,556,65,0,0,182,47,44,27,0,44,0,85,78,0,0,231,0,48,0,160,87,67,100,89,0,65,38,0,177,0,40,47,0,519,0,155,0,0,0,0,140,0,0,0,476,0,0,42,61,60,34,159,0,83,219,104,38,69,31,0,0,137,0,40,206,0,30,49,244,69,45,0,0,68,0,0,92,37,53,0,0,44,72,230,23,115,0,0,0,0,0,76,41,92,37,0,163,37,0,0,0,0,56,0,112,198,0,0,91,0,0,0,73,48,136,0,0,0,0,0,47,0,88,0,0,57,45,0,15,165,0,70,65,0,181,0,46,0,0,0,0,0,106,0,48,0,0,115,51,0,0,0,132,0,99,68,56,60,0,46,73,0,0,271,85,205,0,48,0,0,0,27,0,0,25,220,65,0,293,54,97,0,80,0,79,0,0,0,0,12,0,0,0,189,0,0,121,0,0,37,0,0,0,0,25,0,11,88,0,0,0,0,0,38,82,0,0,0,0,42,193,0,0,64,85,65,0,0,0,0,0,0,37,0,37,0,0,0,25,0,0,0,88,0,0,0,0,0,0,0,0,40,0,61,161,242,576,90,60,48,43,92,0,186,0,65,87,0,0,0,115,142,0,55,0,0,53,0,0,0,0,0,36,0,31,136,0,57,0,137,0,0,0,42,0,0,223,0,175,63,0,72,0,0,0,44,0,54,0,681,0,0,23,211,0,0,84,0,0,65,0,113,0,78,130,49,358,107,0,202,22,177,0,36,0,63,64,0,0,63,0,188,0,0,69,0,56,34,0,31,0,0,94,48,28,0,0,0,0,0,215,33,0,0,25,0,0,0,0,0,0,0,31,23,112,0,0,67,0,0,122,0,0,42,0,26,0,104,0,0,0,0,0,0,0,47,173,0,59,117,188,0,83,0,0,0,0,33,0,0,46,0,0,0,17
61,0,75,82,158,112,233,230,0,290,0,782,155,97,55,738,828,796,127,137,86,959,204,179,402,548,56,111,154,114,67,80,210,0,170,462,694,38,159,1097,621,161,153,75,942,0,268,151,1102,53,524,193,352,393,133,729,94,59,0,91,43,513,232,711,113,156,553,208,99,51,1091,26,234,126,94,799,385,138,842,171,432,55,144,761,557,240,182,50,248,131,877,249,213,250,394,112,163,28,182,114,0,131,138,427,71,87,223,155,406,227,632,187,300,531,658,237,186,481,125,124,685,116,1156,141,116,159,111,66,283,98,572,87,1627,83,364,411,687,277,295,304,472,298,311,1382,0,63,263,125,338,363,43,143,266,186,350,324,66,374,154,525,922,205,57,490,239,338,167,159,640,415,908,693,162,218,79,188,128,231,669,188,138,551,60,166,107,228,141,1995,838,32,63,50,277,281,365,75,450,100,53,417,136,292,372,111,770,108,182,84,83,375,323,440,114,324,92,360,241,270,68,85,658,825,200,85,1572,64,44,326,931,64,452,111,94,136,75,32,135,273,800,168,73,364,202,177,237,0,400,54,120,49,207,248,1340,286,699,193,148,49,95,228,709,480,291,198,220,68,76,1191,238,1500,146,74,843,1320,211,309,280,62,3002,735,384,70,424,336,408,172,172,647,7508,321,260,201,616,72,93,229,66,264,262,201,197,163,189,81,80,1132,653,649,0,382,350,1428,204,37,31,167,222,641,212,112,181,88,68,131,389,253,183,364,97,59,890,0,230,161,183,211,57,35,117,145,0,252,77,190,257,112,79,94,357,1712,550,521,128,722,1784,83,176,192,622,839,240,210,566,53,237,492,1417,744,237,136,509,281,144,163,323,347,583,0,27,524,243,88,118,50,264,1012,267,248,209,41,161,96,2065,140,248,158,1848,99,299,569,58,92,783,51,129,237,113,81,150,91,528,0,206,142,28,42,383,299,483,725,116,267,309,91,153,229,192,207,606,121,0,60,262,87,452,84,132,167,142,766,77,0,468,446,763,332,891,435,145,238,83,0,727,61,371,87,213,100,0,133,463,94,941,616,111,95,107,186,70,136,158,99,906,297,173,211,369,1429,556,333,240,90,388,539,406,40,44,241,485,1074,558,292,73,942,137,205,769,429,403,113,0,440,108,1890,313,201,604,369,243,69,292,159,72,184,88,70,1033,206,313,508,666,250,500,1286,218,93,223,197,906,116,116,29,0,28,216,164,92,0,29,478,123,443,895,113,131,86,328,147,236,618,283,424,108,192,145,140,64,300,172,195,661,934,0,220,181,823,217,64,50,79,574,673,108,0,83,79,0,626,93,129,710,590,487,92,1042,28,973,1928,242,55,119,2455,0,478,0,71,38,523,61,320,147,163,161,337,136,890,198,616,166,162,57,113,1127,1146,325,61,198,347,37,235,82,0,30,83,209,81,355,128,0,552,652,69,166,218,73,139,356,282,70,26,123,67,596,57,123,915,64,254,103,743,852,196,79,284,1779,27,258,177,255,639,299,199,192,56,159,489,214,333,121,388,784,113,602,90,1025,242,254,323,1000,110,82,189,231,236,517,87,128,202,370,0,663,118,251,74,207,122,666,0,960,44,79,265,49,301,344,123,196,320,281,374,98,1251,677,0,87,128,42,336,615,233,861,305,387,2255,743,1540,396,460,45,33,458,263,122,127,322,0,59,172,1264,456,840,144,3264,539,0,333,92,60,300,53,99,184,135,96,540,97,66,306,57,82,130,338,149,120,61,389,0,153,91,559,397,532,201,155,134,923,157,109,74,223,800,196,344,107,53,70,487,348,343,1095,0,0,222,116,36,151,35,279,173,201,187,229,179,193,1541,376,306,274,461,106,187,57,597,969,132,1046,156,184,111,294,385,47,824,169,159,135,230,249,85,577,1388,50,105,244,75,76,634,356,89,0,0,156,862,77,536,257,0,216,175,78,386,71,418,112,72,80,1499,851,168,1330,170,114,118,492,155,252,100,0,169,61,76,116,105,180,868,662,147,124,0,197,228,185,488,162,216,237,0,433,0,140,226,494,90,228,633,577,1330,171,134,181,347,923,0,169,26,241,140,892,977,1021,390,183,374,89,213,1908,416,288,449,57,311,747,202,113,231,402,379,134,138,300,191,126,147,96,230,176,346,398,538,62,100,277,89,585,129,634,94,112,160,349,277,0,314,556,251,56,213,183,1556,94,180,401,231,344,1286,470,66,506,160,1529,99,199,0,1097,223,187,43,1459,124,46,270,562,78,43,558,397,1569,255,1746,74,3370,492,228,262,206,108,111,119,47,195,531,101,406,69,86,616,224,335,1336,554,147,288,0,398,130,642,1874,740,384,320,86,161,191,162,187,0,642,355,181,45,84,510,112,220,239,866,68,819,4627,292,695,239,823,383,137,183,818,694,242,89,299,0,404,219,1875,0,482,388,474,467,0,1238,195,298,354,1268,2155,827,1512,79,433,448,181,483,98,252,177,263,72,286,0,445,15,260,2118,185,122,112,298,207,212,1361,245,458,271,340,184,172,56,200,340,175,598,48,87,363,480,158,0,261,172,745,368,1389,173,305,1010,272,55,1427,206,419,860,174,164,0,146,717,186,870,0,65,716,1292,37,99,72,463,332,50,247,75,257,97,194,124,127,929,339,237,222,441,584,615,682,49,190,190,767,271,116,323,655,819,1240,367,494,84,547,428,323,46,157,318,935,81,308,913,933,172,294,129,0,54,253,1336,1379,143,109,489,129,1517,680,0,647,173,144,273,90,164,69,158,153,299,612,75,166,486,165,112,1972,137,110,412,630,154,234,316,108,386,363,132,138,269,141,132,155,93,83,732,55,56,125,570,434,304,260,80,39,228,142,550,99,265,287,74,308,66,347,43,148,81,193,183,494,59,397,83,86,272,59,282,495,135,434,78,71,277,145,898,994,797,80,90,56,158,1298,142,174,139,933,325,198,121,293,199,57,117,290,58,282,273,233,585,0,61,209,223,126,421,47,698,328,53,190,519,197,248,727,781,138,134,652,147,537,216,110,1284,666,226,1476,106,54,6616,151,495,42,321,237,106,2194,41,217,484,133,431,83,635,404,83,54,166,231,92,166,886,93,103,137,701,145,202,64,591,594,141,99,102,156,214,205,165,163,685,83,0,129,4785,1253,111,1183,154,267,412,688,181,123,282,113,1077,117,110,355,380,81,1419,138,441,339,1647,0,1789,722,0,857,146,64,127,54,79,1207,392,201,465,306,566,257,1019,77,764,56,191,582,22,151,375,370,165,386,175,82,232,328,215,474,161,318,690,145,2185,921,355,469,623,216,158,736,79,45,1138,25,77,604,0,155,87,640,83,275,646,328,295,115,798,290,357,267,417,0,736,571,105,66,297,261,389,163,71,232,474,49,595,432,441,808,172,178,83,106,961,211,224,120,1549,749,420,353,240,189,141,41,166,655,220,348,1047,129,0,222,730,122,209,209,175,82,196,45,53,354,814,296,0,208,488,209,627,97,142,520,115,156,698,0,112,80,279,377,71,295,322,143,74,131,36,66,355,119,397,0,700,495,117,124,613,778,103,126,659,204,577,69,98,291,1504,52,1085,71,62,205,361,37,198,378,1480,204,194,612,2123,74,30,1092,325,51,342,483,915,72,263,329,280,214,136,56,543,49,193,1358,0,255,160,159,202,538,101,152,208,374,126,895,101,164,0,105,138,351,46,212,967,1580,253,96,227,466,287,285,129,402,351,193,158,146,117,1528,212,170,174,119,140,262,70,786,997,268,295,369,251,766,125,57,542,351,265,393,492,160,377,639,189,210,82,280,1093,110,74,302,200,636,59,224,0,80,125,1459,502,186,172,102,671,427,422,150,267,87,785,92,1578,0,115,85,737,167,1875,498,450,164,120,456,616,143,444,134,743,263,405,321,364,721,43,302,44,360,142,325,110,466,1106,0,52,1583,163,40,113,597,461,77,123,940,352,139,78,63,182,114,403,356,556,2296,156,568,504,29,154,286,76,178,852,57,75,198,57,140,1071,44,44,323,1410,77,1057,110,211,180,86,760,1191,385,437,195,85,1188,421,3351,110,99,75,668,58,746,204,260,355,249,74,68,217,71,71,28,309,127,213,2310,221,112,67,0,41,60,170,365,0,1531,65,352,515,0,121,218,300,0,1222,319,88,609,226,177,258,261,502,99,523,320,125,238,0,318,369,321,135,253,68,60,1653,48,340,70,504,419,1607,905,175,1031,268,211,111,92,178,723,1175,260,163,835,154,320,275,61,120,118,121,191,156,83,283,378,458,588,755,455,212,248,458,80,113,99,492,137,285,350,1094,283,300,293,285,209,2327,340,244,266,1379,57,1657,282,102,190,218,1092,714,263,0,901,150,387,151,105,134,496,571,684,100,103,48,690,267,187,838,822,480,55,65,334,1080,85,37,409,144,135,57,166,223,833,1219,204,468,410,53,62,3113,137,157,1487,279,128,41,182,414,369,84,1566,805,1462,43,435,72,169,80,89,591,199,284,351,151,275,777,307,392,2672,626,517,58,129,231,647,937,590,356,170,1451,105,52,803,368,1042,148,1178,629,266,189,59,147,177,978,448,346,1076,236,72,259,168,73,132,516,99,117,575,33,848,60,137,646,211,127,60,59,325,312,180,125,313,197,1391,657,100,158,1525,224,98,69,108,996,3273,118,273,92,280,127,0,597,151,594,1753,342,373,589,782,85,148,33,145,553,481,1189,54,184,57,493,750,271,529,88,124,514,59,485,44,689,122,391,62,389,69,82,379,573,60,90,224,1330,313,416,81,3787,91,112,41,73,0,43,492,417,341,433,1036,121,0,211,77,114,385,348,383,167,199,591,206,374,323,112,415,810,119,509,214,172,69,213,288,635,510,1203,288,118,2090,309,445,167,147,403,333,145,89,104,168,100,234,273,353,276,599,602,134,107,67,382,764,211,0,166,90,362,893,280,371,327,66,59,264,29,265,264,249,1596,760,1527,649,18,94,54,77,270,291,209,91,524,620,1788,396,693,362,428,614,143,259,35,124,224,271,200,69,210,263,128,1160,1299,68,236,524,103,184,0,99,338,127,827,367,1741,158,244,540,263,818,635,0,469,282,132,218,226,511,200,358,221,77,332,288,118,413,563,235,947,304,94,195,552,250,209,81,508,364,41,889,67,0,742,448,144,182,443,125,43,3315,75,905,213,220,283,153,493,698,105,63,185,96,158,190,214,313,75,369,88,113,2935,298,236,1989,204,177,54,210,254,120,220,63,131,653,454,988,602,303,0,81,342,256,493,383,319,126,108,349,310,247,44,522,219,219,964,0,0,513,318,76,384,377,783,79,242,306,145,166,62,0,111,648,83,425,957,178,713,1116,65,153,42,76,725,92,509,423,341,1516,204,712,238,323,637,76,526,502,88,503,285,801,963,523,364,146,37,373,305,194,78,257,396,89,188,475,444,300,3316,308,37,253,499,203,476,814,245,1683,267,511,161,148,51,456,87,945,1575,590,144,1768,59,25,279,282,387,288,95,0,48,335,290,423,463,124,1207,495,74,34,0,113,114,404,166,130,112,242,48,213,3901,139,93,1957,489,454,61,857,136,890,338,74,758,393,153,121,413,69,50,738,115,1111,485,291,240,126,227,116,99,56,2872,362,73,83,74,1770,61,461,518,1413,592,72,80,209,430,345,169,0,1392,48,186,153,218,983,709,1166,513,677,1137,85,108,195,374,104,209,190,478,119,3450,554,161,115,110,444,579,154,445,222,276,771,890,560,194,417,226,174,225,112,336,146,256,47,176,640,459,309,172,1646,236,0,500,121,53,297,792,98,218,580,722,183,133,29,451,261,247,121,89,688,4006,477,45,110,497,167,204,142,282,1127,172,395,354,257,448,209,280,906,232,54,97,127,147,217,123,405,528,223,199,212,55,265,291,298,509,118,213,1778,39,130,807,120,249,277,256,1214,647,534,168,427,0,162,287,205,526,1796,368,51,36,1442,547,489,442,115,325,878,377,661,87,159,2597,318,1248,282,1315,535,724,518,812,52,286,377,110,653,270,255,178,185,2391,272,602,119,145,201,0,1334,52,128,179,2405,123,170,793,446,387,204,1416,70,549,938,346,298,2732,146,1543,324,945,101,358,1048,95,360,362,845,327,452,57,109,343,469,0,520,350,235,407,109,755,742,1261,106,411,394,181,454,65,51,262,269,346,250,237,1757,1097,160,442,0,73,287,198,529,1381,148,292,744,72,106,84,297,592,766,62,78,316,456,86,180,246,964,166,40,452,676,84,143,1532,389,272,582,1018,863,916,577,48,326,0,68,138,705,86,351,256,0,463,639,162,93,96,1061,83,640,285,643,289,616,519,704,0,72,2379,179,1975,185,539,342,0,322,106,47,158,233,1152,457,228,808,372,778,112,141,48,406,305,178,65,197,155,155,145,116,1231,420,141,298,97,0,525,278,45,50,231,118,2245,207,365,71,120,133,281,290,380,294,158,236,236,400,496,639,166,61,1096,390,447,167,190,515,205,0,124,1022,62,392,0,206,242,421,103,124,231,417,132,98,95,184,384,217,213,171,322,88,202,370,2271,4797,224,515,345,562,1341,189,326,105,590,415,405,108,535,616,447,314,268,146,81,567,335,0,1017,383,70,296,652,426,1293,229,836,232,1031,105,154,44,347,226,271,955,91,2296,535,77,1457,50,0,501,322,76,482,244,1729,43,51,208,759,52,29,898,136,0,269,59,446,145,322,489,475,2676,360,101,1437,238,1181,188,424,45,533,542,105,126,888,165,679,104,122,670,58,541,850,60,145,470,277,1236,1024,261,116,359,255,236,45,2912,446,65,112,403,320,229,203,92,220,238,127,331,307,368,204,0,450,71,45,1458,324,169,472,167,357,96,2178,97,97,123,89,53,53,105,456,815,35,159,566,449,151,649,238,28,66,428,344,238,80,606,2704,149,133,208
62,0,0,0,22,31,50,0,0,98,0,166,0,0,0,340,74,129,0,0,0,183,133,38,37,119,0,34,114,0,0,0,0,0,0,110,78,0,87,251,82,40,37,0,276,0,54,0,317,0,76,63,64,75,0,122,0,0,0,0,0,86,35,204,0,0,86,25,0,0,287,0,28,0,0,109,83,0,193,0,0,0,40,122,392,44,0,0,58,53,167,46,0,64,67,0,90,0,60,0,0,0,0,48,0,0,60,0,42,0,169,0,104,49,110,43,72,262,0,0,274,0,0,0,0,0,0,0,70,32,102,0,65,0,74,137,154,0,88,44,124,69,128,138,0,0,96,65,52,155,0,0,173,0,109,81,0,0,38,123,155,43,0,86,47,66,0,0,93,344,260,139,77,61,0,30,0,66,117,57,0,176,0,0,0,57,103,633,152,0,0,0,52,56,158,0,49,0,0,119,0,66,151,0,249,0,56,0,0,0,165,150,43,135,51,56,43,115,0,0,52,214,0,0,46,0,0,93,118,0,126,20,0,57,0,0,0,0,93,0,0,0,0,40,27,0,151,11,31,40,34,26,46,24,97,0,63,21,41,0,195,101,27,0,67,0,0,142,120,239,0,0,200,106,44,72,60,0,461,256,45,0,100,282,52,0,38,405,2223,112,59,25,80,19,0,66,0,48,69,0,31,0,84,0,0,219,76,159,27,53,0,181,93,0,0,45,46,229,0,40,0,0,0,59,180,0,35,136,0,0,134,0,47,0,84,45,0,18,0,81,0,23,0,0,72,0,0,0,73,338,253,0,0,84,489,0,52,87,384,58,0,39,0,0,72,226,402,202,62,0,52,31,49,0,84,179,140,0,0,154,56,0,0,43,0,484,74,46,30,0,14,0,619,0,56,0,494,45,92,91,0,0,134,0,33,60,36,55,35,0,123,0,110,0,0,0,277,84,65,224,0,152,48,0,88,0,0,59,141,0,0,0,0,0,67,35,0,49,41,213,0,0,138,114,56,86,212,32,35,0,0,0,0,0,0,0,0,0,0,0,253,0,94,114,0,0,0,54,0,0,0,0,299,44,77,43,64,435,72,39,35,0,49,85,103,0,0,108,62,335,60,0,27,124,0,56,253,0,124,33,0,71,0,217,94,103,234,39,0,0,0,23,0,0,0,0,46,0,67,122,37,0,251,0,100,9,38,0,174,0,0,0,0,0,114,44,0,0,0,145,0,0,108,0,42,0,59,40,72,50,0,0,0,88,36,19,0,0,0,44,110,228,0,80,75,106,0,0,0,0,133,178,0,0,0,0,0,287,0,80,52,271,37,0,282,0,135,176,54,0,0,0,0,0,0,0,0,138,28,28,55,0,106,38,0,281,29,92,61,40,0,36,162,262,134,0,78,54,0,77,0,0,0,0,41,0,121,48,0,81,121,0,15,0,0,52,84,66,0,0,0,0,217,0,0,432,0,68,0,174,99,0,0,172,322,0,88,60,0,118,62,29,77,0,0,99,122,125,0,63,425,0,117,26,166,68,138,63,187,0,0,64,88,83,224,0,47,0,142,0,41,0,0,0,0,0,118,0,266,0,0,0,0,57,0,47,31,0,73,109,0,266,116,0,0,0,0,21,183,144,264,71,87,1011,178,139,89,105,0,0,79,103,0,0,64,0,0,85,508,98,87,0,1008,74,0,145,40,0,171,0,34,78,0,0,62,0,0,66,0,0,38,171,0,99,0,119,0,99,0,139,158,108,0,35,0,455,36,34,49,82,0,0,60,17,0,0,0,66,0,370,0,0,64,0,0,0,0,0,100,45,96,40,33,0,333,55,153,32,140,0,28,0,246,150,0,97,0,47,39,31,178,0,297,0,50,37,43,68,0,29,324,0,25,48,0,0,51,107,0,0,0,43,161,0,244,47,0,83,73,54,129,29,136,0,33,0,832,134,48,402,0,57,58,192,0,72,0,0,0,0,0,45,34,0,255,138,28,0,0,0,80,104,183,40,21,124,0,91,0,26,21,162,0,85,140,63,371,0,0,57,145,434,0,66,0,29,67,195,254,75,107,0,62,0,0,352,67,51,0,0,66,116,61,27,0,55,51,0,0,127,31,49,48,0,0,32,0,59,70,0,41,0,0,110,0,0,0,0,0,113,0,0,0,84,0,0,41,0,528,0,0,85,61,74,133,0,55,58,117,231,33,49,0,321,172,0,0,254,35,0,41,159,0,0,0,61,310,55,266,0,1083,0,41,0,0,0,0,0,0,0,53,0,110,0,0,162,0,48,256,63,54,33,0,91,0,187,505,212,40,51,0,0,59,0,47,0,398,73,46,0,0,0,0,0,74,302,0,112,1059,55,60,21,166,140,0,0,88,81,0,0,0,0,0,110,0,0,52,167,107,115,0,266,104,109,69,196,331,117,330,31,99,41,0,302,0,0,44,0,0,66,0,0,0,0,701,0,0,0,0,51,0,343,0,80,0,85,0,34,0,47,51,0,267,0,67,94,0,0,0,83,35,168,149,102,50,33,790,51,19,72,0,0,343,56,83,0,62,203,39,187,0,0,246,463,0,0,33,75,131,0,0,0,57,0,0,0,29,200,168,0,61,30,98,0,128,0,0,47,319,82,30,69,193,216,144,0,131,0,153,0,25,26,43,0,89,0,61,152,289,0,62,0,0,0,37,446,103,0,0,35,29,161,48,0,155,111,41,46,0,45,0,0,0,127,211,0,32,90,51,0,233,0,0,128,169,39,0,109,0,123,45,0,0,0,0,29,71,43,0,76,0,0,0,223,149,44,133,10,0,0,0,279,0,80,44,0,68,26,56,0,64,0,80,45,74,0,54,14,0,0,0,0,107,38,94,0,0,97,30,114,216,297,0,0,0,45,346,45,42,61,71,91,0,0,0,143,34,57,0,0,91,67,29,138,0,0,130,26,0,39,0,258,48,0,0,169,0,60,111,275,33,0,182,0,243,44,24,376,167,0,143,0,42,518,38,118,0,108,61,0,335,0,0,49,47,99,0,348,109,46,0,0,80,0,36,201,0,39,36,64,0,44,0,208,338,26,44,0,0,0,83,38,0,288,0,0,0,677,434,55,539,41,137,136,104,72,36,96,46,81,43,26,94,111,0,366,0,109,64,176,0,450,148,0,246,44,0,0,40,0,110,68,98,203,123,177,77,206,0,358,0,107,286,0,0,85,104,0,135,79,0,81,49,55,49,35,57,106,0,583,280,104,137,78,0,0,139,0,0,516,0,0,137,0,0,43,122,25,85,220,117,33,29,382,77,54,0,127,0,202,219,27,0,0,0,35,94,0,0,101,0,87,178,156,296,0,115,0,32,240,48,77,0,563,164,0,64,0,79,0,0,68,252,84,102,559,0,0,76,230,61,92,108,0,0,63,0,0,115,129,63,0,38,77,48,182,0,82,126,31,65,227,0,0,0,164,82,53,74,99,92,34,53,0,0,205,0,215,0,196,146,0,0,213,261,0,84,349,85,179,0,59,61,330,0,395,54,0,85,165,0,56,68,180,0,0,277,368,0,0,175,120,0,66,268,170,0,100,32,93,40,0,0,164,0,74,666,0,118,66,46,66,185,37,61,82,113,0,399,0,32,0,0,34,66,0,42,181,165,0,0,47,67,74,96,0,64,94,48,39,48,55,489,0,0,65,28,36,110,0,151,356,96,243,0,0,173,34,0,134,120,135,70,0,0,91,276,125,32,0,65,348,54,0,0,0,298,0,45,0,0,34,169,114,56,0,46,368,102,95,72,74,0,61,0,306,0,47,0,192,0,798,146,42,47,34,95,202,0,219,51,201,0,71,108,114,135,0,115,0,62,63,0,0,178,208,0,0,695,0,0,41,135,238,31,0,182,195,40,50,24,70,0,124,100,452,1088,0,60,204,0,42,59,0,85,40,0,0,45,0,0,99,0,0,82,311,0,453,43,49,40,0,232,99,80,66,98,90,502,86,344,0,0,0,116,0,209,0,77,121,206,51,0,48,0,0,0,147,28,40,364,168,0,0,0,0,0,38,195,0,711,0,71,158,0,50,102,63,0,321,95,22,114,79,0,42,41,29,0,153,0,51,109,0,21,109,0,0,66,0,0,84,0,122,0,88,0,316,320,40,189,70,0,42,0,0,0,205,72,0,114,20,122,70,0,51,0,0,66,59,0,56,168,114,101,166,108,80,47,61,0,0,0,113,0,128,83,162,24,91,118,0,38,356,87,100,136,181,0,307,49,0,36,71,112,132,56,0,224,29,57,0,13,0,71,165,86,0,0,0,271,118,28,110,247,141,0,0,68,131,34,0,109,0,0,26,22,30,101,62,38,32,101,0,0,498,41,21,454,51,53,0,0,143,88,0,193,120,525,0,77,24,0,0,0,218,35,104,154,52,53,213,97,125,576,80,0,0,0,54,166,260,249,29,59,492,0,0,64,142,220,0,393,67,0,41,0,27,74,441,137,79,245,70,0,33,29,0,31,297,32,16,36,0,61,0,58,403,33,0,0,0,103,50,59,33,87,44,70,185,0,51,273,67,0,0,0,138,432,0,84,0,61,35,0,151,0,203,84,126,98,192,162,45,56,0,0,64,170,250,0,71,0,0,143,31,161,0,0,0,0,77,0,138,0,0,31,132,0,22,83,303,0,0,83,339,22,99,0,1702,0,0,0,0,0,0,173,83,67,147,375,0,0,93,0,0,72,60,64,0,51,154,19,129,99,71,125,709,69,307,0,109,0,71,128,201,81,660,59,0,436,93,206,67,48,87,181,0,0,55,70,41,0,125,286,124,376,361,57,0,30,191,151,95,0,99,0,213,223,73,159,127,39,0,85,0,169,93,0,483,230,575,93,0,46,0,0,157,162,44,0,171,232,873,103,213,218,98,333,0,126,0,71,55,43,95,0,44,39,41,453,707,0,44,210,50,0,0,30,83,72,176,73,310,80,129,95,39,549,106,0,287,143,83,120,67,198,40,197,106,0,235,42,0,149,176,123,293,107,49,98,181,62,80,71,67,91,0,250,0,29,189,123,93,101,87,38,0,2161,0,252,87,63,107,42,149,346,0,0,74,65,79,66,44,182,31,79,52,33,450,69,99,629,107,53,0,76,90,0,109,0,54,270,141,120,309,157,0,0,104,69,59,104,186,0,40,64,0,0,0,314,0,126,384,0,0,224,197,43,223,183,214,45,77,186,94,0,0,0,0,225,26,114,130,74,170,320,0,87,0,56,342,63,313,289,115,249,214,299,209,113,250,23,106,101,37,180,130,254,210,281,197,29,0,121,45,0,0,44,232,38,52,52,235,206,1940,37,0,0,75,0,151,498,142,249,112,122,106,0,0,207,0,255,488,231,55,463,0,0,199,81,151,73,75,0,0,139,90,89,181,86,448,260,0,0,0,0,0,88,154,49,51,87,25,0,1104,38,0,841,71,113,0,243,0,397,84,0,178,162,0,0,243,0,0,231,0,404,133,79,73,0,88,59,0,52,349,143,0,0,0,470,0,251,204,280,211,0,0,80,110,77,0,0,505,0,103,76,116,294,253,158,310,119,422,50,0,57,58,31,100,37,268,0,736,286,0,0,48,97,130,22,56,67,98,491,153,283,68,85,41,57,109,0,68,0,66,0,46,304,196,58,38,361,71,0,86,0,28,93,125,0,90,78,302,37,0,0,75,108,81,0,0,171,822,140,0,66,121,0,74,0,0,159,54,70,205,38,121,64,108,354,0,0,39,0,0,117,65,69,115,82,0,81,0,119,79,108,190,0,45,307,0,33,158,74,68,0,131,605,71,57,80,0,0,46,139,119,119,714,113,0,0,417,130,130,123,0,85,138,55,150,0,29,666,149,420,152,247,186,109,203,283,0,117,88,0,179,89,77,89,37,808,131,107,0,0,56,0,647,0,16,40,1180,0,80,104,112,138,71,397,0,152,393,88,90,577,0,333,0,363,66,81,277,52,103,38,128,141,117,0,0,118,159,0,253,134,44,66,0,164,205,184,60,53,76,0,135,24,0,121,51,125,53,40,365,158,40,77,0,31,119,51,175,603,0,149,298,15,57,0,124,340,289,0,0,59,181,39,67,39,54,28,0,72,142,0,67,382,74,137,184,58,387,76,64,0,80,0,0,0,202,17,104,69,0,195,67,44,52,0,227,0,216,38,64,137,134,73,128,0,40,358,102,328,0,139,65,0,0,69,0,0,97,352,124,0,113,101,101,0,40,0,119,79,28,36,61,89,0,48,0,163,304,76,71,0,0,92,102,0,0,0,39,264,95,50,0,59,109,99,53,142,122,42,159,19,254,347,237,0,0,607,166,151,131,0,32,0,0,0,384,0,170,0,0,0,87,54,0,27,157,62,48,0,66,45,26,206,0,43,0,49,117,446,658,0,220,101,114,225,0,77,29,177,107,101,0,105,187,257,99,81,53,26,0,107,0,268,165,27,159,60,132,456,0,200,42,160,65,0,0,29,0,82,206,0,1541,321,0,425,0,0,0,213,0,101,85,473,0,0,143,183,0,0,88,38,0,100,0,86,0,82,236,92,712,152,0,167,37,141,0,263,0,199,113,0,0,153,53,202,50,0,111,0,77,369,0,0,182,76,393,409,80,56,0,49,15,0,884,276,0,0,0,142,0,87,0,86,40,38,78,148,167,46,0,160,0,0,787,76,54,115,17,192,0,443,0,0,0,0,0,0,0,73,239,0,27,156,249,53,149,40,0,36,46,42,0,0,101,544,65,0,60
63,0,0,17,49,33,0,0,0,38,0,66,0,21,0,142,230,195,0,75,0,64,50,80,42,82,0,0,0,0,0,0,64,0,0,198,97,0,0,191,0,0,39,0,300,0,45,0,140,0,118,0,141,91,0,58,0,0,0,47,0,103,51,197,0,41,47,0,0,0,253,0,0,39,0,169,54,0,271,28,120,0,0,150,77,57,0,0,98,0,78,33,0,72,102,0,0,0,57,26,0,0,0,122,0,0,0,0,102,137,202,26,102,95,74,31,0,0,0,0,117,0,245,0,0,0,40,0,69,0,0,0,364,0,68,0,85,84,46,0,149,95,118,454,0,0,49,0,0,80,0,0,52,0,62,113,0,81,33,194,188,0,0,96,52,149,56,46,74,80,156,76,0,0,0,42,47,47,75,0,30,185,0,0,0,0,0,535,321,0,0,0,113,88,69,0,97,27,0,106,0,0,60,0,265,0,73,0,0,126,89,149,72,54,0,65,0,0,0,0,133,76,58,0,343,0,0,96,421,0,0,0,27,0,0,0,0,93,189,50,0,0,23,0,0,0,184,10,18,0,0,110,349,74,52,45,0,0,0,96,355,67,51,42,0,0,0,488,85,289,53,0,0,309,53,30,38,0,282,209,74,0,55,88,0,44,51,236,616,0,71,0,131,0,0,46,0,49,55,38,55,0,0,0,0,194,122,142,0,140,71,87,43,0,0,32,74,93,79,0,50,46,0,0,75,139,31,174,0,0,30,0,36,0,0,40,0,0,39,0,0,0,0,48,0,0,0,0,143,683,122,152,0,194,284,0,70,69,299,79,0,43,101,0,70,173,320,103,92,0,99,66,0,0,62,121,140,0,0,100,31,0,55,27,68,648,56,49,0,0,0,33,174,21,36,0,472,0,55,26,0,41,113,0,0,88,0,0,0,12,44,0,92,20,0,0,268,50,45,267,0,135,77,0,84,143,0,0,171,0,0,0,81,0,121,0,23,0,0,129,0,0,78,141,70,0,147,95,0,61,0,0,200,0,112,0,0,47,0,33,84,0,218,0,0,0,0,48,0,29,0,0,129,0,33,61,0,229,169,38,129,0,41,167,77,0,0,82,45,199,131,75,0,32,0,73,203,117,86,0,0,168,0,486,58,13,258,75,0,0,51,0,0,48,0,0,199,79,67,108,173,56,104,312,0,0,0,24,102,0,42,0,0,0,69,57,0,0,0,88,27,131,26,27,0,0,94,0,0,342,91,102,34,39,0,0,0,94,18,0,52,202,0,43,97,149,0,0,0,0,128,166,0,0,32,0,0,0,0,0,257,143,106,0,141,0,305,663,33,0,0,463,0,66,0,0,0,192,0,0,29,54,0,68,36,62,0,202,59,81,0,16,165,119,154,16,69,100,0,48,0,0,0,0,57,0,133,47,0,243,203,0,54,96,0,0,89,65,0,0,0,0,198,0,0,270,0,81,0,141,115,65,0,56,531,0,0,34,79,158,0,38,0,0,38,139,46,76,45,73,292,0,99,0,272,42,45,54,94,33,0,45,0,88,110,22,58,99,54,0,122,0,63,0,38,42,175,0,81,0,0,38,0,118,27,49,0,55,131,75,0,291,190,0,0,0,0,78,129,81,133,53,178,588,307,427,146,84,0,0,46,105,0,0,152,0,0,36,362,74,433,0,448,93,0,129,40,0,130,0,0,68,0,0,141,0,0,68,0,0,53,72,0,0,0,52,0,66,0,134,241,188,51,0,91,258,48,58,0,0,247,0,146,0,0,0,194,111,57,290,0,0,0,42,0,0,0,129,30,57,32,0,51,69,330,59,53,61,159,0,40,32,187,223,0,91,35,37,0,37,152,0,247,0,34,41,54,55,0,58,300,0,0,64,0,0,88,62,0,0,0,75,308,0,236,29,0,135,79,0,143,0,97,0,0,0,603,130,43,350,60,0,21,128,0,124,0,0,71,0,0,0,0,25,149,236,0,0,0,0,36,86,97,26,0,103,0,150,0,0,49,180,0,65,197,127,303,52,41,114,97,269,0,127,0,40,39,266,267,334,271,0,0,47,60,99,141,144,67,0,142,75,142,0,43,73,149,49,44,104,84,19,56,0,61,27,107,127,106,0,65,84,0,46,33,254,0,44,65,60,82,0,140,184,56,26,85,0,466,37,49,184,104,96,264,143,0,30,53,520,91,64,0,222,97,55,0,439,0,0,46,374,0,18,139,191,351,28,644,0,1786,134,43,98,63,29,0,0,0,85,106,0,0,0,0,286,89,179,341,350,0,83,0,129,18,269,365,66,105,116,0,55,112,39,0,0,283,24,83,0,0,107,49,57,70,317,0,293,1392,60,226,42,77,113,104,50,307,219,65,0,134,0,110,111,625,0,59,204,151,85,0,283,56,70,55,182,910,246,140,0,161,106,36,159,0,78,45,71,0,136,0,0,0,88,255,0,0,54,49,0,36,611,67,17,150,154,49,74,0,0,78,0,151,0,44,94,157,57,0,171,74,243,122,270,0,0,446,0,0,272,51,89,237,88,109,0,42,115,112,186,0,0,198,526,0,0,0,0,57,0,84,0,63,38,0,0,59,220,94,46,0,84,70,129,148,13,0,106,279,72,0,99,77,147,206,0,204,0,74,91,80,0,45,92,205,0,0,231,159,0,116,56,0,35,95,249,191,68,69,162,49,265,221,0,90,37,0,0,0,0,0,50,0,62,103,0,29,102,73,0,45,0,25,0,93,0,62,111,0,134,36,44,28,34,65,0,70,0,0,151,0,0,41,120,117,67,74,0,0,70,0,274,0,44,0,0,99,22,82,0,43,0,48,0,163,0,131,0,0,71,0,53,74,28,60,0,0,55,0,230,215,113,0,0,0,0,406,0,60,63,232,0,63,0,83,76,0,37,0,0,76,46,0,91,0,0,58,0,0,0,0,120,82,0,0,160,57,76,173,272,0,0,165,0,170,0,0,124,160,86,393,28,0,1200,0,99,0,109,47,52,593,0,72,121,0,60,0,162,130,0,0,0,69,0,28,114,31,0,20,97,0,110,0,204,230,0,0,0,0,64,51,52,0,58,0,0,47,999,395,62,542,0,80,74,215,103,0,102,0,121,0,0,47,97,0,274,0,133,15,533,0,78,70,0,320,72,0,38,37,0,228,89,75,95,89,0,0,200,13,258,0,0,258,0,0,0,43,38,110,42,0,46,0,96,124,0,70,202,45,308,277,67,163,243,49,0,123,0,0,556,0,0,0,0,43,30,179,33,47,51,96,0,0,291,41,0,74,80,0,101,93,0,0,65,49,64,51,0,0,92,0,108,165,164,251,42,61,0,25,125,30,54,40,198,168,124,113,75,59,0,0,66,266,0,0,239,28,0,86,161,0,49,110,41,30,49,0,0,86,365,74,0,108,138,0,141,0,0,111,0,38,88,0,0,0,124,56,0,148,0,64,0,34,0,0,207,46,187,0,238,78,56,0,295,262,69,0,197,59,164,0,26,145,392,0,198,0,79,54,156,34,90,87,445,40,47,192,268,0,0,514,172,0,111,202,188,0,112,40,56,32,0,0,130,0,44,366,0,81,42,54,77,137,53,57,63,0,0,91,0,29,20,0,59,108,0,79,369,304,0,0,117,60,67,37,63,54,166,0,32,35,0,234,60,50,42,41,58,0,0,196,265,0,192,100,71,83,0,38,195,107,176,115,89,53,85,181,74,0,64,50,160,76,0,76,0,209,0,86,0,0,0,638,249,0,0,0,47,99,75,0,70,0,180,0,212,0,0,0,258,0,70,92,95,23,0,178,0,54,148,33,323,111,171,106,66,225,0,73,0,93,81,71,29,93,604,0,0,324,29,0,48,100,107,0,47,395,77,0,37,0,68,20,73,48,408,648,117,71,112,0,53,139,12,0,155,0,0,15,0,0,217,0,0,84,281,0,279,0,104,0,0,133,197,65,202,47,0,548,169,616,49,0,0,250,44,89,38,33,45,182,0,0,0,0,0,0,89,0,0,834,132,72,0,0,0,41,45,116,0,109,0,65,69,0,62,54,56,0,204,139,33,103,45,0,47,50,82,0,119,80,40,91,0,0,184,0,0,0,0,0,122,0,120,23,143,60,424,476,35,228,108,81,0,31,0,49,156,81,36,189,0,0,115,0,33,0,0,47,0,0,77,147,126,0,151,114,69,64,81,43,0,0,61,33,109,63,242,57,44,51,25,40,215,62,52,104,230,0,314,70,0,47,106,292,193,83,0,111,43,72,61,35,0,145,165,182,0,43,0,285,90,40,0,136,223,0,25,111,68,0,0,129,40,0,0,0,0,70,264,0,33,105,38,0,0,0,0,440,55,40,0,56,62,38,0,423,155,348,0,89,26,45,0,0,185,39,80,137,58,86,363,59,98,680,160,45,0,0,46,141,203,160,0,0,288,0,0,147,95,296,0,170,78,53,42,0,0,35,460,179,131,248,65,0,68,0,0,0,209,48,0,100,0,72,0,37,363,48,0,0,0,136,114,0,63,77,40,95,97,0,67,468,77,32,0,29,144,397,23,82,35,34,0,0,223,0,122,152,69,87,185,143,24,54,0,0,12,75,171,0,66,0,44,106,0,174,0,0,99,0,110,0,294,0,25,33,89,0,0,89,309,0,0,61,442,69,73,0,826,16,43,0,0,0,0,126,76,64,119,291,37,0,56,0,30,87,0,105,0,0,130,0,81,83,0,206,345,30,89,32,0,65,154,52,286,102,326,66,0,106,235,75,102,165,61,117,60,75,0,64,35,42,48,98,42,172,100,0,0,0,191,98,47,0,56,0,102,143,69,59,217,58,0,0,0,93,57,152,204,302,404,47,0,43,0,0,120,98,0,0,166,98,563,108,314,65,0,151,27,74,0,85,0,0,95,35,68,99,0,166,493,0,136,223,28,83,0,0,54,48,140,62,504,80,0,104,0,498,91,0,416,43,0,0,100,363,0,102,94,0,113,0,0,85,374,55,538,354,41,16,150,78,58,66,139,141,0,140,66,0,250,153,0,75,0,0,0,514,0,203,28,0,34,0,134,299,44,0,47,66,82,40,0,370,33,50,0,0,688,0,180,525,48,137,0,0,51,31,64,0,201,98,59,39,251,222,0,0,111,141,80,53,62,44,0,50,0,32,0,92,0,62,320,35,0,250,73,0,249,122,131,0,47,0,39,0,42,0,0,122,0,121,56,0,285,252,0,0,0,34,119,0,86,264,132,248,182,146,132,0,129,0,0,61,80,88,197,265,360,349,101,0,0,124,110,0,0,47,127,42,48,94,115,76,233,0,0,0,93,26,40,421,88,309,0,165,0,108,0,85,0,266,250,88,66,365,0,0,220,71,55,61,62,0,0,218,128,70,69,49,317,34,0,0,0,0,46,310,129,0,0,91,0,62,1303,0,0,663,134,94,0,383,0,286,113,0,255,79,0,0,75,0,0,213,48,430,108,174,124,0,53,42,0,0,1136,78,0,0,0,686,27,195,241,258,438,0,0,41,130,122,0,0,388,0,0,65,55,197,222,80,74,123,456,0,0,75,56,21,21,0,271,0,377,244,0,0,0,115,162,85,76,68,61,149,424,77,57,144,0,48,59,45,114,53,98,0,0,181,111,22,43,814,52,0,130,0,0,61,202,0,60,89,200,0,47,0,156,0,70,0,0,88,231,146,21,0,187,37,50,0,0,105,47,56,149,0,116,0,107,169,0,0,78,31,0,42,38,165,239,64,0,0,16,64,0,195,183,37,43,294,0,0,164,0,72,83,115,162,107,38,62,132,0,57,95,0,54,535,0,0,0,371,143,151,91,80,141,226,70,187,46,0,131,91,333,54,223,68,149,240,203,0,68,124,71,178,94,30,68,47,415,0,79,0,45,72,0,86,0,57,107,835,0,58,189,58,173,0,437,0,190,42,53,0,625,53,518,42,79,0,81,305,39,62,157,95,91,103,0,0,91,127,0,157,61,0,88,0,127,261,210,0,90,61,32,177,0,21,109,40,121,44,98,301,182,0,25,15,0,0,33,111,376,59,50,261,0,0,0,70,108,125,34,18,112,215,0,0,68,117,57,0,194,185,0,0,298,51,0,52,183,211,237,182,0,59,0,0,0,370,49,0,77,0,97,82,53,27,0,477,0,57,100,176,0,78,117,80,0,0,943,102,411,0,108,82,0,131,0,0,38,110,472,142,53,244,108,217,0,81,0,65,86,54,0,33,0,52,0,83,305,220,0,119,65,0,180,65,0,0,45,56,674,83,38,0,0,42,69,94,44,106,0,150,0,0,44,337,0,0,559,80,134,59,123,86,0,0,45,329,0,47,0,52,45,123,54,0,40,68,29,37,0,83,84,76,157,0,134,0,63,184,361,1066,25,75,0,180,173,61,205,0,117,63,232,28,228,0,90,159,141,0,0,182,66,0,235,161,0,46,119,190,150,59,119,52,188,0,0,0,98,64,115,434,0,1355,50,0,458,0,0,94,127,0,53,89,898,0,0,73,304,0,0,258,42,0,34,0,184,0,150,82,147,386,87,0,541,63,165,0,165,0,121,47,0,0,217,32,40,0,0,71,0,171,251,31,66,256,54,348,244,14,0,53,88,0,0,713,249,0,0,146,163,0,45,0,0,90,37,82,0,105,36,0,83,0,0,111,95,27,128,0,0,0,455,0,0,0,0,0,0,0,50,276,0,90,128,211,48,63,0,0,30,92,132,53,0,150,497,44,0,68
64,0,0,0,0,47,46,0,0,62,0,269,0,0,0,58,158,231,0,37,0,358,0,33,0,124,0,0,73,0,54,0,40,0,0,143,209,0,74,228,46,42,41,0,473,0,40,0,139,0,0,0,112,141,0,130,0,0,0,27,0,32,63,127,0,0,0,0,0,0,317,0,0,0,0,119,67,0,177,0,82,0,0,0,158,0,0,0,110,0,129,0,61,55,169,0,0,0,27,42,0,0,20,86,0,0,32,0,105,52,169,0,61,119,0,0,26,112,51,0,163,0,270,105,0,46,49,0,0,0,37,0,558,0,44,36,222,19,50,0,64,108,58,337,0,0,0,0,53,98,0,37,118,0,103,67,0,49,0,143,223,66,0,94,100,61,37,0,118,226,78,200,0,64,0,0,60,38,191,83,51,194,0,35,0,37,58,345,277,0,0,0,78,71,114,0,86,0,0,285,0,106,125,0,192,0,0,0,0,27,76,98,56,0,19,51,0,44,0,0,119,143,92,0,620,0,0,91,244,0,115,0,0,0,0,0,0,70,169,33,0,93,47,76,29,0,89,0,52,0,52,0,570,60,66,37,80,0,40,63,309,67,32,33,33,0,0,355,68,131,63,0,55,556,24,72,0,0,577,229,121,0,47,203,52,0,0,282,1386,52,0,0,178,0,26,0,0,117,0,0,52,33,120,74,0,163,324,176,0,119,86,543,171,0,0,70,37,88,127,0,0,56,0,0,293,130,48,65,0,0,422,0,39,111,139,37,0,0,0,71,0,121,0,71,213,0,0,0,75,643,156,136,0,370,531,0,0,162,220,173,132,58,85,24,93,286,456,169,82,0,237,47,90,51,57,141,151,0,0,275,48,0,0,74,70,1349,54,86,125,0,0,0,591,26,52,52,234,60,0,111,0,75,199,0,0,83,32,0,90,0,178,0,0,59,0,0,110,56,290,137,0,88,128,57,172,146,118,0,191,0,0,37,66,0,266,0,43,69,0,124,0,22,195,55,229,208,374,107,33,0,0,0,211,0,61,0,75,64,0,0,171,49,174,36,65,73,0,0,0,39,50,52,331,152,23,89,269,251,295,129,100,46,223,61,86,0,0,0,104,244,178,0,0,93,48,0,81,140,177,43,0,247,0,313,50,138,72,211,77,0,88,0,23,54,0,0,299,54,79,45,177,42,165,241,110,34,52,0,452,0,38,0,0,0,123,120,0,0,0,61,0,231,313,57,0,27,37,57,70,387,203,78,0,94,76,28,0,62,105,0,369,388,0,42,29,304,33,0,0,59,148,157,0,0,34,0,0,192,0,0,200,87,131,0,595,0,192,541,58,0,95,418,0,104,0,0,0,164,36,0,0,25,0,96,66,169,72,124,51,49,0,0,175,101,59,0,36,82,0,0,0,35,0,0,46,29,70,0,0,139,241,0,0,52,33,43,98,126,0,0,0,0,126,0,0,352,0,55,0,160,243,26,20,108,749,0,35,51,42,166,87,110,70,0,45,169,71,57,0,85,168,0,130,0,286,0,87,91,177,0,36,38,23,0,0,0,50,33,79,0,151,0,150,0,61,0,211,31,322,0,0,73,0,0,56,0,44,56,166,93,43,264,138,0,0,50,0,49,172,52,255,53,101,205,202,194,131,71,0,0,72,108,57,39,118,0,0,38,405,75,209,90,1081,156,0,63,0,0,48,0,0,49,38,40,171,0,0,37,0,0,0,38,0,0,0,117,0,48,0,105,112,104,64,14,0,358,0,0,0,49,150,38,0,0,0,0,146,90,109,224,0,0,0,0,0,58,0,63,74,0,23,0,60,49,299,67,120,50,83,17,83,14,197,275,20,329,0,0,0,94,157,15,254,0,0,40,108,63,0,97,415,0,0,70,0,0,145,0,0,0,0,35,155,28,168,90,0,86,56,0,141,0,91,0,0,0,308,107,96,304,36,0,42,193,0,83,47,0,0,0,0,31,0,23,128,156,32,26,0,57,68,47,172,30,49,60,0,103,0,0,108,143,0,123,87,91,206,46,41,0,113,191,0,53,0,49,69,131,166,216,44,69,108,0,40,547,85,42,121,0,52,211,43,20,0,78,0,0,0,115,0,33,74,0,61,42,0,139,245,0,0,33,0,216,27,151,0,0,0,69,106,0,90,71,75,0,78,0,662,0,0,63,53,107,272,121,0,88,82,124,0,50,0,337,40,53,0,422,0,0,50,89,0,0,127,72,272,48,192,0,1392,61,0,68,0,0,0,0,0,45,83,42,75,0,0,329,68,64,403,0,40,52,0,177,0,107,401,207,32,151,0,30,0,0,38,0,131,123,64,0,0,58,0,55,0,321,0,270,1119,66,116,50,210,188,0,0,250,0,85,0,0,0,48,40,413,0,91,0,146,94,0,233,92,0,198,373,557,0,382,0,109,92,0,115,0,50,0,59,0,0,0,133,0,0,624,0,0,25,50,93,39,168,56,137,67,0,45,99,0,0,84,0,304,0,45,84,103,0,0,57,32,100,151,324,38,110,193,52,0,186,0,61,357,0,63,0,50,91,64,203,0,0,242,505,0,0,0,148,55,0,76,22,69,0,52,37,0,230,53,0,61,104,226,86,148,0,103,52,389,84,35,74,252,318,183,72,126,0,258,65,89,38,40,86,144,0,137,300,223,44,0,0,0,0,0,279,91,0,0,54,0,226,151,0,195,39,41,28,0,0,0,0,0,77,147,0,73,184,41,0,235,0,0,116,133,39,0,59,37,47,0,0,0,91,23,0,65,27,0,56,0,0,0,236,71,56,99,0,0,44,0,316,0,46,54,0,104,0,144,0,0,0,0,36,55,0,36,0,0,104,35,56,110,39,85,0,0,36,0,122,267,229,0,0,0,51,381,0,92,0,88,43,33,37,0,81,0,50,50,0,100,38,0,46,0,0,108,0,0,148,0,55,82,0,61,180,0,0,128,203,0,41,115,0,128,40,0,393,165,75,119,32,0,1765,0,53,0,105,0,25,338,0,82,142,11,47,28,239,141,22,0,0,0,0,0,115,0,29,0,121,18,67,16,299,111,0,40,0,34,0,36,23,0,243,0,0,60,1250,162,33,286,0,109,0,195,59,0,157,0,175,0,0,34,75,0,381,0,0,35,257,0,440,150,0,445,46,0,0,0,0,281,91,47,62,142,186,40,270,0,93,0,76,222,0,0,0,104,80,88,74,0,93,30,0,0,46,131,176,0,203,337,82,203,132,0,0,172,0,0,292,0,0,59,0,0,0,214,0,39,202,91,31,0,157,24,0,0,144,0,226,128,0,0,0,60,58,84,0,75,70,26,132,141,124,166,0,64,0,0,134,38,85,0,273,292,116,108,0,71,51,0,41,185,69,21,373,27,0,0,226,43,79,65,32,0,44,0,0,162,124,39,0,0,182,0,263,31,41,30,20,58,120,0,0,13,57,111,0,77,145,0,0,45,0,0,61,0,68,0,127,194,0,0,232,111,0,63,61,48,106,0,0,63,649,0,258,0,0,0,102,0,0,72,204,99,62,124,1085,0,0,414,0,0,38,80,466,0,65,64,118,90,52,0,225,0,0,292,0,116,0,33,0,69,0,38,35,119,62,178,0,48,0,0,0,171,0,0,230,475,61,0,0,145,42,102,48,231,42,69,62,54,34,731,44,79,48,0,56,92,0,382,245,51,0,101,0,65,51,0,209,0,24,81,219,0,224,123,51,69,0,0,390,0,0,62,62,122,0,85,0,0,36,416,183,39,42,0,196,0,140,65,145,51,145,14,503,0,0,0,397,36,397,96,129,54,0,112,254,0,123,35,112,65,79,49,118,48,0,37,0,94,0,80,0,114,307,0,0,641,0,0,0,194,57,0,64,212,30,56,0,0,0,0,149,114,143,622,29,190,67,0,0,84,0,37,277,0,0,0,0,47,263,0,0,76,93,0,347,0,37,49,0,71,210,208,109,62,0,61,95,786,45,0,0,233,0,275,49,58,84,72,0,0,56,0,20,0,53,0,61,296,43,0,0,0,0,0,70,0,0,789,0,137,132,0,0,64,99,0,259,55,0,77,0,31,109,125,102,0,160,70,0,84,0,122,65,108,0,81,0,0,693,0,39,41,70,107,226,149,0,147,0,24,0,0,36,161,167,35,74,161,36,45,53,34,0,0,0,97,0,0,82,127,65,95,247,0,54,76,39,0,0,0,63,45,113,53,400,33,77,95,42,72,403,43,41,59,97,0,292,110,0,0,0,211,82,60,0,177,52,65,0,50,0,97,0,329,0,0,0,137,43,78,121,82,82,0,0,0,424,0,0,0,77,0,0,60,0,320,337,33,104,67,21,0,593,0,76,431,0,0,0,0,69,55,0,234,114,545,0,76,0,66,0,0,202,0,150,79,51,54,287,44,54,405,95,121,0,43,0,136,278,227,146,85,586,0,0,198,128,318,0,175,208,66,0,0,0,56,235,190,133,398,0,0,138,33,0,0,169,0,0,134,0,156,0,45,291,50,0,0,0,87,103,58,0,125,90,173,115,0,0,510,86,0,29,0,412,583,0,47,0,39,35,0,105,45,114,341,41,92,100,118,0,29,0,39,299,112,319,0,0,0,122,137,143,228,0,28,141,0,161,0,114,0,0,0,61,42,0,151,256,0,0,0,162,120,58,47,814,0,31,0,0,0,0,252,54,47,71,548,0,0,0,0,44,206,164,50,0,43,162,0,88,97,0,157,268,0,0,25,0,0,0,0,196,77,258,112,49,166,113,155,112,68,165,89,39,0,34,22,28,34,0,32,123,0,89,23,38,0,159,71,0,0,0,42,23,133,36,183,77,33,0,66,0,0,0,126,529,219,230,164,0,0,26,0,123,48,24,0,121,127,74,131,194,112,138,146,0,0,0,77,56,32,40,0,60,90,0,468,128,0,88,151,0,56,0,0,140,0,123,62,474,62,91,105,37,415,295,0,379,99,0,126,41,236,0,0,61,0,0,87,0,49,358,33,306,117,0,51,98,34,48,78,260,88,0,132,0,0,124,78,53,0,98,39,0,498,0,277,0,71,59,32,121,321,37,0,82,65,26,66,0,170,45,70,0,46,611,76,101,521,74,45,0,0,88,0,0,0,59,46,123,232,0,150,0,44,116,40,158,77,148,0,15,65,46,75,0,309,61,0,119,0,0,175,101,0,87,20,239,38,81,70,0,63,0,0,0,183,0,84,174,42,397,297,31,50,0,0,229,0,175,174,64,418,176,178,184,94,43,0,44,66,0,34,140,156,411,183,161,57,0,123,178,26,0,0,103,0,51,76,102,0,818,57,0,83,90,0,98,366,0,378,60,177,0,0,0,50,0,117,461,189,0,350,0,0,197,48,113,154,40,0,0,60,103,61,0,0,308,82,0,0,0,0,0,117,66,0,0,83,0,0,1057,28,0,73,166,93,30,192,33,426,0,0,214,137,0,33,82,0,0,94,25,224,61,87,50,0,47,0,0,0,518,0,0,0,0,194,0,142,109,199,197,32,0,0,109,110,13,0,251,0,27,0,0,153,132,235,79,109,451,0,0,0,116,0,29,0,119,0,710,165,0,39,0,122,88,0,0,39,43,62,212,118,47,30,0,0,0,0,76,44,0,0,22,196,0,0,0,449,0,0,175,25,0,20,230,0,0,170,141,0,44,0,147,111,0,0,0,113,543,130,0,0,128,46,60,0,67,250,0,0,0,82,78,0,0,104,39,0,0,0,30,42,0,121,92,44,50,0,0,121,35,111,163,0,0,404,0,0,115,0,0,0,81,203,0,93,50,58,0,0,0,0,52,192,42,0,0,315,86,111,95,34,60,254,93,145,0,0,325,142,336,0,149,85,170,193,98,0,37,83,0,25,101,0,41,0,378,29,156,0,41,0,0,280,0,0,55,638,0,73,181,0,102,0,360,0,36,34,69,0,933,0,730,77,113,0,25,54,49,48,120,284,51,102,0,20,49,113,0,103,56,54,82,0,155,148,179,0,44,61,0,184,0,0,0,0,27,0,28,212,191,0,102,0,0,0,0,0,428,51,63,163,0,0,0,76,75,157,0,0,48,272,0,47,0,80,0,25,177,287,0,36,357,77,93,191,315,299,232,183,0,93,0,0,0,121,0,94,86,0,187,102,43,39,22,167,0,159,65,30,115,73,160,135,0,0,897,59,190,53,89,75,0,89,50,0,0,81,238,74,67,313,31,186,0,60,0,308,47,46,61,70,0,26,42,0,122,94,53,143,0,54,161,214,0,0,90,85,605,0,78,0,0,70,85,77,66,229,0,70,39,133,276,227,0,0,256,144,260,83,0,180,0,0,0,396,0,102,0,0,0,180,99,26,30,368,55,0,17,49,84,80,78,0,126,0,86,141,861,2094,64,103,133,87,216,56,107,0,117,124,91,0,236,135,253,56,49,70,0,168,89,0,187,230,0,68,196,72,510,77,202,98,112,44,75,0,103,103,214,521,0,165,276,0,426,0,0,60,141,0,70,73,912,0,0,104,352,0,0,273,88,0,190,0,106,0,288,200,175,735,109,0,620,58,140,59,67,0,217,89,29,25,145,55,222,45,0,153,0,97,353,0,0,107,36,229,288,75,40,107,61,61,0,807,39,0,0,150,192,37,68,0,72,57,0,109,90,115,0,0,157,0,7,480,80,118,47,55,115,0,402,0,37,0,0,0,0,0,110,183,0,55,45,174,0,132,34,0,34,109,116,61,0,197,656,33,0,0
65,0,38,0,140,68,88,108,0,115,30,418,66,0,0,326,479,539,23,75,0,310,97,43,201,153,0,40,94,59,38,38,160,0,108,290,322,21,120,566,282,71,128,0,270,0,120,113,462,0,343,77,105,127,42,205,0,0,0,0,19,244,162,333,58,97,289,68,0,52,416,0,109,35,0,505,61,0,551,55,124,0,64,315,254,115,90,27,59,64,271,109,111,116,129,60,110,0,137,74,0,43,54,94,25,0,123,78,184,135,418,109,106,122,362,126,57,241,0,38,231,0,160,66,63,0,0,70,108,48,329,38,270,32,147,158,280,156,113,113,181,40,261,369,10,58,117,47,94,138,0,77,154,107,192,313,0,171,46,207,521,64,0,126,92,146,0,38,146,209,234,179,62,130,55,81,0,101,209,121,71,227,0,55,0,80,73,580,206,0,0,0,92,58,176,45,248,52,0,173,71,78,231,38,819,57,54,43,56,286,139,140,112,147,51,291,121,103,21,0,292,303,39,47,211,0,0,283,522,0,132,42,0,77,27,0,0,68,317,72,51,89,34,113,54,0,266,0,80,17,65,98,251,136,336,0,138,0,0,0,536,294,201,91,61,0,0,320,271,816,0,0,382,318,152,94,148,0,1382,387,203,0,130,240,145,128,102,342,2789,142,125,71,350,25,15,146,0,46,98,121,31,0,80,0,0,313,490,659,0,99,95,478,157,0,0,0,90,268,91,45,39,0,0,81,291,121,131,196,0,0,214,0,123,134,135,87,0,0,0,51,0,161,0,123,118,68,0,0,68,1038,575,162,51,648,518,31,86,148,235,331,118,88,122,29,157,358,1677,173,49,42,479,119,96,61,61,223,144,0,0,286,99,40,64,0,143,644,220,148,109,0,51,90,166,32,122,53,1075,95,109,95,0,37,459,22,78,143,66,45,85,38,126,0,0,0,34,0,115,170,455,241,64,80,99,24,99,101,152,71,199,105,0,29,81,0,207,73,47,139,48,194,0,0,256,122,319,207,486,250,41,122,62,0,317,0,140,27,66,53,0,47,171,34,253,330,77,0,55,58,0,66,74,35,502,145,192,63,178,358,221,99,77,0,251,411,218,35,31,68,177,783,217,71,36,389,44,91,301,188,196,0,0,182,0,1402,131,163,247,371,71,46,85,34,38,46,0,93,293,194,80,221,169,57,175,366,76,39,47,75,506,0,92,0,0,0,143,66,49,0,0,235,31,127,297,37,41,0,293,55,109,279,62,115,63,279,115,60,0,128,137,0,370,382,0,63,85,646,61,0,0,87,285,480,39,0,0,102,0,474,60,0,310,197,253,21,734,0,470,610,118,38,61,609,0,109,0,0,0,88,18,108,49,55,185,55,58,225,74,256,35,0,0,62,309,371,345,45,97,88,0,88,0,101,0,68,52,0,165,110,0,206,330,0,0,99,0,51,119,96,0,0,35,0,526,0,0,528,36,74,0,261,241,69,0,187,359,0,162,93,80,270,122,57,137,0,90,190,163,70,38,116,471,88,300,0,508,54,126,82,357,42,53,85,203,157,472,31,66,68,411,0,218,0,67,0,74,79,391,0,1112,0,0,120,0,174,91,114,87,92,140,184,30,403,149,0,40,50,40,91,289,140,428,63,115,2230,153,409,172,152,0,0,174,154,53,45,102,0,0,77,515,228,255,0,1580,329,0,358,38,27,204,0,42,165,47,29,149,32,0,79,0,0,0,206,49,155,0,196,0,137,50,113,529,116,77,0,39,502,0,45,127,181,208,66,193,70,44,31,192,83,107,416,0,0,152,73,0,63,24,71,70,24,270,0,74,81,531,110,458,87,212,51,48,71,132,318,0,386,45,50,55,71,224,20,444,86,0,36,85,74,32,180,454,0,0,108,0,0,91,129,27,0,0,56,231,49,345,95,0,308,0,101,225,23,166,0,0,0,827,309,49,451,51,49,58,242,42,131,33,0,47,0,0,47,0,0,346,115,57,0,0,63,102,169,284,57,78,213,0,228,0,70,79,178,0,99,177,197,312,0,56,102,85,585,0,80,0,107,35,406,290,337,264,95,175,51,63,514,200,124,198,0,200,437,141,74,88,144,78,65,0,57,68,57,0,43,86,50,138,155,178,0,0,129,0,252,25,213,44,103,179,176,139,0,102,255,123,47,94,64,286,57,76,118,138,49,518,125,32,201,86,711,83,59,0,205,229,69,0,509,100,0,85,352,0,28,308,208,499,157,791,0,986,132,51,91,0,0,57,41,13,91,240,57,333,69,29,208,84,132,606,266,41,100,0,107,0,290,654,131,120,110,29,64,117,104,61,0,554,144,70,0,0,194,37,145,83,196,0,178,1307,82,309,0,325,103,103,0,241,290,121,0,80,0,135,81,617,0,126,173,194,281,0,328,70,203,202,263,1011,144,634,0,281,134,119,235,35,49,92,92,47,70,0,178,0,62,393,53,97,38,106,108,55,373,68,124,128,88,62,70,41,92,209,78,144,0,0,223,121,51,0,114,88,296,69,849,78,99,1064,60,38,449,65,153,186,60,58,0,0,339,178,273,0,0,131,647,0,44,30,129,225,0,111,0,70,48,82,50,86,621,246,76,58,255,315,266,252,0,145,83,130,56,34,71,151,358,366,151,314,0,451,201,148,0,76,219,386,53,142,242,478,0,48,0,0,58,64,710,834,165,51,173,58,635,365,0,306,84,34,100,35,58,0,50,101,111,272,0,56,165,0,0,766,46,0,89,526,55,123,164,41,157,104,18,36,52,0,62,0,0,14,270,0,0,85,55,141,84,0,34,0,97,63,110,0,187,110,0,122,0,125,0,37,42,49,0,74,0,200,0,28,100,0,111,211,61,188,43,0,96,72,134,299,451,0,69,0,0,465,100,0,33,100,166,0,0,141,32,0,0,142,0,0,128,66,165,0,0,60,89,0,67,0,404,124,0,62,208,113,116,208,310,64,52,273,0,160,95,63,504,272,50,148,41,0,3092,84,296,0,103,65,54,257,0,73,124,53,232,0,94,0,40,0,55,106,46,78,496,0,0,55,185,42,115,0,151,220,78,0,32,118,126,55,0,73,332,0,0,49,1857,556,0,653,77,44,237,193,28,0,63,0,324,76,73,123,96,22,394,32,157,107,966,0,356,419,0,221,0,0,0,0,0,440,91,82,138,62,224,112,337,43,394,0,84,320,0,53,194,240,83,110,0,0,82,110,82,244,0,80,235,63,694,300,106,116,417,104,80,614,55,0,158,0,0,326,0,55,36,234,0,70,381,147,83,0,288,138,102,185,173,0,466,166,43,43,164,151,133,18,51,76,173,0,216,194,87,352,101,0,0,35,453,98,73,36,874,248,193,146,0,68,53,0,0,94,0,190,442,76,0,107,314,0,0,57,55,0,49,0,0,188,362,176,0,0,130,0,170,0,55,109,83,73,129,0,45,32,281,86,0,87,107,60,0,93,0,38,351,58,100,0,195,0,77,0,112,203,54,34,229,215,113,0,30,61,782,0,345,0,53,108,318,26,141,104,411,141,89,107,1206,0,0,179,235,38,94,129,458,0,199,145,178,119,0,0,154,0,77,536,0,181,85,43,0,139,74,128,80,108,57,293,33,65,0,0,86,177,0,103,176,424,0,0,121,145,70,74,0,222,209,0,0,96,0,416,87,106,126,66,70,51,35,368,373,0,111,65,46,328,19,47,93,107,140,113,300,54,206,523,217,104,44,111,560,0,39,122,102,556,0,129,25,0,72,606,119,0,0,39,223,93,102,43,243,0,96,0,331,0,50,0,518,69,688,168,133,58,0,87,192,102,215,67,134,61,60,171,47,314,0,127,0,195,84,88,0,213,190,0,0,317,45,0,92,181,201,68,92,185,127,0,78,0,119,60,251,92,116,1064,0,192,138,0,113,136,51,156,446,0,0,0,0,0,161,17,33,170,312,0,480,0,0,64,33,290,452,205,172,36,0,1096,106,624,0,0,40,298,0,151,59,116,76,43,0,0,64,0,68,33,115,30,81,663,35,49,0,0,0,0,93,212,0,306,62,88,144,0,85,75,104,0,757,166,0,140,66,0,168,157,188,0,168,57,141,61,0,126,168,94,0,208,0,0,587,0,74,0,85,134,141,211,0,55,136,0,0,82,36,169,246,143,162,313,41,59,130,0,106,46,0,151,68,0,125,128,257,123,569,52,140,172,137,73,0,0,107,58,155,104,270,65,104,80,50,80,631,77,150,154,365,0,561,81,45,62,98,436,238,114,26,107,110,108,46,58,0,65,316,213,51,35,0,332,189,179,145,407,172,24,0,46,370,0,0,82,103,38,0,0,0,230,411,79,120,118,31,0,607,86,44,1269,134,0,0,0,91,57,17,600,136,405,0,36,63,46,24,0,432,0,127,298,125,108,264,201,88,762,65,157,0,104,94,370,278,167,132,88,581,0,45,445,139,534,71,233,267,135,53,0,47,154,517,273,187,525,38,0,74,52,58,53,145,0,32,203,0,288,0,106,417,0,0,0,0,116,106,56,74,289,113,250,243,0,70,756,60,0,0,0,247,525,45,109,38,39,42,0,117,113,385,422,193,241,318,254,0,70,0,65,219,105,369,0,44,42,160,281,74,156,0,0,363,0,169,0,298,0,85,0,71,0,0,215,343,54,33,95,443,72,46,0,1180,0,0,0,0,0,0,303,91,48,341,643,0,0,176,47,84,242,121,76,88,88,250,32,279,53,51,423,500,74,0,77,72,66,126,81,243,111,274,137,84,981,106,256,58,87,129,73,70,0,0,127,0,134,77,84,94,197,145,78,58,54,245,392,81,0,82,38,78,246,128,236,253,0,0,77,0,0,191,164,1260,259,696,162,0,0,38,32,86,149,89,47,130,371,385,103,294,268,254,321,0,222,0,75,56,92,168,30,73,142,0,485,338,43,145,183,50,106,0,49,78,78,461,106,281,76,112,111,71,266,391,0,410,130,100,103,181,246,50,193,221,0,119,147,34,178,245,68,445,147,29,124,138,53,104,58,112,170,0,221,44,0,421,283,129,55,221,0,0,673,18,266,146,63,86,61,127,256,52,0,114,59,130,26,123,229,0,93,0,82,725,109,84,376,113,46,0,61,66,0,52,44,68,136,301,461,172,130,0,55,72,221,97,107,140,0,0,83,147,205,0,317,125,56,477,0,18,168,249,0,444,81,568,61,79,245,91,60,47,0,21,222,0,87,389,62,220,755,0,54,0,45,418,0,226,144,232,302,108,325,135,110,249,0,207,76,36,112,123,503,154,183,229,0,0,303,88,77,0,49,127,83,57,118,283,60,814,144,0,107,122,0,328,321,63,394,109,138,0,35,0,113,30,186,906,251,79,360,0,0,88,62,157,183,0,0,0,267,136,222,141,0,266,114,0,0,0,0,20,42,104,0,50,118,0,71,549,69,30,875,112,107,29,141,0,586,155,0,100,167,0,64,245,0,0,253,23,347,164,23,77,82,75,44,0,0,474,161,0,28,0,150,0,114,184,159,93,49,0,51,91,45,0,0,530,0,53,89,42,514,102,348,215,128,569,60,0,33,100,48,86,59,180,0,1483,309,75,0,59,117,70,0,31,0,0,199,240,159,64,0,115,100,73,40,110,0,0,0,38,141,140,119,0,242,0,0,232,0,0,141,346,0,84,127,342,66,0,0,68,141,99,0,28,178,1365,104,22,0,0,0,103,45,79,239,0,0,149,63,62,62,140,552,53,24,0,0,105,0,52,93,141,0,92,93,0,183,136,66,282,0,118,425,0,80,102,70,111,84,105,491,59,166,113,109,0,53,131,0,167,604,161,0,0,186,47,180,150,0,134,196,57,70,0,21,913,184,227,45,177,199,257,262,92,0,185,41,0,331,129,151,0,0,826,92,80,0,44,66,0,639,0,36,0,826,0,41,369,230,86,98,263,0,136,373,97,99,1223,34,732,129,410,0,66,517,62,64,132,181,75,194,0,42,165,318,0,165,183,0,178,0,438,173,266,21,0,139,0,181,0,31,95,78,103,74,84,205,412,59,132,0,0,149,0,157,278,0,89,368,11,24,0,119,209,427,0,38,158,176,53,47,74,325,47,0,110,193,78,0,271,132,140,106,373,257,274,170,0,53,0,0,0,199,51,155,91,0,133,113,60,49,0,342,0,199,80,189,110,226,113,116,0,0,412,118,678,0,161,72,0,0,72,33,40,0,660,256,0,461,140,181,46,157,0,103,97,69,64,0,48,29,90,62,396,515,75,169,0,0,236,133,0,0,53,53,84,103,90,0,48,40,133,84,113,196,34,351,44,119,270,423,54,0,1217,132,59,65,71,173,82,0,30,707,0,94,0,35,78,145,61,38,38,109,79,36,0,193,72,0,294,58,98,0,82,289,294,1053,126,155,105,294,510,115,334,62,172,88,228,44,65,239,221,387,80,119,0,171,156,0,270,168,0,92,238,205,364,79,370,32,298,61,29,21,92,67,112,519,0,1426,254,0,883,17,0,156,120,0,127,69,750,0,0,74,423,18,0,253,53,0,64,0,157,48,175,169,289,308,161,46,246,70,387,34,173,41,99,79,0,0,312,80,241,47,32,143,23,170,561,89,32,548,60,431,629,32,56,112,61,83,0,1662,246,0,41,150,117,36,0,44,100,59,38,212,144,166,78,0,68,0,0,490,48,0,184,0,112,0,399,38,32,0,0,18,0,0,82,165,0,134,194,263,97,94,118,0,77,0,57,62,43,119,763,88,51,59
66,0,0,0,0,0,0,31,0,0,0,78,0,0,0,179,253,130,0,29,0,52,48,0,0,0,0,0,59,29,0,0,30,0,0,130,124,0,0,193,29,0,43,34,31,0,0,0,183,0,134,8,96,0,0,87,0,0,0,0,0,0,0,332,0,0,76,0,0,0,0,0,0,0,0,109,70,0,0,0,57,0,0,62,117,0,0,0,0,0,79,0,0,0,45,0,58,0,0,53,0,0,0,52,0,0,101,0,56,56,122,0,0,44,107,0,0,185,0,0,58,0,123,0,0,0,0,0,53,0,44,0,174,0,58,42,86,0,46,0,30,0,127,123,0,0,67,0,0,0,0,0,110,0,25,0,0,43,0,113,136,0,0,76,0,69,0,30,0,147,0,28,35,0,0,39,0,0,82,0,0,214,0,0,0,75,62,164,93,0,0,0,0,26,157,0,0,0,0,0,0,13,119,0,165,0,0,0,51,101,0,31,21,62,21,0,46,0,0,0,73,39,0,0,143,0,0,66,203,0,28,0,0,44,0,0,0,64,56,40,0,87,0,0,0,0,53,0,0,16,0,38,144,0,141,0,0,0,0,0,159,0,0,18,0,0,0,158,77,47,0,0,56,237,0,0,75,0,814,0,0,0,0,153,0,0,0,316,350,94,0,0,0,0,0,41,0,0,28,0,0,0,0,35,0,157,129,108,0,78,54,262,108,0,0,69,0,0,56,0,0,0,0,39,204,110,0,29,0,0,135,0,31,0,44,38,25,0,0,82,0,69,0,87,0,0,0,0,81,392,100,0,0,59,164,0,0,102,47,97,62,0,80,0,76,0,305,80,13,0,0,71,65,0,0,0,0,0,0,120,34,0,0,39,39,411,50,54,0,0,0,0,311,18,62,0,275,0,136,159,0,35,73,0,0,36,35,0,0,0,0,0,40,0,0,0,66,90,62,41,0,0,0,0,103,102,0,0,49,0,0,0,0,0,192,0,0,0,29,116,0,0,166,0,0,34,324,98,0,48,0,0,160,0,43,0,0,0,0,0,196,0,62,30,0,0,0,0,0,0,0,0,362,66,24,0,58,240,126,67,142,30,0,0,65,0,0,0,81,72,0,0,0,0,30,0,0,0,155,0,0,133,54,198,0,0,78,22,0,0,0,0,0,0,0,0,45,0,0,0,31,0,268,71,0,0,0,43,207,0,0,0,0,0,0,0,0,0,0,0,0,150,145,0,26,0,0,0,87,208,173,0,0,23,0,0,0,63,0,25,167,67,0,0,0,80,0,0,0,0,69,95,0,0,0,0,0,169,0,0,0,109,88,0,273,0,131,156,91,0,45,303,0,53,0,0,0,0,0,0,0,0,0,108,57,37,55,79,43,46,0,0,252,267,58,0,0,64,0,60,0,0,0,0,37,19,100,0,0,95,68,0,0,25,0,0,0,0,0,0,0,0,61,0,0,137,0,61,56,208,270,37,0,68,207,0,61,37,111,0,126,29,58,0,0,162,43,34,38,57,92,0,240,0,160,0,60,50,359,36,0,54,40,29,88,0,56,0,88,0,305,34,31,0,68,0,110,0,332,0,0,50,0,105,158,0,0,124,108,95,0,135,92,0,0,0,0,50,165,0,132,78,52,413,207,206,115,39,0,0,174,60,0,0,113,0,0,22,168,155,79,45,892,195,0,64,0,0,0,0,36,0,58,0,113,0,0,64,0,0,39,0,0,0,0,115,0,50,34,73,107,52,34,0,0,188,54,0,0,67,153,101,75,0,0,0,241,120,68,542,0,0,47,0,0,0,0,38,0,83,79,106,54,0,306,71,47,83,36,34,65,0,163,147,0,384,53,0,0,90,92,0,227,19,0,41,0,0,0,272,112,0,26,46,0,0,120,0,0,0,0,0,211,0,0,124,0,85,71,0,72,0,70,0,0,0,105,236,66,130,27,31,0,110,27,113,32,0,0,0,0,0,0,0,144,0,0,39,0,75,0,49,127,0,77,60,0,64,0,0,32,73,0,96,58,112,140,27,42,114,54,291,0,0,0,60,0,346,319,80,66,45,105,0,40,477,226,56,102,0,108,203,0,59,0,117,105,24,0,49,0,0,0,0,49,73,43,101,0,0,30,124,0,123,36,98,41,45,62,106,39,0,0,134,34,0,0,0,288,50,45,46,88,39,281,84,35,184,76,482,0,0,0,186,98,0,0,308,0,0,86,82,0,0,98,66,165,42,592,0,868,125,53,0,50,0,32,15,0,43,88,32,124,0,0,147,86,45,261,0,55,80,0,81,35,208,281,186,97,39,0,0,0,68,0,0,361,86,0,11,0,91,27,41,67,99,0,164,1082,30,106,59,185,78,62,43,146,232,47,0,102,0,84,54,229,0,143,165,105,214,0,81,0,96,137,404,1059,221,395,0,151,38,64,255,0,0,78,19,0,38,0,79,0,47,613,0,0,0,24,78,0,172,0,109,28,48,0,0,0,26,63,67,102,0,36,64,51,0,0,58,53,255,57,299,56,49,532,69,0,358,54,99,134,79,0,0,0,184,93,238,0,0,105,558,0,0,0,127,149,0,0,39,87,46,19,0,39,403,97,47,63,98,202,72,239,0,71,0,150,42,0,108,254,308,81,103,181,0,209,101,49,0,70,86,105,0,94,205,289,31,70,0,0,0,71,470,484,66,23,128,47,316,141,0,189,98,0,0,0,23,37,0,0,0,198,0,67,196,75,0,456,0,25,0,111,0,0,39,0,73,60,0,0,76,21,0,55,42,0,0,0,0,0,121,37,114,0,0,0,0,0,286,0,0,0,0,84,0,92,0,59,0,159,0,104,0,111,0,0,226,0,64,138,54,96,0,0,79,24,261,131,158,0,0,0,0,356,97,32,18,266,60,89,0,0,89,0,92,56,0,231,69,0,53,0,0,58,0,41,106,47,298,94,0,53,140,0,0,74,123,0,0,50,0,177,24,0,297,92,101,439,19,0,892,0,89,0,62,34,90,592,0,67,0,0,83,0,291,103,0,0,0,40,0,36,153,0,0,0,160,85,0,0,159,136,54,0,26,0,32,66,63,59,100,0,0,0,884,227,74,151,0,102,84,235,105,39,87,37,304,76,0,44,66,0,309,0,76,53,342,0,0,126,0,266,73,0,29,37,0,206,0,0,159,125,0,48,106,0,154,27,0,107,0,0,0,67,56,84,0,0,0,101,0,10,0,116,222,0,163,227,78,132,87,0,42,137,25,0,600,0,0,161,0,0,0,157,0,45,137,56,70,60,174,47,144,0,0,0,125,84,0,46,81,0,84,91,66,52,97,0,121,60,228,59,0,41,0,0,74,36,0,39,209,237,57,109,52,164,55,0,56,432,69,87,157,0,0,0,274,0,0,46,0,0,74,0,0,235,192,57,0,36,104,81,213,44,73,67,0,84,281,0,0,0,62,0,0,90,40,0,0,0,0,0,49,0,84,0,149,0,38,0,172,212,61,0,147,70,53,0,32,42,658,0,391,0,55,48,79,0,0,0,73,69,0,95,436,33,0,331,27,16,0,97,227,0,50,67,138,68,73,0,169,0,0,428,0,55,0,45,72,63,0,0,56,126,29,244,0,39,0,17,0,117,0,37,227,339,101,0,0,74,0,0,0,102,0,91,0,84,49,265,0,58,84,0,46,106,0,207,64,88,0,0,0,148,0,0,148,94,0,77,115,0,97,183,0,56,49,35,292,0,29,76,0,41,0,65,0,0,66,533,140,91,0,0,321,70,0,0,158,0,56,0,80,0,0,0,438,45,488,105,104,76,0,116,186,45,157,46,95,60,84,78,0,0,0,78,30,61,0,66,0,177,274,0,0,543,0,0,0,27,85,0,36,201,73,79,0,0,0,0,132,85,83,728,96,115,62,0,0,131,0,99,190,0,0,82,0,57,97,0,29,56,185,0,391,0,0,0,0,0,261,78,152,0,0,144,110,386,0,0,55,175,40,106,58,55,79,47,36,0,0,9,48,0,111,0,47,120,0,68,0,0,0,25,0,98,0,858,0,0,88,0,0,78,0,0,552,54,0,176,90,0,112,83,179,32,132,56,50,0,0,0,0,67,0,124,0,0,209,0,108,0,89,163,358,73,81,185,0,38,46,50,0,164,302,33,103,286,26,39,28,0,0,72,42,59,62,0,98,48,210,89,152,98,40,60,74,0,19,0,92,0,86,153,307,91,103,48,57,68,571,120,0,110,265,17,528,91,35,84,0,452,229,65,0,186,0,113,0,0,0,0,245,242,43,60,0,213,0,131,183,194,0,0,0,117,188,0,0,189,95,38,0,45,0,130,419,78,77,149,0,0,468,40,20,480,108,66,0,37,68,57,0,496,80,202,0,78,32,0,0,28,168,50,0,92,64,46,70,45,153,198,106,98,0,0,79,288,211,108,0,57,494,0,0,318,278,158,60,197,144,118,75,0,50,48,327,291,197,239,114,0,96,0,0,0,98,0,0,165,0,168,10,0,327,0,36,0,0,40,110,57,0,192,73,194,239,43,65,405,33,27,0,0,154,474,0,52,0,83,70,0,302,91,0,328,38,96,201,58,0,0,0,53,100,125,218,0,70,38,88,281,47,116,0,0,161,0,146,0,41,0,59,0,120,0,0,91,106,0,0,62,641,75,127,0,1684,0,85,0,0,0,0,142,71,103,46,493,40,0,0,39,0,157,63,42,66,69,72,32,64,103,23,212,433,76,83,70,59,49,95,68,213,108,325,168,0,126,198,182,66,168,183,103,48,57,29,116,0,74,60,79,63,362,173,66,0,0,386,236,80,0,78,39,101,191,105,69,192,0,48,37,0,106,102,149,146,284,315,256,0,31,35,0,80,74,56,21,157,51,671,101,242,127,53,235,43,112,0,0,55,80,115,30,57,117,0,328,412,0,107,300,51,104,0,0,112,0,284,137,654,65,71,122,76,338,374,0,122,101,49,49,74,224,54,128,89,0,211,0,0,64,227,65,360,263,59,0,152,121,0,0,161,188,0,229,79,0,267,233,64,67,104,0,0,674,35,208,73,79,122,45,105,234,65,33,0,0,103,62,90,385,30,118,0,66,444,0,118,512,70,109,0,51,132,39,74,0,136,145,243,398,365,179,0,50,145,90,189,97,74,44,0,116,115,0,0,130,89,57,315,0,0,105,50,0,253,139,365,0,73,93,85,82,0,0,0,107,53,132,106,0,263,387,31,47,0,39,268,0,143,147,92,534,0,248,46,112,335,29,0,114,44,135,144,289,317,304,166,83,31,157,118,0,20,51,272,53,62,68,236,59,995,43,0,0,94,0,31,268,95,370,73,247,0,80,0,119,39,525,440,147,40,438,0,0,61,95,81,148,0,0,0,149,97,137,111,51,433,169,26,0,0,0,19,163,97,0,0,128,32,0,975,0,0,503,77,99,0,285,0,320,78,0,224,109,0,0,53,26,0,133,44,309,86,114,91,39,69,65,0,19,752,82,0,0,0,427,0,171,103,196,149,0,0,88,97,83,0,0,286,0,66,98,74,0,155,187,122,168,307,0,0,49,94,0,0,37,185,0,570,359,60,32,0,87,120,51,62,95,108,302,221,230,0,105,66,0,88,36,105,0,70,0,48,224,125,33,39,573,44,0,211,37,0,0,331,0,46,148,147,0,0,0,93,94,65,0,0,129,669,190,19,65,118,36,88,0,85,238,22,60,155,66,130,46,79,132,27,0,0,35,0,70,76,111,151,68,71,0,0,78,98,79,121,58,0,373,0,0,183,62,36,34,60,204,70,118,77,38,0,86,58,53,94,363,101,0,0,230,114,173,0,27,152,129,85,153,48,0,366,124,547,0,192,81,284,123,372,0,55,73,0,155,126,45,40,0,551,34,162,0,63,59,0,241,0,0,59,798,0,56,315,128,159,0,486,0,181,164,60,59,722,0,450,74,155,34,55,219,56,163,153,279,82,0,0,32,49,61,0,175,69,55,128,0,109,287,214,32,98,66,0,181,0,0,0,59,0,51,85,298,258,0,72,0,19,49,0,151,429,0,85,332,0,57,0,88,159,158,0,0,135,370,37,59,194,298,51,0,115,305,79,0,334,148,111,369,54,242,119,48,0,60,0,0,54,166,0,110,100,0,107,318,41,51,17,206,62,191,210,416,148,265,216,123,0,0,659,121,738,85,231,152,0,102,52,0,97,74,500,258,82,335,180,404,36,131,0,303,138,0,65,93,64,56,47,103,724,262,78,174,0,0,107,162,0,0,145,76,758,87,66,25,40,44,137,162,144,206,30,218,112,124,338,334,69,47,751,120,303,54,0,54,74,0,0,514,0,150,0,95,0,183,92,0,163,354,47,57,74,126,54,95,219,49,37,0,114,280,1102,2418,100,178,226,148,501,38,274,0,277,148,171,71,278,216,172,240,58,0,0,48,103,0,492,308,0,102,51,158,1048,0,249,103,380,42,95,44,41,98,201,458,46,1141,335,0,704,0,0,165,89,0,75,96,1214,23,24,72,362,0,21,68,93,0,247,0,101,51,228,158,96,1345,150,0,350,99,337,81,243,0,254,218,0,0,319,0,306,28,0,285,0,128,418,62,68,341,122,687,260,139,42,36,94,28,0,918,191,0,32,0,257,35,84,30,0,149,0,74,73,157,77,0,224,39,0,264,33,98,214,71,157,49,481,47,0,44,46,0,0,30,187,375,0,93,262,334,77,292,107,0,53,169,93,39,0,243,1521,38,0,72
67,0,0,0,0,0,0,0,0,0,0,0,0,0,0,40,105,53,0,0,0,0,0,0,0,31,0,0,0,0,0,0,0,0,0,0,35,0,0,0,0,0,0,0,0,0,0,0,0,0,0,0,0,0,0,46,0,0,0,0,0,0,0,34,0,0,0,0,0,0,52,0,0,0,0,0,0,0,0,0,0,0,0,0,0,0,0,0,0,0,54,0,0,0,0,0,0,0,0,0,0,0,0,0,0,0,0,0,0,0,0,0,0,0,0,0,0,38,0,0,0,0,0,0,0,0,0,0,0,0,0,0,16,0,0,0,46,0,0,0,0,0,0,119,0,0,0,0,0,0,0,0,0,0,33,0,0,0,0,0,48,0,0,0,0,0,0,0,0,0,0,45,0,0,0,0,0,0,36,0,0,25,0,0,0,0,0,89,32,0,0,0,0,0,14,0,54,0,0,0,0,0,32,0,35,0,0,0,0,0,0,0,0,0,0,0,0,0,0,0,71,0,0,0,0,0,0,0,43,0,0,0,0,0,0,0,0,0,47,0,0,0,0,0,0,0,0,0,0,0,0,0,0,37,0,0,0,0,0,0,0,0,0,0,0,0,0,28,0,0,0,0,0,0,0,0,0,0,54,0,0,0,0,0,0,0,0,51,78,0,0,0,49,0,0,0,0,0,0,0,0,0,0,0,0,0,0,48,0,0,0,0,0,0,0,0,0,0,0,0,0,0,0,0,0,0,0,0,0,0,0,0,0,0,0,0,0,0,0,0,0,0,0,23,0,0,0,0,0,96,0,0,0,0,123,0,0,0,99,72,0,0,0,0,0,44,146,62,0,0,0,0,0,0,0,0,0,0,0,0,0,0,0,0,16,65,0,0,0,0,0,0,80,0,0,0,118,0,0,0,0,0,36,0,0,0,0,0,0,0,0,0,0,0,0,0,0,31,0,53,0,34,0,0,0,0,0,0,43,0,0,0,14,0,34,0,0,0,0,65,0,0,43,28,0,0,0,0,0,0,0,0,45,0,0,0,0,0,0,0,0,0,58,0,0,0,0,0,0,0,0,0,71,0,0,0,0,51,0,0,0,0,0,0,0,0,0,0,54,97,14,0,0,40,0,0,0,0,0,0,0,0,0,58,0,0,0,0,0,0,0,0,0,0,0,0,39,0,0,0,22,0,0,73,0,0,0,0,0,0,0,0,0,0,0,0,0,0,0,0,0,0,0,0,0,0,0,0,0,0,0,0,0,0,0,0,0,0,0,0,0,50,0,0,0,0,0,0,0,0,0,0,0,0,0,0,0,0,0,0,0,0,0,0,0,0,65,104,0,0,0,60,0,0,0,0,0,0,0,0,0,0,0,0,0,91,0,0,0,0,0,0,58,86,0,0,0,0,0,0,0,0,0,0,0,0,0,0,0,0,31,0,0,0,0,0,0,0,0,0,0,0,0,0,0,64,0,0,0,0,81,0,0,0,90,0,0,0,0,57,0,0,0,0,0,0,0,0,0,0,0,0,0,0,0,0,0,35,128,0,0,0,0,0,0,0,0,0,32,0,40,0,0,0,0,0,0,0,57,0,0,0,0,0,0,0,0,38,0,0,0,73,0,0,0,0,0,0,0,0,0,0,0,95,0,84,0,0,0,0,50,0,0,0,0,0,0,0,84,15,0,0,0,65,0,0,0,0,0,0,0,0,0,0,26,0,0,0,0,0,0,45,0,0,0,0,0,0,0,0,0,0,0,0,0,50,0,0,0,0,42,0,0,0,0,0,0,0,0,0,0,0,0,0,0,0,0,0,0,0,0,0,0,0,93,0,0,0,0,0,0,0,0,69,0,82,0,0,0,22,0,0,25,0,0,0,0,0,0,23,49,0,0,0,0,0,0,0,0,0,0,0,0,0,32,0,0,0,0,0,0,0,0,0,0,0,84,0,0,124,0,0,0,0,0,0,0,0,0,0,0,0,0,0,86,0,0,0,0,0,0,0,46,0,0,0,0,0,0,0,0,46,0,0,0,63,83,0,0,0,0,61,0,0,0,0,0,0,0,66,0,0,0,0,0,0,0,0,0,0,0,38,0,0,0,0,0,0,0,0,0,0,0,0,0,0,0,0,0,0,0,34,0,0,0,0,0,0,0,0,0,0,0,36,0,0,0,0,53,0,0,0,34,0,0,25,0,0,0,89,0,0,0,0,0,0,0,62,0,0,0,0,0,0,26,0,125,0,143,0,0,23,0,0,0,0,0,0,0,0,0,0,0,0,0,53,0,0,145,36,0,0,0,0,0,30,147,69,0,18,0,0,0,0,0,0,78,0,0,0,0,0,0,0,0,0,0,36,199,0,49,0,41,0,0,0,86,0,0,0,0,0,0,0,128,0,0,50,0,0,0,89,0,0,0,113,113,47,85,0,53,0,0,73,0,0,0,0,0,0,0,0,0,0,224,0,0,0,0,0,0,105,17,26,0,0,0,0,0,0,0,0,0,0,0,0,32,0,0,0,0,0,0,0,0,0,144,0,0,169,0,56,0,0,0,0,0,0,41,108,0,0,0,82,0,0,0,0,0,0,0,0,0,0,0,0,0,59,29,31,0,0,0,0,20,0,0,0,87,0,0,0,55,32,76,0,60,0,0,0,67,0,0,0,54,0,0,0,0,0,0,0,0,0,0,0,137,23,0,0,0,203,0,0,107,0,0,0,0,0,0,0,0,0,39,0,0,0,0,0,133,0,0,0,0,0,0,0,0,0,0,0,0,0,0,0,0,0,0,43,0,0,0,43,0,0,45,0,0,0,0,30,0,0,0,0,0,0,0,0,0,0,0,0,0,0,35,0,0,0,0,0,51,0,0,0,0,0,0,68,61,45,0,0,0,0,61,0,0,0,47,0,0,0,0,0,0,0,0,0,0,0,0,0,0,0,0,0,0,0,0,0,0,0,0,0,0,32,51,0,0,0,0,0,0,0,0,117,0,0,55,0,0,368,0,0,0,0,0,0,181,0,18,70,0,0,0,0,68,0,0,0,0,0,0,26,0,0,0,0,0,0,0,0,0,0,0,0,0,0,0,0,0,0,0,0,0,158,41,0,90,0,0,0,64,0,0,39,0,21,0,0,0,0,0,26,0,0,0,166,0,47,0,0,128,0,0,0,0,0,90,0,0,0,0,61,0,58,0,30,0,40,33,0,0,0,0,0,0,29,0,0,0,0,34,0,0,0,0,0,0,50,0,0,0,0,33,0,0,75,0,0,29,0,0,0,64,0,0,0,0,0,0,32,0,0,0,42,0,0,0,0,0,0,0,0,0,0,0,0,0,0,0,39,40,0,0,0,0,94,0,0,0,73,0,0,0,0,0,0,0,0,0,0,55,85,0,0,0,91,0,0,0,0,0,0,0,0,0,39,0,0,0,0,29,68,0,0,0,0,0,81,0,0,0,64,0,0,69,0,0,0,0,0,0,72,0,0,0,44,0,0,0,0,44,26,0,0,0,0,0,0,0,41,0,42,0,0,15,0,0,0,0,0,0,0,66,127,0,0,0,0,0,0,0,133,0,27,0,26,0,0,0,71,0,23,168,0,0,25,0,0,22,0,0,0,52,0,42,0,0,0,0,0,62,0,0,44,99,71,0,0,0,0,0,0,0,0,43,0,0,0,108,0,0,0,0,0,55,0,129,0,0,0,0,0,0,0,0,0,0,0,0,53,0,0,34,0,0,0,0,0,0,0,0,0,83,0,0,0,0,0,60,0,23,0,0,162,0,0,0,0,0,0,0,100,0,0,0,204,0,75,0,21,0,0,0,96,0,0,0,0,0,0,0,0,0,0,41,0,22,0,0,0,77,0,0,0,115,0,0,0,0,41,0,0,67,0,0,0,0,0,0,0,0,0,134,78,0,0,0,0,73,0,0,42,0,0,0,0,0,0,0,0,0,0,0,171,0,0,0,0,27,0,0,0,0,0,0,18,0,0,0,0,88,0,0,0,0,48,0,0,0,0,0,0,0,0,0,0,0,0,40,0,0,0,0,0,38,0,459,0,0,0,0,0,0,0,0,209,37,0,61,0,0,0,0,63,0,57,0,43,0,0,0,59,22,0,83,0,0,0,0,0,0,0,71,107,55,0,73,46,0,0,0,0,0,112,0,57,118,0,0,0,0,0,0,0,0,24,0,0,0,26,0,21,42,0,24,0,0,0,0,49,0,0,45,52,0,0,0,0,0,112,34,0,0,89,0,108,0,0,38,38,218,85,0,0,0,0,0,0,30,0,0,53,88,0,0,0,101,0,68,0,0,98,0,0,0,50,0,0,28,48,0,0,0,0,0,220,0,0,45,0,0,107,0,0,196,0,32,0,0,0,39,0,322,0,105,0,0,0,0,0,0,0,0,46,37,0,0,75,0,0,198,0,0,0,0,34,140,35,63,0,0,70,0,0,119,64,0,0,59,0,28,22,0,0,0,82,187,94,68,52,0,24,0,0,0,0,0,0,87,0,0,0,0,0,0,0,0,0,0,0,0,0,120,0,34,93,0,0,22,0,0,0,0,0,189,0,0,0,0,0,0,37,49,0,0,0,0,31,53,0,0,0,0,0,41,0,0,0,0,0,77,0,0,0,0,84,0,0,0,103,0,0,0,0,0,0,0,0,0,0,0,289,0,0,0,597,0,0,0,0,0,0,83,0,0,0,173,0,0,0,0,0,37,0,24,0,0,0,0,0,52,0,65,113,49,0,0,0,0,44,0,28,10,0,54,0,204,57,91,30,58,65,0,0,0,0,0,0,0,0,0,0,51,59,0,23,0,66,78,25,0,33,0,0,36,0,0,100,0,0,0,0,0,0,59,87,39,191,0,0,0,0,0,0,0,0,0,62,0,137,0,0,0,0,0,0,0,0,0,0,6,41,0,0,0,0,185,42,0,41,104,0,53,0,0,0,0,72,51,102,0,48,0,0,115,111,0,0,52,0,0,0,69,0,0,0,0,0,0,0,52,136,0,90,74,0,0,51,0,0,0,0,82,0,70,0,0,0,0,0,0,0,0,0,353,0,47,0,0,32,0,0,61,0,0,0,0,0,0,36,135,0,0,0,0,127,0,58,58,0,51,0,0,0,0,0,0,46,0,75,31,39,61,0,0,0,0,0,0,0,0,0,0,29,0,0,0,0,0,133,7,0,0,0,0,75,44,152,0,0,0,43,0,0,0,0,52,0,24,72,0,57,159,0,0,0,0,139,0,86,0,0,90,0,0,0,0,33,0,56,0,0,0,66,0,44,100,0,0,0,61,25,16,0,0,47,0,0,0,109,0,90,0,0,0,0,0,0,65,0,46,0,0,0,39,0,0,0,0,239,85,0,59,0,0,43,0,46,0,0,0,0,88,53,29,23,0,160,22,0,0,0,0,0,45,0,0,0,0,0,37,369,0,0,144,0,74,0,0,0,76,0,0,90,26,0,0,80,0,0,0,0,262,0,0,33,21,0,0,0,0,331,30,0,0,0,194,0,57,42,27,62,0,0,0,0,0,0,0,0,0,0,0,0,136,45,46,58,54,141,0,0,0,41,0,0,0,0,0,315,62,0,0,0,71,0,0,90,0,0,33,153,39,0,0,0,0,0,0,0,0,0,0,30,67,0,0,0,32,0,0,59,0,0,0,99,0,77,77,71,0,14,0,75,0,87,0,0,0,163,25,0,0,43,0,0,0,0,69,0,0,93,38,29,0,0,120,0,0,0,0,24,0,0,59,43,0,0,0,0,0,0,0,0,0,0,116,0,0,25,0,0,41,0,98,118,51,0,75,0,0,45,0,77,84,0,0,0,106,0,0,0,0,0,0,0,0,0,0,0,0,71,0,114,0,67,65,60,0,41,0,0,17,0,29,0,0,151,0,83,0,0,0,0,70,0,0,0,0,0,22,84,0,0,0,0,0,0,88,50,40,309,39,226,0,64,0,0,25,0,34,34,126,37,44,0,0,0,0,0,0,45,0,36,0,0,70,136,0,89,0,0,27,0,0,0,31,0,0,27,78,130,0,0,0,0,0,0,37,126,0,29,81,0,0,0,35,57,0,0,0,0,28,0,0,49,110,0,0,55,44,0,0,45,33,0,126,49,121,42,0,0,0,0,0,0,57,0,69,0,0,52,68,0,0,0,0,0,109,51,104,30,38,0,0,0,0,259,65,166,0,43,0,0,0,0,0,21,0,159,85,0,216,67,111,0,28,0,0,24,0,0,0,40,0,0,29,159,65,0,78,0,0,80,0,0,0,0,0,171,50,0,0,15,0,48,55,62,0,0,0,0,0,68,238,0,0,186,60,0,0,0,0,0,0,0,116,0,70,0,37,0,0,0,0,22,0,0,0,30,0,0,0,0,0,36,0,0,67,95,230,62,75,0,62,141,38,74,0,40,73,60,0,69,75,0,42,12,0,0,24,64,0,119,16,0,57,50,83,42,0,114,0,86,0,0,0,0,0,0,253,0,490,67,0,244,0,0,52,0,0,0,0,465,0,0,0,184,0,0,57,0,0,0,0,0,0,43,0,62,0,59,0,121,0,168,0,56,0,91,29,0,0,82,0,131,0,0,44,0,0,87,20,0,52,0,65,159,51,0,0,0,0,0,458,106,0,0,26,0,0,39,9,0,0,0,0,30,45,0,0,92,0,0,153,44,0,47,0,0,0,108,0,0,0,0,0,0,0,0,15,0,0,0,133,0,40,0,0,0,28,45,0,0,0,366,0,0,0
68,0,0,0,0,0,17,0,0,0,0,0,0,0,0,48,0,0,0,0,0,0,0,0,0,0,0,0,49,0,0,0,0,0,0,33,0,0,0,0,53,0,0,0,0,0,0,0,67,0,72,29,0,0,0,36,0,0,0,0,0,45,0,0,0,16,83,0,0,0,42,0,0,0,0,0,0,0,0,0,66,0,0,0,81,0,0,0,0,0,56,0,0,0,0,0,0,0,0,0,0,0,0,72,0,0,0,0,42,0,125,0,0,0,89,0,0,82,0,0,68,0,0,0,0,0,0,0,0,0,52,0,0,0,0,0,0,0,0,0,60,0,0,45,0,0,0,0,21,54,0,0,84,0,27,0,0,0,0,61,0,0,0,0,0,0,0,0,0,103,75,0,0,0,0,0,0,0,44,0,0,0,0,0,0,0,0,174,44,0,0,0,0,0,0,0,0,0,0,0,0,0,78,0,245,0,0,0,0,0,49,81,0,0,0,0,34,42,0,0,0,109,0,0,0,0,0,0,47,0,61,0,0,0,0,0,0,0,81,0,0,0,0,0,0,0,0,0,0,0,0,0,0,0,83,0,0,0,0,0,48,0,0,0,0,0,0,72,85,116,0,0,107,88,0,0,0,0,286,76,0,0,0,78,0,0,31,109,1136,20,0,0,86,0,0,0,0,0,0,0,0,0,0,0,0,78,36,0,0,0,26,131,0,0,0,0,0,57,0,0,20,0,0,0,0,0,0,34,0,0,113,0,0,0,0,0,0,0,0,0,0,0,0,0,0,0,0,0,39,109,0,0,0,88,192,0,0,13,84,0,0,0,59,0,0,89,0,60,0,0,50,24,0,0,0,42,0,0,0,47,0,0,0,0,0,45,0,0,0,0,0,0,122,0,0,0,65,15,0,0,0,0,0,0,0,0,0,0,0,0,0,0,0,0,0,0,96,0,0,0,0,0,29,0,0,0,27,0,0,0,0,0,0,0,0,0,0,0,0,65,0,0,0,0,0,0,0,40,0,0,0,0,42,0,0,0,0,0,0,0,0,0,33,0,0,0,0,0,0,0,0,0,0,17,0,0,102,51,0,0,29,0,49,0,0,0,0,0,0,0,0,33,0,0,0,0,0,0,0,0,0,0,0,63,0,0,40,41,0,0,0,0,0,0,0,0,0,0,0,0,0,0,0,66,25,0,0,28,0,0,0,0,0,0,38,0,0,0,0,0,0,0,83,0,0,0,0,0,0,26,0,0,0,0,0,0,0,0,59,0,0,106,0,0,0,215,0,0,0,0,45,0,0,0,0,0,0,0,0,0,0,104,39,0,0,0,36,31,0,0,0,220,0,0,0,0,0,0,0,0,0,0,0,0,0,0,0,0,0,0,0,0,49,0,34,0,0,0,0,0,0,0,0,0,0,0,0,0,0,75,0,0,0,0,0,0,0,28,0,0,0,0,47,0,0,0,0,0,40,38,0,0,0,0,147,0,0,0,0,0,51,0,0,0,0,0,0,0,0,0,45,0,35,0,0,0,0,0,76,0,0,0,32,0,0,0,0,0,29,0,0,0,0,0,0,0,0,0,118,0,0,0,0,45,83,0,0,0,0,0,0,0,87,0,0,0,0,0,0,0,0,0,41,251,41,50,0,17,0,0,0,0,0,0,0,0,0,0,53,0,36,24,0,0,0,0,0,0,0,0,0,0,0,0,0,0,0,0,0,0,0,0,0,0,0,0,0,0,0,0,19,0,0,0,0,0,0,0,0,0,0,0,42,0,0,0,0,0,0,0,0,0,0,0,0,0,0,39,0,0,0,0,0,0,0,0,55,0,22,0,0,0,53,0,0,0,0,0,0,0,0,0,0,0,0,0,0,0,0,163,0,0,0,0,0,0,0,0,0,0,0,0,52,0,0,0,0,0,0,0,0,0,0,0,0,0,106,44,0,41,0,0,0,0,0,0,0,0,0,0,0,0,0,0,38,0,0,0,0,0,0,0,0,0,66,0,0,35,0,0,0,0,0,55,0,0,45,0,0,0,0,0,0,0,0,0,0,0,0,92,0,0,43,0,0,31,0,0,0,0,0,0,0,0,0,0,0,0,0,0,0,0,0,0,0,0,0,0,0,0,0,0,0,47,0,0,0,0,0,0,0,0,0,0,0,0,0,0,0,0,0,0,0,0,0,0,0,0,0,52,0,0,0,0,0,0,0,0,0,0,0,0,0,0,56,0,91,0,46,0,529,0,0,0,0,0,0,0,0,0,18,0,0,0,0,0,0,0,63,0,0,0,0,0,0,98,85,0,0,0,0,0,0,0,0,0,63,0,0,0,0,0,0,0,0,39,0,0,113,0,0,0,0,0,0,0,0,0,0,0,0,0,0,0,123,0,41,0,0,0,0,76,18,0,37,92,123,0,0,0,0,38,0,36,0,0,0,0,0,0,0,0,0,0,163,0,0,0,0,0,0,118,0,0,0,0,0,0,0,0,0,0,0,0,0,0,29,0,0,0,0,0,0,38,0,0,69,0,0,47,0,0,0,0,0,0,0,0,0,52,0,0,0,182,0,0,0,0,21,0,0,0,0,0,0,0,0,43,0,0,0,0,49,0,57,0,14,0,0,0,0,0,0,73,54,0,0,0,0,32,0,0,0,0,52,0,0,99,0,0,0,0,0,0,0,41,127,0,0,0,0,37,0,0,41,0,0,0,0,0,0,0,42,0,0,0,0,0,0,0,64,0,0,0,0,0,39,0,0,0,0,0,0,0,0,0,0,0,0,64,0,0,0,0,47,0,0,0,0,30,0,0,0,30,0,0,0,0,0,0,0,0,0,0,0,0,0,0,0,0,0,0,0,0,23,0,0,0,0,0,0,0,0,0,0,0,0,0,0,0,0,0,0,0,51,0,0,0,0,0,0,0,0,0,0,0,0,0,0,0,0,57,0,0,0,0,0,0,97,73,0,0,74,0,39,0,0,78,30,0,0,0,0,0,0,0,0,0,0,0,0,0,0,0,32,37,0,107,0,0,0,0,0,0,0,58,0,0,0,0,0,0,0,0,0,0,0,0,0,0,0,0,0,0,0,0,0,42,63,0,73,0,26,57,0,0,0,0,0,0,0,0,0,0,0,92,0,0,0,61,0,104,0,0,38,0,0,0,0,0,0,0,0,0,10,64,16,0,0,0,0,0,37,0,0,0,0,0,0,0,0,0,0,0,98,0,0,0,0,0,0,0,0,0,0,0,0,0,0,112,0,0,45,0,0,0,0,0,0,0,0,0,0,0,0,0,103,0,0,0,72,0,0,0,0,0,31,0,0,22,0,0,0,61,0,0,0,0,0,36,0,0,0,42,73,29,0,0,0,0,0,0,63,0,0,0,0,0,0,47,0,0,0,0,0,0,0,0,0,0,0,0,0,0,26,58,0,0,25,0,0,89,0,0,0,0,0,0,0,36,0,0,0,0,0,71,0,24,0,57,52,0,0,68,37,0,0,17,0,0,0,0,0,89,0,46,0,0,0,0,0,0,0,0,0,0,0,0,0,0,0,0,0,0,0,19,0,0,0,0,0,0,0,0,0,0,98,0,0,0,0,0,0,0,0,0,0,0,0,0,0,0,0,0,0,0,0,44,0,32,0,0,0,0,0,0,0,0,0,0,0,0,201,0,0,0,0,0,0,0,63,0,0,0,0,0,0,0,0,0,0,0,47,0,0,0,30,0,0,0,0,43,0,0,0,0,91,0,0,0,0,0,31,0,0,0,0,117,0,0,0,0,0,0,0,0,0,0,0,98,0,139,25,0,0,0,0,0,0,0,0,0,0,0,0,0,0,0,0,0,0,0,0,0,0,110,0,0,0,0,0,0,0,0,0,0,0,0,0,0,0,0,0,0,0,0,45,0,0,32,0,0,0,0,21,0,0,0,0,0,0,0,0,0,0,84,0,0,0,0,0,0,0,0,0,0,0,0,0,0,0,0,0,0,0,0,62,0,0,0,0,0,0,0,0,0,0,0,0,0,0,0,0,0,0,0,0,0,0,0,145,0,0,0,0,0,0,0,0,0,0,0,0,0,0,0,0,0,0,0,0,0,0,0,0,0,0,0,0,0,0,0,0,0,0,0,0,0,50,0,0,0,0,0,0,0,0,0,0,0,0,0,0,0,0,0,0,0,0,0,0,0,0,0,0,0,0,0,0,0,0,0,0,0,0,0,0,0,0,0,0,0,0,38,0,0,0,0,0,48,0,0,0,0,64,0,0,0,0,0,0,0,0,0,0,0,0,0,0,0,0,0,0,0,0,0,0,0,0,0,0,0,0,0,0,0,0,0,0,0,0,0,0,0,0,0,0,0,0,0,0,0,0,0,0,0,102,0,0,0,0,0,0,0,0,0,0,0,57,0,0,0,0,0,65,0,0,0,0,0,0,0,0,0,0,84,0,0,0,0,52,0,0,0,0,0,0,0,0,0,54,0,22,0,0,0,0,0,0,0,0,0,0,0,0,0,0,0,0,0,0,0,0,0,0,0,0,0,0,0,0,0,88,0,0,0,0,0,63,0,0,0,0,0,0,0,0,38,0,0,0,0,0,0,0,0,0,0,0,0,0,0,0,0,0,0,0,0,0,0,0,0,0,0,0,0,0,0,0,0,0,0,0,0,0,0,0,0,0,0,0,0,0,0,0,0,0,0,0,0,24,0,0,0,0,0,0,0,0,0,0,0,0,0,0,0,81,0,0,0,0,0,0,0,0,0,0,52,0,0,0,0,0,0,0,0,0,0,0,0,0,0,0,0,0,0,23,0,0,0,0,0,0,28,0,0,0,0,0,0,46,0,0,0,0,0,0,0,0,65,84,161,0,0,0,0,0,0,0,0,0,0,0,108,0,57,0,0,39,0,0,0,0,0,0,0,0,0,0,0,29,57,0,0,0,0,0,0,0,0,0,0,0,0,0,0,0,0,0,0,0,0,0,0,0,0,0,0,0,0,0,0,0,0,0,0,0,56,0,0,0,0,0,0,0,0,0,0,0,0,0,0,0,0,0,0,0,0,53,0,0,0,0,0,0,0,0,0,0,0,0,0,0,0,0,0,0,0,30,44,0,0,0,0,0,0,0,0,0,0,0,0,0,40,0,44,0,0,0,0,0,0,0,0,0,0,0,0,0,0,42,0,0,169,0,0,0,18,0,0,0,71,0,0,0,0,0,0,0,0,0,0,0,0,0,28,0,0,0,0,0,0,0,0,0,0,0,0,0,0,0,0,0,0,0,0,0,0,0,0,0,0,0,0,53,0,0,0,0,0,0,0,0,0,0,105,0,0,0,0,0,0,0,0,0,0,0,0,0,0,0,0,0,0,0,0,0,0,0,0,0,0,0,0,0,0,0,0,0,0,0,0,0,0,0,0,0,0,0,0,0,0,0,0,0,0,0,0,138,0,0,0,32,0,0,0,0,0,0,0,0,0,0,0,0,0,58,0,0,0,0,0,0,0,0,0,0,0,0,0,105,0,0,0,0,0,0,0,0,0,0,0,0,0,0,0,0,0,0,40,0,0,0,48,0,0,0,0,0,0,0,0,0,128,54,0,0,0,0,23,0,0,0,0,0,0,0,0,0,0,0,0,0,0,0,0,0,0,0,30,0,0,84,0,0,0,0,0,0,0,0,0,0,0,0,0,0,0,0,0,0,0,0,106,0,0,0,0,0,0,0,0,23,0,0,28,0,0,0,0,0,0,0,0,0,0,0,0,0,33,0,0,0,0,0,0,0,31,0,0,77,0,0,0,0,0,0,0,0,0,0,0,0,0,0,0,0,0,65,0,0,0,88,37,0,0,0,0,0,0,71,0,0,38,0,92,0,0,0,0,0,61,0,0,0,0,25,0,0,0,0,22,0,0,0,0,0,0,0,0,0,0,96,0,0,47,0,0,0,0,0,0,0,0,0,0,0,0,0,0,0,0,35,0,0,0,0,0,0,0,0,0,0,0,0,0,0,0,0,0,0,0,0,31,0,0,40,0,0,0,0,24,0,0,0,50,0,0,0,0,0,0,36,0,0,0,0,0,0,0,0,0,0,0,0,0,0,0,0,0,0,0,0,0,0,0,0,0,0,0,0,0,0,0,0,0,0,0,0,0,0,0,0,0,0,0,0,0,0,0,0,0,0,0,0,0,0,0,0,0,0,0,0,0,0,0,0,0,0,0,0,0,0,0,0,0,40,0,0,0,0,0,0,0,0,0,0,0,0,0,0,0,0,0,0,0,0,0,0,0,0,0,0,0,0,0,0,0,0,0,0,0,0,0,0,0,0,0,36,0,0,109,0,0,0,0,0,0,0,0,0,0,0,0,0,0,0,0,0,0,0,0,0,0,0,0,0,0,0,0,0,0,0,43,41,0,0,0,0,0,0,0,0,0,0,0,0,21,0,26,0,0,0,0,0,0,0,0,0,0,0,0,0,119,0,0,0,0,0,0,0,0,0,0,0,0,87,0,0,0,0,0,0,0,0,0,0,53,0,0,0,0,0,0,0,0,0,0,0,0,0,0,0,0,115,0,0,0,0,0,0,0,0,0,0,0,0,0,0,0,0,0,0,0,0,0,0,0,56,0,74,0,0,0,0,0,0,0,69,0,0,0,0,0,0,0,0,0,0,0,0,0,0,0,0,0,0,0,0,9,0,0,0,0,0,0,0,0,0,0,0,0,0,0,0,0,0,0,0,0,25,0,0,0,0,0,0,0,0,0,0,0,0
69,0,0,0,0,0,0,0,0,0,0,0,0,0,0,0,36,0,0,0,0,0,0,0,0,0,0,0,0,0,0,0,0,0,0,0,0,0,0,0,0,0,0,0,0,0,0,0,0,0,0,0,0,0,0,0,0,0,0,0,0,0,0,0,0,0,0,0,0,0,0,0,0,0,0,0,24,0,0,0,39,0,0,0,53,0,0,0,0,0,0,0,0,0,0,0,0,0,0,0,0,0,0,0,0,0,0,0,36,0,0,0,0,0,0,0,0,0,0,0,72,0,0,0,0,0,0,0,32,0,0,0,0,0,0,0,0,0,0,0,0,0,0,0,0,0,0,0,0,55,0,0,0,0,0,0,0,40,0,56,0,0,0,0,0,0,0,0,0,0,0,0,0,0,0,0,0,0,0,0,0,0,0,0,0,0,0,0,0,0,0,0,0,0,0,0,0,0,0,0,0,0,0,0,47,0,0,0,0,0,44,0,0,0,0,0,0,0,0,0,0,0,0,0,0,0,0,0,0,0,0,0,0,0,0,0,0,0,0,0,0,44,0,0,0,0,44,0,0,0,0,0,0,0,0,0,0,0,0,0,0,0,0,0,0,0,0,0,0,0,0,0,0,0,0,0,0,0,0,0,0,0,0,0,0,0,0,36,0,0,0,0,0,0,0,0,0,0,31,0,0,0,0,0,0,51,36,0,0,0,0,62,0,0,0,0,0,0,0,0,0,0,0,0,0,0,0,0,0,0,0,0,0,0,43,0,0,0,0,0,0,0,0,0,0,0,0,0,0,140,0,0,0,0,0,0,0,0,30,0,18,0,0,0,0,0,0,0,0,0,35,0,0,0,0,30,0,0,0,0,0,0,0,0,0,179,0,0,0,0,0,0,0,0,0,0,95,0,0,0,0,0,18,0,0,0,0,0,0,0,0,0,0,0,0,0,0,0,0,113,0,0,0,0,0,0,0,0,0,0,0,0,0,0,0,0,0,0,0,0,0,0,0,44,0,68,0,0,0,0,0,0,0,0,0,0,0,0,0,0,0,0,0,0,0,0,0,0,0,0,0,0,0,0,0,0,0,0,31,0,33,0,0,85,0,0,0,0,0,0,23,0,0,0,0,0,0,0,0,0,0,31,0,166,0,47,49,19,0,0,0,0,0,0,0,0,0,0,0,0,0,0,0,0,45,0,0,0,74,0,0,0,0,0,0,0,0,0,0,0,0,0,31,0,0,0,53,0,0,43,0,0,0,0,0,0,0,0,0,0,54,66,0,0,26,0,0,0,0,0,0,0,0,0,0,0,0,0,0,0,0,0,0,0,145,0,0,0,0,0,0,77,0,0,0,0,0,0,0,0,0,0,0,37,0,45,27,31,0,0,0,0,0,0,0,0,0,0,0,0,0,0,0,0,0,0,0,0,0,49,77,0,0,0,0,0,0,0,0,0,0,0,0,0,0,50,23,0,0,0,0,0,0,0,0,0,0,0,0,74,0,0,0,0,0,69,0,0,0,0,97,0,0,0,34,0,0,0,0,0,0,0,40,29,38,0,0,0,0,0,0,0,0,0,31,0,0,0,22,0,0,0,0,0,43,0,0,0,47,0,0,0,0,0,0,0,0,0,65,45,28,0,46,280,0,47,0,0,0,0,0,0,0,0,45,0,0,0,48,0,77,0,280,0,0,0,0,0,57,0,0,0,0,0,101,25,0,0,0,0,0,91,0,0,0,33,0,0,0,0,0,36,0,0,0,0,0,0,0,0,0,0,0,0,0,0,0,41,69,0,0,0,0,24,0,36,0,0,0,0,0,0,0,0,0,0,0,87,0,0,0,0,0,0,0,59,0,0,0,0,0,0,0,0,0,0,31,0,0,0,0,0,0,0,0,0,0,56,0,0,0,0,0,0,128,0,0,0,0,0,0,0,59,0,0,0,218,0,0,121,0,0,0,0,0,0,0,0,0,0,0,0,0,0,90,38,0,0,0,0,0,23,0,0,0,0,0,0,0,0,0,26,0,0,45,0,42,0,0,0,37,104,0,0,0,0,0,26,0,60,0,0,0,0,0,172,47,0,0,0,0,0,0,0,0,0,0,0,0,45,0,0,0,0,0,0,0,0,83,0,0,0,0,0,0,36,0,0,0,0,0,0,0,0,0,0,42,0,178,0,0,0,0,66,51,0,0,0,27,0,0,0,0,182,0,0,0,137,0,0,0,134,0,0,0,0,169,0,37,0,70,0,0,0,0,0,0,0,0,33,0,0,0,0,0,204,37,0,0,0,0,0,0,86,0,36,330,54,0,70,0,0,0,0,29,0,0,37,0,0,0,0,0,0,0,96,0,110,162,0,0,0,0,0,0,0,79,0,0,0,0,0,0,0,27,0,0,0,39,0,0,0,0,0,0,0,296,0,0,0,33,0,0,0,0,0,0,0,0,0,0,15,0,0,126,0,0,0,0,0,0,85,0,37,0,23,0,39,0,0,0,0,73,0,0,0,0,0,0,0,0,44,0,0,0,24,0,0,0,0,0,0,132,0,0,0,0,0,0,62,0,0,116,167,0,0,0,40,0,0,0,0,28,0,0,0,0,150,51,0,0,0,0,0,42,0,0,0,67,33,0,24,0,21,0,0,55,0,49,0,0,0,24,0,32,0,0,53,0,0,0,0,0,0,0,0,107,0,0,0,0,66,0,0,42,0,0,0,0,0,0,0,0,0,53,0,0,0,0,0,162,0,0,0,29,0,0,0,0,30,0,0,0,0,0,0,0,0,0,40,0,0,0,56,0,0,41,0,0,0,0,0,0,0,0,0,0,0,0,0,0,0,0,0,18,0,0,0,0,0,0,0,0,0,0,0,0,0,16,68,0,0,0,0,0,0,70,0,0,0,0,0,0,0,0,0,0,0,0,0,0,29,0,0,0,0,0,0,0,0,0,61,0,0,0,0,0,0,53,57,0,0,0,0,0,0,0,51,0,0,0,0,0,359,0,0,0,0,0,0,150,0,0,0,0,0,0,0,30,0,0,0,31,0,0,120,0,0,0,0,0,0,0,0,36,0,0,0,19,0,0,0,0,0,0,0,0,95,140,0,68,0,0,0,35,0,0,0,0,0,0,0,31,35,0,120,0,0,0,149,0,0,29,0,61,0,0,0,0,0,41,0,0,0,0,31,23,17,0,73,0,0,69,0,0,0,0,0,0,0,0,0,43,0,0,0,0,0,0,98,0,0,0,0,0,0,22,0,0,29,0,0,73,0,0,0,51,0,0,61,0,0,0,51,40,0,0,0,0,43,39,0,0,0,0,0,0,0,0,0,0,0,31,0,79,0,0,0,0,98,0,0,0,148,0,0,0,0,0,0,0,0,0,0,28,71,0,0,0,0,0,0,0,0,0,0,0,0,0,33,0,0,0,0,0,0,0,0,0,0,0,0,0,0,0,0,0,0,0,0,0,0,0,0,0,0,0,0,0,57,0,0,0,83,62,0,0,0,0,0,0,0,51,0,0,74,0,0,0,0,0,0,0,88,0,0,0,0,0,0,39,0,0,0,0,20,0,0,0,0,0,0,0,0,0,0,68,0,0,0,0,0,0,0,0,0,33,0,45,0,0,0,0,0,0,0,0,124,0,0,0,0,0,0,0,0,0,0,0,0,0,0,118,0,0,0,0,0,0,0,0,63,0,0,0,0,45,0,0,0,40,28,0,0,0,0,29,0,0,0,0,47,0,0,0,0,0,0,0,0,0,0,104,0,0,0,0,0,0,0,0,0,0,37,0,0,0,0,0,69,0,0,0,0,0,0,58,0,0,33,0,105,0,59,0,0,0,0,0,0,0,14,0,0,0,118,0,0,63,0,0,0,0,0,0,0,0,0,0,0,0,0,0,0,0,55,158,0,0,0,0,0,0,0,0,0,0,0,0,0,0,70,0,0,0,81,0,34,0,0,0,0,0,63,0,17,0,0,53,0,134,0,0,0,53,0,0,0,0,0,0,0,0,0,0,0,0,0,0,0,143,0,0,0,0,0,0,0,53,0,128,0,0,0,0,0,0,81,0,64,89,0,0,0,0,0,0,0,0,32,0,0,0,0,0,92,0,0,0,0,0,79,0,30,0,0,0,0,194,0,0,59,0,0,0,0,0,0,64,0,0,0,0,54,0,21,0,0,0,0,0,0,31,33,0,104,0,28,0,0,0,0,0,0,0,0,0,183,0,46,17,0,0,0,0,0,0,54,0,105,44,0,0,51,0,0,0,0,68,0,0,25,0,0,0,43,60,0,0,0,45,52,0,43,69,120,0,0,0,86,0,0,0,25,0,0,28,0,106,0,0,0,0,0,0,64,0,28,0,0,0,0,0,0,0,0,0,0,101,0,0,0,0,0,0,0,0,0,75,0,44,109,0,0,486,42,0,0,0,0,0,51,54,0,0,188,0,0,0,0,171,0,80,0,0,0,0,0,0,61,42,0,73,0,0,0,0,0,0,42,0,0,0,0,0,0,0,49,0,0,0,0,69,77,0,0,0,0,0,0,0,0,170,32,0,0,0,168,0,0,0,0,0,0,0,0,0,121,0,0,0,71,132,0,0,0,0,0,0,339,0,0,0,0,44,59,63,0,0,0,0,100,0,141,0,0,0,0,0,0,0,0,0,0,0,230,0,0,0,81,0,0,0,0,0,0,88,0,0,88,111,0,0,36,0,0,38,0,26,0,0,101,0,0,0,0,45,58,0,0,0,0,0,0,0,89,0,112,0,0,30,0,0,0,0,0,27,0,0,0,0,0,0,0,0,0,0,0,0,0,0,101,80,0,0,0,0,32,67,0,24,0,0,0,0,0,0,0,0,208,67,0,11,0,0,0,0,0,0,0,0,0,0,160,0,161,26,0,53,0,0,0,0,0,0,0,0,0,43,0,89,136,0,0,34,0,0,0,0,0,0,75,0,179,0,44,0,0,46,0,0,88,0,0,0,0,0,0,0,0,0,0,0,0,0,0,0,204,0,0,0,0,0,0,0,0,65,0,53,0,0,36,0,0,0,0,0,0,118,0,83,0,0,0,0,0,0,0,0,0,0,0,0,0,61,0,0,0,0,135,0,0,146,0,0,0,0,0,0,0,0,0,67,78,0,37,0,0,0,0,0,0,30,37,0,0,0,0,42,0,59,0,24,0,0,0,0,0,0,0,26,130,0,0,0,0,0,0,0,0,67,0,0,30,0,0,98,0,0,0,0,0,0,72,37,0,51,31,42,0,0,0,0,0,31,0,51,0,70,42,36,0,0,0,80,0,0,0,0,47,0,0,0,0,0,211,0,0,0,28,0,0,53,0,125,33,42,0,0,0,65,0,82,103,83,0,147,0,0,0,0,63,0,0,0,0,0,0,46,54,0,0,0,0,0,0,0,0,0,20,0,0,0,0,0,428,0,0,394,28,0,0,98,0,61,0,0,91,36,0,0,0,0,0,0,0,112,0,0,35,0,0,0,0,0,293,43,0,0,0,101,0,0,82,0,102,0,0,0,43,0,0,0,136,0,0,0,0,113,59,0,0,41,61,0,0,0,46,0,0,0,80,0,393,91,0,0,0,65,0,0,0,0,0,59,89,0,0,0,0,0,0,0,31,0,18,0,0,0,48,0,0,194,0,0,80,0,0,20,132,0,0,67,59,0,0,0,52,0,0,0,0,91,270,0,0,0,24,0,0,0,0,0,0,0,57,0,0,0,44,71,0,0,0,0,0,0,0,51,65,0,0,0,0,0,0,40,0,26,0,195,0,0,24,0,0,0,42,0,0,0,0,0,0,0,0,0,45,264,38,0,0,82,92,54,40,0,0,68,48,79,0,0,126,0,84,0,47,0,77,0,59,0,24,45,0,100,0,0,0,0,399,0,84,0,0,29,0,101,0,12,0,522,0,0,151,69,0,0,52,0,97,0,48,0,203,0,64,0,29,0,0,129,0,47,0,104,41,0,0,0,0,58,0,74,0,0,0,0,65,128,100,0,29,42,0,65,0,0,0,0,33,0,47,39,93,0,0,0,0,0,0,59,36,0,0,37,0,0,0,0,34,63,0,0,34,121,0,0,0,98,0,0,0,51,0,0,50,45,0,105,77,0,33,0,0,0,0,0,0,49,0,60,34,0,0,81,0,0,0,146,0,100,0,46,0,0,0,0,0,0,162,0,337,0,0,47,0,0,0,0,0,25,93,54,0,77,56,89,0,38,0,94,0,0,0,0,0,0,0,0,56,126,0,0,0,0,52,48,0,0,0,0,224,13,0,0,0,0,0,39,44,0,0,63,0,0,0,65,0,0,212,0,80,14,0,0,0,0,0,198,0,0,0,0,0,30,25,0,0,106,0,0,0,0,34,0,68,0,0,0,36,100,119,871,48,0,0,26,114,0,76,0,0,38,0,0,0,12,93,62,0,0,0,0,0,0,115,76,0,0,51,0,0,0,98,0,167,0,0,0,0,0,37,63,0,240,0,0,123,0,0,0,31,0,0,0,62,0,0,0,0,0,0,0,0,0,61,0,42,0,43,73,27,33,0,0,56,0,248,0,0,0,91,0,0,0,115,0,66,0,0,0,0,79,140,0,0,133,0,105,0,0,0,0,0,0,0,238,0,0,0,0,73,0,24,0,0,0,0,0,0,0,0,0,70,0,0,54,0,0,54,0,0,0,116,0,0,0,0,0,0,0,0,113,0,33,0,61,0,0,0,0,0,0,0,0,0,0,352,0,0,0
70,0,0,0,0,48,47,0,0,93,0,196,0,29,18,277,131,186,14,0,0,339,72,46,0,95,0,27,55,0,0,0,0,0,0,172,270,0,109,180,0,28,44,0,196,0,47,21,332,0,160,0,161,87,0,221,0,0,0,0,0,174,138,0,34,0,89,0,30,0,279,0,0,36,0,94,128,0,194,0,186,0,35,68,221,0,0,0,81,0,227,55,81,131,52,0,60,0,42,0,0,0,0,200,51,0,79,0,112,47,171,0,57,133,130,0,0,191,32,0,161,0,281,48,0,39,0,0,127,56,0,25,449,0,26,68,214,59,49,49,137,50,25,204,0,0,104,37,49,120,0,54,83,64,194,98,0,127,30,281,246,74,0,119,58,75,60,25,98,177,175,142,60,53,0,96,0,55,158,73,51,0,0,49,0,53,60,419,206,0,0,0,63,43,44,0,106,0,0,95,0,100,43,26,310,0,0,0,0,67,109,117,37,104,0,0,58,0,0,35,129,0,74,20,464,0,0,136,247,0,0,0,0,53,39,0,61,102,320,61,0,186,0,51,0,0,173,0,29,0,57,63,442,75,166,61,63,0,0,89,320,102,0,34,45,15,0,338,91,525,34,0,101,519,52,89,86,26,654,440,113,0,59,205,55,32,77,202,393,87,60,0,332,0,25,35,0,100,107,33,28,0,37,0,0,154,131,286,0,143,85,224,108,0,0,91,101,125,89,55,0,49,0,0,223,99,108,112,0,0,146,0,93,50,46,62,0,0,47,0,0,40,0,156,27,0,34,0,90,551,194,110,0,152,566,0,96,74,304,83,48,0,139,0,56,132,687,214,36,23,115,37,54,48,93,95,88,0,0,88,0,0,42,52,56,788,142,99,0,0,0,0,312,38,74,71,466,0,0,153,0,0,372,0,0,68,101,49,23,32,111,0,105,41,0,0,225,127,109,208,0,114,53,0,78,82,34,45,91,29,0,0,54,35,43,0,30,34,35,215,0,0,458,167,233,43,456,79,60,0,0,0,105,0,122,0,116,0,0,0,80,27,139,79,0,0,0,72,0,0,69,0,489,55,56,36,0,480,146,59,128,0,159,49,0,0,0,77,67,371,328,58,0,128,0,137,124,214,49,0,0,133,22,87,70,41,146,84,149,0,87,0,0,54,0,0,266,53,46,70,162,55,101,273,48,17,27,62,158,0,0,0,0,4,70,51,23,0,0,81,0,138,132,0,52,0,0,0,126,208,85,94,0,65,0,39,0,32,0,19,113,149,0,73,55,0,32,0,0,0,31,338,0,0,0,0,0,220,0,0,256,164,88,0,258,0,120,599,114,0,0,739,0,74,0,0,0,85,0,45,0,0,0,0,16,0,60,104,38,0,0,0,160,194,0,0,0,90,0,109,0,0,0,0,56,0,77,0,0,45,49,0,0,0,0,29,38,67,0,0,0,0,0,0,0,141,0,50,0,0,258,0,0,0,395,0,0,56,34,75,48,46,0,0,0,112,0,76,0,0,87,0,54,0,166,42,46,0,94,23,0,0,0,0,45,50,20,0,0,0,0,0,36,0,31,0,163,0,0,0,0,102,0,96,0,0,50,0,24,41,0,133,300,0,0,12,0,0,88,0,165,111,0,66,204,127,77,102,0,0,68,37,31,0,125,0,0,36,96,0,72,0,356,76,0,0,0,0,42,0,0,0,0,0,79,0,0,50,0,0,27,83,0,0,0,33,0,0,0,137,0,40,0,0,0,168,42,0,0,0,55,0,84,0,0,9,129,107,56,162,0,0,0,0,0,0,0,0,0,0,0,0,0,25,212,0,0,0,50,0,0,0,97,129,0,217,0,35,0,81,101,22,160,0,0,0,32,0,0,56,187,0,0,51,0,0,137,47,0,0,0,0,369,0,140,0,0,0,61,0,99,0,0,0,0,0,114,128,0,103,25,0,35,54,0,68,0,0,0,0,0,0,0,50,96,69,0,0,0,52,42,0,73,0,0,0,0,0,0,0,0,102,0,0,38,39,293,0,0,47,0,0,0,0,0,0,0,111,128,240,0,0,111,36,0,155,0,54,41,0,111,258,24,0,0,47,58,0,35,0,0,0,0,0,34,55,53,143,89,0,0,77,0,160,0,125,0,33,0,32,56,0,75,109,37,0,43,17,202,0,0,77,0,49,139,127,0,0,64,285,0,28,0,130,53,35,0,231,0,0,34,147,0,0,66,76,281,0,437,0,789,111,0,0,0,0,39,0,0,0,53,20,109,0,0,172,67,0,339,58,0,0,0,88,0,135,262,0,75,65,0,39,45,0,0,0,120,0,34,0,0,71,0,0,31,76,11,237,708,53,144,0,163,28,59,0,188,187,75,20,65,0,60,82,291,0,64,98,172,73,0,212,54,0,113,161,168,123,249,0,157,102,0,103,0,68,30,68,0,49,0,75,0,51,415,0,0,0,0,61,60,224,0,0,0,60,43,47,0,0,57,0,67,0,45,0,79,0,0,82,71,110,51,135,0,0,205,0,0,335,52,117,93,31,73,0,0,67,42,188,0,0,105,399,0,0,0,36,52,0,76,0,105,25,0,0,56,116,0,60,0,45,133,72,95,0,50,46,196,0,0,130,84,209,118,0,64,0,141,46,36,0,0,33,170,0,0,211,105,42,35,0,0,0,0,176,329,32,0,104,0,296,146,0,107,49,0,30,0,56,0,0,45,73,95,0,0,77,0,0,161,0,0,57,171,0,0,68,0,30,0,0,0,46,46,0,0,0,0,127,0,0,36,172,106,31,62,28,0,42,0,110,0,94,39,0,0,0,41,0,0,0,37,0,0,0,62,0,0,47,0,0,127,0,135,0,0,74,0,69,135,244,0,0,0,34,152,0,0,47,126,0,0,0,71,24,0,0,0,0,48,31,0,0,0,0,0,34,0,68,0,104,0,0,55,39,26,59,192,168,0,38,174,0,50,37,0,342,144,0,232,38,0,1938,0,0,0,0,41,0,163,0,40,95,59,167,0,107,96,0,0,0,0,0,77,0,0,0,0,0,0,69,0,0,118,0,0,0,0,0,59,0,0,145,0,0,0,908,114,0,58,0,52,160,153,0,0,57,0,66,0,0,0,103,0,145,12,90,0,235,0,273,153,0,165,0,24,0,0,0,271,86,58,102,0,33,0,161,0,81,0,75,68,0,0,0,75,26,76,64,0,74,0,66,92,57,58,0,41,0,0,75,0,70,0,0,210,0,0,196,0,0,0,0,45,0,200,0,0,153,41,0,0,192,0,0,62,133,0,173,190,0,0,77,73,0,0,0,33,68,24,91,0,60,37,0,48,0,0,57,93,77,0,0,149,0,0,0,36,0,0,0,79,49,0,380,0,0,0,0,0,0,40,0,0,0,0,0,0,47,0,0,51,179,0,107,0,44,49,0,0,142,0,0,0,30,116,0,87,91,0,0,0,0,0,0,0,81,0,168,197,0,0,210,48,0,0,131,0,209,0,0,72,62,0,0,0,0,0,54,0,20,37,79,41,69,227,172,0,0,133,37,0,37,93,94,0,38,42,0,0,0,0,85,0,0,105,0,61,0,35,45,47,0,0,0,81,0,160,0,0,0,0,0,0,0,59,147,200,47,0,33,61,0,103,0,32,0,0,39,0,39,548,55,0,30,0,0,77,0,0,128,0,43,57,0,230,59,0,76,96,44,53,49,26,0,53,0,0,0,0,78,31,0,0,28,47,0,48,0,25,0,65,68,0,0,0,219,37,71,29,70,30,96,0,186,0,0,0,309,0,283,37,69,0,0,108,195,0,0,0,172,55,83,0,126,161,0,0,0,80,10,40,43,39,269,0,0,210,0,0,0,64,99,0,0,172,72,21,0,0,0,0,47,38,100,642,35,80,0,0,16,61,0,0,113,0,0,37,0,0,133,0,0,80,105,0,49,21,0,0,0,90,132,19,0,0,0,64,99,542,0,0,0,301,0,289,0,59,70,61,0,0,0,0,0,0,95,0,0,274,56,37,0,0,0,0,0,0,0,339,0,62,189,0,0,0,0,0,52,130,25,85,35,0,127,110,0,0,58,0,61,41,0,58,182,49,0,63,0,0,371,0,80,0,50,0,196,341,0,128,110,66,0,0,0,123,200,134,61,113,0,69,37,26,0,0,0,51,29,0,78,39,0,96,238,79,0,84,73,0,0,0,98,0,132,0,190,26,81,81,0,42,414,59,0,42,211,0,75,70,0,31,99,97,0,67,0,170,25,39,0,0,0,47,54,208,0,0,0,196,28,76,154,0,248,0,0,46,216,0,0,83,0,0,0,0,46,142,35,0,88,0,27,0,593,0,0,204,0,0,0,0,102,82,0,95,83,389,0,46,0,18,0,0,209,64,139,0,0,99,0,0,103,155,169,96,0,53,33,0,207,165,62,70,476,0,0,30,39,129,0,304,165,0,0,0,0,0,277,214,27,334,0,0,71,0,0,0,98,0,0,44,0,198,0,0,358,0,0,0,0,0,43,74,59,85,85,182,59,27,0,296,50,0,0,0,137,677,0,96,33,56,0,0,172,0,60,271,0,102,137,0,0,27,0,0,95,153,134,0,73,0,98,0,0,126,0,0,0,0,89,0,267,0,62,0,128,0,0,97,249,0,0,0,199,56,81,0,187,0,34,0,0,0,0,254,98,55,25,237,40,0,0,0,41,172,0,39,0,30,79,0,146,123,64,101,146,0,99,0,96,0,68,40,55,62,135,0,0,248,75,58,41,60,48,62,0,0,0,0,0,0,32,105,0,174,202,0,0,0,136,127,0,0,45,0,67,134,0,46,92,0,0,0,0,59,48,41,165,65,334,37,0,0,0,0,0,117,0,0,168,98,271,115,64,46,74,292,27,47,0,0,76,0,50,0,51,0,0,81,309,0,0,103,0,0,0,0,64,0,101,46,96,0,0,123,89,150,21,0,189,0,25,0,35,118,12,71,35,0,74,40,33,83,119,39,40,73,0,0,88,34,58,0,51,77,0,150,0,0,61,75,0,27,0,0,0,1409,0,199,0,48,0,27,85,94,0,0,0,0,0,66,0,167,0,0,0,0,388,38,60,302,0,0,0,0,45,0,35,0,52,77,38,90,116,81,0,0,66,45,0,51,50,0,0,0,44,22,0,97,0,0,171,0,0,93,113,0,74,0,110,0,55,46,0,0,0,0,0,0,0,114,65,0,68,166,0,72,0,0,37,0,73,75,57,258,45,285,75,0,55,0,0,176,0,61,76,44,319,128,101,0,0,0,28,0,0,32,122,0,58,77,50,89,1178,0,0,0,81,0,72,135,0,371,35,56,46,0,0,64,0,183,245,45,0,275,0,0,73,69,43,0,0,0,0,105,26,49,40,0,413,243,0,0,0,0,27,153,0,0,0,70,0,48,1377,0,0,696,39,83,0,256,0,159,124,0,221,97,39,0,47,0,0,121,0,156,73,90,43,0,66,0,0,0,777,114,0,0,0,325,0,75,143,382,68,0,0,55,51,165,0,0,248,0,45,0,0,200,131,104,80,109,262,0,28,58,23,29,0,0,108,0,116,119,0,0,0,116,106,0,90,46,71,189,227,130,29,73,0,25,34,0,61,50,79,0,0,32,158,64,0,479,59,0,96,0,0,57,110,0,50,0,73,40,0,0,125,32,63,18,0,116,698,78,0,0,141,0,0,0,60,123,42,73,77,0,139,0,133,95,0,0,0,0,0,0,36,128,62,21,0,30,0,36,75,45,152,0,0,119,0,0,190,39,80,46,52,114,180,81,17,58,0,0,0,29,0,554,0,0,0,277,67,131,91,0,89,95,51,95,13,50,459,48,233,62,196,77,36,146,184,0,27,98,0,210,68,43,66,55,436,0,54,0,0,31,0,183,0,44,54,598,0,0,77,0,69,33,197,0,0,101,58,0,518,0,293,55,82,0,128,330,0,73,64,80,104,81,0,0,27,79,0,116,72,0,50,0,63,102,187,0,104,0,0,100,0,0,93,0,99,0,50,547,140,0,49,0,0,0,72,141,49,46,73,226,0,0,0,57,81,126,0,0,115,189,0,0,73,53,56,0,69,58,0,0,71,0,38,153,75,110,140,46,0,31,0,0,0,130,0,80,26,0,62,90,59,0,0,141,0,137,0,190,39,85,74,0,0,0,156,84,76,0,32,50,0,0,0,0,50,0,415,62,0,184,39,255,0,50,0,95,80,0,0,0,45,60,0,0,345,158,0,78,0,0,91,59,0,0,0,32,220,37,25,0,0,0,33,122,95,67,0,55,0,0,0,141,0,0,581,60,70,0,0,59,0,0,0,134,0,87,0,63,29,41,28,0,44,107,0,0,34,101,88,0,71,0,22,0,73,114,248,671,48,110,0,148,136,0,147,0,0,63,64,0,27,97,35,135,0,28,0,44,37,0,242,197,0,49,70,56,67,0,91,0,58,15,0,0,0,0,56,291,0,518,0,0,227,0,0,0,43,0,0,0,482,0,0,0,245,0,0,82,0,0,49,15,80,0,86,65,76,342,69,0,135,78,77,0,75,0,218,0,0,0,292,36,110,0,36,19,0,87,129,36,53,195,0,120,192,52,0,0,32,0,0,283,108,0,0,0,98,54,56,0,0,0,0,45,0,44,47,0,155,0,0,10,60,0,53,26,0,0,349,0,0,0,0,0,0,0,0,189,0,42,187,163,0,0,53,0,0,0,0,51,26,66,425,32,55,0
71,0,61,45,158,109,325,120,0,254,0,323,123,97,87,617,796,992,57,147,51,825,145,184,240,304,43,78,216,95,51,83,230,0,165,481,384,56,166,716,379,216,161,98,484,0,192,198,908,47,509,197,218,328,76,683,95,58,0,58,56,283,262,627,77,122,291,125,90,117,905,0,176,146,96,494,384,57,1272,127,464,49,120,527,762,162,105,76,139,140,807,165,179,221,442,139,135,0,162,93,0,98,114,385,82,66,174,106,288,283,817,239,269,240,323,144,178,453,74,113,817,0,648,77,118,91,64,125,311,0,306,60,802,63,327,185,545,289,232,191,482,131,256,1356,0,66,214,158,199,420,34,97,322,95,286,353,56,285,103,750,698,179,69,252,214,202,169,138,251,628,615,410,143,72,55,191,103,183,434,78,83,647,45,90,120,206,158,1579,690,20,69,0,439,154,330,59,457,121,53,291,66,259,317,69,1625,82,135,75,84,577,420,454,153,233,110,232,127,316,39,105,545,834,114,0,826,45,61,411,960,74,268,50,77,101,93,0,109,157,665,190,93,282,95,83,132,0,432,41,175,34,139,128,770,283,352,189,96,39,124,224,800,549,156,206,200,90,69,1140,524,854,90,75,425,958,275,211,238,0,2544,626,213,48,372,474,272,228,139,921,5942,295,150,128,675,72,63,147,0,179,258,127,87,63,352,113,97,1207,1000,385,117,373,234,1141,250,40,67,170,245,450,204,167,83,54,0,202,596,225,85,361,0,152,956,0,237,246,273,274,106,0,93,234,59,343,124,232,280,102,41,45,359,2938,707,172,87,1029,1053,84,233,269,1158,523,213,173,445,92,259,710,940,391,129,69,724,144,180,166,174,618,265,0,29,694,195,172,128,133,125,1561,165,377,222,51,163,57,2661,120,253,130,1550,199,530,656,35,136,373,58,109,299,137,137,223,102,381,27,174,58,0,80,356,338,726,594,57,461,164,90,281,121,281,114,357,78,48,83,110,91,490,38,86,233,105,446,54,46,1249,273,505,371,843,232,102,104,97,36,320,42,351,140,190,173,0,78,798,43,318,413,162,122,120,129,81,56,105,64,837,294,215,145,381,1012,238,325,361,157,533,405,402,0,0,163,348,534,396,179,90,548,172,289,454,315,803,105,0,181,119,1288,194,369,401,542,208,50,229,148,62,127,143,40,470,139,118,329,219,134,937,595,436,57,324,284,1000,43,145,0,32,51,439,246,107,0,20,357,104,387,733,61,86,0,248,108,197,319,402,220,77,146,223,150,64,127,284,210,727,1641,0,144,167,1004,162,31,45,139,643,475,73,61,38,89,0,697,61,254,258,445,260,56,1554,69,509,679,227,73,135,2124,30,213,127,59,72,259,117,169,44,194,165,213,145,482,111,775,0,0,0,90,979,1174,265,0,276,193,0,137,36,62,34,96,132,75,127,94,0,324,788,70,97,239,59,129,176,164,97,16,65,59,399,0,97,836,91,0,123,441,750,108,51,226,496,0,170,228,137,793,365,54,188,41,175,300,165,179,155,171,607,114,663,102,1315,99,176,205,924,91,78,73,288,180,501,82,131,76,423,0,578,118,66,44,189,131,800,83,1066,46,57,187,57,334,420,103,192,293,240,402,115,633,429,0,82,61,25,131,604,189,860,169,244,3280,307,628,531,175,0,43,345,129,34,102,211,0,63,124,786,465,267,130,3113,515,30,295,71,34,287,32,98,168,181,50,400,89,66,112,0,104,0,158,81,177,65,370,0,190,88,273,402,247,81,0,61,700,52,47,128,236,362,161,363,0,49,59,334,214,375,886,0,0,193,103,47,189,27,141,223,52,235,192,218,325,662,172,523,303,307,97,165,50,100,1128,74,762,112,77,139,254,229,58,368,267,106,123,171,232,83,684,760,43,155,309,99,38,359,216,89,29,0,63,814,80,468,304,0,206,94,105,224,57,224,136,41,22,1243,639,181,1337,227,172,65,621,149,246,145,0,71,107,0,107,97,87,410,378,0,93,0,131,113,265,390,140,244,313,28,252,37,76,79,66,68,221,297,352,737,291,62,186,277,1020,0,103,35,90,128,806,693,867,343,223,212,107,126,1437,339,132,291,49,257,633,183,65,98,450,235,44,122,280,103,134,137,44,108,205,164,158,303,52,108,275,100,545,102,369,75,121,152,159,387,0,243,609,121,35,163,167,1602,70,121,111,146,233,500,309,87,383,140,1251,98,158,55,1023,349,85,30,577,194,0,322,669,63,64,193,168,1272,237,2055,0,2018,326,129,171,89,74,58,57,55,135,198,175,594,79,48,647,107,140,903,351,190,124,0,331,171,310,1591,658,266,259,47,127,172,148,172,0,1021,329,142,0,76,261,89,120,153,781,57,593,2616,242,174,163,309,403,188,118,541,476,398,44,207,0,226,204,1064,0,494,388,267,386,0,1357,147,253,506,927,1400,315,727,63,385,327,99,610,86,201,106,181,85,0,26,282,0,115,2243,130,72,68,347,215,268,367,115,322,168,89,179,137,37,169,139,110,650,79,72,322,243,123,0,175,176,679,355,689,80,215,1919,174,35,910,124,309,698,159,144,0,114,425,202,985,0,46,762,1232,74,108,54,386,576,30,215,39,254,102,119,81,118,954,464,206,170,228,768,241,995,0,315,88,759,184,103,388,682,1340,1059,218,287,62,979,164,426,61,122,203,473,0,276,517,523,148,110,84,0,80,118,800,752,170,62,350,132,958,285,0,467,200,129,259,48,0,0,166,199,43,376,0,142,347,86,65,1954,118,158,356,448,97,235,292,80,444,291,103,80,188,79,87,162,60,0,771,0,0,179,384,246,201,203,44,0,257,107,331,124,210,381,70,190,26,253,35,0,65,158,132,164,0,382,0,61,205,55,145,119,94,259,77,29,47,97,519,708,713,0,188,0,31,576,189,127,68,488,218,129,92,293,122,32,130,138,51,241,222,192,473,0,51,193,152,51,293,83,1037,168,53,38,284,239,152,934,379,67,52,444,139,155,164,78,423,485,112,928,91,0,3301,176,359,0,161,147,96,759,37,111,162,141,255,89,315,313,78,56,48,248,73,101,596,57,103,89,326,82,248,71,307,291,119,66,77,82,148,0,79,220,656,39,0,114,2995,1590,75,733,143,138,390,449,106,77,185,0,574,164,106,221,158,55,859,139,293,342,1130,24,1406,399,39,577,55,26,92,64,0,543,103,103,74,277,768,172,731,100,982,45,84,561,0,122,536,285,128,314,182,48,0,277,231,526,66,235,401,87,1860,392,87,266,483,121,138,540,184,0,684,0,70,424,0,85,110,588,71,184,529,219,266,74,461,156,446,364,156,0,519,504,94,112,276,96,176,89,99,175,277,0,319,341,230,425,101,170,70,103,674,135,70,80,1365,532,335,214,90,185,107,0,148,384,0,345,250,97,27,85,300,55,110,138,111,33,218,79,0,161,324,181,50,169,418,229,301,76,186,358,63,61,680,0,49,56,110,162,24,321,198,63,36,76,0,64,346,88,265,0,658,346,88,79,461,665,57,121,570,187,214,52,103,234,697,0,697,30,53,214,116,0,99,232,837,153,179,226,1665,30,26,736,164,66,202,338,546,43,78,133,125,191,78,58,326,0,38,1556,0,88,173,95,140,264,0,77,78,257,73,583,52,78,0,96,87,159,0,135,408,425,231,79,126,194,140,134,74,386,240,179,102,57,147,827,176,154,152,76,49,257,64,522,678,267,157,268,125,506,53,0,354,376,108,387,463,118,403,435,177,172,69,197,294,82,42,92,162,474,52,248,0,0,45,692,351,162,122,79,907,347,188,141,306,69,482,92,576,0,29,48,654,89,1799,269,112,129,94,230,485,117,319,44,560,171,195,84,200,428,56,119,0,215,70,100,38,140,654,0,43,789,147,43,57,456,437,69,131,554,314,138,55,75,80,87,114,135,481,1775,143,260,287,0,46,124,48,152,668,52,34,165,0,125,730,55,37,221,1045,101,458,109,125,131,0,504,434,385,180,88,88,573,233,2020,93,42,69,660,0,361,97,202,248,245,99,70,101,60,96,21,246,92,133,1462,198,80,26,0,0,46,99,422,0,2342,0,174,186,0,70,169,127,0,731,370,65,278,60,81,304,310,301,37,212,126,96,79,41,200,206,130,88,190,19,0,1126,31,127,56,247,238,656,373,122,391,178,233,33,108,101,347,484,323,135,415,45,187,114,66,113,73,88,111,154,48,291,148,253,288,473,236,229,240,258,101,75,0,261,60,237,281,811,112,256,189,122,96,1107,217,235,203,754,0,734,223,34,80,108,735,265,256,43,611,154,150,36,128,48,215,289,549,73,82,23,374,277,173,407,732,289,99,0,92,430,0,0,138,187,73,35,121,123,356,754,107,304,246,78,49,1455,146,92,1381,178,63,0,86,158,195,55,904,356,965,0,139,66,105,53,50,417,176,231,432,192,249,318,318,186,997,418,315,0,111,200,383,378,464,263,158,727,40,38,504,186,411,86,581,417,166,68,42,114,198,645,405,411,798,92,52,248,67,52,81,193,54,54,284,0,579,0,135,763,65,46,51,0,158,295,184,113,291,201,373,224,48,154,775,170,63,31,96,530,1123,45,218,44,123,85,41,226,137,671,869,339,233,394,292,63,67,0,97,405,237,547,59,196,51,343,349,151,402,0,57,403,22,393,0,500,45,123,80,212,59,40,288,683,57,37,92,664,206,213,57,1839,41,73,50,53,0,28,620,206,194,438,874,75,0,274,46,110,387,156,192,127,171,313,52,280,120,96,148,1150,206,307,52,129,76,166,211,233,218,438,134,135,1669,137,630,77,199,239,141,56,33,54,158,68,166,226,170,308,739,313,146,105,47,284,453,165,0,221,43,284,289,133,480,201,48,0,155,0,230,229,154,1736,227,1529,315,0,62,52,57,151,302,52,85,170,567,1769,224,224,399,403,628,56,300,0,0,108,127,185,0,122,81,52,1433,1295,0,128,311,88,103,0,109,186,161,569,153,852,79,149,242,135,605,332,0,261,362,107,309,156,227,47,359,138,0,456,223,60,340,313,153,210,212,128,161,266,122,205,37,184,172,0,204,62,0,381,316,187,204,363,121,75,1906,0,546,162,108,104,110,274,368,56,60,231,0,137,60,182,399,0,152,77,30,1077,257,99,854,236,62,0,147,133,45,218,0,131,470,104,546,710,192,36,28,153,212,187,92,397,62,0,130,199,288,0,700,130,142,933,0,0,335,353,43,355,345,276,129,148,320,278,85,0,0,0,431,55,218,673,101,369,882,34,98,0,81,884,51,424,267,200,621,113,709,113,171,457,0,414,241,47,315,150,409,507,344,423,81,0,97,167,142,0,89,330,75,105,171,607,176,2396,226,0,246,182,84,388,492,247,788,111,208,97,49,0,391,0,599,1228,395,116,825,38,0,213,185,231,160,68,0,0,198,154,251,343,133,370,375,0,28,0,143,58,271,59,74,29,76,0,83,2811,41,37,1346,201,278,47,378,84,460,192,40,559,148,68,55,420,66,0,142,64,487,106,170,119,83,98,110,58,0,1128,250,0,0,0,844,0,333,338,761,541,0,45,61,214,220,89,0,312,0,0,144,140,583,307,474,390,345,189,119,86,82,92,78,132,96,113,50,1168,618,88,67,114,297,297,77,128,242,66,555,468,118,112,190,161,89,139,129,160,85,153,0,75,421,320,146,77,754,88,0,278,49,36,131,465,48,106,187,696,87,86,0,244,136,119,56,65,438,1852,328,25,43,305,98,99,0,100,462,77,152,442,102,207,46,185,782,112,0,90,63,121,123,48,204,319,144,121,161,0,154,277,273,84,143,73,605,0,105,361,68,156,112,170,746,244,185,94,157,137,126,136,122,172,1352,312,0,0,838,182,219,165,131,314,346,188,225,0,57,1535,182,1339,162,536,127,331,78,880,0,289,197,82,404,120,103,135,108,1465,166,250,53,80,121,0,414,0,60,98,178,56,141,542,305,306,93,911,59,376,639,197,118,1291,62,754,126,727,66,157,638,42,322,193,382,171,154,34,73,296,234,51,0,169,96,193,0,289,479,601,60,205,121,98,322,0,0,136,86,200,152,130,906,536,119,200,0,0,275,87,347,858,82,88,216,40,98,36,99,442,346,58,0,223,297,0,77,128,361,113,0,234,221,66,72,824,190,230,550,365,377,313,162,0,136,35,0,76,468,0,145,134,0,194,196,115,76,32,666,32,227,239,309,137,182,298,306,0,52,1120,358,1067,113,307,125,48,153,106,22,134,176,717,540,67,454,401,565,37,221,0,591,111,59,62,125,96,138,49,159,580,721,71,188,73,0,199,168,0,0,129,59,1078,228,124,29,62,112,104,228,131,188,155,233,167,145,276,1218,51,66,1426,180,585,120,170,220,80,15,78,485,0,242,0,157,82,189,95,41,111,642,0,109,100,268,134,116,244,78,112,0,202,447,1762,2731,106,252,237,426,595,71,567,42,403,166,159,124,269,276,355,535,175,74,31,173,176,0,397,224,0,143,220,147,1196,66,399,70,541,59,94,85,100,74,252,523,0,2616,263,30,630,49,0,188,181,52,226,164,636,46,39,131,402,30,0,212,50,23,464,59,343,45,192,298,211,2281,224,0,785,157,505,112,494,0,482,277,33,33,572,54,365,44,72,377,107,455,381,121,126,818,169,1115,395,209,57,128,95,85,54,1580,485,57,0,136,203,54,189,0,93,86,94,125,163,170,64,35,439,68,0,597,313,261,526,90,155,48,1536,67,36,70,0,38,48,56,281,859,0,234,318,958,73,354,87,62,54,180,159,76,0,138,1104,66,95,138
72,0,0,0,0,0,0,0,0,0,0,0,0,0,0,0,118,0,0,46,0,61,0,0,0,0,0,0,0,0,0,0,55,0,0,94,0,0,0,0,0,0,0,0,0,0,0,0,54,0,74,33,28,0,0,0,0,0,0,0,0,0,0,0,0,0,0,0,0,0,0,0,0,0,0,0,0,0,65,0,0,0,0,0,0,0,0,0,0,0,0,27,0,0,0,0,0,0,0,0,0,0,0,0,0,0,13,0,0,94,0,37,0,34,0,0,0,0,0,0,0,0,102,0,0,0,0,0,0,0,0,0,139,0,0,0,0,0,0,0,35,0,0,77,0,0,0,0,0,0,0,0,0,0,0,34,0,37,0,0,0,0,0,33,0,0,0,0,30,0,16,10,0,0,0,0,0,0,35,0,0,28,0,0,0,0,0,107,0,0,0,0,40,0,0,0,0,15,0,0,0,0,0,0,55,0,0,0,0,0,0,0,0,0,0,0,0,41,0,0,0,130,0,0,149,0,0,0,281,0,54,0,0,0,0,0,0,0,71,0,0,43,0,0,0,0,0,0,0,0,0,0,139,0,0,0,0,0,0,0,141,0,0,0,0,0,0,0,30,69,0,0,78,113,0,0,0,0,0,89,0,0,0,0,0,0,0,0,1277,0,0,0,0,0,0,0,0,0,0,0,0,0,0,0,0,123,151,0,0,0,0,319,0,0,0,0,0,0,0,0,0,0,0,0,0,0,0,73,0,0,321,0,0,62,0,29,15,0,0,0,0,0,0,0,124,0,0,0,0,277,0,0,0,152,127,0,0,0,94,0,0,0,60,0,48,23,0,56,0,0,128,0,0,0,0,0,48,0,0,65,45,24,38,0,0,221,0,0,134,0,0,0,167,0,0,0,0,0,38,0,0,0,83,0,0,0,0,0,0,0,0,0,46,0,0,0,161,0,230,0,0,65,0,0,0,0,81,0,60,0,0,0,0,0,58,0,0,0,0,61,0,0,82,0,0,43,0,0,0,0,0,0,0,0,72,0,0,0,0,0,60,0,0,0,0,0,0,0,0,0,0,0,0,81,0,0,221,162,0,100,0,26,117,57,53,0,0,63,0,48,26,0,0,0,0,0,0,0,173,32,0,0,0,75,0,0,191,100,0,0,0,0,0,0,0,0,35,0,0,0,0,0,51,0,0,0,0,25,197,0,0,0,0,0,0,0,0,0,0,0,0,32,220,0,0,0,36,0,0,0,0,0,0,0,40,37,0,0,38,0,151,55,0,27,0,174,0,0,0,63,99,67,0,0,0,0,0,0,0,0,0,147,0,0,289,0,0,58,0,0,0,344,0,0,0,0,0,35,0,0,0,0,0,24,0,19,0,47,0,0,0,0,18,33,0,0,0,0,0,0,0,0,0,0,0,0,0,0,0,0,36,0,0,0,0,0,0,0,0,0,0,0,24,0,0,0,0,0,0,39,32,0,0,0,153,0,0,0,0,49,0,0,63,0,26,0,0,0,0,0,0,0,103,0,144,0,0,0,0,0,0,0,39,0,74,0,0,0,55,0,62,0,0,0,0,0,120,0,177,0,0,0,0,0,0,0,0,0,47,61,0,15,0,0,0,0,0,0,29,0,60,0,0,436,0,0,0,0,0,0,0,0,0,0,0,0,0,0,0,76,0,34,76,32,0,26,0,0,0,0,0,0,0,0,0,0,0,0,0,0,0,0,0,44,0,0,0,0,0,0,0,27,0,0,0,0,0,0,30,58,26,19,0,0,0,0,0,0,19,0,0,0,0,0,0,0,0,0,0,0,43,0,21,0,88,0,78,0,0,0,0,0,0,138,0,49,0,0,0,0,0,0,0,0,0,0,30,0,0,0,0,0,0,0,0,0,25,0,0,0,0,0,0,0,0,0,0,0,0,0,0,0,0,0,0,0,0,0,0,42,0,0,0,0,0,0,0,0,0,0,0,0,0,0,0,0,0,0,0,0,0,0,0,0,0,0,0,0,0,0,0,0,0,0,0,66,0,0,0,0,0,0,0,0,0,0,0,66,64,121,0,0,0,0,0,73,83,0,77,0,0,67,0,27,0,0,0,0,0,37,0,0,0,0,59,0,39,57,35,0,0,0,0,71,0,0,0,0,0,0,0,0,0,96,0,0,0,0,184,0,36,0,0,28,37,0,0,54,0,0,0,0,0,154,0,0,0,221,0,0,0,38,0,0,0,25,431,0,341,0,831,92,0,0,0,0,0,0,0,0,0,0,94,0,0,55,0,0,176,0,0,31,0,35,0,0,373,48,0,0,0,0,0,41,0,0,83,0,0,0,0,103,0,0,31,103,0,37,187,86,70,0,29,41,0,0,0,0,0,0,0,0,69,0,76,0,37,0,133,89,0,133,0,0,45,60,411,0,0,0,35,62,0,60,0,0,0,46,0,0,0,0,0,0,311,0,0,0,40,0,0,43,0,0,0,0,0,0,0,0,0,0,47,0,0,0,0,0,0,0,13,45,31,0,0,0,108,18,0,235,0,101,35,0,0,0,0,38,0,142,0,0,104,115,0,0,0,0,75,0,30,0,0,0,0,0,0,285,0,50,0,0,69,61,52,0,22,0,72,16,0,0,39,123,154,0,0,29,125,0,76,0,37,0,142,0,0,168,55,0,0,0,0,0,0,78,220,0,0,125,0,269,63,0,97,0,0,0,0,0,0,43,37,0,0,0,0,0,0,0,240,0,0,0,0,0,46,0,0,0,0,0,0,0,0,0,33,0,0,134,0,0,0,93,0,0,34,0,0,62,0,51,0,0,26,0,0,0,0,0,0,0,0,0,0,0,0,0,0,0,0,0,31,0,0,0,0,0,0,0,0,0,0,28,0,0,0,0,0,0,0,0,0,0,61,0,0,0,0,0,0,0,0,0,0,0,0,0,0,0,0,138,0,0,0,0,48,0,78,0,0,0,0,0,0,0,0,51,38,0,58,0,0,89,0,0,0,0,0,0,54,0,0,33,0,0,0,29,35,0,0,0,0,0,0,0,0,0,0,0,0,57,0,0,0,0,0,0,0,0,0,0,0,0,0,0,0,382,38,0,0,0,21,0,0,0,0,0,0,0,0,0,0,0,0,0,0,0,41,0,0,0,0,0,77,0,0,0,0,0,0,0,0,0,0,0,0,0,0,0,0,0,0,0,0,83,0,0,0,0,0,0,0,45,87,0,0,0,0,0,0,0,0,0,0,0,0,0,0,108,0,0,0,0,0,0,0,0,0,0,0,38,0,0,0,0,51,37,0,0,0,0,0,0,0,0,0,0,0,0,0,41,0,37,0,0,43,0,0,0,0,0,0,0,0,0,0,0,0,0,0,0,48,0,36,119,0,0,0,72,0,0,0,0,0,0,0,0,0,119,0,0,0,41,0,0,0,0,0,0,0,35,0,0,0,0,0,0,0,21,0,0,0,0,0,0,0,40,0,0,0,0,12,0,0,0,0,81,0,0,0,0,0,102,0,66,0,0,0,0,0,32,0,328,0,48,0,64,0,0,33,36,0,52,84,133,0,0,0,0,0,0,0,0,0,0,197,0,0,22,0,0,0,0,0,0,41,0,88,0,0,0,0,0,43,0,45,0,64,0,0,0,0,0,20,0,0,59,0,0,0,0,118,35,0,0,0,0,0,0,60,74,0,0,0,48,101,0,0,0,46,39,0,0,38,0,0,0,0,0,0,76,0,0,0,0,0,0,0,0,0,0,104,26,0,0,0,58,0,0,0,27,0,93,0,0,0,0,0,38,0,0,0,0,0,7,0,88,0,29,0,0,40,0,0,0,129,0,0,0,75,0,0,0,71,0,0,0,119,0,0,0,0,73,0,0,143,37,0,0,0,0,0,0,0,117,158,0,0,0,0,0,38,0,0,60,0,0,0,0,0,113,0,0,74,0,0,127,0,0,0,0,38,0,0,0,0,18,216,69,377,0,0,0,139,0,35,0,33,37,58,0,0,0,0,0,0,31,0,0,432,55,0,0,0,0,0,0,67,0,411,0,0,0,0,23,0,0,0,0,0,0,0,0,0,0,0,0,0,66,0,0,0,0,0,0,0,0,0,0,0,90,0,0,0,0,23,0,72,0,0,0,0,0,0,0,0,0,0,0,32,0,0,0,0,0,0,0,0,0,0,0,0,0,0,32,0,0,0,0,0,0,0,0,0,0,0,0,0,0,0,0,0,108,0,0,47,35,0,0,0,0,0,0,67,21,0,0,0,0,0,0,0,0,12,54,75,0,0,0,73,0,0,0,42,41,0,0,0,0,0,0,0,0,0,0,0,0,0,56,0,33,0,0,0,63,0,0,104,0,0,0,0,0,0,0,60,0,38,0,0,0,0,0,0,0,0,0,40,0,0,64,0,0,91,0,0,0,0,0,0,119,0,0,0,118,0,0,0,0,62,0,19,77,0,0,0,0,0,133,0,0,74,0,0,0,0,0,0,0,0,0,0,0,57,0,0,70,0,0,0,0,0,0,0,0,0,0,0,34,0,0,100,0,0,0,0,0,88,0,0,0,0,0,0,0,0,0,88,0,0,93,0,0,0,0,0,0,0,55,0,0,0,61,0,0,0,0,0,0,0,0,0,29,0,0,0,0,0,0,0,57,0,0,0,47,0,0,0,240,0,0,0,0,0,0,0,0,0,0,0,0,0,0,0,0,0,0,0,0,0,27,0,38,0,0,0,79,0,0,0,0,0,0,0,61,0,80,49,0,337,0,29,0,0,54,0,0,0,0,40,0,0,0,0,0,0,0,0,0,0,42,0,32,0,0,0,0,47,0,58,0,0,0,31,0,0,0,48,225,83,129,70,0,0,0,0,0,0,46,0,26,146,43,0,47,0,79,0,0,51,0,0,0,0,29,0,0,0,0,44,68,0,0,0,0,0,0,0,40,0,0,0,90,0,0,0,0,0,108,0,0,0,0,0,0,46,35,0,42,0,0,60,0,0,40,0,96,0,0,46,70,0,0,0,49,0,0,152,0,0,49,45,0,0,0,0,0,0,0,65,0,0,63,0,44,55,0,0,34,0,0,0,0,0,0,50,0,0,96,47,0,208,0,0,0,0,56,0,0,0,0,0,0,0,0,0,0,0,42,29,19,68,0,0,0,0,0,29,0,62,0,0,154,0,0,0,100,0,41,0,0,20,17,0,0,0,0,0,33,65,0,46,127,0,114,87,0,0,0,0,52,0,0,0,34,116,0,0,0,52,98,0,65,0,0,0,0,63,84,0,69,0,0,0,55,0,0,0,0,0,0,0,0,0,0,53,0,66,0,0,142,56,0,0,0,49,0,0,0,0,0,83,79,0,0,149,0,0,0,0,0,0,0,0,0,0,0,0,0,0,76,0,0,0,0,0,0,0,0,0,0,0,0,0,525,0,0,190,0,0,0,0,0,47,53,0,121,0,0,0,80,0,0,0,0,31,0,0,0,0,0,0,0,0,53,36,0,0,0,107,0,0,0,29,171,0,0,0,0,45,0,0,59,0,0,0,0,76,0,0,78,49,24,0,0,0,0,0,0,0,0,0,103,107,0,0,0,102,0,0,0,0,0,95,0,48,0,0,15,0,0,0,0,0,0,0,0,61,39,0,0,0,0,0,49,0,0,0,44,0,0,0,250,0,0,0,60,0,0,0,0,70,108,0,0,0,51,0,0,0,0,48,0,0,0,0,0,0,0,263,0,0,0,0,0,0,0,0,31,0,0,0,0,0,36,0,0,0,0,98,0,40,0,0,0,0,0,133,0,45,0,0,0,0,0,0,0,156,70,0,0,0,0,46,0,0,40,40,0,0,0,0,92,0,57,0,74,0,0,0,54,0,72,0,0,96,0,0,0,0,314,0,0,0,0,0,0,71,0,0,0,101,0,0,40,0,33,0,40,0,126,132,0,0,322,0,169,0,210,0,17,163,0,0,42,14,0,0,0,0,118,22,0,0,0,0,0,0,36,103,85,0,0,25,0,0,0,0,0,0,0,0,0,0,39,0,0,0,0,48,0,38,67,0,0,0,0,0,0,0,101,58,0,0,0,82,0,0,0,29,0,0,0,0,0,0,84,0,0,60,28,53,91,0,0,0,0,0,0,37,0,0,0,0,0,0,0,0,0,111,0,25,0,0,47,0,31,0,0,0,123,61,0,0,0,0,0,0,0,0,0,0,0,74,0,95,52,0,0,0,0,123,0,0,0,0,0,0,0,0,55,84,0,0,0,0,0,95,0,0,0,0,62,0,0,0,0,0,0,0,0,0,0,86,0,0,0,160,0,0,96,0,80,0,0,35,0,0,0,70,0,53,0,0,0,0,27,0,0,168,0,0,0,0,33,25,113,0,0,0,0,84,215,261,0,0,0,58,50,0,71,0,0,52,0,0,63,66,0,0,15,0,0,0,0,0,72,82,0,0,38,36,127,13,0,0,0,0,0,0,0,0,44,82,0,411,55,0,62,0,0,33,29,0,0,0,147,0,0,0,75,0,0,59,0,0,87,0,0,0,40,38,32,264,0,0,60,0,37,0,81,0,66,36,0,0,62,0,75,0,0,61,0,46,53,0,0,47,0,127,101,33,0,0,0,0,0,0,79,0,0,0,48,0,0,0,0,0,0,0,22,0,0,0,58,0,0,94,45,0,75,0,0,0,125,0,0,0,0,0,0,0,0,72,0,0,47,147,0,34,0,0,0,42,0,0,0,0,77,0,0,0
73,0,0,0,51,57,124,83,0,203,31,356,32,0,26,122,355,310,67,69,62,957,0,85,108,373,0,0,33,59,0,0,108,0,56,213,234,0,169,583,151,74,0,0,215,0,85,84,640,28,185,81,250,122,47,437,34,0,0,44,0,85,207,294,0,70,188,53,39,0,338,0,43,28,0,279,132,0,502,25,109,31,43,129,162,39,72,0,69,50,569,89,43,213,216,60,0,0,141,46,0,0,63,99,0,0,0,52,129,142,156,92,90,386,299,78,68,61,77,29,312,0,1018,0,0,130,0,0,102,62,123,0,823,52,51,217,695,105,94,81,114,104,211,593,0,0,0,58,107,161,0,0,0,0,214,53,0,158,35,102,426,211,0,238,64,108,29,68,451,143,191,530,0,104,0,58,0,71,695,104,0,367,0,46,32,0,0,574,320,17,0,0,138,153,180,0,122,50,0,75,0,273,173,32,207,38,60,31,34,205,162,99,44,0,81,110,112,118,0,39,157,280,135,33,794,0,0,83,459,0,187,0,28,0,32,0,52,158,369,0,29,139,163,96,175,0,98,0,20,0,176,65,817,73,250,63,125,0,58,46,387,161,60,58,78,0,0,677,99,272,51,0,339,682,61,196,105,38,537,390,160,0,113,86,131,70,71,132,2882,36,64,0,554,48,71,110,28,67,127,53,71,0,171,76,0,455,632,139,46,273,231,1231,125,0,0,51,173,424,267,64,123,98,27,111,187,288,115,212,0,0,1019,0,119,162,227,106,23,0,65,82,50,243,0,94,273,104,32,42,274,1689,45,231,59,468,924,56,158,139,820,364,231,142,276,48,254,590,384,426,55,91,294,69,85,129,200,454,237,23,0,499,162,49,67,42,57,789,143,129,235,0,80,50,630,84,198,91,460,137,206,121,30,51,437,38,91,218,49,113,136,38,259,0,78,79,0,45,219,0,491,483,0,349,217,77,119,272,200,126,221,0,0,47,150,57,239,0,81,195,45,354,53,63,300,318,520,230,283,78,70,65,0,0,110,0,226,0,129,160,9,47,248,113,191,300,79,69,77,166,71,0,85,99,311,264,0,59,475,510,421,332,77,42,363,290,260,0,0,81,281,374,308,191,84,320,0,182,460,202,193,105,0,411,0,1084,197,175,185,206,131,0,244,0,0,99,66,0,531,64,130,284,301,120,243,735,223,32,36,132,765,76,115,0,0,0,269,186,0,0,0,325,89,350,882,81,60,0,181,87,87,742,129,252,73,47,180,114,0,0,217,86,543,925,0,115,113,880,144,53,0,113,354,439,98,39,78,0,0,188,0,70,444,257,92,43,1054,0,284,1112,53,59,81,1341,0,277,35,70,0,116,49,64,43,0,84,163,76,391,38,107,197,167,34,60,241,536,143,0,158,128,0,185,31,54,0,63,83,24,142,29,0,336,239,0,51,43,22,87,104,199,63,0,38,0,289,0,0,273,0,268,67,233,329,61,0,92,1356,0,155,53,122,264,173,142,128,38,28,81,66,77,73,172,145,80,324,62,245,61,97,142,418,46,60,73,159,66,289,34,99,106,151,0,154,52,162,0,93,52,167,56,251,51,42,106,0,154,192,73,67,144,170,147,63,380,451,0,0,0,0,118,406,55,294,204,201,1647,409,581,258,86,0,0,214,265,74,84,123,25,0,24,314,224,424,128,1593,199,0,132,0,0,96,0,68,54,73,60,227,0,0,95,0,67,63,177,68,118,0,217,0,65,37,235,228,290,56,0,70,175,95,78,0,111,361,56,150,46,0,0,211,92,139,997,0,0,93,69,0,85,0,150,61,72,110,79,127,53,480,147,126,97,78,46,96,34,618,218,0,415,55,25,103,122,483,51,748,0,44,83,82,100,28,325,379,0,50,45,22,0,143,103,64,0,0,84,447,0,246,86,0,131,0,57,383,63,53,27,0,0,313,148,83,511,36,122,0,521,0,111,77,0,72,32,0,132,53,52,152,397,50,0,0,79,41,84,144,59,111,163,0,146,0,72,136,529,100,176,410,308,251,38,55,82,152,733,0,81,0,49,0,463,462,451,193,67,125,74,73,711,296,136,327,0,249,283,120,67,38,121,190,44,71,96,62,68,50,0,137,55,109,259,173,52,34,199,48,230,28,323,44,49,96,57,229,0,142,217,72,0,79,57,301,33,71,99,76,110,282,179,0,174,141,884,80,0,0,325,174,51,18,674,83,0,73,500,47,0,143,125,699,106,806,43,1604,176,98,161,133,0,82,23,0,145,74,55,270,0,46,207,61,125,337,430,51,174,0,124,40,541,804,308,174,99,42,72,135,99,66,0,418,287,60,0,48,130,77,55,104,270,0,205,1189,130,213,59,200,165,127,103,297,448,171,41,166,0,117,104,929,0,85,215,352,338,0,670,141,191,208,413,1161,504,364,53,306,201,86,222,0,73,105,115,0,57,0,284,0,170,465,46,37,67,173,86,105,231,56,191,220,81,96,56,0,50,131,60,231,0,99,153,206,95,0,116,152,420,94,452,0,207,840,96,0,913,145,286,286,88,125,0,53,78,0,290,0,22,197,899,35,64,47,225,269,0,120,40,70,67,82,0,118,658,273,169,124,160,288,154,194,37,112,84,291,73,58,83,392,524,397,154,143,0,445,84,262,0,107,162,374,58,228,586,107,0,135,74,0,36,165,160,964,83,71,151,71,1191,258,0,542,82,37,95,41,58,0,62,56,84,161,45,115,262,91,0,844,40,59,108,263,134,73,165,93,110,120,35,95,71,0,68,0,65,0,241,0,0,41,284,39,109,94,44,0,117,67,237,27,74,158,44,96,0,161,30,51,0,156,0,151,0,145,0,36,205,35,66,237,0,156,36,0,90,65,278,370,418,37,60,0,0,301,151,59,0,256,191,67,0,101,78,0,108,124,0,213,147,74,153,0,0,111,116,45,118,69,667,98,0,85,131,62,116,290,47,92,70,81,0,206,0,61,621,365,92,409,96,0,2330,65,188,0,103,117,71,608,0,149,150,37,176,44,203,129,0,0,60,152,44,54,473,38,56,65,285,68,143,41,158,87,83,53,87,83,96,61,77,109,346,69,0,68,3054,482,49,249,61,75,103,489,94,0,95,0,398,113,57,131,47,0,383,48,224,144,581,0,503,321,0,343,78,28,95,0,28,329,131,0,171,100,296,121,319,0,266,0,157,165,30,56,181,187,102,201,74,33,123,195,135,154,33,144,217,0,505,237,160,113,341,76,79,329,86,0,677,0,0,293,0,72,0,564,49,140,402,78,119,78,106,151,194,0,111,0,423,85,51,56,160,65,127,69,83,41,240,0,333,92,254,181,62,107,37,0,422,79,60,0,659,323,205,136,63,120,101,0,52,283,45,184,535,0,0,0,192,59,47,46,83,0,97,0,0,101,593,136,21,69,222,93,266,36,116,191,0,69,446,0,42,46,62,139,0,203,80,0,0,80,0,0,127,61,84,0,595,262,59,36,302,345,108,77,373,137,77,0,51,128,383,0,425,0,121,91,133,42,0,172,588,174,67,58,2126,23,0,348,148,58,145,103,398,50,96,113,118,239,56,0,235,0,0,717,0,139,63,58,65,207,0,48,47,115,0,514,84,109,0,84,58,196,0,81,410,348,101,61,65,95,152,80,0,498,178,70,83,55,87,381,53,132,112,52,87,123,0,265,537,133,93,100,75,235,48,0,181,214,47,186,441,73,495,341,108,165,104,145,609,36,35,107,178,280,0,210,31,0,43,1150,147,71,80,46,584,140,175,99,323,50,220,48,665,0,0,0,822,131,1138,224,135,82,68,165,222,58,248,54,257,127,166,79,178,273,0,42,39,83,0,81,0,126,466,0,0,468,79,0,0,375,274,63,115,359,188,67,44,0,37,66,209,94,126,1041,246,123,289,0,0,179,53,129,628,0,55,86,0,61,280,67,52,77,605,53,304,0,95,79,45,383,392,444,333,60,15,253,176,708,28,76,0,257,82,288,155,172,107,60,82,41,72,36,52,0,132,0,124,791,43,113,0,0,0,87,39,198,0,842,0,196,105,0,0,129,183,0,496,259,82,262,55,0,185,205,301,0,263,165,103,27,0,121,191,67,85,220,28,0,714,34,147,0,201,273,446,361,104,230,219,161,0,109,0,193,515,256,117,397,73,66,91,51,81,0,0,60,100,0,294,68,181,133,70,166,95,262,153,54,22,0,108,0,136,159,801,66,90,84,48,0,742,141,186,156,459,0,472,213,0,77,141,552,196,279,32,680,138,157,0,99,0,201,239,257,63,78,32,238,152,140,220,509,272,50,0,101,192,0,0,116,172,66,0,113,72,176,844,72,243,232,31,29,783,95,69,1668,140,0,36,60,57,72,0,805,233,427,0,87,53,124,0,67,256,134,244,217,231,265,165,204,211,1039,369,290,30,0,116,217,498,170,120,214,641,0,0,623,134,439,99,226,451,204,78,0,75,121,399,337,384,124,61,0,120,87,0,52,74,0,57,352,0,520,0,112,433,0,48,33,0,105,246,71,101,299,130,321,147,0,86,577,66,35,28,62,424,733,50,189,57,122,0,0,187,111,398,295,205,98,186,275,39,51,0,77,176,91,710,50,108,49,305,277,139,167,0,0,430,0,361,0,539,44,87,0,82,40,35,47,317,46,40,86,669,110,179,51,1090,45,79,0,0,0,0,545,94,170,218,1205,33,0,115,33,119,301,81,130,136,109,204,36,66,90,0,239,728,61,191,56,62,111,192,107,288,152,386,127,40,811,137,207,116,182,135,97,57,53,65,72,44,150,107,153,131,188,147,0,95,38,277,554,90,0,160,28,130,244,180,125,327,0,55,150,0,128,165,266,478,292,571,241,0,0,40,51,91,135,61,51,197,385,718,104,400,311,148,244,70,191,0,93,72,108,106,0,75,150,0,541,353,0,223,173,88,105,0,0,95,61,527,186,750,94,148,133,75,515,314,0,389,110,106,61,113,315,83,190,171,0,118,126,30,187,411,64,500,280,37,143,230,72,85,81,213,209,0,277,72,0,487,317,160,39,258,0,36,742,0,246,125,70,143,122,182,188,63,66,82,67,96,48,196,385,40,154,0,67,810,83,125,625,150,95,0,45,173,0,58,53,117,176,142,476,269,176,24,50,135,139,216,125,106,50,46,129,199,95,0,218,90,64,476,37,0,142,290,0,269,138,276,35,76,283,104,61,0,0,55,395,0,166,261,104,388,1053,48,0,0,85,341,0,410,226,204,345,134,261,193,201,225,0,193,128,45,151,150,491,352,277,275,62,0,118,178,48,36,87,247,63,0,129,259,104,927,93,32,95,147,77,283,289,70,406,149,280,0,51,0,207,34,310,1431,366,85,540,51,0,164,104,245,165,53,0,30,315,137,245,176,54,541,146,26,0,0,81,32,204,77,0,37,217,71,182,2091,49,43,909,106,130,70,393,80,905,201,33,356,344,0,53,217,34,34,188,86,636,87,130,111,70,183,68,0,15,1046,116,56,0,0,513,53,225,221,464,369,0,33,177,150,195,0,0,486,0,139,172,67,227,252,427,354,106,404,50,59,70,91,39,123,73,219,20,1370,563,73,41,0,165,199,66,282,157,190,356,469,423,69,119,89,0,144,77,173,83,65,0,68,242,226,62,54,876,49,0,260,80,0,68,466,0,157,148,399,29,123,20,149,240,172,0,42,215,607,217,49,103,261,78,195,32,127,356,58,230,326,85,159,0,129,379,75,18,74,0,74,51,114,184,115,74,99,103,18,289,144,124,219,73,96,425,47,82,233,120,131,220,124,808,450,236,160,314,83,90,182,72,200,518,149,0,0,596,97,240,199,61,174,206,125,88,56,111,662,335,776,0,251,126,354,182,626,0,142,106,58,321,268,77,107,62,799,113,215,38,88,88,45,358,25,70,89,1097,0,77,515,154,111,60,582,37,275,538,95,128,2312,141,1532,157,446,43,73,598,117,185,261,282,209,229,44,59,159,204,31,208,112,78,214,0,332,427,255,29,266,188,53,320,0,68,112,172,88,71,119,432,633,71,157,0,0,152,34,186,474,94,206,566,47,79,47,145,410,202,42,0,146,309,48,73,111,96,79,0,222,317,0,74,586,59,152,433,333,334,398,130,0,94,0,0,0,384,0,126,156,0,177,246,47,46,0,472,80,316,331,232,142,116,253,274,0,39,1166,226,273,47,231,56,20,227,53,0,152,142,656,392,139,507,276,531,0,172,38,175,72,0,64,0,121,126,94,146,582,297,78,225,60,0,90,200,0,0,133,52,1521,178,142,51,59,121,77,249,172,144,93,219,73,133,309,883,0,78,964,191,301,120,111,213,23,0,50,320,0,258,0,180,92,242,80,0,88,279,93,73,106,161,150,153,241,0,134,0,135,307,951,2620,99,289,73,296,203,0,447,0,295,66,115,73,556,289,351,380,139,36,0,148,118,0,185,235,0,208,260,78,446,51,131,125,113,88,88,49,122,119,142,439,28,2018,253,0,418,20,0,63,189,28,164,126,938,0,35,138,377,51,31,201,40,0,155,29,194,0,206,356,74,773,185,17,803,117,185,44,364,0,318,110,65,46,388,60,383,55,90,148,56,326,244,94,107,586,129,647,388,169,64,143,97,82,29,453,333,0,0,95,144,91,110,0,74,113,59,43,112,171,114,0,241,35,0,546,198,86,399,107,129,0,946,64,0,0,0,0,0,0,104,551,0,163,309,510,40,157,57,39,46,271,154,103,0,289,716,106,71,99
74,0,0,30,70,70,114,92,0,99,0,264,76,59,42,202,323,361,0,53,16,318,93,110,209,146,0,0,175,0,0,0,83,0,69,223,169,0,82,169,167,67,72,0,214,0,67,55,339,0,268,97,96,95,33,385,0,46,0,48,0,228,107,253,0,56,228,44,73,55,336,0,152,57,0,370,267,0,488,60,399,0,65,455,457,148,73,29,78,85,416,98,85,124,154,0,34,0,0,86,0,57,52,328,66,0,82,0,130,96,488,22,79,133,245,60,72,127,41,0,509,0,302,29,73,41,0,67,238,38,187,0,286,0,194,184,323,103,73,84,222,67,133,346,0,0,60,120,78,265,0,37,220,83,217,174,20,150,37,355,249,90,28,151,60,190,108,0,179,368,348,213,70,61,0,142,0,53,263,81,92,315,0,68,101,104,78,449,340,0,0,0,240,99,202,0,162,0,0,107,0,115,267,57,724,0,46,0,77,148,252,232,75,82,47,161,73,194,27,65,233,413,34,0,280,0,0,178,468,0,149,0,0,35,0,0,48,70,326,102,34,316,65,57,82,0,267,0,113,0,0,152,301,110,277,132,52,0,69,176,444,241,102,62,39,27,43,492,258,630,25,65,308,343,100,99,86,0,993,266,93,0,63,288,68,81,0,491,3145,123,84,75,334,35,22,33,0,78,192,51,54,50,66,36,0,378,183,298,0,114,77,740,74,0,0,75,78,167,67,38,86,34,23,35,195,100,77,280,0,50,609,0,85,0,132,113,0,0,0,106,0,74,25,89,208,45,0,0,94,1397,418,129,40,176,494,19,69,80,194,196,74,96,92,0,150,290,879,227,84,0,100,97,45,0,101,167,169,0,0,417,0,53,86,46,87,798,131,105,69,0,0,0,701,0,112,62,516,58,187,229,0,0,348,0,0,163,49,40,135,34,97,0,84,0,0,0,175,96,123,314,36,105,140,53,101,115,60,0,166,47,0,53,78,0,226,35,0,106,0,199,0,0,488,170,101,141,357,131,27,72,31,0,263,0,92,0,69,131,0,40,277,0,259,179,0,50,0,92,0,64,23,50,345,168,108,73,182,252,144,168,302,54,67,147,44,0,0,106,138,509,238,97,0,245,53,65,230,172,248,53,0,136,41,499,0,80,369,99,79,0,62,53,27,0,33,0,245,59,81,175,137,76,319,336,86,0,68,80,303,0,95,0,0,35,129,173,0,0,0,123,0,131,395,0,0,0,88,0,77,252,261,143,0,145,0,51,51,89,0,60,198,396,0,34,67,161,0,0,0,0,119,423,42,0,26,42,14,272,30,102,177,74,190,0,527,0,350,408,77,0,58,484,0,115,0,0,0,167,0,80,0,22,0,86,33,163,40,89,68,0,0,38,258,482,142,0,81,153,0,126,0,28,0,0,78,30,48,17,0,359,142,0,0,0,0,0,0,142,0,0,0,0,175,0,38,77,0,107,58,258,212,59,0,60,830,0,95,28,76,104,103,91,50,0,31,84,33,0,54,71,130,47,179,0,283,0,51,92,189,0,23,0,116,39,152,45,45,49,54,0,206,0,101,0,0,0,170,0,182,0,22,115,0,102,131,37,21,45,125,161,0,202,319,0,0,0,0,61,210,50,137,170,220,1024,305,283,198,0,0,0,98,123,38,42,125,0,0,0,115,128,220,57,649,145,0,121,0,0,76,0,0,0,0,51,93,0,0,0,0,0,0,73,27,62,0,77,0,38,0,186,219,245,65,0,0,164,0,51,0,75,144,69,117,0,0,0,127,104,23,424,0,0,51,0,0,0,0,133,0,41,36,50,91,32,169,79,82,34,59,0,71,32,200,177,0,262,46,0,64,64,195,0,348,31,0,0,85,39,0,203,81,0,28,81,0,0,197,44,29,0,0,90,492,0,129,93,0,118,81,0,190,0,103,28,25,0,260,270,52,241,40,81,0,237,0,91,60,0,39,0,0,74,0,45,169,253,0,44,0,51,0,52,94,0,74,56,0,101,0,43,81,233,45,0,233,94,49,0,0,39,121,194,0,0,0,36,67,202,269,255,155,41,81,61,50,593,67,57,121,0,154,148,90,0,0,91,105,0,69,79,0,39,43,0,0,52,92,67,110,0,0,93,28,114,0,76,0,31,0,0,90,0,47,209,54,0,55,46,271,0,81,18,29,96,140,68,0,156,34,336,44,45,0,252,110,0,0,313,54,0,42,245,0,0,73,87,577,0,762,0,585,232,53,0,42,0,0,0,0,86,38,53,197,0,0,209,0,71,582,58,62,52,0,114,37,285,656,195,60,52,0,40,87,0,51,0,310,59,40,0,0,156,0,43,70,185,0,130,847,92,60,0,111,134,81,0,117,111,73,0,0,0,137,28,314,0,85,109,67,122,0,405,49,0,131,326,217,159,216,0,252,141,0,260,0,0,50,70,0,33,0,59,0,76,552,0,0,0,63,31,79,204,66,113,0,43,59,35,0,0,36,65,216,0,0,0,56,0,0,43,88,194,122,92,0,50,553,56,0,272,0,86,330,32,37,0,0,49,62,246,0,0,189,177,0,0,0,130,163,0,85,0,55,0,0,51,86,254,41,44,56,0,194,185,162,0,83,0,215,83,0,72,147,290,224,129,87,22,379,0,103,0,0,0,261,0,77,139,63,38,36,0,0,0,95,81,440,37,0,253,0,323,76,0,146,64,0,72,0,0,0,40,46,95,257,0,30,115,0,0,470,0,0,65,192,0,51,62,0,66,36,0,0,95,29,0,77,0,0,140,0,0,0,137,102,0,89,0,23,0,0,124,0,37,40,0,45,0,102,0,0,0,48,0,99,0,201,0,0,44,0,0,93,57,53,0,0,69,0,203,320,340,0,35,0,0,265,84,56,30,179,0,0,0,48,66,0,38,49,0,77,61,33,64,0,0,0,69,47,115,0,320,39,0,0,100,41,94,102,160,0,0,173,0,90,49,0,166,175,59,262,0,0,2925,0,146,0,71,65,0,536,0,0,118,28,94,0,189,89,22,0,39,36,0,0,59,0,0,0,87,0,64,0,138,173,0,37,0,24,52,44,0,40,248,0,0,55,892,160,37,398,25,72,59,103,0,0,48,0,145,70,0,59,82,0,410,0,131,0,455,0,285,222,0,193,36,0,0,0,0,359,65,52,140,0,97,0,316,18,96,0,65,259,0,20,123,120,0,136,69,0,72,28,82,69,52,100,85,26,87,154,59,87,243,64,0,224,52,0,306,0,0,86,0,63,0,89,14,85,307,99,44,0,255,0,98,70,129,0,248,76,28,35,138,129,68,66,33,90,132,0,102,180,79,250,57,58,0,0,95,28,71,0,236,314,62,47,52,62,0,0,60,157,64,51,247,0,0,96,106,45,47,92,0,0,61,0,0,0,116,54,0,107,79,0,263,27,60,80,0,0,154,0,0,0,118,0,0,147,48,47,0,36,0,0,179,0,141,0,193,98,0,37,409,300,0,0,268,152,33,0,39,148,20,0,484,0,34,79,112,0,67,73,403,0,0,70,180,0,0,219,154,0,53,201,229,0,88,78,41,0,0,0,243,0,0,589,0,81,63,39,90,39,54,0,0,199,0,163,0,0,0,0,0,69,0,41,488,413,0,0,46,134,0,0,0,45,73,86,0,0,32,96,0,0,77,0,0,147,0,81,158,99,117,137,76,138,0,0,125,128,143,91,38,48,68,360,73,36,0,66,163,68,0,51,0,162,0,0,0,0,0,142,132,0,0,46,188,53,59,0,64,0,196,0,137,0,0,0,298,0,366,72,112,84,0,221,325,0,228,49,308,0,200,79,36,129,0,0,0,0,59,56,0,59,468,0,0,546,20,0,53,83,180,0,0,222,141,70,0,0,82,0,101,110,297,736,100,160,49,0,61,107,35,81,66,0,0,25,0,0,314,0,19,43,154,0,104,37,51,27,0,193,205,62,33,49,49,668,87,949,32,0,0,0,0,86,0,32,147,161,0,0,0,0,0,0,107,46,0,551,147,37,0,0,0,0,0,137,0,897,0,45,82,0,81,116,63,0,473,44,0,36,48,0,76,88,89,18,63,40,77,52,0,64,91,49,0,182,0,0,388,0,61,0,86,89,192,178,0,77,41,0,0,0,29,109,0,38,126,145,0,75,47,0,76,0,0,88,0,0,103,96,136,104,219,62,106,70,75,57,0,0,133,0,67,0,130,61,66,79,30,50,336,0,51,80,192,0,353,51,0,0,54,139,184,91,0,65,57,94,0,74,0,66,87,223,0,0,0,212,170,114,112,213,119,0,0,77,136,0,0,131,138,0,0,0,27,103,265,60,63,55,0,0,510,39,0,453,60,29,0,0,99,90,0,171,83,332,0,36,42,33,0,0,268,32,115,263,73,0,130,94,101,420,171,108,0,56,0,234,178,152,57,63,285,0,0,195,0,123,0,379,158,74,51,0,0,140,301,276,238,115,39,0,79,0,0,0,117,0,0,99,0,175,0,94,204,0,16,0,0,65,57,43,0,265,72,136,145,0,65,361,66,0,0,14,95,255,0,0,0,0,47,0,203,116,348,258,119,140,182,136,33,0,0,0,83,144,138,35,57,38,99,248,0,141,0,0,119,0,43,0,95,0,23,0,140,0,0,58,201,0,0,66,164,59,33,0,492,0,0,0,0,0,0,193,66,33,271,645,0,0,110,18,0,121,0,73,43,0,75,0,139,0,0,151,205,0,46,52,31,0,38,0,238,69,222,36,0,236,68,120,61,70,67,49,48,0,0,0,0,0,43,64,73,0,159,0,0,0,66,142,0,0,31,0,52,92,0,74,59,0,0,55,0,0,0,0,188,362,299,116,0,0,0,0,67,50,49,0,0,157,107,0,193,63,84,38,0,43,0,80,0,59,0,0,0,87,0,381,184,0,0,103,0,0,0,30,86,0,106,70,454,87,104,0,0,213,94,0,194,65,59,76,0,146,47,68,0,0,0,39,0,60,174,51,289,90,0,55,0,0,41,0,128,35,0,179,32,0,45,0,59,0,140,0,0,814,0,0,0,0,40,0,0,122,0,0,0,35,0,0,0,158,0,92,0,0,144,59,77,37,64,0,0,0,57,0,35,0,40,55,101,330,24,66,0,0,75,0,72,62,145,0,0,75,82,29,0,193,63,50,138,0,0,66,142,0,0,27,228,22,0,59,30,0,0,0,0,168,0,0,112,0,194,291,0,0,0,0,117,0,214,122,0,240,89,70,103,55,162,0,84,0,0,57,72,0,63,110,182,0,0,76,85,0,0,0,0,0,0,0,99,53,168,36,0,23,0,30,131,190,0,109,63,118,0,0,0,35,0,175,285,223,0,0,0,0,105,0,115,50,0,0,0,38,97,89,61,0,49,0,0,0,0,62,0,88,53,0,0,0,0,31,563,0,0,595,79,80,0,145,0,173,77,0,123,47,0,0,188,0,0,123,0,287,60,71,0,0,40,0,0,0,580,84,0,0,0,336,0,68,135,0,150,0,0,0,107,42,0,0,244,0,34,23,37,205,49,185,172,101,400,41,0,0,51,0,68,0,124,0,879,83,0,0,0,111,58,0,66,93,0,288,127,101,0,59,46,37,14,56,79,0,0,0,48,98,124,61,20,251,0,0,53,0,0,37,132,0,53,78,352,43,43,0,105,45,70,0,0,112,755,43,0,0,51,0,20,0,80,149,0,55,0,0,0,0,83,346,0,0,0,0,52,0,49,106,134,25,0,85,0,0,181,52,167,45,0,113,0,49,86,0,65,39,71,436,104,155,0,53,36,0,83,43,110,605,147,0,0,254,71,99,88,0,30,132,66,94,0,0,372,49,441,25,142,78,67,171,261,0,133,61,0,168,0,39,0,0,574,77,104,0,0,0,0,227,0,0,0,569,0,39,144,141,88,0,178,0,95,414,55,93,373,0,325,97,579,0,43,253,0,156,108,132,0,61,0,0,178,67,0,108,62,38,106,0,108,68,163,0,70,71,0,171,0,0,42,0,61,39,0,0,218,41,32,0,0,104,0,113,270,0,35,0,0,0,0,57,212,157,0,0,42,171,0,59,50,174,0,0,52,176,0,38,328,95,77,0,126,203,190,48,0,61,0,0,0,189,0,0,64,0,110,103,0,57,19,286,0,113,73,115,67,91,66,129,0,0,464,54,123,50,70,0,0,53,0,0,58,61,152,75,0,28,41,254,17,0,0,87,0,0,0,0,0,50,0,31,267,91,27,0,25,0,112,60,0,0,45,0,346,0,66,0,0,39,64,81,71,115,0,51,48,92,166,69,43,0,275,92,131,50,53,64,0,0,0,208,0,0,0,79,46,141,0,0,43,116,0,0,32,0,105,0,67,0,0,0,67,111,515,1092,0,52,79,82,256,28,89,0,89,106,104,0,63,125,87,87,54,0,0,59,0,0,106,150,0,0,86,99,365,20,156,55,70,0,42,0,33,61,110,130,17,572,117,0,302,0,0,97,94,0,92,39,315,0,0,51,85,0,0,98,43,0,63,0,105,0,127,93,51,717,148,0,244,37,199,55,75,0,38,140,26,0,136,0,261,31,0,170,0,118,205,0,0,153,40,156,83,0,40,0,73,0,0,85,97,0,0,37,110,44,0,0,38,31,0,0,65,107,0,0,0,0,0,303,62,0,67,0,67,0,698,19,0,0,0,0,0,0,139,170,0,41,109,111,0,178,0,0,0,54,65,61,0,167,348,0,0,40
75,51,136,118,275,232,433,293,32,937,133,1601,246,210,162,972,1390,1281,240,227,169,2512,300,482,678,1078,77,143,500,253,212,140,398,33,289,836,1103,73,559,1986,780,294,262,136,1832,64,293,304,3211,126,1252,255,772,835,203,1849,174,164,41,175,82,844,726,1732,195,317,648,228,213,198,2277,50,430,239,76,1754,1019,158,1925,305,1264,145,213,1195,1743,503,289,112,438,375,2223,474,347,714,999,269,347,48,460,377,39,249,185,1234,233,211,336,212,919,386,1433,341,456,1101,765,312,279,808,303,109,1638,164,2359,290,210,381,272,231,732,253,798,160,2109,211,807,669,1608,493,367,362,916,502,945,1244,0,139,311,327,433,722,91,279,731,319,959,662,120,802,228,1615,1651,546,130,780,454,680,354,119,1101,1346,852,1522,232,483,165,517,283,350,1517,450,317,1934,118,331,358,339,422,3058,1471,69,85,108,746,469,1168,152,561,196,221,909,139,671,1026,236,2520,180,291,210,298,871,928,963,211,431,329,929,250,386,151,242,692,1031,352,145,2065,109,154,605,1729,109,551,206,109,219,189,83,289,537,1816,408,151,918,399,457,456,49,769,140,304,72,480,440,2070,343,726,373,442,66,250,509,1545,878,677,190,269,95,144,2449,874,2379,254,208,1188,2457,388,717,505,187,4677,2173,687,81,577,1096,591,266,371,2156,10046,544,552,376,1938,224,176,522,148,489,720,442,334,195,665,186,172,2605,1650,791,222,649,561,3142,765,88,94,356,514,1439,396,343,274,238,146,245,1598,546,276,1080,108,207,2699,40,628,640,666,647,152,154,184,403,186,603,189,552,919,221,157,139,626,4825,1231,645,222,1398,3972,157,445,697,2596,1477,443,372,779,177,614,1787,2049,1534,536,247,1153,304,521,254,589,1379,1265,59,70,1472,523,283,334,378,304,5050,421,756,732,134,211,184,4657,228,508,261,2932,431,898,1007,103,265,1039,109,244,624,353,334,421,240,928,97,633,181,0,182,1528,673,1788,1416,135,1068,442,267,779,689,706,379,1399,174,114,151,404,180,1020,111,212,450,334,1643,128,191,1882,925,976,944,1725,505,307,273,164,55,1089,105,653,213,408,355,127,216,1471,219,996,1265,233,240,223,439,134,238,230,263,1991,683,382,513,1499,2874,1064,876,726,268,1290,950,891,94,93,581,1003,1359,1223,498,205,1490,317,491,1145,966,1197,336,57,942,257,3588,586,804,1581,880,418,121,447,320,156,292,270,129,1255,391,629,793,776,359,1518,1726,751,150,513,525,1754,189,301,145,91,89,926,497,196,73,41,1073,290,726,2004,157,305,105,588,268,462,1639,809,630,192,390,394,351,148,302,507,456,1223,3220,0,493,425,1997,379,167,72,427,1290,1082,205,92,185,189,85,1328,125,362,1275,1547,760,190,2693,108,1436,2971,463,163,328,3532,56,481,174,169,102,1101,229,445,98,231,506,606,378,930,354,962,367,366,51,209,1280,1614,756,107,425,606,109,456,192,266,35,192,371,213,465,270,44,722,875,178,157,232,183,360,334,351,232,28,116,129,933,38,126,1520,98,449,260,849,1201,236,80,426,2822,0,630,296,484,759,715,282,309,100,266,978,325,409,241,323,1325,271,630,130,1601,286,370,317,2234,170,160,234,581,542,1165,173,430,153,1013,53,954,264,299,80,334,277,1169,229,2617,105,186,497,79,498,782,211,267,723,944,452,226,1278,1313,96,132,119,132,276,1081,458,1304,543,368,6101,1708,1329,801,518,64,57,904,424,167,297,763,82,79,242,1417,475,636,353,4612,623,0,661,144,67,652,61,277,460,314,130,1065,118,106,280,48,249,212,424,167,485,66,558,46,416,112,927,1167,503,275,149,100,1493,337,131,266,377,771,282,524,148,113,90,842,634,602,1881,51,63,338,142,69,339,43,258,342,372,645,330,300,299,1660,359,1144,360,773,99,373,167,1167,1593,265,1384,211,195,233,394,827,152,1247,344,171,294,556,314,127,1243,1240,115,241,388,166,101,633,422,164,57,0,176,1829,130,941,445,47,680,434,276,679,126,736,181,73,94,2519,1184,461,1797,282,319,134,1097,205,510,229,57,137,127,124,227,133,271,1140,836,206,170,0,261,229,537,663,165,474,610,61,632,96,258,269,1024,174,704,770,510,1404,286,249,280,442,1565,0,308,48,249,191,865,1131,1575,983,267,502,157,192,2422,736,469,522,92,482,1041,544,236,153,577,263,157,230,484,271,243,199,111,252,273,396,708,654,119,210,502,148,867,94,927,85,306,313,339,672,88,360,665,259,122,364,220,2535,161,153,325,345,435,1306,503,173,477,469,1653,284,208,104,1455,733,266,70,2198,326,29,390,1389,81,124,442,592,2380,277,2244,159,6086,407,263,333,163,116,200,95,41,576,352,282,924,148,114,1149,420,449,1490,735,243,406,52,560,213,714,3529,1375,386,502,101,265,447,260,329,47,1939,782,302,105,96,446,294,249,270,1259,51,777,3499,431,855,323,705,550,292,181,941,844,670,165,238,0,391,355,2082,35,570,618,918,766,0,2097,539,464,701,2104,3837,580,1293,158,754,556,279,1154,133,202,204,369,88,254,46,687,39,232,3041,147,171,187,330,350,399,890,217,618,410,268,257,300,83,170,518,206,859,96,221,414,482,145,24,463,295,898,490,1900,161,591,3528,424,61,1486,337,506,1210,305,344,45,277,553,375,1180,0,126,930,3116,122,217,122,555,777,105,401,108,186,133,260,130,231,1573,606,266,408,568,978,679,883,0,400,312,1554,321,202,304,1048,1484,1054,339,721,130,1640,311,437,132,281,512,1241,118,678,1537,887,113,219,180,39,133,222,1264,2570,313,249,546,152,1903,779,0,1409,394,178,344,130,189,85,314,315,365,970,102,370,899,207,61,3389,175,199,512,878,269,481,449,233,602,382,93,231,332,200,132,285,98,78,1447,52,55,330,914,562,369,364,99,67,581,229,733,171,460,491,154,307,44,536,80,138,140,363,187,412,67,497,104,75,679,103,283,424,215,558,110,75,227,154,587,1565,1111,80,222,63,203,980,341,238,189,399,382,145,131,645,323,101,282,415,81,721,380,300,454,0,79,327,295,111,499,132,1497,272,87,153,481,452,292,1278,1298,242,158,980,104,532,210,124,1257,909,239,792,241,61,7447,209,956,55,322,342,235,1798,82,416,599,243,500,155,990,506,127,94,168,487,102,217,896,152,208,113,676,220,646,107,624,755,257,131,163,211,271,174,171,318,1142,174,0,219,8321,2164,198,981,230,335,727,1301,245,192,321,146,1335,255,186,316,501,88,1786,213,740,479,2009,74,2028,849,63,1071,157,63,234,140,96,1105,421,242,463,520,1100,273,1496,139,1290,128,314,700,49,256,689,450,309,620,394,127,276,543,587,1108,215,607,597,194,2051,814,307,372,983,358,241,1129,197,110,1583,38,160,748,0,187,143,1302,125,417,902,333,484,195,1050,305,581,659,589,0,918,1083,122,160,368,310,366,264,199,247,726,84,965,391,578,816,296,333,167,193,776,259,280,140,1730,1470,730,328,166,504,333,71,249,856,197,549,1335,142,0,265,671,119,210,298,210,101,266,77,56,311,1326,481,63,173,570,265,752,134,294,523,226,154,1041,47,82,129,427,443,112,515,352,245,63,158,0,108,637,150,593,0,1175,601,228,97,877,1052,175,246,941,438,419,49,222,285,1535,30,1583,135,212,448,450,83,179,430,1144,396,275,500,4125,66,0,799,358,124,310,730,879,92,340,245,187,476,90,88,674,47,253,2922,27,273,422,210,224,621,112,210,249,680,146,1125,161,190,38,168,125,377,65,255,1141,1652,320,118,200,484,316,307,94,928,440,311,183,128,206,1770,226,360,309,143,163,423,125,926,1146,419,618,295,170,676,148,83,372,362,438,534,901,139,902,1148,314,365,195,442,1101,174,93,222,409,916,97,411,68,73,101,2429,335,246,245,109,1352,500,500,275,809,143,505,132,1624,0,102,71,1715,163,3478,619,561,300,120,557,1093,265,665,176,650,232,461,339,470,704,86,425,96,366,192,307,109,611,1323,60,48,1627,187,61,145,812,645,181,272,709,447,223,120,112,195,203,440,346,1250,3047,328,564,586,45,168,376,128,352,1591,57,100,219,80,187,698,83,109,386,1518,110,996,152,159,207,136,1000,745,866,715,211,228,1545,343,2371,128,154,160,927,128,861,244,357,466,474,188,97,221,166,188,43,414,132,308,1836,439,179,93,45,64,117,200,909,54,3651,76,390,402,0,179,315,282,30,1661,778,124,511,263,162,329,320,523,75,676,337,206,291,82,279,629,275,127,401,75,55,1300,111,348,111,495,492,1408,1157,220,962,466,390,120,130,228,1058,1044,580,288,1183,140,424,352,84,184,129,179,334,242,94,410,542,412,824,1027,469,301,360,405,118,130,99,591,150,494,530,1210,208,411,440,276,233,3281,358,283,452,1140,80,1264,400,87,282,416,1818,522,355,63,1333,196,312,136,187,158,532,509,1149,103,222,64,852,463,358,1020,920,830,116,119,391,971,114,0,465,308,161,100,202,294,717,1680,189,378,543,144,82,4025,173,140,2012,242,247,26,173,520,373,76,2426,734,2114,68,429,121,212,110,112,951,290,565,628,253,562,866,459,528,2200,822,479,54,209,340,840,1185,976,285,371,2067,86,73,1068,414,1162,267,1587,648,337,165,62,213,293,1381,1102,738,1682,328,82,411,163,117,140,728,142,119,689,52,785,32,207,1567,169,116,97,66,352,428,261,259,589,227,1193,818,134,229,1589,404,185,74,155,1000,2989,76,452,116,289,255,60,729,249,860,1936,404,552,748,659,180,163,30,142,577,693,1261,105,279,99,456,866,303,933,101,95,706,70,556,69,1243,126,378,171,506,131,77,640,1272,99,135,330,2194,420,514,0,4307,83,232,82,108,41,53,1075,462,452,682,1876,190,35,367,82,160,559,294,383,234,282,636,205,488,196,147,388,1597,228,606,201,227,124,281,285,827,351,1033,369,209,2800,494,823,315,385,470,273,194,161,97,361,91,247,284,431,420,861,633,184,141,98,760,771,251,0,260,97,343,528,319,541,497,131,87,243,69,349,395,394,2424,944,2095,701,31,151,117,77,449,394,199,139,450,917,2191,290,910,514,682,901,113,430,41,205,219,202,480,122,147,292,98,2082,1324,39,304,556,155,309,0,140,252,171,931,204,1484,268,225,347,219,1626,734,32,645,490,258,417,327,1065,268,494,333,38,457,400,96,592,1034,227,1348,698,134,319,551,320,360,99,564,543,0,865,156,45,1016,646,254,179,489,168,76,3846,66,668,269,213,418,169,363,1103,181,97,312,125,343,146,263,886,52,431,108,128,1522,397,363,1031,308,270,56,217,323,115,196,102,279,627,331,912,779,503,66,84,249,422,493,328,582,104,99,390,227,407,75,1164,193,205,1406,92,0,543,750,98,871,419,492,187,183,407,277,174,85,51,155,598,110,406,1136,150,931,1423,91,195,0,114,1208,101,533,768,406,852,458,1025,401,523,1179,67,709,363,145,510,469,980,853,799,803,185,77,330,404,258,112,179,611,148,142,215,750,395,4300,417,49,373,291,186,889,1307,314,1172,244,442,216,216,64,470,83,1224,1891,640,187,904,70,55,651,136,391,311,218,0,84,444,342,491,422,146,1177,657,92,0,36,155,90,475,286,134,138,232,57,165,3746,67,84,3239,319,316,0,880,132,1004,510,55,674,378,90,99,578,66,0,644,126,1156,364,317,250,174,153,82,114,78,1664,480,0,51,92,1924,58,526,749,735,923,110,113,205,382,374,162,61,1465,44,179,229,228,1327,741,1581,622,334,1445,118,120,137,244,181,205,227,585,73,3524,885,146,152,117,565,393,147,427,245,228,919,732,484,114,402,183,279,197,110,462,137,161,33,167,794,686,323,109,1764,105,0,567,102,58,331,1026,57,257,411,860,198,173,0,477,305,268,73,77,555,3791,361,97,78,443,185,178,127,385,1462,90,334,453,204,267,158,481,1067,256,54,132,80,203,221,104,286,696,163,198,173,0,280,290,440,704,146,129,1391,52,194,504,136,350,206,324,1145,580,679,168,272,140,184,307,268,463,2408,444,47,46,1323,412,669,318,190,401,667,284,470,123,136,2705,331,1199,276,576,459,766,680,944,59,365,227,121,1010,265,383,233,96,2148,252,407,57,172,165,63,1871,0,0,183,2789,59,216,936,408,430,303,1177,96,560,686,254,310,3009,103,1655,403,718,120,242,1601,132,389,488,636,397,322,62,116,398,348,51,605,632,173,587,78,609,1022,717,126,401,353,107,753,64,62,347,148,379,210,187,979,1256,167,584,53,83,385,105,711,1573,134,315,623,74,91,0,364,662,1478,97,140,328,630,102,258,196,721,187,51,566,514,146,112,993,301,328,704,832,887,597,516,0,148,62,60,129,595,100,323,221,32,422,426,165,156,81,1173,78,576,365,406,341,399,446,503,0,76,2641,403,1804,141,450,178,64,319,130,57,240,265,1388,528,176,823,407,945,92,331,87,525,179,171,106,267,158,161,178,158,968,675,163,332,85,111,462,395,0,45,216,190,2116,220,359,63,88,204,239,376,436,326,131,452,238,390,638,1425,85,141,1446,428,573,214,271,324,133,41,151,1237,35,429,0,282,157,334,209,103,168,670,236,131,182,226,266,246,466,126,330,73,274,645,2705,3842,237,495,422,628,852,182,804,132,467,416,382,159,648,698,469,419,256,230,74,486,449,0,682,495,63,305,469,356,1571,184,665,169,986,188,162,83,293,169,424,1022,63,1937,609,61,1225,65,0,348,423,44,336,198,1708,56,88,293,747,76,48,756,129,0,446,75,434,99,481,592,481,3890,560,68,1675,237,1006,157,494,71,573,352,98,75,737,195,962,138,115,459,121,782,1070,144,153,645,231,816,1329,326,104,273,166,155,57,3395,402,68,93,364,442,163,274,75,192,158,110,329,330,463,148,40,557,104,46,1393,360,244,512,156,392,84,1409,87,87,90,56,49,49,97,367,1117,37,350,536,1114,146,519,173,57,118,374,406,119,70,471,1771,253,126,183
76,0,76,0,41,0,276,64,35,190,0,393,90,44,46,405,504,190,44,34,0,394,136,136,235,200,0,65,146,82,56,70,69,0,153,94,226,29,111,511,456,198,58,60,359,0,211,44,678,59,282,85,272,280,88,395,51,58,0,55,38,347,123,481,72,191,156,93,0,0,892,0,132,38,24,917,190,68,1180,111,249,48,78,439,289,188,49,0,116,79,445,125,0,147,186,39,116,33,138,107,0,71,42,210,0,80,125,114,333,85,298,65,203,156,258,198,119,448,94,0,447,118,386,61,0,73,112,0,183,70,530,63,506,0,198,138,346,228,264,150,156,116,198,461,0,81,136,53,199,243,37,52,205,122,195,142,0,297,113,283,369,94,45,303,177,229,175,52,172,377,270,287,97,141,0,132,52,224,266,130,114,400,62,107,78,155,166,1254,366,0,0,0,251,156,317,34,64,38,0,196,81,123,280,88,257,96,124,82,83,143,252,155,47,188,75,548,78,144,47,53,124,338,61,0,472,66,0,132,304,55,115,77,51,104,76,52,110,169,600,72,0,151,56,125,71,0,258,55,55,32,81,170,444,67,224,115,78,28,83,192,181,428,339,0,189,0,46,679,0,971,55,37,267,530,215,121,117,33,1793,575,124,0,204,397,232,174,150,671,2798,187,221,144,396,35,0,118,47,159,122,253,95,54,89,80,48,664,426,236,0,208,190,880,184,0,0,66,79,553,141,89,83,92,0,60,411,213,81,177,0,89,634,0,131,136,184,171,61,0,71,189,36,137,0,145,197,33,33,44,134,944,205,180,54,381,927,57,90,131,463,302,125,90,285,74,127,326,633,377,170,75,320,118,102,92,165,260,389,0,0,185,119,96,73,74,111,1183,165,168,129,43,90,34,1286,88,159,0,788,80,305,640,0,0,318,31,54,111,98,63,0,46,229,0,125,70,0,45,235,130,297,424,69,164,197,68,158,216,90,126,492,53,0,0,61,82,137,33,86,125,57,302,0,21,545,246,287,248,245,206,68,124,54,0,320,0,220,69,56,37,0,60,527,91,279,209,67,88,0,89,52,76,68,70,350,229,94,152,272,436,365,252,378,84,297,191,240,0,0,115,154,435,333,71,0,308,127,106,550,261,358,55,0,360,140,882,171,179,230,256,89,41,150,93,25,103,48,42,334,48,197,355,206,60,570,342,123,56,124,175,526,40,65,0,0,0,152,64,53,0,0,399,63,263,614,45,45,0,148,62,82,661,291,124,92,147,56,130,0,135,169,121,372,464,0,81,176,579,48,41,0,45,398,373,45,0,0,0,34,338,0,147,277,150,230,36,693,0,431,517,119,0,56,1405,0,147,52,69,28,330,39,117,0,0,101,94,60,329,120,241,124,91,0,0,529,840,179,52,120,193,0,104,0,75,0,0,111,0,86,73,0,150,259,0,48,74,39,71,79,99,0,0,39,0,249,0,63,315,0,112,94,397,264,82,0,103,727,0,157,40,117,306,157,83,38,33,0,319,67,167,53,138,491,55,129,30,277,113,55,86,471,80,0,0,165,140,341,0,92,68,131,0,135,33,93,0,79,69,144,0,368,36,71,125,32,232,240,55,0,212,165,53,66,289,301,0,0,28,0,112,244,119,138,116,113,1568,381,480,212,194,0,0,349,189,39,78,178,0,0,55,287,89,291,42,1003,127,0,163,70,0,197,0,51,127,100,0,137,47,0,38,0,49,0,186,78,106,43,127,0,142,0,308,340,202,92,68,40,264,0,41,0,68,330,79,266,0,0,22,278,154,125,1051,0,19,50,68,0,98,0,82,32,79,86,65,70,104,305,114,167,112,225,0,64,45,317,206,60,319,62,78,57,102,268,28,512,60,44,30,117,112,0,433,388,0,70,59,53,0,212,92,46,0,0,81,511,0,300,102,0,212,97,0,279,31,201,82,0,0,755,469,86,564,0,84,0,246,103,186,0,0,0,71,0,114,40,83,353,264,56,43,0,55,0,149,128,58,164,219,0,139,0,94,0,310,42,93,286,231,719,44,78,65,175,418,0,119,26,0,68,412,462,470,206,131,250,44,121,815,224,261,237,0,181,557,92,75,0,160,156,84,79,157,130,137,78,45,95,135,162,213,243,63,41,71,47,389,82,324,28,69,105,81,306,33,162,321,109,0,151,88,808,74,109,113,146,212,187,231,25,161,173,755,48,63,0,556,172,94,35,594,47,0,120,349,23,0,56,343,956,66,1123,45,2111,267,126,154,94,48,81,0,0,200,52,0,204,60,30,504,93,244,363,532,110,121,0,273,89,476,1833,314,175,206,0,89,103,73,179,0,382,261,102,0,41,203,84,0,83,365,51,500,1009,178,343,115,121,245,85,92,402,332,279,48,151,0,206,102,796,0,218,179,327,267,0,1053,167,131,249,732,1304,353,260,41,235,190,55,234,43,173,78,139,0,72,0,226,0,156,1185,63,0,101,134,171,205,175,119,158,266,75,94,116,0,35,181,68,382,27,75,80,171,66,0,153,93,305,161,348,37,204,791,92,0,629,138,208,443,59,106,19,116,129,132,482,0,0,357,762,0,89,0,182,163,0,191,37,199,46,73,27,69,449,159,132,96,101,452,169,354,0,163,149,578,121,47,237,379,399,480,88,320,0,289,0,187,33,95,144,391,0,247,443,186,81,133,73,0,28,132,289,329,98,72,273,51,751,419,0,550,76,68,217,27,92,0,91,111,179,359,62,72,190,82,0,593,0,99,99,160,52,136,62,51,240,90,36,0,193,43,57,86,51,0,377,38,0,118,272,68,87,92,35,35,166,98,388,42,96,82,27,78,62,216,0,131,34,115,0,90,0,61,47,0,178,0,117,190,91,113,0,0,217,52,195,264,224,42,65,24,77,299,0,31,40,209,150,39,78,166,133,0,70,87,46,211,93,64,227,0,0,0,0,0,274,0,307,117,47,71,125,130,66,202,186,0,49,57,0,360,67,38,516,118,114,260,64,0,1514,0,197,0,88,0,41,446,0,95,251,61,134,0,275,87,0,19,76,188,47,61,334,0,68,62,264,34,200,0,126,165,53,43,0,45,37,154,49,71,192,32,0,39,1493,827,67,825,59,147,191,313,95,0,0,91,261,71,130,138,56,0,803,0,0,108,341,0,382,179,0,0,56,0,53,0,0,186,214,56,404,59,158,124,258,60,453,0,161,408,0,55,139,123,120,0,96,0,180,116,158,304,89,216,231,0,795,107,146,97,201,49,0,199,0,0,525,0,0,236,0,59,53,264,0,0,224,187,93,0,169,98,120,225,238,24,244,134,36,0,53,53,147,71,34,141,0,50,168,275,140,616,79,91,84,0,382,70,135,36,626,578,353,139,34,130,90,0,65,284,158,121,808,28,0,58,228,0,83,142,52,0,92,0,0,182,277,161,0,97,139,110,215,40,74,70,68,67,340,0,33,33,92,196,0,213,99,0,31,56,0,0,98,26,260,0,155,341,60,43,368,263,51,86,239,93,314,0,53,163,451,0,405,0,62,91,67,33,53,0,456,152,80,392,925,27,0,321,108,53,66,328,240,33,64,152,122,86,59,0,198,40,23,632,0,120,71,80,99,68,0,0,43,188,37,131,46,0,0,0,54,36,0,84,371,616,145,25,79,161,0,165,41,196,176,140,82,53,72,770,71,100,100,62,0,131,0,285,243,158,64,161,74,197,79,0,157,92,78,0,196,32,201,224,85,70,47,98,586,59,0,143,106,245,30,118,0,42,0,706,147,59,63,0,456,75,167,93,244,80,251,56,560,0,0,0,750,63,745,69,225,80,0,201,314,59,111,0,306,54,166,0,207,253,0,55,33,91,37,125,91,91,416,0,0,650,27,0,0,145,158,39,108,237,109,73,41,0,52,61,197,114,371,626,122,207,61,0,36,62,27,77,467,0,41,73,0,47,405,0,49,138,256,51,273,47,66,47,0,410,559,167,204,76,60,386,88,1198,0,37,0,275,0,533,91,0,143,214,51,0,84,0,55,0,99,40,64,780,179,69,17,0,0,57,56,174,0,892,0,149,207,0,0,60,113,0,480,191,44,127,21,64,156,152,64,0,254,108,102,59,0,144,180,94,0,166,0,22,758,0,132,40,242,39,443,359,0,335,110,86,50,0,69,169,304,134,175,141,65,137,58,33,40,42,0,106,50,24,173,93,213,168,346,131,0,132,163,47,35,0,165,35,127,105,566,93,112,89,75,83,678,134,88,113,420,0,722,162,47,0,95,188,128,135,0,307,0,129,0,29,34,183,157,298,47,0,21,306,68,148,274,214,231,23,0,64,302,0,0,151,48,0,0,74,69,242,183,88,188,46,26,0,832,0,50,710,105,0,0,49,117,138,0,335,246,498,0,125,72,85,33,0,345,106,184,141,75,145,109,134,159,941,280,210,0,66,61,260,460,230,127,117,509,43,0,114,206,412,0,391,210,37,45,0,0,50,509,452,187,460,41,0,152,68,0,52,128,0,52,84,0,327,0,46,384,60,0,0,0,53,165,51,77,204,128,635,173,22,0,658,81,0,0,43,417,1176,48,110,29,76,48,0,270,0,206,672,129,183,250,276,18,53,0,0,249,113,569,0,66,34,227,178,99,182,0,51,250,38,209,26,276,0,214,0,111,0,34,175,225,0,0,100,294,146,81,0,1276,0,74,0,0,0,0,360,139,87,130,650,38,0,65,0,63,230,120,184,34,43,222,103,190,103,47,227,276,63,170,54,67,61,167,164,447,127,180,85,0,535,284,234,112,198,88,34,115,74,22,126,0,93,141,162,54,364,206,57,43,0,443,401,49,0,56,17,184,153,69,0,170,0,0,45,0,96,83,155,459,481,499,217,0,0,32,0,65,170,41,0,154,235,738,146,534,139,120,298,0,89,0,134,79,105,135,71,40,209,0,438,701,0,154,210,54,148,0,0,0,70,332,93,819,169,49,157,98,563,177,0,459,114,65,29,0,405,52,146,58,0,194,99,37,140,430,107,810,384,65,63,136,68,86,69,280,348,0,186,71,0,202,158,67,115,209,0,0,1278,0,260,59,55,102,77,70,146,115,32,0,78,74,68,135,492,44,81,0,61,744,51,194,227,67,154,0,110,68,30,125,0,209,333,143,440,372,193,0,0,54,101,184,78,56,58,15,92,86,78,0,109,90,110,332,40,0,244,159,0,206,145,433,0,88,143,62,32,39,0,0,124,36,91,283,41,500,733,58,69,0,31,299,39,119,264,83,133,191,371,191,97,355,0,138,173,77,263,226,253,304,301,174,31,40,162,209,51,0,57,350,42,0,110,178,149,1480,100,0,76,106,75,170,158,124,465,62,308,0,119,0,288,21,293,888,117,37,221,0,0,187,60,83,96,67,0,0,175,215,154,265,57,317,219,0,0,0,121,0,277,105,0,0,90,22,56,2749,0,24,992,82,160,0,469,50,434,153,0,601,122,0,33,209,54,0,216,54,480,54,186,138,41,105,87,0,33,1187,133,22,0,0,622,0,223,171,220,342,54,0,87,85,284,0,0,482,0,77,156,67,86,119,111,104,143,809,0,109,47,76,0,34,56,217,0,1072,557,42,95,39,355,127,61,124,178,136,285,539,257,93,156,61,0,164,60,174,96,0,0,46,303,148,48,67,837,57,0,225,18,12,51,289,0,104,135,222,41,51,0,302,85,115,0,0,270,901,205,26,30,365,45,83,0,75,253,0,126,348,59,132,0,160,272,0,0,79,76,63,76,55,157,200,90,52,58,35,120,97,161,353,102,73,303,0,62,246,0,121,75,71,213,190,142,68,129,104,79,144,49,127,609,141,0,0,308,183,273,164,68,238,171,115,204,84,41,552,137,808,49,269,54,196,351,801,0,123,74,67,298,131,0,47,28,981,61,169,0,41,133,0,199,0,60,116,1164,24,87,236,130,181,0,566,37,208,184,103,65,1026,0,587,82,158,30,96,494,37,238,132,269,90,196,29,34,106,179,52,239,47,80,95,0,312,312,357,34,133,96,26,294,0,19,87,86,103,105,170,291,385,53,0,0,36,125,0,191,482,112,102,265,38,85,0,132,107,127,0,58,47,212,62,68,176,188,29,0,75,194,0,88,595,99,82,120,192,292,297,86,0,114,0,0,24,303,0,160,75,0,109,143,54,51,0,453,35,288,173,335,153,141,86,255,0,0,403,104,663,38,146,130,0,80,41,0,98,95,545,165,48,407,102,280,0,80,39,141,168,70,0,0,29,41,83,64,858,215,63,179,47,0,193,38,0,0,41,62,488,49,88,0,48,31,63,132,183,143,29,39,76,165,300,425,49,57,330,163,87,54,138,72,45,0,65,278,0,93,0,106,0,115,0,0,39,111,84,0,67,60,93,92,24,36,44,0,105,189,252,1007,125,91,133,139,325,92,209,58,172,128,95,55,226,283,150,139,99,111,0,96,211,0,424,147,31,75,123,109,412,0,239,57,313,66,26,43,45,64,196,407,0,986,266,0,432,0,0,117,68,0,144,70,931,0,0,68,332,0,0,155,50,0,63,0,208,81,204,136,271,403,213,0,253,54,287,32,140,33,137,74,37,0,222,100,347,0,0,102,40,305,256,63,32,235,61,258,764,55,60,67,73,37,21,1691,183,0,0,93,243,78,46,0,101,62,0,161,182,167,67,0,108,0,0,717,99,45,153,0,137,0,492,39,0,27,0,0,0,38,77,499,0,112,272,295,0,106,52,0,0,133,49,89,0,166,1002,104,24,59
77,0,28,0,46,0,72,46,0,0,0,217,50,0,0,148,168,0,40,44,0,176,59,47,103,187,0,38,94,43,0,42,0,0,87,156,138,15,0,328,92,0,0,28,319,0,0,0,0,0,135,40,182,72,0,68,0,26,0,71,0,127,43,251,35,55,94,26,22,0,246,0,70,0,0,385,158,0,461,48,110,0,55,283,281,87,51,0,64,0,82,54,0,52,110,35,90,0,63,0,0,0,0,125,0,48,52,36,176,80,108,51,116,164,131,66,94,207,66,0,359,43,256,56,52,47,37,0,96,0,145,0,388,0,126,62,36,148,99,38,78,73,141,148,0,0,60,82,41,210,0,0,199,36,60,100,0,83,57,198,257,38,0,248,44,104,0,0,146,317,55,251,39,44,0,53,46,79,58,46,26,226,0,0,26,30,117,658,549,0,0,0,49,153,130,0,0,24,26,169,0,48,42,0,338,68,61,0,0,128,194,55,67,71,0,191,0,68,0,0,0,172,0,0,361,0,0,142,357,0,76,0,47,50,25,15,30,115,384,0,0,56,50,0,64,0,244,0,0,0,60,68,352,0,125,31,0,0,57,50,382,268,93,0,63,0,0,811,126,406,0,0,228,535,146,103,56,0,430,256,98,0,114,266,62,101,74,425,1204,72,122,55,143,0,0,76,0,0,95,118,88,0,63,33,0,195,59,241,0,95,75,377,56,0,0,44,91,97,154,0,107,0,0,68,110,168,39,177,0,0,305,0,0,0,67,43,0,0,35,40,32,0,0,75,92,0,0,0,99,327,151,149,24,81,302,0,81,40,378,179,0,0,149,0,65,252,518,0,0,28,64,143,48,63,96,111,103,0,0,163,36,0,64,38,122,666,55,70,80,0,0,0,615,42,75,0,514,39,77,114,0,0,140,0,0,59,58,59,37,0,77,0,95,75,0,0,237,103,231,255,44,177,218,0,91,90,98,51,99,0,0,0,141,34,0,0,0,0,43,119,0,0,149,137,310,105,266,204,0,86,0,0,282,0,143,0,47,0,11,0,139,0,206,94,0,39,0,70,46,0,79,46,213,76,51,0,193,321,186,108,129,0,86,144,38,0,0,118,163,364,171,121,0,88,0,84,135,175,0,37,0,139,0,470,58,96,169,50,79,33,103,37,0,38,0,0,311,48,0,117,173,130,146,595,51,0,37,23,102,32,0,0,0,0,61,0,0,0,0,82,0,294,302,69,0,0,104,0,43,257,134,222,25,74,0,0,0,125,40,32,69,160,0,29,70,235,74,0,0,65,148,221,66,0,0,0,0,176,0,0,276,142,174,0,41,0,254,735,88,0,0,683,0,237,0,0,0,61,0,38,57,33,34,99,59,61,37,130,64,66,0,0,253,325,72,0,119,102,0,68,32,0,0,40,76,0,38,50,0,46,128,0,0,45,41,0,0,0,0,0,0,0,161,0,0,103,0,61,49,49,70,0,0,0,617,0,76,0,27,142,84,51,58,0,0,98,0,106,0,0,358,50,86,0,203,31,0,0,396,41,26,0,86,74,149,0,47,0,91,0,120,27,62,0,35,0,129,0,233,0,31,58,0,106,113,37,0,97,178,41,0,168,266,0,0,0,0,0,184,116,75,78,0,914,367,0,95,85,0,0,176,58,0,43,0,0,0,0,111,68,0,55,821,78,0,72,42,0,171,0,52,54,40,0,122,0,0,28,0,0,38,185,0,0,0,100,0,71,0,210,65,55,23,0,0,124,76,8,0,0,68,34,94,0,22,0,82,54,47,269,0,0,71,0,0,0,0,0,0,93,38,38,46,58,239,0,107,84,173,0,75,0,209,157,44,142,0,0,58,0,63,0,135,36,51,52,78,0,0,213,77,27,0,51,28,0,84,93,32,0,0,0,363,0,199,43,0,25,73,44,80,0,84,39,0,0,716,219,100,243,0,67,0,239,36,48,0,0,0,0,0,0,0,64,106,63,0,0,0,0,0,107,0,0,77,186,0,113,0,45,60,108,28,81,67,51,383,19,0,96,63,260,0,66,0,0,0,208,284,511,63,49,82,66,34,612,99,67,135,0,150,125,41,31,29,132,66,0,85,51,44,47,0,0,87,42,64,172,200,0,40,129,0,142,28,167,0,0,64,48,0,0,57,235,48,0,68,0,375,0,72,73,0,117,116,68,33,141,0,371,0,46,29,329,117,53,0,242,85,0,81,106,0,0,0,92,638,66,769,0,1281,117,61,55,72,0,57,0,0,35,55,52,248,0,0,192,45,84,304,239,40,61,0,121,32,332,588,364,64,106,0,64,0,0,58,0,353,85,60,0,0,123,0,0,61,123,0,146,696,119,267,69,151,78,115,40,188,100,0,43,65,0,69,79,191,0,132,209,224,94,0,116,0,77,154,477,537,183,312,0,248,187,69,217,0,76,23,123,0,59,0,87,12,68,563,15,0,35,92,61,0,320,38,131,118,78,92,76,0,0,63,55,109,0,0,80,58,40,0,74,101,180,77,201,41,59,581,67,0,335,77,99,189,93,70,0,0,101,38,218,0,0,220,264,0,0,46,155,179,0,157,0,60,32,0,25,65,237,118,65,80,69,184,155,212,0,83,79,248,56,37,119,315,373,119,79,93,0,375,49,115,0,35,103,269,37,64,315,161,49,75,0,0,0,60,233,457,0,16,169,49,355,227,0,119,74,0,0,0,0,0,0,42,45,0,0,0,108,0,0,195,0,29,56,38,42,41,121,22,56,54,16,36,0,26,0,41,0,0,157,0,0,0,72,50,29,29,0,0,0,0,72,0,0,54,0,49,0,0,0,0,0,46,0,45,0,87,0,0,51,0,0,0,0,64,0,0,21,0,148,60,100,0,0,0,26,58,0,0,34,146,65,36,0,44,0,0,0,36,0,75,0,51,103,0,0,0,0,0,0,0,122,0,0,0,0,26,0,199,132,58,23,65,0,77,0,0,169,273,0,228,47,0,123,0,0,0,0,58,0,75,0,0,98,0,56,0,74,0,0,0,0,84,0,0,105,0,0,0,57,0,0,0,0,100,0,13,0,0,34,0,0,0,74,29,0,0,1384,242,0,228,38,0,79,198,0,0,74,0,175,0,0,52,46,0,44,0,85,51,346,0,180,0,0,194,0,0,0,0,0,0,0,34,35,0,139,28,57,0,149,0,50,0,0,0,68,0,0,133,0,22,0,54,0,97,0,0,104,0,280,82,46,30,192,0,0,0,0,0,135,0,0,79,0,0,0,204,0,65,0,0,32,0,162,38,29,72,61,0,23,79,0,0,0,0,38,0,19,0,92,0,152,54,0,142,0,0,0,15,137,38,0,0,327,71,93,66,0,37,0,0,0,86,0,135,178,0,0,58,113,0,26,89,0,0,75,0,0,0,109,39,0,0,99,0,90,0,67,61,0,0,147,0,0,0,0,0,0,71,85,51,0,0,0,0,51,0,133,0,50,109,0,0,157,283,0,47,83,0,107,0,0,45,45,0,81,36,0,58,0,0,42,44,35,41,54,125,392,0,0,67,84,0,40,178,93,0,0,32,0,51,0,0,63,0,0,448,0,74,57,19,42,0,0,0,50,69,0,124,0,0,0,0,0,46,0,26,177,152,0,0,44,0,34,54,0,89,52,0,0,0,0,336,53,37,0,0,0,0,0,66,181,133,130,0,0,98,0,0,0,54,79,39,73,0,107,0,53,0,0,75,439,36,0,43,0,153,20,74,0,0,0,297,0,0,0,0,211,0,38,0,91,37,40,0,201,0,0,0,0,26,178,0,57,0,22,82,151,45,33,0,109,44,80,0,59,59,0,76,0,77,46,47,0,125,179,0,0,224,0,0,0,89,58,0,30,168,48,0,26,0,39,0,142,49,267,198,0,44,55,0,0,0,0,0,184,0,0,0,0,0,0,0,0,47,169,0,192,0,0,0,0,163,237,123,96,0,33,358,62,103,0,0,0,218,0,170,30,41,42,132,0,0,50,0,0,0,0,0,0,47,111,0,0,0,0,0,0,151,0,35,0,57,103,0,40,0,29,0,323,79,0,0,0,28,0,0,50,0,79,26,0,0,0,110,77,47,0,0,0,0,393,0,80,0,67,0,291,161,0,173,80,36,0,0,0,172,98,74,0,160,0,61,24,0,0,0,0,65,0,0,42,0,89,179,120,64,0,0,56,0,21,0,102,0,0,0,302,27,0,36,87,0,538,0,46,73,163,0,196,87,0,0,62,146,144,40,0,185,0,0,0,19,43,53,162,75,0,0,0,170,0,37,183,187,142,0,0,59,195,0,0,64,0,0,0,44,49,137,129,24,85,0,0,0,814,40,0,148,0,0,0,0,69,0,0,194,121,152,0,92,0,58,0,19,153,36,58,42,0,49,42,64,69,290,82,47,0,35,0,210,174,84,82,0,218,0,0,111,0,152,0,195,44,0,34,0,0,0,257,0,58,135,0,0,0,0,0,0,0,0,0,85,0,93,0,0,110,51,0,0,0,0,94,0,49,0,0,371,62,0,53,196,36,0,0,0,87,585,0,47,15,0,0,0,123,0,95,515,71,91,175,86,0,0,0,0,115,94,277,0,28,0,97,132,14,105,0,0,61,0,188,0,183,0,107,0,56,0,0,49,133,0,0,68,201,0,23,0,304,0,0,0,0,0,0,84,71,0,47,224,0,0,24,0,0,60,0,44,0,0,89,54,99,0,0,0,275,34,78,57,0,0,37,59,0,56,31,0,0,129,0,122,40,46,0,0,0,0,0,0,0,0,65,39,55,109,90,33,0,0,40,94,22,0,0,0,60,0,0,0,100,0,0,0,0,65,0,0,167,0,163,42,0,0,0,0,0,0,65,0,91,52,444,0,37,0,0,0,0,56,0,0,28,0,0,0,0,0,0,328,176,0,25,137,0,0,0,0,15,0,82,0,287,0,0,50,38,77,54,0,0,68,0,54,0,99,37,28,0,0,41,0,0,41,130,0,83,84,0,0,115,65,0,0,98,0,0,143,0,0,49,0,0,0,44,0,0,614,0,0,0,0,0,0,0,39,0,0,0,0,0,0,32,118,0,0,0,0,212,0,31,0,0,0,0,43,47,0,52,0,42,95,0,0,58,53,0,0,0,20,0,50,0,0,0,0,0,30,0,107,0,20,88,0,0,59,42,0,72,87,69,21,0,0,43,0,0,0,0,0,0,93,0,0,202,182,0,0,0,0,241,0,0,44,0,61,0,0,0,0,92,0,0,92,0,67,33,46,30,78,0,0,0,41,104,0,0,22,71,0,0,0,113,53,119,0,0,0,0,0,63,60,35,167,0,102,31,0,0,82,0,215,199,0,0,0,0,0,39,0,0,0,0,0,0,76,70,36,91,0,237,0,0,0,0,0,0,67,56,0,0,47,0,48,38,0,0,486,0,0,0,157,0,0,104,0,0,0,0,0,82,0,0,78,29,259,31,31,29,0,61,0,0,0,139,70,0,0,0,296,0,47,61,112,54,0,0,42,0,0,19,0,166,0,0,39,0,149,0,188,71,77,194,0,0,0,0,0,0,0,93,0,295,129,0,0,0,0,0,29,111,34,62,84,67,100,36,0,40,28,0,0,0,0,0,0,0,52,83,0,0,314,29,0,0,0,0,0,77,0,47,28,104,0,0,0,0,0,0,0,0,0,385,0,0,0,0,0,0,0,60,169,25,83,80,0,0,0,78,105,0,0,0,0,36,0,38,0,103,0,0,0,0,0,0,0,0,0,0,83,0,0,51,0,68,63,0,103,187,99,0,83,0,0,61,0,41,534,69,0,0,128,47,0,29,0,0,0,31,48,0,34,387,0,112,0,111,0,0,71,144,0,0,0,0,214,55,0,0,0,106,0,62,0,0,0,0,78,0,0,28,353,0,0,93,59,0,0,44,0,0,152,0,0,222,40,87,57,71,0,54,293,0,81,0,128,0,45,0,0,53,0,0,86,0,0,91,0,70,0,103,0,109,47,0,0,0,0,0,40,65,0,0,148,165,0,56,0,0,85,0,139,133,0,50,79,0,0,0,47,0,0,0,0,54,81,0,0,0,140,0,0,0,0,0,0,120,38,0,74,0,54,78,0,0,0,0,0,0,112,0,0,0,0,0,0,0,0,0,235,0,0,85,47,0,68,0,35,0,0,185,44,375,0,36,0,0,0,0,0,40,0,142,131,0,0,94,210,0,72,0,113,0,0,0,0,0,0,0,49,0,90,0,0,0,0,43,38,0,0,0,0,129,32,0,0,0,0,28,73,0,0,0,29,34,0,29,199,0,0,231,18,164,0,0,53,30,0,0,87,0,0,0,46,0,0,0,0,0,166,0,0,0,0,44,0,40,0,0,0,72,167,543,52,0,0,75,88,141,0,164,0,0,0,28,20,0,35,61,81,53,0,0,0,26,0,0,59,0,0,57,0,358,0,78,0,205,0,0,0,0,0,0,21,0,742,0,0,109,0,0,72,0,0,0,0,24,0,0,0,0,0,0,0,0,0,82,0,83,0,42,0,0,520,0,0,132,0,231,0,0,0,73,0,0,0,135,0,41,0,0,0,0,150,82,0,0,142,0,116,128,0,0,0,0,0,0,268,127,0,0,0,60,0,0,0,0,0,0,0,0,0,0,0,58,0,0,40,0,0,101,0,0,0,151,0,0,0,0,0,0,0,33,170,0,65,27,110,0,56,0,0,0,45,0,41,0,0,133,0,0,0
78,0,0,0,118,65,61,81,0,102,0,318,0,21,0,126,122,148,0,85,0,256,0,31,0,111,0,0,111,44,39,0,77,0,52,262,277,0,0,406,110,26,87,0,214,0,71,0,383,0,104,71,0,84,0,265,0,0,0,0,0,67,100,219,0,45,175,0,0,0,267,0,0,0,0,201,85,0,205,0,43,0,0,123,355,43,44,31,40,0,308,0,134,66,107,0,35,0,104,38,0,0,29,64,0,0,58,18,48,125,106,77,65,166,206,37,0,135,45,0,359,0,280,36,0,66,0,12,70,0,131,0,207,0,35,118,177,63,75,74,48,43,136,142,0,0,35,70,71,176,0,52,163,0,157,208,0,38,0,205,291,52,0,68,41,62,38,0,146,196,180,205,0,78,0,55,0,55,178,69,0,162,0,0,0,47,0,398,325,0,19,0,0,0,0,0,60,35,0,116,0,78,117,0,174,0,38,0,0,81,177,66,82,44,46,118,39,120,0,0,95,241,44,30,284,0,0,240,429,0,120,0,0,31,0,0,22,0,58,51,0,40,51,60,72,0,204,0,30,0,63,58,251,54,143,0,104,0,48,0,450,130,60,35,47,0,0,532,89,165,32,0,159,290,46,105,0,0,580,90,152,26,106,179,80,0,43,349,2334,64,38,0,170,0,0,99,0,46,70,90,35,56,0,87,0,253,359,268,0,124,163,939,145,0,0,0,51,162,55,45,0,46,0,49,355,76,49,70,0,18,741,0,63,135,44,92,0,0,87,0,0,127,0,56,156,0,0,0,131,428,288,143,0,325,0,50,46,125,209,130,48,0,344,0,0,175,712,0,93,50,218,85,103,0,70,103,242,0,0,241,97,28,0,80,69,1344,52,88,155,0,73,0,374,92,45,0,416,33,73,179,0,65,163,0,66,50,52,0,85,34,100,0,60,0,0,0,208,74,379,215,51,95,66,50,184,123,124,65,291,0,0,38,63,81,228,24,68,66,0,0,0,44,183,119,126,38,199,121,0,73,0,0,209,0,288,0,0,54,0,53,110,28,276,177,49,98,39,73,0,48,0,42,157,246,104,103,272,0,288,236,189,0,211,28,168,0,0,50,48,326,130,0,0,140,36,54,175,109,123,70,0,145,42,50,118,37,69,204,0,0,58,0,0,44,0,0,197,20,108,135,149,64,117,324,0,27,0,80,251,38,0,0,0,0,64,65,0,0,0,137,54,116,592,0,0,32,0,32,33,280,226,120,32,98,0,136,0,105,67,32,182,178,0,0,57,303,0,0,0,113,286,138,0,0,0,0,42,356,0,25,235,80,155,0,484,0,302,481,58,0,85,1630,0,117,0,45,20,205,0,51,0,38,63,48,0,108,80,170,0,0,0,0,424,497,191,29,92,95,0,104,0,41,0,0,80,0,63,0,0,38,245,0,0,87,0,0,0,52,0,0,0,0,267,0,46,158,28,52,0,196,270,0,0,53,312,0,123,82,36,228,93,39,67,0,63,156,41,126,63,31,0,49,223,30,485,64,73,34,240,32,27,36,94,50,137,53,31,0,167,0,58,0,49,0,68,0,281,0,541,0,26,60,0,105,91,0,67,59,52,168,0,47,270,0,0,0,0,0,206,0,280,118,27,763,158,123,214,86,0,0,82,77,0,49,195,0,24,0,186,143,122,39,1431,204,0,177,0,0,0,0,0,0,32,0,118,32,0,0,0,0,0,40,0,59,0,165,0,0,22,204,223,48,65,0,0,131,21,0,40,103,126,0,124,38,0,0,171,167,101,254,0,0,74,51,0,48,0,0,52,0,107,28,83,77,171,27,169,125,49,38,0,36,92,427,0,319,0,35,52,103,167,0,235,45,0,0,55,66,46,153,90,0,28,94,0,0,0,46,30,0,0,0,375,0,92,51,0,119,46,0,144,0,80,68,0,0,57,402,27,339,68,56,0,239,65,75,48,0,0,0,0,0,0,59,168,106,0,0,0,74,0,0,90,0,47,29,0,158,0,42,40,121,52,78,66,47,412,95,0,0,61,269,0,0,0,0,0,335,393,240,110,73,97,30,67,357,76,0,133,0,111,191,72,38,0,160,146,43,19,65,0,38,33,0,78,116,80,207,153,0,15,118,0,277,38,135,42,67,0,34,91,0,125,242,79,0,74,45,232,0,80,176,98,85,57,139,34,50,59,537,0,0,0,190,169,46,0,247,49,0,72,219,0,0,0,70,307,105,846,34,1080,202,62,62,29,0,59,0,0,48,0,64,193,0,0,252,82,31,107,153,62,0,0,98,80,303,565,201,92,97,0,29,77,63,50,0,391,144,52,0,0,180,0,0,64,179,0,276,382,0,323,53,0,92,71,55,256,186,72,0,97,0,99,70,350,0,165,92,268,223,0,329,75,74,188,389,423,232,98,0,142,111,0,327,0,0,56,59,0,116,0,163,0,68,871,26,0,30,0,105,76,299,68,96,72,105,0,0,0,88,143,0,114,0,25,129,85,45,0,0,72,296,60,71,0,79,780,0,0,199,98,93,155,47,64,0,0,0,98,485,0,29,123,787,0,37,0,89,170,0,58,0,109,0,47,0,56,466,117,37,71,29,299,101,282,0,94,0,110,25,0,137,196,397,185,42,262,0,291,0,90,0,62,0,162,0,109,322,107,58,76,45,0,0,44,129,479,79,0,205,59,416,261,0,285,95,0,51,27,61,0,0,0,109,206,0,48,116,0,25,585,0,62,136,295,50,0,88,0,214,119,35,33,124,0,60,0,0,0,90,0,0,0,92,47,0,0,0,0,0,0,106,31,0,57,0,108,0,83,0,0,0,31,37,89,0,173,0,0,0,0,97,146,39,63,37,0,0,39,235,364,381,0,0,0,51,292,48,0,0,204,115,65,29,0,52,0,0,118,0,0,102,0,140,0,0,0,75,45,145,0,203,86,0,53,201,0,113,140,160,47,36,73,0,0,70,0,420,238,0,338,0,0,2041,38,285,0,165,72,0,702,0,44,151,0,62,42,146,8,32,0,52,113,28,0,335,0,0,49,184,0,0,0,248,68,41,0,0,72,124,48,42,75,313,23,0,53,1074,771,0,213,0,37,49,174,0,0,0,0,331,42,36,109,55,0,602,22,164,118,750,0,450,314,0,25,37,0,0,0,0,323,136,0,138,61,150,55,291,0,443,0,100,205,0,79,102,194,56,174,0,0,102,94,0,36,54,116,190,0,732,307,118,203,294,120,43,320,35,0,156,0,0,234,0,69,51,196,0,103,382,98,88,0,109,97,132,31,170,0,464,27,64,0,123,54,96,37,0,82,232,0,117,0,33,198,110,32,0,0,359,0,80,40,775,281,154,96,70,0,45,0,0,68,33,115,390,71,0,0,298,0,0,155,35,0,56,0,0,164,291,61,0,34,109,65,129,0,37,134,68,76,189,0,0,0,66,120,0,88,71,34,0,0,0,0,124,0,252,0,170,199,42,0,92,190,50,32,296,0,140,0,0,23,753,0,48,38,0,69,51,0,0,56,328,82,60,159,704,0,0,236,51,29,80,252,285,0,32,55,141,66,53,0,130,0,55,405,0,49,0,40,0,49,0,42,0,71,41,440,34,79,0,0,0,113,0,72,126,200,64,0,0,41,30,57,0,131,103,39,46,49,0,318,0,75,0,30,0,49,0,290,210,94,104,34,0,271,45,0,128,173,0,128,149,0,150,75,25,33,51,81,169,0,0,0,92,87,0,103,0,0,39,383,108,44,21,0,235,85,94,41,96,0,68,0,419,0,0,0,294,70,392,0,74,0,0,69,108,45,0,0,70,72,61,46,144,156,0,101,0,104,0,89,36,148,104,0,0,286,44,0,0,99,184,0,80,269,161,26,0,0,0,35,61,46,374,734,83,0,59,0,21,81,0,48,323,0,0,51,0,28,120,0,0,121,331,0,465,18,54,23,30,198,170,162,114,0,57,140,93,391,0,38,0,227,0,280,59,161,0,139,0,0,56,0,0,0,122,0,0,612,135,63,0,0,0,30,42,153,0,429,0,98,65,0,0,0,55,0,144,38,0,130,49,56,155,205,207,0,139,78,84,31,0,106,87,113,45,173,0,0,464,38,86,0,169,161,482,158,60,286,45,77,24,91,69,246,251,0,95,340,43,107,59,45,35,38,66,90,49,0,202,63,121,152,478,211,103,191,144,54,44,0,164,0,85,124,498,44,44,0,0,0,749,106,92,0,381,0,251,114,0,44,0,351,0,184,26,151,92,138,0,53,32,147,48,360,0,64,0,0,105,118,249,277,129,0,0,74,462,0,0,95,80,0,0,0,72,330,429,43,186,131,0,0,713,52,49,1074,83,0,27,0,93,99,0,458,198,72,0,127,51,50,0,47,220,86,127,207,140,0,94,134,88,196,280,217,0,57,70,71,84,45,96,98,345,0,46,376,143,181,50,240,320,131,0,0,0,119,45,207,217,643,69,0,134,0,35,0,89,0,0,212,0,344,0,66,268,64,17,0,0,0,157,33,0,257,110,322,219,49,68,282,0,0,23,38,380,767,0,41,0,91,109,0,165,66,247,517,113,152,178,35,0,0,0,51,187,129,464,0,59,0,206,0,127,52,0,0,305,0,243,0,104,0,117,0,121,0,0,225,208,31,23,0,620,109,130,22,1034,0,60,0,0,0,0,324,103,97,117,493,0,0,69,0,0,218,103,119,82,62,0,64,235,81,0,326,850,81,134,82,0,80,193,74,428,146,419,126,32,731,100,310,0,167,176,52,69,0,42,83,0,94,62,87,165,195,105,80,59,0,234,318,55,0,152,35,105,237,92,111,281,41,0,93,0,86,77,162,656,538,337,195,0,58,34,18,181,81,90,23,215,178,599,87,411,118,199,166,50,130,0,91,88,62,90,46,39,188,39,836,184,0,113,213,66,86,0,0,79,29,276,81,523,164,95,145,93,648,336,0,569,153,0,101,78,202,95,80,79,0,92,64,0,75,126,86,658,243,0,79,189,108,55,98,157,164,39,309,93,0,186,145,28,0,119,46,0,514,0,195,48,55,119,68,140,438,69,38,52,111,68,57,110,353,0,138,0,86,1021,128,88,532,85,61,0,50,177,0,32,19,163,117,193,331,201,213,0,47,90,74,172,128,141,0,0,125,108,102,0,237,72,50,225,0,0,329,166,0,185,89,368,0,0,95,114,74,40,0,70,195,43,147,334,60,188,640,0,0,0,61,457,0,222,341,94,328,264,115,261,121,332,0,187,118,48,92,125,157,171,336,97,71,32,216,106,43,50,66,184,33,51,114,335,62,876,103,0,87,151,46,86,589,38,561,130,167,0,39,0,112,43,420,878,228,0,455,0,0,239,86,153,188,86,0,26,283,61,145,86,38,628,118,0,0,0,0,51,162,49,27,46,87,0,71,1158,0,0,307,44,72,0,333,24,227,45,0,213,119,0,0,78,0,0,225,33,298,125,120,147,0,46,33,31,0,988,40,0,0,0,217,0,124,147,154,208,15,0,0,0,94,74,0,432,0,44,0,0,399,154,314,153,63,218,0,26,0,27,56,60,55,213,0,440,172,41,0,0,79,79,41,112,66,0,314,402,146,55,0,0,99,0,42,60,25,0,0,34,179,69,109,0,538,0,0,161,0,0,145,198,0,53,63,145,73,0,0,109,0,62,0,0,167,1744,78,0,0,107,52,40,49,61,318,0,108,85,28,81,83,45,145,61,0,48,47,0,36,39,177,44,54,42,0,0,44,26,76,174,0,0,137,0,0,97,28,0,118,0,338,171,128,0,173,0,40,83,0,0,363,65,0,0,344,49,68,82,0,66,68,66,56,0,46,1103,69,526,63,169,221,163,83,178,0,55,53,58,76,102,96,67,0,663,77,97,0,0,91,0,487,0,71,75,817,0,0,186,0,81,74,304,0,169,115,60,46,682,85,483,65,148,0,0,146,0,67,84,154,81,115,0,16,75,125,35,170,155,0,101,0,141,105,134,0,116,49,0,125,0,0,63,100,82,43,111,193,217,0,125,0,0,50,0,94,342,25,64,320,0,0,0,57,144,326,0,0,0,180,26,52,89,272,0,0,118,204,0,54,260,88,106,105,197,326,107,165,0,70,0,0,0,236,0,176,85,0,147,127,31,60,0,440,34,211,101,192,72,162,146,190,0,0,774,61,631,28,76,34,0,83,41,0,51,36,367,58,87,514,0,198,0,129,0,117,60,44,0,39,0,0,35,49,314,217,34,232,0,0,167,74,0,0,66,60,549,35,89,27,0,38,73,82,163,223,111,50,64,116,107,223,48,0,239,155,146,69,73,69,0,0,36,336,0,58,0,45,35,154,0,38,0,152,25,0,37,49,116,91,29,44,96,21,136,431,406,1263,153,122,79,148,332,63,257,0,91,156,88,0,224,155,157,146,136,40,0,169,47,0,128,153,0,81,129,91,256,55,171,75,304,47,0,28,72,77,165,617,0,254,85,0,282,0,0,135,125,0,120,54,1213,0,0,90,517,0,0,249,67,0,112,0,166,34,151,199,127,562,126,0,513,32,242,29,103,0,91,89,0,40,55,57,196,52,39,159,0,238,255,0,31,194,0,294,313,47,0,59,76,27,0,532,64,0,0,145,130,71,0,0,69,79,0,69,95,132,53,0,112,35,0,392,116,29,71,45,97,40,968,0,0,0,0,0,0,0,122,354,0,118,124,208,0,184,113,0,0,157,110,55,33,197,454,53,0,33
79,0,0,0,0,51,49,32,0,47,0,245,25,0,0,96,209,128,0,73,0,220,0,0,88,118,0,0,69,0,20,0,74,0,0,191,88,0,115,143,121,0,66,0,351,0,39,67,164,0,0,0,82,70,0,76,0,0,0,0,0,65,112,203,19,0,77,0,0,9,209,0,49,0,24,273,0,0,191,0,37,0,20,93,221,0,41,34,58,36,106,0,68,104,95,49,0,0,33,49,0,0,0,39,0,0,35,0,34,140,158,46,68,121,93,36,39,93,37,32,153,0,199,52,0,0,0,0,0,0,102,0,409,0,65,64,133,0,49,0,60,46,128,463,0,0,29,0,65,84,0,0,138,0,170,156,0,0,0,140,64,55,0,93,55,27,41,55,125,200,123,134,0,76,0,0,47,51,141,61,0,215,0,0,0,35,0,252,243,0,0,0,73,57,254,0,97,44,0,140,0,91,162,0,107,0,39,14,0,137,113,104,53,0,0,108,0,0,0,0,139,69,59,0,346,0,0,149,498,0,0,0,0,0,0,0,0,51,72,47,0,36,0,60,48,0,42,0,41,0,0,13,268,62,99,0,97,0,24,38,314,98,79,43,48,0,0,349,0,229,0,0,117,313,0,70,47,0,357,108,56,0,66,160,72,27,0,178,659,0,45,0,291,0,0,45,19,0,32,44,0,0,126,42,0,290,125,162,46,93,79,617,132,0,0,34,38,86,73,56,60,48,0,40,285,131,53,33,0,0,532,0,95,94,117,69,0,0,0,69,0,40,0,68,137,20,0,0,71,702,142,153,37,185,229,0,31,120,357,324,0,84,102,0,113,266,449,0,0,33,129,73,82,61,52,165,97,0,0,260,0,63,0,41,52,592,80,100,105,0,0,56,731,0,42,0,387,66,109,117,0,75,281,0,0,62,0,58,98,42,152,0,0,67,0,44,50,107,248,161,31,140,131,51,90,120,82,0,93,0,0,0,80,0,188,0,38,80,0,109,0,24,359,68,280,196,130,115,19,64,0,0,162,0,113,52,49,101,0,30,279,44,100,342,31,31,0,0,0,0,57,0,105,117,64,30,242,121,244,159,99,56,108,323,60,0,0,49,202,221,161,91,21,430,45,0,137,120,323,48,0,250,0,877,98,165,125,130,46,0,120,0,0,38,56,0,269,0,45,87,166,63,295,363,171,0,79,54,217,0,0,0,0,30,107,107,47,0,0,77,0,175,447,0,0,0,204,25,0,284,121,120,0,55,37,21,0,88,54,55,159,523,0,0,56,122,83,31,0,69,63,245,37,0,30,0,0,223,27,63,248,0,84,0,190,0,261,712,32,0,64,421,0,78,0,26,0,75,30,157,36,51,89,61,41,173,0,155,55,48,0,28,184,163,187,33,117,74,0,124,0,44,0,0,0,0,53,0,0,107,207,0,0,0,0,0,109,0,34,0,0,0,250,0,0,512,0,62,0,147,80,36,0,79,229,0,43,81,23,172,78,33,79,0,51,43,57,85,39,55,214,0,102,0,284,37,72,67,90,0,39,0,53,42,187,0,64,29,184,0,121,24,37,0,74,0,179,30,348,0,0,0,0,82,57,62,60,0,144,59,0,287,367,0,0,0,0,41,342,68,289,122,66,658,143,171,122,74,0,0,37,124,0,0,32,0,0,58,404,72,114,68,1606,77,0,159,0,0,145,0,26,0,0,0,123,0,0,63,0,0,0,89,36,67,0,188,0,0,0,152,257,92,0,0,0,356,30,0,31,82,134,32,68,0,0,0,130,0,92,378,0,0,50,0,0,42,0,49,53,0,105,59,35,0,368,59,197,134,98,0,56,0,138,353,0,41,0,0,0,0,218,0,414,69,46,40,96,72,0,78,420,0,0,66,0,0,79,113,26,0,0,0,464,0,114,28,0,124,50,44,193,0,0,0,0,0,450,219,54,434,54,74,0,268,0,83,0,0,0,0,0,42,39,0,71,28,44,0,0,0,69,29,113,35,35,32,0,122,0,0,27,137,52,152,91,93,364,94,30,70,59,152,0,0,0,0,0,153,193,320,76,78,101,0,49,152,25,49,56,0,133,208,42,0,0,111,98,0,43,45,0,34,24,0,56,54,116,106,99,0,0,101,0,187,0,193,0,73,0,0,69,0,0,211,85,0,0,28,214,40,81,86,80,56,96,25,0,87,105,540,0,0,0,28,109,0,0,266,75,0,56,81,0,0,0,52,236,0,731,0,1015,236,52,70,58,0,30,0,0,87,0,43,279,37,0,135,53,43,257,186,74,27,0,48,49,207,486,258,115,0,16,42,0,0,0,0,283,55,0,0,0,223,42,0,52,129,0,0,193,0,217,57,54,75,58,45,117,189,42,36,89,0,150,36,465,0,104,139,183,142,0,217,103,0,164,439,192,244,85,0,151,97,44,183,0,0,68,86,0,46,0,190,0,89,764,0,0,0,55,87,0,186,66,0,81,45,49,0,0,0,84,23,89,0,48,0,95,45,0,0,70,195,64,133,0,59,546,0,0,137,65,51,132,49,43,0,0,65,93,267,0,0,34,505,0,0,19,36,249,0,86,0,0,28,58,0,56,261,64,0,0,41,234,159,162,0,70,49,169,27,0,0,194,372,196,35,186,0,335,0,56,0,0,54,274,0,51,306,52,0,73,0,0,35,0,107,555,97,0,240,0,143,175,0,188,66,0,42,0,0,0,0,0,0,204,0,30,78,0,0,329,17,60,158,190,45,60,64,0,127,54,41,23,77,35,36,0,17,0,283,0,0,0,142,63,55,45,23,0,0,0,75,0,100,145,0,44,0,48,0,0,34,0,62,120,0,66,0,0,68,0,86,117,51,169,0,0,0,0,171,279,320,13,43,0,0,342,0,45,0,183,116,32,39,92,0,0,0,75,0,65,128,91,105,0,0,0,0,50,109,0,270,62,0,59,100,77,45,244,115,62,41,85,31,0,82,32,347,140,52,277,46,0,1258,0,155,0,84,0,0,705,0,33,59,48,163,0,89,72,45,0,0,115,0,68,273,29,0,36,184,0,29,38,143,88,39,0,0,0,34,0,0,67,297,0,0,30,912,510,0,286,0,0,143,138,62,0,76,0,244,38,55,84,71,0,515,62,0,51,256,0,729,243,0,235,28,0,0,0,0,163,72,26,0,68,321,84,254,0,297,0,82,235,0,0,137,141,0,0,50,0,32,110,0,99,0,61,110,0,452,181,101,122,97,46,70,214,0,0,335,0,0,193,0,0,0,213,0,0,328,134,63,0,145,84,106,55,46,0,274,95,0,0,38,58,107,38,43,57,0,0,100,129,122,144,48,53,0,0,265,82,0,0,560,115,116,63,78,36,0,0,0,188,0,117,246,0,0,62,217,0,53,66,40,0,0,0,0,93,209,47,0,51,118,0,131,0,51,115,0,0,132,0,0,0,71,0,0,32,0,44,0,73,0,0,116,42,119,0,242,73,0,0,182,133,53,51,348,65,75,0,0,74,338,0,153,0,0,30,116,0,105,81,463,166,0,119,1189,0,0,144,132,44,66,118,170,0,68,92,75,121,33,0,135,0,29,218,0,169,33,42,74,127,42,40,36,49,39,362,46,50,0,0,40,106,0,0,145,521,0,0,0,139,70,0,0,259,108,0,0,0,58,44,62,139,77,0,31,30,0,209,306,79,109,116,77,218,0,0,72,134,98,135,206,41,263,142,159,0,34,0,413,0,0,129,149,315,0,139,0,0,34,350,50,0,0,0,165,87,0,58,280,0,220,0,172,0,0,0,432,42,539,59,204,32,0,73,66,32,89,26,203,53,75,0,32,205,0,58,0,87,41,139,0,83,269,0,0,309,0,0,37,167,272,29,118,156,172,0,54,0,50,58,148,62,172,978,89,175,116,0,47,65,0,49,526,0,22,0,0,0,308,48,0,71,283,0,304,0,42,49,0,107,426,227,113,36,0,405,84,801,0,0,0,192,0,80,0,0,0,110,29,0,0,0,29,0,140,53,0,678,71,53,0,0,0,38,49,79,0,215,0,0,32,0,38,49,44,0,277,112,0,118,111,27,0,77,23,0,171,40,0,63,0,113,61,57,0,130,0,0,472,0,133,0,92,27,330,179,0,258,52,50,0,0,60,168,260,89,118,99,29,0,30,0,0,36,31,47,0,0,89,89,177,143,192,106,70,69,167,0,25,51,141,0,111,23,169,33,123,60,42,0,739,81,92,48,464,0,194,66,0,54,42,161,161,73,0,190,32,77,0,69,0,94,219,156,0,0,0,120,79,143,152,296,98,47,0,82,136,65,0,119,112,0,0,0,41,164,61,26,78,45,0,0,666,46,38,358,64,91,0,44,112,94,0,212,185,173,0,0,58,0,21,0,171,33,0,167,45,105,145,134,167,433,148,55,0,47,0,168,283,70,90,63,471,0,28,38,128,106,0,395,87,0,55,0,0,0,155,259,178,355,143,0,59,0,32,44,125,0,40,0,0,106,0,0,341,0,0,0,0,69,47,99,49,213,47,247,308,0,33,240,77,29,0,0,213,677,0,87,0,51,69,0,207,99,231,335,164,106,102,161,13,0,0,0,136,148,156,0,79,42,91,165,65,169,41,37,145,23,100,0,133,0,77,0,115,0,0,121,194,0,0,55,558,76,78,0,1447,0,43,0,0,0,0,169,124,74,114,361,36,0,63,37,44,67,64,62,0,27,89,0,136,90,0,170,371,55,67,47,48,29,77,0,220,151,319,79,27,718,189,149,43,107,111,0,36,47,0,73,41,99,61,55,53,103,81,46,38,0,196,268,124,0,71,40,72,158,85,126,97,0,0,0,0,62,98,95,402,183,596,194,0,0,0,0,47,122,42,0,69,91,280,100,211,84,111,253,0,148,0,38,70,0,71,0,59,87,0,273,340,0,71,182,0,85,0,0,94,56,191,104,559,69,0,119,79,168,220,0,132,97,0,45,71,188,67,164,94,0,109,100,0,124,151,42,323,190,28,34,84,57,88,0,100,121,0,133,59,0,225,179,38,46,119,27,0,572,0,281,0,46,78,50,182,116,56,24,31,24,0,58,71,260,19,116,0,0,691,98,108,823,0,101,0,0,100,0,62,0,91,108,106,288,164,90,0,0,106,105,110,41,63,40,0,78,87,62,0,127,55,43,412,0,0,93,45,0,204,55,248,31,61,73,74,40,0,0,0,66,14,53,292,0,132,336,0,32,0,28,173,0,75,97,115,337,0,295,67,101,153,0,166,128,36,64,119,214,147,119,84,42,0,119,58,53,0,62,228,0,35,108,145,0,1055,109,0,81,122,57,92,106,63,333,23,147,0,66,0,114,0,263,512,90,27,622,0,0,88,111,45,102,0,0,0,76,77,128,56,29,144,113,0,0,0,76,0,130,70,32,81,38,0,64,840,37,35,911,158,174,29,231,42,255,100,0,176,142,38,0,195,0,0,352,28,277,230,80,110,37,114,68,55,0,547,123,0,0,0,591,0,87,160,448,256,0,0,65,170,102,100,0,568,0,87,0,34,666,156,404,146,238,331,45,0,101,136,74,63,88,167,0,1403,233,32,0,0,145,130,31,0,104,99,218,391,234,34,106,52,132,96,54,0,38,0,0,75,96,178,167,0,481,83,0,93,25,0,179,168,0,63,211,280,108,53,0,132,77,70,0,0,220,1934,106,0,44,125,0,0,49,106,395,51,75,216,109,181,104,119,293,66,0,47,43,75,0,69,103,220,35,57,29,0,87,76,121,156,67,78,654,0,0,285,51,88,89,87,245,138,207,0,141,50,63,82,54,225,702,136,0,0,288,96,0,165,35,118,255,96,116,24,43,1322,102,647,51,371,317,91,161,297,0,126,133,37,252,61,199,75,71,786,67,223,37,27,67,0,813,0,43,46,1150,0,28,159,82,28,113,243,0,258,182,117,91,989,44,527,103,201,0,177,413,0,208,98,302,110,132,48,0,102,167,0,227,275,76,123,29,329,75,394,0,94,140,55,69,0,0,93,88,102,82,85,518,236,53,166,0,0,125,62,207,214,0,138,152,0,65,0,81,125,627,0,0,204,180,0,0,148,150,105,0,244,244,45,30,251,61,66,125,254,143,280,190,0,49,0,0,0,154,0,59,83,23,74,158,113,0,24,373,64,169,211,291,78,99,184,120,0,0,1017,118,106,0,178,150,0,153,39,0,123,70,1013,255,114,151,237,546,0,127,0,214,147,36,0,0,73,129,0,95,747,261,58,80,0,38,121,126,0,0,121,0,1142,135,67,0,0,21,51,260,84,71,49,153,0,92,193,533,0,67,733,63,177,27,89,158,0,0,0,158,0,70,0,165,76,135,77,0,53,237,0,58,99,105,114,158,202,0,158,68,100,297,239,2199,39,131,0,399,182,41,393,0,216,109,67,76,509,129,88,252,66,57,0,172,73,0,476,155,0,89,177,70,120,55,146,81,97,0,71,0,124,83,0,252,0,1736,217,0,324,0,0,78,25,0,99,83,466,0,0,0,192,19,31,272,0,0,105,46,98,57,55,83,108,332,94,0,687,162,146,24,234,0,126,49,0,0,550,42,181,0,74,65,48,175,144,64,116,357,97,567,215,0,45,106,81,65,0,773,325,0,0,122,81,52,51,0,47,126,18,81,84,64,128,0,120,0,0,286,109,65,270,92,104,0,532,73,0,0,28,0,0,0,58,387,0,128,416,293,0,86,0,20,36,230,150,78,0,210,785,37,94,60
80,0,0,0,13,0,0,0,0,0,0,0,0,0,0,70,0,49,0,0,0,0,0,0,0,0,0,0,0,0,0,0,0,0,0,35,0,0,0,0,0,0,0,0,0,0,0,0,26,0,101,0,11,0,0,0,0,0,0,0,0,0,0,0,0,0,0,0,0,0,0,0,0,0,0,0,0,0,112,0,0,0,0,0,0,0,0,0,0,0,0,0,0,0,0,0,39,0,0,0,0,0,0,0,0,0,29,0,0,0,0,0,0,0,43,0,0,66,0,0,0,0,0,0,0,0,0,0,0,0,0,0,0,0,0,0,0,0,0,0,0,0,0,71,0,0,0,0,0,0,0,0,0,0,35,0,0,0,0,0,34,0,0,0,0,0,0,0,0,66,0,0,0,0,0,0,0,0,0,0,0,46,0,0,0,0,0,0,80,0,0,0,0,0,0,0,0,0,0,0,0,0,0,0,76,0,0,0,0,0,0,0,18,0,0,0,0,0,0,0,32,0,0,0,0,0,0,0,51,0,0,0,0,0,0,0,0,0,0,0,0,0,0,0,0,0,0,0,10,0,0,0,23,0,0,0,17,0,0,0,87,0,0,0,0,0,0,124,0,0,0,0,0,78,0,0,44,0,405,0,0,0,0,42,0,0,0,72,175,29,0,0,0,0,0,0,0,0,0,0,0,0,0,0,0,70,92,0,0,94,62,107,0,0,0,0,0,0,0,0,0,0,0,0,0,0,0,0,0,0,32,0,0,0,0,0,0,0,0,0,0,0,0,0,0,0,0,0,103,131,79,0,0,41,0,0,0,0,23,0,0,0,0,0,0,0,74,0,0,0,30,0,0,0,0,0,0,0,0,0,0,0,0,0,0,0,0,0,0,0,0,0,0,0,0,0,0,0,0,25,0,0,0,0,0,15,0,0,0,0,24,0,0,0,0,0,0,0,0,0,0,0,0,0,0,48,0,0,0,0,0,0,0,0,43,0,0,0,0,0,0,0,47,0,0,0,0,0,0,0,0,0,0,0,0,0,0,0,0,0,0,24,0,0,0,0,0,0,0,0,0,0,0,0,0,0,0,0,95,0,0,0,0,20,0,0,0,0,0,42,0,0,0,0,0,0,0,0,0,0,0,100,0,107,0,0,0,0,0,0,0,0,0,31,0,0,0,0,0,0,0,0,0,0,0,0,0,0,45,0,0,0,0,0,0,0,0,0,0,0,0,0,51,0,0,0,0,0,0,134,0,0,0,0,0,0,0,0,0,0,36,0,0,0,0,0,0,0,0,0,0,0,0,0,0,0,0,85,0,0,0,0,0,0,75,0,0,0,0,0,0,131,0,0,0,0,0,0,0,0,0,0,0,0,0,0,0,0,28,0,0,0,80,90,0,0,0,0,0,0,0,0,0,0,0,0,36,0,0,102,0,0,0,0,0,0,41,0,0,0,0,0,0,0,0,0,0,35,0,0,0,0,0,0,225,0,0,0,0,0,0,0,0,0,0,0,0,0,0,0,0,0,0,0,101,0,27,0,40,0,0,0,0,0,0,0,0,0,0,0,0,0,0,0,0,0,73,0,67,0,0,0,0,22,0,0,33,0,0,0,0,163,0,0,0,0,0,0,59,0,103,0,85,48,39,122,0,0,0,0,0,0,0,0,0,0,0,0,0,0,95,0,179,0,0,0,0,0,0,0,0,0,0,0,0,0,0,38,0,0,0,0,0,0,0,0,0,0,0,0,0,64,0,0,0,40,0,0,0,0,0,0,33,0,0,0,0,0,0,86,0,0,0,0,0,0,0,55,0,0,0,0,0,0,227,0,0,0,0,0,0,0,74,95,0,0,0,0,0,0,33,0,79,0,0,0,0,0,0,0,125,0,0,11,0,0,0,0,0,0,0,18,0,0,0,0,0,0,0,0,0,0,0,0,0,0,0,40,0,0,0,0,0,33,0,0,0,0,0,0,0,0,0,0,61,77,0,0,0,0,0,0,0,0,0,0,0,0,0,0,0,85,0,17,85,0,27,0,0,0,0,0,0,0,0,26,0,13,0,0,0,0,56,0,0,402,0,0,14,0,0,101,0,0,0,0,30,0,0,0,0,0,0,0,0,0,0,0,0,0,0,52,0,37,0,73,0,0,46,64,0,0,0,0,39,0,0,0,35,0,0,0,0,56,144,0,0,105,0,97,0,0,0,135,0,0,0,57,0,0,0,0,0,0,0,0,84,0,0,0,230,0,0,0,0,0,0,0,0,0,49,0,47,0,0,82,0,0,136,52,0,0,0,56,0,0,92,188,0,0,0,0,0,0,0,0,119,0,0,0,0,0,0,0,0,0,0,0,348,0,29,54,84,0,0,0,0,32,0,0,32,0,0,0,322,0,0,71,0,0,0,88,0,0,0,331,42,35,183,0,0,22,33,65,0,0,0,0,0,0,0,0,0,0,0,0,0,0,0,0,0,96,0,86,0,0,0,0,0,0,0,0,0,0,0,0,0,0,0,0,0,0,0,195,0,0,178,0,0,0,0,0,54,0,0,0,0,83,0,0,0,0,71,0,0,0,0,96,85,0,0,0,0,0,0,0,0,0,0,0,60,55,0,0,0,0,0,0,0,0,0,0,201,0,62,47,0,0,28,0,0,0,0,61,66,0,0,0,113,0,0,0,0,0,0,190,197,0,0,0,0,79,30,0,0,22,0,0,0,0,0,0,0,0,0,0,0,0,0,0,135,0,0,45,57,0,0,0,0,40,0,0,0,0,0,0,0,0,0,0,0,0,0,0,0,0,0,0,0,0,0,81,0,38,0,0,0,0,0,0,0,20,0,0,0,0,0,0,0,0,0,0,0,0,104,0,0,0,0,0,87,86,0,0,0,0,0,0,0,0,0,0,0,0,0,0,0,0,0,0,0,0,0,32,0,0,0,0,0,38,0,40,0,0,0,0,0,0,0,47,0,0,38,0,72,0,0,37,0,0,0,0,0,355,0,16,0,0,0,0,0,0,0,34,28,109,0,87,0,0,0,0,45,0,37,0,0,0,0,0,0,0,0,0,0,0,0,0,0,0,0,0,0,56,0,0,0,0,202,0,215,0,0,61,0,0,0,0,0,65,0,0,0,0,0,92,0,0,27,0,0,154,43,0,30,0,0,0,0,0,60,40,0,0,0,34,0,77,0,111,0,0,64,0,0,0,0,0,0,0,0,0,0,0,0,0,26,0,0,125,0,0,0,0,0,0,58,0,0,163,0,0,0,0,0,0,0,0,0,32,0,0,0,0,0,0,0,51,0,33,71,0,0,0,0,0,30,0,0,0,0,0,42,0,136,0,0,0,0,0,43,0,0,56,51,57,0,0,0,0,0,0,61,0,0,88,0,0,0,0,0,0,0,0,0,0,0,0,0,0,0,0,0,0,0,56,0,0,50,0,0,63,0,0,0,0,0,0,0,0,0,0,0,0,0,30,0,42,0,87,95,0,0,0,53,0,0,0,0,66,0,0,0,97,0,119,0,0,0,0,0,0,0,106,0,0,50,93,0,0,41,0,0,0,32,54,0,0,0,0,0,0,0,57,0,0,0,0,0,0,0,0,0,0,0,0,0,0,0,0,0,0,0,0,17,0,0,59,93,0,0,0,0,0,29,0,33,0,0,0,0,0,183,0,0,0,0,0,0,0,47,37,0,0,0,0,0,0,0,0,0,0,38,0,0,0,82,0,0,0,45,86,0,0,0,0,69,0,0,0,0,0,0,0,0,0,0,97,36,36,0,0,0,0,0,121,0,0,0,65,0,137,0,33,0,0,0,26,0,0,0,0,0,0,0,41,0,0,0,0,0,0,0,0,0,32,0,0,0,0,0,0,27,16,0,0,0,0,0,0,0,0,0,43,0,94,135,0,0,45,0,0,0,0,0,0,0,0,0,0,0,50,0,0,0,127,0,0,0,0,0,0,111,72,0,0,0,0,0,0,125,0,0,0,0,0,131,0,0,0,35,0,0,0,0,0,0,0,0,0,136,0,0,0,0,0,0,0,0,0,124,0,34,0,0,0,15,0,0,295,45,0,39,0,0,0,0,44,0,61,0,0,0,0,0,0,0,0,0,0,0,0,0,0,0,83,38,97,0,0,62,0,37,0,0,0,73,92,25,0,104,0,47,0,0,0,0,0,0,0,0,0,0,111,0,0,0,0,0,109,0,0,0,33,0,0,0,0,41,0,0,0,0,237,31,30,0,341,0,182,0,0,0,0,147,134,0,0,65,0,0,0,0,0,90,137,41,21,0,0,77,0,0,67,73,0,0,0,0,0,0,0,0,0,0,0,0,0,0,144,0,0,24,0,0,108,0,0,52,50,0,0,0,28,0,0,157,122,87,0,0,0,0,0,0,0,0,0,0,0,38,0,0,0,180,147,0,0,0,0,164,120,0,0,0,0,0,0,68,36,75,0,79,0,0,0,0,0,0,86,0,0,0,0,0,0,0,0,0,0,0,0,60,0,0,0,0,0,0,0,0,0,0,0,0,0,0,0,0,0,0,0,164,0,0,0,0,88,83,0,0,0,27,0,0,0,0,59,52,0,0,35,59,0,0,0,0,0,0,0,0,0,0,0,190,27,0,0,0,0,0,0,0,88,0,0,0,0,0,0,0,0,0,0,0,77,0,0,0,292,0,0,0,0,0,0,9,30,28,0,0,0,0,0,0,0,0,23,60,0,0,34,0,0,0,0,0,0,0,0,0,0,0,0,0,26,0,85,0,0,374,65,0,0,0,0,0,0,0,0,0,0,0,0,0,0,0,0,0,0,0,73,0,18,0,0,0,0,51,0,0,0,0,0,0,0,0,41,49,0,0,118,0,0,0,0,0,0,0,0,0,0,128,0,0,0,17,0,0,0,28,0,0,0,0,0,0,0,0,0,136,55,0,0,0,0,0,0,0,27,0,0,0,106,0,0,25,0,0,61,0,0,0,0,0,0,89,0,0,0,0,0,25,0,0,116,0,0,0,0,0,0,0,0,0,54,70,0,51,0,0,52,48,0,0,0,0,0,184,0,48,20,0,0,0,0,0,0,0,0,0,0,0,0,44,0,0,0,0,116,0,54,149,0,0,0,0,0,0,0,0,0,31,0,48,0,0,0,0,0,0,0,0,0,0,0,0,0,0,0,0,0,0,85,0,0,0,0,0,0,0,0,0,0,0,0,0,0,0,0,50,0,0,183,0,82,87,0,0,0,0,76,0,0,48,0,59,35,0,0,0,0,0,103,27,0,0,52,60,0,0,71,0,0,0,20,0,0,0,55,0,0,0,0,0,156,55,0,29,0,0,68,0,0,95,0,26,0,0,0,48,0,0,53,45,0,90,0,0,0,0,0,26,0,0,0,0,0,0,17,0,45,0,0,0,0,0,0,73,0,0,0,25,0,0,423,0,0,129,0,34,0,135,0,103,0,0,81,0,0,0,44,0,0,85,0,97,61,35,29,0,35,0,0,0,272,0,0,0,0,82,0,41,70,113,0,0,0,37,0,48,0,0,158,0,0,0,0,171,0,95,0,0,117,0,0,0,0,0,0,23,75,0,192,0,0,0,0,0,42,0,0,0,0,0,86,60,0,0,0,0,0,0,0,0,22,0,0,49,44,59,0,261,0,0,55,0,0,49,34,0,0,65,98,0,0,0,0,38,0,0,0,55,669,33,0,0,59,0,41,0,0,140,0,0,0,39,0,0,0,79,33,0,0,0,0,0,0,36,39,0,0,0,0,0,0,0,48,0,19,169,0,0,0,0,0,31,32,0,44,58,0,65,0,0,0,0,0,175,56,0,0,117,0,0,70,0,0,70,39,0,0,0,437,0,0,0,0,55,57,49,38,0,0,0,0,0,31,80,0,0,224,0,63,0,0,0,0,221,0,15,0,401,0,0,54,34,33,45,133,0,0,40,0,0,44,0,38,0,110,0,0,36,0,0,0,82,27,50,0,0,0,51,0,83,85,0,0,0,66,54,38,0,26,0,0,0,0,0,0,43,27,0,0,124,72,0,50,0,0,0,0,42,86,0,46,95,0,0,0,0,28,196,0,0,0,0,0,29,0,80,0,0,0,38,0,0,79,0,34,0,0,121,0,0,0,0,0,0,0,64,0,0,0,0,62,0,0,0,0,0,0,0,0,43,39,0,0,0,0,0,0,0,165,0,0,0,0,0,0,0,0,0,116,0,0,42,0,46,0,0,0,0,0,0,0,0,0,0,0,0,110,53,0,0,0,0,0,0,0,0,0,0,147,0,0,0,0,0,0,0,0,0,0,74,0,0,0,70,0,0,131,59,0,0,0,0,0,0,0,0,0,0,0,0,0,0,0,0,0,0,0,0,0,0,0,0,61,0,0,0,0,0,0,355,0,28,0,0,62,0,0,0,0,0,0,0,0,71,31,57,0,0,0,0,0,0,68,0,0,0,0,0,0,0,0,0,95,0,0,0,0,0,0,46,0,78,30,0,0,0,0,56,36,0,20,0,125,0,0,0,0,0,0,0,0,0,0,0,60,0,0,31,0,59,77,0,0,0,68,0,0,0,34,0,0,0,0,0,95,0,0,0,0,73,0,0,0,69,0,0,0,0,0,0,0,0,0,66,0,0,0,0,0,0,0,0,0,0,0,0,0,55,0,0,0,0,0,53,0,0,0,0,0,0,143,0,0,0,0,0,0,0,0,46,0,0,57,60,0,25,0,0,0,35,0,0,0,0,115,0,0,0
81,0,29,54,104,102,130,122,0,179,27,430,45,0,35,505,582,497,69,77,41,511,166,116,157,317,55,71,100,80,0,0,97,0,64,437,390,0,87,486,228,85,128,0,294,0,117,102,662,0,345,87,360,123,64,268,74,0,0,73,0,279,113,506,63,79,282,62,41,52,543,0,95,76,47,338,216,0,532,80,247,0,110,258,435,117,151,37,77,155,299,131,164,87,186,77,59,0,83,120,0,60,95,194,34,54,168,46,311,118,550,91,191,247,326,53,95,222,0,35,567,38,567,53,0,65,0,61,165,72,195,58,583,0,180,187,402,105,131,124,291,118,317,862,0,0,180,124,124,312,0,98,174,109,160,253,0,310,102,336,464,122,54,341,92,208,91,53,323,233,296,354,106,120,44,94,50,115,347,112,134,325,0,98,61,132,97,1211,506,0,0,0,206,217,250,61,174,56,29,155,38,169,348,73,747,31,140,44,135,246,316,302,126,208,72,214,136,149,59,59,333,397,75,44,469,0,0,277,776,32,189,0,45,0,79,0,126,232,612,85,56,206,123,73,103,0,321,35,91,42,87,135,390,171,377,53,91,0,82,130,740,264,113,106,62,38,0,835,237,914,70,43,612,510,111,178,205,36,1954,617,189,0,150,240,139,102,113,447,3667,282,166,99,324,0,44,110,38,78,98,62,134,62,150,63,69,1134,469,432,33,144,141,763,186,0,33,150,293,192,246,217,104,89,54,111,320,301,83,362,0,92,471,0,344,170,155,266,51,0,34,160,40,200,78,177,186,76,43,87,132,2660,548,182,60,338,687,44,241,172,648,416,147,199,176,65,327,577,1030,295,156,69,231,108,131,88,176,334,349,0,0,515,150,82,135,50,118,679,155,519,133,0,53,76,1292,59,157,175,728,138,254,314,0,72,298,0,85,307,135,100,133,158,267,30,161,44,0,71,497,235,380,427,37,318,173,59,138,242,160,73,378,89,34,41,99,57,195,47,87,128,82,264,37,31,753,259,281,179,704,158,69,79,51,0,284,33,192,74,184,112,24,53,555,89,293,275,58,70,65,125,72,0,65,89,644,130,163,89,255,588,405,186,288,90,381,456,266,31,0,209,248,591,702,77,78,345,130,256,297,600,462,52,0,345,44,1646,146,128,588,198,206,0,178,96,46,72,61,48,367,133,210,211,248,106,561,568,149,39,170,290,489,45,154,53,0,27,236,165,47,28,0,172,100,314,538,51,63,0,274,78,141,580,256,207,40,148,133,40,58,131,139,204,317,546,0,89,137,576,101,34,52,96,395,371,37,26,0,74,0,507,0,146,298,438,186,41,689,58,422,795,198,81,86,874,0,210,66,0,38,348,38,96,54,69,115,211,169,411,79,322,176,204,0,56,308,340,146,0,127,198,58,137,85,59,0,50,151,58,149,43,0,191,315,56,51,88,94,112,175,191,77,0,43,42,241,0,40,526,0,281,52,508,585,89,48,171,1522,0,118,100,130,370,177,192,198,0,77,183,153,106,59,169,268,68,448,0,448,103,103,103,386,44,80,82,143,75,256,58,189,37,327,0,221,123,229,45,114,80,248,79,644,47,31,126,0,162,171,64,87,117,381,205,73,589,269,0,0,58,0,95,302,70,381,154,145,1412,801,417,251,205,0,0,164,160,96,65,188,0,0,100,640,318,135,136,1818,416,0,148,0,36,131,0,110,64,83,54,423,0,30,97,0,85,135,149,76,89,22,208,0,96,0,431,237,219,135,40,0,484,175,0,73,187,260,51,136,0,38,39,300,170,155,749,0,0,119,45,0,75,0,93,85,205,181,66,122,114,605,194,365,147,149,55,204,37,606,510,65,696,0,77,57,190,248,51,411,103,77,119,232,147,34,301,630,0,0,103,41,0,144,161,0,0,0,80,551,69,305,102,0,140,229,80,225,42,273,0,0,30,501,257,220,840,88,95,61,376,53,204,78,0,0,32,0,77,60,118,459,374,86,54,0,107,141,107,281,65,91,183,20,130,25,42,194,626,76,259,287,345,453,78,60,141,308,421,0,126,29,134,126,220,319,288,131,153,265,96,97,890,107,159,198,0,304,593,36,31,127,150,273,72,39,328,48,77,118,44,133,128,93,332,233,64,73,256,51,500,43,125,0,0,138,173,87,45,121,288,121,0,117,39,1519,0,77,188,0,231,630,146,81,315,211,1101,0,118,46,862,346,82,0,824,174,0,86,268,51,0,306,188,893,141,910,0,3006,187,150,46,135,66,103,0,0,181,264,160,559,0,69,450,122,161,697,129,0,87,0,211,0,635,1221,737,231,143,0,58,73,62,122,14,1045,125,86,23,0,152,91,120,0,815,0,208,2515,180,395,138,490,388,158,114,279,501,82,56,252,0,103,155,583,0,161,408,477,189,0,193,214,136,420,862,555,498,866,0,485,108,104,681,0,69,53,60,53,178,0,182,0,191,1108,0,80,0,80,188,0,919,95,310,84,183,79,81,0,83,93,102,614,31,141,151,137,117,0,183,181,205,304,647,88,102,1661,172,0,558,130,216,781,204,173,0,179,415,31,445,25,23,554,1196,0,46,70,240,397,0,53,0,112,82,60,70,148,364,227,97,192,191,572,176,357,0,243,148,1019,227,104,150,694,926,201,193,44,41,787,233,128,71,60,134,273,44,138,542,532,59,205,54,0,0,171,809,1098,21,72,194,35,552,396,0,555,220,112,0,28,138,0,77,110,155,477,59,80,277,75,47,955,41,101,167,278,0,141,119,0,288,140,55,25,172,70,55,180,43,32,389,0,0,106,405,254,105,213,48,29,201,113,236,40,249,87,37,245,0,203,0,89,0,107,69,260,39,42,31,72,150,65,207,272,114,219,0,0,178,64,439,707,306,48,77,0,57,897,125,158,55,363,141,86,91,185,133,35,70,221,36,146,189,0,237,0,47,128,42,94,278,0,716,254,49,94,484,141,98,229,396,0,69,472,72,269,62,72,824,265,0,467,57,0,3179,81,424,24,320,0,57,1575,0,111,258,141,307,84,307,365,0,0,101,240,37,89,457,37,91,0,494,53,213,0,552,175,0,116,41,65,31,141,57,121,296,0,0,99,994,896,92,951,49,137,364,356,102,72,215,44,816,125,108,136,167,0,962,36,82,86,245,0,660,313,0,612,76,0,0,51,64,477,208,84,285,222,191,125,732,46,573,31,188,514,0,137,192,149,108,83,194,0,177,135,226,319,70,153,534,91,1081,708,150,404,206,74,76,350,66,0,674,0,66,302,0,81,81,262,0,49,295,237,136,53,245,175,221,220,191,27,301,534,0,0,51,103,288,75,78,173,116,51,102,332,264,735,169,186,0,92,283,78,133,118,760,417,297,321,143,94,90,0,167,379,122,150,1075,0,0,82,479,40,112,185,66,0,172,0,0,311,398,146,0,87,175,162,351,69,142,259,84,110,528,42,0,0,310,266,0,225,150,78,28,109,0,77,376,0,344,0,480,432,0,0,379,596,81,61,529,274,311,0,93,182,1225,0,850,39,104,172,164,49,95,132,324,180,102,395,1260,66,0,301,147,62,80,431,865,0,124,94,181,141,124,33,309,49,109,1227,0,206,157,123,91,181,53,108,103,340,86,691,0,84,28,74,41,352,0,136,395,385,165,39,81,109,72,144,50,254,173,145,131,121,112,866,68,159,135,0,129,296,51,707,459,179,176,61,52,431,96,51,155,262,94,296,298,0,232,600,221,104,97,184,489,55,58,44,94,603,41,72,45,44,72,621,117,107,0,84,590,211,242,75,337,78,121,63,857,0,0,0,986,67,1229,257,115,160,43,196,540,56,381,51,346,72,189,140,306,159,0,136,44,179,55,69,60,289,605,0,34,950,89,0,35,273,285,71,119,355,267,143,88,80,0,48,207,137,529,2299,223,109,157,27,48,247,79,204,478,0,33,108,41,77,163,0,62,194,756,71,498,83,48,82,35,422,155,226,179,101,75,529,139,515,42,44,95,336,67,505,55,151,272,276,74,38,115,57,86,39,311,0,50,452,229,110,0,32,0,96,115,337,23,1523,51,201,218,0,70,205,129,0,820,191,41,236,80,46,169,187,378,75,362,94,194,73,0,142,180,138,0,247,35,39,702,0,61,41,292,312,497,611,85,327,146,111,0,51,116,233,490,212,186,674,0,122,117,29,72,79,52,124,102,0,137,136,379,198,544,144,148,139,188,70,54,29,195,105,138,206,306,151,105,181,73,129,981,192,175,211,535,0,819,113,48,57,139,961,227,113,0,547,111,232,57,70,44,243,272,448,73,30,0,429,197,222,227,339,224,0,35,79,417,34,0,109,133,52,0,51,54,302,1062,123,112,209,0,0,865,75,113,896,176,36,0,57,177,140,0,1252,359,729,0,129,91,54,0,35,387,88,165,366,92,222,266,192,84,1003,265,132,0,117,127,385,650,299,186,101,572,60,45,639,229,584,115,479,278,217,91,43,82,170,687,462,272,916,58,36,148,41,64,98,186,33,83,446,0,244,0,124,359,0,20,33,23,96,146,74,81,378,119,396,328,0,68,879,148,46,45,0,639,926,0,180,33,102,52,25,152,113,383,494,211,227,240,237,64,66,0,101,285,209,365,74,71,67,154,412,213,372,39,58,370,0,166,36,369,39,119,72,179,51,0,344,338,68,62,140,564,189,142,28,1841,38,83,0,0,0,0,299,163,135,268,686,0,17,172,70,55,247,192,188,135,102,353,52,277,195,78,317,472,49,340,94,110,98,275,170,310,170,560,245,76,1519,249,180,93,325,277,182,84,85,67,115,87,60,210,172,148,350,295,0,25,51,599,267,187,0,118,42,247,313,220,151,441,62,52,125,0,169,276,309,769,441,1360,241,0,43,94,45,156,265,104,96,379,687,1382,139,418,411,168,433,83,304,0,98,95,105,144,0,160,135,114,470,705,0,288,283,0,283,0,0,184,119,250,185,590,180,184,202,120,721,375,0,550,89,186,88,141,414,95,319,155,0,182,116,69,309,349,175,674,381,55,206,317,76,223,84,185,352,0,416,118,0,544,484,218,137,173,39,63,1496,31,466,186,142,71,0,304,384,127,32,65,72,163,149,53,738,52,84,0,74,887,85,229,980,226,176,0,112,171,58,130,63,254,377,140,558,406,241,0,51,163,185,124,172,155,27,0,101,152,120,0,275,120,143,837,69,0,319,436,28,411,287,394,0,116,338,72,126,95,0,82,369,0,290,503,93,404,218,36,86,0,40,219,0,359,342,183,569,239,484,202,106,202,56,368,245,76,232,268,556,555,343,529,110,64,213,143,98,49,104,509,80,89,129,179,196,1857,152,0,144,175,41,486,493,150,584,199,161,85,124,35,413,67,314,343,366,88,889,50,0,290,160,263,245,79,0,59,394,118,119,263,89,932,293,0,0,0,168,57,306,106,92,73,110,0,139,1572,47,35,1900,147,211,78,558,100,705,305,0,304,315,47,122,349,68,0,326,99,728,220,179,179,117,184,87,64,30,1499,301,56,30,39,1115,0,376,587,337,462,49,49,142,146,164,81,0,546,0,91,206,126,534,422,606,340,286,690,67,39,145,148,68,154,116,179,0,1831,668,129,81,73,303,235,123,173,166,154,375,429,250,137,243,76,102,182,78,263,85,90,0,81,397,415,206,44,1020,104,0,376,64,0,172,574,0,131,209,457,91,118,0,232,221,148,36,61,309,1862,188,0,59,242,105,112,47,190,544,99,149,423,118,161,116,284,581,129,0,77,58,86,100,117,239,306,122,180,126,37,211,182,237,309,163,48,719,46,94,323,113,234,161,288,576,310,296,124,236,89,145,217,117,281,1444,166,47,0,866,344,327,210,131,326,271,130,442,84,81,1190,234,903,124,423,394,541,328,725,33,227,283,79,610,155,0,217,61,1116,145,257,0,84,109,0,898,0,83,131,1260,0,126,563,224,202,106,698,64,380,545,137,129,2314,78,1550,175,412,67,178,1009,97,319,175,312,308,78,0,103,171,120,49,243,264,84,266,38,357,590,520,49,228,155,57,353,0,50,213,99,213,124,151,421,728,109,242,0,57,210,53,428,854,77,156,438,42,87,51,190,369,481,60,109,183,362,0,106,140,493,80,0,259,246,97,95,613,234,198,281,395,434,331,212,0,115,48,0,67,461,79,176,117,0,196,229,0,67,0,736,0,290,258,361,111,454,243,323,33,0,1136,316,1392,86,296,121,0,145,103,0,125,160,546,520,73,725,338,332,0,153,64,309,162,119,124,158,119,101,192,112,753,387,137,279,58,59,416,206,20,0,128,110,1013,261,132,0,80,88,215,138,244,306,55,256,156,324,477,1069,149,55,939,196,344,92,149,185,132,0,85,783,0,193,0,135,85,201,111,48,99,355,166,96,77,151,121,102,237,85,154,0,213,339,1567,2320,171,283,255,321,854,165,383,104,369,144,397,137,298,261,371,295,178,236,0,229,465,0,410,361,52,159,252,418,1112,94,469,82,626,139,104,52,120,79,242,740,0,3110,495,42,1224,41,0,266,162,0,230,168,1536,0,35,119,585,40,45,345,115,0,241,30,281,74,248,328,383,1864,245,47,757,147,899,137,521,67,293,263,44,0,404,211,328,56,62,288,92,397,696,103,87,361,165,1004,1281,125,141,126,112,73,50,3433,546,47,58,168,338,72,125,59,115,77,85,294,252,221,126,0,239,76,25,963,176,119,515,74,307,49,538,60,57,95,20,0,35,24,234,721,44,149,369,749,123,343,195,49,64,158,168,72,48,193,1447,210,93,118
82,0,0,37,27,0,61,81,0,126,0,412,32,0,0,235,316,96,21,33,0,412,57,96,98,98,0,0,68,54,36,0,60,0,0,75,124,0,95,282,82,55,44,0,251,0,0,70,579,0,264,92,0,97,0,396,0,0,0,0,0,134,153,479,0,53,212,0,57,0,321,0,49,38,0,138,189,0,374,0,130,37,20,205,291,94,78,0,77,89,523,92,31,147,183,46,38,0,70,87,0,0,63,82,0,0,90,30,65,75,254,73,87,159,256,48,0,103,0,44,359,0,315,75,48,63,0,0,159,0,100,0,427,0,80,159,238,66,54,0,157,72,231,611,0,0,86,66,0,187,0,0,112,52,183,78,0,63,0,323,213,89,0,117,57,183,46,65,185,179,348,156,0,138,28,110,31,52,259,93,70,560,0,74,0,78,0,629,259,0,0,0,138,0,266,0,72,38,65,186,0,139,282,55,350,0,54,31,80,139,184,172,0,77,48,91,126,136,0,51,149,382,81,0,441,0,0,74,258,0,184,0,0,0,0,0,0,47,82,88,0,88,46,91,83,0,209,0,75,0,93,136,431,58,357,0,105,0,53,68,157,203,57,54,55,0,23,433,80,410,39,0,316,505,73,68,111,0,993,282,72,0,77,134,0,70,0,276,3745,126,63,56,351,37,0,111,32,84,161,35,0,46,148,39,41,694,437,226,46,189,134,588,152,0,0,39,116,399,105,84,123,58,0,57,205,136,114,319,41,61,304,0,176,105,204,173,0,58,34,120,0,134,36,44,158,0,0,0,169,1917,162,194,81,407,568,46,118,139,472,493,221,122,167,31,206,338,533,202,108,32,262,118,78,50,122,265,264,0,0,252,124,57,112,34,139,458,133,225,134,0,88,72,1288,58,101,85,715,81,217,306,54,56,442,36,54,165,0,81,121,59,81,0,218,55,0,38,605,140,330,239,46,161,232,0,72,172,116,74,282,96,0,33,153,42,259,0,0,170,67,261,0,35,640,166,320,313,204,171,45,82,57,0,354,0,138,37,89,69,0,55,416,56,273,398,70,0,52,87,37,63,72,50,274,128,70,109,268,577,271,145,210,54,196,327,211,0,0,193,427,277,320,209,34,472,106,123,317,232,292,0,0,276,78,1037,66,258,448,259,118,0,84,91,26,71,49,16,381,147,139,236,259,96,480,608,150,37,76,116,695,75,98,32,0,0,137,108,66,0,0,331,59,228,288,0,70,0,200,27,70,402,239,199,58,53,0,39,0,127,130,137,529,597,0,104,83,331,156,0,0,76,391,327,77,0,0,0,0,187,0,115,356,494,253,0,739,43,417,1037,41,32,70,980,0,218,36,0,20,261,0,147,64,63,31,148,100,459,93,201,66,82,0,0,187,407,140,0,108,157,35,100,47,67,0,49,94,40,106,63,0,181,201,0,70,57,50,0,93,103,0,0,53,26,172,0,0,534,0,83,51,182,329,58,44,193,738,0,92,90,88,159,157,89,142,0,82,236,154,181,46,187,351,55,225,0,624,76,174,153,284,0,59,53,90,148,276,26,90,0,132,0,241,0,108,30,78,50,426,0,324,0,25,98,0,169,189,43,77,66,189,146,26,278,347,0,38,34,0,81,360,114,378,135,117,957,385,381,193,160,0,0,92,114,64,0,98,0,0,90,494,177,173,83,892,109,0,141,42,47,168,0,39,117,57,42,210,46,0,97,0,0,73,177,78,25,0,91,0,107,0,208,229,184,68,54,0,464,75,48,26,103,284,82,182,25,0,0,183,84,116,386,0,0,57,48,0,26,0,93,119,118,73,92,82,72,464,165,115,102,225,31,94,0,260,605,62,330,0,61,49,118,149,0,300,74,82,50,138,81,54,297,396,0,0,165,0,0,157,164,0,0,0,54,540,38,235,110,0,117,111,0,149,45,196,0,0,21,724,143,83,452,109,68,40,339,0,111,40,0,0,0,0,0,63,48,198,269,46,48,0,74,48,137,340,70,92,102,0,151,0,33,106,194,52,110,234,334,595,115,77,0,91,537,0,81,0,51,40,479,489,528,235,60,83,44,0,257,195,150,113,0,176,203,111,52,45,209,114,48,86,120,68,0,43,34,70,83,126,111,137,0,38,87,0,135,45,109,0,79,92,41,202,0,145,339,24,0,84,49,596,67,64,67,131,75,268,206,0,107,58,354,64,47,23,212,27,83,0,575,51,0,151,348,0,0,152,191,548,50,1140,31,1109,247,74,38,84,0,39,0,0,147,110,41,135,50,22,148,90,152,308,120,90,42,0,91,69,258,441,271,78,88,0,77,100,65,44,0,110,114,55,0,0,213,70,80,87,315,0,365,1238,110,164,83,142,91,115,49,388,150,118,22,82,0,158,75,295,0,236,0,145,186,0,424,51,146,104,612,882,230,289,41,240,210,83,112,0,127,55,121,0,69,0,197,0,103,1025,31,52,0,78,54,65,214,31,90,40,50,76,64,0,32,127,45,168,0,0,77,83,34,0,104,111,393,90,293,0,119,155,50,0,418,53,144,218,0,57,0,54,115,153,382,0,0,154,954,0,0,0,56,142,0,118,0,120,0,95,30,90,432,195,67,60,86,202,115,394,0,55,91,317,59,0,180,297,263,243,70,272,0,206,76,84,0,72,84,349,22,115,308,167,66,84,74,0,53,64,268,428,115,79,247,76,333,207,0,215,0,0,71,0,53,0,50,60,42,203,0,0,126,77,0,376,35,58,89,279,0,51,93,0,192,78,0,0,139,34,54,129,0,0,72,17,14,44,265,83,57,139,0,0,93,61,294,0,0,61,0,109,0,235,0,0,0,64,33,66,0,153,0,0,46,44,128,93,0,0,0,0,58,48,165,590,362,0,52,0,0,249,66,110,0,83,136,28,0,0,83,0,29,121,0,58,87,0,185,0,53,50,81,0,162,0,313,118,26,0,180,44,99,147,143,0,0,114,51,152,68,44,292,207,106,153,0,0,1919,56,221,0,72,78,0,449,0,72,85,38,41,67,238,217,36,49,30,142,31,0,413,0,39,36,219,0,132,0,195,146,69,68,0,49,56,47,42,41,338,0,0,122,719,659,72,252,53,90,70,239,90,64,118,0,424,54,64,85,70,0,518,0,181,91,462,0,325,286,0,386,70,0,24,0,37,343,107,48,106,143,149,91,551,39,365,0,45,199,0,73,122,135,106,164,98,0,44,188,120,98,0,212,238,0,848,169,94,135,222,42,76,350,46,0,584,0,0,241,0,52,38,184,32,94,321,85,61,0,197,119,89,102,103,0,266,167,55,0,123,70,111,70,20,88,131,0,91,111,211,267,105,89,88,14,342,0,43,46,643,506,201,150,0,62,0,0,94,315,41,168,324,37,0,36,116,0,50,103,70,0,66,12,0,111,674,206,0,78,211,75,94,0,95,157,84,0,261,0,0,0,156,142,0,40,88,45,0,39,0,46,256,0,173,0,278,176,88,0,131,193,64,35,390,147,106,0,23,100,637,14,307,0,82,0,128,35,99,131,264,110,86,122,1270,0,0,387,225,25,75,168,336,0,83,84,77,113,41,0,32,0,91,466,0,99,63,80,46,157,0,62,82,113,50,446,41,51,0,31,50,130,0,102,88,385,84,43,75,117,86,79,42,299,135,63,78,50,44,495,74,97,88,49,38,118,37,370,411,107,123,66,0,319,51,0,218,207,59,135,257,0,247,346,105,91,70,89,436,30,0,66,50,247,38,80,0,0,29,964,181,64,0,58,354,114,114,32,168,48,134,37,382,0,27,0,705,72,597,107,129,53,38,52,220,137,189,0,212,95,0,76,118,155,0,145,0,141,0,102,0,150,169,0,0,348,34,0,57,176,273,40,66,334,213,63,0,0,23,27,173,0,242,1178,172,129,175,0,58,138,40,99,236,0,29,64,0,52,214,0,51,134,378,31,149,37,90,44,64,308,254,265,276,0,47,493,136,521,45,0,44,234,54,417,84,133,97,107,49,0,36,0,38,0,154,0,57,394,79,79,0,0,0,51,59,152,0,611,0,100,52,0,61,90,184,0,470,130,0,149,82,0,131,156,126,36,294,122,88,36,0,110,131,66,0,183,29,0,512,0,136,87,130,103,318,245,48,265,101,66,0,37,0,285,249,119,146,290,52,95,62,34,35,96,86,82,45,0,101,72,209,201,414,98,73,66,68,37,23,33,192,65,203,109,971,91,161,131,53,89,1272,143,134,190,245,0,578,318,0,98,63,470,108,83,0,251,49,146,27,67,0,82,102,285,45,84,0,400,95,188,233,312,171,51,0,84,293,40,0,76,110,21,0,132,90,146,378,76,126,93,61,0,1054,47,66,229,118,60,0,39,94,158,41,633,165,534,0,116,62,170,38,77,289,67,318,158,0,134,182,165,123,1399,169,151,35,85,59,277,499,240,95,173,925,0,0,264,327,434,50,357,195,79,0,0,30,87,625,520,314,538,106,0,89,0,0,43,97,0,36,184,0,249,0,73,696,45,36,0,0,100,333,111,72,278,96,345,277,0,74,852,85,56,0,0,408,728,58,88,29,92,78,0,137,96,215,341,147,150,159,337,45,74,0,0,213,111,690,33,124,41,154,199,123,225,40,59,210,0,397,0,235,32,104,50,81,0,0,185,441,0,36,103,704,125,126,0,2050,0,99,0,0,0,0,645,169,105,140,1305,76,0,82,0,0,271,92,80,56,32,293,53,212,170,67,210,692,83,252,42,106,44,111,85,245,122,455,174,118,614,209,170,137,110,236,119,56,50,0,83,0,124,94,232,86,418,303,76,53,30,362,544,47,0,124,43,181,244,65,270,160,0,0,105,0,99,62,139,1171,343,486,200,0,0,0,31,72,195,65,0,210,172,682,121,297,151,219,415,41,67,0,79,56,127,104,38,0,133,0,448,611,0,110,179,93,101,0,64,193,88,467,152,334,131,72,89,93,251,320,0,316,113,30,126,83,404,60,125,94,0,253,119,41,97,450,90,449,185,85,52,181,153,70,62,131,201,42,120,26,33,163,129,76,94,293,0,0,2057,21,196,0,84,77,78,141,187,79,40,110,0,0,71,115,309,50,108,0,50,590,135,123,559,130,124,24,41,87,37,103,0,77,172,167,390,379,118,0,0,181,136,139,38,217,0,0,112,115,204,0,309,83,108,277,26,0,113,127,43,144,138,336,53,58,162,114,78,31,0,47,297,52,187,389,73,249,743,24,84,0,69,334,49,202,153,138,558,130,445,109,129,233,0,172,199,59,164,170,225,381,205,156,67,19,171,102,60,25,56,189,49,0,75,298,166,2498,141,0,120,108,59,122,230,152,338,60,72,101,74,0,157,40,439,885,213,57,439,0,24,92,131,120,150,0,0,0,152,131,234,116,52,417,321,0,0,0,78,0,163,77,0,32,85,0,66,1270,0,48,1349,202,166,0,298,0,582,199,44,319,163,67,0,278,0,0,222,72,705,126,122,96,51,73,51,38,0,1004,194,0,0,0,863,0,308,448,530,75,0,0,112,136,114,0,0,573,0,89,116,89,247,299,263,364,157,503,47,38,127,108,26,171,27,198,41,1323,436,51,55,53,286,301,57,127,135,122,182,397,259,116,162,113,63,86,60,80,74,152,0,94,339,304,50,56,686,63,0,167,46,0,60,166,0,159,193,374,39,57,0,233,172,190,0,53,68,500,174,0,42,220,88,45,0,90,240,81,140,281,130,187,38,203,510,49,25,0,47,0,60,67,179,301,91,66,134,0,141,169,0,266,95,66,619,0,92,329,69,155,72,175,741,196,156,67,118,60,89,196,60,209,1145,208,0,0,505,226,115,218,0,199,269,150,271,55,48,517,182,830,54,260,138,216,244,508,0,152,221,51,413,106,48,145,73,225,155,226,42,0,74,0,246,25,71,51,1019,0,118,157,200,148,57,477,0,81,661,134,159,1461,43,833,82,485,0,101,609,66,167,100,362,208,184,0,28,169,160,0,197,92,79,115,28,299,165,256,0,143,182,61,126,0,31,181,51,216,0,99,710,227,74,109,0,41,191,74,309,733,65,112,282,0,55,0,123,496,185,0,45,132,216,37,67,221,216,85,27,338,272,50,80,765,140,134,170,377,292,378,238,18,166,31,0,0,207,38,126,111,0,209,365,75,51,0,204,35,191,116,484,160,185,202,300,0,0,1693,232,325,27,167,169,22,174,57,27,98,144,660,533,99,430,362,341,0,116,0,143,212,74,52,77,103,79,0,51,927,353,81,184,0,0,233,182,0,0,109,49,1040,198,106,0,66,112,115,181,149,202,83,337,63,178,226,773,61,49,989,143,196,147,88,214,79,0,32,510,32,214,0,95,86,182,79,66,141,157,47,74,58,157,166,123,290,49,237,23,109,260,928,2427,116,229,97,283,506,81,297,49,160,79,213,124,254,302,221,383,87,103,0,255,181,0,603,165,0,169,229,196,476,85,331,106,166,76,61,0,162,90,101,404,47,2875,235,24,607,0,0,142,194,0,224,161,981,0,0,173,286,30,0,412,0,0,132,31,146,105,139,257,225,1149,149,40,942,95,297,29,303,0,190,76,66,50,342,99,355,56,74,147,71,138,410,107,62,585,78,469,609,69,0,93,88,90,27,1653,482,0,41,197,187,114,81,17,94,63,0,167,144,159,104,0,172,40,0,587,208,67,499,82,148,28,1067,55,41,0,0,0,32,0,103,393,0,96,286,608,88,133,76,39,62,195,262,105,0,214,1572,104,54,103
83,0,0,33,54,59,84,92,0,143,0,291,0,0,0,215,371,545,24,79,0,393,44,69,63,142,39,0,144,42,39,0,107,0,49,235,149,0,76,165,110,0,0,0,229,0,59,82,412,41,239,119,345,80,40,255,0,0,0,49,0,211,118,209,52,0,241,51,53,57,270,0,0,90,0,236,224,37,409,29,142,18,0,89,424,53,97,39,37,87,308,126,0,101,179,85,56,0,30,58,0,0,87,142,32,56,88,0,0,139,502,120,85,107,308,40,38,196,0,39,496,0,268,55,0,77,0,61,235,97,118,0,221,0,80,211,253,99,79,89,280,0,98,513,0,0,85,98,73,305,0,0,207,95,140,108,0,61,50,361,170,88,31,261,52,147,78,58,129,385,562,246,40,92,31,158,0,74,255,73,75,308,0,0,49,73,65,423,298,0,0,0,175,137,207,0,219,61,0,109,0,131,234,64,772,29,64,0,50,251,252,316,56,90,38,67,111,184,51,41,301,437,21,0,252,0,0,82,614,0,214,59,0,47,38,0,32,187,679,91,55,121,35,63,0,0,234,0,87,0,104,107,156,127,341,62,139,0,55,96,387,137,67,76,56,23,0,490,338,672,0,0,431,288,62,127,123,38,1053,709,79,33,98,342,97,52,114,350,3900,125,130,0,306,0,0,0,28,55,185,50,89,41,92,74,0,432,502,206,25,64,88,490,212,0,31,36,69,110,209,82,61,73,0,90,409,250,127,285,0,78,517,0,164,203,165,129,0,50,0,144,35,165,0,74,222,73,46,0,47,2435,216,126,33,491,1041,0,90,124,786,183,157,156,77,82,173,388,528,373,150,29,358,84,121,23,93,260,348,0,0,323,125,115,105,87,87,1260,140,216,145,52,0,53,884,0,105,53,399,95,328,351,0,55,358,34,69,263,47,86,115,51,112,0,173,62,0,0,545,77,471,193,50,266,143,44,195,203,131,0,360,68,32,0,51,0,237,0,0,145,69,370,0,0,1013,143,140,172,212,143,80,135,0,0,245,0,37,28,76,105,0,47,355,66,327,106,72,78,62,67,82,37,24,44,232,115,95,137,337,822,287,135,304,108,429,261,226,0,8,170,192,226,271,78,53,127,131,78,136,213,460,55,0,298,102,1363,65,146,517,248,71,0,0,54,0,0,0,0,256,117,152,69,161,56,330,282,88,47,61,135,499,0,115,45,0,0,168,143,0,0,0,88,64,345,358,73,51,0,156,0,58,461,300,83,0,89,163,28,52,101,149,71,354,472,0,138,45,541,70,0,42,80,430,302,0,0,37,40,0,202,53,89,169,451,199,45,649,66,360,481,66,71,81,308,0,116,60,0,38,335,46,48,23,51,50,185,82,416,55,304,45,56,0,0,430,670,92,0,123,88,0,76,36,32,0,0,77,55,129,46,0,133,407,0,0,110,0,52,162,193,0,0,0,42,150,0,43,407,32,105,0,513,264,73,0,151,712,0,92,153,124,370,85,109,104,0,84,172,126,93,53,84,270,21,195,46,524,69,149,138,217,56,37,68,82,96,115,41,65,0,304,0,159,54,138,25,88,0,408,48,598,0,0,121,0,142,85,24,98,65,122,195,67,627,322,0,29,53,0,35,363,77,556,93,90,792,365,145,231,112,0,0,77,115,66,0,147,15,0,85,532,161,147,103,1068,151,0,80,0,0,113,0,0,52,42,47,371,38,0,127,0,31,62,71,43,0,0,133,0,53,0,190,168,108,102,35,0,445,70,0,48,134,139,36,155,0,0,0,245,113,183,662,0,0,130,62,0,77,0,55,124,95,160,42,103,77,685,93,232,153,139,0,116,0,154,473,48,277,0,35,54,85,182,37,301,83,44,88,46,123,34,114,682,0,0,112,0,0,88,121,43,0,0,0,396,60,177,41,0,98,106,0,163,46,167,70,0,21,420,427,104,689,99,72,35,294,59,158,73,0,0,0,0,73,37,47,324,209,62,31,0,76,124,77,258,61,0,88,0,72,0,32,121,232,31,166,164,128,402,93,64,80,118,560,0,84,0,0,0,216,243,362,167,65,153,46,53,1079,128,145,113,0,131,364,82,0,82,150,145,0,55,119,77,50,65,50,148,104,108,159,198,0,68,226,37,262,43,240,27,52,88,137,115,0,163,196,107,0,0,35,707,45,57,102,95,50,246,218,0,331,119,463,58,79,47,248,0,76,0,542,62,0,91,231,0,0,215,155,761,125,602,0,2084,172,92,82,80,0,71,0,0,158,183,64,280,0,37,130,76,136,1140,307,65,86,0,80,71,485,1070,481,131,116,0,52,94,54,80,0,420,130,0,0,0,208,59,90,62,376,33,377,2256,129,261,94,312,188,106,0,384,268,119,43,129,0,127,137,334,0,102,237,267,239,0,318,104,175,139,659,716,268,559,0,240,194,89,286,55,132,61,96,0,90,0,181,0,144,892,0,73,59,56,135,0,411,92,290,140,78,85,51,0,62,114,149,278,0,43,123,130,56,0,162,90,210,132,453,65,102,654,120,0,264,100,107,242,101,100,0,64,218,76,404,0,30,180,770,0,0,60,308,190,0,103,0,130,63,76,99,63,473,245,58,144,161,210,116,234,0,82,114,364,55,89,201,442,293,287,272,239,0,345,181,92,0,56,140,208,50,113,478,365,67,94,80,0,32,83,596,734,61,60,181,44,324,296,0,283,88,0,57,0,46,0,73,64,84,156,0,74,208,39,0,836,41,79,149,195,44,82,123,43,188,140,27,0,50,31,0,125,0,0,207,19,0,65,183,143,94,104,0,0,89,73,245,0,80,177,0,58,0,82,0,66,0,90,45,98,0,131,0,0,133,0,41,144,40,115,36,0,0,35,181,424,254,0,54,0,32,257,168,67,0,175,103,36,0,107,68,0,45,0,0,111,124,88,131,0,0,124,63,0,124,54,701,52,0,0,110,73,81,366,257,43,0,182,0,220,67,44,296,248,101,260,35,0,1611,86,59,0,65,75,59,523,0,106,95,53,113,51,144,150,0,0,0,145,27,0,272,0,56,25,79,41,116,0,85,138,69,77,33,53,53,67,0,96,203,0,0,0,1428,765,56,372,65,81,132,286,61,31,128,65,150,123,86,73,81,0,428,70,146,119,415,22,608,179,0,422,54,0,31,0,0,240,72,58,112,115,417,112,414,44,473,22,89,275,0,0,237,114,0,133,140,0,74,174,144,179,29,61,108,0,692,162,104,62,152,0,86,221,89,0,439,0,0,147,0,44,48,194,0,69,240,136,130,52,136,115,180,173,120,0,245,177,45,60,51,53,47,41,71,53,125,0,168,213,176,234,0,109,0,37,222,50,86,33,344,192,181,55,38,109,67,0,91,234,68,170,379,33,0,80,388,68,141,117,68,0,85,0,0,164,370,113,0,0,150,125,270,63,125,104,61,86,443,0,0,0,154,181,0,92,95,52,31,73,0,44,177,41,216,0,411,234,51,27,225,298,69,37,227,111,177,0,59,42,961,0,417,0,68,131,183,37,91,119,485,74,52,287,778,0,0,311,169,0,135,309,561,40,147,42,118,96,59,0,251,0,82,766,0,195,89,102,60,179,39,66,80,182,59,344,45,90,0,50,70,231,0,94,320,447,139,0,119,143,107,72,45,129,214,125,87,56,101,334,73,71,100,67,109,155,0,494,381,179,194,97,47,254,0,27,140,149,94,130,192,77,175,334,131,86,77,143,641,28,0,0,66,286,41,60,0,0,50,802,116,114,50,28,513,90,183,57,148,0,191,46,652,0,29,26,459,70,1124,182,165,64,39,139,330,77,106,46,120,72,103,110,167,315,47,109,0,139,0,82,60,245,302,0,0,998,27,12,0,241,186,56,55,267,123,83,35,0,62,32,245,135,413,768,167,153,196,0,71,158,0,107,294,0,0,113,0,75,264,0,0,157,303,65,524,67,77,55,51,334,205,152,235,117,68,356,136,825,49,53,31,225,43,239,80,170,192,226,67,32,91,34,52,0,92,43,58,659,157,69,0,0,0,53,100,215,0,1462,22,188,170,0,56,80,142,0,558,177,29,88,120,0,117,95,55,67,185,86,91,59,19,103,135,103,36,218,0,0,477,46,0,59,249,67,249,425,49,124,96,107,0,0,107,74,210,209,144,164,35,0,71,0,60,37,53,61,0,0,176,123,333,0,323,67,112,93,199,48,0,0,0,93,60,68,486,146,74,72,0,179,217,72,175,154,495,0,725,208,48,94,84,278,261,147,0,377,0,183,0,68,0,233,228,360,54,80,0,490,143,145,50,493,175,0,0,38,291,0,0,77,151,0,0,58,0,228,212,123,105,83,0,0,49,81,63,473,144,68,0,0,0,0,0,357,316,407,0,61,0,93,0,0,186,134,249,221,36,215,140,236,44,971,337,135,0,32,40,290,456,223,75,158,421,0,0,112,115,688,43,41,182,0,79,0,0,82,626,264,217,642,91,0,119,53,0,70,177,40,54,95,0,223,0,66,228,0,0,0,0,82,177,56,58,276,78,72,190,0,61,1295,85,0,0,51,317,261,41,197,0,0,94,0,133,156,432,156,266,104,152,323,53,103,0,0,196,0,431,0,83,0,147,308,109,218,31,41,89,0,213,0,203,0,21,42,0,33,0,244,197,37,0,123,893,120,65,24,808,0,48,0,0,0,0,537,0,69,206,832,48,0,131,52,0,225,82,132,0,0,357,0,150,126,0,135,503,63,95,85,55,69,196,171,152,0,321,159,87,582,243,223,145,227,216,63,31,76,57,80,0,64,162,71,125,234,125,57,34,0,675,245,90,0,77,29,231,176,112,341,380,0,45,119,0,57,92,282,1121,248,754,307,0,37,60,0,75,76,92,31,145,365,356,72,186,208,168,194,0,135,0,74,75,59,79,0,0,63,0,511,765,0,240,183,58,199,0,77,128,33,202,153,979,54,137,122,77,370,219,0,251,134,54,196,93,463,88,210,110,0,178,101,0,157,417,125,327,371,53,101,177,102,143,40,287,382,0,395,76,0,320,215,114,108,131,60,0,704,0,164,0,81,141,0,143,246,139,0,116,34,64,59,56,518,0,158,0,0,801,101,196,427,124,115,0,144,108,28,127,0,169,365,142,273,225,171,0,0,111,125,210,182,296,85,0,135,61,157,0,538,56,114,475,44,0,187,205,0,206,77,275,80,54,162,98,77,45,0,0,318,36,91,327,72,499,330,49,51,0,33,361,0,374,199,172,489,78,210,81,184,470,0,162,109,78,273,237,341,289,320,201,70,0,132,203,67,35,45,537,30,51,111,241,60,516,99,0,104,113,87,264,371,128,418,148,227,0,83,0,309,36,370,373,339,61,345,0,0,80,68,184,118,40,0,47,374,239,120,242,37,328,142,0,0,0,70,0,276,74,50,0,116,0,138,1772,67,50,1439,48,90,40,426,0,535,223,44,363,165,0,0,242,0,0,99,69,648,87,192,78,75,108,0,84,0,845,285,50,30,0,433,37,92,407,342,226,0,53,104,57,136,103,0,83,0,88,49,50,504,306,665,336,168,497,0,44,72,95,47,91,134,109,25,1312,226,64,57,0,255,191,63,255,74,109,216,231,246,82,108,112,103,66,28,159,55,57,0,48,147,367,168,52,775,0,0,240,0,0,167,309,0,131,97,311,108,66,0,225,141,167,28,36,195,2154,165,0,0,165,101,97,0,154,654,51,237,223,50,123,42,256,300,114,0,43,27,62,40,57,124,123,36,102,134,0,156,159,133,237,54,130,301,17,68,195,75,169,136,176,517,343,313,102,196,46,59,168,66,166,1617,176,0,0,687,173,262,250,62,118,120,54,260,35,88,1799,182,484,92,302,125,317,215,333,0,111,99,60,473,175,120,106,56,597,106,111,35,57,63,0,279,0,55,74,243,26,54,310,197,108,71,302,0,152,477,79,89,1126,81,736,148,332,53,117,703,48,163,157,129,212,269,36,65,135,339,40,37,172,0,216,0,417,373,279,37,247,146,44,290,0,30,219,72,260,67,66,495,277,50,267,0,0,124,47,422,347,62,155,400,36,36,0,140,408,269,0,0,98,312,0,0,166,445,0,0,173,310,103,66,545,158,190,212,274,143,312,193,0,90,0,23,77,491,62,148,144,0,80,197,47,0,28,834,0,249,324,366,0,280,234,269,39,36,1070,173,881,89,147,186,55,103,83,0,203,153,721,334,47,501,238,580,51,268,0,277,208,63,110,156,116,123,36,165,789,260,81,218,71,40,195,193,0,0,119,91,665,75,64,0,0,51,151,225,211,163,70,215,150,179,394,643,70,96,595,0,406,74,215,143,142,21,105,594,0,181,0,213,60,201,104,35,98,320,56,0,113,87,110,75,222,87,129,0,220,567,1773,2653,173,239,216,143,573,96,681,0,222,165,268,72,211,71,329,217,178,68,0,195,89,0,609,259,0,153,186,244,1006,69,395,92,398,0,95,70,120,102,153,589,0,1397,311,46,719,52,0,257,179,23,202,109,1025,32,0,122,412,43,0,297,74,0,228,0,346,91,183,272,165,2040,66,30,604,114,741,97,149,0,237,170,41,42,261,64,99,0,96,339,54,475,528,56,114,334,102,466,391,81,63,107,147,73,60,1112,266,48,38,181,186,82,97,62,92,53,78,93,125,46,137,0,226,84,0,562,159,86,307,89,149,72,845,67,0,65,0,41,0,54,207,714,0,301,379,395,63,371,124,0,60,115,141,67,47,281,959,61,58,113
84,0,0,0,0,0,0,0,0,0,0,0,0,0,0,0,0,0,0,0,0,0,0,0,0,0,0,0,0,0,0,0,0,0,0,0,0,0,0,0,0,0,0,0,0,0,0,0,0,0,0,0,0,0,0,0,0,0,0,0,0,0,0,0,0,0,0,0,0,0,0,0,0,0,0,0,0,0,0,0,0,0,0,0,0,0,0,0,0,0,0,0,0,0,0,0,0,0,0,0,0,0,0,0,0,0,0,0,0,0,20,0,0,0,0,0,0,0,0,0,0,0,42,0,0,0,0,0,0,0,0,0,0,0,0,0,0,0,0,0,0,0,0,0,0,0,0,0,0,0,0,0,0,0,0,0,0,0,0,0,0,0,0,0,0,0,0,0,0,0,0,0,0,0,0,0,0,0,0,0,0,0,0,0,0,0,0,63,0,0,0,0,0,0,0,0,0,0,0,0,0,0,0,0,0,0,0,0,0,0,0,0,0,0,0,0,0,0,0,0,0,0,0,0,0,0,0,0,39,0,0,0,0,0,0,0,0,0,0,0,0,0,0,0,0,0,0,0,0,0,0,0,0,0,0,0,0,0,0,0,0,0,0,0,0,0,0,0,0,0,0,0,0,0,0,0,0,0,37,39,0,0,0,0,0,0,0,0,53,0,0,0,0,0,0,0,0,0,0,0,0,0,0,0,0,0,0,0,0,0,0,95,0,0,0,0,0,0,0,0,0,0,0,0,0,0,0,49,0,0,0,0,0,0,52,0,0,0,0,0,0,0,0,0,0,0,0,0,0,38,0,0,0,66,86,0,0,0,48,0,0,0,0,0,0,63,19,31,0,0,38,0,0,0,0,45,0,0,0,0,0,0,0,0,0,0,0,0,0,0,0,0,34,0,0,0,0,0,0,27,0,0,0,0,0,0,0,0,0,0,0,0,0,0,0,0,0,0,64,0,0,0,0,0,0,0,0,0,0,0,0,0,0,0,0,0,0,0,0,51,0,0,0,0,26,41,0,0,0,0,0,0,0,0,0,0,0,0,0,0,0,0,0,0,0,0,0,0,0,0,0,0,0,0,0,0,0,65,0,0,0,0,46,0,0,0,0,0,0,0,0,0,0,0,0,0,0,0,0,0,0,0,0,0,0,41,0,25,0,0,0,0,0,0,0,0,0,0,0,0,0,0,0,0,0,0,0,0,78,0,0,0,0,0,21,0,0,0,0,0,0,0,48,0,0,0,0,0,0,0,0,0,0,0,0,0,0,0,0,0,45,127,0,0,0,0,0,0,0,0,0,0,0,0,0,0,0,0,0,0,0,32,0,0,64,0,0,0,0,0,0,0,0,0,0,0,0,0,0,0,0,0,0,51,24,0,0,0,0,0,0,0,0,0,0,0,0,39,0,0,0,0,0,0,29,0,0,0,0,0,0,0,0,0,0,0,0,0,16,0,0,0,57,0,0,0,0,0,0,33,0,0,0,0,59,0,0,0,0,0,0,0,0,0,0,0,0,0,7,0,132,0,0,0,53,0,0,0,0,0,0,0,0,39,0,0,0,0,0,0,0,0,0,0,0,0,40,0,0,0,0,0,0,0,31,0,0,0,75,30,0,36,47,0,0,0,0,0,62,40,47,0,0,0,145,0,0,0,0,0,39,0,0,0,0,0,0,0,41,29,30,0,257,0,0,25,0,0,69,0,0,36,0,0,56,0,0,0,0,0,0,0,0,0,0,0,0,0,0,81,50,0,0,0,0,0,0,0,0,0,0,0,0,0,0,0,0,0,27,0,0,0,0,0,0,0,0,0,0,0,0,0,0,0,0,0,0,0,71,0,25,0,79,49,0,31,0,0,0,0,0,0,0,0,0,0,47,0,0,32,0,0,0,0,0,0,0,0,0,0,0,0,58,0,42,0,0,24,32,0,0,0,0,0,0,0,271,0,35,0,0,0,0,95,0,0,0,0,0,0,0,0,0,0,0,19,0,0,0,0,0,0,0,0,0,0,0,0,0,0,0,40,0,40,0,42,0,0,0,0,22,98,0,19,0,0,0,0,0,21,80,0,0,0,0,132,41,0,0,0,0,0,24,0,0,0,0,0,0,0,0,0,0,0,0,0,0,0,0,0,0,0,0,0,0,0,0,0,0,0,27,0,23,0,0,0,0,0,0,0,0,0,26,0,0,32,0,0,0,64,0,0,0,46,0,0,0,166,0,0,0,0,0,0,0,0,178,0,55,0,474,0,0,0,0,0,0,0,0,79,50,0,0,0,0,0,40,0,87,0,0,0,0,0,0,0,237,58,0,0,0,0,0,0,0,0,0,0,0,0,0,0,0,0,0,0,0,96,314,0,0,0,0,0,0,0,79,24,0,0,0,0,0,46,28,0,0,40,45,0,0,119,0,0,0,88,225,0,69,0,0,0,0,41,0,0,0,0,0,0,0,41,0,0,55,0,0,0,0,0,0,73,0,0,0,0,0,0,0,0,40,0,0,0,0,0,0,0,0,45,0,0,0,60,0,0,0,0,0,91,0,27,64,0,32,0,0,32,40,0,0,0,46,220,0,0,0,49,0,0,0,0,0,0,0,0,0,71,0,0,0,0,0,0,0,0,0,0,0,0,0,38,73,0,66,0,74,0,0,0,0,0,0,0,0,0,0,97,0,0,0,0,0,0,0,71,90,0,32,0,0,97,0,0,138,0,0,0,0,0,0,0,0,28,54,0,0,0,0,0,0,0,24,0,0,0,0,0,0,54,0,0,0,0,0,0,0,0,0,56,0,0,0,57,0,16,0,0,0,45,0,140,0,0,0,0,0,0,0,0,0,0,0,0,0,0,12,0,0,0,0,0,0,0,0,0,0,0,0,0,71,28,0,0,0,0,76,0,0,0,0,0,0,0,0,36,0,0,0,0,0,0,0,0,0,0,0,0,0,49,0,0,0,0,0,24,0,0,35,0,0,0,31,0,90,0,0,106,0,51,47,0,0,72,0,32,0,0,0,0,215,0,0,53,0,0,0,116,0,0,0,0,0,0,0,0,0,0,0,0,0,0,0,0,0,0,0,0,0,0,0,0,0,22,0,0,0,0,221,0,68,0,0,27,0,32,0,9,0,0,0,0,0,0,0,94,0,34,0,26,0,0,0,0,66,0,0,0,0,0,0,0,0,0,36,0,0,75,0,134,0,0,49,0,0,0,0,0,0,0,0,0,0,0,32,0,0,0,0,63,0,0,0,0,0,0,0,0,0,176,0,0,0,0,0,0,0,0,0,0,0,0,0,0,0,0,0,73,0,0,0,0,0,0,0,0,0,0,0,0,0,0,32,72,58,0,0,0,0,59,0,48,0,83,90,63,0,0,0,0,0,0,131,23,0,65,0,0,0,0,0,0,0,0,0,0,0,0,0,173,48,0,0,0,0,64,0,0,71,0,0,31,0,0,0,66,37,0,0,0,0,0,0,0,0,60,0,0,0,168,70,0,0,40,103,0,0,0,0,0,0,0,0,97,0,74,0,0,0,0,0,0,0,0,0,0,55,224,0,0,47,0,0,0,0,0,0,0,0,34,0,0,0,74,0,0,197,0,91,0,19,0,62,0,0,0,38,0,77,37,0,0,0,0,0,0,0,18,86,0,0,0,0,26,0,0,50,0,0,0,0,0,191,0,0,0,0,0,0,0,0,74,0,0,0,0,30,0,0,0,0,0,0,66,0,56,0,58,0,0,30,252,0,0,0,39,109,0,56,0,0,0,406,0,0,0,0,56,67,38,0,0,0,21,0,108,0,0,3,0,42,209,38,0,0,0,0,0,0,0,0,0,0,0,0,35,0,0,0,0,0,0,0,0,0,0,0,0,202,0,0,0,61,0,0,29,70,0,0,0,0,0,14,85,27,0,63,36,0,0,0,0,0,0,0,148,0,0,0,0,0,0,0,0,0,206,0,30,0,0,0,0,0,0,39,116,0,0,87,39,107,0,16,0,43,0,131,59,38,0,0,0,0,0,0,0,0,0,0,0,41,0,0,0,0,0,0,0,27,0,102,0,0,40,0,0,0,0,0,51,0,0,0,0,0,0,76,0,0,55,0,0,0,0,23,53,0,0,20,0,0,117,0,23,0,0,0,58,0,0,44,0,28,0,0,0,0,81,0,27,49,0,0,0,0,0,0,0,0,0,0,0,0,0,0,64,0,0,0,0,0,0,0,0,0,0,35,87,0,0,0,0,0,31,32,0,0,0,0,110,41,0,0,0,105,0,0,0,115,0,0,0,0,0,0,0,81,0,0,0,0,0,35,0,55,63,0,0,0,0,0,0,0,0,0,0,10,0,23,0,0,58,52,0,0,45,0,0,0,24,0,0,0,0,0,0,164,0,95,0,0,0,0,0,0,34,0,0,0,0,0,51,0,30,157,39,66,0,0,34,0,37,44,0,0,63,0,0,0,45,0,0,0,89,0,0,0,0,0,58,136,0,146,0,0,0,0,0,0,0,0,0,0,0,90,0,0,0,0,0,0,0,0,40,0,0,0,0,23,66,0,0,27,0,0,0,0,97,90,0,0,0,0,0,0,0,0,0,39,0,0,0,54,0,0,0,0,0,0,123,0,0,0,79,28,0,0,0,0,0,0,0,0,0,0,0,0,0,0,0,66,0,0,0,0,145,63,0,0,560,0,0,0,0,0,0,38,0,0,0,0,0,0,0,0,0,74,0,0,0,0,0,0,35,27,0,58,105,0,56,0,0,0,0,36,172,37,127,24,0,121,0,53,0,27,40,44,33,0,0,49,0,0,34,0,18,212,0,0,0,0,45,72,34,0,0,0,62,75,0,0,46,0,0,0,0,81,51,47,48,163,213,43,0,0,0,0,26,38,0,0,60,0,399,31,165,0,38,82,0,40,0,29,0,0,0,0,0,33,0,116,232,0,0,0,0,0,0,0,0,0,70,0,87,28,0,0,0,173,58,0,149,0,0,0,45,54,0,33,0,0,78,0,0,44,51,0,227,52,0,0,82,0,32,0,0,0,0,50,0,0,94,80,0,0,0,0,0,128,0,72,31,19,0,0,0,78,0,0,0,0,37,30,0,54,0,0,0,0,187,25,29,176,0,0,0,0,0,0,51,0,0,77,0,0,111,0,0,0,38,58,0,0,0,0,0,0,0,0,0,51,0,0,130,0,0,0,0,0,90,72,0,0,0,22,0,0,0,0,0,0,0,75,44,0,0,87,0,0,0,0,90,0,0,78,49,98,76,72,77,0,33,0,0,32,0,0,53,110,104,0,0,0,0,0,0,0,0,0,21,0,0,23,46,0,144,0,0,0,0,0,35,113,0,96,0,54,0,0,0,81,0,48,93,0,22,135,0,0,88,0,0,0,0,0,0,0,0,0,0,44,108,0,0,0,0,0,7,45,0,0,0,0,0,0,674,0,0,267,0,43,0,82,0,85,48,0,162,0,0,0,0,0,0,38,0,60,0,0,57,0,0,0,0,0,421,0,0,0,0,162,0,0,0,0,69,0,0,0,0,70,0,0,55,0,0,0,0,100,0,66,0,32,76,0,22,0,48,0,0,0,0,0,61,129,0,0,0,33,0,0,33,0,0,67,170,51,0,32,0,0,0,0,0,28,0,0,0,31,46,0,0,157,0,0,83,0,0,31,108,0,0,57,0,0,0,0,36,0,0,0,0,62,528,29,0,0,115,0,0,0,0,76,0,31,91,0,0,0,35,0,0,0,0,0,0,0,0,60,0,0,0,0,0,22,0,0,0,0,0,202,0,0,0,0,0,0,0,81,61,44,0,35,0,0,0,0,0,211,0,0,0,0,34,0,40,0,0,23,26,51,0,0,281,0,80,0,88,0,50,37,122,0,0,25,0,114,0,37,0,0,390,0,0,0,0,53,0,107,0,0,0,75,0,0,116,0,0,0,107,0,73,0,0,0,80,0,37,29,0,0,0,174,0,35,21,68,0,24,0,0,0,0,0,0,58,0,39,0,35,0,84,0,30,0,0,0,0,0,0,0,51,37,31,29,143,0,0,0,0,0,0,39,80,0,0,45,0,0,0,0,0,110,0,0,0,52,0,0,33,0,0,0,44,42,0,0,0,0,34,51,56,83,76,44,0,0,0,0,0,69,0,44,0,0,0,75,0,0,0,105,0,0,0,80,0,0,0,0,0,0,79,71,251,0,37,51,0,27,0,0,0,0,236,0,0,80,88,0,0,37,0,0,43,13,0,0,0,0,44,0,218,153,0,36,0,0,50,0,0,0,0,0,195,45,0,0,0,34,0,0,32,0,0,145,0,0,96,232,0,0,288,0,0,36,35,32,0,0,0,61,0,0,0,0,0,27,0,0,0,0,46,0,0,0,21,0,174,0,0,0,0,63,0,436,0,0,0,73,70,0,100,0,0,0,46,0,0,0,38,73,46,56,0,48,84,0,141,56,0,0,21,0,0,0,66,0,102,63,0,0,44,0,0,126,0,524,0,0,0,0,0,0,60,0,0,0,199,0,0,36,80,0,0,92,0,0,21,0,44,0,0,0,0,43,26,0,106,0,108,0,79,0,69,0,0,0,88,43,30,0,0,0,15,0,0,0,0,93,21,0,284,0,0,0,0,0,0,819,113,0,0,0,0,0,0,0,0,0,0,26,0,29,32,0,49,0,0,153,48,0,54,0,0,0,173,0,0,0,0,0,0,0,0,94,0,34,100,215,0,0,0,0,0,0,0,0,0,38,372,59,0,0
85,0,0,0,0,0,0,0,0,47,0,193,25,0,0,49,0,241,0,0,0,136,0,0,66,63,0,0,0,0,0,0,0,0,13,0,65,0,51,70,55,0,0,0,42,0,0,0,234,0,0,41,78,0,0,70,0,0,0,0,0,89,22,67,0,92,68,0,0,0,0,0,0,0,0,273,0,0,85,32,29,0,0,124,73,0,0,0,0,0,77,0,0,0,0,0,0,0,0,0,0,0,0,0,0,0,0,39,99,0,97,0,0,0,113,58,0,0,0,0,31,27,98,0,21,0,0,0,0,0,116,0,180,0,103,41,118,48,35,39,0,0,0,0,0,0,0,0,0,0,0,0,0,0,64,0,0,86,0,0,87,0,0,69,0,0,0,0,75,0,123,57,0,33,0,0,0,32,85,39,0,97,0,0,0,0,0,252,134,0,0,0,31,53,74,0,106,0,0,40,0,42,101,0,176,15,35,0,0,0,0,0,0,32,0,119,0,49,0,0,181,145,0,0,184,0,0,0,106,0,70,0,0,0,0,0,0,0,318,0,0,0,0,34,0,0,0,0,0,0,0,0,168,96,87,0,59,0,0,0,76,72,80,56,30,0,0,250,68,267,0,0,141,204,0,0,0,0,69,204,0,0,48,0,0,0,0,53,1322,0,0,0,78,0,0,7,0,0,0,62,0,0,33,0,0,0,0,160,0,0,0,81,0,0,0,46,0,0,66,0,0,0,0,47,121,92,0,80,0,0,0,0,0,0,0,0,0,0,0,0,0,0,0,76,0,0,0,0,0,811,130,50,0,0,154,0,0,36,153,0,0,0,0,0,40,94,336,62,0,0,0,0,31,0,28,29,74,0,0,182,31,0,27,0,22,341,38,0,0,0,0,0,178,0,68,0,352,0,48,89,0,0,65,0,0,72,0,0,45,0,55,0,0,0,0,0,123,46,61,74,0,57,51,0,0,76,0,0,96,0,0,0,0,0,59,0,0,0,0,70,0,0,127,50,57,34,219,51,0,0,0,0,130,0,0,0,0,50,0,0,0,0,0,0,0,0,0,0,0,0,0,28,181,0,47,0,0,110,84,0,0,0,0,61,57,0,0,39,0,161,79,0,0,0,0,0,64,71,78,0,0,104,0,251,0,0,154,0,0,0,0,0,0,0,0,0,116,0,24,45,56,0,20,130,46,0,0,0,63,0,20,0,0,0,0,72,0,0,0,0,0,68,0,0,0,0,42,0,48,176,39,51,0,0,28,0,0,0,54,0,0,120,0,0,0,168,0,0,0,0,151,104,0,0,0,0,0,143,0,0,84,130,116,0,88,0,156,224,73,0,0,0,0,94,0,0,0,0,0,0,0,0,0,0,0,0,0,0,0,0,0,0,37,0,0,0,0,67,0,41,0,0,0,0,42,0,0,0,0,0,0,0,0,0,0,0,0,0,0,0,0,0,0,0,0,0,0,35,0,0,0,0,0,0,0,0,0,0,34,0,0,0,0,0,0,0,0,0,0,0,0,0,0,0,0,0,0,0,0,0,0,0,0,0,44,0,0,0,50,0,0,0,0,0,0,0,0,0,70,0,0,0,0,0,36,0,0,0,33,0,0,0,110,0,0,0,0,0,0,0,40,37,0,200,179,0,0,0,0,0,0,45,0,0,0,0,0,0,36,0,0,0,112,0,0,0,0,0,0,0,0,0,0,0,0,0,0,0,0,0,0,0,0,0,0,0,0,0,0,113,0,0,0,0,0,0,0,0,0,0,0,0,0,0,0,0,52,0,0,165,0,0,0,0,0,0,0,0,0,0,0,0,0,0,72,0,42,0,0,0,0,0,68,0,0,0,0,0,0,0,80,0,125,0,0,0,0,0,0,66,0,0,0,0,0,0,0,0,0,0,0,0,241,0,0,0,0,0,30,0,62,0,0,0,0,0,40,44,0,0,0,0,0,0,0,39,0,0,0,0,0,0,0,33,0,0,0,0,0,0,0,0,0,0,19,0,0,0,0,0,0,79,0,0,0,0,0,0,0,0,0,41,0,0,0,0,0,51,0,111,18,0,0,0,0,67,0,0,0,0,50,66,0,0,0,0,53,0,0,0,0,0,0,0,0,0,50,0,0,0,0,0,0,69,0,35,0,0,0,0,0,0,0,70,0,0,0,0,0,0,0,0,0,0,0,0,0,0,0,240,0,0,0,36,79,0,0,0,46,0,0,0,0,0,0,0,233,0,262,0,646,90,0,0,0,0,0,0,0,0,0,49,112,0,0,0,0,0,0,0,0,0,0,0,0,48,156,0,54,0,0,0,0,6,0,0,185,0,0,0,0,95,0,0,0,0,0,0,0,0,0,0,0,0,25,0,0,108,47,0,0,0,65,61,195,0,0,47,53,36,0,63,0,0,101,0,141,95,62,0,72,63,0,158,0,0,0,25,0,0,0,0,0,0,64,0,0,0,0,34,0,71,0,36,0,0,26,0,0,0,0,0,0,0,0,0,0,0,0,27,0,34,0,0,0,0,364,0,0,115,0,38,23,0,38,0,0,0,0,28,0,0,0,54,0,0,0,0,132,0,0,0,0,0,0,0,0,88,45,0,0,0,116,65,0,0,51,0,77,0,0,0,0,254,68,0,26,0,247,0,30,0,0,0,150,0,0,76,88,0,35,0,0,0,42,127,146,0,0,44,0,69,30,0,0,0,0,0,0,0,0,0,0,37,0,0,0,68,0,0,81,0,0,0,0,0,0,68,0,18,0,0,0,0,0,0,0,0,0,0,0,0,0,16,23,0,0,0,0,0,0,0,0,0,0,0,0,0,36,0,0,0,0,0,0,0,103,0,0,28,0,0,0,0,0,0,0,0,0,0,82,55,0,0,0,0,0,40,0,0,0,0,0,0,0,0,0,0,0,0,40,0,0,0,0,0,0,0,0,0,0,154,0,0,0,0,0,0,0,38,0,0,30,0,53,0,0,0,109,0,0,0,0,391,0,0,0,0,0,0,0,0,25,0,0,0,0,87,0,0,0,0,0,0,0,0,0,0,0,0,0,0,0,0,59,0,0,0,0,0,0,0,0,0,0,0,0,194,94,0,0,0,0,44,69,0,0,54,0,83,0,0,0,0,0,97,0,55,0,268,0,125,0,0,138,0,0,0,0,0,82,0,0,0,0,0,0,85,0,53,0,0,0,0,0,0,0,0,89,0,0,0,0,0,0,0,0,0,0,74,0,0,0,103,0,0,0,0,0,67,0,0,0,0,7,0,68,0,44,0,0,0,0,69,0,0,0,65,0,0,0,0,0,51,0,0,0,20,0,72,0,24,0,27,0,0,0,0,0,0,0,34,0,22,104,0,0,0,34,0,0,0,47,0,0,33,0,0,0,0,0,0,0,28,0,0,0,0,0,89,0,0,0,0,0,67,0,0,58,0,0,0,0,0,0,0,0,0,46,0,0,0,0,0,0,92,0,0,0,87,0,0,0,0,45,0,0,0,0,0,0,0,0,0,0,0,0,0,0,0,0,0,50,58,0,0,0,0,0,0,34,0,0,0,43,38,0,0,0,0,0,0,0,0,0,0,0,0,0,0,0,0,0,0,0,12,0,0,131,0,19,0,0,0,0,0,0,34,0,0,0,0,0,0,0,0,0,26,0,0,0,0,109,0,0,0,0,0,0,0,0,224,33,0,0,0,0,0,0,0,0,0,47,0,0,0,41,0,0,0,0,105,0,0,0,0,72,0,0,0,0,0,193,0,0,0,0,56,45,0,0,0,0,0,0,79,0,0,0,0,0,314,0,0,0,0,0,19,0,30,0,0,0,0,0,0,57,0,0,0,0,0,0,0,29,0,0,0,87,0,0,0,118,0,0,0,0,0,0,0,0,0,0,35,0,0,115,0,0,44,0,0,21,0,0,0,0,0,0,0,0,0,0,0,0,151,0,93,0,0,0,0,21,0,0,50,0,0,0,0,45,0,0,0,0,0,56,0,48,0,0,0,0,0,0,0,0,0,0,0,131,0,0,0,0,0,0,0,0,0,0,0,0,0,0,0,0,0,0,93,30,0,0,25,0,0,0,51,0,53,0,0,0,0,0,0,0,0,34,0,0,0,0,0,0,0,0,25,0,0,0,0,0,0,0,0,89,0,0,0,0,0,0,0,0,0,0,0,0,0,0,0,0,78,71,0,0,0,0,0,0,0,0,52,0,0,0,0,0,0,0,0,0,358,0,0,35,90,0,205,0,0,0,0,27,0,0,0,27,0,0,0,0,0,0,52,0,0,0,0,30,0,29,96,72,0,0,0,0,17,0,0,41,0,0,0,0,0,13,106,0,0,0,0,0,370,0,0,182,45,0,0,0,39,0,0,69,60,138,0,0,0,0,0,0,0,0,0,0,0,0,31,0,0,57,0,0,0,0,0,70,111,56,0,0,64,0,0,95,0,91,0,141,0,0,0,0,0,0,89,0,65,0,0,0,0,0,0,0,0,0,0,33,0,0,0,0,131,0,0,0,0,0,0,0,0,47,0,46,76,0,0,120,0,0,0,0,19,135,0,0,0,0,0,0,66,0,48,43,29,0,0,0,0,0,0,0,0,45,26,0,0,0,0,0,0,33,0,0,34,0,0,0,84,0,0,0,40,0,0,0,75,0,0,18,137,0,0,0,178,0,0,0,0,0,0,43,58,0,0,100,0,0,0,0,0,0,0,0,0,0,31,0,0,38,0,0,0,0,0,0,31,0,33,0,0,0,0,0,0,233,74,51,0,24,0,0,0,0,0,0,0,0,0,0,26,82,70,0,0,0,96,0,0,0,0,0,0,0,28,0,53,0,0,0,0,0,44,32,64,38,0,0,0,0,0,0,0,43,0,0,37,0,155,0,34,32,0,138,0,51,0,19,0,0,0,0,0,0,0,108,70,0,0,57,0,0,0,0,0,0,0,0,170,0,0,0,0,72,0,0,80,0,0,0,0,79,9,0,0,0,38,0,0,0,76,0,52,56,0,0,0,0,0,0,30,42,0,0,0,0,52,42,0,0,0,0,0,469,0,0,0,0,0,0,0,64,10,0,0,0,0,0,0,0,0,0,0,0,0,0,59,0,0,0,0,0,0,0,0,0,0,38,0,0,75,0,0,0,0,0,39,0,0,0,0,0,0,0,0,37,0,0,84,0,0,0,0,0,0,0,0,0,0,40,0,0,0,0,0,0,0,0,81,0,40,0,0,0,0,0,0,0,0,56,0,0,0,106,0,0,84,0,57,0,0,43,41,45,95,0,0,0,0,0,0,0,0,0,0,0,0,0,42,0,515,28,0,0,0,0,0,106,0,0,0,86,0,0,0,0,0,96,0,0,0,0,0,0,0,0,0,0,0,0,0,53,0,0,0,0,79,121,0,0,0,0,0,0,0,0,0,0,0,0,0,0,0,58,0,0,0,0,0,0,0,0,0,0,0,0,0,0,0,0,0,0,0,0,0,0,0,0,0,0,0,0,0,0,0,0,0,0,0,0,49,0,0,0,0,0,0,0,0,0,0,0,0,0,0,52,0,0,62,0,0,0,0,0,0,0,55,0,58,0,0,0,0,0,0,0,0,0,24,45,0,40,0,0,0,0,0,0,0,0,0,0,0,0,0,0,0,34,0,0,0,0,0,0,58,0,0,0,0,0,0,0,0,0,0,0,0,0,147,0,0,0,0,0,0,0,0,58,0,0,0,0,0,0,0,0,0,0,0,0,0,0,0,0,0,0,0,0,0,0,0,0,0,0,0,0,0,0,0,0,0,0,0,38,0,51,0,0,0,0,0,0,0,59,0,0,0,90,0,0,0,0,0,0,0,0,0,0,133,0,0,0,0,0,0,0,0,0,0,0,0,0,0,0,0,0,78,0,0,0,0,0,0,0,0,0,0,168,0,0,74,41,41,0,71,0,0,0,0,0,293,0,194,38,0,0,0,0,0,0,0,0,0,0,0,0,0,0,0,0,0,0,75,0,38,0,0,0,0,0,0,0,0,0,0,0,0,0,0,41,92,0,0,0,0,0,0,0,42,0,0,91,0,0,0,0,0,0,0,0,0,63,0,0,0,0,0,0,35,0,0,0,80,0,0,87,0,0,45,0,0,0,0,0,0,0,0,0,0,0,0,0,0,0,0,0,0,0,0,0,0,0,0,0,0,0,180,0,0,0,0,0,0,0,0,0,0,0,26,38,0,0,0,0,0,0,0,44,0,0,0,0,0,0,0,0,0,29,0,0,0,0,0,0,0,0,0,0,172,0,0,0,0,0,0,0,0,0,16,0,0,0,69,73,0,0,0,0,90,0,0,0,0,0,0,0,0,0,0,0,0,0,0,0,0,58,0,0,0,0,0,0,0,0,0,0,0,0,408,81,0,40,0,0,0,0,0,0,0,0,30,0,37,30,0,0,0,0,0,0,57,0,0,58,0,0,0,42,108,0,0,0,0,0,0,0,0,0,0,0,0,224,41,0,0,0,0,0,0,0,0,0,82,0,0,0,17,0,0,0,0,0,39,0,0,0,0,0,25,331,0,0,94,0,0,0,40,0,91,31,0,0,0,0,43,0,0,0,0,0,0,0,0,0,0,50,50,26,0,0,0,0,0,318,0,0,0,0,47,0,0,0,0,0,0,0,0,0,0,0,0,0,0,0,0,28,44,0,0,0,163,0,0,0,0,0,0,0,0,0,0,0,0,0,0,0,0,0,0,0,0,0,0,0,0,0,0,0
86,0,0,0,0,0,0,0,0,34,0,0,0,0,0,84,135,71,0,0,0,108,0,0,0,28,0,0,0,0,0,0,0,0,0,0,99,0,0,319,0,0,0,0,65,0,0,0,165,0,29,0,0,0,0,76,0,0,0,0,0,0,0,160,0,0,0,0,0,0,0,0,0,0,0,63,0,0,0,0,0,0,0,0,0,0,0,0,0,0,100,0,0,0,27,0,0,0,98,0,0,0,0,0,0,0,0,0,0,0,0,0,0,0,0,0,0,54,0,0,0,0,0,0,0,0,0,0,0,0,33,0,93,0,0,0,72,0,0,0,0,0,116,102,0,0,0,0,0,0,0,0,0,0,0,35,0,0,0,0,269,0,0,0,0,0,0,0,0,0,0,37,0,0,0,0,0,0,80,0,0,100,0,0,0,0,0,173,0,0,0,0,0,0,83,0,26,0,0,0,0,34,0,0,87,0,0,0,0,42,0,0,0,0,0,0,0,0,0,0,78,0,0,0,76,0,0,0,0,0,0,0,0,0,0,0,0,0,0,0,0,0,0,0,0,0,0,0,0,0,0,0,70,35,0,0,0,0,0,0,0,0,0,0,0,0,0,0,0,0,0,0,0,117,0,0,0,0,312,34,125,0,24,0,26,0,0,0,186,66,0,0,20,0,0,84,0,0,0,0,0,0,0,0,0,0,72,58,0,0,0,0,0,0,0,0,0,0,0,0,0,0,0,0,0,21,0,39,0,0,0,0,0,0,0,0,0,0,0,0,0,0,0,0,0,0,0,0,21,99,53,0,0,41,251,0,0,0,99,0,0,0,0,0,0,41,154,127,28,0,0,0,0,0,0,0,51,0,0,0,0,0,0,0,0,68,26,0,0,0,0,0,0,0,0,0,169,0,0,97,0,0,52,0,0,0,0,0,0,0,0,0,42,0,0,0,116,0,0,0,0,0,46,0,0,22,0,0,0,0,0,0,0,0,0,0,0,23,0,82,0,0,84,0,0,0,80,0,0,0,0,0,74,0,0,0,0,0,0,0,0,0,46,0,0,0,0,0,0,0,0,0,147,0,0,0,0,174,38,0,112,0,0,0,0,0,0,57,31,73,0,0,0,28,0,0,0,0,0,0,0,27,0,133,0,0,106,0,0,0,0,0,0,0,0,0,0,0,27,0,0,0,0,68,0,0,0,0,68,0,0,0,0,0,0,0,0,0,0,0,0,23,0,0,0,0,0,0,31,84,81,0,0,0,0,0,0,25,0,0,37,48,0,0,0,48,0,0,0,0,49,0,0,0,0,0,0,52,0,0,0,114,86,0,80,0,109,51,0,0,0,84,0,66,0,0,0,0,0,0,0,0,21,0,0,80,0,0,0,0,0,0,49,57,0,0,0,0,0,0,0,0,0,0,0,0,0,0,0,0,60,0,0,0,0,0,0,0,0,0,0,0,0,0,0,0,0,0,0,54,43,0,0,0,164,0,50,0,0,67,70,0,92,0,0,0,0,0,0,43,97,0,85,0,136,0,0,0,297,0,34,0,92,0,140,0,28,0,68,0,96,0,0,0,0,0,70,0,163,0,0,28,0,0,61,0,0,70,62,73,0,0,90,0,0,0,0,0,0,0,55,29,0,758,0,66,55,0,0,0,135,36,0,0,0,0,0,0,98,71,0,72,115,105,0,0,0,0,49,0,0,50,0,0,0,0,0,0,0,0,0,0,0,0,0,0,0,0,0,0,0,0,0,0,0,0,0,0,0,81,52,36,0,0,0,0,84,0,0,204,0,0,56,0,0,0,0,0,0,0,35,40,0,0,62,0,83,0,56,0,0,0,0,153,0,109,0,0,0,0,76,0,105,0,0,0,26,0,0,100,0,0,0,0,0,0,79,0,0,0,0,0,74,0,47,55,0,0,0,0,85,0,0,0,0,0,162,0,0,99,0,0,0,0,0,49,0,0,0,0,0,0,0,0,61,40,0,0,0,0,0,0,0,0,36,27,0,0,0,0,0,0,0,84,34,62,0,0,0,24,0,124,0,0,0,0,0,90,118,101,0,0,0,0,0,0,47,0,83,0,69,0,0,0,0,57,0,0,0,0,0,0,0,0,0,0,0,0,0,0,0,105,0,0,0,42,0,0,0,0,62,0,67,0,0,0,0,0,231,0,0,0,0,0,97,93,0,0,32,154,0,0,0,99,0,0,0,137,0,0,0,64,0,0,0,0,52,0,110,0,0,39,0,0,0,0,0,0,0,0,0,0,28,0,0,78,0,0,99,0,11,0,0,0,0,72,0,31,34,0,0,0,0,0,0,0,49,49,0,0,0,0,0,0,34,98,0,118,249,0,28,0,79,58,55,0,136,61,51,0,0,0,0,0,116,0,61,47,0,83,0,168,20,0,0,64,365,34,187,0,138,0,24,0,0,35,38,0,0,0,0,40,0,0,258,0,0,0,0,0,0,37,0,0,0,0,0,0,0,0,0,0,102,0,0,0,33,0,0,0,63,63,59,76,0,35,0,0,0,306,0,106,71,0,0,0,22,60,0,0,0,0,66,139,0,0,0,0,0,0,26,0,0,0,0,0,0,244,49,0,0,0,0,0,135,0,0,0,185,0,0,36,0,0,86,0,68,0,0,0,59,0,0,0,44,0,0,31,75,0,0,0,0,0,0,107,558,0,0,51,10,245,0,0,38,0,0,0,0,41,0,0,0,19,139,0,27,73,0,0,0,0,0,0,33,0,0,0,0,51,0,0,0,0,0,0,0,0,0,73,0,0,0,84,27,24,0,0,0,0,0,31,0,0,0,0,0,0,67,0,0,0,0,0,42,0,0,0,0,18,0,0,51,34,0,0,0,40,0,84,89,0,0,0,0,0,108,0,0,0,42,0,0,0,0,0,0,0,0,0,0,0,0,35,0,0,0,0,0,56,0,54,0,0,0,71,0,0,32,54,0,0,0,0,0,0,0,132,64,0,72,0,0,756,0,0,0,34,0,0,191,0,45,0,0,0,0,16,0,0,0,0,0,0,0,0,0,0,0,0,0,32,0,89,0,0,0,0,0,0,29,0,0,0,0,0,0,693,111,0,59,0,0,0,88,0,0,0,0,0,0,0,32,0,0,398,0,0,0,0,0,0,55,0,37,0,0,0,0,0,102,53,0,0,0,0,0,100,0,80,0,54,113,0,0,0,0,24,0,0,0,67,0,0,0,0,34,0,0,228,90,35,53,0,0,0,0,0,0,18,0,0,0,0,0,0,105,0,0,51,55,0,0,0,0,0,25,31,0,62,0,0,0,0,0,0,0,0,34,0,0,0,45,0,39,0,0,0,0,54,0,0,0,156,161,0,0,0,0,23,0,0,0,0,34,260,0,0,0,158,0,0,39,0,0,0,0,0,102,122,0,0,0,95,0,0,0,37,87,0,53,133,0,0,0,100,0,0,45,0,0,0,0,0,0,59,0,67,0,199,58,0,0,0,70,0,16,62,0,48,0,0,0,396,0,0,0,0,0,97,0,0,0,0,0,0,54,453,0,0,177,0,0,0,83,115,0,84,0,100,56,45,0,55,0,0,229,0,0,0,0,0,58,0,0,0,76,0,86,0,0,0,27,0,74,0,48,16,29,64,0,0,0,0,0,0,86,0,68,0,54,0,103,0,0,0,0,34,43,0,131,0,39,0,0,0,97,0,0,75,0,0,83,89,0,83,39,0,43,0,0,31,0,0,0,0,89,0,0,0,0,28,223,70,0,0,0,179,73,52,17,0,0,0,0,136,0,0,0,299,0,437,44,0,0,0,0,127,32,0,0,0,0,0,56,58,0,0,49,0,45,0,0,0,85,0,0,0,100,43,0,0,0,64,0,0,155,0,0,0,0,0,0,0,37,111,247,66,0,73,0,0,68,0,0,54,0,0,23,0,0,0,0,0,71,289,0,166,0,0,0,0,105,0,85,59,0,0,0,59,0,0,0,0,0,0,100,0,37,64,84,0,0,0,0,0,0,0,0,0,22,66,28,0,0,0,0,32,26,0,581,0,32,47,0,0,0,0,0,76,0,0,0,0,0,0,31,62,0,58,0,0,0,0,0,0,0,0,50,0,0,83,0,29,0,20,37,55,40,0,34,33,0,0,0,0,0,39,52,50,151,0,0,28,0,0,32,0,0,0,0,0,42,0,44,0,0,0,0,0,0,0,0,0,0,0,0,0,29,57,0,0,0,0,0,0,0,73,0,232,0,0,36,0,216,79,0,0,103,0,0,0,31,0,51,59,140,0,36,0,129,0,47,47,124,0,0,0,0,56,0,0,0,0,0,0,0,26,50,97,32,0,38,0,0,233,0,0,70,0,35,0,0,0,0,0,237,83,70,0,17,0,0,0,0,48,0,0,0,0,56,79,70,50,0,53,0,0,0,0,45,66,41,0,0,413,0,0,124,96,51,0,47,78,49,0,0,0,0,109,176,100,52,52,0,64,0,0,0,59,0,0,47,0,67,0,0,0,0,0,0,0,49,13,35,0,81,18,0,141,0,0,126,0,0,0,0,136,106,0,54,0,0,44,0,34,23,94,109,75,0,59,0,0,0,0,0,0,24,54,0,0,0,0,76,40,0,0,0,73,0,0,0,54,0,0,0,26,0,0,0,29,0,0,0,305,55,0,0,979,0,45,0,0,0,0,54,0,0,0,238,0,0,0,0,0,71,0,0,0,0,0,0,0,90,0,93,75,0,38,0,0,0,0,0,0,22,86,46,0,0,32,0,0,0,67,35,0,0,0,0,0,17,0,36,0,0,105,0,0,0,128,128,0,0,0,0,53,0,0,0,79,0,0,40,0,0,0,48,99,0,223,0,0,0,0,0,36,88,0,0,68,0,137,59,0,50,0,147,0,0,0,0,0,0,0,0,40,0,0,61,124,0,0,153,0,35,0,0,44,40,96,0,239,0,71,33,0,169,103,0,0,0,0,0,0,87,0,93,0,0,0,0,0,88,145,0,70,0,0,0,76,68,24,0,0,115,0,112,0,0,35,0,0,0,0,0,0,594,0,181,0,26,0,0,89,49,41,0,0,0,0,64,0,71,0,0,0,0,145,24,20,325,38,0,0,17,31,0,0,0,0,47,59,0,0,103,0,0,50,0,0,45,0,0,0,0,0,0,0,0,0,0,140,0,0,112,0,0,93,0,197,0,37,34,0,26,0,0,13,76,0,28,0,0,31,167,0,38,0,0,0,0,64,84,0,119,0,145,0,46,111,0,0,0,0,25,61,52,203,169,31,0,0,66,0,0,0,0,0,0,0,0,0,51,849,0,0,0,0,0,0,66,0,0,65,94,0,0,0,0,0,234,231,78,0,307,0,0,57,47,55,64,0,0,0,72,0,43,42,0,180,133,0,0,0,0,0,28,0,0,0,0,0,0,314,0,0,452,53,130,0,47,0,104,80,0,48,0,0,16,108,22,0,34,0,165,0,0,36,0,0,0,0,0,128,62,0,0,0,314,0,0,37,0,99,0,0,0,52,50,0,0,109,0,0,41,0,108,34,87,81,181,115,0,0,0,0,0,0,0,59,0,239,141,24,0,0,0,0,0,0,0,0,148,95,68,32,49,58,0,77,0,0,0,0,0,0,40,73,53,0,137,43,0,0,0,0,37,93,0,37,84,169,28,0,0,0,48,50,0,0,60,495,47,0,0,49,0,0,0,33,107,0,0,145,42,44,0,53,177,0,0,0,0,0,0,0,28,82,0,0,0,0,37,55,54,68,0,0,247,0,0,79,0,49,0,0,185,0,69,0,0,0,0,47,0,29,170,125,0,0,151,85,0,34,0,60,110,74,119,0,0,311,0,0,0,273,54,160,47,0,0,69,30,0,163,0,0,0,0,243,39,106,0,0,37,0,141,0,0,0,280,0,0,113,113,0,36,100,0,0,117,105,0,316,0,120,0,196,0,82,281,0,34,0,154,0,30,0,0,63,51,0,0,58,41,56,0,59,52,283,0,0,47,0,0,0,0,0,0,0,0,35,161,158,0,26,0,0,55,0,58,114,0,0,0,0,0,0,0,94,93,0,0,69,0,0,0,0,150,0,0,34,0,0,0,148,0,98,104,55,198,0,0,0,23,0,0,0,47,0,0,0,0,126,66,0,0,0,219,0,93,80,0,117,49,0,58,0,0,358,33,108,26,61,0,0,82,47,0,0,0,184,36,43,147,0,174,0,62,0,0,0,25,0,0,40,39,0,0,54,0,0,89,0,0,83,0,0,0,0,0,555,0,54,0,0,48,39,77,61,75,0,25,45,0,67,84,0,30,83,98,38,75,34,0,32,0,0,161,0,91,0,60,0,26,0,0,0,0,0,34,22,0,0,46,37,0,0,0,59,142,465,208,0,122,69,124,86,35,192,31,61,71,69,0,128,201,141,46,0,0,0,0,85,0,0,0,0,76,29,96,210,0,46,0,78,0,0,0,0,0,0,196,0,455,67,0,300,0,0,69,130,0,41,0,385,0,0,91,163,0,0,44,0,0,0,0,0,0,0,177,88,530,87,0,157,73,123,0,127,0,82,85,0,0,190,0,210,0,0,107,0,101,118,0,38,98,0,176,80,29,0,0,0,0,0,656,83,0,0,0,0,0,0,0,0,0,0,73,0,80,0,0,77,0,0,0,0,0,0,0,0,0,43,0,0,0,0,0,0,0,79,205,0,79,48,79,39,108,0,0,0,97,49,0,0,0,199,0,0,0
87,0,0,0,0,0,0,0,0,0,0,48,0,0,0,25,190,111,0,0,0,59,0,0,0,0,0,0,0,0,0,0,0,0,0,30,47,0,0,115,0,0,0,0,0,0,0,46,53,0,55,0,15,0,0,0,0,0,0,0,0,0,0,78,0,0,23,0,0,0,0,0,0,0,0,0,0,0,0,0,0,0,0,38,0,0,0,0,0,0,0,0,0,0,0,0,0,0,0,0,0,0,0,0,0,0,0,0,0,0,0,0,0,0,0,0,0,0,0,0,0,0,0,0,0,0,0,0,0,0,0,0,0,0,0,0,0,0,0,0,0,0,57,60,0,0,0,0,0,0,0,0,0,0,0,0,0,0,0,0,72,0,0,0,0,0,0,10,0,0,0,0,0,0,0,0,0,0,0,0,0,42,0,0,0,0,0,55,0,0,0,0,0,0,47,0,0,0,0,0,0,0,0,0,27,0,0,0,0,109,0,0,0,0,0,0,0,0,0,0,0,0,0,0,0,0,0,0,60,0,0,0,0,0,0,0,0,0,0,0,0,0,0,0,0,0,0,0,0,0,0,0,0,0,35,0,0,0,0,0,55,0,0,0,0,0,0,94,0,0,0,0,0,45,0,0,0,0,194,0,0,0,0,0,0,0,0,0,0,0,0,0,0,0,0,0,0,0,0,0,0,0,0,0,0,0,22,0,0,0,0,75,0,0,0,0,0,0,63,0,48,0,0,0,0,51,0,32,0,0,56,0,0,0,0,0,0,0,0,0,0,0,0,0,29,0,0,0,0,0,0,0,0,0,85,0,0,0,0,72,0,0,0,0,0,0,0,0,0,0,0,0,0,0,0,0,0,0,0,24,0,0,0,0,0,0,0,0,0,0,0,0,30,0,0,0,217,0,0,0,0,0,0,0,0,0,0,0,0,0,0,0,0,27,0,0,30,43,69,0,0,0,80,0,0,38,0,0,49,0,0,0,0,0,28,0,0,21,0,0,0,0,84,0,36,0,61,0,0,0,0,0,26,0,0,0,0,0,0,0,0,0,48,0,0,0,0,0,0,0,0,21,112,24,0,0,35,75,40,0,0,0,35,0,0,0,0,0,44,0,0,55,0,41,0,0,0,0,0,0,0,49,0,29,0,0,0,0,0,0,0,0,0,0,0,0,59,0,0,0,28,42,0,267,0,0,0,0,55,0,0,0,0,0,0,0,0,0,0,0,0,63,43,0,0,0,0,0,39,105,0,94,0,0,0,0,0,0,7,0,48,57,0,0,0,66,0,0,0,0,62,22,0,0,0,0,0,0,0,0,47,50,0,0,81,0,73,107,0,0,0,71,0,56,0,0,0,0,0,15,0,0,34,0,0,0,0,0,0,0,0,0,85,49,0,0,0,0,0,0,0,0,0,0,0,0,0,0,0,67,0,0,0,0,0,0,33,0,0,0,0,0,23,0,0,154,0,0,0,0,0,0,0,0,0,0,0,0,0,0,82,0,0,0,0,0,0,0,0,0,0,0,0,0,0,0,0,0,39,0,0,0,0,0,28,0,0,0,42,0,119,0,0,0,0,0,0,0,72,0,0,0,0,0,79,0,0,0,0,0,0,91,0,0,0,0,0,0,0,0,0,0,33,137,41,0,0,0,0,0,0,0,0,0,0,0,0,0,134,0,50,0,136,32,0,0,0,0,0,0,0,0,0,0,0,0,0,0,0,0,0,0,0,26,0,0,0,0,0,0,35,0,0,0,0,136,0,0,0,0,0,37,0,0,0,0,0,0,0,11,0,0,0,0,0,0,0,0,0,0,0,0,0,0,153,0,44,0,0,0,0,0,0,0,0,57,0,0,0,0,0,0,0,0,0,0,0,0,0,139,59,0,0,0,0,0,61,0,0,0,0,0,53,0,36,0,0,0,0,0,0,0,0,0,0,0,93,49,0,0,0,0,0,0,0,0,0,0,0,0,0,0,0,0,60,0,0,0,0,0,0,0,32,0,42,0,0,0,0,0,0,0,0,0,0,0,0,0,0,0,0,39,0,0,0,0,0,58,47,0,0,0,51,0,0,44,59,0,104,0,52,129,0,29,0,0,69,0,0,0,0,0,0,0,0,0,0,0,43,0,0,0,0,64,0,22,0,0,0,0,60,0,0,38,13,0,0,0,82,0,0,0,0,0,0,40,0,0,0,365,0,0,0,0,0,26,0,0,0,0,0,0,0,0,0,0,52,0,191,0,0,0,0,0,37,0,0,0,0,0,0,0,0,0,0,0,0,0,50,0,0,38,0,0,0,163,26,49,82,0,0,0,0,0,0,0,0,0,0,0,0,38,0,0,0,0,0,38,64,0,0,0,0,0,0,29,34,146,50,0,52,0,0,0,44,0,0,23,0,52,0,221,0,0,44,51,330,138,0,0,78,0,0,0,0,18,0,0,0,0,0,30,0,0,51,0,0,0,47,45,0,0,0,0,0,0,0,0,0,0,0,0,0,0,0,0,0,0,0,0,0,36,0,0,0,23,38,0,0,222,0,90,0,0,0,0,0,0,0,38,0,0,0,0,0,0,0,0,0,0,0,0,0,0,0,0,0,123,0,30,0,0,27,0,18,0,0,0,51,0,0,0,0,65,96,0,0,0,52,0,27,0,0,0,0,0,33,0,0,0,0,0,0,0,55,0,137,0,0,26,0,236,0,0,46,0,0,37,0,0,0,0,0,0,0,0,0,51,0,0,114,0,0,0,32,0,0,0,0,23,0,0,0,0,0,0,0,0,0,0,0,0,0,0,0,0,0,0,0,0,0,51,0,0,0,0,0,0,0,0,20,0,0,0,0,0,0,0,0,0,0,0,0,0,0,0,0,0,0,40,0,0,0,0,0,0,31,0,0,0,40,0,0,0,0,0,0,0,0,0,31,0,0,42,0,0,0,0,0,0,0,99,0,0,0,0,0,0,0,0,0,0,0,0,52,0,0,130,35,0,77,0,0,82,0,0,0,0,0,0,85,0,0,0,0,0,0,66,35,0,0,0,0,0,0,16,0,0,0,0,0,0,0,0,24,0,0,0,0,0,0,0,0,0,0,0,0,245,93,0,0,0,23,0,0,0,0,0,0,0,0,0,0,0,0,0,0,0,0,0,0,0,0,0,60,0,0,0,0,0,0,0,0,35,0,28,0,0,0,63,0,0,0,0,0,0,0,0,0,0,0,28,0,0,0,0,0,0,0,161,0,0,0,0,0,0,65,0,0,140,0,0,47,0,0,0,38,0,0,48,0,0,0,38,0,0,0,31,0,0,0,0,0,0,0,0,0,0,0,0,0,0,0,41,0,0,0,0,0,0,0,0,0,30,0,0,0,0,0,0,0,0,70,0,0,42,0,0,0,41,0,0,0,0,0,0,0,0,47,0,0,0,0,0,0,74,0,0,75,0,0,101,0,0,0,0,40,0,0,0,0,0,0,0,0,0,0,0,0,187,0,0,0,0,0,0,0,0,0,0,0,0,0,261,0,20,0,0,0,0,0,0,0,0,0,0,0,315,0,0,0,0,0,0,0,52,0,20,0,31,43,0,0,0,0,0,42,0,0,0,0,0,66,0,0,0,0,0,0,0,0,0,0,0,26,0,0,0,0,0,0,0,0,0,0,0,54,0,0,0,0,0,0,0,0,0,0,0,0,0,99,0,0,0,0,0,27,0,0,0,0,0,64,0,0,65,0,0,42,0,37,90,0,0,0,0,34,0,0,0,0,0,0,0,0,0,0,131,52,21,0,0,0,0,0,100,0,0,0,56,0,213,53,0,0,0,0,47,0,22,0,0,0,0,0,33,0,0,0,0,0,0,0,0,0,0,0,0,224,30,0,0,0,14,0,0,47,0,0,0,0,0,0,37,0,0,0,0,0,69,0,0,0,0,0,108,0,0,28,0,0,0,0,0,0,234,0,56,0,0,0,0,40,49,61,0,0,0,0,0,34,0,0,0,0,0,66,0,0,0,0,0,0,0,0,0,0,0,0,0,0,0,0,0,0,0,0,0,0,0,251,0,0,0,0,0,0,0,0,231,0,0,90,0,0,39,0,0,0,100,37,0,0,0,0,0,0,0,0,0,0,0,0,45,0,0,26,262,38,0,130,0,0,0,0,0,61,182,0,0,42,0,18,0,0,0,0,0,0,0,0,0,0,134,0,0,99,0,0,0,0,0,0,52,0,0,38,26,0,0,0,0,0,158,59,0,0,0,0,189,0,0,0,0,49,21,0,0,0,0,40,0,0,0,0,50,0,0,0,0,77,36,0,92,175,0,0,0,20,0,0,0,55,0,0,0,0,0,0,0,0,0,0,0,0,293,36,0,184,0,0,0,0,0,0,0,71,0,164,0,0,0,0,0,0,0,0,0,31,0,0,0,73,48,172,0,0,0,0,0,135,136,55,0,0,159,0,0,0,37,0,0,109,0,0,0,0,17,0,122,54,0,0,0,0,0,0,0,0,0,0,0,0,0,0,0,0,44,0,0,0,0,0,0,0,0,0,0,101,70,0,0,92,0,0,0,0,0,404,0,0,0,56,0,0,80,0,140,156,56,0,0,47,0,0,0,0,0,53,48,0,0,0,0,105,0,0,0,0,60,0,0,0,0,0,0,0,50,0,0,0,22,0,0,0,209,0,83,0,319,0,0,0,0,0,0,0,31,84,59,72,0,0,26,0,0,69,0,0,0,0,31,0,0,0,0,146,78,0,0,0,0,0,63,21,159,0,0,0,0,69,30,0,0,0,0,0,29,0,0,0,0,20,0,0,0,0,0,0,0,0,85,86,0,0,0,0,0,0,0,24,108,0,0,0,0,0,0,59,93,195,57,0,0,0,0,0,38,0,0,0,23,0,0,45,194,0,16,45,0,0,0,0,0,0,0,0,23,95,0,63,36,0,0,42,0,0,0,0,0,0,65,48,58,63,0,0,0,103,63,0,73,0,0,15,0,118,0,0,0,0,0,0,0,0,110,0,320,17,0,0,0,0,0,0,30,54,0,52,0,0,0,0,0,0,66,0,0,184,0,120,0,0,0,0,37,93,24,0,0,0,0,0,30,80,0,0,0,0,0,0,46,155,0,0,0,0,41,0,0,0,48,46,118,129,0,58,0,0,0,0,0,0,35,0,0,32,58,0,0,61,0,0,21,0,0,67,0,0,45,0,233,0,0,0,0,0,0,0,0,0,0,0,0,0,66,144,0,0,0,0,68,0,0,46,27,79,0,44,40,0,61,0,18,0,0,24,0,0,110,66,0,0,0,126,19,0,0,0,0,0,0,0,26,0,388,0,0,0,0,0,0,90,0,0,0,0,0,0,0,0,0,48,194,0,0,133,0,0,34,0,0,0,0,0,0,118,0,49,0,0,54,55,0,0,0,0,0,0,0,0,0,0,0,0,1132,0,0,109,36,75,0,0,0,230,0,0,177,78,0,0,93,0,0,0,0,147,0,0,36,0,25,0,0,0,83,0,0,0,0,97,0,0,0,87,0,0,0,0,63,79,0,0,0,0,0,0,0,111,55,0,35,0,0,0,28,0,29,0,0,0,0,0,234,36,0,0,0,109,33,0,0,0,0,0,68,64,0,0,0,16,0,0,0,0,0,0,0,0,0,0,0,77,0,0,71,0,0,0,88,0,40,46,97,0,0,0,99,74,51,0,0,0,0,0,0,0,67,0,56,0,32,0,0,0,51,0,0,0,0,74,0,0,0,0,0,0,0,0,42,0,0,0,0,68,0,0,0,0,0,109,0,0,42,0,0,0,0,104,42,32,0,0,0,0,0,0,0,46,49,0,0,118,0,57,0,0,54,106,54,0,0,0,0,64,0,0,49,0,85,0,0,0,0,0,0,30,39,0,0,0,0,0,102,0,0,34,0,29,0,0,0,0,0,0,92,0,0,0,0,0,0,75,62,0,541,0,338,36,90,0,0,61,0,37,44,124,50,0,0,0,33,49,0,0,0,28,0,0,0,58,0,0,33,0,0,58,0,0,0,0,0,0,34,97,117,0,0,0,0,44,0,0,58,0,0,86,0,0,0,0,31,0,0,0,0,47,0,0,0,84,0,0,0,80,0,0,79,52,0,0,0,82,0,43,0,13,0,0,0,0,0,45,0,0,0,0,0,0,0,0,0,55,53,64,47,66,28,52,0,0,77,56,194,0,42,34,0,28,0,0,35,0,55,53,0,183,43,0,0,0,0,0,34,0,0,0,0,0,44,0,135,30,0,69,0,0,61,0,0,0,0,0,245,0,0,0,0,0,0,0,45,55,0,0,0,82,102,100,0,0,131,0,0,0,0,33,0,0,0,84,0,0,0,0,0,51,0,0,0,0,42,0,0,0,0,29,32,0,0,0,0,0,118,235,34,0,0,0,166,27,0,0,67,33,0,0,86,82,74,52,0,49,0,46,55,0,127,0,0,0,22,0,0,0,106,0,95,0,0,0,0,0,0,256,0,233,89,0,85,0,0,35,0,0,0,0,394,0,0,0,174,0,0,0,0,0,0,0,0,0,0,37,78,109,49,0,58,0,74,0,0,0,39,0,0,0,0,0,102,0,0,0,0,0,72,0,0,82,0,57,265,0,40,0,30,0,0,605,56,0,0,0,0,0,0,0,0,0,0,47,0,45,0,0,59,0,0,198,40,0,40,0,86,0,0,0,0,0,0,0,0,0,0,0,0,0,50,127,0,0,0,0,0,48,0,0,0,60,92,35,0,0
88,0,0,0,0,0,0,0,0,0,0,135,0,0,0,140,0,0,0,0,0,0,0,0,0,0,0,0,0,0,0,0,0,0,0,0,62,0,0,0,0,0,19,0,85,0,0,0,52,0,140,0,0,0,0,0,0,0,0,0,0,0,0,0,0,0,68,0,0,0,0,0,0,0,0,35,0,0,114,0,0,0,0,0,0,0,30,0,0,0,0,0,0,0,0,0,54,0,0,0,0,0,0,0,0,0,32,0,0,0,102,0,0,0,93,0,0,92,0,0,0,0,0,0,0,0,0,0,0,0,0,0,33,0,0,91,0,47,0,0,0,0,0,0,0,0,42,0,0,0,0,0,0,0,0,0,0,0,0,0,0,0,0,0,0,0,0,0,0,0,92,0,20,28,0,0,0,0,0,44,0,23,0,0,0,0,0,0,112,0,0,0,0,0,0,0,0,0,0,71,0,0,0,0,69,0,0,0,0,0,0,0,0,53,0,56,29,0,0,0,0,62,0,0,0,0,0,42,0,0,43,0,0,0,0,0,0,0,0,0,0,0,0,0,0,0,0,0,0,0,0,0,44,0,101,0,0,0,0,0,0,73,33,0,0,0,0,204,0,0,0,0,84,0,43,0,52,0,398,0,0,0,0,0,0,37,0,0,781,57,0,0,0,0,0,0,0,0,0,0,0,0,0,0,0,107,56,0,0,76,35,154,0,0,0,0,0,0,0,0,0,0,0,0,0,29,0,0,0,0,116,0,0,0,0,0,0,0,0,0,0,0,0,0,0,0,0,0,73,92,0,16,0,0,0,0,0,0,0,50,43,0,62,0,0,0,0,0,0,0,0,0,0,0,0,0,0,0,0,0,0,0,0,0,0,0,0,0,0,0,0,0,160,0,0,0,0,0,0,66,0,0,0,0,0,0,0,0,0,0,0,0,0,0,0,0,0,0,63,0,0,0,0,0,0,49,21,0,0,0,0,0,0,0,0,0,18,0,0,0,0,0,0,0,41,0,0,0,0,0,0,0,0,0,0,0,0,0,0,0,80,0,0,33,0,0,0,0,0,0,0,0,0,0,0,0,37,0,108,32,51,0,0,0,0,0,0,0,42,0,0,0,0,75,0,0,0,0,63,0,0,85,0,69,0,0,0,0,0,0,0,0,0,0,0,0,0,0,0,0,18,0,47,0,0,0,0,0,212,0,0,0,0,0,0,0,0,0,0,0,0,0,77,0,0,0,0,0,0,136,39,0,0,0,0,0,0,0,0,0,131,35,0,0,0,0,0,0,0,0,0,0,0,0,0,0,0,0,0,0,0,0,0,0,231,0,0,0,0,0,0,516,0,0,0,0,0,0,0,0,0,0,0,0,0,66,0,0,0,0,0,0,54,34,0,0,0,0,0,0,0,0,0,0,0,0,32,0,0,62,0,0,0,0,0,0,0,0,0,0,0,0,0,0,0,100,0,0,0,0,0,0,0,46,97,0,0,0,0,0,0,0,0,0,0,37,33,0,0,34,62,0,0,0,68,0,19,0,0,0,0,0,0,0,0,0,0,0,0,0,0,0,0,0,0,0,76,0,0,0,0,0,0,0,41,0,0,0,0,0,0,114,58,0,0,0,0,37,0,0,97,0,0,57,0,209,0,0,0,0,0,29,0,0,0,0,0,0,127,0,36,0,337,0,0,0,0,0,0,0,0,0,0,0,0,0,0,0,0,0,0,0,0,0,0,29,0,0,0,0,0,0,0,0,0,121,0,0,0,0,211,0,57,0,0,0,35,15,0,83,0,0,0,0,0,0,0,15,43,0,0,0,0,0,159,38,0,0,0,0,0,0,0,0,0,0,0,0,0,0,47,0,121,0,0,0,0,0,0,67,176,0,0,0,0,0,0,19,0,0,0,0,36,0,49,0,0,0,0,0,66,0,0,0,0,0,141,68,0,51,0,0,0,26,0,0,0,0,0,0,0,0,0,0,58,0,0,0,0,0,0,0,72,0,0,0,0,0,0,0,0,0,0,0,0,105,55,0,0,64,0,0,0,9,0,0,0,0,33,58,22,0,82,0,0,390,37,0,52,0,0,103,23,20,0,0,70,0,0,0,0,0,0,0,0,0,0,30,50,0,0,0,0,96,0,23,0,0,36,0,30,0,27,0,68,0,48,0,97,0,0,0,0,53,59,39,0,97,0,332,0,0,0,120,0,31,0,100,0,0,0,75,0,0,0,0,138,0,67,0,156,0,0,0,0,0,0,0,0,0,0,0,48,0,0,123,29,0,148,35,0,36,0,50,0,38,0,227,57,46,0,0,0,0,0,0,91,0,38,0,0,0,0,0,0,54,0,60,351,0,0,21,63,53,0,32,59,160,0,0,43,0,0,0,262,0,0,116,55,55,0,112,0,0,0,197,151,113,74,0,0,0,0,88,0,0,0,0,0,0,0,50,0,0,65,0,0,0,0,36,0,55,49,115,30,0,0,44,0,0,39,30,44,0,0,0,0,0,0,0,0,0,0,96,0,0,118,49,0,128,0,50,0,62,0,0,0,0,40,30,0,0,95,173,0,0,26,94,51,0,0,0,0,34,0,0,0,72,0,0,59,27,68,52,0,0,0,0,0,0,28,0,156,97,41,46,72,0,66,0,0,0,0,29,58,0,0,55,51,0,45,0,0,0,28,74,142,39,0,0,0,92,0,0,0,26,0,0,0,25,0,0,0,61,53,0,0,0,0,0,72,0,32,73,70,0,0,0,0,59,0,0,0,0,0,0,0,0,0,0,0,0,0,41,71,0,0,0,0,0,0,53,0,70,63,0,0,0,0,0,0,0,0,36,0,0,0,0,0,0,0,0,87,0,60,0,0,0,0,0,166,112,0,0,0,0,0,27,0,0,0,0,0,0,0,0,0,0,0,0,0,0,0,46,0,0,0,0,0,0,0,164,0,0,0,0,0,0,69,122,0,0,144,0,0,0,0,174,97,0,0,0,0,432,0,77,0,0,0,0,31,0,0,40,41,82,0,0,0,0,0,0,46,0,0,46,0,0,0,0,0,0,0,0,50,0,0,0,0,0,0,0,0,193,0,0,0,155,201,0,233,0,24,119,0,0,0,0,0,82,0,0,0,0,0,0,0,0,0,0,0,338,65,0,0,0,0,0,0,0,62,69,0,70,0,147,0,151,0,143,0,57,0,0,0,0,0,0,0,44,0,47,0,22,0,0,38,0,0,214,0,75,0,0,0,0,95,0,0,34,0,0,0,0,0,0,0,0,0,102,0,0,0,71,0,0,0,65,0,89,159,0,0,0,0,0,0,0,0,0,0,0,38,0,99,0,35,0,0,58,0,0,0,90,120,42,0,0,0,0,0,0,0,0,0,179,0,0,50,0,0,0,41,0,0,0,0,0,62,36,0,0,0,42,14,0,0,0,0,0,0,61,0,0,0,30,0,0,39,0,0,0,0,0,0,33,0,91,0,21,36,0,0,39,77,0,0,0,40,0,0,0,0,87,0,179,0,0,22,0,0,0,0,60,0,0,73,0,0,0,39,33,0,0,82,68,0,0,0,0,0,0,0,44,0,0,205,0,60,0,0,0,0,0,0,0,42,0,0,0,0,0,0,0,0,0,0,95,0,0,0,0,0,0,20,0,0,0,0,0,0,0,149,0,0,0,0,0,0,0,87,0,46,57,0,0,36,0,0,25,0,74,0,0,0,0,117,0,0,10,0,54,0,0,0,0,0,0,0,0,0,0,0,0,0,0,0,100,0,0,0,0,0,0,0,105,0,0,0,168,0,98,20,0,0,0,45,72,0,62,0,0,0,33,0,0,0,0,0,0,0,41,0,13,0,50,0,0,0,0,0,0,0,0,0,0,71,0,0,0,0,0,0,0,0,128,82,23,0,0,0,0,35,0,34,0,0,0,0,0,0,0,0,0,0,50,0,0,0,0,0,0,59,39,0,0,0,0,303,0,42,0,0,0,48,0,74,0,0,25,60,0,0,0,0,23,0,0,0,0,93,37,0,0,0,0,0,0,0,0,249,0,0,60,0,0,33,35,0,101,0,0,47,43,0,0,0,21,0,0,0,0,0,0,0,0,0,0,0,0,0,121,0,0,0,85,0,0,42,39,0,0,0,0,0,0,0,77,0,0,48,0,0,0,0,0,0,0,0,30,0,0,39,58,26,107,0,0,0,54,0,0,0,0,0,0,76,144,35,31,0,0,0,64,0,0,24,150,0,206,40,0,30,0,139,43,0,0,40,0,0,0,0,0,60,0,162,0,0,0,81,0,0,43,0,0,0,0,0,95,0,0,0,0,0,0,0,0,67,39,0,0,67,0,0,190,0,0,0,0,0,0,0,0,0,0,194,109,117,0,0,0,0,0,0,60,0,0,0,0,0,86,0,24,356,75,0,0,0,0,46,0,82,0,0,360,0,0,0,0,0,0,41,0,0,0,0,0,0,119,0,0,112,39,0,50,0,0,0,45,0,0,0,0,0,0,0,55,0,0,0,0,0,46,0,0,36,0,58,90,0,0,79,0,0,0,0,95,174,0,0,0,24,0,0,66,0,0,123,0,35,0,76,0,0,0,0,41,0,126,0,0,0,0,62,0,0,0,0,0,0,73,0,0,0,0,0,11,0,0,36,39,0,0,0,265,41,0,0,462,0,0,0,0,0,0,66,0,0,0,90,0,0,0,0,0,0,19,56,0,0,0,0,68,56,0,29,174,0,0,0,0,0,0,0,0,41,0,0,0,240,40,76,0,0,80,0,0,0,16,0,0,0,0,0,66,0,0,0,0,0,55,79,0,0,0,0,0,47,0,0,38,0,0,0,0,0,0,0,222,0,87,0,0,0,0,0,0,0,41,0,56,105,0,0,0,54,85,0,0,0,0,0,25,0,0,0,0,0,0,179,62,0,0,32,0,0,0,0,59,0,91,0,42,0,0,0,0,55,47,0,0,0,0,34,0,39,0,0,0,18,0,0,0,0,76,0,0,51,0,44,88,0,0,0,0,0,0,146,0,0,46,0,23,0,0,0,0,0,0,61,0,0,0,0,0,0,0,0,0,0,0,0,0,0,0,0,0,0,223,41,36,173,32,0,0,0,0,0,0,0,21,0,41,54,0,0,0,0,56,0,0,65,59,0,0,0,0,37,0,87,0,0,65,0,0,0,116,0,0,0,106,0,0,70,28,32,0,0,29,0,0,54,163,0,0,68,0,0,0,0,113,0,0,0,0,198,0,22,0,0,0,0,70,66,0,0,29,13,109,0,0,33,0,0,0,0,0,0,101,0,0,27,89,0,90,61,0,0,0,0,120,0,0,127,50,0,0,22,0,59,0,48,105,0,0,153,0,0,0,0,0,0,0,0,0,0,12,33,0,0,170,0,0,0,0,0,0,44,0,0,0,0,0,16,0,0,0,384,30,0,0,87,0,25,76,0,0,0,0,0,97,0,0,71,0,64,24,0,0,0,24,0,0,0,201,76,0,0,0,125,0,121,51,158,165,0,0,37,44,0,24,0,94,0,0,0,55,166,46,86,76,0,155,0,0,0,16,0,37,0,0,0,241,0,0,0,0,0,45,0,57,0,30,109,38,62,0,0,0,43,0,0,48,0,35,0,0,153,78,53,0,219,13,0,26,0,0,32,0,0,0,0,96,0,0,0,0,0,0,0,0,108,560,92,0,0,0,18,0,0,29,116,0,0,0,0,62,30,47,151,0,0,28,0,0,0,0,0,64,0,0,0,0,0,0,53,75,0,0,93,0,0,102,0,45,0,0,143,79,71,0,50,0,0,17,40,34,180,0,0,0,181,0,58,61,26,0,65,0,31,0,0,292,0,57,75,0,37,0,72,0,0,38,29,0,146,0,41,0,0,339,0,0,0,0,0,0,146,0,0,28,107,0,59,45,47,54,0,162,0,155,24,0,0,46,0,0,29,0,0,21,229,0,0,0,0,0,65,0,0,52,65,0,0,55,0,68,0,131,133,0,0,45,40,0,87,0,0,28,0,0,0,0,237,105,0,23,0,0,29,0,75,352,0,0,72,0,0,0,0,67,131,0,0,0,21,0,0,53,130,0,0,0,0,0,0,173,0,0,33,0,0,0,0,0,0,0,0,0,86,0,0,0,0,0,93,0,0,0,45,0,26,0,119,0,0,42,49,0,0,0,0,74,0,0,57,0,0,0,0,0,0,101,19,0,66,0,0,0,0,0,0,75,0,0,0,0,0,25,0,186,105,0,40,0,0,0,0,0,0,0,0,13,0,0,0,0,0,0,0,0,0,0,57,30,40,71,0,0,0,80,0,0,0,0,0,0,0,0,0,0,24,0,0,0,0,0,0,0,0,0,0,0,0,0,0,67,0,0,0,0,0,46,420,0,0,0,0,0,0,78,0,0,0,0,0,0,51,94,0,0,18,0,0,0,0,200,0,0,0,0,0,40,0,0,0,56,0,0,0,0,0,0,58,0,65,85,0,64,0,0,66,0,0,46,0,176,0,0,0,64,0,0,0,0,0,0,0,39,21,0,65,0,0,0,0,0,0,170,0,0,0,83,0,0,0,0,0,70,0,0,46,0,56,0,0,0,57,0,0,98,0,0,0,0,0,0,0,0,0,0,0,0,0,0,0,0,0,0,0,51,18,0,0,75,0,0,200,0,0,0,0,0,0,173,0,0,0,0,0,0,0,0,84,0,29,72,0,0,0,0,0,0,0,0,0,0,27,508,0,0,0
89,0,37,33,60,59,195,116,0,160,0,595,52,68,53,321,317,475,50,92,0,601,122,161,125,269,30,75,93,52,57,0,120,0,91,239,264,27,156,588,507,147,0,35,552,0,219,84,554,0,424,135,281,208,87,328,33,52,0,78,0,179,240,432,0,149,254,126,77,47,690,0,74,73,0,718,292,94,797,83,342,0,110,318,356,109,58,39,115,102,430,95,74,205,213,77,0,0,102,0,0,0,88,376,75,0,114,121,146,135,629,91,153,207,331,225,123,238,59,57,280,0,392,95,54,92,67,58,222,66,600,0,484,66,156,174,419,194,211,198,248,124,234,885,0,57,130,72,219,149,27,86,141,65,287,154,0,132,74,322,378,127,45,354,116,145,181,99,279,260,377,351,63,186,59,143,65,166,388,159,0,461,39,47,78,93,47,1191,574,0,0,0,276,202,403,0,172,0,43,300,91,184,308,34,740,62,90,59,57,213,221,347,72,134,60,351,154,210,35,81,154,543,68,0,506,44,30,131,597,49,281,0,72,48,44,0,44,171,298,103,59,191,76,143,101,20,239,0,118,0,112,91,478,93,508,136,190,29,44,243,436,367,275,43,163,0,45,913,275,514,71,51,393,666,211,155,214,58,982,450,180,0,317,266,301,153,44,396,5041,164,68,87,523,0,46,122,71,142,204,168,126,80,99,105,0,226,262,216,37,196,185,739,410,0,36,74,103,260,258,36,130,98,0,127,863,313,91,335,55,41,456,0,80,124,129,47,0,45,39,91,0,101,25,85,139,69,0,38,191,1485,262,187,43,173,524,37,116,322,567,253,157,118,178,0,178,354,558,202,168,26,139,174,274,74,106,229,477,0,0,598,161,0,100,160,193,2076,87,93,117,42,72,75,791,54,177,101,958,79,165,316,0,157,329,0,96,210,47,0,150,0,190,24,149,97,0,0,454,160,271,188,63,224,249,35,339,251,126,59,470,96,0,60,151,37,567,0,77,145,46,236,21,0,390,203,380,223,329,279,0,159,0,0,506,0,203,0,92,129,28,85,116,80,390,119,18,128,71,108,86,70,78,103,374,210,75,152,270,503,434,218,315,87,212,422,308,0,0,156,194,267,437,147,59,172,66,108,331,415,294,39,0,351,120,1257,107,163,496,126,175,51,96,42,0,89,34,0,312,164,253,170,216,147,135,692,129,48,124,54,506,49,101,36,0,0,151,177,0,0,0,184,94,446,429,99,59,32,242,48,116,589,431,285,28,107,131,66,51,185,157,29,322,436,0,121,63,665,72,0,34,89,422,303,69,26,77,61,0,338,63,0,311,405,287,0,525,38,592,683,74,50,159,1122,0,255,0,0,0,312,34,71,57,62,97,219,135,188,168,223,153,164,0,76,617,566,102,50,207,236,46,132,70,31,0,87,153,65,164,74,0,214,161,52,54,47,71,82,77,155,0,0,0,42,153,0,79,635,52,166,82,535,473,66,0,204,862,0,211,88,83,226,276,99,70,43,31,399,138,220,106,110,323,77,223,58,264,128,128,86,527,132,0,86,226,114,338,70,130,47,130,0,326,64,123,0,116,43,121,43,279,0,61,172,57,401,280,46,82,168,302,156,100,353,503,32,28,39,0,88,462,136,388,207,130,1972,625,397,272,248,0,0,330,155,61,77,359,30,18,99,638,203,201,104,1681,308,0,99,0,24,165,0,46,115,100,38,259,83,44,144,0,64,115,172,62,88,63,207,25,92,39,307,196,174,139,81,0,570,137,41,37,44,220,123,429,48,0,0,147,300,227,473,0,0,0,94,0,135,0,100,87,137,74,173,124,87,543,84,168,203,212,41,140,29,568,323,82,554,52,89,89,149,285,51,463,53,74,74,234,66,36,467,363,15,56,62,62,0,186,152,0,40,0,47,695,53,261,214,0,110,131,38,245,62,240,101,36,0,883,690,188,383,63,107,58,483,111,83,71,13,31,102,40,47,28,98,597,250,81,55,0,107,122,97,302,0,169,153,0,121,31,71,108,376,67,133,258,208,854,84,55,135,197,469,0,83,0,112,73,309,352,935,332,66,134,50,132,987,199,148,177,31,146,244,179,59,98,210,96,76,167,124,83,166,83,0,112,82,190,300,305,46,47,71,64,185,48,255,27,86,92,145,237,0,200,346,146,41,161,155,683,48,118,111,101,175,574,252,71,346,153,728,71,117,46,543,230,138,0,1179,75,0,153,517,20,29,184,205,1260,128,1170,0,2010,326,121,109,100,48,97,59,0,262,194,56,157,51,0,455,181,152,799,339,99,138,0,227,68,353,2166,735,135,184,0,145,157,98,187,0,676,86,117,51,34,247,122,135,111,318,0,318,2621,205,335,131,260,208,103,64,546,366,165,0,78,0,235,92,997,0,235,323,272,275,0,911,156,158,122,960,980,192,633,54,280,366,88,394,88,119,79,237,36,167,0,106,0,93,1162,109,73,70,177,111,165,490,123,282,164,151,183,107,31,88,76,125,360,0,83,146,198,0,0,89,85,272,212,716,76,66,1135,125,0,719,91,252,509,147,81,0,79,293,125,312,0,51,361,1393,42,67,70,278,163,15,237,0,136,0,42,76,78,561,152,116,169,214,210,368,434,0,59,58,452,143,76,191,622,177,765,224,270,70,274,156,230,45,93,147,949,0,99,485,579,59,74,81,16,0,73,704,371,92,97,350,53,729,382,0,568,124,77,204,57,0,0,36,0,135,239,0,120,259,75,51,1287,50,75,152,405,0,63,113,33,174,143,54,40,214,0,80,63,57,0,163,0,0,38,134,76,105,91,0,0,78,69,378,73,91,153,51,115,0,154,0,96,40,53,51,263,0,154,0,44,126,0,142,123,54,164,58,0,149,83,419,338,478,39,95,21,62,509,139,130,0,337,207,65,74,85,142,29,51,90,0,118,122,59,187,0,18,90,63,108,358,43,651,148,0,41,191,51,97,209,183,50,0,156,77,363,114,65,323,198,124,511,54,49,3009,72,202,0,118,90,47,1253,29,90,196,0,207,30,382,177,52,24,76,154,53,60,544,0,43,0,289,46,105,0,206,162,93,43,28,109,93,111,109,111,460,17,19,62,1932,744,80,363,61,163,172,246,80,53,177,65,425,104,65,133,60,0,682,0,164,172,581,0,549,400,0,511,87,0,31,0,38,421,157,0,294,150,305,148,292,0,480,0,153,299,0,42,272,267,70,145,102,0,101,201,0,119,69,233,304,30,1193,303,110,147,315,0,89,533,67,0,477,0,0,393,0,51,47,262,41,95,507,115,171,56,214,225,226,65,185,0,533,241,62,74,157,126,161,120,65,129,171,0,204,126,225,225,65,92,0,0,406,78,71,56,810,416,194,163,131,103,88,0,62,347,111,254,514,50,0,39,320,61,128,113,71,24,146,48,0,222,179,90,0,96,128,121,393,47,158,204,0,85,548,0,57,34,145,120,0,279,142,39,41,67,0,0,277,0,202,0,326,232,0,0,463,531,103,70,190,126,213,0,99,190,990,0,495,0,141,153,82,64,66,131,542,227,43,260,1251,29,0,597,136,66,91,197,530,0,56,176,123,147,76,0,393,0,54,1184,0,101,123,90,98,265,31,70,96,93,95,353,0,67,0,35,42,158,0,30,333,723,145,35,58,177,136,131,0,286,118,94,46,77,98,707,0,163,114,0,81,182,34,585,417,291,101,111,104,168,66,0,291,93,63,186,294,67,220,360,104,97,111,0,353,72,52,142,88,314,53,80,34,0,43,456,277,124,64,26,737,212,144,111,368,49,218,93,518,0,0,0,684,70,911,292,246,58,38,196,170,0,223,44,318,62,164,99,149,219,46,125,43,0,36,146,0,128,682,0,0,847,69,32,35,315,143,30,143,330,123,104,42,43,50,42,156,180,328,839,224,224,243,0,49,202,0,111,345,0,0,116,0,84,284,0,0,65,569,77,346,64,92,66,0,167,529,236,154,105,55,478,145,973,65,0,40,128,80,291,83,104,141,137,97,0,54,0,42,0,119,0,82,829,141,128,36,0,0,59,108,323,0,1424,0,82,200,25,46,96,176,0,552,162,0,209,52,89,120,76,262,0,147,78,131,70,0,62,112,86,0,202,0,0,471,0,107,46,176,215,722,245,64,503,85,136,45,0,61,354,416,165,195,501,43,113,124,0,0,0,37,61,90,30,89,180,181,293,251,205,41,51,76,0,40,0,179,66,212,188,469,83,90,134,105,69,1051,160,0,129,207,0,443,157,19,66,68,735,123,57,0,344,39,156,55,73,45,171,81,262,0,0,0,281,31,211,409,121,150,34,0,96,235,0,0,140,115,0,0,73,137,200,737,59,55,186,56,0,1561,0,0,315,65,52,0,97,149,155,24,942,210,584,0,271,69,68,0,43,270,86,190,79,52,207,243,63,152,1077,243,66,0,53,125,297,401,259,96,106,418,0,0,477,94,311,95,436,118,153,0,0,48,107,472,398,302,308,91,0,95,40,0,55,226,0,35,246,16,116,0,0,617,112,44,0,0,133,155,63,58,283,84,529,142,40,60,466,70,44,0,43,354,1731,64,120,0,98,66,0,231,76,83,786,61,116,180,311,25,61,0,89,202,204,532,28,151,36,60,188,102,138,0,0,265,0,194,0,224,0,160,0,140,0,0,152,432,0,51,94,542,70,169,0,1115,42,0,0,0,0,0,357,136,137,63,868,48,0,0,17,0,171,122,139,109,69,276,118,102,91,0,187,339,0,170,67,36,90,151,250,138,133,226,98,49,654,169,144,119,135,90,129,0,46,36,71,39,54,239,100,78,459,151,32,0,0,273,99,67,0,45,0,276,127,98,239,306,0,0,59,0,196,86,168,821,124,402,151,0,49,59,37,106,27,74,0,152,239,1202,111,169,124,125,61,42,133,0,83,84,92,97,0,71,65,38,430,1081,0,139,186,0,121,0,52,119,0,131,146,568,62,116,157,92,408,205,0,275,74,53,109,62,435,78,58,81,0,337,55,52,98,343,216,340,278,99,88,177,118,71,58,255,209,0,173,76,0,122,149,71,161,109,0,0,638,0,322,53,81,88,0,210,413,56,0,136,45,62,73,40,316,27,108,64,35,764,108,159,479,62,118,0,160,105,42,158,0,130,469,186,499,478,169,0,27,122,79,110,91,193,39,0,91,104,119,0,275,88,176,238,0,0,285,152,0,201,234,294,73,107,130,69,0,53,0,46,159,0,122,285,51,444,319,56,37,0,0,204,0,218,227,117,406,84,81,104,107,284,0,183,144,74,356,187,128,301,258,198,36,0,174,190,46,42,66,289,33,78,130,148,97,507,92,0,74,121,50,178,502,238,432,79,199,0,73,0,268,47,406,342,187,0,368,0,0,121,82,112,95,51,0,38,320,167,63,325,104,432,99,0,0,0,43,47,320,109,40,94,164,34,151,2138,32,0,1307,132,249,49,418,55,562,253,0,299,225,0,72,225,37,0,445,66,810,263,204,139,115,130,70,75,36,1053,217,0,0,40,579,0,288,241,446,364,37,87,136,111,233,111,0,798,0,118,133,106,1020,224,847,362,295,667,0,39,60,89,127,122,114,312,0,1682,512,97,54,35,194,153,72,160,132,178,290,395,375,144,147,86,205,111,52,137,108,99,0,85,399,294,260,67,826,45,0,430,68,24,307,723,0,147,128,273,143,75,0,154,164,162,48,36,46,2774,239,0,71,349,79,84,74,258,783,0,167,272,68,160,89,176,366,147,0,41,49,65,104,92,155,163,139,123,102,43,171,113,170,307,66,83,399,0,62,241,86,137,179,104,725,266,471,102,281,37,51,256,88,266,974,173,0,0,568,127,213,122,73,116,211,149,193,51,81,1980,181,661,125,390,340,493,371,403,0,116,104,81,411,170,237,65,50,210,133,201,42,62,153,0,957,0,58,112,1878,40,138,665,161,225,182,830,35,109,494,159,163,2143,100,1349,255,372,0,116,711,74,114,143,288,110,167,55,62,143,191,0,351,315,78,324,0,359,393,534,61,206,184,42,215,38,0,134,128,148,0,140,443,794,64,324,0,0,109,0,232,802,133,233,467,0,64,68,179,381,745,37,38,111,283,0,60,106,261,0,0,151,341,70,29,378,160,93,308,145,313,245,138,0,61,0,0,32,520,45,225,92,0,177,219,57,51,0,745,0,435,121,265,133,307,193,140,0,51,674,189,793,105,222,144,0,60,0,0,101,111,428,427,48,486,258,301,34,147,23,328,152,70,66,72,34,39,52,59,367,299,0,223,72,54,225,211,0,0,90,65,435,137,114,0,54,117,181,120,259,144,66,272,72,42,65,712,120,57,705,162,173,105,173,97,60,0,70,616,0,146,0,109,64,150,82,29,94,411,39,69,44,98,156,72,275,36,98,0,181,379,894,1651,192,139,144,193,510,107,243,60,250,205,190,104,191,237,264,307,203,106,45,112,136,0,458,274,0,69,102,215,596,0,328,99,391,63,61,0,107,112,203,434,42,1210,59,0,672,34,0,127,200,22,96,109,928,0,38,144,354,0,0,184,64,0,222,0,356,66,220,366,244,1305,117,0,493,60,460,78,300,0,387,187,44,40,247,75,352,45,0,232,0,395,469,86,0,427,100,496,482,134,0,0,101,47,34,1403,248,0,0,99,245,88,131,0,49,75,75,188,64,116,62,0,316,59,0,133,117,141,370,68,0,0,791,35,10,41,0,41,0,50,209,638,0,140,173,482,81,251,156,40,68,90,90,115,62,212,1321,116,71,120
90,0,35,51,115,106,178,133,0,238,0,501,98,68,72,563,933,481,44,111,0,358,131,179,214,206,0,58,169,79,52,40,193,0,99,296,498,38,97,680,243,107,101,69,502,0,123,188,868,37,466,132,173,312,55,438,93,48,0,88,0,201,163,573,46,85,299,70,101,62,758,0,113,71,61,510,383,42,799,128,584,50,75,337,769,108,71,55,164,163,573,68,140,144,301,127,96,0,151,82,0,91,59,543,93,54,208,55,299,201,548,164,187,222,352,77,108,356,83,64,714,53,384,88,0,58,92,81,319,29,200,58,545,41,323,212,251,161,131,125,303,194,271,1093,0,27,142,149,116,360,0,107,271,66,205,186,59,227,62,518,548,95,69,180,184,257,172,99,283,564,633,302,114,119,76,177,83,115,241,117,90,569,0,90,142,135,116,1184,487,0,39,0,292,100,414,78,192,86,58,227,60,118,401,72,868,46,99,51,110,452,398,307,79,211,84,249,122,265,0,93,318,626,72,51,453,40,56,250,809,56,243,56,52,93,0,0,89,103,409,153,31,431,90,99,120,0,434,0,133,28,72,180,466,168,334,140,113,0,113,217,657,473,167,109,97,53,85,785,284,568,117,95,354,610,212,133,186,0,2120,370,285,31,219,444,138,185,87,708,5105,283,175,117,441,48,28,154,41,168,247,148,58,88,224,198,0,600,399,253,58,251,205,769,382,27,0,166,235,394,246,62,126,72,54,104,796,330,125,502,43,62,679,0,129,203,237,128,48,59,57,119,0,142,54,199,221,92,38,46,263,1602,528,293,0,399,795,44,178,247,943,374,174,129,189,57,199,723,669,328,161,61,318,140,267,91,276,527,411,0,0,406,139,70,150,159,143,2743,154,180,186,82,98,44,1474,42,246,116,1444,179,244,509,38,87,449,0,67,175,126,112,142,47,216,0,238,125,0,73,579,285,558,734,61,379,246,60,421,227,235,108,414,0,0,50,129,39,347,0,103,211,125,337,29,38,478,419,407,343,855,230,64,152,0,0,434,0,115,52,152,86,60,103,447,78,490,213,62,193,57,214,79,111,94,98,697,180,183,129,296,1114,432,189,582,45,377,254,232,32,41,264,276,319,427,169,62,307,74,222,473,380,237,61,0,377,140,722,170,275,622,212,169,43,167,54,0,106,99,49,672,63,215,358,353,121,493,596,276,49,124,96,502,80,91,65,0,25,351,142,43,0,0,304,84,409,526,92,114,43,159,59,210,481,739,228,78,130,135,107,76,173,145,108,327,1131,0,210,224,508,92,46,0,121,344,412,74,0,88,42,0,299,36,144,497,617,373,0,701,35,763,1190,166,48,96,1060,0,189,39,32,32,350,53,112,117,81,166,161,103,374,119,414,81,94,0,73,465,592,167,45,54,200,36,213,57,0,0,66,146,43,118,76,0,203,492,51,72,123,57,81,168,155,87,0,43,43,251,0,0,816,34,118,62,415,427,47,42,279,853,0,212,204,142,407,221,106,134,0,113,295,188,320,48,161,385,88,265,0,781,178,237,138,604,115,65,53,185,120,457,32,116,0,360,0,360,77,104,28,148,50,545,68,583,36,81,108,52,345,226,46,153,159,234,122,62,386,538,0,60,0,0,115,239,115,814,232,137,2292,552,511,183,402,0,45,233,253,68,77,147,0,38,131,858,190,324,126,1102,177,0,162,0,35,213,0,73,160,103,58,354,65,30,96,41,66,94,322,96,157,39,118,0,127,0,346,237,155,110,109,41,656,104,46,70,155,322,103,368,26,0,16,207,146,239,864,0,0,164,61,0,106,0,104,204,111,197,106,57,122,504,165,291,199,209,0,130,23,272,750,65,387,69,124,49,132,420,63,638,136,111,80,145,145,40,353,658,0,61,185,46,0,146,294,20,50,0,66,807,87,397,160,0,120,117,58,383,0,223,72,46,0,781,451,156,675,115,45,110,295,119,142,0,0,76,77,0,116,63,81,412,317,64,46,0,91,158,167,412,71,140,179,0,152,0,106,97,244,70,238,186,283,1093,144,61,82,132,366,0,156,0,86,71,613,726,444,258,74,103,47,53,206,341,168,284,38,149,162,160,66,45,152,110,33,75,91,73,65,32,53,80,115,156,131,198,56,81,135,0,241,39,214,58,74,89,63,162,0,218,323,69,36,95,35,478,0,103,251,71,138,460,216,65,89,149,552,81,68,0,587,178,76,0,464,92,0,122,405,0,0,102,194,739,50,1171,0,2043,289,83,96,45,0,0,51,27,82,116,53,295,47,0,448,104,183,423,245,83,177,0,212,71,348,1051,294,109,163,63,73,118,93,85,0,502,121,71,25,72,180,42,77,142,216,0,294,1348,121,310,65,155,187,96,45,433,206,140,38,100,0,149,180,408,0,186,186,246,341,0,442,153,100,149,393,1858,131,282,60,250,152,105,449,46,99,140,110,0,164,0,122,0,67,864,66,42,0,205,87,83,592,58,62,112,182,107,89,43,61,95,42,265,0,77,102,68,0,0,189,88,600,173,534,0,87,948,0,0,951,86,338,335,123,142,0,74,165,83,436,0,19,415,1038,0,28,43,53,220,39,116,48,135,64,54,29,61,702,131,171,52,172,229,144,260,0,84,136,507,110,0,194,181,399,440,56,131,0,333,92,272,37,110,166,410,41,80,395,196,53,0,71,0,0,51,396,429,104,53,268,113,1052,148,0,373,132,57,77,0,27,0,60,107,100,224,0,107,274,65,23,1099,52,84,55,107,72,104,177,56,246,154,34,55,61,93,54,114,37,0,306,0,0,82,332,122,88,174,0,0,179,79,275,59,176,152,44,116,0,131,0,49,0,92,0,149,0,202,0,46,148,35,124,98,54,122,46,0,103,82,249,197,50,0,48,0,63,579,115,70,88,236,192,66,51,142,92,0,55,61,0,155,130,66,147,0,43,47,81,70,87,0,512,147,0,52,285,62,0,279,277,0,0,232,34,152,18,65,522,364,75,357,58,0,1153,63,144,0,190,131,40,1090,26,106,102,92,182,0,301,207,0,0,0,205,59,60,556,31,85,61,323,48,181,0,322,308,81,73,56,91,104,78,0,152,38,32,0,39,2334,755,65,271,62,103,242,381,67,0,156,41,251,113,88,99,128,23,773,49,185,132,795,29,301,139,0,484,0,0,53,0,0,175,52,80,170,56,344,130,231,44,535,38,50,293,0,39,168,54,73,294,170,47,31,147,158,198,50,194,262,51,633,402,71,240,252,62,66,113,56,0,483,0,41,366,0,0,64,349,0,166,127,160,157,63,354,183,237,179,165,0,77,273,0,88,147,67,169,71,57,89,266,20,264,126,165,317,57,152,44,66,399,61,107,46,556,289,217,198,92,86,80,0,81,281,105,178,208,55,0,123,38,69,90,120,138,47,60,0,0,79,364,123,0,123,177,0,396,23,0,157,49,28,133,26,19,42,135,141,54,256,150,98,36,70,0,0,193,57,241,0,275,314,44,0,535,168,72,95,520,130,323,0,0,181,653,0,398,59,91,0,134,46,150,258,396,160,83,361,1218,0,0,501,251,42,125,340,411,45,94,87,71,160,0,59,280,28,30,334,0,195,0,56,163,239,82,46,30,115,49,752,61,80,0,0,66,162,0,153,508,288,55,69,97,79,94,120,62,321,213,61,81,45,0,742,96,95,144,76,79,70,0,294,749,42,250,45,52,345,93,36,240,207,184,122,315,68,238,443,147,103,99,49,548,104,39,75,109,368,0,141,0,43,0,741,184,0,79,58,214,123,190,112,148,75,91,0,626,0,25,44,711,88,523,206,84,83,99,236,185,96,174,0,421,109,220,66,186,279,0,70,33,146,100,104,65,58,931,0,0,807,68,0,90,456,375,85,75,433,267,56,74,0,93,0,217,163,475,1999,187,111,226,30,97,177,40,214,320,0,31,0,0,0,157,0,0,174,424,0,135,39,111,135,0,293,252,314,194,119,82,1007,210,441,62,57,0,265,51,522,88,250,52,215,20,49,79,0,93,27,309,0,87,759,144,97,0,0,6,64,66,54,0,770,0,160,214,32,94,76,65,0,516,135,0,114,123,57,193,155,138,26,79,74,82,78,0,134,84,90,39,178,0,0,545,0,119,50,97,126,458,196,0,334,71,63,51,59,69,109,266,154,115,201,0,116,105,43,41,42,59,94,32,0,82,150,207,137,393,139,44,105,80,0,0,0,85,0,221,76,474,94,135,80,59,0,263,88,86,79,269,0,520,187,25,0,51,293,180,58,0,287,68,129,47,52,37,88,155,182,36,50,0,170,110,120,190,191,101,57,0,120,268,45,0,194,110,0,0,73,60,214,464,74,144,46,57,32,742,0,30,699,71,68,0,42,148,87,0,377,151,426,24,113,53,74,0,42,340,73,244,88,82,128,292,80,155,581,223,184,0,61,46,292,80,192,160,75,886,38,32,217,126,198,56,505,270,75,43,0,0,61,209,241,226,654,109,0,51,0,32,45,179,21,0,182,0,339,0,0,645,44,29,0,0,122,197,67,30,245,131,370,289,38,80,247,92,0,0,0,234,866,0,95,0,108,65,0,303,78,211,414,116,164,253,169,46,0,0,0,192,216,581,0,131,39,164,285,87,205,0,0,154,0,241,0,172,42,112,0,189,0,0,233,456,0,0,59,495,42,135,0,1383,0,44,0,0,0,0,359,89,116,120,671,50,0,66,33,50,263,103,88,38,0,127,0,199,0,53,63,362,50,174,38,65,41,93,132,273,145,320,63,0,454,157,176,103,88,107,80,55,0,0,73,0,35,113,98,139,200,162,45,0,29,289,133,68,0,59,0,163,266,94,98,197,0,0,0,0,160,89,177,471,234,518,244,0,0,55,0,65,162,47,0,196,99,1027,106,264,114,126,289,54,119,0,89,0,41,95,0,59,60,0,414,537,0,126,180,38,115,0,0,69,69,125,77,1020,86,75,142,111,273,211,0,251,99,0,62,0,287,46,153,121,0,169,83,27,118,304,94,377,220,43,0,202,69,91,58,284,242,22,183,14,0,250,181,44,73,78,0,0,1114,0,259,76,71,82,31,111,170,81,19,0,52,103,59,37,272,0,102,42,0,967,64,97,422,45,66,0,82,60,0,82,0,54,226,67,236,269,203,0,0,89,132,180,83,94,77,0,108,66,81,0,144,45,82,401,0,0,172,56,0,286,188,235,0,63,102,91,47,32,0,21,100,0,208,201,0,495,250,48,64,0,0,264,0,103,131,190,217,128,320,107,96,171,21,106,150,42,160,142,251,192,293,0,31,12,107,194,43,0,82,207,52,0,143,219,117,1547,62,0,62,135,45,58,227,125,419,65,342,0,43,0,150,24,238,359,113,52,359,22,0,103,69,72,84,0,0,26,175,144,79,155,70,526,226,0,0,0,41,64,338,0,0,0,144,29,31,1639,0,0,244,132,166,0,521,57,509,0,0,338,189,0,52,71,33,0,76,74,146,66,236,112,73,127,56,0,0,1332,60,0,0,0,681,34,187,167,271,309,0,0,163,150,168,27,0,229,0,112,84,62,175,68,213,223,148,265,0,0,74,81,0,71,37,132,0,1409,346,70,64,0,357,104,109,76,92,170,264,367,340,65,150,0,0,107,0,108,52,0,0,88,261,98,54,43,1017,50,0,254,0,0,73,424,0,64,130,140,0,47,0,295,138,54,0,42,192,845,141,0,82,221,0,98,13,89,156,0,0,232,73,145,35,28,186,0,0,55,48,0,48,66,183,178,50,89,73,0,127,109,127,120,0,60,464,0,0,281,72,0,49,65,522,102,130,79,55,38,49,41,95,212,437,28,0,0,187,196,113,94,0,87,274,95,264,0,0,719,189,429,90,262,96,389,126,269,0,74,127,103,60,190,30,0,45,701,94,134,26,39,101,0,219,0,70,118,538,0,86,463,52,117,43,407,35,226,346,119,132,1039,0,763,84,231,41,103,50,51,122,124,193,0,106,0,41,75,129,76,111,31,58,111,0,273,252,250,0,63,140,0,166,8,24,53,47,66,75,123,317,463,0,75,0,33,0,45,121,526,70,186,475,0,55,0,43,278,182,0,0,81,259,38,45,60,112,29,0,116,91,0,37,312,87,42,163,186,174,180,88,0,48,0,0,0,126,28,82,63,0,85,196,0,0,0,239,43,133,93,145,69,152,86,179,0,0,842,93,443,0,135,100,0,110,0,0,74,54,463,214,69,152,139,338,0,84,0,89,85,33,0,0,58,77,0,65,325,287,0,63,0,0,127,127,0,0,55,0,598,161,126,0,0,0,48,160,75,50,49,76,0,86,224,385,58,47,461,81,84,0,51,86,39,0,0,232,0,95,0,98,47,64,50,0,70,152,55,70,51,77,107,74,125,0,77,16,89,176,243,1183,51,135,0,142,263,41,228,0,189,105,111,41,230,106,58,148,0,116,0,96,140,0,330,255,0,89,96,76,132,30,213,32,257,62,0,0,58,0,134,139,0,1547,117,0,230,0,0,81,50,0,79,61,116,0,0,0,99,0,0,151,0,0,0,0,102,61,126,44,136,303,87,0,366,98,219,0,295,0,139,32,31,0,188,75,174,0,44,52,31,89,194,39,62,206,69,489,430,64,0,55,60,0,0,594,303,0,0,45,152,47,65,0,50,64,0,56,87,89,69,0,129,0,0,262,78,64,167,42,37,0,505,0,17,0,0,0,0,0,0,212,0,105,200,266,0,62,62,0,0,125,119,58,0,65,899,104,40,53
91,0,61,0,120,72,148,109,0,83,0,369,88,0,0,301,462,396,0,57,31,430,73,97,175,294,33,39,192,0,0,57,84,0,112,299,222,0,96,339,452,107,128,42,490,0,164,75,292,0,283,62,166,238,81,275,54,69,0,67,0,216,125,341,58,114,270,101,59,64,644,0,86,57,40,570,183,72,757,61,177,0,62,343,641,129,119,0,130,85,291,111,117,111,248,44,78,27,57,79,0,69,69,178,35,0,131,86,170,83,478,114,198,163,373,158,73,227,78,29,751,81,325,60,58,65,65,68,168,79,475,0,462,0,250,185,226,174,160,121,237,142,126,454,0,54,101,135,185,383,0,44,299,78,193,267,45,147,63,300,343,111,49,169,138,148,84,59,272,387,492,366,61,128,50,130,69,149,289,116,69,436,49,68,51,158,89,963,495,0,0,0,153,102,339,43,107,62,44,220,71,167,301,53,873,94,86,49,107,279,380,207,95,110,0,314,127,84,44,52,164,224,75,0,463,49,0,231,569,53,180,0,39,57,0,0,40,109,465,76,0,184,109,106,97,19,295,35,126,0,96,119,478,101,354,61,118,0,104,108,495,340,207,64,79,0,0,791,302,633,85,0,473,486,193,171,127,40,1584,604,147,0,228,383,224,147,54,603,2990,189,65,73,324,0,0,51,0,136,187,135,70,63,102,65,0,548,340,467,28,95,76,715,101,0,0,55,187,247,129,95,91,0,0,82,240,127,122,216,27,67,734,0,208,196,117,177,39,19,35,88,37,128,44,146,251,39,0,54,104,2897,393,251,37,422,1102,28,178,140,632,381,86,258,90,47,342,337,1160,388,169,58,266,87,65,44,143,240,353,0,0,426,172,55,75,63,124,1174,180,221,165,0,33,107,1017,0,112,124,571,75,226,348,0,0,557,0,121,328,88,66,170,56,110,0,135,61,0,0,399,181,522,330,0,221,187,66,122,123,198,85,384,79,0,71,135,0,345,47,0,117,79,367,0,43,712,166,350,126,288,196,98,98,0,0,224,73,61,44,111,172,0,88,327,39,394,193,76,64,51,60,36,49,85,0,353,172,133,174,374,777,111,192,183,78,503,591,358,22,0,91,298,695,462,165,38,326,77,185,257,337,321,83,0,149,61,2377,125,131,262,199,150,0,125,63,0,35,0,60,461,170,191,172,290,90,356,609,136,0,101,125,315,67,174,36,0,59,162,249,0,33,0,219,110,184,498,45,95,0,386,52,87,323,212,204,58,213,78,62,31,103,121,90,214,433,0,142,102,578,123,46,60,97,395,508,79,0,0,99,0,331,56,110,400,485,200,44,529,64,413,1090,143,94,94,366,0,152,52,0,31,404,0,99,55,96,77,155,84,301,74,378,86,83,0,49,364,373,250,74,171,147,26,57,0,75,0,38,58,49,59,98,0,204,491,0,0,136,50,76,43,90,0,0,29,0,426,0,43,240,37,65,60,375,523,58,16,48,225,0,94,98,91,529,144,38,43,0,89,158,0,103,75,85,459,70,278,48,493,66,82,194,291,77,0,45,185,183,328,51,118,82,164,0,227,64,35,0,121,157,411,0,484,0,0,159,0,214,174,93,73,105,264,238,77,96,155,0,31,0,36,64,378,162,328,83,130,1516,350,276,270,141,0,0,174,100,29,0,135,0,0,62,203,209,289,33,2186,255,0,218,57,0,200,0,43,194,73,0,253,86,0,0,0,42,50,200,0,83,0,252,0,199,0,246,298,228,107,0,0,301,57,57,68,0,125,63,246,82,53,0,109,123,228,276,0,0,0,118,0,155,0,135,68,86,107,83,112,124,211,96,217,196,284,46,100,42,199,412,60,639,25,52,77,151,187,32,317,75,66,53,137,182,52,285,143,44,49,99,0,0,124,163,50,0,0,73,392,30,400,88,0,176,72,63,168,65,154,48,30,0,1043,325,112,926,85,99,0,333,65,98,0,0,78,51,32,39,66,63,371,391,119,0,0,128,46,268,116,79,104,233,0,325,0,0,27,174,31,0,282,114,374,97,0,92,79,399,0,59,0,117,0,264,273,355,224,0,72,67,0,585,94,92,0,0,200,151,130,0,83,60,128,0,50,70,64,37,0,0,0,36,64,62,83,0,0,210,47,100,17,170,0,92,116,124,0,0,86,154,59,0,64,0,264,34,35,80,130,78,486,100,38,192,38,646,52,46,24,246,207,0,0,675,80,0,47,436,34,32,237,140,420,55,476,0,205,123,70,65,65,0,31,0,0,162,205,64,254,58,39,195,98,100,691,260,55,60,10,98,0,279,449,426,157,75,0,51,134,43,38,0,503,114,0,0,0,102,84,81,99,154,0,152,977,0,107,54,179,103,150,66,229,228,0,0,113,0,80,56,393,0,84,196,105,162,0,113,43,117,144,414,595,325,376,0,285,148,77,242,30,63,67,98,0,66,0,131,0,100,461,0,36,30,101,0,0,336,41,194,121,58,68,49,19,35,109,75,165,0,24,61,114,66,0,94,115,220,76,503,55,73,962,106,24,328,0,114,171,76,19,0,27,166,134,207,0,0,159,1088,0,0,0,150,233,0,93,13,63,48,51,64,71,377,144,59,109,165,149,161,141,0,63,68,194,57,46,91,365,360,158,120,207,0,263,146,106,0,0,142,213,64,111,88,257,0,118,0,0,0,96,452,916,107,53,119,39,358,145,0,136,85,31,0,0,64,0,99,100,117,144,0,61,97,66,36,901,39,57,118,125,59,78,129,32,145,101,41,55,26,0,47,69,0,0,385,0,0,83,296,27,59,72,32,0,143,63,216,0,72,190,0,48,30,0,0,86,0,72,52,157,0,103,0,0,129,0,40,169,42,58,0,0,101,63,227,110,305,0,55,0,79,296,93,58,0,305,112,58,0,149,99,0,44,0,0,155,89,80,88,0,0,64,76,50,48,30,411,0,0,56,103,90,0,267,75,64,37,61,41,288,59,19,379,258,85,473,51,0,412,97,0,0,56,70,49,648,0,82,138,0,50,0,303,155,38,0,59,92,0,0,215,0,51,46,89,43,183,32,93,70,73,51,42,78,28,75,45,71,266,0,0,0,1683,499,57,568,63,107,104,231,78,45,87,45,84,61,64,99,0,0,229,0,194,83,307,0,570,102,0,257,52,0,51,34,0,85,107,0,208,143,290,83,110,45,317,0,115,345,0,0,221,77,0,129,111,0,88,189,137,256,59,0,91,0,532,112,125,82,97,0,80,129,58,0,594,0,0,192,0,0,33,280,0,77,124,160,114,55,99,101,167,181,205,0,129,88,0,29,44,23,47,85,0,27,179,0,196,219,179,289,0,101,0,0,266,28,90,0,396,0,200,59,71,104,0,0,0,264,89,181,484,0,0,62,269,0,53,113,55,0,85,0,0,108,219,38,0,44,0,90,183,49,0,109,0,37,305,0,0,0,194,100,0,206,74,35,0,72,0,0,319,35,187,0,97,218,38,0,366,311,42,51,223,69,152,0,0,74,318,0,113,37,37,66,172,26,0,111,374,62,0,205,912,0,0,80,86,0,112,309,119,0,107,0,78,73,29,0,168,0,0,599,0,110,0,72,93,175,0,129,51,102,0,236,33,58,0,0,0,35,0,0,373,0,103,0,67,0,64,65,0,146,123,94,46,54,60,364,0,63,49,57,0,137,0,149,265,85,98,0,0,73,56,37,69,75,75,60,177,48,123,223,210,52,72,55,318,45,14,0,41,472,0,0,0,0,47,411,0,67,0,0,366,101,92,72,109,0,0,43,332,0,30,0,121,65,202,158,0,0,33,181,135,45,43,44,174,0,159,89,133,201,18,82,0,0,0,0,47,160,638,0,0,413,49,0,0,176,170,0,48,0,110,61,80,0,0,0,106,84,272,839,117,0,131,0,0,61,0,76,136,0,0,89,0,51,102,0,0,20,279,0,258,50,0,42,0,189,0,157,98,0,43,393,0,208,0,0,0,67,25,269,67,87,100,154,57,0,40,0,0,28,108,0,30,614,136,69,0,0,0,32,0,155,0,1198,32,62,92,0,49,0,44,0,199,134,0,72,54,30,42,35,0,0,151,0,39,63,0,39,137,54,0,70,0,0,160,0,112,37,57,0,380,313,0,240,91,0,0,0,20,122,169,82,83,51,0,103,54,0,0,0,0,0,0,0,52,98,76,116,214,147,60,0,74,0,0,0,111,27,0,69,381,0,0,70,37,31,449,58,35,57,234,0,92,100,0,0,79,111,83,0,0,127,0,51,0,75,0,0,36,244,0,15,0,134,56,121,199,187,200,0,0,90,123,0,0,119,79,0,0,66,42,87,39,0,0,83,0,0,579,0,0,248,0,0,0,0,135,96,0,149,88,401,0,87,0,60,0,30,99,50,122,101,0,91,183,48,190,399,186,55,0,0,64,108,278,196,42,95,0,0,0,62,91,157,0,364,55,13,0,0,0,38,226,239,254,320,69,0,95,0,0,0,174,0,0,47,0,90,0,0,0,43,0,0,0,91,136,0,0,107,0,297,141,0,24,348,0,0,0,0,255,541,15,71,0,87,0,0,184,72,80,205,44,42,103,109,0,0,0,0,101,176,201,0,0,0,40,128,93,73,0,15,98,0,185,0,201,0,93,0,145,0,0,117,44,0,0,0,272,66,97,0,946,0,34,0,0,0,0,305,84,104,93,646,0,0,0,0,0,75,44,47,0,0,134,41,93,69,48,107,469,71,96,0,96,0,44,82,195,38,176,0,0,384,0,139,30,0,0,56,35,0,0,36,0,0,81,127,66,158,186,0,0,0,178,136,65,0,70,0,103,105,0,87,69,0,0,44,0,117,40,73,508,274,590,168,0,29,0,0,72,126,0,0,161,125,622,77,208,91,121,210,0,80,0,83,46,0,67,29,0,65,0,341,424,0,39,131,0,55,0,0,0,49,122,69,297,77,0,89,38,279,0,0,315,82,75,80,37,123,0,248,53,0,100,58,0,178,84,61,298,59,0,38,150,54,0,50,103,84,0,59,27,0,91,98,59,60,59,0,0,1082,0,181,43,32,38,0,71,205,34,0,62,37,60,64,41,124,0,78,0,31,290,65,46,226,38,0,0,77,0,27,67,0,55,202,49,204,160,85,0,0,0,74,60,0,114,0,0,54,67,74,0,232,41,75,388,0,0,87,82,0,160,127,90,0,0,60,80,0,0,0,0,63,0,118,255,0,182,197,0,72,0,30,244,0,96,148,74,73,139,226,142,0,137,0,111,104,16,136,0,111,169,140,141,0,0,69,56,59,0,0,236,0,0,32,190,72,935,89,0,88,66,0,110,209,80,281,24,91,0,0,0,157,0,208,267,81,0,189,0,0,148,40,48,0,0,0,0,76,78,50,176,0,412,172,0,0,0,45,0,60,76,0,0,74,0,38,1111,0,0,743,49,86,0,106,0,138,113,0,214,102,0,0,103,19,0,122,0,280,56,47,40,0,60,26,26,0,271,104,0,0,0,441,0,142,194,164,161,29,0,45,71,148,0,0,295,0,40,53,48,317,101,220,157,111,354,26,0,55,63,41,0,30,174,0,922,208,0,0,0,175,115,0,91,0,0,290,147,138,37,96,65,77,51,0,26,38,58,0,31,152,109,83,0,190,40,0,62,31,0,98,110,0,62,60,146,43,39,0,74,61,52,0,0,136,996,69,0,0,106,0,0,0,0,298,46,120,101,35,78,0,105,172,52,0,0,0,39,0,39,45,107,32,0,73,0,0,98,68,165,42,44,278,0,0,181,0,75,51,83,270,165,95,0,77,0,50,100,67,87,619,131,0,0,179,105,77,127,0,111,90,72,141,26,36,779,53,111,61,178,45,47,154,162,0,53,113,0,227,77,60,63,0,644,58,100,0,0,47,0,232,0,0,0,615,12,65,114,128,76,57,240,0,0,305,65,49,581,32,339,45,241,25,69,334,0,101,68,131,80,90,0,0,81,138,0,125,94,0,76,0,185,188,250,0,136,137,43,92,0,0,86,0,87,60,0,222,124,33,81,0,0,89,0,158,299,0,92,181,0,0,0,52,158,183,0,35,0,152,0,0,0,229,0,0,75,93,41,36,132,0,30,0,157,185,80,48,0,0,0,0,0,176,0,0,45,0,122,35,0,0,0,248,0,98,0,82,0,97,87,116,0,0,286,105,448,66,104,0,0,0,0,0,54,121,215,207,0,71,113,117,0,41,0,152,0,57,27,67,0,0,0,0,216,79,0,0,0,0,175,68,0,0,31,0,135,82,34,0,0,59,0,49,53,76,73,25,58,88,100,359,0,0,269,78,188,48,65,0,71,0,0,165,0,48,0,43,0,97,42,0,0,250,0,39,0,34,87,0,48,41,0,0,0,75,731,766,16,51,175,69,107,74,112,0,110,71,93,68,101,39,180,81,67,65,0,0,128,0,62,146,0,0,62,59,598,0,0,0,223,0,29,0,0,0,119,106,0,896,97,0,225,0,0,142,127,30,75,84,213,0,0,92,80,0,0,77,34,0,124,0,127,0,165,164,132,1017,72,0,219,0,457,0,131,0,123,151,0,0,40,61,99,0,0,137,0,136,164,0,0,135,63,326,324,49,0,31,38,0,0,1093,154,0,0,0,126,44,39,0,46,0,0,136,0,91,0,0,85,0,0,318,114,64,175,0,70,0,447,0,0,34,0,0,0,0,128,134,0,35,69,231,0,199,0,0,0,33,45,16,0,74,186,0,0,86
92,0,0,0,0,0,0,0,0,0,0,0,0,0,0,0,101,43,0,0,0,49,0,0,0,23,0,0,0,0,0,0,0,0,0,0,113,0,0,160,0,0,0,0,0,0,0,0,0,0,32,0,0,0,0,0,0,0,0,0,0,0,0,83,0,0,0,0,0,0,0,0,0,0,0,0,0,0,39,0,0,0,0,41,0,0,0,0,0,0,14,0,0,0,21,0,0,0,0,0,0,0,0,0,0,0,32,0,0,0,0,0,0,0,0,0,0,34,0,0,0,0,0,0,0,0,0,0,0,0,0,0,0,0,0,0,0,0,0,0,0,0,61,0,0,0,0,0,0,0,0,0,0,0,0,0,0,0,0,0,164,0,0,0,0,0,0,0,0,0,0,0,0,0,0,0,0,0,0,0,0,63,0,0,0,0,0,0,60,0,0,0,0,0,0,0,0,0,0,0,0,0,62,0,0,0,0,0,0,50,0,0,0,0,0,0,0,0,0,0,0,22,0,0,0,0,0,0,40,0,0,0,0,0,0,0,0,0,0,0,0,0,0,0,0,0,0,0,0,0,0,0,18,0,0,0,0,0,0,0,0,0,0,0,0,0,0,57,0,0,0,0,25,0,0,0,0,0,139,45,58,0,0,0,0,0,0,0,335,0,0,0,0,0,0,0,0,0,0,0,0,0,0,0,0,0,0,52,0,0,0,102,0,0,0,0,0,0,59,0,47,29,0,0,0,112,0,93,0,0,21,0,20,0,0,0,0,0,0,0,0,0,0,35,0,0,0,0,0,0,83,0,0,0,157,0,0,0,98,42,0,0,0,0,0,0,71,40,0,0,0,0,0,0,0,0,55,0,0,33,0,0,0,0,0,80,0,0,0,0,0,0,67,0,0,0,54,0,0,84,0,0,63,0,0,0,0,0,0,0,0,0,0,0,0,0,82,0,0,48,0,0,97,0,0,83,0,0,106,0,0,0,63,0,0,0,0,0,0,73,0,0,84,0,0,0,47,49,0,0,0,0,104,0,0,0,0,0,0,0,0,22,0,0,0,0,0,0,26,0,0,34,85,0,0,0,0,56,90,0,0,0,0,0,0,0,0,0,52,113,72,0,0,0,0,0,0,64,47,0,0,106,0,0,0,0,70,0,0,0,0,0,0,0,0,0,23,0,42,0,0,60,27,324,0,0,0,0,0,0,0,0,0,0,0,0,0,0,0,0,0,125,50,0,0,0,0,0,0,181,0,77,0,0,0,0,0,42,0,0,0,90,0,0,0,0,0,0,0,0,0,80,0,0,0,0,0,0,0,0,0,0,51,0,0,0,119,0,0,0,0,45,0,78,0,0,0,55,0,0,0,0,0,0,0,92,0,0,0,0,0,0,34,141,0,0,0,0,0,0,0,0,0,0,0,0,37,0,0,0,145,0,0,30,0,0,0,0,0,0,0,0,0,0,0,51,0,0,0,0,77,0,0,0,118,0,0,0,0,138,34,0,0,0,0,36,0,38,0,28,112,0,60,0,66,0,0,38,221,0,0,0,0,37,0,0,0,0,0,0,103,0,15,0,0,0,0,0,0,0,0,0,0,39,0,0,0,75,48,18,0,34,0,0,0,0,0,0,0,42,0,0,33,0,0,133,0,0,0,0,85,0,0,0,0,0,0,0,67,60,0,0,0,60,0,0,0,0,72,0,0,0,0,0,0,0,0,0,0,0,0,65,0,0,0,0,0,0,0,0,0,29,0,0,0,80,0,0,0,0,103,0,52,0,0,0,0,0,0,0,0,0,0,0,0,0,0,0,0,0,0,36,0,0,0,20,0,0,70,0,0,0,25,0,0,91,0,0,0,0,0,0,0,0,0,0,45,77,0,64,0,0,0,0,0,0,104,0,0,0,0,0,0,0,130,0,0,0,0,0,0,0,0,0,0,0,276,100,0,357,0,0,0,0,0,0,0,0,0,0,0,0,0,0,75,67,0,0,0,0,0,0,39,0,0,0,0,0,0,0,0,0,0,0,50,74,139,0,0,22,45,0,0,0,0,0,0,0,0,46,39,0,0,0,0,121,64,0,73,0,75,59,0,0,0,0,67,0,0,39,0,0,0,0,0,0,0,0,90,0,0,53,0,39,0,79,0,0,0,0,0,0,86,35,0,0,39,0,194,0,0,0,0,0,82,72,0,45,57,268,0,0,0,175,35,48,0,81,0,0,0,73,0,0,0,0,44,0,138,0,83,0,0,0,0,0,0,0,0,0,0,0,0,0,0,89,0,0,157,46,0,29,0,46,0,65,43,0,66,0,0,0,0,0,0,0,119,44,0,0,0,0,0,0,0,116,0,114,140,0,0,0,57,61,0,24,173,138,0,0,67,0,0,0,190,0,35,74,0,79,0,178,56,0,0,0,352,137,90,0,114,0,0,69,0,39,0,0,0,0,0,49,0,0,266,0,0,0,0,34,0,121,0,23,0,0,0,0,0,0,52,0,74,0,0,0,49,39,0,0,44,0,48,145,0,0,140,0,0,144,0,55,111,0,0,0,27,51,0,84,0,0,106,0,0,0,0,0,0,0,0,0,37,0,16,0,40,158,0,0,0,34,86,0,69,0,0,0,171,46,0,55,39,59,129,0,69,0,36,0,48,0,0,29,0,0,39,0,73,0,48,0,0,0,52,127,183,0,0,50,0,194,0,0,105,0,0,34,0,0,0,0,26,45,50,0,0,0,0,0,237,20,0,0,50,0,30,0,0,0,35,0,0,0,0,0,22,0,0,29,0,0,26,0,0,0,0,0,0,40,0,0,0,0,0,0,0,0,0,0,22,0,0,0,0,0,37,0,0,0,0,0,61,0,0,0,0,41,0,56,46,0,0,0,0,0,160,0,0,0,0,37,0,0,0,0,0,0,0,0,31,31,0,0,0,0,0,0,0,33,0,199,43,0,0,81,0,0,88,0,0,0,0,0,54,0,0,123,0,0,0,0,0,627,0,0,0,61,0,0,205,0,0,0,0,0,0,40,65,0,0,0,0,0,0,95,0,0,0,60,0,33,0,102,0,0,0,0,0,0,0,0,35,0,0,0,0,65,75,0,66,0,0,0,0,0,0,41,0,62,37,0,0,0,0,165,0,50,34,78,0,0,35,0,110,0,0,0,0,0,62,59,0,73,0,0,24,42,0,24,0,0,0,0,0,0,0,0,0,0,0,0,0,38,99,0,0,75,0,55,160,0,74,0,0,0,72,0,0,126,0,0,56,0,0,0,50,0,0,0,0,0,0,0,0,75,58,46,0,33,43,0,0,22,0,0,0,0,0,47,0,0,0,55,85,0,0,0,0,91,0,0,0,111,35,0,45,0,0,0,0,0,84,46,0,168,0,0,0,144,0,0,0,0,0,48,0,0,163,52,0,0,0,92,56,52,0,67,0,0,79,181,0,0,0,31,0,0,66,23,0,0,0,0,0,105,0,46,0,44,51,0,0,0,190,0,0,0,0,0,0,14,0,659,0,166,0,0,58,62,0,0,0,0,0,0,0,196,0,0,45,0,0,0,74,280,0,0,0,127,0,44,0,45,0,0,301,0,0,0,24,0,0,0,0,0,151,0,0,0,0,0,0,0,125,0,0,0,56,67,0,0,0,0,0,0,51,0,70,0,69,0,297,0,0,0,0,39,119,0,242,0,73,0,0,0,50,0,0,0,0,0,0,23,0,52,48,18,0,0,0,67,0,0,0,0,68,0,25,0,0,36,92,0,45,0,0,274,0,16,0,0,0,0,0,43,0,0,0,125,0,67,0,0,19,0,0,250,0,63,0,0,33,0,0,0,0,0,0,0,57,0,0,0,68,0,0,0,91,0,0,0,0,0,0,0,147,0,67,0,0,0,0,53,0,72,20,0,0,0,0,0,74,0,0,43,0,0,31,0,26,0,0,0,42,51,0,216,36,0,0,0,89,54,48,32,0,0,0,62,0,0,0,26,155,0,87,0,0,180,0,0,0,0,0,0,0,0,0,0,0,0,0,0,0,0,0,57,89,0,852,0,0,0,0,0,0,0,0,60,75,0,108,46,32,0,0,93,0,59,0,0,0,0,0,69,34,0,39,0,0,84,14,60,0,0,47,220,166,0,122,74,0,0,0,0,110,162,51,0,112,0,0,0,0,0,0,0,0,0,0,0,79,81,103,82,86,0,27,0,0,0,0,83,0,0,55,0,0,20,0,0,0,379,71,0,45,57,0,173,0,0,52,45,99,43,34,0,51,0,66,0,0,0,0,77,144,0,23,0,93,0,0,106,89,85,0,0,55,95,0,0,78,32,0,0,0,35,87,146,0,0,47,0,0,566,0,0,217,0,0,0,33,57,37,0,215,28,190,0,58,0,0,0,0,0,0,0,22,0,54,113,0,108,420,0,0,0,0,46,0,110,95,0,0,119,0,0,187,94,86,0,176,0,58,0,0,0,0,170,124,41,196,47,0,62,0,0,0,78,0,0,0,0,0,0,0,26,0,0,0,0,56,0,0,32,69,0,152,127,0,0,222,0,0,0,0,104,466,0,55,0,0,0,0,98,0,40,272,28,0,0,89,0,0,0,0,36,63,67,0,0,0,0,0,27,0,0,0,81,0,0,0,156,0,59,0,59,0,0,65,0,0,0,0,391,63,67,0,540,0,0,0,0,0,0,39,84,44,0,184,0,0,0,0,0,49,0,0,39,0,37,20,0,0,27,58,88,0,0,0,39,0,78,31,68,0,0,39,0,34,68,30,0,0,31,0,0,0,0,0,0,0,0,43,0,99,80,0,0,0,105,97,0,0,0,0,0,0,46,0,71,0,0,0,0,0,43,78,74,68,126,0,0,0,0,0,0,0,31,0,41,0,174,0,91,28,0,49,0,0,0,17,0,0,39,0,0,31,0,26,61,0,53,106,0,50,0,0,0,0,125,46,164,0,0,0,0,0,76,0,67,0,0,0,25,83,34,0,0,0,47,0,0,44,83,0,204,43,0,0,0,68,0,0,0,99,0,40,22,0,63,60,0,0,50,0,0,435,0,91,40,0,24,0,58,0,0,0,0,0,31,0,0,52,0,0,0,0,0,0,0,133,31,37,0,0,35,0,0,0,50,54,61,0,96,0,0,0,24,0,0,0,0,0,0,0,0,0,0,0,0,0,94,0,0,37,0,0,41,37,183,0,0,33,0,0,0,0,0,60,0,0,0,0,54,119,0,39,0,0,44,0,36,0,20,35,0,77,0,0,105,0,0,0,0,47,47,84,132,99,40,0,0,0,0,0,0,0,43,0,0,0,52,0,574,0,0,0,0,0,0,49,0,0,0,0,0,0,0,0,0,251,143,41,0,144,0,0,0,0,0,57,0,0,0,72,0,64,0,0,95,89,0,0,0,0,0,71,60,0,0,49,0,46,871,0,0,280,0,99,0,80,0,170,0,0,164,72,0,0,0,0,0,65,0,207,40,52,45,0,48,0,0,0,170,38,0,0,0,116,0,0,43,186,0,0,0,0,38,74,0,0,168,0,25,0,0,83,0,148,65,102,219,0,0,27,67,0,0,0,137,0,356,145,0,38,0,137,60,0,105,0,0,104,127,58,0,0,0,0,59,0,0,0,39,0,0,0,0,0,0,193,0,0,91,0,0,40,97,0,56,90,0,24,0,0,99,29,37,0,0,66,489,67,0,0,70,0,0,0,0,76,0,113,143,32,60,0,0,38,0,0,0,0,0,0,0,0,0,0,25,36,0,54,0,0,89,0,0,244,0,0,84,37,0,59,12,220,138,23,0,83,0,0,48,0,61,159,0,0,0,116,22,50,0,0,72,0,94,0,0,42,360,44,225,0,147,75,98,118,138,0,0,40,0,39,56,0,0,19,248,31,153,16,0,31,0,136,0,0,0,339,0,0,134,0,0,0,127,0,0,113,75,59,258,30,175,0,56,0,33,66,0,91,35,216,0,0,0,0,0,23,0,73,0,49,0,26,90,0,137,0,105,32,25,0,0,0,0,39,0,0,45,247,95,0,0,0,0,30,0,0,0,0,0,137,0,43,0,51,63,75,0,0,0,145,0,39,0,248,0,0,0,60,0,0,0,58,0,0,39,109,68,0,0,0,0,0,0,58,0,103,27,0,39,41,0,0,0,188,0,72,0,0,64,125,64,0,0,0,379,0,332,0,29,40,0,94,0,0,42,0,68,97,0,251,86,135,35,78,0,32,0,0,0,0,0,18,0,34,51,180,0,101,0,0,117,90,0,0,51,27,625,0,0,0,0,0,72,0,70,114,0,93,51,22,92,318,0,0,287,62,43,0,33,39,58,0,0,244,0,35,0,38,0,54,56,0,26,0,0,0,0,67,0,46,89,31,0,0,62,153,226,827,71,0,35,46,249,52,175,0,35,34,116,0,170,68,67,69,40,36,0,0,76,0,74,127,0,13,0,118,226,0,163,0,177,0,0,0,0,0,93,294,0,603,101,0,224,0,0,93,22,0,0,0,619,0,0,0,186,0,0,27,26,0,0,0,0,0,92,77,106,340,80,0,156,0,327,0,79,0,61,64,0,0,87,33,107,0,0,103,28,136,173,0,0,92,0,221,160,0,0,0,0,0,0,518,110,0,0,0,101,0,0,0,0,38,0,89,0,72,0,0,56,0,0,79,0,0,108,0,54,0,202,0,0,0,0,0,0,0,76,227,0,76,0,231,40,100,32,0,0,105,40,0,0,41,350,28,0,0
93,0,0,0,0,0,0,0,0,30,0,128,0,0,0,96,0,27,0,0,0,50,0,0,0,46,0,0,62,0,0,0,0,0,0,31,45,0,0,114,0,0,0,0,60,0,0,0,107,0,134,0,20,0,0,47,0,0,0,0,0,0,15,81,0,0,116,0,0,0,0,0,0,0,0,19,65,0,28,0,65,0,0,0,193,0,21,0,0,0,0,40,0,0,62,0,0,0,0,0,0,0,0,84,0,0,0,0,0,13,0,0,38,67,128,0,0,81,24,0,185,0,104,0,0,0,0,0,66,0,35,0,192,0,0,73,0,0,25,0,0,0,27,0,0,0,38,0,0,115,0,0,109,0,0,70,0,46,0,46,109,0,0,79,0,0,0,0,72,162,45,37,0,0,0,55,0,0,0,0,0,228,0,30,0,0,0,187,61,0,0,0,72,0,110,0,0,0,0,44,0,0,89,0,37,0,0,0,0,0,85,0,0,25,0,0,55,55,0,0,0,140,0,0,153,0,0,0,48,0,73,0,0,0,0,0,0,0,126,0,0,26,0,33,0,0,95,0,0,0,0,34,114,0,129,33,0,0,31,44,66,0,0,0,0,0,0,86,0,172,0,0,118,75,0,0,50,0,651,210,0,0,81,132,0,0,0,201,1370,65,0,0,34,0,0,0,0,0,0,0,0,0,41,0,0,58,80,74,0,0,0,59,0,0,0,0,37,51,0,0,0,24,0,0,66,73,0,0,0,0,0,0,0,0,91,0,0,0,0,0,0,0,0,0,0,0,0,0,0,193,0,0,0,39,196,0,0,0,283,75,50,0,0,0,0,158,145,59,63,0,38,0,19,0,34,65,115,0,0,28,0,0,0,0,0,147,39,50,0,0,0,0,0,0,18,0,84,42,0,208,0,0,61,0,0,41,0,0,0,0,0,0,0,0,0,0,0,0,39,106,0,76,0,0,0,52,0,0,107,0,0,0,0,0,0,0,0,55,0,51,0,0,141,84,45,88,42,0,22,0,0,0,75,0,0,0,0,0,0,0,0,22,0,0,0,0,0,0,0,0,0,0,36,0,0,34,0,29,79,0,58,0,0,97,98,0,0,0,50,122,63,0,0,0,0,0,76,54,48,0,0,129,0,239,0,74,0,0,0,0,0,0,0,0,0,0,56,28,0,47,39,0,0,79,0,0,0,27,69,0,0,0,0,0,37,0,0,0,0,0,0,58,0,0,0,0,77,0,0,150,52,42,0,0,0,0,0,0,0,0,56,102,0,0,0,87,24,0,0,0,101,62,0,0,0,0,0,57,0,0,28,0,49,0,112,0,54,79,0,0,0,0,0,57,0,0,0,120,0,0,0,0,0,60,0,93,25,98,0,0,0,0,105,0,59,0,0,56,0,52,0,0,0,0,41,0,92,0,0,170,87,0,0,0,0,0,54,46,0,0,0,0,0,0,0,182,17,0,0,73,130,0,0,95,279,0,38,52,0,76,35,0,0,0,0,68,55,0,0,0,182,0,72,0,90,0,95,0,161,0,0,39,33,0,38,0,40,34,29,0,101,0,17,0,45,0,70,0,56,0,0,0,0,47,0,0,34,0,114,37,21,231,148,0,0,0,0,0,150,62,116,64,98,280,215,141,48,40,0,0,60,34,0,0,59,0,0,0,230,38,117,41,517,77,0,69,0,0,85,0,0,41,0,0,69,24,0,54,0,0,27,70,0,0,0,66,0,62,0,106,79,155,0,0,0,142,35,0,0,0,51,0,72,0,0,0,55,39,70,85,0,0,0,0,0,0,0,64,42,0,0,0,22,25,213,50,0,87,99,0,50,0,85,109,0,135,0,0,0,37,70,0,136,0,0,0,74,0,0,39,146,0,22,0,0,0,36,63,0,0,0,55,185,0,140,0,0,0,43,0,63,0,35,0,0,0,377,70,43,175,31,0,0,109,0,37,0,0,0,0,0,0,0,38,70,231,0,0,0,0,30,71,141,0,0,50,0,0,0,0,0,109,0,0,206,60,146,0,0,0,0,51,0,0,0,23,0,49,46,156,0,0,0,0,0,357,0,0,0,0,0,46,0,0,0,27,0,0,0,0,0,0,0,0,0,0,0,0,32,0,0,0,0,0,0,32,0,0,27,86,67,0,0,0,34,0,0,0,41,0,0,0,0,0,125,33,0,113,66,37,0,24,0,64,45,0,0,82,0,0,25,0,0,0,49,0,218,0,101,0,324,0,0,0,0,0,0,0,0,0,56,0,0,0,0,40,0,0,383,0,0,0,0,0,0,50,560,56,0,0,0,0,0,0,54,0,91,33,0,0,0,0,0,0,0,50,0,0,591,0,0,0,163,0,0,0,52,0,51,0,0,0,21,0,176,0,30,52,0,39,0,212,62,0,0,112,73,39,288,0,0,69,0,82,0,0,0,31,0,0,0,0,0,44,182,0,0,0,0,0,0,0,0,54,0,0,27,0,0,0,0,53,29,0,20,0,0,0,0,0,0,0,0,219,0,20,178,0,0,55,0,0,43,0,0,0,0,127,0,49,0,0,48,26,0,0,0,78,56,0,53,0,0,0,0,0,0,44,0,0,46,68,0,0,89,0,0,0,76,0,0,0,64,0,109,78,0,0,62,0,29,0,0,75,143,0,36,0,171,0,0,0,0,0,0,282,191,0,0,0,0,49,0,0,153,28,0,47,0,0,0,0,0,0,95,0,28,85,0,0,109,0,0,38,82,28,0,58,0,25,0,0,0,12,0,0,0,0,0,66,0,0,0,0,0,0,0,0,0,0,0,0,0,0,0,0,0,0,0,0,0,0,0,0,0,0,40,0,0,38,0,0,70,0,0,0,0,0,0,62,25,45,0,0,0,0,0,0,0,0,51,0,0,0,0,0,0,0,0,0,0,0,0,26,0,0,0,22,0,0,0,94,0,0,0,0,0,0,82,0,0,0,0,0,0,0,0,115,152,0,101,0,0,640,0,0,0,0,33,23,85,0,36,0,0,41,0,0,0,0,0,0,0,0,0,93,0,0,0,0,0,0,0,0,0,0,0,0,0,0,0,0,0,71,0,0,0,874,88,0,225,0,0,42,132,0,9,0,0,0,0,0,24,0,0,110,0,59,0,190,0,113,73,0,31,0,0,0,0,0,106,0,0,24,42,101,0,0,0,58,0,0,177,0,0,0,0,0,46,0,0,0,0,0,34,0,0,0,0,51,0,43,0,42,0,0,97,0,0,127,0,0,0,0,0,0,119,0,40,58,90,0,0,0,0,0,0,30,0,66,62,0,0,0,0,0,0,0,0,59,0,102,63,34,145,0,0,0,0,0,0,0,0,56,0,0,0,0,37,0,0,0,74,0,0,0,0,0,0,0,0,0,0,0,0,0,0,0,0,0,0,0,0,0,58,0,0,28,46,0,0,180,0,0,0,17,50,0,0,0,0,0,0,0,0,45,0,0,0,104,127,0,0,35,60,0,16,0,0,58,0,0,0,157,0,96,0,0,0,0,0,0,0,54,0,0,59,225,0,0,54,0,0,0,35,95,0,0,0,0,0,0,0,0,0,0,105,0,18,0,0,0,0,0,0,0,0,8,75,0,0,0,0,0,0,0,0,0,0,51,0,0,0,0,0,0,0,0,45,0,0,29,148,0,0,0,0,0,38,0,57,50,0,0,0,0,59,0,0,0,31,0,48,36,0,49,79,0,0,0,0,119,0,0,0,0,55,0,0,0,0,0,65,0,52,0,0,198,38,49,0,0,0,0,0,130,0,0,0,163,0,214,38,0,0,0,0,78,0,39,0,0,0,0,0,44,0,0,26,0,22,0,0,0,0,0,0,0,70,0,0,0,0,0,0,0,0,0,0,0,0,0,0,0,0,53,75,0,0,0,0,0,31,0,48,0,0,0,46,0,35,0,0,0,0,105,0,87,0,0,0,0,35,71,49,0,0,0,0,0,46,0,0,0,0,0,124,0,30,0,0,0,0,0,0,0,0,0,0,0,70,0,0,0,0,0,0,0,46,0,295,0,0,43,0,0,0,0,0,208,36,0,44,0,0,0,0,0,0,0,0,0,0,0,0,0,0,0,58,0,0,36,0,0,0,32,0,71,86,0,59,0,0,0,0,0,0,116,0,53,55,0,38,0,0,0,0,0,0,0,0,0,32,63,0,0,0,0,0,0,0,0,0,58,0,0,0,0,25,0,0,0,0,125,32,31,0,74,0,204,0,0,0,0,117,0,0,0,0,0,0,0,0,0,0,0,0,0,0,0,0,0,71,62,142,43,0,0,0,46,0,0,0,0,0,0,0,0,0,120,0,0,38,0,0,197,0,0,52,0,0,0,0,36,34,0,214,0,38,0,24,0,0,0,0,0,0,0,0,0,0,0,76,0,122,0,0,0,0,14,94,0,29,0,0,28,0,0,46,29,0,0,80,0,0,0,0,0,0,34,117,0,44,0,0,0,0,0,0,0,0,0,63,0,0,0,0,47,0,0,0,0,0,0,0,0,84,0,61,48,0,0,81,0,0,0,0,0,187,0,0,0,0,0,0,56,0,107,86,64,0,0,0,0,0,0,0,32,0,0,0,0,0,0,91,0,0,0,0,0,0,0,0,76,0,0,0,0,0,0,0,59,0,0,0,39,0,0,0,275,0,0,0,0,0,0,0,34,0,0,33,0,0,0,0,0,0,0,0,0,0,0,0,0,0,0,67,0,0,43,0,0,0,0,0,52,0,74,0,0,0,0,0,0,0,26,0,0,0,0,0,0,0,0,0,0,0,44,0,0,0,0,0,0,0,0,0,0,0,0,0,0,0,0,0,0,28,0,42,89,64,123,0,0,0,0,0,0,0,0,0,0,0,177,0,76,0,0,0,0,0,0,0,0,0,0,0,0,58,0,55,0,0,0,0,0,0,0,0,0,0,0,0,60,0,0,0,0,0,0,0,0,0,0,0,0,45,0,0,0,0,0,0,0,0,0,0,184,0,0,0,0,0,0,0,0,39,0,16,0,0,43,0,0,0,0,0,0,139,0,0,0,0,0,0,0,0,0,0,0,0,0,0,0,0,0,0,0,0,104,0,0,42,0,0,0,0,0,0,0,0,0,0,48,0,0,0,0,0,0,0,48,0,0,0,0,0,0,0,0,0,0,0,49,0,0,0,0,0,0,0,117,0,0,22,0,0,0,0,0,0,0,0,0,0,38,61,0,0,0,0,0,0,0,0,0,41,0,0,0,36,57,0,0,0,0,0,0,0,0,0,0,0,0,41,0,0,0,0,0,0,0,0,0,0,123,0,0,0,0,0,0,22,0,0,0,0,0,0,0,0,0,43,139,0,0,54,0,0,0,0,0,0,0,0,0,31,0,0,0,0,0,35,0,0,0,0,0,0,0,0,0,0,0,0,843,0,0,197,0,0,0,52,0,158,39,0,159,78,0,0,0,0,0,0,0,43,0,0,0,0,22,0,0,0,73,0,0,0,0,87,0,39,40,40,0,0,0,0,0,88,0,0,0,0,0,0,0,0,25,64,0,0,60,0,0,0,0,0,0,0,0,0,166,139,0,0,0,62,0,0,0,0,0,0,0,19,0,0,0,0,0,0,64,0,0,0,0,53,55,0,0,77,0,0,0,0,0,0,45,0,0,32,0,0,0,0,60,34,0,0,0,0,122,0,0,0,29,0,19,0,23,80,0,0,0,0,0,0,0,0,0,0,0,0,0,0,0,0,0,0,0,0,0,46,0,0,0,0,0,86,0,0,0,0,0,0,33,0,0,46,29,0,0,0,0,0,0,157,0,0,0,0,0,83,0,0,0,0,0,0,0,0,0,51,42,0,0,0,0,35,52,0,0,0,0,66,0,0,0,0,71,0,0,0,0,0,0,32,0,0,0,0,0,16,45,0,0,0,0,0,0,60,0,22,586,0,345,0,0,0,0,74,0,0,61,0,0,0,0,0,0,0,0,0,0,0,0,0,21,89,0,0,0,0,0,121,0,0,0,0,0,0,0,26,0,0,0,0,0,0,0,41,83,0,0,0,0,0,0,0,0,0,0,0,0,45,0,0,0,73,0,0,0,0,0,0,0,0,0,0,34,137,50,0,0,0,0,0,0,0,0,0,0,0,69,0,0,0,0,56,0,43,0,30,0,33,0,0,0,0,0,0,225,0,77,0,0,0,0,0,0,0,26,0,0,56,0,0,0,0,0,0,0,0,0,28,0,0,0,0,33,49,0,0,0,0,0,51,0,0,0,0,61,0,0,0,0,0,0,0,47,33,0,32,0,0,0,18,0,0,77,63,100,0,0,0,0,0,0,50,0,0,0,0,0,0,30,0,0,39,0,0,0,0,43,0,0,0,0,0,0,32,304,76,0,0,61,0,22,0,48,0,99,0,0,0,21,0,0,0,0,14,0,0,0,0,0,49,0,0,0,33,285,0,0,0,78,0,0,0,0,0,25,78,0,287,0,0,87,0,0,62,0,0,0,28,127,0,0,0,61,0,0,0,0,0,0,0,0,0,45,0,0,370,43,0,0,0,98,0,31,0,29,35,0,0,0,0,0,0,0,0,0,22,48,0,0,0,36,214,105,0,0,0,0,0,0,102,46,0,0,0,24,0,0,0,0,0,0,0,0,37,0,0,0,0,0,0,0,0,0,0,0,0,246,0,0,0,0,0,0,0,0,77,0,0,0,38,0,31,0,0,0,0,0,0,0,0,77,0,0,21
94,0,0,0,0,0,0,0,0,0,0,95,0,0,0,0,0,80,0,0,0,0,0,0,0,0,0,0,0,0,0,0,12,0,0,52,54,0,0,126,64,0,0,0,57,0,0,0,0,0,64,0,0,0,0,0,0,0,0,0,0,0,0,0,0,0,0,0,0,0,0,0,0,0,0,96,0,0,63,0,26,0,0,0,0,0,0,0,0,0,54,0,0,0,39,0,0,0,0,0,0,0,0,0,0,0,0,0,0,0,63,0,0,0,58,0,0,0,0,0,0,0,0,0,0,0,0,0,0,0,74,0,0,0,0,0,0,48,0,0,0,0,0,0,0,0,0,0,0,0,0,0,0,0,0,53,0,0,0,0,86,0,0,0,0,0,0,0,0,0,41,0,0,0,0,0,0,0,0,0,0,0,0,0,0,0,0,0,0,0,0,0,0,0,0,0,0,0,0,59,0,0,43,0,118,0,0,0,0,0,0,0,0,0,0,0,0,42,0,0,0,88,0,0,0,0,0,56,146,0,0,0,0,0,0,0,0,0,58,0,0,0,0,0,0,0,0,0,0,0,0,0,0,0,41,0,0,0,0,0,95,0,0,0,0,0,0,39,45,71,0,0,76,0,0,0,23,0,183,31,0,0,0,0,0,0,0,0,663,28,0,0,0,0,0,0,0,0,0,17,0,0,0,0,0,0,93,35,0,0,0,38,0,0,0,0,67,73,0,0,0,0,0,0,73,27,25,34,0,0,27,0,0,0,0,0,0,0,0,0,0,37,0,0,0,0,0,0,0,108,0,44,0,94,117,0,60,0,95,26,0,0,41,0,0,0,105,34,0,0,67,0,0,0,50,0,20,0,0,80,0,0,0,0,0,230,44,0,0,0,0,0,166,0,0,0,0,0,0,67,0,0,99,0,0,0,0,0,0,0,32,0,0,0,0,0,86,0,130,102,0,35,0,0,0,0,47,0,15,0,0,0,0,0,59,0,0,0,0,52,0,0,62,78,64,0,0,0,0,0,0,0,0,0,0,0,0,0,0,0,0,0,34,0,0,0,0,43,0,0,0,0,0,0,0,0,0,52,0,0,38,0,146,0,72,0,0,0,0,109,0,0,0,24,0,51,54,0,0,0,0,0,0,45,0,0,58,0,0,0,32,0,0,0,0,0,73,0,0,31,63,0,0,0,0,0,0,0,87,0,0,0,0,0,11,0,0,0,0,40,0,69,0,0,0,0,0,0,0,37,53,0,0,0,0,0,0,0,0,0,59,89,0,0,0,54,0,0,0,0,39,91,0,0,0,0,0,0,0,0,91,67,0,0,196,0,0,163,0,0,0,123,0,0,0,0,0,0,0,0,0,0,0,0,0,0,0,30,0,0,0,0,52,27,38,0,0,52,0,0,0,0,0,0,0,0,0,0,0,37,36,0,0,0,0,0,0,35,0,0,0,0,55,0,0,28,0,21,0,0,0,0,0,33,297,0,0,0,0,34,0,34,0,0,0,0,0,20,0,42,59,0,0,0,46,0,23,0,49,0,0,0,0,0,26,0,0,0,110,0,0,0,0,0,0,0,59,0,278,0,0,0,0,0,0,0,0,0,54,0,0,0,0,0,0,0,0,0,0,0,84,0,0,122,129,47,0,39,0,0,37,0,23,0,0,0,0,0,54,0,0,0,0,0,0,0,0,0,0,0,0,0,0,0,45,0,0,0,0,0,0,0,25,0,0,0,0,0,0,0,62,0,0,0,0,17,0,0,0,0,88,0,0,0,0,0,0,0,0,0,0,0,0,0,0,0,0,25,32,16,62,0,0,0,0,48,79,45,34,0,0,0,40,0,0,0,0,0,0,0,48,0,52,0,0,0,14,0,0,0,27,0,0,0,0,0,0,0,0,0,0,0,74,0,38,0,0,0,0,0,43,0,0,0,0,0,76,0,0,86,0,0,0,0,0,0,0,0,0,0,0,0,0,0,0,0,0,0,0,0,0,0,44,0,0,0,0,0,0,0,0,53,0,30,0,87,81,0,0,0,0,0,0,0,0,0,0,0,0,0,0,0,0,0,0,116,0,0,0,0,0,0,0,0,0,0,0,0,0,0,0,0,0,0,0,0,0,0,0,0,0,0,0,0,0,0,0,0,0,40,0,0,0,0,0,0,0,0,48,0,0,0,0,0,70,0,0,0,0,161,0,0,0,0,0,0,0,153,0,0,0,97,0,0,0,0,0,0,0,0,11,0,0,0,0,0,0,0,0,33,37,0,0,0,0,0,0,0,42,0,0,0,0,0,0,0,4,53,36,0,0,0,0,0,0,0,34,43,0,0,0,0,0,0,0,0,0,0,0,0,0,0,0,0,0,0,0,45,0,0,35,0,0,0,90,0,0,33,0,0,0,0,0,0,0,98,0,73,100,0,0,0,0,0,0,0,0,0,0,0,0,0,0,0,42,0,0,0,0,0,0,40,0,0,0,0,0,0,0,0,0,0,0,0,0,0,0,0,0,0,0,0,0,142,0,0,0,0,0,36,0,0,0,0,0,0,0,74,0,0,0,0,0,85,0,0,0,0,0,0,0,0,0,0,0,0,0,36,0,0,0,36,0,0,0,0,0,0,0,0,0,0,68,0,0,0,58,0,0,0,0,0,0,0,56,0,0,31,102,0,0,0,0,0,0,183,109,0,0,0,0,49,8,0,0,0,0,0,0,0,0,0,0,0,106,0,0,0,0,0,235,0,0,35,111,0,0,27,0,63,0,0,0,43,0,0,0,0,0,58,0,0,0,0,0,0,0,0,0,0,0,98,0,0,0,0,0,0,0,0,0,0,0,0,70,0,45,0,0,0,0,0,52,0,48,0,0,0,0,86,0,124,0,0,0,0,0,0,0,0,0,0,0,0,0,0,0,0,0,0,0,0,0,0,0,0,0,0,0,50,0,171,0,0,0,0,0,0,0,27,0,0,0,0,81,0,0,128,82,0,89,0,0,578,0,27,0,0,18,0,179,0,0,35,0,45,0,63,0,0,0,0,51,0,0,52,0,0,0,0,0,0,0,0,0,0,0,0,0,0,0,0,52,115,0,0,0,265,202,0,311,0,30,0,44,0,0,0,0,62,28,0,0,0,0,308,0,67,0,105,0,127,109,0,31,0,0,0,0,0,71,0,0,55,0,50,0,0,0,105,0,0,111,0,0,0,50,0,31,0,0,0,0,0,0,0,35,0,0,160,0,43,0,62,0,0,126,0,0,45,0,0,0,0,0,0,0,0,0,142,50,37,0,34,0,75,0,0,0,98,0,0,0,28,0,0,0,0,35,53,0,33,101,0,320,0,0,0,0,0,0,0,0,138,69,97,0,0,0,0,0,0,0,0,44,0,0,0,0,0,0,0,0,0,0,0,0,0,55,66,0,0,0,0,0,46,0,0,0,0,0,0,0,0,0,45,0,0,0,0,0,0,0,0,0,0,0,41,0,0,0,0,0,0,0,0,0,49,0,0,0,0,0,138,0,0,0,0,0,0,0,37,0,193,0,0,46,0,0,0,0,39,0,45,57,179,0,19,0,0,0,0,0,0,0,15,23,0,0,0,0,0,0,0,0,0,0,0,0,0,0,0,0,0,72,0,0,0,57,0,0,44,0,0,0,0,0,58,0,0,0,0,94,0,0,0,0,0,0,0,100,0,0,0,33,0,50,0,0,0,0,30,0,0,0,0,0,0,0,0,0,115,0,0,0,0,0,0,0,0,0,0,170,0,0,0,0,0,0,0,0,0,0,70,0,0,0,0,0,0,0,268,0,0,0,0,0,0,0,0,0,0,0,0,0,0,90,0,0,0,25,0,0,0,31,0,0,0,252,0,0,0,0,33,0,0,21,0,0,0,0,0,0,49,25,73,159,0,0,0,0,0,40,0,0,0,0,0,0,0,0,62,0,0,39,76,0,49,0,0,0,0,0,28,0,50,0,0,248,0,204,0,0,0,40,0,0,0,0,24,30,0,0,0,0,0,0,0,0,0,276,0,0,0,0,0,0,0,0,0,52,0,0,0,0,0,0,0,0,70,72,0,23,0,0,0,0,0,0,0,0,0,22,0,0,0,0,0,33,0,0,126,0,0,0,52,39,42,0,9,0,0,0,0,0,32,0,47,58,0,56,0,0,0,0,0,0,0,0,19,0,0,0,0,0,106,0,0,0,0,0,0,0,0,0,0,43,35,0,0,0,0,0,0,0,0,0,47,0,0,0,0,0,0,139,0,0,0,147,0,0,0,0,0,47,0,159,0,0,0,0,0,26,0,32,0,0,0,0,38,0,0,0,0,0,0,0,0,0,109,0,0,0,0,0,73,0,27,105,0,0,0,0,0,0,0,158,39,0,0,0,0,0,0,0,0,41,0,54,0,0,59,0,0,0,129,0,0,0,34,0,0,25,0,0,190,0,0,49,0,0,0,32,37,0,0,0,0,0,0,52,0,185,0,0,80,0,0,0,48,0,0,62,0,0,0,0,0,0,0,0,0,0,0,0,29,46,0,43,23,0,0,0,0,0,0,0,139,123,0,0,0,17,0,0,0,17,74,28,31,0,0,0,0,0,0,0,31,0,0,0,0,0,37,55,39,0,0,0,54,0,0,0,94,0,0,0,0,0,0,66,28,0,0,0,49,59,36,0,0,0,0,0,0,0,0,0,0,26,0,121,0,0,0,0,0,32,0,0,0,0,0,0,25,0,0,70,98,0,52,0,0,0,0,0,28,0,104,0,0,192,0,0,0,0,0,45,0,0,0,0,0,0,0,0,0,63,0,0,0,0,0,43,0,0,0,0,0,52,0,48,0,0,0,0,0,0,0,0,159,55,73,0,0,0,0,0,0,0,0,0,50,0,311,0,67,40,0,0,0,0,0,0,0,0,0,0,0,0,0,0,39,0,0,0,0,0,0,0,0,0,43,0,0,0,0,0,0,0,0,0,25,0,0,0,0,31,0,0,27,0,25,0,0,0,0,0,64,0,0,0,64,0,0,0,51,0,0,0,0,0,47,0,0,0,42,0,0,79,0,29,0,0,0,0,0,0,0,0,18,0,0,0,0,0,0,0,0,0,78,0,0,0,0,0,0,0,0,0,0,0,0,74,0,79,43,0,0,0,0,0,0,0,51,0,0,0,19,0,0,74,0,0,53,0,0,0,0,0,98,48,0,0,0,0,0,0,0,0,0,37,0,36,51,0,81,103,0,0,0,0,0,0,33,0,40,0,0,0,0,0,73,0,0,0,0,0,0,0,68,0,0,0,0,32,0,0,0,0,0,0,0,0,36,0,0,0,0,0,0,0,0,0,0,69,0,0,0,0,0,20,0,66,140,0,0,0,0,0,0,0,32,0,0,0,0,0,0,23,0,0,119,0,0,0,0,0,0,0,0,0,0,0,0,45,109,0,0,111,32,0,0,0,0,126,0,0,0,62,0,0,0,0,0,0,0,67,0,0,0,0,28,0,0,0,119,0,0,0,0,89,0,32,0,60,0,0,0,0,30,0,0,0,0,0,0,0,0,122,0,79,0,0,55,0,0,0,0,0,0,0,0,0,199,46,0,0,0,0,0,0,0,0,0,0,0,63,0,0,0,0,0,0,0,0,0,0,0,64,0,0,0,0,0,0,0,0,0,40,74,0,0,0,0,33,0,0,0,31,0,0,0,0,403,0,0,0,0,0,0,0,0,111,0,27,0,0,0,0,0,0,0,0,0,0,0,0,0,0,47,0,0,0,0,23,0,0,0,0,0,98,0,0,0,0,0,75,0,0,65,75,0,75,0,0,0,0,0,153,0,0,0,74,0,0,0,0,20,63,0,0,0,0,256,37,45,0,0,42,44,0,0,0,0,0,0,40,39,20,0,0,124,0,0,0,0,0,0,46,0,0,0,0,0,0,81,0,0,0,0,0,0,0,0,0,311,0,175,0,34,0,0,41,0,0,37,0,0,0,0,0,0,0,0,0,0,0,54,0,0,0,0,0,37,0,0,0,0,0,0,51,0,0,0,76,107,0,22,0,0,0,0,0,99,0,0,108,0,0,0,0,0,44,0,0,0,0,0,0,0,46,0,0,0,0,0,0,0,0,0,0,0,0,41,0,0,0,0,0,0,63,0,0,0,0,0,0,0,0,0,0,0,33,0,0,0,30,0,0,0,0,68,57,0,0,0,0,0,0,0,0,0,0,0,60,0,26,0,0,0,0,0,76,0,0,0,0,0,0,0,0,91,45,0,0,0,0,0,0,0,0,0,0,111,0,0,0,0,0,0,0,0,0,0,0,0,0,62,162,0,0,363,0,69,0,0,0,0,0,0,0,0,0,0,0,0,17,0,0,0,96,0,0,0,66,0,19,0,0,0,0,0,0,197,95,0,0,0,43,35,0,32,0,0,46,0,0,77,0,0,103,0,0,0,0,0,0,0,0,0,0,0,48,91,0,0,0,0,0,0,0,0,0,0,42,0,213,43,0,82,0,0,0,0,0,0,0,107,0,0,0,0,0,0,0,0,0,70,0,30,0,0,0,0,135,0,0,14,0,0,0,0,0,18,0,0,0,58,0,51,0,0,0,0,0,40,24,0,196,0,0,38,0,0,0,0,0,0,92,28,0,0,0,0,0,0,0,0,0,0,0,0,0,0,0,0,0,0,0,0,33,59,0,0,0,114,0,0,0,0,0,0,0,0,0,0,0,0,145,0,0,0,0,0,30,0,0,0,0,131,0,0,0
95,0,13,0,164,124,158,133,0,245,37,597,32,25,48,284,707,480,59,128,0,606,101,155,97,293,0,36,107,94,0,42,150,0,90,528,412,0,159,838,138,108,133,28,583,0,71,130,816,0,347,62,158,203,51,423,86,0,0,65,0,110,198,585,0,75,328,61,42,45,596,17,70,60,28,331,179,0,774,59,190,48,55,133,396,69,91,52,191,73,567,160,147,197,260,78,54,0,165,57,0,0,66,179,61,27,80,0,127,214,357,99,85,150,335,82,83,150,72,49,365,0,276,100,0,83,69,57,192,76,123,0,429,64,92,222,426,183,129,107,265,164,337,708,0,0,104,78,108,209,0,90,179,43,320,313,45,158,51,309,601,147,20,137,110,101,99,76,253,381,258,379,82,191,0,118,86,82,395,166,75,479,0,87,53,97,74,653,548,0,28,0,169,73,301,70,186,76,52,290,0,184,168,42,692,0,56,55,76,431,177,230,187,151,90,198,139,103,41,49,258,240,48,48,386,0,16,282,997,39,109,0,37,26,46,0,80,97,332,87,54,185,103,140,77,0,292,0,62,0,139,127,353,120,435,67,115,0,64,111,942,311,161,76,76,40,0,794,272,311,101,0,445,457,149,183,198,47,1360,590,275,0,171,301,161,119,44,373,2217,129,67,79,485,70,33,169,46,139,145,82,43,0,167,64,0,523,610,231,63,269,155,1091,0,0,0,73,127,396,261,82,116,123,0,62,110,315,69,235,0,65,743,27,153,145,265,135,45,53,111,122,54,216,40,99,248,0,57,0,260,1661,319,148,0,321,1199,56,96,89,700,226,214,122,302,40,159,439,539,556,124,58,250,89,35,77,118,215,291,0,26,270,109,70,63,31,82,687,74,214,209,0,86,67,1045,96,133,62,673,101,235,269,0,45,252,0,97,199,73,71,125,56,254,20,190,101,0,30,528,126,334,326,45,224,143,49,66,337,137,124,299,46,0,0,117,90,159,0,70,201,81,428,0,53,625,167,260,330,380,125,113,88,0,0,194,0,346,50,93,96,0,53,365,114,188,148,58,56,86,118,81,0,43,109,346,280,124,101,435,736,431,282,186,61,369,359,231,27,0,151,182,397,360,129,23,215,76,95,358,265,265,86,0,514,60,1127,164,216,405,207,63,23,132,54,0,86,47,0,318,87,123,219,199,85,422,506,261,0,106,104,881,43,92,47,0,0,170,151,23,0,0,328,114,403,635,93,80,0,254,74,74,870,284,177,46,89,102,169,33,112,160,90,694,612,0,165,86,537,79,0,21,114,310,242,0,0,81,68,31,292,0,117,227,489,139,53,882,37,282,567,160,62,45,1422,0,157,43,59,0,293,46,73,136,102,220,118,62,355,125,382,126,79,24,88,707,876,253,45,100,191,0,181,0,78,0,86,105,40,73,153,0,367,381,0,27,99,0,93,107,171,61,0,0,0,483,0,95,611,0,157,88,506,222,57,24,179,1026,0,223,73,121,342,210,114,157,35,44,313,151,268,48,127,907,124,233,56,345,143,167,126,511,80,0,0,269,294,468,43,66,51,376,0,286,62,148,32,85,66,243,70,700,0,52,130,41,298,266,117,38,93,138,117,56,392,402,0,0,39,0,37,348,322,314,189,215,2819,327,202,201,369,0,0,163,223,64,102,205,0,0,80,686,138,200,104,2084,142,0,258,88,0,412,0,58,229,109,0,240,68,0,0,57,81,40,396,49,184,40,250,0,153,0,252,331,265,140,107,32,506,72,67,149,113,83,98,309,102,0,0,237,161,163,799,0,0,90,85,0,83,0,134,85,65,199,116,74,120,375,138,569,189,422,44,79,0,419,423,85,225,0,87,62,79,267,46,622,80,132,66,88,85,29,417,444,30,36,96,0,0,140,297,35,34,0,84,577,58,617,149,0,208,81,108,277,35,293,83,0,0,1807,561,86,372,65,77,87,418,93,150,53,0,0,82,34,106,0,68,536,381,148,0,0,0,116,201,267,52,147,227,0,356,32,116,126,343,61,214,318,92,1050,106,48,142,123,523,0,64,0,0,54,474,555,326,187,72,124,102,0,1923,248,94,182,24,270,355,78,76,0,219,186,0,79,116,77,124,52,28,51,114,133,65,97,44,33,193,42,237,50,179,49,109,51,137,225,0,123,344,50,0,68,71,714,76,108,68,118,79,95,175,44,484,147,774,48,104,82,261,233,45,0,442,82,0,144,242,0,36,46,137,820,79,1139,60,703,275,98,91,92,27,0,27,0,92,92,67,265,60,37,185,90,131,1133,279,80,140,0,96,98,440,1619,809,181,100,29,86,71,77,139,0,795,207,60,0,33,217,61,0,106,288,0,327,2078,153,135,158,355,137,177,89,201,381,197,0,184,0,173,89,561,0,206,336,112,279,0,560,221,179,242,1011,1279,320,716,48,417,143,51,424,68,95,81,89,29,57,0,223,0,133,722,59,0,48,140,76,101,228,0,441,162,73,111,53,40,56,198,152,208,0,89,128,85,75,0,107,165,340,100,80,72,136,1052,189,0,569,0,189,296,134,58,0,65,216,165,523,0,0,168,978,39,75,53,480,331,29,134,48,107,62,77,92,121,556,198,111,240,18,289,242,391,0,137,84,439,61,120,125,719,487,409,248,316,45,378,0,180,0,91,0,402,32,207,207,333,73,118,0,0,51,166,492,778,133,42,312,56,563,77,0,598,103,42,116,83,111,0,55,0,122,403,0,194,401,151,48,954,0,83,193,235,126,81,211,101,188,103,0,94,156,64,68,110,78,42,278,0,0,61,215,231,221,130,39,0,125,84,475,57,190,245,93,144,50,156,0,69,0,157,0,166,35,152,80,53,256,0,145,229,110,181,68,0,127,56,376,427,519,31,119,0,54,429,129,106,74,267,163,59,47,137,137,0,98,131,0,263,126,152,245,0,0,129,105,43,238,62,571,124,36,79,202,64,77,580,513,99,0,424,57,322,112,51,654,382,173,328,99,36,1786,157,354,0,130,106,90,651,30,161,268,124,251,40,474,227,58,0,76,174,0,47,371,33,0,74,343,105,131,51,227,365,176,33,86,129,68,102,0,114,353,60,0,65,3313,800,130,763,115,200,334,487,174,48,136,51,467,126,134,142,174,0,753,90,140,139,428,33,694,306,0,417,100,0,95,0,59,290,202,123,230,160,403,131,360,0,483,54,138,395,0,92,369,172,104,234,61,50,179,287,84,139,76,233,349,94,890,266,197,160,285,126,133,261,89,0,1102,21,66,462,0,59,54,690,0,142,333,226,168,86,502,111,206,150,240,0,397,444,56,69,138,92,211,110,102,122,158,0,385,285,368,406,136,78,77,73,337,75,117,52,699,542,289,157,69,159,188,30,84,604,111,374,759,31,0,105,263,0,52,145,44,54,155,53,30,164,296,47,0,33,143,152,229,0,146,316,36,74,463,0,43,55,196,199,47,177,164,149,0,81,0,58,310,50,226,0,716,326,43,0,93,463,139,83,260,155,206,0,131,42,650,0,473,61,140,209,163,63,85,76,372,87,66,241,2122,0,0,264,158,0,116,326,525,28,120,97,114,216,48,0,200,30,110,1409,0,184,189,66,0,347,55,95,105,250,68,369,42,52,33,120,63,221,0,86,201,187,123,0,106,51,151,115,37,445,183,121,109,68,137,696,53,74,174,61,99,169,82,462,363,220,310,57,0,191,80,30,137,120,254,297,435,53,451,359,149,189,143,231,569,0,52,65,84,446,45,105,0,0,41,517,131,115,127,0,631,250,274,93,170,81,114,57,835,0,0,33,939,51,1677,269,73,77,42,80,399,32,220,57,116,47,87,98,234,299,0,107,60,122,82,73,0,290,129,0,0,668,95,36,78,161,146,72,76,279,121,64,0,0,0,0,239,84,865,1035,268,67,340,0,0,172,44,145,282,21,0,125,39,91,172,40,57,133,802,72,476,42,76,38,0,625,231,362,195,66,136,844,146,542,53,0,66,190,81,465,77,104,187,365,98,0,188,52,70,0,139,0,138,549,276,152,39,0,0,94,104,490,0,1342,43,220,253,0,92,130,208,0,940,289,55,280,46,65,186,195,202,60,280,76,167,109,21,168,217,123,51,277,31,44,668,0,101,69,138,222,593,421,115,378,163,86,28,64,69,148,624,174,185,418,40,74,188,50,100,65,0,118,148,0,206,181,393,85,380,206,190,208,135,80,0,15,116,72,128,227,789,184,78,125,38,128,745,175,177,200,406,0,1115,235,66,57,140,631,362,190,0,254,111,131,86,94,0,128,283,562,103,55,43,410,288,243,137,584,295,0,37,87,353,0,0,127,156,78,0,124,26,313,724,169,191,304,0,33,424,94,64,1188,260,55,32,53,105,98,0,936,208,621,0,149,87,127,0,66,374,50,253,328,102,138,330,272,121,1138,150,198,0,94,157,481,473,263,153,178,379,0,55,425,188,481,90,282,309,124,153,0,91,176,629,477,447,573,78,39,266,37,0,49,281,50,50,348,0,339,0,90,328,66,0,32,0,172,359,54,125,411,133,289,216,33,109,1133,107,46,21,24,468,1032,49,102,58,138,94,47,208,114,557,287,291,195,354,312,41,77,0,60,278,136,756,56,78,66,201,419,146,205,0,46,276,0,357,30,459,33,117,44,128,42,50,226,385,56,57,155,418,188,160,39,1479,26,67,0,0,0,0,419,129,147,319,1021,57,0,233,86,89,315,168,100,89,155,326,54,215,95,0,334,735,109,112,64,59,118,254,102,400,113,471,83,57,590,118,263,47,164,72,170,91,29,64,124,45,132,94,96,127,231,86,69,56,32,556,438,129,0,116,0,93,188,119,189,392,38,33,125,0,0,125,324,800,423,1013,172,0,0,0,41,116,98,55,56,131,296,539,182,435,192,236,181,0,136,0,82,0,107,154,70,116,206,69,666,399,39,297,181,62,182,0,0,78,57,399,167,437,134,190,64,62,412,198,0,291,163,74,97,108,142,77,200,0,0,120,108,57,285,171,58,758,205,45,94,175,113,161,45,177,360,42,421,95,0,387,300,102,0,253,75,0,643,15,424,110,94,90,60,213,266,107,35,104,0,128,44,84,387,0,121,29,81,550,138,77,606,102,64,0,78,135,35,74,44,134,201,271,563,199,244,0,31,91,118,74,171,125,0,0,103,186,119,0,203,109,66,622,0,0,233,255,0,292,103,417,0,109,149,79,24,85,0,38,349,44,137,255,84,308,565,0,53,0,48,364,0,316,191,198,305,108,182,99,87,274,0,121,98,32,173,81,351,402,420,232,0,0,318,120,61,0,50,408,49,84,94,259,83,1071,80,0,82,85,25,155,396,85,286,156,178,48,42,0,220,0,410,805,302,85,567,24,0,159,89,179,108,41,0,0,456,103,223,127,46,293,176,0,0,0,45,0,193,96,0,0,90,0,60,1220,0,0,1104,133,114,31,283,64,391,192,0,250,171,40,73,359,0,0,276,0,309,126,121,111,101,96,44,67,0,950,177,0,27,0,903,0,233,332,370,284,0,45,0,133,141,82,0,417,0,80,93,83,660,267,535,430,181,367,71,0,49,72,71,127,102,271,51,1381,330,103,53,103,285,173,55,146,90,60,521,375,235,77,233,97,138,65,40,116,63,58,0,63,226,252,177,36,578,55,0,349,42,0,183,589,24,62,108,586,92,65,0,186,111,63,0,56,438,1773,141,43,54,192,74,82,0,184,501,46,142,238,52,74,49,150,701,114,0,52,0,115,67,69,167,228,57,123,168,0,105,314,136,231,51,92,347,0,85,109,72,146,76,162,669,247,276,64,107,44,70,146,125,228,874,208,0,0,554,157,153,158,76,183,250,79,239,43,58,1541,132,516,101,273,175,492,155,332,27,226,87,54,353,110,128,107,55,1544,152,122,28,62,85,0,455,0,64,44,848,0,72,598,169,147,87,358,39,271,575,76,148,1323,38,729,179,619,70,122,611,0,123,200,194,182,230,29,66,250,197,47,194,177,39,242,0,355,288,238,50,121,121,42,205,0,0,170,68,144,166,80,323,680,63,217,0,0,148,44,222,476,69,128,250,31,41,25,122,481,351,0,60,78,359,64,98,117,390,0,27,349,193,96,0,438,93,202,346,324,409,285,246,0,96,46,0,73,139,47,212,105,0,218,141,69,65,28,256,29,309,117,283,137,198,133,159,0,33,1639,328,705,93,242,127,33,135,87,0,51,133,439,489,86,506,340,173,0,115,35,238,107,0,74,0,90,32,95,72,501,639,41,234,0,0,248,212,0,0,56,63,995,187,110,34,44,106,157,62,210,203,81,327,145,112,252,911,38,0,1466,184,228,126,62,151,82,0,32,538,0,117,0,36,53,140,92,49,58,280,123,71,26,223,79,90,268,57,229,35,82,202,489,1570,141,225,143,186,343,107,259,59,304,181,220,118,273,260,361,449,63,93,39,258,279,0,344,301,0,145,247,235,680,74,274,48,329,97,63,23,195,74,242,636,0,2169,209,0,788,0,0,192,246,0,120,112,1077,31,0,155,483,0,0,426,56,0,188,0,117,52,271,367,282,475,224,0,938,82,429,101,333,30,255,230,28,0,213,98,296,52,40,284,75,173,484,112,0,732,155,570,581,123,67,136,71,95,0,1444,421,0,33,152,210,0,84,31,50,61,18,192,106,168,59,0,202,0,0,511,154,119,415,66,102,50,820,38,36,52,0,0,0,0,258,462,0,115,220,753,121,350,72,47,66,173,236,0,46,108,725,104,76,88
96,0,0,0,0,0,0,55,0,0,0,111,0,0,0,55,252,172,0,0,0,98,0,38,27,59,0,0,62,0,0,0,0,0,0,0,0,0,0,123,107,0,0,0,30,0,65,24,92,0,101,0,65,71,0,0,0,0,0,0,0,0,0,84,0,83,109,10,0,0,220,0,0,0,0,451,0,0,221,0,67,0,0,64,196,0,15,0,0,45,24,0,30,0,79,0,0,0,0,29,0,0,0,87,0,0,0,33,0,0,203,0,25,82,134,73,0,34,0,0,227,22,157,0,0,0,0,0,44,0,133,0,165,0,0,38,111,81,78,0,125,0,0,261,0,0,0,49,61,122,0,0,47,0,0,38,0,48,0,96,99,0,0,71,50,0,0,0,55,144,102,89,0,34,0,29,0,84,116,36,0,109,0,0,0,40,0,118,145,0,0,0,48,38,95,40,70,0,0,0,29,0,121,0,343,34,0,0,0,108,105,104,0,0,0,221,47,51,0,0,118,108,0,0,138,0,0,57,56,0,53,0,0,0,0,18,0,0,110,0,0,51,0,0,0,0,106,0,40,0,0,0,138,40,169,0,0,0,32,0,33,122,150,32,0,0,0,225,87,68,0,0,51,129,57,55,97,0,421,70,0,0,91,95,46,62,0,136,876,47,0,0,0,0,0,0,0,43,56,98,0,0,63,0,0,184,227,72,24,58,39,263,83,0,0,24,0,141,42,0,0,0,0,0,175,0,0,113,0,0,161,0,53,0,0,0,0,0,0,59,0,82,0,0,65,0,0,0,44,721,38,72,0,155,172,0,0,45,196,72,0,40,0,0,42,234,211,74,0,0,133,0,47,0,61,151,49,0,0,42,52,27,61,0,0,344,0,53,41,0,0,0,540,0,32,0,337,59,104,87,0,0,88,0,0,80,0,0,0,0,171,0,70,0,0,0,189,62,152,182,0,96,50,0,0,20,0,49,61,0,0,0,0,0,38,0,0,46,0,76,0,0,205,57,137,49,91,0,0,0,0,0,0,0,64,0,0,0,0,0,169,0,82,46,0,0,0,38,0,0,30,0,123,64,0,0,85,171,69,73,113,0,79,105,62,0,0,59,68,88,79,0,0,97,31,0,115,73,114,0,0,0,26,473,76,50,151,99,27,0,49,0,0,0,34,0,163,0,31,121,80,22,155,126,109,0,0,0,301,0,36,0,0,0,84,0,0,0,0,111,0,116,160,22,0,0,98,42,0,86,106,45,26,40,0,0,0,0,0,36,223,313,0,37,62,161,0,0,0,0,99,85,0,0,0,0,0,32,0,50,91,121,55,0,493,0,56,230,0,0,0,443,0,45,0,0,0,48,0,0,30,0,53,59,34,91,29,0,0,0,0,0,55,61,15,0,0,32,0,0,0,0,0,0,0,0,0,32,0,109,70,0,0,0,0,37,0,0,0,0,0,0,0,0,0,194,0,30,0,98,81,0,0,0,284,0,0,0,0,76,0,26,46,0,0,85,0,58,0,0,223,0,81,0,77,23,0,0,229,0,0,0,0,71,92,0,37,49,198,0,44,0,50,0,38,0,0,0,281,0,0,0,0,0,47,0,0,79,49,36,0,104,67,0,0,0,0,42,0,80,87,0,68,268,146,187,0,58,0,0,118,56,0,0,67,0,0,45,177,45,141,0,0,69,0,0,0,0,142,0,0,71,0,0,149,0,0,0,0,22,0,126,0,38,0,0,0,45,0,72,44,70,27,0,12,193,0,0,55,0,91,0,34,0,0,0,0,81,28,80,0,0,0,0,0,0,0,55,0,0,77,0,0,0,158,0,206,36,119,0,60,0,80,0,0,111,0,0,0,0,71,0,126,0,32,32,46,37,0,77,93,0,0,0,0,0,0,109,0,0,0,0,80,0,195,33,0,37,42,25,65,0,0,0,0,0,497,90,53,266,0,0,0,0,0,0,0,0,27,0,0,0,0,0,113,92,0,0,0,0,25,59,48,0,32,70,0,0,0,0,0,48,0,64,90,71,275,0,0,63,62,0,0,65,0,43,0,49,56,255,0,0,64,0,0,233,47,66,48,0,80,144,0,0,35,0,0,0,0,78,46,0,36,31,0,0,54,97,216,0,0,109,0,92,0,99,0,0,0,45,83,0,143,0,0,0,87,0,308,0,0,60,0,98,274,190,0,115,35,291,0,39,0,277,57,64,0,130,36,0,0,0,0,0,83,91,286,0,197,0,780,50,42,0,43,0,0,0,0,0,55,0,102,0,0,377,0,52,353,135,0,29,0,159,0,178,611,105,70,127,0,28,0,0,59,0,247,58,53,0,0,61,0,66,0,186,17,311,773,64,149,34,70,64,0,33,402,131,53,0,37,0,41,56,108,0,0,114,119,46,0,256,0,0,71,209,341,131,121,0,125,95,37,130,0,57,0,53,0,38,0,54,0,56,206,0,29,32,40,42,0,233,0,57,79,65,47,63,0,0,45,26,98,0,0,0,40,0,0,61,58,67,85,226,0,0,275,0,0,134,81,0,168,51,56,0,0,50,0,74,0,0,163,280,0,0,0,75,102,0,38,0,69,23,0,29,45,52,0,22,0,55,78,126,67,0,44,64,178,45,0,76,126,166,69,61,0,0,212,47,0,0,0,65,222,0,41,231,44,26,0,70,0,0,46,71,297,0,0,53,0,90,143,0,173,39,23,29,0,0,0,0,0,0,144,0,0,47,0,0,131,0,62,42,92,0,0,0,0,173,0,0,0,0,0,0,70,0,0,0,0,0,0,134,0,0,67,0,0,45,42,73,0,0,0,0,65,0,0,0,0,0,0,0,42,0,96,0,0,0,41,74,63,44,75,0,0,0,0,64,0,114,0,0,0,0,148,0,68,0,65,0,0,0,0,0,0,0,46,0,0,0,0,96,0,0,57,0,0,0,0,58,69,0,0,94,0,0,26,76,0,0,49,0,51,29,0,100,0,0,111,0,0,700,0,82,0,48,37,0,193,0,0,64,0,82,0,66,130,0,0,0,98,0,0,69,0,0,0,181,0,0,0,109,0,0,0,0,0,38,0,0,0,159,0,0,0,303,644,0,337,0,0,0,0,0,0,164,0,189,0,49,0,0,0,235,0,76,0,260,0,138,109,0,476,0,0,0,0,0,96,59,0,0,59,43,0,0,0,401,0,32,188,0,30,71,64,0,86,0,0,53,0,52,52,0,0,149,0,405,184,0,87,102,58,0,0,0,0,158,0,0,0,0,0,39,43,0,0,130,74,0,0,33,0,0,0,65,0,120,28,0,0,76,0,83,0,0,0,0,0,0,116,0,230,0,35,0,0,107,28,0,0,120,54,174,69,0,0,0,0,48,70,0,0,214,0,0,52,58,34,47,0,0,0,51,0,0,92,96,22,0,0,0,0,191,0,57,0,0,34,120,0,0,0,100,132,20,103,84,48,0,61,0,0,140,0,46,0,75,109,0,0,49,237,0,21,50,101,99,0,40,30,478,0,426,0,0,68,170,0,0,31,149,0,0,114,368,0,0,30,38,0,0,72,127,0,128,41,48,56,0,0,156,0,0,485,0,112,54,44,0,82,0,41,31,138,0,128,0,0,0,0,0,53,0,0,163,183,72,0,0,0,28,40,0,68,0,60,51,0,40,207,0,32,54,0,0,124,0,186,120,0,144,38,0,57,0,0,45,0,0,51,76,0,53,222,151,43,0,68,342,0,0,34,0,304,0,0,0,0,0,225,0,0,57,0,216,0,115,0,49,0,84,23,396,0,0,0,144,15,257,114,76,60,0,73,228,0,205,0,69,0,74,83,136,80,0,0,0,0,0,52,0,59,103,0,0,293,0,0,0,53,42,0,0,0,28,49,54,0,30,0,117,63,182,100,31,76,74,0,0,50,0,85,102,0,0,0,0,0,121,0,0,0,83,0,128,0,0,0,0,165,93,53,66,28,43,178,0,297,0,0,0,0,0,75,0,0,132,134,0,0,57,0,0,0,38,0,52,220,85,0,0,0,0,0,58,121,0,621,0,82,102,0,0,84,0,0,113,68,0,113,0,0,0,60,120,29,76,51,76,42,0,40,96,0,13,126,0,0,163,0,59,0,112,129,131,176,0,81,73,65,0,0,52,91,216,70,51,209,34,55,58,0,31,52,0,39,0,0,108,110,162,116,83,0,55,52,122,0,0,0,78,36,0,76,132,68,0,79,0,52,343,71,84,143,442,0,239,37,0,0,57,149,34,74,0,117,0,0,0,41,0,87,64,44,29,0,0,285,57,85,164,232,99,0,0,0,47,0,0,42,80,0,0,0,0,60,361,42,81,57,0,0,599,36,0,324,71,27,0,0,55,44,0,250,135,401,0,47,45,0,0,0,99,53,0,109,0,71,102,115,58,245,166,78,0,42,0,48,301,194,25,40,186,13,22,193,111,281,0,160,98,64,0,0,22,35,484,172,124,75,0,0,39,0,0,30,105,0,0,127,0,138,0,26,53,0,0,0,0,39,0,0,42,164,0,160,84,0,0,542,24,0,0,0,125,271,0,58,0,31,0,0,76,48,174,257,115,69,80,0,0,52,0,40,63,87,181,0,0,0,68,93,0,79,0,0,129,0,63,0,201,0,63,0,88,0,0,35,47,0,0,71,117,27,37,0,691,0,35,0,13,0,0,102,67,56,92,269,0,0,32,33,26,66,0,83,46,23,138,0,46,88,0,0,139,0,113,0,59,57,131,81,120,58,211,0,0,346,190,108,114,153,0,78,0,57,0,46,0,0,61,107,50,199,133,0,0,0,335,43,53,0,0,0,86,112,40,102,201,0,0,46,0,64,63,206,400,145,300,126,0,42,52,0,103,114,0,0,89,73,471,80,107,37,73,283,23,99,0,52,96,33,85,0,47,0,0,256,406,0,159,169,0,129,0,20,86,55,0,0,334,61,0,98,87,354,32,0,205,61,0,94,75,309,0,95,71,0,123,0,0,86,351,70,173,218,0,0,159,75,37,0,166,290,0,75,61,0,151,91,0,71,0,0,0,818,0,250,40,51,61,0,111,215,101,0,0,0,0,43,0,355,0,0,0,0,299,62,123,430,32,107,0,47,0,0,53,0,110,162,0,211,203,171,0,0,88,74,137,0,121,0,0,46,85,52,0,221,0,69,205,37,0,159,64,0,115,86,0,0,69,33,0,0,0,0,0,86,39,91,203,0,299,85,0,77,0,0,109,0,84,151,110,322,123,247,76,72,203,0,97,120,47,125,145,140,252,248,118,25,0,44,119,0,0,0,158,8,49,43,80,94,1275,62,0,0,73,46,57,267,88,362,0,112,0,70,0,151,0,282,82,106,33,290,0,0,155,106,45,0,29,0,33,183,157,0,122,0,244,219,0,0,0,45,0,103,110,0,38,52,0,33,808,38,0,749,48,69,0,181,55,390,93,0,211,130,13,0,120,0,0,216,0,255,123,99,48,61,108,0,0,35,702,95,0,0,0,278,0,99,60,149,216,0,23,85,59,68,53,0,404,0,44,50,17,394,0,355,88,84,439,35,31,0,0,36,0,42,193,0,379,216,54,41,29,107,29,49,103,65,65,228,233,164,0,84,33,78,46,0,170,22,0,0,0,108,120,135,0,381,0,0,149,0,0,139,287,0,60,82,208,75,43,0,95,125,0,0,0,154,1477,99,41,29,73,0,65,36,107,424,0,105,128,0,58,48,124,274,64,0,37,0,39,0,69,99,63,0,69,0,0,123,48,125,172,39,0,196,0,48,62,57,64,53,51,215,147,229,79,71,0,0,79,56,0,401,82,0,0,76,144,268,114,66,110,93,65,132,26,0,1135,140,439,33,177,141,218,199,214,0,94,59,0,203,67,67,0,0,600,0,78,0,69,41,41,311,0,39,27,776,0,34,301,102,44,60,259,0,140,140,56,46,706,0,451,123,138,43,38,284,47,90,198,144,0,135,0,35,105,110,0,186,93,0,133,0,117,215,114,0,71,0,0,342,0,0,0,53,0,0,38,299,322,0,115,0,0,58,28,109,227,0,114,174,37,30,0,61,127,235,0,16,82,206,0,0,0,182,0,0,115,63,29,0,135,0,0,151,143,83,216,101,0,0,0,0,29,180,0,27,36,0,109,128,0,0,0,192,0,67,88,141,0,0,119,71,0,0,490,176,204,0,66,73,0,69,0,0,76,75,364,267,46,0,243,290,0,75,0,138,66,0,0,57,0,54,0,45,304,130,27,0,18,0,73,111,0,0,49,0,421,61,33,0,0,0,0,120,0,0,54,91,91,53,112,592,0,0,385,34,158,0,0,80,38,0,0,88,0,48,0,66,55,78,36,0,45,158,0,0,37,51,70,61,107,0,66,0,51,142,773,896,0,36,159,158,0,0,155,31,140,0,63,70,179,59,94,134,68,0,0,113,57,0,261,141,0,0,75,46,625,0,0,0,122,18,0,0,34,0,71,102,0,873,94,0,147,0,0,92,58,0,40,53,184,0,0,0,62,0,0,155,0,0,135,0,101,38,88,114,57,927,0,0,262,52,173,55,148,0,107,107,0,27,188,0,77,0,39,153,0,109,91,0,57,232,0,444,105,81,0,48,23,25,0,649,153,0,0,80,57,45,41,0,0,40,25,79,28,0,60,0,100,0,0,143,64,48,262,33,45,39,362,0,0,0,0,0,0,0,133,143,0,74,187,384,0,174,0,25,0,97,73,71,0,80,639,0,62,48
97,0,28,35,75,82,170,39,0,190,33,500,77,0,43,194,418,168,38,64,41,574,56,108,156,269,0,0,239,100,45,33,115,0,55,241,178,0,157,450,248,119,74,0,465,0,73,129,604,0,352,36,129,203,33,410,58,50,0,58,0,196,214,606,44,0,114,57,39,27,676,0,113,41,0,270,217,0,678,123,289,53,35,336,694,90,23,0,137,126,479,129,39,193,177,64,50,0,113,86,0,81,0,257,59,69,60,0,387,149,403,110,112,292,183,36,85,171,116,0,787,0,651,80,46,98,110,39,160,70,201,62,631,54,268,128,360,86,92,72,171,147,269,358,0,0,55,161,125,363,23,55,357,70,330,119,31,329,52,236,407,114,0,151,138,160,87,0,317,477,294,343,0,150,49,114,74,0,421,135,72,459,40,94,92,95,74,682,480,0,29,43,190,82,397,0,77,51,48,256,36,220,284,42,453,20,55,39,87,316,376,150,73,70,65,120,65,55,41,44,122,142,94,0,556,0,0,133,433,0,104,0,0,0,74,0,123,104,502,67,0,251,100,144,106,0,311,35,94,0,124,88,520,0,187,77,164,0,114,133,429,281,93,0,81,0,0,828,112,563,80,0,89,721,134,163,146,60,967,621,136,0,184,443,138,132,91,601,1199,113,144,137,524,45,33,185,56,142,145,80,48,56,136,67,42,407,355,286,43,398,272,744,169,0,0,39,104,416,246,47,134,81,0,50,277,289,98,240,0,65,575,0,108,57,152,127,68,22,99,150,46,129,41,65,126,26,0,32,362,3580,411,134,0,354,1066,64,99,136,604,536,114,249,269,0,369,439,739,395,121,87,292,54,98,33,139,300,166,0,0,414,112,60,61,57,61,938,114,91,99,55,106,97,1269,74,141,83,471,125,261,420,49,56,386,0,71,400,53,69,155,33,205,0,119,100,0,48,263,57,139,403,0,248,263,0,141,252,49,117,190,114,0,65,151,83,216,33,90,144,52,272,0,0,538,236,183,249,200,89,82,40,75,0,164,47,303,40,75,141,0,53,535,76,347,298,69,81,47,108,83,58,27,107,170,195,129,59,190,493,393,216,331,71,128,515,209,0,0,171,378,409,341,232,0,446,72,109,496,286,334,0,0,351,136,1626,187,174,318,224,74,0,59,69,0,146,72,0,242,175,97,312,134,135,502,700,194,0,110,117,352,36,194,0,0,49,212,221,70,32,0,331,72,397,499,84,49,0,323,84,49,565,390,277,64,104,78,103,43,77,98,74,239,953,0,82,0,359,169,40,64,39,375,264,92,0,100,58,0,389,71,150,267,247,178,54,478,82,498,753,104,113,89,1288,0,237,47,31,0,250,62,167,41,89,154,90,54,346,123,302,101,111,0,60,572,734,222,48,133,231,0,235,55,61,0,56,139,52,139,0,0,247,278,47,84,86,0,85,115,182,79,0,43,33,292,0,64,622,40,129,76,421,239,88,48,141,963,0,74,167,144,320,274,111,269,0,61,296,126,159,80,185,238,80,352,61,467,91,196,166,424,81,112,80,199,59,392,58,111,110,414,0,324,56,93,0,107,69,251,56,1077,0,48,161,36,175,251,78,102,128,225,210,89,376,594,0,29,35,0,168,425,89,636,261,149,1918,561,842,295,226,0,23,159,306,62,79,208,0,0,86,626,272,447,104,1744,328,0,221,0,0,104,23,77,0,108,65,303,73,28,102,0,70,77,148,77,157,0,209,0,0,0,394,283,207,94,65,54,537,102,59,129,316,583,119,203,56,0,0,348,168,241,831,0,0,289,76,0,126,59,131,165,114,249,110,121,94,392,197,429,232,55,46,68,37,366,453,82,391,106,75,75,76,457,33,692,85,70,84,117,110,28,446,443,0,66,102,32,0,274,110,0,0,0,81,896,35,294,201,0,137,141,84,455,46,334,93,0,0,525,452,64,671,68,74,52,435,98,237,108,0,110,66,0,97,51,105,449,200,54,63,0,91,86,38,313,75,161,62,0,186,38,40,83,353,119,204,228,465,619,84,58,97,194,219,0,78,0,70,74,167,189,344,151,104,194,93,0,752,44,126,147,0,270,405,103,0,48,232,180,63,71,94,72,73,53,0,141,81,116,232,375,0,57,184,52,293,56,138,0,61,132,113,208,0,192,101,60,0,185,50,411,42,40,149,76,204,302,259,70,165,136,563,45,61,0,686,193,113,0,288,120,0,149,233,0,18,113,148,999,113,408,0,1615,96,128,55,62,52,66,0,0,28,77,90,305,0,0,494,0,122,396,165,82,60,0,235,86,453,1259,152,118,257,0,69,94,45,134,0,595,241,165,0,53,117,31,57,69,196,45,406,1176,223,388,34,247,186,190,67,547,213,176,0,119,0,124,122,278,0,216,269,376,159,0,636,103,79,384,204,409,284,536,0,398,151,110,539,38,115,53,85,0,121,0,157,0,95,876,53,29,37,166,114,112,571,40,154,75,135,89,159,0,74,147,52,301,0,50,170,105,51,0,114,133,177,202,460,42,113,1045,94,0,808,139,327,489,143,119,0,0,171,87,500,0,0,470,471,0,67,56,178,238,0,104,19,124,30,64,31,123,350,117,145,95,144,459,153,353,0,207,76,220,123,64,206,189,746,391,77,184,56,573,82,222,0,55,133,299,51,171,623,279,65,104,79,0,0,110,381,717,70,33,119,0,905,360,0,307,168,68,96,23,101,0,200,186,110,366,59,119,294,154,0,1190,51,74,226,449,77,250,195,51,210,177,0,45,180,84,65,155,85,0,574,41,0,153,532,95,105,184,83,0,291,83,394,58,161,331,60,160,41,235,27,85,43,86,83,126,57,226,45,66,207,66,169,287,77,234,0,0,111,77,285,507,618,42,50,54,67,464,105,139,64,213,170,61,90,267,172,23,66,163,62,215,172,169,305,32,0,87,105,48,310,39,349,189,0,113,261,178,188,754,262,84,101,162,80,238,145,71,1033,406,170,367,62,20,3385,58,286,0,168,110,82,713,39,104,153,75,229,56,501,296,62,56,51,160,38,97,401,56,113,60,396,76,340,47,290,263,0,79,62,58,102,99,39,98,607,41,0,104,2086,717,125,797,52,154,273,427,210,46,194,58,703,59,80,235,107,34,885,88,204,145,730,46,1100,502,0,549,101,49,49,0,58,566,124,74,217,153,615,112,485,92,466,44,184,327,0,73,149,253,138,278,203,46,138,68,289,474,78,206,372,37,1320,434,166,241,360,107,0,544,61,0,1304,0,0,245,0,109,52,385,0,186,500,191,174,112,388,130,213,376,249,0,548,271,65,52,145,120,200,126,55,157,253,0,231,224,384,348,80,206,68,22,387,111,97,68,1012,544,220,222,64,152,74,0,124,634,89,136,653,87,0,125,193,102,173,140,73,0,160,0,0,162,372,121,0,109,304,247,599,77,136,275,62,65,758,0,47,56,240,122,45,391,65,103,73,115,0,53,383,0,203,14,410,149,70,0,570,615,98,57,385,156,86,0,86,198,709,0,591,48,93,150,249,38,99,144,582,175,124,113,1651,0,0,403,179,61,144,277,553,0,210,127,142,193,70,0,456,0,61,1275,0,205,116,94,126,212,53,119,94,404,53,451,41,84,0,38,63,231,33,142,476,477,234,43,107,150,126,82,62,421,137,200,40,75,120,420,112,170,99,53,108,331,71,414,215,189,234,138,71,379,0,0,199,194,171,213,373,65,400,397,216,138,89,219,990,96,39,116,81,421,44,125,0,0,30,859,213,140,82,59,850,278,195,78,318,0,259,53,617,0,44,0,525,63,677,219,162,140,0,231,683,66,237,53,373,110,233,172,118,292,46,129,0,178,101,134,0,176,836,0,36,1466,114,34,95,193,271,0,130,430,227,145,87,85,99,59,328,247,373,1317,184,193,188,0,80,182,45,178,434,0,36,158,0,104,315,0,0,176,790,54,357,0,96,60,36,566,401,406,262,159,72,718,190,934,59,46,73,346,68,116,61,95,369,169,111,30,117,39,67,0,161,0,94,644,144,122,0,0,0,69,98,347,0,2336,56,163,83,0,84,92,88,0,739,215,56,197,102,87,252,220,268,49,398,134,137,89,20,197,268,161,72,222,0,35,947,56,264,63,156,226,469,440,104,362,229,94,76,39,65,422,405,160,167,434,71,194,98,54,40,39,76,164,108,54,169,150,299,476,560,131,86,79,204,0,78,0,284,41,169,197,679,115,108,69,174,128,1362,114,138,165,487,53,739,196,0,130,135,489,272,138,0,300,50,229,48,47,97,150,100,581,49,96,30,358,154,199,558,363,338,0,0,189,702,45,0,276,70,66,0,117,168,487,674,127,206,249,35,0,2163,64,141,508,105,76,0,57,281,240,0,598,221,389,28,152,77,109,58,43,441,68,249,196,84,168,157,147,303,875,295,260,0,104,146,364,655,157,199,111,1055,50,42,434,207,337,61,778,307,133,54,33,73,126,578,582,178,720,121,0,223,79,45,0,214,28,48,308,20,494,0,46,468,74,64,36,0,105,252,67,89,325,182,742,320,52,90,914,102,62,48,0,801,1625,0,120,0,95,117,0,423,67,272,1160,153,268,362,185,40,71,0,75,345,330,517,37,73,52,251,326,258,196,0,77,294,38,339,37,506,0,226,41,288,0,0,231,387,0,0,122,1087,247,147,46,1906,0,78,0,0,0,46,414,255,134,124,624,60,0,97,42,48,389,140,88,97,115,142,98,343,150,61,332,635,80,318,16,84,45,148,132,470,184,529,112,51,823,316,253,191,208,150,182,107,118,16,131,0,95,99,180,128,429,257,61,64,0,296,366,92,0,127,0,147,371,73,270,206,58,0,101,0,201,125,175,616,498,854,217,0,80,43,77,209,196,0,0,319,456,1245,91,577,172,212,323,77,180,0,83,63,146,142,44,44,205,0,715,503,31,131,384,57,102,0,52,100,68,428,175,845,196,36,131,111,681,141,13,623,123,120,144,75,646,0,219,110,0,298,88,31,201,712,101,625,318,69,150,328,179,153,104,333,181,46,87,78,0,211,178,91,108,260,51,0,1613,0,168,70,48,181,77,141,501,0,49,90,114,72,100,94,458,40,175,51,92,1118,152,278,725,82,146,0,77,50,56,82,0,148,263,211,759,445,331,0,0,79,116,216,43,192,91,44,123,220,93,0,426,157,85,594,45,0,426,235,34,264,275,458,64,37,161,104,75,0,0,0,238,87,243,261,55,692,720,72,60,0,68,324,63,177,321,160,384,226,306,288,179,589,38,162,176,99,170,299,182,191,517,290,63,43,240,297,63,0,96,284,53,0,170,311,211,1664,86,0,89,165,79,263,618,163,501,36,267,126,108,0,218,0,651,910,233,57,630,0,0,343,85,143,76,82,0,21,194,228,184,207,87,698,198,0,0,0,94,0,142,135,39,43,157,53,121,1969,40,0,951,170,272,0,248,145,683,211,0,426,279,42,34,288,50,0,290,39,542,172,114,175,74,136,57,47,0,918,116,49,27,0,518,45,273,374,259,521,21,0,115,150,173,73,0,618,0,115,158,100,597,184,450,292,214,513,76,49,63,103,71,69,92,310,0,900,684,58,80,82,279,151,0,255,142,152,520,404,382,120,110,77,147,189,93,281,101,96,0,0,390,202,182,72,450,65,0,223,116,0,192,409,0,115,188,549,124,169,0,291,178,147,41,38,372,1837,233,57,73,351,52,115,54,202,462,0,207,351,70,104,57,149,558,71,24,76,55,96,107,92,174,194,104,72,125,25,186,196,165,193,85,78,398,0,71,129,94,142,136,159,506,410,332,130,225,80,130,127,138,126,1183,171,0,0,430,174,378,210,80,331,276,163,192,89,106,1359,192,888,153,330,162,300,267,572,0,186,117,49,427,212,127,104,30,1642,93,260,0,115,122,53,533,0,34,58,1198,0,129,418,187,181,112,653,50,505,449,183,82,2405,103,1666,170,476,71,105,654,95,142,329,337,166,105,43,0,248,182,0,240,193,93,200,0,288,440,339,63,277,115,71,464,0,33,197,104,139,179,139,344,431,64,178,0,45,197,0,262,781,88,182,399,70,97,0,123,314,387,49,55,187,579,74,125,134,346,99,28,359,288,133,56,430,162,128,140,403,440,315,204,0,122,61,0,34,313,0,191,156,0,166,325,141,83,31,555,55,367,193,332,225,214,260,172,0,32,1391,196,1028,64,247,128,0,191,72,34,95,145,1062,353,138,541,254,272,0,111,0,226,141,85,137,91,47,69,95,66,754,636,102,214,56,78,179,348,0,0,135,173,1321,238,180,53,68,105,114,134,175,287,96,376,70,219,309,741,67,0,1165,213,286,88,133,149,95,0,52,541,27,119,0,99,63,202,196,46,140,261,111,87,56,186,99,162,435,49,202,64,88,196,1043,2471,166,117,120,397,514,88,305,80,301,239,165,74,433,386,343,263,135,119,0,200,187,0,460,446,22,72,240,166,509,93,329,76,419,116,110,0,144,0,333,650,54,1904,349,51,598,0,0,166,183,0,121,139,1375,0,0,108,553,37,0,345,151,0,162,44,211,53,412,300,246,1292,323,0,877,140,397,73,501,37,213,143,44,0,403,107,643,50,85,145,69,292,438,62,81,376,143,778,554,53,81,160,118,86,0,1442,364,0,37,157,318,58,62,0,70,81,58,210,106,272,132,0,176,36,0,587,158,82,349,95,202,0,951,69,34,44,28,43,48,66,96,495,0,127,423,555,64,163,97,35,103,274,211,83,0,214,1253,137,76,122
98,0,0,0,32,24,0,0,0,0,0,72,0,0,0,60,126,142,0,0,0,0,0,0,0,0,0,0,0,28,0,0,29,0,0,117,101,0,0,182,39,0,0,0,72,0,0,20,90,0,43,0,135,0,0,41,0,0,0,0,0,28,0,117,0,0,0,0,0,0,114,0,0,0,0,119,58,0,54,0,0,0,0,97,0,0,0,0,0,0,52,0,0,0,0,15,0,0,51,0,0,0,0,0,0,0,19,27,0,0,91,0,0,0,0,0,0,0,0,0,0,0,0,0,0,0,0,0,51,0,0,0,0,0,32,0,77,0,0,0,0,0,69,126,0,0,0,0,0,0,0,0,0,0,0,0,0,0,0,141,150,0,0,124,33,0,0,0,0,0,59,0,0,20,0,0,0,0,0,0,0,152,0,0,0,0,0,196,110,0,0,0,0,70,70,0,80,0,0,39,0,0,0,0,53,0,0,0,0,70,0,0,0,31,0,0,0,0,0,0,123,88,0,0,0,0,0,16,169,0,65,0,0,0,0,0,0,70,153,46,16,0,0,0,0,0,32,0,0,0,0,25,28,68,0,0,0,0,0,0,135,0,0,39,0,0,0,151,0,70,0,0,40,54,0,0,0,0,262,146,0,0,0,0,0,0,0,19,712,0,0,0,0,0,0,52,0,45,22,0,47,0,57,0,0,0,127,0,0,0,0,262,0,0,0,0,0,88,0,0,0,0,0,0,0,0,0,74,0,0,139,0,55,39,51,0,0,0,0,0,0,53,0,17,85,0,0,0,34,428,0,0,0,113,84,0,0,0,121,0,0,0,101,0,0,137,0,0,0,0,109,0,0,0,0,121,77,0,0,0,61,0,0,0,0,188,0,52,50,0,0,0,65,0,0,0,200,40,60,78,0,0,0,0,31,52,0,0,0,0,36,0,0,0,0,0,91,63,159,81,0,48,0,0,0,0,54,0,94,0,0,0,0,0,0,0,0,0,0,0,0,0,114,52,0,77,121,0,0,0,0,0,52,0,79,0,19,0,0,0,77,0,0,0,0,0,0,0,0,0,0,0,80,54,0,0,107,0,35,82,0,0,123,54,123,0,0,0,0,0,37,0,0,0,0,0,80,0,0,0,0,0,0,97,0,74,120,91,25,0,0,0,0,0,0,0,0,0,31,68,0,0,47,0,80,0,0,30,120,0,0,0,0,0,87,0,0,0,0,60,30,44,150,0,0,0,0,0,0,58,0,0,0,0,37,0,0,16,62,0,79,272,0,0,0,200,0,0,0,37,158,0,0,0,0,0,0,38,0,0,0,0,0,0,212,0,0,0,14,0,0,388,0,0,0,0,0,47,0,0,0,0,0,31,0,0,0,65,0,0,0,0,49,86,108,0,0,0,0,52,0,0,0,0,0,0,50,0,0,0,45,0,0,0,0,0,68,0,0,0,0,0,59,0,0,322,0,0,0,91,75,0,0,63,197,0,0,0,0,54,48,0,0,0,0,0,77,39,0,0,164,0,0,0,159,21,36,0,103,0,0,0,30,65,85,0,0,0,85,0,85,0,0,0,0,0,80,0,111,0,0,0,0,0,40,0,0,64,52,42,0,221,96,0,0,21,0,0,87,0,113,43,0,410,101,59,0,48,0,0,62,0,0,0,18,0,0,0,211,48,54,0,464,72,0,119,0,0,51,0,0,75,0,0,49,0,0,0,0,0,0,102,0,24,0,44,0,45,0,44,135,0,0,0,0,289,0,0,0,39,0,0,0,0,0,0,0,0,0,72,0,0,0,0,0,0,0,0,32,0,26,30,14,0,212,0,73,28,97,0,0,0,0,105,0,124,0,0,0,0,65,0,86,0,0,0,0,0,0,94,249,0,0,30,0,0,65,55,0,0,0,0,0,0,156,24,0,78,0,0,52,0,0,0,0,0,254,0,0,0,0,0,30,61,0,0,0,0,0,0,0,0,0,0,126,53,0,0,0,0,57,62,127,0,0,111,0,0,0,15,0,0,0,51,0,0,123,0,0,63,0,51,0,0,0,0,0,100,116,121,0,0,0,0,0,328,77,0,35,0,0,41,0,15,42,38,0,0,0,50,0,0,16,0,0,0,63,30,98,0,0,0,16,0,0,0,0,0,0,48,66,0,42,110,0,0,56,0,274,0,30,0,46,66,93,0,0,62,0,142,0,46,0,200,85,0,0,211,0,0,0,0,0,0,101,0,151,0,358,19,395,69,18,0,0,0,0,0,0,0,98,0,24,0,0,180,0,0,110,0,0,26,0,79,0,83,155,0,0,76,0,0,0,0,0,0,196,135,43,0,0,78,0,0,0,139,0,103,792,0,0,0,139,0,0,0,67,80,66,0,0,0,78,0,35,0,0,115,43,60,0,241,34,0,0,0,293,0,222,0,0,67,0,111,0,30,0,38,0,0,0,119,0,0,109,0,0,0,0,0,0,0,0,56,0,0,0,37,0,0,74,28,86,0,0,0,0,0,0,0,0,63,53,114,0,107,456,0,0,132,0,0,78,0,0,0,0,135,0,50,0,0,117,304,0,0,0,78,54,0,0,0,0,0,32,0,0,170,0,0,0,0,70,77,78,0,0,0,124,0,0,24,41,56,248,0,95,0,0,79,42,0,26,61,190,0,141,30,142,0,0,0,0,0,0,221,0,0,0,91,0,88,0,0,123,50,0,49,0,0,0,34,40,24,35,0,0,81,26,0,348,0,0,86,96,37,56,122,0,26,30,0,0,81,21,0,0,0,0,137,0,0,36,111,46,0,48,0,0,36,0,109,0,0,115,0,39,0,0,0,0,0,0,30,45,0,60,0,0,47,19,0,44,0,39,0,0,0,0,99,113,92,0,0,0,0,82,0,53,0,96,42,0,0,55,45,0,20,25,0,49,0,34,37,0,0,0,0,0,112,0,0,0,0,0,93,34,0,95,135,46,0,67,0,0,0,0,58,237,0,128,0,0,575,0,85,0,0,36,0,162,0,38,47,0,53,0,142,99,0,0,0,37,0,0,110,0,0,0,58,0,37,0,141,106,0,0,0,44,30,0,0,0,50,37,0,0,1083,148,24,149,0,46,0,116,0,0,0,0,56,0,0,51,45,0,127,0,91,48,230,0,272,84,0,102,0,0,0,0,0,24,49,47,43,37,210,0,115,0,52,0,19,0,0,30,0,0,0,77,53,0,0,0,0,95,0,40,70,0,118,153,0,85,81,0,0,94,0,0,178,0,0,101,0,0,0,117,0,53,71,0,37,17,118,30,54,67,0,0,67,76,0,0,39,0,0,0,0,72,73,0,131,56,93,69,0,43,0,0,156,0,0,0,338,76,0,46,0,0,0,0,42,137,0,13,125,20,0,28,99,27,0,37,0,0,31,0,0,0,130,44,0,0,0,0,93,0,0,85,0,0,92,0,0,0,187,34,0,54,0,0,0,48,0,0,267,0,73,0,207,74,0,0,118,123,0,0,0,96,64,0,0,0,140,0,280,0,0,50,116,0,0,0,166,53,0,84,513,0,0,49,77,0,42,50,169,0,99,0,0,0,0,0,96,0,0,362,0,0,34,25,0,46,32,102,0,44,0,74,0,0,0,0,0,66,0,0,52,70,0,0,60,0,50,0,0,88,71,0,0,0,0,263,0,78,53,28,0,46,0,137,0,0,0,0,16,173,0,42,0,55,0,83,93,0,102,306,92,50,0,48,273,0,0,0,89,333,0,0,0,0,0,223,0,18,42,0,111,75,0,0,112,0,0,0,187,0,26,0,172,0,180,58,0,0,0,45,82,0,127,32,38,0,0,108,42,99,0,0,0,0,0,0,0,67,171,0,0,275,0,0,0,59,28,22,40,0,0,0,0,0,0,33,55,71,96,0,35,0,82,0,30,86,34,68,239,0,0,0,0,0,0,0,0,0,204,0,221,0,0,0,0,65,36,113,58,38,0,307,0,0,0,0,0,0,0,104,0,0,37,0,0,0,0,7,0,0,0,0,35,219,0,0,0,0,0,0,0,92,0,498,0,0,71,0,0,56,0,0,157,69,0,51,0,0,0,0,53,0,0,0,0,0,0,0,67,0,0,84,0,0,18,0,0,0,90,0,108,204,0,104,74,51,0,36,27,103,125,62,74,82,0,0,34,0,0,0,0,0,0,0,0,41,67,21,49,31,64,78,49,0,0,0,42,0,50,24,134,0,52,34,0,0,272,36,0,27,147,0,172,0,0,0,62,113,81,0,0,154,45,0,0,42,0,78,88,154,0,0,0,67,79,90,0,120,102,0,0,0,0,0,0,0,56,0,0,0,0,0,119,18,0,0,0,0,113,33,0,433,57,0,0,0,0,0,0,185,111,231,0,42,0,0,0,0,0,45,0,93,56,55,91,59,25,264,131,0,0,0,0,70,58,105,0,41,206,0,0,66,0,63,0,83,0,0,0,0,0,37,107,106,193,80,0,0,74,0,0,0,40,0,0,46,0,0,0,0,210,0,0,0,0,0,44,0,0,109,0,39,0,0,0,182,29,0,0,0,91,188,0,45,0,0,0,0,0,60,183,0,0,0,0,97,0,0,0,0,0,0,113,0,46,0,0,102,35,63,0,0,85,0,49,0,155,0,0,0,54,0,0,0,135,0,0,0,115,59,31,0,126,0,0,0,0,0,0,165,39,0,99,319,0,0,60,0,26,0,0,52,0,36,67,0,0,0,0,113,300,0,0,0,31,0,0,53,119,0,146,0,0,253,10,95,0,0,0,0,0,0,0,0,0,0,48,0,25,45,43,0,0,0,75,66,0,0,58,0,34,37,0,100,0,0,0,0,0,0,0,56,253,102,0,57,0,0,0,0,0,25,0,0,0,69,80,35,169,0,70,88,0,0,0,0,0,0,0,0,0,80,0,185,116,0,44,0,0,0,0,0,0,0,85,0,158,0,0,40,0,143,78,0,116,48,0,53,19,0,28,45,0,0,0,0,0,0,38,0,222,0,0,0,0,0,0,0,49,52,0,127,0,0,0,0,0,0,29,0,0,172,0,85,0,29,0,0,73,102,0,0,39,0,0,0,0,40,0,0,0,0,160,0,0,184,0,0,0,31,59,0,18,0,0,97,56,102,31,0,0,0,0,0,0,59,107,0,0,0,31,27,0,148,0,0,0,0,0,104,37,0,43,25,121,0,0,0,47,0,0,0,0,66,0,0,83,0,85,155,0,0,0,0,170,0,69,71,0,85,0,89,44,0,0,0,54,0,0,61,0,0,114,0,81,0,0,70,0,0,0,0,77,0,0,0,116,0,170,25,0,38,0,0,76,108,0,84,0,69,0,0,0,76,0,60,188,54,0,164,0,0,0,0,32,69,0,0,0,0,0,53,66,0,32,34,0,0,0,0,0,151,87,32,0,73,0,56,629,0,0,285,105,66,0,231,22,295,77,0,168,77,25,0,44,0,0,143,0,201,104,111,0,0,46,17,0,0,373,0,0,0,0,297,0,132,253,334,160,0,19,86,104,61,44,0,313,0,0,0,0,330,139,291,97,118,281,0,0,37,58,0,54,57,202,0,396,52,31,0,0,233,188,56,88,0,58,109,109,81,0,30,48,58,0,0,75,22,53,0,0,137,76,0,0,489,43,0,57,0,0,54,193,0,55,97,172,41,30,0,149,82,51,0,0,187,999,86,0,0,91,43,52,0,84,227,34,87,0,49,87,41,57,151,57,0,32,0,0,0,0,63,125,0,0,0,0,93,100,121,102,37,0,289,0,0,147,25,56,77,141,299,109,146,59,102,0,0,54,0,52,490,58,0,0,299,38,133,74,53,0,204,49,0,0,48,667,106,141,0,172,129,87,114,96,0,53,60,35,148,84,65,60,33,477,70,86,0,0,0,0,368,0,0,55,753,0,45,187,69,0,46,145,0,136,167,44,37,326,50,171,61,179,10,77,189,31,59,59,109,90,101,0,0,66,84,0,143,93,37,102,0,79,150,176,0,91,0,48,156,0,0,118,0,124,45,0,394,161,0,112,0,0,39,0,60,315,0,59,182,0,0,0,39,119,228,0,0,0,156,0,0,53,63,0,0,0,35,0,0,72,37,0,56,41,72,48,0,0,0,0,0,31,152,0,63,0,0,40,50,0,0,0,206,0,62,0,141,68,41,38,0,0,0,263,0,264,0,112,61,0,0,0,0,7,0,248,32,0,213,0,32,0,0,0,67,59,0,0,34,0,0,0,19,321,105,0,90,24,0,35,24,0,0,0,30,0,0,0,0,0,0,40,0,35,45,0,51,53,56,82,134,0,0,335,36,113,0,46,33,0,0,0,195,0,49,0,0,0,0,0,0,0,71,0,0,14,39,0,0,56,0,24,0,39,69,371,320,60,50,19,66,103,0,64,0,109,31,0,0,0,105,60,112,49,0,0,25,30,0,228,122,0,42,0,70,157,0,75,24,87,0,0,0,0,0,101,269,0,28,63,0,150,0,0,88,0,0,0,0,392,0,0,0,180,0,0,37,21,0,59,0,106,36,103,0,47,474,38,0,42,0,61,0,80,0,78,40,0,0,101,0,103,0,25,69,0,119,166,0,0,155,53,143,83,0,0,0,0,0,0,87,0,0,0,0,134,0,36,0,0,14,0,0,27,37,53,0,70,0,0,225,0,0,0,18,42,18,135,0,0,0,0,0,0,0,38,135,0,20,138,65,0,69,42,0,0,0,31,0,0,53,384,0,0,0
99,0,0,0,0,0,0,0,0,0,0,83,0,0,0,65,139,112,0,0,0,119,0,16,79,74,0,0,0,0,0,0,41,0,0,77,47,0,66,95,0,0,0,0,0,0,0,0,100,0,85,0,0,0,0,73,0,0,0,0,0,84,0,14,0,0,34,0,0,0,141,0,40,0,0,0,37,0,82,0,109,0,0,146,0,47,0,0,0,0,83,0,0,41,0,0,0,0,0,0,0,0,0,75,28,0,0,0,0,0,56,0,0,37,58,0,0,22,0,0,0,0,80,0,0,0,0,0,41,0,19,0,0,0,74,0,50,0,0,0,46,0,33,355,0,0,0,0,0,0,0,0,0,0,98,0,0,57,0,61,111,0,0,0,0,30,0,37,35,0,0,70,0,0,0,0,0,0,68,0,0,0,0,0,0,37,0,0,58,0,0,0,41,0,0,0,41,0,0,39,0,25,0,0,210,0,0,0,0,70,0,52,0,0,0,0,0,0,0,0,100,0,0,0,0,0,0,0,170,0,24,0,0,0,0,0,0,0,158,0,0,90,0,0,0,0,0,0,0,0,30,38,0,45,76,0,0,0,0,29,101,41,0,0,0,0,0,90,87,305,0,0,57,0,0,45,0,0,498,160,0,0,0,48,0,0,0,42,497,40,36,33,84,0,0,0,0,0,0,0,0,0,35,0,0,31,57,104,0,0,0,103,0,0,0,0,53,42,0,0,25,0,0,0,41,43,0,54,0,0,44,0,41,0,59,0,0,0,0,0,0,0,0,0,0,0,0,0,0,352,96,53,0,133,186,0,0,0,92,103,0,56,91,0,83,80,286,51,44,0,83,0,0,31,66,0,117,0,0,0,0,0,0,0,0,54,54,42,0,0,0,0,102,0,0,23,271,0,25,0,0,0,0,0,0,57,0,0,0,0,71,0,0,0,0,0,69,0,42,121,0,62,54,0,0,26,0,0,116,0,0,0,33,0,0,15,0,41,0,74,0,0,152,101,124,61,137,27,0,0,0,0,0,0,38,0,0,28,0,0,75,0,117,54,0,0,18,0,0,0,0,0,166,0,30,57,0,70,0,0,0,0,55,74,46,0,0,34,52,199,119,73,0,92,0,58,0,98,0,0,0,0,0,432,0,39,61,51,35,0,0,0,0,0,0,0,100,35,56,0,70,38,52,169,51,0,0,0,98,0,0,0,0,0,30,43,0,0,0,0,0,62,59,0,0,0,54,17,0,69,0,84,0,36,0,0,0,0,27,0,80,187,0,0,32,97,0,0,0,0,93,139,0,0,0,0,0,0,0,0,0,0,0,0,163,0,0,143,38,0,0,413,0,55,0,0,0,104,0,0,0,0,0,0,0,72,0,157,0,0,0,0,382,500,0,0,0,37,0,0,0,0,0,0,0,0,55,0,0,68,121,0,0,53,0,0,60,0,0,0,0,0,0,0,24,89,0,46,0,57,205,0,0,39,135,0,0,0,0,117,0,0,0,0,0,0,0,29,29,57,0,0,34,0,222,0,0,27,116,34,0,0,39,0,66,0,0,0,63,0,22,0,0,0,0,0,99,0,373,0,0,54,0,81,0,0,0,37,0,49,0,0,143,0,0,0,0,0,97,0,126,61,55,486,0,71,96,30,0,0,66,57,0,0,0,0,0,27,112,0,102,0,304,80,0,0,0,0,0,0,0,0,0,0,73,0,0,0,0,0,0,0,0,0,0,0,0,0,0,0,0,79,0,0,0,149,0,0,0,0,0,0,93,0,0,0,55,0,0,177,0,0,15,0,0,0,0,34,35,0,61,0,58,0,195,60,80,0,0,0,0,0,62,236,0,234,0,0,0,63,116,0,209,58,0,0,0,50,0,0,123,0,0,40,0,0,23,0,0,0,0,0,215,0,55,0,0,0,0,0,83,0,0,55,0,0,87,281,0,302,45,36,0,106,0,0,0,0,0,0,0,0,0,0,0,74,27,0,0,54,35,0,66,0,0,0,0,0,0,17,0,81,0,0,92,52,121,54,0,0,27,131,0,0,0,0,0,71,115,0,0,0,44,0,38,240,110,0,160,0,55,82,0,0,0,0,26,0,0,0,0,0,0,0,40,0,0,0,58,0,18,36,0,67,0,186,0,48,0,0,57,0,0,116,48,0,0,0,143,0,52,0,48,0,70,0,0,115,0,114,0,49,0,56,48,0,0,382,0,0,35,102,0,0,50,31,289,0,297,0,704,90,0,73,0,0,0,0,0,0,47,0,0,0,0,51,91,0,319,190,0,50,0,0,0,156,156,150,0,0,0,12,0,32,0,0,109,27,0,0,0,94,0,0,0,111,0,41,977,66,0,0,71,56,0,0,43,0,64,0,0,0,39,0,400,0,0,39,94,132,0,161,0,0,0,345,637,53,211,0,76,58,0,46,0,0,0,0,0,0,0,84,0,44,145,0,0,0,0,30,0,0,44,79,96,0,0,0,0,0,68,40,80,0,0,0,110,0,0,41,38,83,0,89,0,0,247,0,0,206,0,75,57,0,0,0,0,94,62,73,0,0,0,656,0,0,0,51,40,0,58,0,0,0,32,20,17,280,68,43,38,0,31,84,91,0,0,0,71,0,0,0,163,70,42,68,111,0,23,24,0,0,0,0,122,0,38,218,150,0,0,0,0,17,19,248,131,47,0,88,0,461,0,0,118,21,0,0,0,46,0,27,57,40,141,0,0,0,42,0,281,0,0,51,186,0,59,0,0,0,0,0,0,31,0,0,49,0,0,103,0,0,32,134,29,53,89,0,0,74,0,150,0,48,56,0,0,0,51,0,0,0,36,0,0,0,0,0,0,70,31,0,112,0,35,0,0,56,0,159,95,271,24,0,0,0,97,0,0,0,133,45,25,0,63,0,0,0,0,0,77,33,17,69,0,0,59,0,0,69,0,95,31,0,51,0,59,31,77,48,0,31,47,0,150,67,0,309,44,61,242,0,0,1356,0,77,0,30,0,26,227,0,0,130,0,62,0,160,127,0,0,29,46,0,0,155,0,36,0,67,0,86,0,74,57,0,0,0,0,0,0,0,0,310,0,0,0,191,133,49,142,0,64,74,37,46,0,76,0,45,0,0,0,0,0,189,0,0,61,170,0,227,212,0,273,44,0,0,0,0,197,134,0,110,75,107,37,86,0,74,0,67,121,0,20,0,106,0,29,66,0,75,0,60,112,31,60,75,0,139,87,78,73,88,0,0,217,0,0,334,0,0,112,0,0,0,30,0,0,219,72,45,0,78,46,56,95,95,0,248,85,0,9,0,41,54,29,0,46,30,0,0,72,133,62,30,77,0,0,130,0,37,0,289,123,67,45,0,49,0,0,58,187,52,0,405,0,0,0,0,0,0,41,32,0,40,0,0,99,0,0,0,0,93,60,215,31,54,49,0,42,206,0,0,0,0,53,0,151,0,0,0,0,0,0,54,0,76,0,119,109,0,0,0,70,74,37,110,49,0,0,0,0,374,0,191,0,57,0,41,0,0,56,94,0,52,40,455,18,0,161,0,0,0,40,243,0,51,0,119,41,34,0,188,0,22,177,0,0,0,26,0,44,0,0,28,90,0,237,0,0,0,0,0,116,0,45,57,74,81,0,0,0,39,0,0,89,0,71,0,0,48,106,55,73,84,0,54,84,0,172,189,97,0,0,0,132,0,0,109,80,0,87,91,0,84,146,28,0,45,36,108,0,0,0,43,85,0,62,0,0,0,88,92,39,0,0,237,69,72,0,191,0,68,0,281,0,0,0,419,0,316,52,0,0,0,30,123,0,61,0,60,47,22,52,84,0,0,28,0,124,0,0,0,0,36,0,0,342,0,0,0,88,77,46,0,191,63,57,0,0,0,0,56,90,75,488,142,0,68,0,0,99,0,41,180,0,0,40,0,0,93,0,0,80,137,31,161,25,52,22,0,80,0,93,37,40,0,38,81,300,0,0,0,234,34,111,0,86,48,0,28,0,0,0,0,0,69,0,0,100,0,78,0,0,0,44,0,49,0,689,0,74,0,0,0,28,0,0,179,44,0,87,0,0,0,0,0,0,46,31,0,0,0,37,59,0,0,50,0,0,165,0,69,0,43,0,211,95,0,101,41,0,0,0,0,0,151,48,0,61,0,37,35,0,0,0,0,27,0,0,0,36,32,50,42,67,0,0,65,0,0,0,0,0,0,47,147,0,0,64,0,0,191,53,13,41,221,0,155,53,0,0,35,143,0,0,0,136,0,64,0,0,0,18,92,55,0,0,0,90,0,0,0,51,70,0,0,0,0,0,0,59,0,0,0,0,0,68,77,0,13,43,0,0,238,0,0,88,0,0,0,0,0,0,0,173,78,205,0,48,0,0,0,0,112,49,63,74,0,65,130,0,57,164,89,0,0,0,26,88,90,79,51,0,274,0,0,54,66,87,0,101,0,0,0,0,0,0,147,94,41,0,0,0,0,0,0,0,74,0,0,46,0,0,0,0,69,0,0,0,0,53,57,0,0,68,0,121,99,0,46,143,0,0,0,0,80,237,0,53,0,0,0,0,98,0,44,120,0,51,104,0,0,0,0,0,79,45,157,0,0,0,0,90,24,56,0,0,62,0,0,0,113,0,38,0,48,0,0,0,91,0,0,40,222,0,47,0,772,0,0,0,0,0,0,118,0,0,45,247,0,0,0,0,0,0,36,0,0,0,52,0,53,0,0,74,200,17,75,0,0,0,0,0,104,79,242,84,21,506,32,89,51,0,131,50,0,0,15,39,0,57,0,0,53,86,33,0,0,0,124,198,31,0,31,17,22,138,0,107,107,0,0,47,0,105,0,98,346,113,95,77,0,0,0,0,0,0,29,0,0,171,390,44,121,86,102,0,0,0,0,0,0,49,59,0,0,65,24,198,0,0,75,116,0,100,0,0,48,0,191,0,327,49,58,37,0,160,196,0,141,51,0,49,0,128,37,28,0,0,0,30,0,0,175,0,196,0,0,69,0,67,0,0,57,135,0,223,0,0,0,32,39,0,124,0,0,205,0,113,0,35,62,0,45,85,45,0,46,35,47,0,56,0,0,73,0,0,292,71,0,224,53,0,0,0,87,0,0,0,0,57,60,237,105,78,0,0,62,0,34,84,84,21,0,55,55,51,0,132,0,0,93,0,0,47,170,0,97,78,48,0,19,73,0,36,0,0,0,113,35,0,216,0,89,275,0,0,0,0,139,0,156,102,0,178,66,0,85,77,164,0,139,47,0,29,36,0,53,124,109,35,0,98,38,55,0,0,104,0,0,0,100,0,136,63,0,0,44,0,106,93,0,163,40,120,0,0,0,52,0,243,398,103,0,197,0,0,68,40,88,72,0,0,0,85,84,101,25,20,53,27,0,0,0,0,0,36,47,0,0,0,0,0,704,0,0,291,45,79,0,100,0,43,65,0,110,47,0,0,168,0,0,85,0,384,41,42,53,50,36,0,0,0,503,30,0,0,0,209,0,0,64,129,107,0,0,0,39,47,0,0,197,0,27,46,40,138,55,76,50,98,162,0,0,0,78,0,41,0,115,0,755,174,0,0,0,42,0,0,23,75,0,313,137,74,0,48,46,37,0,0,0,0,0,0,0,128,46,0,21,179,0,0,112,0,0,0,216,0,59,111,203,0,0,0,57,0,73,0,0,282,96,107,0,0,119,0,0,0,0,57,0,41,100,55,87,0,0,247,0,0,0,0,51,37,0,71,104,48,47,0,0,0,78,0,93,0,0,305,0,35,132,16,0,0,0,176,53,36,0,0,26,46,81,102,96,288,81,0,0,52,56,73,65,0,105,91,61,55,0,0,54,0,387,74,141,63,114,71,190,0,83,49,0,116,0,37,38,0,1216,0,151,0,0,37,0,94,0,22,0,505,0,30,212,81,70,35,228,0,69,209,65,0,375,0,216,0,197,56,0,180,0,43,46,271,65,59,0,0,94,88,0,93,57,61,50,0,177,103,169,0,56,121,0,45,0,0,53,0,40,106,38,140,290,45,0,0,10,68,0,41,237,0,35,74,0,0,0,46,51,139,0,0,82,327,0,0,64,96,0,0,31,42,0,0,164,72,45,204,107,146,98,68,0,0,0,0,22,198,0,0,0,0,70,48,0,0,0,202,0,63,71,94,52,134,0,125,0,0,228,50,151,34,88,0,0,83,0,0,0,0,228,106,0,281,76,167,0,87,0,106,0,0,24,0,36,33,51,38,255,186,47,97,0,0,38,140,0,0,0,47,522,0,0,0,0,0,34,77,20,69,24,130,44,89,214,162,35,0,196,77,94,0,23,63,23,0,28,234,0,102,0,0,0,0,60,0,0,104,0,0,0,0,45,53,158,17,0,0,92,155,350,147,0,127,89,102,222,0,210,0,71,106,53,0,114,138,116,57,60,39,0,63,56,0,74,266,0,101,84,37,372,0,153,0,117,68,0,0,0,0,126,314,0,383,182,0,218,0,0,61,25,0,69,36,725,0,0,0,213,0,0,87,0,0,68,0,58,0,140,78,0,345,109,0,136,0,124,32,65,0,173,95,0,0,203,0,178,0,0,122,0,117,152,0,0,90,29,117,281,75,0,0,0,0,0,329,62,0,16,56,168,0,72,0,31,0,0,42,58,105,33,0,143,0,0,267,43,0,99,0,86,0,196,0,0,0,0,0,0,29,91,237,0,94,93,132,0,122,57,0,0,59,0,0,0,36,208,71,0,31
100,0,0,0,79,40,234,99,0,114,0,352,47,0,46,257,405,278,40,45,52,423,58,114,100,211,0,0,125,0,36,0,74,0,77,132,200,0,88,276,193,155,40,0,421,0,87,44,503,0,254,59,159,259,0,415,51,0,0,43,0,110,112,241,32,83,277,71,27,43,823,0,64,75,46,386,65,0,964,0,131,0,21,284,463,101,54,0,137,62,519,94,58,108,213,40,49,0,55,86,0,29,44,167,0,25,86,81,104,83,548,57,0,243,380,130,44,142,66,50,552,59,476,60,56,103,63,57,98,0,219,0,709,29,116,176,290,200,123,115,232,157,184,692,0,52,93,93,109,261,0,35,208,63,235,107,0,85,0,111,300,85,0,106,169,84,90,68,250,341,313,243,39,80,36,92,82,96,261,84,84,278,0,73,32,71,69,239,193,0,0,0,125,61,223,54,105,27,0,233,0,132,229,40,700,34,36,79,61,173,274,209,64,71,40,140,118,124,0,0,213,265,92,0,623,0,0,109,339,50,78,0,0,0,0,0,30,88,218,33,30,105,71,60,107,0,236,0,120,0,96,59,641,88,350,80,54,0,81,88,288,462,96,56,75,0,43,283,198,412,85,0,222,468,197,130,155,0,1038,320,111,0,127,296,152,182,36,392,2723,106,54,0,293,0,51,67,16,107,82,82,0,0,198,39,0,145,547,48,72,117,140,446,147,0,18,31,91,281,123,0,81,36,0,89,290,165,59,212,0,0,525,0,51,181,134,0,0,0,51,0,55,198,0,72,127,48,29,31,99,1278,181,68,49,481,765,39,90,95,871,227,124,84,208,24,156,466,130,288,114,71,430,0,79,55,86,330,189,0,0,274,0,51,68,74,0,1046,106,32,86,0,69,44,760,45,81,61,512,123,48,145,0,41,258,0,0,123,0,121,111,0,230,0,86,46,0,85,310,0,365,319,0,335,131,56,179,93,136,78,215,49,52,49,101,36,134,0,58,99,56,287,0,18,459,191,159,224,179,43,73,0,52,0,113,0,211,0,98,119,0,38,142,45,176,201,95,42,0,71,39,0,31,47,257,132,0,78,173,637,246,141,148,28,431,238,71,0,0,82,181,320,247,140,56,271,0,109,298,185,137,0,0,187,0,810,97,169,340,282,137,0,79,0,0,0,56,0,127,91,97,170,99,93,134,518,223,0,79,0,391,0,52,0,0,0,206,155,57,0,0,221,0,213,320,48,53,0,174,66,58,253,174,175,46,49,70,64,0,31,96,24,263,693,0,115,0,258,70,0,0,40,84,278,47,0,0,0,0,174,42,40,110,364,122,30,534,35,277,290,54,0,0,988,0,162,0,0,39,205,57,82,0,0,59,148,74,203,33,190,31,0,0,52,338,567,123,0,43,103,0,0,0,54,0,63,62,0,72,46,0,186,340,0,0,82,0,86,85,74,59,0,0,0,134,0,25,250,0,0,0,70,58,54,0,93,273,0,185,74,82,376,151,21,75,0,0,99,79,64,20,44,241,90,131,0,364,0,65,83,325,0,0,28,154,92,231,27,39,64,151,0,153,76,48,15,71,45,273,45,254,0,0,0,0,78,153,39,58,112,141,62,34,242,173,0,39,26,0,74,225,50,236,44,175,1444,159,420,79,66,0,0,194,0,0,80,55,0,20,79,324,112,262,123,1280,127,0,91,32,0,132,0,67,86,77,0,216,0,0,54,0,77,0,80,0,63,0,121,0,98,0,125,209,225,0,0,0,317,31,65,29,56,181,56,96,34,0,0,89,53,102,114,0,0,83,0,0,55,0,113,53,32,70,74,58,70,201,39,172,100,143,0,70,0,95,271,0,58,39,0,0,24,49,46,39,98,0,79,109,74,0,226,241,0,0,79,29,16,167,0,0,0,0,78,192,0,197,102,0,111,43,0,0,0,70,0,26,0,480,241,89,409,41,0,34,116,44,77,0,0,58,0,0,0,27,43,132,286,19,38,0,0,67,110,133,38,80,116,0,115,0,51,0,136,0,228,271,131,270,65,40,72,78,269,0,77,0,40,0,111,223,125,103,106,223,62,59,594,146,145,184,0,163,275,63,50,0,70,97,0,0,0,74,53,0,0,0,32,0,41,0,0,48,170,0,288,0,255,0,78,74,100,133,0,0,89,95,0,30,0,154,38,0,58,65,45,224,34,0,124,94,389,0,103,0,103,69,0,0,571,47,0,58,102,0,0,122,146,252,76,384,25,857,113,52,97,100,0,0,0,24,55,123,38,162,55,48,81,96,134,542,210,0,93,0,70,51,521,552,454,96,0,36,0,41,60,44,0,158,145,0,0,29,55,0,44,77,67,0,42,1854,64,116,104,281,39,101,44,65,185,135,0,95,0,43,100,739,0,114,85,48,166,0,518,92,73,143,640,677,286,535,0,249,54,61,106,0,0,66,0,0,68,0,112,0,82,595,50,0,53,156,130,78,201,79,130,104,0,0,0,0,47,93,53,109,0,0,74,196,48,0,82,102,153,54,305,58,106,331,91,25,433,0,147,193,50,101,0,0,184,128,265,0,0,93,586,0,43,0,131,126,17,0,0,0,0,42,0,82,372,71,87,91,84,330,84,196,0,101,75,158,0,45,0,435,358,344,104,182,0,204,91,188,0,67,89,97,30,119,105,268,0,86,0,0,0,120,385,713,95,0,77,0,546,56,0,226,0,0,100,0,0,0,70,71,76,143,0,68,163,56,0,711,0,37,0,92,27,139,115,0,84,89,0,0,69,0,46,83,20,0,363,0,0,73,222,27,65,78,0,11,86,0,175,44,0,151,46,23,0,75,0,46,0,102,23,37,0,115,0,0,122,0,0,128,0,26,33,0,85,56,0,172,47,0,47,0,57,190,78,48,0,0,138,0,0,149,0,0,87,59,0,154,62,84,117,0,0,80,94,0,128,0,371,36,0,43,82,143,0,325,0,40,38,40,0,90,0,38,266,227,70,42,0,0,522,68,151,0,48,105,43,305,0,66,177,0,35,0,131,183,0,0,0,99,0,0,269,0,0,54,127,24,102,0,123,86,69,0,0,52,77,59,0,85,39,0,0,0,1082,351,50,160,55,60,64,198,70,0,32,0,151,63,0,80,0,0,373,67,170,133,638,0,238,109,0,151,36,0,0,39,0,78,65,0,149,84,231,90,160,0,227,0,66,99,0,38,213,56,30,160,69,45,76,128,74,232,61,106,87,0,365,158,75,73,206,0,66,122,72,0,453,0,0,232,0,0,0,140,0,107,107,42,101,35,119,101,139,143,161,0,132,94,0,42,103,0,82,0,53,52,231,0,137,52,98,69,0,96,0,0,242,0,94,0,576,226,49,47,0,99,75,0,51,203,56,154,363,53,0,0,94,0,48,110,0,0,78,0,0,80,332,60,0,27,0,73,297,44,106,101,0,43,277,0,0,0,103,125,0,194,136,0,0,0,0,44,160,0,199,0,238,293,0,0,234,335,78,32,221,85,226,0,42,61,420,0,271,0,79,102,68,0,68,48,354,74,0,254,384,0,0,93,79,0,83,231,235,39,50,53,35,61,0,0,242,0,74,798,0,27,130,0,75,88,32,0,75,152,0,307,48,85,0,16,36,115,0,0,178,95,104,0,58,0,55,152,0,71,106,99,66,0,80,737,0,65,60,0,67,102,0,137,169,159,66,56,54,77,62,0,64,92,56,125,126,0,66,139,82,84,53,115,352,0,0,33,46,267,29,0,0,0,0,842,0,62,69,23,311,86,153,35,143,65,109,49,511,0,0,0,430,54,344,140,44,52,0,111,226,0,111,0,117,0,120,62,159,163,29,102,0,0,0,41,40,155,369,0,0,438,33,0,0,112,158,25,56,32,123,72,44,0,0,0,123,94,289,841,111,0,87,0,0,131,0,0,224,0,24,60,0,48,154,0,0,0,241,28,148,34,0,26,36,274,137,52,241,51,54,364,0,382,0,43,19,66,41,368,73,87,83,113,44,0,69,0,0,0,105,0,79,515,97,73,0,0,0,48,0,224,0,1087,0,115,171,0,44,47,127,0,293,91,0,128,33,16,104,75,0,0,168,0,59,0,0,98,99,138,0,154,0,0,395,0,39,0,88,61,203,87,25,139,69,20,0,0,34,115,205,48,77,137,0,0,0,0,34,0,0,31,0,0,79,36,79,102,270,82,59,70,47,0,0,0,49,0,0,77,465,57,0,0,55,46,372,71,46,98,178,0,414,98,0,42,57,167,120,0,19,135,0,73,0,57,0,0,140,313,0,56,0,179,88,68,143,196,153,0,0,0,342,0,0,47,117,29,0,75,41,278,195,49,98,103,0,0,549,0,51,399,48,0,0,33,30,39,0,230,140,0,0,64,42,62,0,50,83,0,107,114,0,86,52,73,0,785,148,137,0,0,75,193,280,14,84,0,428,0,0,74,56,255,0,112,159,0,0,0,35,88,270,173,202,287,45,0,120,0,0,0,68,0,0,106,0,191,0,0,44,0,0,0,0,0,131,17,53,211,68,258,100,21,52,374,0,0,0,0,344,424,0,83,0,49,42,0,48,92,135,348,89,81,85,156,0,0,0,0,169,57,431,0,0,39,111,201,86,0,0,23,0,0,230,0,210,0,54,0,61,0,0,93,30,0,0,87,298,110,88,0,779,0,0,0,0,0,0,199,43,81,133,633,34,0,72,0,0,131,111,67,0,47,162,29,59,50,0,110,228,37,0,0,0,0,59,92,310,87,162,52,0,223,53,179,0,61,45,0,48,0,0,51,0,0,58,48,90,139,55,31,0,0,132,0,0,0,0,0,103,119,90,196,88,0,0,60,0,74,98,97,628,396,234,119,0,0,0,0,72,93,0,32,126,195,412,46,270,0,150,187,0,69,0,0,44,0,40,0,0,65,0,453,517,0,63,192,0,95,0,44,29,37,0,53,359,84,34,69,46,282,49,0,96,95,41,118,41,68,0,88,50,0,92,101,0,55,81,76,344,56,20,53,110,0,0,0,67,150,0,64,29,0,250,205,0,83,0,0,0,541,0,67,59,0,0,22,0,179,40,0,98,31,0,38,41,148,0,74,0,39,525,95,59,111,0,18,0,54,0,0,83,35,60,179,101,53,100,127,0,0,48,66,100,0,167,28,0,66,0,92,0,335,0,57,246,0,0,152,127,0,119,73,178,56,0,0,54,0,0,0,0,123,0,90,40,44,115,225,0,0,0,0,226,0,85,132,88,129,80,198,93,82,164,0,38,77,0,122,0,227,114,203,160,0,0,107,0,0,0,48,189,0,0,85,152,32,623,0,0,56,78,0,163,226,78,256,0,70,0,0,0,140,0,161,283,105,39,81,0,0,99,0,75,45,0,0,0,60,0,0,132,24,265,88,0,0,0,27,0,91,35,17,0,47,0,60,809,0,0,622,40,0,0,99,0,134,86,0,190,71,0,0,115,0,0,52,0,144,36,56,41,0,50,0,0,0,302,81,0,0,0,153,0,79,126,181,68,0,0,29,0,0,35,0,129,0,0,65,0,278,93,286,158,29,160,37,0,0,0,0,69,28,113,0,468,261,0,20,30,103,81,0,73,0,57,135,214,135,33,0,49,42,72,0,0,0,35,0,0,60,101,76,0,201,0,0,108,12,0,49,170,0,32,38,270,0,0,0,99,0,44,0,0,82,710,44,0,0,0,26,35,0,0,304,0,54,160,0,0,0,81,303,40,0,0,0,41,0,0,71,0,0,0,33,0,0,77,39,82,0,40,127,0,0,31,0,67,64,59,273,135,121,0,96,0,61,49,25,0,398,80,0,0,199,46,0,62,0,93,49,23,0,31,60,387,0,140,0,127,37,110,100,99,0,118,0,0,187,69,38,33,0,307,85,38,0,0,0,0,126,0,0,0,531,0,0,120,106,57,30,182,0,0,121,0,0,431,29,325,60,245,0,36,260,0,0,64,0,67,87,0,0,127,98,0,100,75,0,78,0,181,59,52,0,70,69,25,64,0,0,85,34,55,0,0,253,213,0,106,0,0,70,0,108,113,0,59,169,0,20,0,51,171,70,0,0,115,171,0,24,98,169,53,0,88,121,47,0,189,117,50,165,35,78,38,34,0,34,0,0,0,51,0,55,39,0,0,264,0,0,0,125,0,139,132,199,88,227,71,79,0,0,515,190,409,0,110,74,0,91,21,0,55,53,420,273,0,316,187,362,0,88,0,136,93,0,0,20,60,71,0,61,382,198,0,98,0,0,95,105,0,0,49,35,554,127,99,0,0,37,0,169,67,96,0,117,47,24,67,463,57,0,514,32,119,65,0,0,30,0,0,64,0,108,0,67,0,62,0,0,64,146,0,0,0,91,0,52,116,0,0,0,0,162,331,934,101,132,96,100,426,42,233,0,167,103,73,67,210,226,94,155,0,24,0,44,64,0,259,142,0,80,27,66,452,0,189,41,148,42,0,0,0,42,83,402,0,1694,52,0,102,0,0,79,73,0,61,58,610,0,0,58,282,0,0,66,39,0,110,0,0,44,72,114,131,503,119,0,389,106,166,0,184,0,145,55,0,0,272,0,296,0,0,96,38,60,64,58,66,266,55,301,129,55,0,0,47,0,0,955,295,0,0,0,83,0,48,0,0,0,0,64,37,0,67,0,121,0,0,109,37,54,280,36,45,0,88,0,0,0,0,0,0,0,81,163,0,108,150,488,0,93,84,0,0,86,92,0,0,101,778,52,51,40
101,0,43,46,70,76,238,87,0,220,0,756,107,92,77,631,846,948,33,93,50,338,182,236,176,142,0,68,95,64,81,73,112,0,142,284,276,31,285,692,445,164,56,85,573,0,224,98,894,42,356,102,325,350,84,796,99,35,0,62,39,427,306,567,108,123,251,111,65,85,882,0,107,56,86,623,381,74,1014,109,385,45,88,370,419,161,53,35,189,121,913,97,76,339,373,86,143,0,157,85,0,67,74,340,68,76,228,92,283,133,535,114,186,291,261,140,91,453,120,102,457,91,689,108,85,0,90,98,350,73,372,46,918,106,306,140,264,247,225,177,219,169,276,1337,0,63,227,81,201,310,35,78,146,180,500,112,66,224,85,647,397,64,56,209,215,226,149,156,197,217,386,182,151,234,0,187,87,185,238,225,98,426,44,95,104,203,153,1278,672,0,0,0,324,139,364,73,370,79,52,265,91,119,358,96,1174,64,114,83,100,382,227,237,62,259,81,340,62,177,39,95,569,385,151,41,904,45,55,156,612,52,168,70,35,93,42,0,72,191,559,197,79,352,70,181,96,25,382,36,132,51,65,168,870,279,194,157,238,28,84,251,537,446,232,167,147,59,64,1069,399,1247,86,68,389,974,237,94,106,0,1872,588,151,0,290,207,278,195,122,579,3349,319,208,133,663,70,68,157,77,180,216,151,84,90,146,137,65,974,245,240,45,265,209,278,290,0,0,129,153,610,321,169,152,119,59,108,674,354,70,263,27,72,331,0,232,105,192,229,47,53,55,176,0,74,74,234,169,50,44,61,237,2008,633,181,91,377,842,56,157,286,475,495,93,218,286,76,304,436,716,309,129,83,217,143,223,59,324,259,296,0,0,581,104,135,78,151,158,1813,106,316,95,46,89,71,1120,75,190,104,940,86,312,591,70,135,289,0,87,274,137,67,209,108,299,46,158,121,0,0,389,143,220,842,71,271,347,22,300,358,107,148,337,83,0,77,214,71,495,0,118,122,71,358,0,22,1064,449,388,247,645,258,85,136,62,0,341,54,199,65,95,169,0,88,490,96,704,417,0,135,54,202,75,66,64,134,670,64,195,93,180,650,584,66,450,120,229,440,246,46,0,129,351,418,523,268,45,574,145,153,695,397,609,44,0,465,114,1773,253,229,296,170,159,38,83,123,30,99,54,39,380,188,149,441,203,178,549,1081,155,55,146,200,348,33,124,36,0,0,153,217,75,0,0,481,0,436,216,92,74,47,293,117,138,833,479,375,105,121,93,86,0,152,105,205,274,500,0,153,274,416,127,0,43,0,322,281,129,0,82,76,0,640,58,121,267,382,234,0,479,56,514,600,218,68,123,1303,0,399,73,0,0,261,0,181,78,90,108,209,141,362,161,451,138,112,0,99,770,907,342,32,68,248,18,157,57,97,0,89,128,67,237,100,0,220,391,0,0,145,61,131,233,202,53,0,46,51,422,0,76,658,0,145,84,492,520,70,0,181,931,0,254,119,148,339,238,118,186,26,98,365,145,201,64,145,711,122,272,69,612,135,183,134,830,80,69,113,222,224,490,54,59,53,199,0,306,114,159,44,57,121,352,50,545,0,81,215,0,279,291,89,79,249,209,73,54,752,489,0,40,75,0,57,370,208,463,199,135,2273,491,247,180,239,0,15,317,235,77,108,238,0,0,96,680,213,251,124,2375,247,0,337,76,28,332,0,83,182,114,72,357,0,50,163,0,82,79,236,46,95,57,287,24,209,39,409,472,176,133,75,36,525,85,0,58,160,199,86,296,52,56,50,234,213,94,1002,0,0,101,50,0,44,0,100,123,129,121,102,51,132,791,128,199,128,351,0,134,62,462,636,106,679,61,84,52,203,369,46,621,121,72,109,168,122,44,445,800,0,86,136,70,40,268,159,0,0,0,51,824,52,509,132,0,260,147,50,320,0,334,113,36,47,1456,664,133,655,109,50,54,391,124,155,42,0,0,61,31,95,50,117,613,246,59,59,0,123,191,246,275,54,182,246,29,254,35,123,149,402,88,287,187,167,698,118,0,74,158,583,0,136,0,98,81,393,409,383,450,47,149,112,138,827,246,183,287,0,344,333,248,72,0,129,242,80,76,173,114,89,69,57,76,77,186,274,267,55,75,409,36,196,92,375,40,67,159,79,212,0,229,249,152,46,159,0,1022,53,76,131,82,208,487,256,49,262,182,861,124,111,0,544,116,84,0,1048,68,0,89,758,54,50,151,204,451,118,867,32,1504,194,90,112,139,42,85,0,0,230,160,61,190,44,105,475,196,171,646,395,102,143,0,260,67,658,969,373,188,201,59,87,264,66,105,0,400,133,139,34,38,186,140,96,73,393,59,470,1891,83,332,121,236,221,240,95,532,357,168,39,198,0,163,156,1052,0,162,167,233,287,0,396,194,188,123,767,1305,402,435,42,487,179,147,210,39,178,95,78,53,113,0,101,0,161,1153,32,48,56,65,99,78,307,122,240,173,101,114,121,32,86,127,126,383,0,87,181,225,89,0,176,188,319,155,654,0,98,635,126,0,501,112,184,373,81,125,0,101,192,118,341,0,36,343,1052,43,45,0,200,167,33,97,0,154,54,38,59,178,639,257,78,121,192,137,321,266,0,57,127,706,100,82,158,359,148,228,164,257,26,319,93,129,54,100,221,475,96,132,388,257,50,148,99,0,33,168,380,1727,77,125,198,52,1091,413,0,622,82,61,65,0,127,43,86,117,141,257,67,150,339,46,40,1058,29,84,261,234,121,126,260,89,276,58,44,106,167,96,70,154,24,30,543,0,34,92,474,218,119,200,0,30,132,103,176,0,126,283,63,135,43,216,0,111,0,139,104,171,31,225,43,0,284,54,105,337,60,180,34,0,153,52,275,475,474,47,77,0,103,397,47,142,86,260,112,87,72,163,71,40,118,167,0,317,136,158,184,0,52,112,110,44,260,0,359,114,0,104,179,116,94,658,524,131,91,358,55,312,123,38,709,502,85,369,117,0,1132,54,362,32,134,145,85,915,28,175,252,82,168,56,274,245,57,33,87,174,0,65,295,0,116,63,259,72,190,59,218,453,61,113,70,54,101,110,94,111,409,79,0,83,3375,785,0,714,0,88,207,517,53,74,281,58,429,80,124,172,183,0,821,120,237,83,875,53,1005,236,0,898,26,0,86,73,34,178,209,139,304,225,517,91,462,48,507,48,191,309,0,112,254,164,107,275,227,44,219,99,227,214,96,248,257,77,826,432,198,210,309,128,0,280,40,0,385,0,49,245,0,61,68,598,55,194,301,161,140,0,583,116,188,289,261,0,262,220,71,62,181,57,140,82,50,139,193,63,423,203,159,569,126,225,58,66,418,72,165,57,826,555,275,145,65,231,105,41,129,184,112,153,856,63,0,103,229,81,81,139,79,40,55,0,35,98,807,244,0,112,208,100,408,0,47,220,79,0,302,32,36,0,259,202,0,263,147,66,0,114,0,57,382,37,260,0,331,299,106,0,507,199,69,112,336,94,195,0,56,226,314,0,428,44,76,125,235,40,96,183,375,171,81,263,894,0,0,398,151,55,91,255,242,49,174,107,64,105,35,31,352,0,86,682,0,200,124,69,153,161,62,124,104,139,0,687,64,111,0,50,61,0,0,115,558,458,81,67,105,153,73,116,0,188,178,85,116,0,57,565,85,164,63,51,0,76,57,144,606,69,181,56,52,341,61,63,179,172,127,251,177,32,172,262,245,62,95,167,698,99,25,72,123,584,0,174,0,32,37,1561,202,89,47,41,353,206,236,125,303,53,137,0,812,0,0,0,622,132,797,145,152,90,79,297,231,158,166,64,379,104,249,149,201,264,0,146,0,127,71,106,50,244,762,0,0,779,90,0,55,326,225,21,109,378,175,53,82,0,78,85,275,145,517,1361,148,163,161,0,78,96,0,107,483,0,50,95,35,67,224,0,0,141,553,0,356,0,101,109,94,330,276,172,429,89,75,707,172,688,42,88,61,285,47,357,148,215,103,242,53,43,125,55,0,0,184,0,58,559,171,65,0,0,0,46,36,289,0,739,67,162,152,0,0,76,206,0,350,306,60,214,49,76,114,82,256,0,348,137,117,108,12,57,444,55,0,212,44,0,300,31,292,66,239,207,648,835,72,411,284,157,93,64,86,460,396,238,155,397,61,197,180,0,0,0,73,118,112,0,115,253,113,272,467,228,103,79,154,27,0,0,264,67,133,221,820,0,156,103,75,75,1555,166,71,203,443,73,373,278,0,56,263,536,154,107,0,474,39,177,89,96,0,188,161,300,0,67,0,472,99,214,345,287,545,45,53,243,177,23,0,365,189,31,0,95,89,150,646,61,66,176,31,0,1279,63,53,604,58,43,0,81,267,203,33,677,304,530,0,152,83,120,62,60,422,113,246,202,75,234,424,126,374,1520,322,75,54,75,161,224,466,179,49,170,1004,0,42,550,123,375,74,714,139,172,0,24,65,58,657,578,336,405,89,68,112,67,51,48,278,67,58,305,0,118,0,64,346,74,79,42,0,184,271,114,132,281,80,452,261,57,55,594,79,55,0,62,336,1306,59,165,83,125,75,0,551,157,173,478,117,226,368,417,0,94,0,62,74,271,819,0,92,49,79,214,0,199,0,57,244,47,301,0,627,64,140,0,251,0,36,176,312,0,0,170,704,109,195,0,1254,37,55,0,0,0,37,561,236,193,121,924,45,0,70,0,0,143,98,181,108,75,259,87,211,100,56,253,565,89,174,145,89,57,192,123,414,186,533,247,65,1068,260,330,135,234,342,140,74,80,63,125,52,84,98,138,169,417,239,83,53,43,102,327,145,0,121,67,169,338,129,240,241,0,56,101,0,203,159,198,945,501,1052,154,0,47,0,40,129,239,182,57,175,268,1059,178,471,135,190,542,36,159,0,138,111,85,124,46,110,169,76,771,656,0,171,315,62,85,0,48,183,108,345,102,374,175,147,159,82,483,582,0,467,183,0,103,142,511,165,283,131,0,234,125,58,266,418,112,743,343,0,96,232,109,152,92,70,66,0,440,72,0,464,300,83,80,160,45,0,1596,0,458,114,99,68,50,268,369,0,60,121,83,113,69,82,536,35,60,60,71,904,96,201,757,131,144,41,85,177,0,104,45,151,228,225,443,445,166,0,65,174,199,117,177,168,28,27,64,147,155,0,283,107,98,761,56,0,306,228,43,314,201,407,0,125,134,107,109,42,21,110,273,0,130,475,75,123,600,20,104,0,70,460,36,378,261,178,682,169,586,209,105,152,0,232,140,87,157,266,494,338,329,196,128,41,203,44,73,72,87,245,53,75,102,308,105,2409,112,0,118,144,40,242,455,141,550,92,111,55,108,26,173,42,407,689,372,80,612,0,0,167,113,201,283,51,17,0,220,93,149,185,80,502,325,0,0,0,61,54,272,129,61,72,97,0,93,1402,54,43,724,105,65,0,332,46,431,115,0,325,163,32,0,235,38,0,359,68,596,193,197,151,0,116,107,0,0,940,108,35,0,0,694,0,105,296,406,250,52,0,88,104,136,63,0,703,0,74,101,0,652,333,233,309,196,906,48,47,69,54,78,135,72,278,0,2166,390,34,52,36,153,171,0,120,89,109,368,535,226,85,181,104,103,180,35,189,61,53,27,101,133,156,152,32,623,45,0,103,0,25,174,135,0,112,97,360,65,57,0,196,155,132,43,50,274,1555,91,0,53,206,81,65,0,80,224,60,133,352,56,115,97,80,371,0,0,0,53,88,0,84,175,138,45,35,151,0,129,205,150,414,68,110,359,0,71,224,65,86,111,129,652,266,107,79,175,38,55,176,78,272,856,209,0,19,557,227,235,174,71,146,199,73,336,0,66,946,165,431,112,370,318,127,417,338,0,153,106,72,240,100,137,62,84,830,158,95,38,53,119,0,625,0,57,79,1313,45,51,189,181,107,90,265,39,244,564,54,169,910,82,428,83,513,57,92,387,54,146,147,153,112,272,41,0,162,284,39,278,178,39,105,0,506,344,377,0,133,221,39,295,0,0,127,89,129,88,175,647,159,60,76,0,0,128,58,215,294,53,124,259,0,75,0,187,359,451,0,48,169,195,0,101,80,161,93,0,130,178,39,52,408,91,155,217,163,366,248,68,0,66,0,0,37,299,40,57,53,0,167,210,96,85,39,233,0,152,137,230,171,204,139,163,0,0,497,153,464,65,91,152,26,45,76,0,91,94,648,176,0,258,120,225,0,88,0,163,143,90,0,34,89,59,42,71,480,279,41,122,44,0,236,88,0,0,65,35,323,67,113,0,49,70,113,108,94,134,56,89,74,95,171,402,48,45,534,194,134,76,57,123,0,0,0,306,0,178,0,76,60,113,0,0,58,195,42,0,73,81,114,0,114,36,0,40,110,159,517,1689,58,190,147,350,333,93,303,58,141,139,157,40,55,269,295,216,138,105,0,87,163,0,424,167,0,113,139,198,656,0,212,52,239,40,61,0,46,63,100,426,14,597,143,0,488,0,0,114,135,0,117,61,910,48,0,83,303,0,0,116,46,0,122,34,178,56,94,263,245,762,201,0,302,76,178,64,88,12,167,130,29,0,398,103,316,44,0,221,28,158,260,53,37,322,59,464,700,91,0,71,60,55,0,1117,145,0,0,0,231,51,77,0,0,46,60,161,101,174,95,0,136,49,0,327,93,82,147,70,115,10,789,37,0,0,21,19,0,29,168,499,0,126,211,391,53,241,93,0,0,35,69,64,0,154,1129,85,74,49
102,0,0,0,0,0,0,0,0,0,0,74,0,0,0,33,27,0,0,0,0,0,0,0,0,0,0,0,0,0,0,0,0,0,0,37,30,0,37,0,0,0,0,0,76,0,0,0,66,0,0,0,0,48,0,0,0,0,0,0,0,0,0,0,0,0,0,0,0,0,126,0,0,0,0,0,0,0,0,0,0,0,0,0,44,0,0,0,0,0,0,0,0,0,0,0,0,0,0,0,0,0,0,0,0,0,0,0,0,0,56,0,0,0,0,0,0,0,0,0,35,0,0,0,0,0,0,0,0,0,0,0,28,0,0,0,21,0,0,0,0,0,0,0,0,0,0,0,0,0,0,0,40,0,0,0,0,0,0,0,61,0,0,0,0,0,0,0,0,70,0,0,0,0,0,0,0,16,0,0,0,0,0,0,0,0,0,0,45,0,0,0,0,0,0,0,0,0,0,35,0,0,0,0,115,0,0,0,0,0,0,0,0,0,0,0,0,0,0,0,0,0,0,0,33,0,0,0,89,0,0,0,0,0,0,0,0,0,43,0,0,0,0,0,0,0,0,0,0,0,0,0,43,0,0,0,0,0,0,0,72,0,0,0,0,0,0,88,0,0,0,0,0,0,0,0,0,0,0,43,0,0,0,45,0,0,0,76,112,0,0,0,0,0,0,0,0,0,0,0,0,0,0,0,0,61,0,0,0,28,0,45,27,0,0,0,0,0,22,0,0,0,0,0,33,0,0,0,0,0,0,0,0,0,0,0,0,0,0,0,0,0,0,0,0,0,0,0,0,103,0,0,0,0,0,0,0,0,69,41,0,0,0,0,0,0,0,0,0,0,0,0,0,0,0,0,0,0,0,0,0,0,0,0,0,80,0,0,0,0,0,0,230,0,0,0,0,0,0,0,0,0,0,0,0,0,0,0,0,0,0,0,0,0,0,0,31,0,32,0,0,0,0,0,0,0,0,0,0,0,0,0,0,0,0,0,0,0,0,0,0,0,63,0,0,0,0,0,0,0,0,0,0,0,0,0,0,0,0,0,0,0,0,0,0,0,0,0,0,0,0,0,0,0,0,0,0,0,41,20,0,0,0,0,0,0,0,0,0,0,0,0,0,0,0,0,0,0,0,0,0,61,0,65,0,0,41,0,0,0,0,0,0,0,0,0,0,0,0,0,0,0,37,0,0,0,0,0,29,0,0,0,0,0,0,0,0,0,0,0,0,27,46,0,0,0,15,0,0,65,0,0,0,0,0,0,0,0,0,0,0,0,0,0,0,0,0,0,0,0,0,0,0,0,0,0,0,0,0,0,0,0,0,0,0,0,0,0,0,0,0,96,0,0,0,0,0,0,0,0,0,0,0,0,0,0,0,49,0,0,0,0,0,0,0,0,0,0,0,0,0,0,0,0,0,0,0,0,0,43,47,0,0,0,0,0,0,0,0,0,0,0,0,0,0,32,0,0,0,0,0,0,0,0,86,0,0,0,0,0,0,0,0,0,0,0,0,0,0,0,0,0,0,0,0,0,0,0,48,0,0,0,0,0,0,0,0,0,0,0,0,0,0,0,0,0,0,0,43,0,0,0,0,0,0,0,0,0,59,0,0,83,9,0,0,0,0,0,0,0,53,0,29,43,35,27,0,0,0,0,0,0,0,0,0,0,0,0,0,0,51,0,0,0,0,0,0,0,0,0,0,0,0,0,0,0,0,0,0,0,0,0,0,0,0,0,0,0,0,47,0,42,0,0,0,52,0,0,0,0,0,0,0,0,0,0,0,0,0,0,0,0,0,0,0,0,0,0,0,0,0,0,0,0,67,0,30,0,0,0,0,0,62,59,0,0,0,0,0,0,0,0,0,0,0,0,20,0,0,0,80,0,0,0,0,0,0,0,0,0,0,0,0,0,0,0,0,0,0,0,0,0,0,0,0,0,0,0,0,55,0,0,0,0,0,0,0,0,0,0,0,0,0,0,0,52,0,0,0,0,0,0,42,0,0,24,0,0,0,0,0,61,0,0,57,0,0,20,0,0,47,72,0,0,0,20,0,0,0,0,0,0,0,0,0,222,0,0,0,0,0,77,0,0,24,0,0,0,0,23,0,0,0,0,11,0,0,0,0,0,0,25,0,57,0,85,0,0,0,37,0,0,0,0,0,0,0,0,94,0,0,0,0,41,136,0,0,105,0,79,0,0,0,129,0,0,0,119,0,0,0,68,0,0,60,0,0,0,0,0,272,0,23,46,0,0,0,0,0,53,79,0,0,0,0,52,0,0,187,95,0,0,0,0,0,0,188,130,0,0,0,0,0,0,0,0,39,0,0,0,0,0,0,0,0,75,0,0,467,0,0,0,106,28,0,0,0,0,0,0,0,0,0,0,296,0,0,0,68,0,0,88,0,0,0,152,0,44,242,0,48,0,23,0,0,0,0,0,0,0,0,52,0,0,38,0,0,0,0,0,0,0,0,58,34,0,0,0,0,0,68,37,45,0,0,0,50,0,0,0,0,35,37,217,0,0,51,41,0,44,0,0,97,0,0,0,0,64,0,0,0,0,96,112,0,0,0,72,0,0,0,0,0,0,0,0,0,0,0,0,59,73,45,0,59,0,0,0,56,22,0,0,140,0,49,69,80,0,52,0,0,0,0,49,0,0,0,96,118,0,0,0,0,0,0,153,181,0,0,0,0,67,0,0,117,0,0,0,0,0,0,27,27,53,0,0,0,35,0,0,45,0,0,0,87,0,0,0,0,71,0,0,0,0,0,0,20,0,0,84,0,0,0,77,0,0,0,0,0,0,0,94,0,0,0,0,0,0,29,0,0,0,0,0,22,0,0,0,0,0,0,0,74,0,53,0,0,45,0,0,0,51,0,0,0,0,0,0,0,0,36,0,0,0,0,29,0,0,0,0,0,0,0,41,0,0,0,0,0,26,0,0,0,0,0,0,0,0,102,0,0,0,0,0,79,0,0,147,26,0,0,0,0,480,0,51,0,0,25,0,104,0,0,51,0,36,0,91,0,0,0,0,33,0,0,58,0,0,0,0,0,40,0,0,0,0,0,0,0,0,0,0,0,37,0,0,0,308,167,0,68,0,44,0,68,0,0,0,0,0,0,0,36,0,0,76,0,43,0,62,0,0,70,0,0,0,0,0,0,0,64,26,0,79,0,39,0,0,0,110,0,37,36,0,0,0,50,0,50,0,0,40,0,55,53,35,0,0,0,227,0,0,0,0,0,0,97,0,0,173,0,0,0,0,0,0,46,0,0,105,0,0,0,0,0,0,78,108,0,62,0,0,0,0,0,0,0,0,0,45,0,42,0,54,81,15,29,0,0,76,30,67,0,135,77,70,0,0,0,0,0,0,89,30,0,161,0,0,0,72,0,0,0,0,0,0,0,0,0,0,0,0,0,54,0,73,0,0,0,0,0,0,0,0,0,0,0,0,73,48,0,0,0,0,0,0,0,0,0,23,100,0,0,78,0,0,0,0,0,0,0,0,0,0,0,109,0,0,0,24,0,0,0,52,0,24,0,263,0,0,62,0,0,0,44,67,0,0,0,0,0,0,0,60,0,0,164,0,0,0,0,0,46,0,0,0,47,0,0,0,0,0,0,0,0,0,0,41,113,0,0,0,0,0,51,0,44,40,0,0,0,0,269,0,0,0,0,0,47,0,0,0,0,0,0,0,76,0,0,0,0,0,0,60,0,38,82,0,0,0,0,96,0,0,18,0,127,0,0,0,0,0,54,24,0,0,0,29,0,0,0,0,0,0,0,55,0,0,0,0,0,0,40,0,0,0,0,91,0,0,0,30,0,0,0,38,52,0,0,0,26,0,0,0,37,108,0,0,122,0,0,0,0,0,0,0,84,0,16,0,0,0,0,0,0,0,0,0,0,0,0,0,0,0,0,0,0,0,0,0,0,0,0,0,0,42,0,39,0,0,0,0,112,61,44,0,0,0,25,47,98,0,0,0,79,0,97,0,0,72,0,0,0,0,0,0,0,0,0,0,88,25,0,0,0,0,0,0,47,0,214,0,0,40,0,0,0,31,0,65,101,0,0,0,0,0,0,39,0,71,0,0,0,0,0,103,0,0,0,0,0,0,0,0,0,64,0,45,252,0,29,63,27,0,0,0,75,29,71,33,76,13,33,0,0,0,0,0,0,0,0,0,41,73,76,0,0,0,0,52,0,0,0,0,0,22,0,0,0,20,0,0,21,235,0,0,55,122,0,217,0,0,0,56,94,0,0,0,87,0,0,0,0,0,44,44,71,0,0,0,149,0,0,76,44,150,0,0,0,75,0,0,68,0,0,0,0,0,0,136,0,0,0,0,0,382,0,0,118,33,0,0,0,0,33,0,120,89,154,0,0,0,0,0,0,0,0,0,0,0,67,92,0,35,144,58,0,0,0,0,66,135,64,0,0,155,0,0,89,42,117,0,97,0,0,0,0,0,0,199,176,0,37,0,0,39,0,0,0,63,0,0,56,0,33,0,0,69,0,0,0,0,44,0,0,42,0,0,69,41,0,0,211,20,0,0,0,90,316,0,45,0,0,0,0,90,0,42,62,0,0,0,55,0,24,0,0,0,42,34,0,0,0,25,67,0,64,0,0,0,0,0,0,143,0,0,0,48,0,0,0,30,0,0,38,166,0,0,0,247,0,0,0,0,0,0,45,0,0,32,0,0,0,0,0,0,0,0,43,0,0,72,0,0,0,0,0,36,0,0,38,0,0,0,0,0,0,76,0,0,225,72,46,0,36,59,0,0,0,0,33,0,0,0,0,0,0,0,0,0,0,57,68,0,0,0,0,0,30,0,37,40,0,0,0,0,0,21,70,225,18,153,0,0,0,0,0,0,0,35,0,49,124,51,0,0,52,35,0,0,0,0,0,0,0,65,0,0,0,0,96,83,0,76,0,0,26,0,0,28,0,62,0,99,0,0,43,25,98,57,0,58,0,0,0,0,55,42,0,0,0,0,0,0,0,0,0,0,58,0,43,63,0,0,0,31,36,0,88,0,0,67,39,21,0,63,0,0,0,0,31,0,0,0,0,0,106,0,0,0,0,37,0,0,78,0,0,0,0,256,23,0,73,29,0,0,0,43,0,0,0,0,42,27,60,0,0,0,0,0,0,0,28,27,0,0,0,0,40,0,61,0,0,83,0,0,63,82,0,93,0,43,0,0,43,0,0,0,0,0,28,0,0,55,0,0,118,0,0,0,0,61,0,40,48,22,63,29,0,0,0,31,0,59,64,0,0,0,0,0,36,91,0,0,0,0,0,0,0,91,0,0,0,0,0,139,0,0,0,30,0,90,129,0,92,21,0,0,0,0,69,0,0,133,0,0,54,0,0,39,24,0,36,0,0,0,0,0,0,40,0,118,29,0,0,0,0,0,85,0,0,0,23,0,25,360,0,0,215,42,37,0,48,0,93,0,0,71,0,0,0,91,0,0,61,0,86,32,29,66,0,0,0,0,0,303,0,0,0,0,0,0,36,44,128,36,0,0,0,0,30,0,0,226,0,38,36,0,140,59,154,68,0,174,0,0,0,0,18,31,0,79,0,244,115,0,15,23,55,74,0,50,23,53,65,195,106,0,0,0,0,57,0,28,0,0,0,0,0,54,73,0,103,0,0,0,0,0,59,121,0,0,0,78,0,0,0,75,0,0,0,0,55,510,57,0,0,48,34,0,0,0,162,0,51,59,0,0,0,36,148,0,0,0,0,33,0,0,50,40,0,0,0,0,0,33,0,92,0,0,80,0,0,36,0,0,0,0,225,73,51,0,63,0,0,0,0,0,255,46,0,0,216,0,45,29,0,0,62,0,51,0,0,370,0,57,0,53,0,32,84,76,0,55,44,0,40,30,0,16,7,186,41,44,0,0,54,0,242,0,0,0,578,0,0,129,28,42,0,142,0,20,41,31,24,351,0,210,38,127,0,0,75,0,0,40,66,55,0,0,0,46,0,0,132,31,0,40,0,0,55,68,0,44,20,0,65,0,0,0,0,46,0,43,112,135,0,63,0,0,41,0,0,71,15,66,86,0,0,0,31,94,85,0,0,0,52,0,0,0,67,0,0,0,99,0,0,0,16,0,44,27,76,46,0,0,0,0,0,0,62,0,0,42,0,31,65,0,0,0,239,0,0,0,0,21,41,57,45,0,0,110,0,339,0,0,0,0,38,0,0,0,0,67,0,0,0,0,94,0,0,0,71,0,0,0,0,0,0,0,0,0,168,0,0,0,0,0,0,0,0,31,0,182,0,0,0,0,0,0,29,0,43,0,43,0,0,0,59,0,0,297,0,64,0,0,0,14,0,0,131,0,71,0,0,0,64,0,0,52,97,0,0,0,45,0,0,58,0,0,0,0,0,245,752,30,64,28,0,114,0,0,0,0,36,0,0,85,63,101,61,41,0,0,31,0,0,0,46,0,28,0,0,159,0,35,0,142,0,0,0,0,0,76,112,0,0,0,0,161,0,0,55,0,0,0,0,266,0,0,0,78,0,0,0,0,0,58,0,70,0,55,87,51,307,38,0,0,40,82,30,0,0,61,64,0,0,0,0,100,0,0,64,0,115,126,0,0,71,0,45,0,0,0,0,39,0,0,287,0,0,0,0,58,0,44,0,0,0,0,0,0,0,0,0,57,0,0,52,52,0,0,0,0,0,138,0,0,0,0,0,0,0,55,167,0,0,59,53,0,66,0,0,0,58,0,0,0,64,226,0,0,0
103,0,0,0,56,44,0,28,0,0,0,139,0,0,0,122,341,241,0,48,0,98,0,35,0,0,0,0,71,26,0,0,57,0,0,154,117,0,0,188,76,0,43,0,165,0,42,0,58,0,210,66,0,101,0,70,0,0,0,0,0,104,0,272,0,45,69,0,0,0,244,0,0,46,0,288,63,0,296,24,89,0,0,0,262,0,49,0,41,0,93,40,40,0,95,48,25,0,0,0,0,0,0,153,0,0,0,32,119,63,407,77,0,33,95,56,0,112,0,34,211,30,44,0,0,0,0,34,44,0,139,0,122,0,0,0,65,0,44,0,175,66,142,644,0,0,50,44,63,94,0,0,82,47,51,100,0,111,0,148,118,0,0,85,64,53,26,49,49,51,287,38,0,29,0,0,0,38,83,0,0,346,0,29,0,54,0,84,123,0,0,0,76,0,164,36,150,40,40,81,0,24,120,0,535,0,0,0,0,126,127,215,49,38,0,121,37,93,0,0,220,288,0,0,121,0,0,105,233,0,96,0,0,0,0,0,0,41,78,0,0,71,0,39,0,0,125,0,111,0,0,0,97,117,121,34,0,0,0,48,318,85,91,58,0,46,0,166,172,397,20,0,136,210,51,0,68,0,897,0,45,0,0,49,83,50,40,104,2545,90,71,0,46,0,0,44,0,53,0,60,0,20,65,25,0,89,119,67,0,50,31,304,70,0,0,79,29,76,0,0,0,0,0,39,115,54,32,211,0,0,213,0,0,81,48,41,0,0,0,61,0,39,0,107,87,0,0,0,48,755,172,86,0,131,508,0,0,61,169,184,0,88,55,0,113,188,180,231,70,0,115,61,40,35,0,129,177,0,0,109,36,24,83,0,44,680,73,0,40,0,0,0,430,0,63,25,444,47,69,133,0,31,113,0,26,91,44,0,0,0,64,0,150,0,0,0,348,116,153,148,29,0,43,0,56,69,79,0,190,61,0,0,18,0,145,0,0,38,67,183,0,0,263,47,142,79,274,80,39,51,0,0,131,0,29,0,0,0,0,52,178,0,144,62,0,48,0,0,0,28,27,0,247,63,74,68,109,582,154,90,75,0,228,289,60,0,0,142,105,188,78,0,0,71,0,0,69,48,91,18,0,92,22,805,0,69,365,102,0,0,88,0,16,22,0,0,139,107,70,29,78,0,202,120,84,22,69,0,36,0,56,29,0,0,76,0,16,0,0,60,0,117,192,0,78,0,198,0,73,183,133,39,0,52,0,0,33,82,21,21,0,316,0,142,0,221,0,0,0,36,138,201,0,0,0,0,0,174,32,50,138,298,124,0,115,0,185,335,70,35,0,191,0,0,0,0,0,154,0,36,0,13,57,49,0,170,28,80,33,51,0,0,128,200,52,0,89,0,0,0,0,0,0,0,17,0,0,52,0,198,141,0,0,0,0,36,0,79,0,0,0,0,59,0,0,286,0,50,0,148,251,36,16,83,791,0,64,40,70,150,60,84,24,0,0,91,44,117,0,65,360,48,105,0,125,55,0,51,224,0,0,0,67,117,192,0,0,83,139,0,0,0,105,0,0,49,64,0,276,0,0,0,0,49,43,0,0,73,0,166,0,96,0,0,0,0,0,62,269,122,115,0,148,675,0,302,165,86,0,0,90,62,39,46,58,0,0,72,299,77,303,0,679,93,0,39,0,0,214,0,0,98,0,0,86,0,0,0,0,0,0,127,41,57,0,97,0,92,0,29,123,140,39,0,50,348,0,0,0,0,130,0,73,0,25,0,94,0,0,340,0,0,52,0,0,0,0,105,50,0,66,0,79,0,118,91,140,58,151,0,0,24,138,130,0,278,0,29,38,73,93,22,168,0,44,0,0,75,14,80,134,0,0,0,0,0,62,106,0,0,0,59,0,0,255,0,0,74,0,0,81,0,90,0,0,0,798,121,0,427,0,59,32,257,0,61,73,0,68,0,0,31,34,0,148,174,0,0,0,34,42,102,147,0,0,135,0,0,0,33,67,142,0,0,153,154,376,31,0,79,66,0,0,0,0,0,26,213,293,288,85,69,37,0,62,951,131,21,56,0,90,76,44,0,43,113,84,0,45,67,12,0,0,0,57,45,90,72,154,0,0,56,26,113,0,134,0,0,40,93,150,0,49,146,66,0,101,46,159,0,44,108,0,65,137,54,55,226,94,247,12,54,30,229,202,0,0,74,52,0,65,82,0,0,63,37,411,0,547,0,1197,181,26,59,38,0,0,0,0,98,98,43,220,0,0,258,0,37,739,89,65,40,0,134,39,122,326,480,62,124,0,51,0,37,32,0,506,82,86,0,0,144,38,0,46,154,0,107,1076,78,184,82,243,55,64,27,124,123,123,0,59,0,104,61,353,0,96,168,168,182,0,362,81,0,131,612,545,184,345,0,141,88,36,312,21,36,67,75,0,69,0,90,0,34,596,30,0,0,91,30,54,356,57,241,54,85,74,55,0,0,65,79,92,0,0,58,74,0,0,35,51,190,60,319,45,47,912,111,0,403,52,166,148,97,47,0,0,176,42,229,0,0,114,0,0,0,0,249,198,0,66,0,0,0,0,71,43,359,52,84,150,95,196,154,198,0,71,0,131,34,56,53,421,352,263,152,111,0,351,0,129,0,0,102,266,0,78,210,258,33,64,0,0,0,41,279,197,0,0,166,0,379,124,0,226,116,0,76,0,44,45,62,47,47,204,0,19,0,0,0,617,0,49,181,205,0,0,119,0,114,99,0,0,107,42,0,123,0,0,124,0,0,51,153,149,0,140,39,0,90,47,68,44,96,91,0,93,0,73,0,0,31,0,68,85,0,159,0,0,52,41,58,139,49,151,0,0,31,26,194,331,225,0,0,27,25,122,51,67,0,162,66,62,48,63,34,0,0,37,0,56,81,70,90,0,0,128,61,0,129,0,228,86,0,43,41,43,64,149,307,0,0,232,31,0,61,0,308,224,22,338,0,0,1917,30,68,0,43,118,0,275,0,0,23,81,174,0,110,243,0,0,0,105,0,68,152,0,52,0,133,0,82,0,117,155,45,0,0,39,54,0,69,54,220,0,0,32,722,466,0,574,0,36,244,19,0,58,100,0,183,0,48,54,129,0,486,0,114,105,433,0,769,238,0,284,0,0,0,0,0,338,44,52,67,155,267,30,354,0,265,0,60,284,0,0,95,129,0,229,86,43,59,71,64,113,0,86,168,58,407,185,85,86,164,36,0,267,28,0,183,0,30,123,0,0,22,89,0,151,242,123,79,0,224,45,91,112,52,0,247,250,0,0,105,0,74,0,0,72,161,0,92,159,0,349,0,103,0,55,137,80,43,35,363,233,140,90,0,49,0,0,109,75,0,71,306,32,0,0,263,23,0,92,44,0,0,0,0,161,154,38,0,0,53,0,91,0,0,87,0,100,154,0,0,0,146,0,28,0,86,57,0,0,0,0,277,0,160,0,236,167,0,0,42,82,27,66,248,49,179,0,0,0,507,0,171,36,44,72,117,0,36,83,205,0,0,180,456,0,0,93,0,0,56,242,144,0,109,43,117,50,0,0,68,0,53,418,0,92,42,45,0,95,0,125,71,136,35,422,0,0,0,39,0,61,0,40,198,162,48,0,41,70,52,107,0,70,76,38,0,90,0,517,0,46,70,0,0,56,0,289,321,40,176,62,0,96,30,0,54,119,90,123,103,0,0,220,60,53,35,45,277,0,0,0,29,248,0,0,0,0,43,203,54,0,0,0,213,83,81,57,93,0,127,0,248,0,31,0,442,0,662,99,52,35,34,95,217,0,97,0,78,33,91,131,64,91,0,91,0,34,53,43,21,144,109,0,0,164,0,0,0,157,190,39,49,95,140,27,37,0,39,0,100,41,328,958,59,72,118,0,0,99,0,57,160,0,0,0,0,24,153,0,26,51,267,0,427,0,0,47,0,158,132,54,65,0,55,238,45,422,0,0,0,92,29,110,0,102,144,170,0,0,57,38,50,0,113,0,53,319,143,0,0,0,0,0,50,62,0,366,0,75,219,0,39,52,72,0,325,116,0,79,0,0,92,58,82,0,127,49,59,29,0,0,117,0,0,103,0,0,124,0,46,0,65,76,134,382,0,131,111,72,26,0,0,76,154,110,65,140,0,98,82,0,30,0,0,0,0,0,109,58,162,55,109,61,0,81,87,0,0,0,94,0,90,25,180,0,0,64,0,56,419,57,71,51,277,0,397,76,0,0,102,97,51,114,0,194,58,78,0,37,0,99,89,101,31,0,0,168,0,91,0,293,163,0,0,0,54,0,0,115,63,0,0,0,0,55,247,67,44,66,23,0,287,39,0,460,90,0,0,14,110,77,0,170,52,324,0,74,0,0,0,0,54,54,96,67,0,110,81,144,74,250,141,48,0,0,0,144,228,142,22,53,192,0,0,163,0,163,0,362,73,46,30,0,0,0,227,202,177,41,0,0,64,0,0,0,69,0,0,111,0,88,0,0,335,0,0,0,0,47,80,0,62,159,66,108,0,0,32,354,76,0,0,0,45,404,0,100,29,34,0,0,163,52,284,93,145,0,137,96,41,0,0,21,53,153,183,0,62,0,63,140,0,139,0,0,103,0,42,0,342,0,0,28,107,0,0,0,250,0,0,53,53,78,58,0,484,0,0,0,0,0,0,160,89,65,129,406,0,0,43,28,40,139,0,51,30,0,77,0,0,50,0,208,224,81,49,0,32,0,0,66,162,45,115,24,0,267,82,248,41,49,89,0,38,0,0,0,0,35,80,47,167,155,91,66,0,0,64,126,0,0,28,0,86,75,0,179,28,0,0,66,0,51,39,0,278,295,445,34,0,0,0,0,54,116,33,0,91,69,417,73,197,33,87,249,0,0,0,0,44,44,111,0,48,43,0,638,174,0,0,174,18,32,0,0,42,53,177,60,401,71,51,48,31,131,0,0,93,141,0,156,77,134,35,172,103,0,100,45,18,101,173,64,171,100,0,28,110,49,68,0,136,52,0,115,0,0,176,98,0,30,75,37,0,702,0,216,18,42,0,0,78,146,0,0,67,0,101,51,39,107,0,0,0,37,247,88,52,424,0,54,0,56,68,0,34,0,0,119,97,81,135,99,0,0,65,115,46,0,244,0,0,0,0,55,0,457,0,67,190,0,0,134,75,0,250,94,230,0,58,0,78,0,0,0,0,174,26,95,140,39,176,275,0,0,0,38,347,0,181,62,138,181,0,291,0,0,126,0,48,76,0,109,79,154,271,178,25,0,0,144,65,0,0,0,40,55,59,36,242,38,1130,54,0,36,46,0,80,177,0,246,55,140,0,24,0,62,0,168,339,204,39,356,0,0,57,69,125,0,0,0,0,33,61,64,79,0,218,70,0,0,0,0,0,0,68,0,27,28,0,0,942,0,22,980,61,47,0,79,0,191,168,0,192,50,0,0,148,0,0,252,0,293,149,0,0,54,0,0,0,0,248,117,0,0,0,102,0,131,192,195,49,0,0,0,50,122,0,0,530,0,0,65,40,291,166,352,82,0,269,0,28,0,35,41,32,50,131,0,560,223,0,35,0,117,64,0,99,52,26,129,118,38,80,0,64,49,60,0,70,65,52,0,0,111,150,115,35,195,0,0,139,0,0,109,256,0,65,97,107,71,24,0,107,62,86,0,0,77,855,170,0,0,194,34,0,52,84,423,0,72,130,34,55,68,162,156,58,0,0,0,52,0,0,63,0,47,41,0,0,45,83,46,112,0,54,304,0,49,112,32,101,0,91,258,93,135,0,0,0,0,83,43,90,747,133,0,0,289,0,149,100,0,88,125,43,41,0,0,362,38,208,0,201,189,134,142,87,0,43,0,0,282,30,142,78,0,277,40,70,0,0,52,0,496,0,0,0,777,0,39,312,112,106,67,278,0,50,172,42,57,422,0,315,90,238,0,51,428,0,0,80,100,121,47,0,0,68,87,0,147,194,24,138,0,128,166,216,0,112,47,0,187,0,0,93,0,107,28,49,217,456,45,144,0,0,113,20,189,291,56,0,119,0,0,0,58,111,321,0,0,154,286,0,32,85,154,64,0,117,106,101,26,204,87,117,215,241,87,260,152,0,38,0,0,26,280,33,71,0,0,76,167,47,0,12,187,31,149,68,199,51,107,80,102,0,0,556,135,349,62,259,118,0,87,87,33,64,114,494,254,55,250,170,284,0,48,0,106,111,60,68,34,43,61,33,51,342,438,30,111,0,0,169,215,0,0,30,65,764,141,82,0,0,42,88,117,85,144,69,287,85,77,112,357,43,0,1174,0,86,0,54,97,30,0,0,375,0,81,0,64,53,83,92,32,60,89,37,62,0,179,83,65,298,29,94,0,71,111,420,808,44,160,92,204,250,81,133,31,216,130,159,59,200,118,224,258,92,71,0,186,82,0,425,244,0,102,167,118,463,66,196,0,207,39,25,0,107,30,173,373,0,1375,106,0,535,0,0,108,94,0,61,88,588,0,0,0,286,0,0,287,49,0,54,18,121,39,194,184,129,570,88,0,339,76,187,65,343,0,134,169,0,0,358,80,201,0,0,242,34,79,332,69,63,419,100,402,441,78,0,0,48,52,0,1023,258,0,25,112,199,41,67,0,0,44,41,135,44,74,55,0,128,0,0,244,115,0,235,22,88,0,628,31,0,0,0,0,27,26,154,198,0,57,158,356,71,220,47,0,51,132,74,60,0,85,535,66,61,109
104,0,0,0,0,0,0,0,0,0,0,0,0,0,0,0,0,11,0,0,0,0,0,0,0,0,0,0,0,0,0,0,0,0,0,0,0,0,0,0,0,0,0,0,0,0,0,0,0,0,0,0,0,0,0,0,0,0,0,0,0,0,0,0,0,0,0,0,0,0,0,0,0,0,0,0,0,0,0,0,0,0,0,0,0,0,0,0,0,0,30,0,0,0,0,0,0,0,0,0,0,0,0,0,0,0,0,0,0,0,24,0,0,0,0,0,0,0,0,0,0,0,0,0,0,0,0,0,0,0,0,0,0,0,0,0,0,0,0,0,0,0,0,25,0,0,0,0,0,0,0,0,0,0,0,0,0,0,0,0,0,0,0,0,0,0,0,0,0,0,0,0,0,0,0,0,0,0,0,0,0,0,0,0,0,0,0,0,0,0,0,0,0,0,0,0,0,0,0,0,0,0,0,0,45,0,0,0,0,0,0,0,0,0,0,0,0,0,0,0,0,0,0,0,0,0,0,0,0,0,0,0,0,0,0,0,0,0,50,0,0,0,0,0,0,0,0,0,0,0,0,0,0,0,0,0,0,0,0,0,0,0,0,0,0,0,0,0,0,0,0,0,0,0,0,0,0,0,89,0,0,0,0,0,0,0,0,0,155,0,0,0,52,0,0,0,0,0,0,0,0,0,0,0,0,67,0,0,0,0,0,0,0,0,0,0,0,0,0,0,0,0,0,0,0,0,0,0,0,0,0,0,0,0,46,0,0,0,0,0,0,0,0,0,0,0,0,0,0,0,47,0,0,28,0,0,0,0,0,0,0,0,0,0,0,35,0,0,0,0,0,0,0,0,0,0,0,0,0,0,0,0,0,0,0,41,0,0,0,0,0,0,0,0,0,10,0,0,0,0,0,0,0,0,0,0,0,0,0,0,0,0,0,0,0,0,0,0,0,0,0,0,0,0,0,0,0,0,0,0,0,0,0,0,0,0,0,40,0,0,0,0,0,0,0,66,0,0,0,0,0,0,0,0,0,0,0,0,0,0,0,0,0,0,0,0,0,0,0,0,0,0,0,0,0,0,0,54,35,0,0,0,0,0,0,0,0,0,0,0,0,0,0,0,0,0,0,0,0,0,0,38,0,0,0,0,0,0,0,0,0,0,0,0,0,0,0,0,0,0,0,0,0,0,0,0,0,0,45,0,0,0,0,0,0,0,0,0,0,0,0,0,0,0,0,0,0,0,0,48,0,0,0,0,0,0,0,0,0,0,0,42,0,0,0,44,0,0,0,0,0,0,0,0,0,0,0,0,0,0,0,0,0,0,0,0,0,63,0,0,0,42,0,0,0,0,0,0,0,0,0,0,0,0,0,40,0,0,0,22,0,0,0,0,74,0,0,48,0,0,0,0,0,0,22,0,0,0,0,48,0,0,0,0,0,0,38,0,0,0,0,0,44,0,0,141,0,27,0,0,0,0,0,53,281,0,0,0,0,0,0,33,23,0,0,0,0,0,32,21,0,0,0,0,115,0,35,0,0,0,0,0,0,0,0,0,0,0,0,0,0,0,28,0,0,0,83,0,0,0,0,0,0,0,0,0,0,0,0,0,0,127,0,0,0,0,0,0,0,0,82,0,39,63,117,93,86,0,0,0,0,0,0,0,0,0,0,0,119,0,121,25,141,0,0,48,0,0,0,0,0,0,0,0,0,0,0,0,0,0,0,0,15,0,0,0,0,0,0,0,84,15,0,0,0,104,0,0,0,0,78,0,0,0,0,0,0,0,0,0,0,0,0,0,0,0,0,0,0,38,0,0,0,0,142,0,0,0,0,0,0,0,60,109,0,0,0,0,0,0,0,0,0,0,0,0,0,0,0,0,148,0,0,35,0,0,32,0,0,0,0,0,63,0,21,0,0,0,30,0,0,0,0,0,0,0,56,0,0,42,0,0,0,0,0,0,0,0,0,0,0,0,0,0,0,39,0,0,0,0,0,0,87,0,0,0,0,37,0,0,0,63,0,43,0,54,0,0,0,0,0,46,0,0,0,0,0,100,104,31,0,0,0,0,0,82,84,0,78,0,0,0,0,0,0,0,51,0,0,0,0,0,0,0,0,0,0,0,0,0,0,21,0,0,0,0,0,0,37,35,86,0,0,32,0,0,0,0,75,0,0,0,32,0,92,27,0,0,0,106,0,0,0,84,0,20,0,49,0,0,0,0,0,0,19,0,38,0,98,0,462,0,0,0,0,0,0,0,0,0,0,0,0,0,0,0,0,0,0,0,25,0,0,0,0,0,86,93,0,0,0,0,0,35,0,0,0,105,0,0,0,0,0,0,31,58,0,64,122,0,53,0,28,0,0,0,79,57,84,0,0,0,0,0,0,0,0,0,114,73,0,295,0,0,0,156,359,53,65,0,0,0,0,0,0,0,0,0,0,0,0,69,0,0,284,0,0,0,86,0,57,43,0,0,0,0,0,0,0,0,0,0,0,0,0,0,0,0,0,0,0,65,0,99,0,81,52,0,0,125,26,0,37,0,0,0,0,42,42,131,0,0,49,90,0,0,0,19,0,0,0,0,0,0,37,0,0,193,0,12,0,0,15,0,56,0,0,0,46,0,0,0,77,0,155,0,0,0,0,0,0,0,23,41,52,0,139,137,80,0,0,0,0,0,0,135,121,0,0,0,0,134,51,0,96,0,0,46,0,0,0,0,0,0,46,0,0,0,0,0,77,0,0,0,0,0,0,0,0,0,0,0,0,20,0,0,0,0,0,35,0,0,0,62,0,0,0,0,0,0,0,40,0,47,0,0,0,0,0,0,0,0,0,0,0,0,0,0,0,0,0,0,0,17,35,0,0,0,0,30,0,61,0,0,0,0,37,0,0,0,0,0,0,0,0,0,0,0,0,0,0,0,0,0,0,0,0,0,0,0,0,63,0,0,0,0,0,0,0,74,0,0,54,0,61,0,0,109,0,0,74,0,0,155,0,77,0,0,0,0,49,0,0,0,19,31,0,58,0,0,0,0,0,0,0,0,0,0,0,0,0,0,0,0,41,0,0,0,0,0,0,0,0,59,0,0,0,209,68,0,0,0,0,32,0,28,0,0,0,66,0,0,0,0,0,145,0,0,0,0,0,0,0,0,0,0,0,0,0,0,0,0,0,0,0,0,0,0,0,0,0,0,0,0,0,0,0,0,0,0,0,0,0,0,0,0,0,0,0,0,0,0,0,0,0,0,0,0,0,135,0,0,0,0,0,0,40,0,0,0,0,0,0,58,0,0,0,0,0,29,66,0,0,0,0,0,0,0,0,0,0,0,0,51,45,0,0,0,0,0,0,0,0,0,78,0,0,0,0,0,0,0,96,0,0,99,0,0,0,52,0,0,0,0,0,0,0,0,0,54,0,0,0,0,0,45,0,0,0,0,0,0,0,0,0,0,0,0,0,0,0,0,33,0,0,61,0,0,0,50,38,0,0,0,0,0,0,0,0,0,0,0,0,0,0,0,0,0,0,0,0,0,0,0,0,0,0,257,0,0,59,0,0,0,0,0,0,0,0,0,45,0,0,0,0,0,46,0,65,0,0,0,0,0,0,0,36,0,135,0,0,0,0,0,0,0,0,42,61,0,0,0,0,0,0,0,42,0,0,0,0,0,141,0,0,0,0,0,23,0,0,55,0,0,0,0,0,0,0,0,0,0,31,55,0,0,0,39,22,0,0,153,0,0,0,0,111,0,0,0,0,0,111,0,0,0,0,0,21,0,0,43,0,0,0,59,0,0,0,147,0,137,0,0,0,0,0,55,0,0,0,0,0,0,0,0,0,0,0,0,0,0,0,0,0,0,0,0,74,0,0,0,0,43,0,0,0,0,0,0,0,0,0,63,25,0,266,0,0,0,0,0,0,0,0,105,0,0,0,0,0,38,0,0,0,116,0,63,0,0,0,0,0,0,36,0,0,0,0,0,110,0,0,0,0,0,50,19,0,0,0,0,0,0,0,0,0,41,0,0,24,0,0,0,0,0,0,0,0,0,110,0,0,0,0,0,0,0,0,140,0,0,18,29,0,76,67,0,0,75,0,0,0,0,0,0,0,0,0,0,0,52,0,23,0,0,0,63,0,0,0,0,0,0,0,0,0,57,0,0,44,0,0,0,0,0,0,0,0,0,0,0,0,36,20,30,0,0,41,0,0,0,0,0,0,0,0,48,16,0,0,0,0,0,0,0,60,0,0,81,0,0,0,0,67,0,37,0,0,34,0,0,0,0,0,29,92,0,0,0,125,0,0,51,48,0,0,0,0,0,0,0,0,0,0,0,0,0,0,102,0,30,0,0,0,150,0,0,269,0,0,0,0,0,0,0,93,0,65,0,0,0,0,0,0,38,0,66,0,0,0,40,0,26,122,0,59,0,0,0,89,217,37,0,0,141,0,0,50,0,0,0,0,98,0,0,0,0,0,157,26,50,0,29,0,33,0,0,0,0,0,0,64,0,76,0,0,45,0,0,0,0,0,0,0,0,0,56,56,59,0,0,52,0,0,0,0,86,56,0,0,0,0,32,0,0,0,0,89,0,0,37,0,0,0,0,0,0,0,43,0,0,0,39,39,11,0,0,0,52,0,0,0,76,0,0,0,0,0,16,0,0,0,0,0,150,0,0,0,272,0,0,0,0,0,0,86,0,0,0,147,0,0,0,0,0,116,0,0,0,0,0,0,0,0,0,0,173,0,82,0,0,0,0,0,58,0,90,0,0,175,15,48,0,0,27,0,0,0,0,0,0,0,0,32,0,105,48,0,0,0,74,81,0,0,0,0,0,0,19,61,54,0,0,0,0,0,60,0,203,96,174,0,0,0,0,0,36,0,0,0,0,0,168,0,60,0,70,23,0,36,0,0,0,0,34,0,0,14,0,159,108,0,0,0,0,0,0,0,0,0,79,0,0,45,0,26,0,107,105,0,74,35,0,0,0,0,0,53,0,0,0,0,0,42,0,0,45,53,0,0,0,0,0,0,0,0,0,0,0,0,101,79,0,0,76,0,0,206,0,70,0,0,0,0,0,52,0,0,0,0,0,0,0,0,0,0,0,0,66,55,0,96,0,0,0,0,48,0,17,0,0,26,0,72,118,0,0,0,0,0,0,0,0,0,0,0,0,30,0,42,14,0,80,0,0,0,0,0,90,39,0,0,0,0,0,0,0,0,0,0,0,0,79,0,0,131,0,0,0,0,68,0,0,62,0,45,29,23,19,22,27,0,58,0,0,0,0,80,0,0,0,0,0,0,0,0,0,0,0,0,0,0,58,0,150,0,0,0,0,0,0,72,0,40,0,0,0,0,0,0,0,0,204,0,0,89,0,0,28,0,0,41,0,0,0,43,0,50,0,0,0,0,0,0,0,0,0,69,0,0,0,0,0,0,471,0,0,0,26,0,0,140,0,112,0,0,94,0,0,0,0,0,0,0,0,0,0,30,0,0,0,0,0,0,264,0,0,0,0,209,0,0,125,0,107,0,0,0,0,54,0,0,0,0,0,0,0,56,27,115,0,0,37,0,0,0,0,0,0,0,33,0,377,71,0,0,0,93,0,0,0,46,0,85,0,0,0,54,0,0,0,0,0,0,0,0,0,0,0,0,0,309,0,0,0,0,0,0,0,0,0,25,0,0,0,0,71,37,0,0,0,0,129,0,0,0,52,0,0,0,20,111,0,0,49,0,0,0,0,30,0,0,0,0,0,0,0,0,39,0,0,0,0,0,0,55,0,0,0,77,0,0,0,0,0,0,54,36,0,0,0,0,0,28,0,0,42,110,0,0,0,0,0,47,0,0,36,0,0,0,0,0,131,44,136,0,0,0,65,0,131,0,0,0,0,0,0,0,0,0,165,0,0,0,0,0,0,62,0,0,0,102,0,0,0,0,0,0,0,0,0,0,0,0,73,0,49,0,0,0,0,64,0,34,0,0,0,45,0,0,0,64,0,0,0,0,0,0,109,74,51,0,0,59,0,75,0,0,0,0,0,0,0,0,0,0,25,0,0,0,0,0,56,0,0,0,0,0,0,0,0,0,0,0,36,118,0,0,0,63,0,0,54,25,36,0,28,0,0,33,79,95,42,36,0,0,0,0,0,0,0,0,0,0,54,27,0,0,0,48,0,36,61,105,0,0,38,0,0,0,274,85,130,31,0,0,0,37,0,0,24,0,163,151,0,130,113,129,0,28,0,64,31,0,0,0,0,0,0,35,140,120,0,67,0,20,36,106,0,0,0,30,229,0,0,0,0,0,0,62,0,0,0,129,0,0,0,208,0,0,374,46,75,19,0,49,0,0,0,18,0,0,0,0,0,0,0,0,0,63,0,0,0,78,0,0,119,0,0,0,33,41,171,488,0,0,35,0,0,0,98,0,40,0,0,0,71,61,87,132,0,15,0,0,38,0,80,111,0,0,52,0,179,0,0,0,58,0,0,0,0,0,72,153,0,562,0,0,39,0,0,62,32,0,0,0,230,0,0,0,108,0,0,62,0,0,0,0,0,0,76,37,52,171,35,0,172,54,62,0,107,0,0,64,0,0,123,0,71,0,0,69,0,0,0,40,0,186,33,282,146,0,0,0,0,0,0,348,91,0,0,0,92,0,0,0,0,0,0,0,0,28,24,0,0,0,0,0,37,0,140,0,0,0,85,0,0,0,0,0,0,0,55,94,0,42,91,217,0,75,0,0,0,37,44,0,0,0,167,0,27,0
105,0,0,0,41,20,127,38,0,113,0,272,50,0,26,248,294,175,0,0,0,343,71,68,135,136,0,0,0,47,33,0,41,0,65,96,158,0,96,292,98,74,0,0,316,0,57,0,399,0,242,63,153,167,0,354,0,0,0,20,0,48,122,364,0,40,88,0,0,0,350,0,91,0,0,266,108,0,545,47,88,0,22,169,177,54,25,0,80,36,397,0,60,116,69,0,58,0,69,39,0,49,0,83,0,0,114,25,131,51,38,0,50,146,115,0,45,120,50,0,235,0,300,76,30,83,51,0,99,0,121,0,432,0,129,75,206,99,89,0,89,85,147,393,0,0,91,45,0,106,0,26,95,16,207,45,0,131,0,250,256,79,0,107,88,60,50,43,137,192,244,244,0,76,0,0,55,67,201,79,0,262,0,0,0,60,70,254,188,0,0,0,95,73,213,0,55,0,0,169,23,115,166,0,190,35,0,0,20,105,125,117,39,86,46,126,54,108,0,20,60,248,64,15,347,0,0,69,156,0,72,0,0,24,0,0,52,100,230,65,0,94,43,0,48,0,145,0,0,0,87,81,305,31,176,0,123,0,44,44,196,269,104,0,64,0,0,330,92,153,66,0,123,344,90,102,85,0,773,224,84,0,103,220,56,82,41,312,2107,168,47,59,348,35,31,69,0,52,67,51,42,30,66,52,0,275,272,208,0,141,88,642,86,0,0,57,39,127,62,36,0,50,0,37,99,110,0,0,0,0,512,0,35,167,126,84,0,0,58,34,0,112,0,73,119,0,0,0,187,802,175,101,0,247,223,38,37,85,218,192,104,46,265,26,0,164,508,90,0,43,159,0,0,51,0,107,131,0,0,0,21,48,0,0,47,302,65,62,88,0,63,0,601,63,44,0,591,0,90,118,0,0,162,0,0,91,0,41,0,0,70,0,36,0,0,0,92,91,436,150,0,98,70,42,66,119,128,53,165,44,0,0,0,49,191,0,45,113,0,136,22,0,321,58,157,126,273,73,0,45,0,0,180,0,171,0,25,0,0,0,168,0,148,168,36,0,0,0,0,39,39,0,256,162,59,34,194,241,183,185,131,0,295,150,64,0,0,0,76,300,73,41,43,232,33,0,108,51,90,52,0,179,0,594,95,106,30,110,14,0,81,0,0,64,0,0,164,73,67,69,102,40,152,189,69,0,58,48,290,32,0,0,0,0,86,0,0,0,0,102,0,135,361,0,40,0,104,0,68,318,174,66,0,90,0,100,0,0,37,51,223,294,0,66,53,100,0,0,0,50,121,155,0,0,0,0,0,83,0,51,154,150,137,0,307,0,203,376,35,0,0,1233,0,0,0,30,0,70,0,45,0,0,48,43,36,219,0,68,44,45,0,0,430,230,84,0,44,74,0,103,0,0,0,0,0,0,119,0,0,137,217,0,25,70,0,0,0,35,0,0,0,0,141,0,0,232,0,0,0,71,182,0,0,77,290,0,64,0,83,225,71,0,106,0,0,0,50,24,0,66,53,0,70,0,147,0,29,123,209,46,0,42,65,0,124,0,0,37,94,0,129,0,46,0,0,0,122,0,261,0,0,35,0,157,91,40,37,62,67,45,0,222,301,0,0,0,0,46,0,18,129,117,98,694,183,247,63,48,0,0,66,123,0,23,0,0,10,0,178,74,254,35,221,81,0,83,0,0,0,0,0,0,43,0,96,0,0,47,0,0,0,0,0,48,0,0,0,0,0,109,114,109,0,0,0,200,31,0,0,72,181,46,184,0,0,0,210,0,61,423,0,0,64,0,0,0,0,45,0,34,64,43,0,0,266,46,86,0,0,0,0,0,154,169,0,198,0,0,0,44,213,0,392,39,0,0,0,91,0,146,71,0,0,39,0,0,79,0,0,18,0,0,357,0,0,73,0,64,42,0,193,0,0,50,0,0,88,359,46,542,0,0,0,0,59,122,0,0,45,0,0,55,48,0,0,130,0,0,0,0,20,0,116,56,58,0,0,128,0,35,24,112,41,67,125,114,105,44,0,0,39,57,0,81,0,0,0,113,86,312,0,48,116,0,116,1120,34,120,35,0,110,269,0,0,0,0,64,0,55,0,71,68,0,42,0,0,0,59,43,0,47,53,0,214,0,237,0,0,58,0,58,0,71,53,157,0,0,42,159,0,0,14,0,45,153,68,0,188,101,199,0,0,24,201,0,0,0,151,0,0,0,0,0,0,48,180,451,0,156,0,819,0,0,96,41,0,0,0,0,0,46,0,92,0,0,0,0,155,380,350,0,0,0,54,0,201,1012,507,0,0,0,68,0,0,107,0,58,79,0,0,0,0,0,32,0,53,0,183,1382,63,105,123,208,58,37,0,172,60,61,0,51,0,36,71,565,0,0,40,67,0,0,195,59,0,103,794,188,97,421,0,159,136,0,0,0,0,0,74,0,0,0,88,0,55,265,0,0,76,89,106,31,123,118,256,159,0,70,0,0,0,40,43,112,0,44,0,135,0,0,113,69,88,95,250,0,48,182,143,0,328,0,115,133,0,94,0,33,53,0,37,0,0,159,240,0,0,0,313,77,0,71,0,45,0,0,29,0,0,0,62,174,53,252,60,0,0,77,112,217,54,76,58,542,153,334,128,77,0,92,65,111,0,0,81,265,22,68,74,141,0,34,0,0,0,28,173,167,0,0,0,0,137,65,0,254,0,0,33,0,45,0,55,38,86,0,0,47,122,0,0,273,0,0,128,140,0,67,0,0,0,51,0,0,81,0,0,55,0,0,201,0,0,39,194,57,70,61,27,0,79,23,128,0,0,133,0,0,0,92,0,35,0,26,45,0,0,85,0,0,68,0,28,176,0,76,0,0,80,0,30,125,247,33,0,0,49,99,0,0,0,41,0,0,0,62,58,13,0,61,19,80,55,74,52,0,0,34,55,0,116,0,348,39,0,69,62,49,0,243,150,0,50,110,0,174,0,0,377,67,55,62,0,0,797,0,120,15,0,63,0,105,0,39,143,0,0,0,134,0,0,0,45,43,0,44,47,0,47,0,68,0,84,0,47,100,0,0,0,0,0,52,0,45,261,0,0,0,237,71,53,132,0,50,59,123,69,0,56,27,165,57,0,34,81,0,273,45,115,23,152,0,534,192,0,178,30,0,0,0,0,129,90,38,113,65,280,0,154,0,46,0,78,123,0,25,83,68,0,105,84,0,78,0,58,132,65,81,100,0,207,96,107,0,81,36,0,181,39,0,397,0,0,0,0,0,0,110,0,59,152,34,51,40,105,0,87,103,193,0,167,74,0,0,58,41,0,38,30,71,142,31,0,51,105,97,0,94,0,0,83,39,120,0,182,229,33,49,0,64,36,0,36,218,62,53,300,0,0,0,0,47,0,51,49,0,80,21,0,87,254,67,0,53,75,61,222,0,113,174,0,61,307,0,29,0,155,171,0,120,80,0,0,45,0,0,194,0,99,0,448,247,0,0,184,312,54,41,151,44,93,0,0,67,350,0,172,0,61,90,122,0,19,82,121,56,36,119,812,18,0,167,56,0,0,156,215,0,93,55,97,92,0,0,196,28,20,605,0,122,68,0,0,153,0,82,0,167,34,214,24,64,0,0,0,93,0,45,199,204,91,0,0,50,81,104,15,213,0,78,73,0,83,610,0,55,0,0,0,126,0,212,234,135,93,41,0,86,78,23,76,29,0,173,207,0,165,60,95,84,48,66,433,39,0,0,42,281,0,29,0,0,0,368,78,60,75,0,426,135,181,36,148,57,71,31,625,0,0,0,335,51,606,126,61,0,0,93,260,0,56,0,189,0,82,72,207,40,0,44,0,79,0,72,0,57,204,0,0,487,59,0,0,178,90,0,24,117,81,69,36,27,0,0,148,68,199,540,94,53,161,0,0,83,0,0,251,0,0,52,0,54,79,0,0,48,464,44,0,0,0,56,0,326,159,196,146,0,0,99,44,217,0,0,0,117,0,494,54,74,104,80,52,0,85,0,0,0,83,0,68,149,65,57,0,0,0,0,0,202,0,688,0,157,100,0,0,25,119,0,362,150,0,96,48,0,92,117,107,0,130,0,33,42,0,89,143,87,42,102,0,0,478,0,155,0,120,72,207,250,0,168,120,89,0,0,65,176,167,92,42,193,0,58,62,14,37,0,0,0,32,0,43,70,231,111,243,45,65,44,98,0,0,0,113,44,0,74,368,90,40,118,40,71,490,55,104,70,282,40,539,93,46,0,78,193,94,37,0,202,0,84,29,26,0,128,89,192,0,0,0,176,69,56,157,355,183,0,0,135,335,0,0,146,67,0,0,53,36,230,175,78,122,49,0,0,595,72,69,137,108,0,0,0,82,90,0,190,162,526,0,68,0,66,0,34,93,69,129,116,21,98,184,170,202,779,281,158,0,0,51,230,310,212,110,129,225,0,0,199,78,393,30,227,262,46,48,0,0,0,234,93,222,290,35,0,66,0,0,0,94,0,0,136,0,267,0,0,193,30,45,0,0,73,160,0,74,138,92,244,114,0,0,517,106,0,0,0,418,557,0,96,0,41,25,0,227,69,248,346,196,43,36,223,31,43,0,0,194,150,524,0,0,0,121,218,116,233,19,0,105,34,178,0,274,0,68,33,126,0,0,102,149,0,0,55,205,82,51,0,353,0,0,0,29,0,0,293,104,0,139,627,0,0,68,0,0,178,145,103,0,0,166,0,109,97,26,179,412,80,61,0,39,0,31,91,160,65,191,101,0,265,56,249,0,53,60,51,0,0,0,48,0,49,80,43,127,107,112,73,37,0,167,174,49,0,56,0,90,106,105,129,60,0,0,27,0,51,81,79,417,146,410,151,0,31,0,0,0,87,0,28,83,217,355,0,196,0,111,178,0,101,0,0,23,0,62,0,0,83,0,615,332,0,57,92,0,55,0,36,36,0,200,68,337,42,0,33,0,199,248,0,56,134,0,72,0,95,0,99,0,0,71,48,0,90,73,50,297,76,0,47,93,73,47,0,98,102,0,95,26,0,212,165,0,51,75,35,0,661,0,68,61,0,82,0,0,183,0,0,44,0,28,55,49,167,0,97,0,49,283,95,61,0,0,36,0,61,0,0,53,0,44,152,137,211,115,107,0,23,0,44,102,0,131,0,0,73,49,53,0,169,55,59,304,0,0,163,85,13,98,84,219,0,0,53,104,39,0,0,0,52,0,57,208,0,155,332,12,27,0,0,364,0,128,104,44,110,0,199,0,90,155,0,82,40,0,115,0,164,141,156,0,0,0,184,63,38,0,31,238,0,0,0,314,0,852,47,0,60,0,31,114,276,90,121,38,98,0,0,0,115,18,217,369,101,0,33,15,0,70,0,65,146,0,0,0,31,0,90,106,0,209,141,0,0,0,0,0,222,48,36,8,54,0,40,954,30,0,789,0,59,0,212,0,110,96,0,125,43,0,52,132,0,0,98,52,100,75,160,38,51,0,31,0,0,367,99,0,0,0,477,0,139,214,130,222,0,0,0,66,108,0,0,177,0,42,64,0,291,233,340,101,92,91,0,0,50,39,0,62,69,75,0,651,211,54,0,0,70,130,0,0,0,0,96,139,148,61,87,63,67,83,31,84,48,0,0,36,120,144,0,51,415,30,0,153,0,0,66,224,0,0,63,209,0,0,0,100,48,0,0,0,110,739,158,0,0,132,67,35,0,81,318,0,0,168,0,111,0,122,276,56,0,29,0,0,0,0,91,221,55,56,32,0,38,82,84,0,0,0,129,0,0,201,0,57,43,114,308,57,147,26,50,0,0,0,0,97,522,86,0,0,405,91,119,95,0,74,115,0,138,0,0,500,0,324,47,173,54,185,42,182,0,80,112,0,214,50,32,83,0,360,95,64,0,0,0,0,90,0,39,60,457,0,39,259,112,101,0,491,0,115,213,0,51,414,21,310,92,238,0,61,309,0,54,86,71,154,113,0,30,108,101,29,95,38,0,138,0,137,160,152,0,32,66,20,104,0,0,127,0,77,0,46,142,323,0,112,0,0,44,0,200,240,55,60,136,0,33,0,0,134,137,0,0,0,127,40,51,0,56,0,0,46,102,60,0,95,40,60,120,132,223,199,65,0,0,0,0,0,112,0,72,59,0,106,0,0,48,0,264,0,177,153,62,139,94,77,31,0,0,172,127,184,0,52,56,0,0,0,0,79,0,210,163,0,193,179,230,0,109,0,106,69,0,29,36,0,54,0,92,127,241,0,85,13,0,30,133,0,0,54,46,142,32,95,0,0,0,47,115,92,106,0,213,37,0,49,348,22,40,526,83,109,0,83,84,0,0,40,133,0,69,0,79,42,94,80,0,0,146,0,0,51,73,83,0,229,0,0,0,85,169,479,923,75,63,121,129,141,0,249,0,72,109,0,35,0,270,80,133,69,0,0,66,62,0,222,122,0,42,80,43,521,0,113,42,109,0,43,0,44,0,123,184,0,800,0,0,211,0,0,56,72,0,26,0,251,0,0,39,148,0,0,96,0,0,84,0,121,32,127,96,0,665,142,0,102,35,136,0,87,0,103,92,0,0,143,0,347,0,0,113,0,190,110,56,36,201,0,134,93,0,0,39,36,17,0,348,153,0,0,0,128,43,49,0,0,0,0,0,33,138,23,0,75,0,0,101,0,0,159,0,0,0,559,0,0,0,0,0,0,22,67,248,0,122,25,310,0,115,0,0,41,0,0,51,0,96,350,0,0,0
106,0,0,0,0,0,0,0,0,0,0,82,0,0,0,62,204,0,0,28,0,0,0,0,70,0,0,0,64,0,0,0,0,0,0,68,98,0,26,76,0,0,0,0,75,0,68,38,0,0,59,0,93,0,0,77,0,0,0,0,0,0,0,140,0,0,0,0,0,0,94,0,34,0,0,87,45,0,75,0,41,0,0,82,232,63,0,0,0,20,96,0,0,19,74,30,0,0,0,28,0,0,0,78,0,0,0,0,83,45,0,41,90,0,48,48,0,116,0,0,251,0,63,0,0,0,0,0,0,0,49,0,177,0,50,0,0,0,43,0,0,0,49,192,0,0,0,43,0,129,0,0,61,0,0,42,0,68,0,88,107,0,0,138,0,72,0,0,0,129,75,23,0,0,0,23,0,0,0,0,0,121,0,6,0,0,0,619,250,0,0,0,73,82,66,0,0,0,0,48,0,0,68,0,40,0,37,0,0,70,129,22,0,0,0,0,0,0,0,0,50,73,0,0,150,0,0,46,191,0,34,0,0,0,0,0,0,64,108,0,0,45,0,0,0,0,115,0,0,0,0,0,116,25,44,0,44,0,42,47,79,76,0,0,0,0,0,325,0,73,0,0,43,200,34,0,31,0,202,0,42,0,71,116,0,28,0,141,828,18,40,27,54,0,0,27,0,0,0,0,58,0,49,0,0,138,127,0,0,0,0,508,118,0,0,0,0,109,26,0,0,0,0,0,217,41,0,88,0,0,393,0,0,29,30,0,0,0,0,0,0,44,0,0,117,0,0,0,0,447,30,0,0,49,288,0,0,73,153,0,0,0,39,0,58,109,0,102,0,0,42,0,67,0,38,119,64,0,0,57,0,43,22,47,0,791,0,0,63,0,0,0,188,0,34,0,88,0,38,139,0,0,39,0,0,53,0,0,0,0,0,0,0,0,0,0,74,0,88,97,0,37,0,44,106,39,33,0,74,0,0,0,0,0,95,0,0,24,0,92,0,0,242,0,0,66,0,67,0,0,0,0,78,0,35,0,18,0,0,0,62,0,65,0,0,0,0,0,0,0,0,0,0,116,0,0,158,127,41,120,79,38,83,58,0,0,0,0,0,57,215,0,0,0,42,0,106,160,186,41,0,0,0,288,0,52,0,0,25,0,0,0,0,0,0,0,0,32,0,55,0,0,81,0,67,0,28,0,107,0,0,0,0,0,62,0,0,0,0,79,0,0,352,0,0,0,0,0,0,86,107,0,0,0,0,0,0,45,0,27,59,285,0,0,0,0,0,0,0,0,47,59,0,0,0,0,0,56,0,0,0,38,94,0,123,0,141,62,0,0,0,201,0,0,0,0,0,54,0,0,0,31,0,0,27,249,38,116,43,23,0,0,0,138,48,0,0,68,0,0,0,0,0,28,48,0,0,0,0,52,120,31,33,35,0,0,0,0,0,0,0,0,73,0,0,162,0,53,0,79,0,0,0,77,309,0,53,62,0,165,62,0,69,0,51,57,36,0,0,81,48,0,36,0,311,0,54,62,134,0,37,0,58,0,129,0,42,32,49,0,73,48,0,0,71,0,203,0,118,0,0,0,0,0,41,0,54,34,108,0,46,58,105,0,0,0,0,42,0,0,278,0,43,511,131,292,0,0,0,0,0,0,0,0,56,0,0,0,222,40,168,0,156,0,0,0,0,0,0,0,0,0,38,0,112,24,0,0,0,0,34,39,0,0,0,0,0,0,0,142,48,37,0,0,0,127,0,0,0,61,219,17,0,0,0,0,37,44,130,41,0,0,30,0,0,75,0,0,45,40,0,0,0,39,164,95,61,68,0,0,0,0,134,258,0,0,0,0,0,0,70,0,93,0,0,30,58,0,0,95,101,0,0,63,0,0,0,0,0,0,0,0,216,0,94,0,0,0,24,0,61,0,42,0,0,0,128,35,38,309,46,0,0,59,0,0,0,0,0,0,0,0,0,31,97,0,0,11,0,0,0,0,117,31,0,0,0,94,0,0,0,108,0,79,46,163,63,40,0,0,56,308,0,39,0,0,0,102,190,104,69,0,0,0,0,230,137,67,134,0,0,0,0,0,0,35,0,0,0,56,0,60,18,0,28,48,30,47,52,0,30,0,0,0,0,0,0,0,0,23,0,0,0,80,0,0,38,0,146,0,0,102,0,0,31,66,0,65,74,45,0,0,0,158,85,0,0,120,0,0,36,128,0,0,0,99,389,0,305,0,786,0,0,0,0,0,0,0,0,0,32,0,125,0,0,188,0,61,246,42,0,60,0,91,0,85,486,148,0,83,0,18,52,30,49,0,275,0,27,0,0,82,0,0,61,133,0,138,577,45,100,0,59,95,0,0,129,0,39,0,0,0,69,70,0,0,48,0,71,126,0,57,98,69,0,110,553,42,125,0,0,48,0,139,0,0,54,0,0,59,0,0,0,0,476,0,0,0,68,0,0,144,0,42,0,41,30,0,0,29,0,0,123,0,39,55,0,0,0,76,0,114,0,0,0,0,424,26,0,254,0,73,146,0,42,0,0,63,0,271,0,0,92,236,0,0,0,71,65,0,0,0,0,0,11,0,0,187,81,46,57,0,28,0,0,0,0,59,125,0,37,37,187,90,84,0,48,0,133,0,80,0,60,0,60,0,0,119,86,0,0,0,0,0,0,114,113,0,0,48,0,464,91,0,277,0,0,0,0,24,0,22,0,0,0,0,0,0,34,0,0,0,0,0,59,0,0,0,0,0,0,0,0,0,0,0,0,0,9,66,0,0,0,198,0,42,47,0,0,49,0,54,0,51,22,0,0,0,0,0,0,0,36,0,55,0,0,0,0,84,0,0,90,0,94,0,0,40,0,78,139,59,0,0,0,0,101,0,50,0,0,67,0,0,0,25,0,29,0,0,92,0,0,68,0,0,50,0,0,0,0,129,0,0,0,39,0,0,88,71,0,0,54,0,58,0,0,225,80,0,49,0,0,436,0,0,0,0,27,0,401,0,0,96,0,106,0,60,77,0,0,24,0,0,0,185,0,0,0,0,0,51,0,0,35,0,0,0,0,0,21,0,0,60,0,0,0,218,71,29,61,0,0,69,51,43,0,64,0,0,0,0,50,0,0,27,0,50,0,0,0,0,54,0,229,0,0,0,0,0,59,80,0,56,39,65,55,160,0,40,0,47,0,0,0,0,0,0,21,64,0,41,50,42,38,0,0,0,0,317,54,55,0,0,0,0,60,0,0,191,0,0,116,0,0,0,52,0,28,47,0,0,0,51,67,0,54,39,0,42,60,0,0,19,28,0,0,0,0,0,0,0,0,0,0,0,64,0,0,103,49,0,0,200,0,60,0,22,64,0,0,19,107,48,45,219,0,0,32,51,51,86,0,0,0,0,0,0,24,156,85,0,47,71,0,316,0,48,0,0,0,52,0,21,0,41,86,0,169,50,0,0,0,0,0,93,0,0,0,135,138,0,0,273,95,0,0,146,0,0,0,0,97,135,0,0,0,0,0,89,0,0,106,303,82,73,0,688,0,0,274,22,0,50,51,91,0,60,45,0,68,0,0,291,0,0,97,0,43,14,0,70,68,0,0,0,49,0,200,0,0,0,0,0,0,0,88,180,206,0,30,0,41,0,58,0,144,0,0,46,0,0,297,65,47,0,0,0,0,0,57,268,30,35,0,34,210,0,0,141,77,0,52,136,0,145,58,24,41,0,0,292,26,0,70,65,98,0,79,0,0,0,374,147,0,0,0,118,0,89,0,130,0,91,0,345,0,0,0,93,0,289,49,102,0,25,89,47,29,0,0,203,31,80,40,67,78,0,0,0,113,0,62,0,45,289,0,0,557,0,0,0,174,102,0,46,165,71,0,0,0,0,0,137,123,59,540,0,57,88,0,0,0,0,0,243,0,0,0,0,0,124,0,0,141,64,0,98,0,0,41,0,92,197,124,134,86,0,174,75,407,22,0,0,208,0,60,54,73,0,0,0,0,0,0,0,0,67,0,0,416,20,0,0,0,0,0,0,0,0,393,0,79,0,0,0,0,33,0,198,61,0,0,0,0,83,61,79,0,98,48,0,48,0,30,37,0,0,50,0,0,124,0,113,0,33,41,162,110,0,163,37,37,0,0,0,116,61,0,60,108,0,44,0,0,0,0,0,0,0,0,99,47,61,88,93,0,0,89,0,0,0,0,65,0,86,0,173,0,67,47,50,0,343,29,27,76,45,22,242,60,16,0,26,99,65,84,0,208,44,54,0,0,36,0,0,94,0,40,0,123,39,92,98,89,54,0,0,82,139,0,0,123,0,0,0,0,0,66,174,0,15,0,0,0,447,0,0,474,42,0,0,0,47,49,0,90,92,252,0,77,0,24,0,0,109,0,52,56,39,56,54,59,141,261,99,40,0,0,0,107,135,111,29,41,432,0,0,136,63,81,0,136,0,0,0,0,0,0,221,141,71,122,0,0,41,0,0,0,70,0,0,95,0,72,0,0,241,30,0,0,0,0,66,49,0,73,58,276,68,29,0,98,58,0,0,0,123,625,0,50,0,0,32,0,173,0,74,414,62,66,145,67,0,0,0,0,52,74,126,0,34,0,0,120,0,115,0,0,116,0,89,0,89,0,81,0,62,0,0,50,196,0,0,53,277,0,40,0,367,0,0,0,0,0,0,118,48,0,50,200,18,0,26,0,0,117,0,32,0,0,0,0,57,0,0,56,0,0,0,0,0,0,0,0,78,0,159,36,0,295,45,41,0,0,55,0,0,0,0,0,0,0,0,42,0,0,35,0,0,0,62,0,0,0,0,0,51,102,29,49,0,0,0,0,0,0,0,0,92,50,192,115,0,0,0,0,0,58,0,0,99,42,58,72,71,43,74,69,0,44,0,0,0,0,24,0,41,0,0,106,125,0,0,124,0,22,0,0,71,0,44,0,445,0,0,34,0,133,55,0,61,0,0,0,0,98,0,0,0,0,0,0,0,48,177,0,0,51,9,14,92,48,0,0,102,46,0,41,0,0,67,0,0,0,0,0,0,301,0,225,0,0,44,0,89,115,0,0,0,0,0,0,17,57,0,58,0,0,208,0,40,430,0,0,0,0,0,0,0,0,0,0,0,0,0,59,0,0,83,0,105,0,0,44,0,74,0,0,0,0,0,0,148,0,0,105,33,0,70,0,64,0,63,0,0,0,0,0,0,0,0,63,148,0,125,93,0,0,0,0,55,0,36,48,0,231,50,98,0,98,222,0,79,50,0,0,37,62,159,98,0,0,0,0,67,0,0,0,0,0,36,0,0,0,288,69,0,0,29,52,71,145,25,124,0,193,0,0,0,0,0,192,134,39,0,357,0,0,53,51,0,0,0,0,0,0,54,0,0,0,272,44,0,0,0,25,37,143,0,0,0,19,0,0,504,0,0,639,83,45,0,274,0,32,114,0,119,0,0,0,47,18,0,109,0,158,73,111,85,0,0,52,0,0,731,100,0,0,0,443,0,60,96,0,61,0,0,0,75,63,0,0,131,0,0,104,40,195,71,125,182,0,120,0,0,0,0,0,57,0,51,0,273,430,0,0,0,62,47,49,35,44,0,29,402,95,0,62,44,36,80,0,29,42,0,0,0,90,167,0,0,495,0,0,31,0,0,39,81,0,0,0,155,0,0,0,45,0,25,0,0,0,196,67,0,0,108,0,0,0,0,145,0,27,145,0,0,0,108,126,0,0,0,32,0,0,0,99,158,0,0,38,0,0,70,37,68,0,0,116,0,0,51,0,66,49,47,376,39,56,0,75,0,56,47,0,0,419,79,0,0,82,88,61,38,0,81,118,0,132,0,0,336,0,219,47,79,53,67,60,178,0,53,0,0,189,30,0,37,0,0,64,0,0,33,68,0,236,0,0,67,214,0,31,100,95,51,38,142,0,33,166,0,44,157,0,138,0,120,0,46,315,0,74,89,55,73,34,0,0,64,54,0,0,65,0,0,0,49,102,110,0,0,0,0,97,0,0,24,0,64,0,60,41,108,0,52,0,0,75,0,171,222,0,44,86,0,46,0,0,213,172,0,0,0,0,0,0,36,128,0,0,81,68,0,21,191,48,64,0,98,0,94,76,0,39,0,0,0,269,0,50,41,0,0,52,0,0,0,274,0,124,147,90,56,71,79,90,0,0,324,0,159,0,73,0,16,67,0,0,45,0,120,67,34,133,32,110,0,99,0,35,0,0,0,0,0,30,0,70,162,72,0,60,34,0,35,0,0,0,0,0,548,57,39,0,0,0,33,54,83,50,0,34,46,0,0,71,0,0,166,0,0,0,60,0,28,0,0,141,0,0,0,0,27,91,0,0,0,65,0,0,0,0,43,0,22,0,49,0,71,166,134,736,59,48,38,58,141,24,298,0,107,68,27,14,117,94,101,38,74,0,0,82,56,0,76,45,0,30,40,0,107,20,84,0,58,0,20,0,30,33,46,236,0,516,0,0,167,0,0,49,101,0,51,20,331,0,0,69,183,0,0,119,34,0,0,0,108,0,33,159,45,95,0,0,227,53,187,0,172,0,24,33,0,0,62,19,87,0,0,56,0,207,159,0,0,35,26,313,153,0,0,0,0,0,0,409,99,0,0,39,27,21,0,0,0,32,0,0,27,53,0,0,0,23,0,37,0,0,44,0,0,0,368,0,0,0,0,0,0,0,29,255,0,113,118,31,0,42,0,0,0,94,0,41,0,47,206,0,0,16
107,0,0,0,0,0,0,0,0,0,0,0,0,0,0,0,50,0,0,0,0,25,0,0,0,0,0,0,26,0,0,0,0,0,0,0,0,0,0,0,0,0,0,0,0,0,0,0,0,0,0,0,0,39,0,0,0,0,0,0,0,0,0,33,0,0,0,0,0,0,28,0,0,0,0,0,50,0,0,0,0,0,0,0,115,0,0,0,0,0,0,0,0,0,0,0,0,0,0,0,0,0,0,0,0,0,0,0,58,0,0,0,0,0,35,0,0,73,0,0,165,0,0,0,0,0,0,0,0,0,0,0,0,0,0,0,0,0,0,0,0,0,0,54,0,0,0,36,0,74,0,0,54,0,0,38,0,47,0,0,0,0,0,0,0,0,0,0,0,96,40,0,0,0,0,0,0,0,0,0,0,54,0,0,0,0,0,69,0,0,0,0,0,0,54,0,0,0,0,0,0,0,0,0,0,0,0,0,0,61,91,47,0,0,0,0,0,0,0,0,0,99,0,0,0,0,0,43,60,0,0,0,0,0,0,0,0,0,65,0,0,0,0,0,0,0,74,0,0,0,0,0,0,0,33,0,0,0,0,0,54,0,0,0,0,0,0,0,0,62,0,0,49,0,0,0,0,0,0,0,0,0,0,73,0,0,34,191,786,0,37,0,43,0,0,0,0,0,0,0,0,0,0,0,0,32,90,53,0,0,0,0,0,0,0,0,0,37,0,0,0,0,0,0,0,0,0,80,0,0,0,0,0,0,36,0,0,0,0,0,0,22,0,0,0,0,0,0,22,0,0,0,0,0,148,0,0,0,54,33,0,0,0,0,0,0,136,49,0,0,0,0,0,0,0,0,0,0,0,0,0,0,36,0,0,25,0,0,0,0,0,0,155,0,0,0,0,0,0,0,0,0,91,0,0,0,0,0,0,0,0,0,24,0,0,0,40,0,0,37,0,0,0,0,0,0,0,0,0,0,0,0,0,0,0,0,0,31,0,17,0,0,74,0,66,45,0,0,0,0,0,0,47,0,0,0,0,0,0,0,35,0,0,25,0,0,0,0,0,0,0,0,59,0,0,0,0,37,0,0,50,0,0,0,27,0,0,25,0,65,0,0,0,36,0,0,0,0,0,0,0,25,0,0,0,0,115,0,0,0,41,0,0,0,0,0,42,0,0,0,0,0,44,74,0,0,0,0,98,0,0,0,0,0,0,0,0,0,0,0,0,0,0,0,0,0,0,0,0,62,44,26,0,0,0,0,0,0,0,0,67,40,0,0,0,0,0,0,0,0,0,121,0,0,0,0,0,41,0,0,0,60,0,0,132,0,67,93,0,0,0,140,0,29,0,0,0,0,0,0,0,0,0,0,0,0,0,41,0,0,0,0,0,26,0,0,0,0,0,0,0,0,0,0,0,0,0,0,0,0,48,0,0,0,0,0,0,0,0,0,0,0,17,0,0,0,0,0,0,0,38,0,0,0,0,0,57,0,0,0,0,0,0,0,0,0,0,0,0,0,89,0,0,0,77,0,0,0,45,0,0,0,0,0,76,0,0,0,0,0,35,0,0,0,0,0,77,0,0,0,0,0,0,0,0,0,0,0,81,0,0,0,46,0,0,0,0,0,0,37,0,0,0,603,0,103,0,0,0,0,0,0,0,0,0,0,0,0,0,0,0,0,90,47,0,0,0,0,44,0,0,0,0,0,28,0,0,0,0,0,0,29,0,0,0,0,0,0,0,0,40,0,0,0,0,0,0,0,0,0,0,0,0,0,0,0,0,0,38,0,0,0,0,0,0,0,0,0,0,0,0,0,0,0,39,0,0,0,38,0,0,0,0,68,0,37,0,0,0,0,0,0,26,0,0,0,62,0,0,0,0,0,0,0,0,0,0,0,0,0,0,0,47,0,55,0,0,0,0,0,0,0,42,0,0,0,186,0,31,0,0,0,0,0,0,0,0,0,0,0,0,0,0,0,0,0,0,0,0,0,0,0,0,0,0,0,0,0,0,0,0,0,0,0,0,41,88,0,0,0,0,0,0,0,0,0,0,115,141,0,0,0,0,0,0,119,46,0,132,0,0,37,0,0,0,0,0,0,0,0,0,0,0,0,0,0,0,0,63,0,0,0,0,0,0,0,0,0,0,0,0,0,0,70,0,0,30,0,0,0,0,0,0,55,0,0,0,0,0,58,0,0,0,131,0,0,0,0,0,0,0,0,0,0,0,0,22,0,211,0,152,17,0,0,0,0,0,0,0,0,0,0,0,0,0,135,0,0,84,34,0,0,0,84,0,0,61,0,0,63,0,0,0,19,0,0,44,0,35,0,0,0,0,0,0,0,0,33,51,0,54,0,0,0,0,0,30,0,0,0,0,0,0,0,0,0,0,0,0,80,0,53,0,0,0,0,327,0,0,0,0,0,0,44,0,0,0,0,0,0,0,0,0,0,99,0,0,0,48,0,0,67,0,0,0,0,0,0,0,0,0,0,0,0,0,0,0,0,0,0,0,90,0,71,0,0,69,0,0,191,0,58,0,0,0,0,0,0,0,37,0,0,64,0,0,0,0,0,0,0,0,0,0,0,0,0,0,127,0,0,0,0,0,0,56,0,0,0,34,0,0,0,0,0,142,0,0,0,0,0,57,0,0,0,0,0,0,68,0,0,0,0,0,0,0,0,68,0,0,0,0,292,57,0,22,0,0,0,0,0,0,0,0,0,0,0,0,0,0,0,0,0,0,0,91,0,0,0,0,0,0,0,0,0,0,0,0,0,0,0,0,0,0,0,0,0,0,0,0,0,0,0,0,0,0,0,0,0,0,0,0,0,0,0,0,0,0,0,0,0,0,0,0,0,0,0,0,0,0,0,108,62,0,0,0,0,0,0,0,0,0,0,0,0,0,0,0,0,0,0,0,0,0,0,0,0,0,0,0,0,0,0,0,0,0,25,0,0,0,0,0,0,0,0,0,0,0,0,0,0,0,0,0,459,0,0,0,0,0,0,82,0,0,0,0,0,0,0,0,0,0,0,0,0,0,0,0,0,0,0,0,39,0,0,0,0,0,0,0,0,0,0,0,44,0,0,0,21,0,0,0,0,0,0,0,0,0,0,0,0,0,0,0,0,0,0,0,0,0,0,0,95,71,0,0,0,0,0,0,0,51,0,0,0,0,0,0,95,0,0,0,0,0,0,0,0,35,0,0,0,0,0,0,34,0,0,0,0,0,0,0,0,0,0,0,0,79,0,0,0,0,0,31,0,0,0,0,0,0,83,0,0,0,0,0,0,0,0,0,92,0,0,0,0,0,0,0,0,0,0,0,0,0,0,0,0,0,0,0,0,0,0,0,0,33,0,0,0,0,0,0,0,0,0,0,0,0,0,0,0,0,0,0,0,0,0,0,0,0,0,0,0,0,0,0,0,0,0,0,0,0,0,0,0,0,0,0,0,0,0,0,0,0,0,0,0,0,0,0,0,0,0,0,63,0,0,0,0,0,0,0,0,0,0,0,0,0,0,0,0,0,0,0,0,0,0,0,55,0,0,0,26,0,0,0,0,0,0,0,0,0,0,0,0,0,0,80,0,0,0,0,0,0,0,0,0,0,0,0,0,0,0,0,0,0,0,0,0,0,0,0,5,0,0,0,0,0,0,0,0,0,0,61,0,0,0,0,0,0,0,0,0,0,0,0,0,0,0,0,0,0,0,0,0,0,0,0,0,0,0,0,0,0,0,0,0,0,0,0,0,0,0,54,0,0,0,0,0,0,0,0,0,0,0,0,49,0,0,0,0,0,0,0,0,0,0,0,0,0,0,0,56,0,0,0,0,0,0,0,0,0,0,0,0,0,77,0,0,49,0,0,0,32,0,0,0,0,0,0,0,0,0,0,0,0,0,0,0,0,0,0,0,27,0,0,0,0,0,0,0,0,0,0,0,0,34,0,0,0,0,0,0,0,0,0,0,0,0,0,0,47,0,0,0,0,0,35,0,0,0,0,0,0,0,0,0,0,0,0,0,0,0,0,0,0,0,0,0,0,0,95,0,0,0,0,0,0,0,0,0,0,0,0,0,0,0,0,0,0,0,0,0,0,0,0,0,0,0,0,0,0,0,0,0,0,0,0,0,0,0,0,0,0,0,0,0,0,0,0,0,0,0,0,0,0,0,0,0,0,0,0,0,0,0,0,35,0,0,0,0,0,0,0,0,0,0,0,0,0,39,0,0,0,109,0,0,0,0,0,0,0,0,0,0,0,0,0,0,0,0,0,0,0,0,0,0,97,0,0,0,0,0,0,35,0,31,0,0,0,0,0,0,0,0,0,0,0,0,0,0,0,0,0,0,0,80,0,0,55,0,0,0,0,0,0,0,0,0,121,0,0,0,0,0,0,0,0,0,0,0,0,0,0,0,0,0,0,0,0,0,0,0,59,0,0,164,0,0,0,27,34,0,0,0,0,0,0,0,0,59,0,0,106,0,0,0,0,0,0,0,0,0,0,0,0,0,0,119,0,0,0,0,0,0,0,0,0,0,110,51,0,0,0,0,0,0,0,58,292,0,0,0,0,0,0,0,0,0,156,0,0,25,0,0,0,0,0,0,0,0,0,0,0,0,0,0,0,0,0,0,0,0,0,0,0,43,0,0,0,0,0,36,0,0,0,139,0,0,0,349,0,0,0,0,0,0,0,0,0,0,0,0,0,0,0,0,0,0,0,0,0,0,0,22,0,0,0,48,0,0,0,0,0,29,0,0,0,145,0,0,0,75,0,30,50,38,0,0,0,0,0,0,0,0,0,0,47,0,0,0,0,0,0,0,0,0,0,0,39,0,0,56,0,0,0,0,13,0,0,0,0,61,18,0,0,0,0,0,0,0,0,0,0,87,0,0,0,0,27,0,0,0,0,0,0,0,0,0,0,0,0,36,0,0,0,0,0,0,0,0,0,0,0,165,0,0,0,0,86,0,0,0,0,0,0,0,146,0,0,0,0,0,0,0,0,114,0,0,85,0,0,0,0,0,0,78,40,0,0,0,0,0,0,0,0,0,0,0,98,0,46,0,0,0,0,24,31,0,0,0,0,0,0,0,122,0,0,0,0,95,0,45,150,0,40,0,0,11,0,0,0,56,48,0,0,70,0,0,0,0,0,0,0,0,0,0,0,0,0,0,39,0,0,44,0,0,0,0,0,0,0,0,0,0,0,0,0,0,0,0,0,0,0,0,0,144,0,0,0,0,0,0,0,0,0,0,79,0,0,0,0,39,0,0,0,0,0,70,0,0,0,0,0,0,0,0,0,0,0,31,0,0,0,0,0,120,0,0,0,0,0,0,44,0,40,0,67,0,0,0,32,0,64,0,0,0,82,0,0,46,0,0,0,0,0,0,51,32,0,0,0,115,13,0,0,0,0,0,0,0,0,0,0,0,0,0,0,0,0,0,0,0,42,0,34,0,0,0,23,0,0,0,0,0,0,0,50,0,0,0,0,0,0,0,0,47,0,0,0,0,135,0,0,0,0,0,0,0,0,0,0,0,0,0,0,0,0,0,0,0,0,0,48,36,0,0,0,0,0,0,0,0,0,154,98,0,0,0,0,0,0,0,24,0,25,0,49,0,47,0,0,0,0,0,0,0,0,0,0,0,0,0,75,0,0,0,0,0,0,41,0,0,0,0,0,0,0,0,0,0,0,0,0,143,0,0,0,0,0,0,0,0,0,0,0,0,0,0,0,0,0,0,0,0,0,0,0,0,0,41,0,0,0,0,0,0,0,0,0,0,27,0,0,0,0,0,0,0,0,20,0,0,0,0,0,0,0,0,116,0,0,0,0,36,32,0,0,0,0,0,0,0,0,101,0,142,0,68,0,0,0,75,0,0,0,0,0,0,0,0,0,0,0,0,0,0,10,0,0,0,0,0,0,0,0,45,0,0,0,42,0,0,0,0,0,139,0,56,0,0,0,0,0,0,0,0,0,0,0,0,0,0,0,0,0,0,0,0,0,0,63,70,0,0,0,0,35,0,0,0,0,0,0,0,0,0,0,0,0,0,0,0,0,0,0,0,49,0,0,0,0,0,0,0,0,0,0,0,0,25,81,0,0,0,0,0,0,0,11,0,39,0,0,0,0,0,0,0,0,0,0,0,0,0,0,0,0,0,0,0,0,0,0,0,62,0,0,0,0,0,0,0,32,33,0,0,0,0,0,0,0,0,0,65,0,0,0,32,64,0,0,0,0,12,0,0,0,0,0,0,0,114,33,0,0,0,0,0,0,0,0,0,0,59,0,0,0,0,0,0,0,0,41,0,0,0,0,0,147,0,0,85,0,60,0,0,0,0,0,0,0,0,30,0,29,0,0,0,0,0,0,0,0,0,0,0,0,0,0,0,0,0,0,100,159,0,0,0,0,41,0,0,0,0,0,0,0,0,71,0,34,0,0,0,0,0,0,56,0,0,0,0,0,44,0,0,0,17,0,0,0,0,0,0,0,0,80,0,0,0,0,0,0,0,0,0,0,104,0,0,0,0,0,0,0,0,0,0,0,0,0,0,0,0,146,0,0,45,0,125,0,0,0,0,0,0,0,0,0,104,0,0,0,0,46,22,0,0,52,0,0,0,0,0,0,0,0,0,0,0,0,0,0,0,0,0,0,0,0,0,0,0,0,0,0,0,0,0,31,0,0,33,0,0,0,0,0,0,0,0,0,0,0,0,0,0,0,58,90,0,0,0,0,0,0,0,0,0,0,55,0,0,0
108,0,49,0,58,68,142,26,0,242,0,618,68,45,43,298,89,308,40,66,31,427,102,165,202,186,0,32,216,49,0,45,36,0,94,282,286,0,217,406,299,89,66,45,614,0,100,46,813,0,206,58,254,169,54,695,0,44,0,54,0,254,275,599,51,81,86,67,0,0,549,0,117,56,0,446,284,55,727,74,225,46,76,386,466,151,41,0,109,119,938,124,111,278,239,34,88,0,91,75,0,32,0,222,48,31,126,33,165,88,389,38,0,219,122,97,71,313,54,28,528,45,541,98,86,60,54,67,278,61,225,0,543,89,164,94,386,146,81,94,240,119,251,340,0,40,82,103,139,237,23,62,315,78,439,146,0,175,62,275,329,100,46,279,100,163,73,36,169,541,261,257,76,172,0,135,77,76,357,186,66,413,0,93,66,83,124,597,428,0,0,0,211,144,268,0,131,0,42,346,51,134,268,78,901,74,80,45,80,124,302,242,95,128,83,262,46,98,48,81,178,203,72,28,532,0,0,162,382,0,138,0,0,66,34,0,64,158,534,102,33,151,50,142,73,0,278,0,95,0,86,96,498,74,154,71,158,0,83,119,559,255,174,38,60,0,37,768,279,737,57,42,179,493,162,121,101,60,715,662,163,0,136,495,184,122,52,675,2183,149,0,83,789,62,31,99,55,115,155,131,110,53,120,62,0,401,320,235,30,292,197,876,176,0,0,103,217,390,220,79,99,105,35,56,235,303,85,140,0,54,685,0,165,99,149,95,0,0,0,126,0,119,14,153,277,48,0,59,240,2295,295,160,80,376,386,56,221,183,249,393,104,184,244,45,256,228,571,164,129,51,227,59,101,99,267,209,285,0,0,491,114,73,51,0,56,666,83,151,200,0,84,81,647,72,155,106,870,53,242,265,32,77,255,0,92,293,95,0,211,54,252,0,81,68,0,0,234,166,381,592,0,163,212,91,74,287,141,105,315,110,0,74,141,66,391,41,106,102,45,190,0,38,561,403,510,134,528,87,0,63,65,0,229,0,258,0,161,150,0,0,232,90,230,417,64,50,58,175,78,0,132,100,424,195,95,129,380,255,551,196,155,68,152,570,278,0,0,62,264,377,397,165,0,487,84,233,480,312,231,86,0,413,31,2188,186,132,104,176,147,0,184,47,39,99,0,62,313,196,120,264,201,113,236,619,144,45,76,114,410,52,151,0,0,51,146,193,59,0,0,301,78,393,609,80,23,0,392,68,104,702,186,243,76,200,106,81,0,61,108,68,291,402,0,77,165,450,123,0,38,89,271,247,0,0,80,55,0,438,76,0,234,154,86,0,415,58,203,602,116,79,88,1119,0,200,29,25,0,301,31,164,78,69,93,145,79,313,84,252,106,124,0,0,295,318,187,32,75,238,0,207,63,82,0,0,137,0,66,123,0,213,251,35,68,86,0,64,92,186,0,0,0,27,296,0,0,630,0,207,0,438,413,0,0,222,862,0,77,128,40,238,59,140,108,0,88,254,167,186,41,101,539,0,166,0,649,78,220,142,367,68,0,0,42,181,86,38,94,0,191,0,201,32,160,23,0,73,511,0,631,0,0,102,0,181,0,69,86,51,237,73,29,251,647,30,53,28,0,101,106,174,547,279,120,500,687,503,140,215,0,0,106,217,70,0,157,0,0,90,613,70,354,73,384,193,0,167,81,39,236,0,51,176,0,47,214,25,0,68,29,39,86,243,59,84,26,57,0,154,0,339,319,150,116,64,45,563,114,0,33,86,282,45,187,48,0,0,81,164,66,413,0,0,79,42,0,0,0,96,134,147,103,37,66,124,225,87,200,114,295,0,112,57,419,605,92,490,37,75,0,143,374,0,567,80,68,51,109,98,41,89,461,0,0,179,0,0,157,214,0,22,13,40,891,46,467,71,0,229,169,0,307,0,256,29,0,0,1059,284,101,619,96,34,65,147,53,0,45,0,62,36,0,55,48,93,434,283,61,28,0,84,114,196,362,67,0,197,26,144,0,38,141,423,75,117,179,240,672,96,0,59,143,386,0,92,0,0,49,240,248,535,230,31,118,66,92,724,166,147,163,0,221,222,147,28,0,176,69,41,75,180,79,64,71,36,109,121,77,155,299,55,45,197,36,108,68,310,0,25,100,0,134,21,179,121,119,0,136,84,825,0,0,57,0,119,148,253,0,226,167,418,81,49,0,463,168,87,25,615,60,0,144,327,0,0,107,161,849,86,372,0,2287,48,83,132,62,0,0,0,0,105,32,52,230,0,35,424,102,119,311,270,116,96,0,199,97,296,886,618,107,177,0,72,105,0,101,0,424,76,126,0,0,70,61,0,34,375,0,482,856,134,127,137,187,174,147,43,475,192,94,0,58,0,49,69,999,0,231,121,173,128,0,566,177,126,101,841,912,142,282,0,354,175,114,251,57,152,44,129,0,0,0,93,0,40,1043,52,0,76,132,44,95,158,105,194,124,0,79,122,0,51,65,60,246,0,88,105,210,29,0,104,123,237,168,471,0,71,940,110,0,606,105,211,323,49,84,0,97,81,59,627,0,0,272,967,0,38,0,200,227,0,129,0,172,57,24,0,107,212,159,115,124,126,105,182,399,0,64,107,537,121,76,233,520,340,361,166,90,40,286,41,191,38,49,118,376,0,0,410,96,95,52,71,0,0,48,134,796,37,43,0,0,630,205,0,513,80,61,104,0,46,0,79,117,129,308,0,79,279,45,0,912,65,56,116,195,68,175,95,42,206,102,0,54,158,50,38,65,31,0,344,0,0,84,204,137,69,91,59,0,116,44,130,72,141,190,0,108,0,229,16,77,0,74,46,151,0,102,0,30,128,0,108,152,100,256,38,0,124,87,208,415,269,0,57,34,53,446,97,56,0,98,200,0,73,199,53,0,52,133,0,129,81,108,149,0,0,64,51,51,285,48,448,118,0,65,222,123,109,307,264,51,39,201,42,171,57,69,413,246,57,187,58,0,2382,96,270,0,147,86,0,814,0,70,110,49,188,42,150,92,0,28,41,101,65,113,434,34,0,0,299,30,158,0,237,190,0,42,49,81,65,93,34,99,221,41,0,66,1524,771,0,473,96,67,141,325,51,0,0,43,500,83,0,91,81,0,499,67,138,172,527,0,417,166,0,174,45,13,49,0,30,365,81,67,249,101,250,149,438,44,445,29,72,412,0,63,241,66,100,155,105,0,91,102,160,271,71,203,270,37,573,381,122,167,245,92,47,255,55,0,349,0,0,339,0,75,48,355,21,93,144,198,121,0,371,198,168,219,201,0,171,143,0,32,59,79,161,42,61,162,153,27,195,174,129,239,97,114,66,45,269,123,112,60,631,443,114,141,43,110,0,0,39,218,85,180,296,0,0,110,329,30,53,0,55,0,48,0,0,132,187,103,0,0,86,75,129,48,51,117,37,51,290,0,46,0,93,115,0,174,0,61,0,68,0,0,165,60,58,0,205,149,26,40,108,203,114,63,291,228,53,0,38,29,539,0,757,0,63,84,137,0,89,102,675,46,0,88,810,0,0,161,156,0,119,109,397,0,107,118,117,86,0,0,193,0,88,563,0,116,55,43,0,0,48,47,81,229,39,348,0,40,0,29,0,165,0,0,141,417,140,0,100,114,0,41,0,168,205,119,51,53,72,203,0,0,137,69,65,131,0,334,279,68,115,115,84,87,0,0,68,125,139,126,161,69,188,662,120,64,76,83,465,0,41,65,64,282,0,80,32,0,65,429,46,100,28,25,338,99,144,76,67,0,218,0,476,0,0,0,614,0,417,0,103,160,0,75,362,37,367,51,79,25,49,121,122,271,0,152,30,0,65,61,0,231,155,0,0,419,47,0,54,176,192,74,0,129,129,70,48,0,114,0,182,65,263,1109,166,147,0,0,71,139,76,150,130,0,0,78,0,64,288,25,0,52,318,0,430,0,25,38,0,133,254,170,126,51,0,809,49,993,0,26,72,89,24,182,0,86,156,89,59,0,60,32,91,0,143,38,37,975,64,125,0,0,0,93,69,168,0,852,0,136,56,0,81,184,84,0,599,306,39,83,96,55,80,124,120,31,130,75,98,35,0,169,128,140,52,176,0,31,788,0,146,77,85,116,245,301,64,220,92,85,49,0,35,178,124,205,118,246,28,105,87,0,0,93,45,107,53,0,57,68,199,155,439,78,0,52,81,0,0,39,165,45,183,117,677,102,52,110,74,51,817,63,59,216,235,0,792,263,0,70,73,247,179,50,0,355,0,108,42,55,0,100,141,342,46,55,0,336,70,166,188,171,150,33,0,126,388,0,0,192,96,33,44,103,59,364,349,114,202,136,49,0,662,0,75,394,80,47,0,20,164,107,0,408,155,591,0,116,62,121,0,61,314,0,289,78,57,252,200,92,193,425,154,180,0,90,83,263,415,191,181,162,536,48,0,244,261,322,0,460,238,63,73,0,48,41,573,450,269,589,94,0,114,0,0,0,89,0,0,141,0,312,0,0,550,48,0,0,0,97,239,40,69,260,69,410,333,39,62,397,75,0,0,21,461,1100,0,184,0,0,55,0,263,97,184,457,109,200,187,92,44,69,0,0,289,207,514,0,99,45,222,334,153,226,51,0,219,29,304,0,253,0,116,35,126,44,38,209,399,0,20,142,601,105,67,41,2235,26,109,0,0,14,0,459,146,57,106,879,0,0,53,23,0,174,179,58,47,78,188,71,191,117,41,277,505,78,179,46,125,0,0,78,361,222,364,42,48,641,115,310,133,49,79,93,101,0,0,26,0,84,65,173,206,275,240,75,50,0,185,272,80,0,89,0,122,238,75,112,89,31,0,0,0,132,66,68,702,309,462,162,0,0,0,0,67,97,39,0,135,233,816,87,460,117,168,240,41,92,0,56,64,60,0,45,48,119,23,817,432,0,66,184,0,60,0,0,42,56,241,109,996,94,0,113,75,246,100,0,213,174,48,109,0,372,44,97,46,0,211,112,27,130,381,72,495,99,58,74,189,123,82,0,244,116,0,224,0,13,240,98,57,60,158,0,0,1598,0,231,36,66,125,47,92,187,35,0,70,0,34,66,68,115,0,134,42,69,951,88,121,158,56,65,0,54,74,0,60,0,27,152,119,283,224,151,0,0,0,47,123,94,137,84,0,130,96,121,0,304,71,68,326,0,0,134,147,0,100,164,278,0,69,110,92,0,0,0,39,104,33,135,227,0,484,423,54,56,0,56,432,38,108,148,46,172,63,288,90,128,399,0,121,105,57,119,146,225,327,188,134,0,0,220,183,30,0,98,190,0,68,149,304,125,1260,92,0,87,178,44,177,218,95,468,50,346,0,41,0,161,0,466,519,81,32,178,0,0,141,0,51,35,32,0,0,40,235,121,110,61,359,226,0,0,0,43,42,112,104,0,47,80,0,94,2434,33,0,772,48,107,0,289,0,399,145,0,394,138,30,0,359,0,26,302,0,462,174,89,78,0,64,34,0,41,1005,113,26,0,0,335,0,188,137,281,246,0,0,61,50,232,44,0,658,0,40,48,0,387,160,231,133,47,477,48,63,95,0,42,85,52,302,27,1149,158,35,88,62,268,122,0,156,68,74,253,199,130,0,69,83,88,0,32,31,0,54,0,71,187,139,98,0,500,64,5,105,41,0,89,137,0,114,83,482,60,57,0,270,122,114,0,0,135,1174,105,0,0,207,0,73,38,48,185,64,145,124,0,115,55,111,482,0,27,0,33,117,30,0,156,114,58,0,67,0,106,118,101,257,51,36,150,0,102,167,51,115,159,63,370,271,74,0,203,37,36,119,82,147,382,185,0,0,288,95,45,124,0,53,95,55,150,0,66,875,165,348,83,104,194,152,306,254,0,184,150,37,247,94,117,70,0,552,82,79,0,26,61,0,382,0,44,48,1264,0,57,144,156,78,102,325,0,172,301,62,122,1319,74,654,41,332,0,102,413,49,143,110,134,140,137,38,0,242,125,0,264,142,0,70,0,264,56,143,23,196,107,33,152,25,0,69,81,46,45,72,366,135,84,89,0,22,193,0,131,391,89,72,179,0,30,40,100,143,322,0,0,140,335,0,43,74,164,56,0,88,156,31,0,242,104,87,113,227,212,247,121,0,63,0,0,0,282,0,85,82,0,119,141,0,30,0,272,45,206,183,144,158,209,138,99,0,0,556,79,546,0,101,54,18,90,0,0,89,0,498,160,71,154,90,185,0,115,0,90,72,63,55,34,35,0,54,108,315,257,72,51,38,0,174,189,0,0,67,64,592,56,84,0,0,59,101,82,108,173,40,163,42,87,196,312,59,36,519,81,116,71,106,135,40,0,0,397,0,80,0,69,57,107,57,0,44,115,83,0,61,74,65,62,164,0,61,27,103,310,560,1628,52,126,58,233,343,73,238,40,122,101,168,25,203,287,197,114,104,69,0,127,99,0,230,294,0,71,155,168,190,37,209,48,303,85,44,27,55,44,151,285,0,997,195,0,355,0,0,27,129,0,90,52,588,17,0,102,226,0,0,172,66,0,97,0,181,0,152,175,184,549,153,0,276,87,332,0,135,0,117,0,0,0,280,80,318,0,57,105,0,144,285,0,44,174,78,225,451,0,51,79,56,47,0,838,161,0,23,89,245,50,41,0,38,104,0,113,55,132,95,0,86,0,0,373,69,0,145,87,113,0,685,53,0,44,0,0,0,0,43,306,0,116,228,166,54,100,65,0,43,131,108,87,0,132,554,78,46,39
109,0,0,0,54,80,156,0,0,177,0,422,30,37,0,248,246,306,0,63,0,266,75,114,0,206,0,0,96,0,51,0,46,0,82,239,67,0,154,29,194,112,59,0,399,0,97,48,700,0,27,66,140,162,29,342,29,35,0,0,0,199,138,116,46,43,118,44,48,46,364,0,55,0,0,278,261,0,590,0,281,0,0,217,363,66,25,0,129,47,427,51,0,128,211,48,45,0,0,49,0,40,43,242,45,37,74,35,100,103,292,45,63,150,167,41,27,208,57,0,230,0,323,88,0,62,66,54,172,43,160,0,426,0,128,73,154,118,78,79,167,123,70,244,0,0,78,66,57,95,0,0,151,74,227,154,0,74,0,236,72,69,0,196,79,78,92,24,190,273,164,225,66,150,0,133,59,96,183,103,47,260,0,64,75,49,81,383,364,0,0,0,192,114,174,0,147,0,0,249,41,106,140,38,558,40,0,28,59,152,152,106,54,112,53,134,0,76,0,59,307,328,59,0,392,0,0,117,438,23,171,40,0,53,0,0,0,96,336,78,0,198,77,122,89,0,192,0,47,0,75,77,340,129,177,68,153,0,37,137,479,291,85,84,40,0,40,462,148,612,65,43,170,371,148,120,63,39,757,257,0,0,119,238,100,105,56,452,3031,90,101,67,384,55,0,0,55,95,182,71,59,37,97,41,42,480,381,261,0,170,122,1254,100,30,33,66,188,173,154,72,87,69,0,115,181,165,51,127,0,41,994,0,115,141,151,107,0,0,53,91,42,140,39,76,362,76,27,45,137,909,198,122,35,497,764,0,143,89,430,261,142,65,165,0,106,355,647,324,90,0,375,75,68,56,180,244,270,0,0,231,130,43,42,0,79,528,87,171,277,0,0,0,903,46,141,70,581,96,195,157,0,0,215,27,64,118,50,64,66,64,132,0,125,46,0,0,367,154,566,382,0,201,144,85,77,162,230,0,236,38,0,0,141,0,94,0,77,107,59,314,0,67,409,257,249,168,344,115,74,53,0,0,182,0,126,62,136,70,0,0,258,47,259,279,67,0,63,138,45,60,52,40,389,282,53,94,524,549,320,301,109,0,323,154,209,0,0,99,218,401,289,151,76,338,22,195,288,227,88,99,0,283,0,693,62,146,188,286,146,0,104,59,0,56,47,0,258,64,98,204,126,123,272,609,122,0,103,100,372,0,70,30,0,31,180,96,0,0,0,142,61,262,728,37,77,0,124,0,112,445,116,217,53,85,132,75,21,78,124,71,318,548,0,131,112,623,79,0,0,148,368,129,82,0,0,29,26,151,0,67,234,406,164,30,523,0,250,479,64,29,0,753,0,128,39,58,44,208,0,120,48,0,63,142,100,283,68,0,0,42,0,0,343,550,94,43,82,93,0,69,0,36,0,38,52,0,101,65,0,225,152,0,0,37,33,51,39,104,0,0,0,27,94,0,0,101,0,0,71,215,193,49,0,25,327,0,80,0,94,139,244,45,70,36,0,134,0,116,25,57,352,45,156,42,95,69,33,128,491,78,0,56,65,123,97,19,76,60,284,0,219,32,43,0,69,36,58,0,527,0,25,105,0,197,224,34,0,147,158,55,48,261,259,0,0,0,0,61,274,114,116,77,120,695,220,264,85,120,0,0,157,135,0,47,114,0,0,0,74,94,291,33,1619,125,0,97,43,0,158,0,0,102,107,27,173,54,0,60,0,0,0,82,0,39,0,170,0,68,0,113,133,232,60,41,65,101,0,46,65,76,150,84,226,0,0,0,221,97,167,510,0,0,65,56,0,91,0,60,27,0,161,104,0,0,332,63,194,116,166,0,114,0,103,121,0,296,0,58,49,75,205,0,401,0,50,45,92,68,0,360,131,0,58,0,38,0,137,123,0,0,0,63,311,0,184,143,0,86,0,36,168,0,66,53,0,0,690,274,115,402,0,57,0,290,47,141,0,0,65,36,0,53,0,26,195,258,0,0,0,66,0,86,0,35,140,123,0,99,0,54,45,85,34,0,287,93,419,0,0,0,134,305,0,95,0,56,75,148,218,335,113,78,138,41,68,567,84,166,72,0,108,258,57,0,40,51,88,37,38,129,103,73,56,25,65,47,139,134,156,0,55,83,33,209,0,373,0,55,59,63,53,0,82,209,108,0,116,0,681,0,65,86,37,90,226,101,0,151,81,397,0,0,0,435,67,0,0,294,35,0,0,238,0,15,116,223,583,115,782,0,1387,195,50,136,88,32,42,0,0,59,86,0,156,0,0,359,102,170,366,338,52,53,0,168,0,280,1240,190,91,152,0,55,54,48,121,0,240,56,81,0,0,147,0,0,37,347,0,211,772,110,98,80,173,153,85,49,198,143,0,0,81,0,132,113,714,0,65,0,207,90,0,231,72,86,125,446,428,126,299,0,186,144,0,132,38,80,0,92,0,0,0,98,0,66,441,0,0,78,87,92,0,208,79,136,182,29,79,79,0,82,109,0,231,0,0,98,153,0,0,130,64,152,168,327,28,0,321,57,0,321,74,69,329,49,87,0,64,203,49,200,0,0,297,612,0,0,0,170,108,0,105,0,92,0,32,0,56,211,118,50,68,87,236,182,128,0,69,102,402,118,0,101,159,275,175,122,142,0,198,63,102,35,0,83,327,0,48,304,193,0,50,41,0,34,70,276,413,70,33,185,0,243,186,0,356,33,0,29,0,45,0,65,53,72,163,0,94,263,58,0,798,0,33,98,132,57,100,52,59,113,83,0,54,90,0,0,62,0,0,206,0,0,65,163,0,56,85,0,0,85,0,224,0,87,61,48,110,0,184,0,27,29,92,28,108,0,165,0,0,173,0,67,0,43,117,0,0,38,0,161,262,176,0,52,0,42,507,67,0,0,217,27,47,39,108,121,0,68,90,0,163,62,31,103,0,0,54,49,42,143,35,279,62,30,0,235,85,58,217,39,0,0,61,0,154,25,0,100,145,72,343,58,0,718,43,228,0,171,77,65,544,0,93,93,0,122,0,284,68,0,0,32,85,0,53,61,29,57,0,180,0,122,0,253,38,0,44,43,0,41,0,0,54,148,34,0,45,1897,409,64,264,57,87,146,486,67,0,0,0,329,37,77,64,0,0,333,0,141,79,273,0,355,102,0,82,46,0,67,0,0,109,107,0,59,0,123,0,272,0,228,33,62,196,0,62,107,47,95,128,82,0,49,75,97,199,41,249,159,0,344,293,56,187,152,122,0,135,61,0,391,0,0,51,0,0,29,361,0,90,129,93,113,46,55,0,127,140,130,0,106,189,0,32,98,0,119,58,40,88,151,0,218,102,163,285,77,99,62,0,143,64,51,0,332,489,185,88,55,107,74,0,51,286,32,128,260,0,0,34,130,57,55,112,0,0,0,0,0,140,100,51,0,37,133,70,174,33,0,0,0,56,226,0,0,0,90,79,30,117,112,32,0,51,0,0,179,61,192,0,39,190,0,30,188,86,49,0,156,52,186,0,0,0,711,0,261,31,0,66,65,0,66,0,440,0,74,235,367,0,0,174,134,0,128,170,258,0,50,144,100,0,61,0,219,0,37,413,0,108,76,39,55,57,0,58,0,182,59,186,29,0,0,0,0,88,0,68,257,382,99,0,66,102,0,108,0,55,146,74,0,54,0,668,53,0,41,0,49,110,37,396,118,54,128,83,59,200,54,0,52,80,45,28,85,54,0,143,105,37,0,122,484,26,0,122,0,311,13,0,0,28,0,273,82,50,24,0,331,0,73,41,0,0,143,0,228,0,0,0,49,28,269,53,133,49,0,125,265,18,45,0,130,69,127,31,125,248,0,0,0,94,0,90,53,69,321,0,0,610,0,0,0,120,123,0,0,217,73,42,53,22,0,0,207,65,364,423,0,152,54,0,50,104,0,34,44,0,0,69,0,52,197,0,0,87,71,25,103,28,48,32,0,362,356,52,107,53,65,273,107,517,0,0,0,197,0,326,40,48,120,136,55,0,68,0,0,0,50,0,0,655,127,41,0,0,0,0,83,118,0,1040,0,67,153,0,0,38,18,0,108,105,0,168,0,74,116,152,176,0,190,107,98,45,0,95,111,97,33,145,0,0,560,0,76,0,113,134,677,210,41,459,49,68,32,0,53,316,367,71,111,219,51,126,59,0,0,18,40,64,0,35,126,92,103,272,180,196,70,119,62,39,40,0,203,0,65,103,160,36,43,63,78,52,867,105,64,118,196,0,219,71,0,0,67,248,0,122,0,203,59,65,0,50,42,125,87,94,37,0,0,268,100,86,295,178,129,0,0,79,290,0,0,127,118,29,0,31,100,263,377,0,116,113,0,0,1174,28,0,617,118,17,0,76,120,143,15,372,120,341,0,222,60,0,39,0,198,51,45,142,83,91,183,87,114,218,184,152,0,24,54,47,450,129,131,0,651,0,0,312,62,204,0,486,216,107,0,0,38,59,469,211,128,283,43,0,47,57,0,0,153,0,0,185,0,257,0,36,157,84,0,0,0,91,96,0,0,231,91,523,125,0,0,430,0,0,0,0,203,1250,0,66,0,102,64,0,192,74,198,517,81,109,102,113,0,0,0,53,197,228,94,0,41,31,155,0,51,91,0,26,222,0,104,0,96,48,153,0,117,0,39,103,130,0,0,102,182,48,140,29,970,22,0,0,0,0,0,64,172,127,100,232,28,0,58,0,50,209,69,88,73,46,152,87,65,147,0,247,155,17,154,0,0,95,256,70,294,102,250,103,46,828,235,46,130,202,99,72,75,73,0,0,21,60,76,74,50,285,177,0,21,0,161,118,58,0,0,0,138,120,0,120,354,0,0,34,0,128,33,197,640,264,479,106,0,52,48,37,134,56,0,0,239,203,724,89,382,155,134,185,50,69,0,45,51,101,0,46,51,188,0,159,500,0,143,270,0,98,0,0,117,37,147,174,661,55,0,101,49,452,199,0,193,37,44,64,0,416,0,86,31,0,177,63,0,111,397,86,517,268,50,82,237,102,0,44,211,116,0,89,91,0,0,0,78,87,173,39,0,834,0,186,29,58,103,0,100,270,0,0,56,46,0,124,43,439,38,119,34,68,614,75,156,517,47,127,0,54,73,49,79,0,154,159,151,525,279,192,0,17,100,0,100,0,79,54,0,104,142,85,0,170,98,64,291,33,0,245,151,15,48,130,342,22,43,119,0,50,51,0,0,75,48,187,214,0,388,174,45,0,0,0,68,0,97,225,0,333,97,205,113,113,291,40,206,131,74,145,216,42,392,333,175,39,0,205,169,43,0,43,84,0,49,100,81,55,869,81,0,0,108,47,170,333,108,367,0,280,0,88,0,95,0,406,172,83,0,458,0,0,122,87,73,102,46,0,26,328,180,85,84,80,575,136,0,0,0,30,50,303,0,0,0,50,0,49,1516,0,0,328,110,151,0,508,52,505,37,0,361,218,0,67,31,0,0,187,62,269,130,190,75,87,43,0,35,0,1079,62,0,0,0,692,0,154,193,130,164,0,30,58,93,111,41,0,294,0,44,94,56,360,105,354,171,139,132,0,42,94,114,30,70,58,143,0,474,335,66,52,0,271,115,65,129,102,70,216,353,100,44,130,0,65,32,86,174,56,52,0,42,175,85,114,31,934,58,0,304,46,0,116,454,0,75,152,45,0,66,0,188,123,81,0,0,176,1233,112,0,29,194,0,52,30,112,444,64,105,134,71,104,63,42,53,59,0,0,22,0,52,0,197,143,50,128,41,0,142,51,99,87,51,0,575,0,0,206,90,0,55,79,326,198,298,58,78,0,70,75,75,63,513,70,0,0,278,164,210,57,45,162,166,93,166,58,0,992,162,745,92,256,143,355,89,354,0,0,120,81,69,71,71,61,0,798,70,133,0,69,35,0,377,0,59,117,458,0,61,435,56,92,59,291,24,81,197,141,74,1443,0,895,119,105,40,98,99,59,78,160,199,90,81,0,52,0,28,48,77,110,0,161,0,79,258,159,0,139,0,0,305,0,35,108,49,73,0,66,168,396,0,141,0,0,34,0,109,369,61,55,149,0,0,0,58,188,319,0,0,0,318,0,0,56,201,32,17,205,201,0,39,544,98,44,265,204,163,241,106,0,94,0,0,0,225,0,0,94,0,119,128,0,27,0,398,27,106,163,179,76,200,170,211,0,0,861,51,244,62,51,72,0,88,37,0,101,66,228,58,40,96,40,255,0,88,21,304,65,47,34,121,49,46,73,87,354,48,0,57,38,0,111,100,0,0,119,0,660,0,34,0,35,18,96,122,43,125,46,44,31,96,149,245,48,40,194,71,264,37,77,150,0,0,0,310,0,115,8,110,63,125,69,0,61,387,74,0,72,0,56,88,69,32,103,0,116,239,1339,1888,0,133,136,51,354,51,215,26,33,0,95,0,183,133,0,45,78,76,0,116,153,0,281,238,0,90,142,108,690,31,199,72,117,78,64,36,98,0,146,160,0,362,151,27,425,0,0,120,56,0,131,55,397,0,0,48,116,0,19,165,28,0,235,0,160,0,153,90,118,1371,85,0,552,0,140,91,70,0,244,139,0,0,186,79,164,0,0,144,0,210,274,0,37,88,38,233,361,106,37,77,73,38,26,985,70,36,0,100,144,18,80,0,51,68,27,76,84,91,44,0,218,52,0,322,70,106,66,76,72,20,322,30,0,0,0,0,0,0,147,524,0,84,203,146,53,217,67,0,0,94,132,43,0,164,723,109,0,46
110,0,34,0,92,104,69,80,0,339,58,588,0,0,55,537,526,473,80,106,38,1011,167,122,82,391,16,56,185,34,59,33,131,0,0,343,166,0,102,205,323,59,99,50,670,0,165,87,1090,0,262,54,115,233,81,510,67,0,0,40,0,261,165,427,42,100,238,97,67,46,587,0,40,80,49,488,231,0,348,37,297,31,77,82,544,65,73,0,174,69,647,41,87,158,241,68,124,0,42,59,0,42,65,227,38,0,169,83,162,185,409,105,194,346,276,125,113,503,119,70,525,59,569,94,0,121,91,51,214,0,296,0,806,43,147,205,656,103,190,165,244,204,253,832,0,0,190,105,152,269,0,0,286,82,193,238,0,152,78,432,120,237,0,135,117,127,51,83,469,512,266,522,0,169,30,131,110,157,658,172,60,407,39,0,64,128,145,1235,331,0,40,34,211,94,280,55,239,71,39,242,45,348,243,44,675,33,113,50,59,266,282,240,99,243,104,230,126,123,0,65,325,261,110,0,721,29,0,207,886,0,123,0,49,128,0,0,78,0,206,85,56,193,131,109,162,0,296,0,82,34,208,92,729,155,302,42,90,29,91,62,764,201,197,96,127,52,33,505,217,737,112,0,414,755,78,269,96,58,1121,257,91,0,238,400,232,76,71,628,2466,201,99,0,394,91,65,72,45,173,216,104,71,0,217,91,50,823,455,520,57,239,112,963,214,0,0,98,114,174,184,55,90,41,46,122,455,241,96,412,0,74,601,0,177,93,266,177,61,41,0,122,0,178,65,146,214,75,0,39,245,1112,461,181,0,248,679,48,123,144,494,256,173,76,144,92,101,481,1235,259,151,47,210,80,121,0,140,294,437,0,0,345,170,136,122,110,91,1906,151,231,119,32,70,0,1529,0,153,71,750,121,300,359,0,86,339,44,73,104,73,101,121,51,78,0,137,81,0,0,491,137,192,359,39,205,203,49,245,154,77,0,454,47,0,56,110,39,379,51,39,220,69,320,0,26,917,189,151,350,498,150,60,68,29,0,139,13,129,74,87,110,0,0,352,42,230,215,38,99,73,95,57,0,0,66,559,218,153,184,272,774,172,213,337,73,112,203,250,0,0,151,210,616,364,81,62,226,128,130,169,303,402,54,0,194,94,726,86,195,493,147,95,0,54,100,45,103,70,79,371,69,198,128,234,77,317,495,231,0,160,119,695,50,55,0,0,0,192,146,0,0,0,172,96,315,563,81,52,35,156,25,140,358,217,148,0,187,119,63,0,92,188,162,464,851,0,160,60,728,64,0,0,70,496,378,54,0,37,71,0,360,0,87,312,504,124,38,647,0,309,758,171,31,90,800,0,153,53,43,0,316,52,88,45,79,65,134,139,301,75,345,111,101,0,62,380,378,217,52,131,271,51,203,51,57,0,40,163,40,144,0,0,296,296,76,54,94,75,61,101,141,40,0,42,0,223,0,49,523,55,143,99,244,483,128,0,105,1060,0,147,95,155,257,228,93,118,0,55,217,90,157,63,127,292,54,277,53,587,67,100,136,489,68,41,73,43,117,165,66,164,75,66,0,535,61,110,34,177,71,315,39,248,0,37,105,23,236,317,80,86,151,401,173,79,432,610,0,49,34,0,95,442,97,397,249,226,683,509,397,200,120,36,0,300,226,55,54,104,0,31,62,598,189,363,97,1931,352,0,191,0,0,160,25,48,80,117,56,261,63,42,99,0,36,62,141,48,43,0,205,0,80,67,343,312,270,60,0,62,498,100,49,0,40,145,158,249,0,0,21,256,100,241,700,0,0,43,63,30,120,0,139,84,104,0,130,101,109,557,149,0,196,157,39,137,36,393,459,62,553,115,0,85,160,337,0,581,101,64,71,216,122,36,496,411,0,60,113,72,37,427,124,40,0,0,103,957,0,307,238,0,175,157,33,322,36,177,42,0,31,616,366,195,627,87,110,54,369,73,140,60,0,69,49,23,100,70,104,281,348,50,103,0,81,96,128,173,60,151,155,27,193,33,0,86,341,63,148,356,113,539,116,78,112,91,533,0,183,0,42,46,466,520,501,213,116,199,38,118,1107,314,266,255,0,139,369,80,87,36,263,162,89,57,105,136,95,61,79,133,101,165,275,216,52,101,132,48,214,30,393,0,101,77,132,173,0,111,369,172,0,110,66,469,43,131,122,115,85,179,101,86,269,89,543,0,53,44,368,288,65,35,646,72,0,171,244,0,0,114,325,912,81,1258,0,2028,286,70,151,69,0,89,0,45,133,115,58,279,39,27,330,109,260,549,431,110,130,0,163,76,405,1314,596,82,159,43,91,84,90,142,0,910,196,102,0,49,258,60,0,110,294,0,225,1465,183,397,140,213,143,84,66,270,138,146,58,104,0,225,175,1031,0,251,279,322,331,0,464,105,159,155,1009,1510,353,410,52,178,177,89,657,66,66,146,129,41,80,0,144,0,119,1228,45,0,83,260,85,112,285,147,259,232,89,85,96,36,42,152,111,241,35,61,138,231,47,0,237,91,424,89,387,0,167,1301,140,0,793,114,240,235,103,111,20,78,164,129,426,0,0,190,1018,0,55,51,281,195,0,122,54,88,0,57,52,65,584,181,127,156,120,301,287,529,0,108,165,470,62,95,156,540,215,434,143,205,69,368,102,260,39,122,152,546,38,183,591,360,68,99,46,0,0,130,403,695,113,47,360,66,919,451,0,397,183,0,84,16,46,0,78,67,83,227,24,71,243,80,39,613,0,93,96,131,96,123,126,44,168,99,34,57,65,50,0,124,0,0,301,18,0,67,380,148,119,105,0,0,183,68,174,23,113,95,0,109,0,56,0,53,39,74,36,108,0,0,0,0,152,33,91,0,42,154,0,0,73,39,234,265,336,0,45,20,40,314,102,90,72,213,110,67,0,134,66,0,71,64,35,187,127,54,190,0,0,90,51,0,97,44,339,89,0,22,187,93,74,301,291,81,0,281,0,221,49,0,320,307,71,383,52,0,2262,0,88,0,158,56,42,568,0,105,126,58,162,0,205,182,0,0,0,172,30,68,233,16,69,57,203,0,224,0,232,250,76,63,42,77,0,60,97,75,287,46,0,0,1650,765,81,373,44,90,156,328,123,64,88,56,217,76,38,104,120,0,453,53,92,46,164,0,409,145,0,305,45,0,48,35,0,379,0,95,130,184,286,71,249,0,445,27,54,158,0,28,137,90,0,142,126,26,56,146,213,236,46,51,225,55,645,271,33,185,139,22,75,165,58,0,573,0,37,238,0,67,69,281,40,88,203,66,83,59,400,83,119,131,115,0,194,198,0,27,63,45,111,53,56,67,80,0,200,140,233,129,30,115,16,57,372,75,70,32,609,182,151,123,47,135,57,0,81,362,63,183,195,0,0,101,287,101,145,238,57,51,112,0,28,190,254,112,0,58,109,78,393,35,118,153,55,64,286,19,62,0,219,192,53,271,112,91,53,120,0,44,330,0,412,0,292,248,49,43,327,443,89,49,348,126,343,0,68,91,754,0,458,65,59,115,294,0,53,98,380,88,64,443,669,0,0,258,150,32,97,484,513,32,227,213,109,93,0,0,345,27,109,852,0,210,105,86,103,167,0,99,84,121,74,496,19,63,0,0,41,147,0,93,327,763,130,0,0,180,53,136,0,150,105,106,93,65,57,713,94,68,85,0,76,116,42,547,326,162,238,146,83,201,79,0,107,162,130,165,181,34,135,354,252,123,56,151,880,0,0,164,59,585,49,96,0,61,54,316,86,68,0,38,348,98,236,49,134,53,303,58,886,0,57,38,740,86,877,189,267,99,56,155,165,58,293,56,191,89,138,126,172,174,0,163,0,151,71,184,93,278,607,0,0,1254,44,0,55,202,252,47,68,248,203,72,86,0,92,0,301,228,709,1370,191,228,134,19,0,171,43,89,311,13,29,61,27,76,451,0,49,150,367,47,452,40,51,54,0,416,727,175,108,138,151,724,127,1235,0,0,41,241,0,480,65,130,106,371,37,39,137,0,53,0,199,48,79,521,285,120,0,0,0,60,92,213,0,1121,43,188,223,0,70,150,51,0,313,130,0,108,85,65,162,148,94,0,252,95,106,0,20,119,0,149,48,149,0,0,784,45,0,36,153,86,369,255,0,279,0,70,0,45,61,184,197,116,188,180,40,68,89,0,29,58,89,72,0,0,193,43,113,148,299,111,91,120,120,30,0,45,82,58,150,67,342,58,148,87,56,55,653,111,61,148,287,0,120,159,0,108,38,219,120,162,0,305,63,113,26,0,0,121,149,397,0,94,25,292,109,202,200,304,73,74,0,59,318,55,0,81,75,0,0,57,63,307,299,9,202,28,45,37,642,62,99,654,43,67,0,49,87,64,32,353,197,345,0,132,61,70,0,0,277,0,128,203,68,99,127,163,90,865,184,251,0,48,0,158,410,147,149,73,789,44,47,212,149,343,33,228,330,49,0,0,0,129,503,450,150,444,105,0,173,32,0,44,60,0,0,144,0,395,0,70,520,46,0,0,0,94,143,108,0,243,124,264,247,72,97,492,118,61,0,40,572,718,0,106,0,72,108,0,133,55,295,298,148,117,313,218,61,45,0,16,290,82,213,0,118,37,255,121,177,274,41,0,186,0,148,19,115,33,83,47,49,25,0,192,386,0,0,81,807,257,130,0,1303,16,69,39,0,0,0,232,60,89,124,401,65,0,80,0,59,178,160,117,37,0,220,38,149,89,31,179,610,66,144,87,53,34,161,154,139,90,303,88,36,54,240,264,92,201,102,70,0,77,45,132,45,84,139,102,142,420,219,79,81,23,194,388,109,0,92,0,198,199,82,159,222,32,45,76,0,131,115,120,501,117,617,220,0,53,23,0,135,152,111,59,126,153,673,135,89,186,115,317,43,151,0,59,54,41,157,0,80,33,40,581,670,0,113,322,59,75,0,0,135,98,290,111,585,54,71,79,59,571,222,0,497,170,54,81,107,407,98,205,136,0,308,0,0,188,383,136,150,307,100,43,163,69,97,87,183,140,0,306,67,0,251,134,88,97,164,0,0,1069,0,375,106,58,90,86,153,293,0,31,60,97,101,46,141,430,32,141,37,0,526,76,170,549,72,152,0,98,151,0,105,0,139,313,120,285,411,210,0,25,110,95,160,126,112,44,22,97,77,76,0,199,43,134,462,0,0,271,129,23,306,141,282,0,95,169,105,28,0,0,61,174,0,143,81,33,338,791,31,0,0,51,345,0,210,313,150,296,244,399,219,93,196,0,0,139,66,253,206,262,326,312,116,39,0,129,137,0,47,42,292,64,73,95,252,93,1124,0,0,50,78,57,102,368,154,251,87,197,23,116,0,212,28,250,1011,206,60,542,0,0,196,90,144,146,57,0,0,167,134,139,211,76,321,138,0,0,0,57,0,132,55,40,0,108,30,76,1748,36,0,436,137,260,0,163,0,481,41,0,315,141,41,61,124,0,0,128,28,271,122,91,51,54,121,0,0,0,395,141,0,0,0,517,21,181,146,303,308,0,0,104,129,132,0,0,291,0,81,0,44,79,210,93,255,358,356,0,58,80,140,0,85,0,123,0,621,144,77,42,0,317,169,0,72,0,122,136,285,255,0,90,51,0,77,0,130,72,81,0,43,172,150,0,47,271,79,0,217,41,0,0,265,0,65,230,273,0,0,0,240,107,80,53,0,178,586,158,0,68,171,0,89,28,0,50,58,68,84,102,96,59,51,281,19,0,0,0,43,40,73,79,274,62,89,48,0,144,50,121,161,76,0,678,17,39,173,45,51,85,55,461,88,27,87,128,0,0,78,41,94,730,123,0,0,315,147,190,107,49,95,262,169,176,30,0,332,144,251,69,519,105,314,166,166,0,94,136,35,129,165,45,0,0,693,76,241,0,53,60,0,252,0,0,52,567,41,44,236,122,103,0,343,35,173,244,187,86,958,64,557,0,310,45,116,224,46,110,160,306,143,70,31,51,128,78,0,124,50,87,50,46,98,286,637,0,103,64,58,235,0,20,97,110,110,37,0,429,315,44,43,0,0,108,44,157,304,71,150,354,19,30,19,80,291,184,33,44,184,278,37,48,126,161,104,0,206,309,122,39,347,102,66,236,397,180,377,223,0,74,0,0,0,201,47,152,126,0,94,177,65,44,30,358,41,261,171,310,127,187,237,165,0,0,1093,201,550,0,250,107,0,142,0,39,105,209,663,352,90,574,201,333,0,149,0,138,128,63,99,52,37,0,20,104,660,328,38,229,0,35,228,257,0,0,113,58,1040,137,105,28,44,0,121,141,156,162,134,285,0,115,215,731,0,32,758,81,132,0,83,137,0,0,37,430,0,81,0,104,88,199,117,0,80,185,0,64,56,124,177,98,304,0,166,0,155,276,570,1719,103,89,65,305,346,89,341,36,254,166,201,78,330,219,62,225,69,97,30,229,135,0,402,216,0,79,271,184,270,72,238,114,234,0,110,47,157,108,146,708,0,1440,201,18,526,0,0,0,0,0,95,172,1004,0,0,0,508,0,0,359,61,0,89,0,129,64,233,149,214,775,159,0,618,151,262,31,269,0,154,43,58,39,411,61,392,0,69,53,51,226,399,67,43,306,98,568,465,76,0,143,90,71,46,949,230,0,23,141,211,107,63,0,86,125,0,114,103,129,79,0,120,66,0,560,218,54,320,74,119,33,1346,67,0,29,0,0,27,0,51,506,0,117,344,470,70,94,75,0,62,217,146,108,39,267,806,49,55,116
111,0,0,0,0,0,38,0,0,83,0,328,0,0,0,84,228,146,0,0,0,375,0,0,0,151,0,0,0,0,0,0,28,0,0,88,78,0,51,121,59,0,0,0,143,0,51,0,258,0,131,0,64,42,0,175,0,0,0,0,0,38,0,138,0,0,105,0,0,0,134,0,0,0,28,85,62,0,190,0,63,0,0,27,0,0,0,0,44,0,207,0,0,0,62,40,0,0,0,31,0,0,0,54,0,0,41,0,36,35,87,38,58,127,138,26,0,0,0,41,48,0,213,0,0,52,0,0,53,0,71,0,47,0,0,0,208,0,0,0,86,35,82,570,0,0,0,0,0,0,0,0,0,0,108,0,0,0,0,74,117,78,0,86,38,0,0,68,158,92,108,187,0,78,0,0,32,37,254,96,0,162,0,0,0,40,0,340,91,0,0,0,0,54,92,0,89,0,19,87,0,112,104,0,239,0,51,0,0,59,0,58,0,0,37,0,45,66,0,0,138,176,0,0,61,0,0,0,130,0,83,0,0,0,0,0,0,41,189,0,15,56,44,59,64,0,0,0,0,0,75,0,0,83,102,0,111,0,0,0,137,41,0,50,51,0,0,153,78,122,33,0,159,101,0,97,60,19,347,0,52,0,78,86,0,0,0,91,1436,88,27,21,128,0,0,0,0,0,61,0,0,0,120,0,0,95,326,107,0,54,0,518,52,0,0,0,0,111,74,0,0,0,0,41,81,84,0,135,0,18,233,0,27,165,132,0,0,0,33,46,0,109,0,0,47,0,0,0,77,562,83,94,0,346,446,0,0,36,285,133,113,0,115,0,33,158,223,181,25,42,283,63,0,51,0,105,46,0,0,140,52,0,43,0,66,175,31,58,43,0,24,0,356,29,45,11,263,38,79,122,0,0,150,0,30,52,0,0,0,0,167,0,81,0,0,0,235,26,258,125,0,113,37,0,0,79,106,74,66,0,0,0,32,0,44,0,0,113,46,156,0,0,184,50,156,169,92,102,33,38,0,0,166,0,109,0,0,0,0,0,126,0,99,111,46,0,0,0,0,0,47,36,92,124,25,0,97,415,87,125,93,0,260,56,93,0,0,65,157,203,56,0,0,116,0,0,137,0,139,26,0,103,0,106,92,133,159,213,0,25,63,0,0,0,0,0,232,0,0,77,149,0,202,192,173,0,40,0,333,21,0,0,0,0,80,41,0,0,0,62,0,128,278,0,36,0,0,67,28,207,79,49,0,0,79,45,0,72,103,0,277,325,0,76,0,318,0,0,0,41,209,0,0,0,0,0,0,98,0,37,166,156,86,0,453,0,147,398,0,0,0,580,0,0,0,0,0,57,0,49,25,52,0,95,0,210,0,211,0,0,0,0,380,551,84,0,32,67,0,74,0,44,0,24,0,0,0,0,0,84,229,0,0,83,29,0,0,0,0,0,0,0,141,0,0,378,0,0,0,100,154,0,0,89,168,0,74,85,0,203,92,0,0,0,39,0,52,0,0,58,200,38,78,0,278,0,60,92,130,40,0,0,61,73,127,0,24,48,121,0,64,0,0,0,59,0,228,0,223,0,0,48,0,111,71,0,79,47,60,105,32,252,168,0,0,0,0,38,112,82,386,69,43,653,100,189,70,54,0,0,61,103,0,0,0,0,0,65,359,79,186,0,762,79,0,70,0,0,115,0,0,0,0,0,75,0,0,0,0,0,0,76,0,33,0,88,0,44,0,32,124,51,26,0,0,253,0,0,0,40,151,0,139,0,0,0,71,0,89,322,0,0,0,51,0,47,0,38,63,0,71,0,37,71,333,0,101,105,106,0,52,0,0,381,0,188,0,0,0,0,125,0,262,79,0,0,62,91,0,142,310,0,0,82,0,0,0,81,0,0,0,19,335,0,150,0,0,88,0,0,118,13,0,53,0,0,459,303,46,561,77,30,0,122,64,60,0,0,43,0,0,44,46,0,110,0,0,0,0,0,66,60,147,76,0,36,0,86,0,0,0,0,0,69,56,93,101,81,0,53,16,254,0,43,0,49,0,229,268,286,141,89,127,0,0,371,79,66,86,0,0,165,86,0,0,81,70,0,0,0,0,0,0,0,0,34,45,0,156,0,0,41,18,266,29,178,0,39,0,48,85,0,83,202,56,0,0,0,81,0,56,59,44,43,264,105,0,123,0,334,26,0,0,120,146,60,0,314,0,0,0,189,0,0,137,123,392,50,678,0,889,135,31,64,32,0,0,0,0,104,73,0,147,0,0,110,58,71,132,182,40,55,0,73,0,134,397,352,75,60,0,47,72,0,26,0,377,136,29,0,0,75,64,0,62,0,0,191,391,53,97,76,114,0,0,41,160,161,93,0,86,0,53,49,440,0,77,103,45,104,0,229,0,91,149,415,484,167,187,0,0,116,26,274,0,60,38,73,0,0,0,96,0,38,519,0,28,32,72,99,0,155,0,126,79,27,68,57,0,38,97,40,0,0,0,85,120,34,0,0,0,189,62,362,0,77,752,83,0,265,26,90,67,77,60,0,0,111,35,244,0,0,98,634,0,0,0,110,232,0,71,0,60,33,39,0,0,255,95,38,77,88,310,100,162,0,117,52,112,24,0,65,335,270,175,72,94,0,198,66,41,0,38,73,189,0,96,116,100,0,43,0,0,0,40,146,127,0,63,173,0,425,87,0,156,58,0,58,0,0,0,29,0,0,180,0,0,53,0,0,561,43,55,0,95,0,0,48,0,125,97,32,0,45,0,0,53,0,0,0,0,0,0,207,61,44,89,0,0,53,54,0,40,48,0,0,89,13,70,0,0,0,0,0,75,0,0,0,0,50,0,91,58,0,51,0,0,0,0,202,157,112,0,0,0,0,247,47,0,0,145,88,44,0,0,0,0,0,0,0,47,99,0,155,0,0,40,0,0,71,0,276,131,0,0,110,0,0,49,134,0,0,130,45,44,15,29,274,80,0,233,0,0,855,41,91,0,100,37,0,279,0,0,0,40,51,0,87,0,0,0,0,116,23,0,229,0,43,0,129,0,99,0,194,79,0,0,0,0,0,0,31,60,55,0,0,0,189,429,25,426,23,0,76,56,39,0,0,0,188,45,41,125,68,0,257,0,61,125,306,0,62,104,0,0,0,0,0,0,0,150,0,0,0,59,0,60,134,0,267,0,47,220,0,0,99,32,0,70,82,0,42,74,86,30,21,88,272,0,549,247,0,120,113,0,27,136,50,0,222,0,0,94,0,0,0,46,0,54,0,110,78,0,84,58,112,0,95,0,70,147,0,32,23,14,60,0,36,0,91,0,0,142,70,174,0,87,23,0,262,0,0,43,551,192,160,151,0,33,24,0,39,94,0,65,202,0,0,60,93,0,0,54,0,0,0,0,0,133,214,126,0,29,139,38,121,0,0,45,46,58,136,0,0,0,44,71,0,104,70,0,0,0,0,0,64,0,71,0,227,63,0,0,122,202,40,44,187,0,34,0,0,63,602,0,93,0,0,0,78,0,46,33,118,82,50,61,924,0,0,234,68,0,0,90,390,25,52,53,87,93,32,0,137,0,40,254,0,57,0,47,29,89,0,0,0,123,41,252,34,47,0,36,0,136,0,47,123,220,32,0,47,76,37,72,0,191,70,49,0,53,0,328,41,67,0,0,55,85,0,316,205,92,48,0,0,117,0,0,121,115,49,123,203,0,232,60,0,72,0,0,125,0,0,53,60,175,0,82,0,0,0,373,85,0,66,0,172,71,93,43,136,0,65,0,295,0,0,0,186,44,619,84,70,29,0,71,156,104,38,0,125,63,66,0,82,96,0,0,0,72,0,75,0,92,188,0,0,211,0,0,0,49,149,0,57,236,103,39,0,0,33,23,72,0,103,654,62,105,82,0,0,106,0,0,226,0,0,0,0,0,96,0,0,58,172,0,116,35,50,0,18,127,201,201,99,0,0,323,117,373,39,0,0,162,0,43,79,79,99,67,30,0,0,0,0,0,86,0,51,298,56,36,0,0,0,0,50,58,0,575,0,89,63,0,45,0,92,0,226,130,40,53,70,39,81,33,213,0,339,128,63,16,0,86,101,60,0,92,0,0,325,0,27,37,77,152,284,202,33,234,106,70,0,53,34,237,112,0,91,321,58,75,54,0,0,54,0,20,33,0,88,34,90,204,119,99,0,101,31,0,37,0,158,36,75,73,404,0,93,0,94,72,678,0,79,236,111,0,146,112,0,58,60,381,100,65,0,236,76,86,0,0,0,70,71,277,0,53,47,456,57,94,220,264,113,0,0,75,282,41,0,80,41,0,0,63,82,209,491,0,88,113,0,0,1083,34,50,667,55,50,0,29,84,121,0,569,69,48,0,89,44,58,0,21,56,50,179,56,90,137,91,72,72,532,163,101,0,0,55,98,667,0,78,105,591,0,0,354,171,324,54,262,138,124,0,0,0,18,656,213,107,191,98,11,116,58,0,0,41,0,0,197,0,164,0,0,242,50,0,0,0,63,177,60,69,143,0,275,237,0,0,596,0,0,0,0,263,907,0,98,0,54,56,0,177,0,140,659,76,0,0,167,0,88,0,48,154,115,326,0,51,0,114,115,86,0,28,61,225,0,167,0,294,0,94,0,79,0,58,37,156,0,48,168,527,121,0,0,1441,41,43,0,0,0,0,311,111,56,36,436,22,0,0,27,49,142,50,0,90,0,175,45,83,0,0,191,384,63,191,40,0,0,57,54,213,95,236,0,48,360,74,154,40,70,44,58,57,20,18,0,37,0,67,0,54,247,108,47,0,0,134,58,24,0,54,0,72,171,25,80,136,28,0,0,0,118,45,148,645,219,259,74,0,40,0,0,123,0,40,0,116,120,884,178,235,195,59,45,39,0,0,53,57,0,33,0,94,95,0,269,306,0,131,119,0,123,0,0,65,0,88,42,124,101,74,88,52,404,50,0,225,88,49,0,35,173,66,0,41,0,135,29,46,52,177,0,258,62,48,52,148,53,36,32,56,178,0,183,0,0,128,24,44,41,56,0,0,670,0,317,40,82,59,30,219,279,38,0,65,50,0,0,30,152,28,85,41,48,505,50,36,741,76,40,0,0,66,28,30,0,58,87,94,118,231,102,0,0,94,0,39,87,61,0,0,46,0,99,0,87,25,50,218,0,0,136,132,0,72,184,148,0,93,152,64,0,13,0,37,118,0,148,139,0,125,262,0,0,0,29,289,31,99,189,0,76,80,41,118,67,125,0,96,92,0,78,63,141,332,165,167,0,0,106,51,0,0,56,158,0,85,59,169,93,303,36,0,28,81,0,124,339,67,332,64,0,53,22,0,92,0,255,354,100,29,663,0,0,126,104,66,52,47,0,38,132,45,0,58,44,272,48,0,0,0,0,0,67,29,0,25,133,0,50,981,0,0,670,85,62,0,214,33,264,97,0,126,129,0,62,75,0,0,200,0,263,144,45,53,0,108,0,0,0,482,103,26,0,0,285,0,94,141,52,166,0,24,170,71,108,32,0,351,0,122,0,28,348,44,162,106,0,240,0,16,27,40,56,39,31,90,0,656,67,74,0,0,70,0,0,88,23,198,279,202,420,0,50,0,46,0,0,96,0,0,0,34,70,137,86,28,365,0,0,142,52,0,85,307,0,51,91,42,0,39,0,80,94,65,0,0,183,833,125,0,98,97,0,67,31,33,113,0,119,40,0,32,0,96,85,42,0,35,0,18,37,121,62,86,43,102,0,0,93,0,81,127,0,0,273,0,0,66,46,78,58,79,167,182,0,45,96,0,0,84,53,83,609,78,0,0,0,33,80,92,0,52,129,43,48,0,31,477,96,131,56,51,126,217,143,95,0,23,45,0,195,165,81,0,0,599,0,70,0,0,26,0,350,0,0,36,550,0,0,222,65,95,99,312,0,156,87,42,46,830,35,469,45,59,0,0,278,0,0,45,127,0,47,0,0,0,37,0,106,114,20,55,0,81,150,91,0,87,73,0,112,0,0,54,52,108,66,0,70,144,0,105,0,0,35,0,137,152,0,256,400,0,0,0,68,100,327,0,0,146,55,0,0,56,255,0,0,86,158,29,0,58,69,69,68,143,143,79,55,0,0,0,0,0,328,0,77,90,0,100,83,47,0,0,257,0,132,109,120,50,75,100,37,0,0,480,109,327,37,67,0,0,42,23,0,51,84,428,172,51,134,118,249,0,73,0,0,0,0,0,0,53,52,0,63,481,170,0,80,33,0,99,102,0,0,0,0,346,48,0,24,0,43,39,128,114,95,28,72,59,46,92,386,0,45,231,77,77,41,76,67,63,0,0,117,0,102,0,111,0,116,0,0,37,0,0,0,48,0,55,50,95,0,52,0,72,196,212,797,0,149,71,159,253,0,232,0,97,74,72,31,139,99,100,44,97,0,0,34,0,0,142,0,0,79,75,59,212,0,133,55,163,0,0,0,48,37,57,146,0,460,65,0,213,0,0,98,90,0,0,58,441,0,0,53,144,0,0,79,0,0,20,12,220,0,35,56,104,202,53,0,307,63,340,43,110,0,94,114,0,0,252,0,124,10,40,163,37,129,105,0,43,92,55,258,53,26,0,47,54,0,0,91,82,0,0,48,72,0,28,0,0,40,48,53,40,65,64,0,63,27,0,150,101,0,169,23,0,0,338,0,0,25,0,0,0,0,109,210,0,116,221,301,34,151,39,0,0,95,77,0,0,132,209,34,43,34
112,0,0,0,0,26,55,25,0,55,0,0,0,0,0,172,94,188,0,45,0,140,38,0,31,103,0,0,35,0,0,0,85,0,0,146,86,0,0,52,50,28,0,0,82,0,43,29,151,0,105,26,39,56,0,0,0,0,0,0,0,43,29,93,0,0,79,0,0,0,163,0,0,0,0,104,63,0,234,0,108,0,0,65,151,38,0,0,0,0,34,0,0,0,0,0,34,0,0,41,0,0,0,139,0,0,50,0,0,71,75,39,0,121,128,0,0,140,0,0,161,0,209,0,0,44,0,0,43,0,76,0,293,0,0,58,95,57,28,0,41,18,0,171,0,0,48,0,42,55,0,0,0,0,40,48,0,39,0,131,0,0,0,0,30,0,0,0,95,87,87,161,0,0,0,48,0,29,91,0,0,0,0,0,20,40,0,51,0,0,0,0,39,0,0,0,88,0,0,0,0,0,62,0,183,0,0,0,0,0,108,0,41,54,0,66,57,61,0,17,136,149,0,0,257,0,0,29,326,0,58,0,0,0,0,0,0,0,51,0,0,34,0,0,0,0,97,0,0,0,41,0,224,77,140,0,0,0,26,43,230,95,0,0,0,0,0,44,67,110,0,0,122,178,41,0,55,0,553,175,11,0,0,76,46,0,0,89,1334,77,0,0,93,0,0,0,0,36,30,0,0,0,29,0,0,178,210,164,0,79,55,316,45,0,0,0,29,62,72,44,0,0,0,0,138,63,0,302,0,0,180,0,34,79,55,65,0,0,0,0,0,83,0,0,32,23,0,0,53,528,142,73,0,176,294,0,40,0,251,55,41,0,85,0,73,129,446,125,36,0,111,0,0,0,37,81,106,0,0,71,64,0,120,32,0,472,0,61,23,0,0,0,360,0,51,0,184,0,58,129,0,0,100,0,0,54,0,0,0,0,35,0,116,0,0,0,267,26,222,85,0,89,51,0,58,57,84,0,92,40,0,0,22,0,0,0,0,38,0,137,0,0,134,94,64,0,30,35,0,46,0,0,73,0,93,0,0,0,0,0,97,0,85,35,0,0,36,50,27,0,0,0,0,64,45,0,0,170,96,74,56,0,221,84,128,0,0,126,46,221,71,23,25,48,0,30,65,48,111,0,0,86,0,342,0,0,378,96,0,0,0,0,0,0,0,0,118,72,50,69,75,0,101,92,0,0,72,0,234,0,0,0,0,0,56,0,0,0,0,47,0,113,150,38,0,19,0,0,0,169,56,43,0,84,52,88,50,44,78,17,163,189,0,34,50,272,0,0,0,0,148,45,0,0,0,0,0,125,27,0,121,195,40,0,336,0,56,290,0,0,0,336,0,108,0,0,0,83,0,0,34,0,0,101,74,127,43,0,49,0,0,0,202,277,89,0,73,37,0,0,0,22,0,0,0,0,72,68,0,85,68,0,0,0,0,58,53,0,42,0,0,0,92,0,0,350,0,34,0,187,213,0,0,76,383,0,36,18,0,86,0,33,81,0,0,101,47,96,0,51,333,0,69,0,111,74,43,50,213,0,37,0,0,101,0,0,28,0,54,0,0,36,50,13,35,34,0,26,227,0,0,55,0,50,0,0,0,0,78,80,0,190,114,0,0,0,0,36,0,120,127,0,74,155,0,139,132,91,0,0,55,36,0,0,59,0,0,83,349,73,106,71,293,113,0,62,0,0,160,0,35,126,0,0,172,0,0,37,13,0,0,115,0,0,0,44,0,105,0,72,85,102,44,32,0,376,0,0,0,77,150,0,71,0,0,0,35,53,82,253,0,0,42,0,0,45,0,53,0,0,40,0,79,0,237,0,136,38,186,0,74,0,94,48,28,269,0,0,0,63,69,0,88,0,37,41,54,40,0,0,183,9,0,22,0,0,0,94,0,0,0,0,250,38,278,0,0,49,0,0,54,0,83,31,0,0,683,189,58,230,0,0,52,68,0,0,41,0,0,0,0,0,0,0,132,124,0,0,0,54,62,133,135,0,0,158,0,63,0,0,39,93,0,113,121,99,349,0,0,61,63,340,0,38,0,52,0,98,62,82,81,0,0,30,0,408,92,55,39,0,81,62,0,0,45,0,61,0,0,44,0,34,19,0,0,0,0,85,0,0,0,103,0,122,0,0,0,68,64,83,91,0,0,60,0,0,0,0,136,0,0,0,0,38,290,0,0,0,39,449,0,0,0,117,144,0,0,373,45,0,0,181,0,0,109,77,301,38,208,0,515,0,0,0,0,0,0,0,0,85,79,0,115,0,0,98,89,51,180,0,0,0,0,55,0,127,537,149,82,34,0,0,47,19,47,0,395,110,24,0,0,0,52,23,0,108,0,82,770,57,81,0,166,71,38,38,0,174,78,0,51,0,0,0,174,0,33,212,72,0,0,208,38,95,86,217,421,125,273,0,138,0,46,313,0,0,0,0,26,0,0,0,0,29,196,0,30,0,22,48,0,171,0,130,0,0,26,0,0,0,0,0,117,0,19,87,0,40,0,50,59,129,75,269,35,50,630,51,0,80,0,27,172,87,35,0,0,139,88,117,0,26,106,731,0,21,33,72,127,0,0,0,30,0,0,0,35,131,98,0,77,106,119,0,0,0,40,0,98,39,37,46,154,151,162,0,96,0,151,68,43,0,0,82,33,0,80,91,166,0,41,0,0,0,0,242,305,71,0,0,0,100,88,0,136,90,0,22,0,0,0,0,0,120,74,0,0,59,48,0,135,0,0,27,100,0,48,117,0,103,36,33,0,0,37,47,0,0,0,160,0,0,0,34,98,39,0,0,0,0,31,121,0,123,57,0,0,0,108,0,0,29,0,0,124,0,144,0,0,0,0,0,103,0,149,0,0,75,48,265,292,101,0,31,0,49,142,0,0,41,184,125,0,21,56,50,0,0,0,0,0,66,0,148,0,0,0,74,0,57,0,73,0,0,0,38,42,0,178,211,59,39,138,28,143,0,0,275,211,0,239,0,0,853,0,30,0,0,66,13,390,0,0,85,83,169,0,170,0,0,0,27,68,38,73,234,0,0,51,0,0,0,0,0,174,51,0,0,0,50,58,0,0,160,0,0,52,703,272,0,245,0,72,225,96,0,0,41,0,26,0,27,86,90,0,275,0,179,0,432,0,145,91,0,99,0,0,0,0,0,126,93,58,148,51,132,63,227,0,188,0,50,105,0,0,96,81,60,128,0,0,38,104,0,116,38,108,0,0,508,0,57,29,117,0,49,134,0,0,268,0,42,198,0,0,0,154,0,85,171,59,0,0,231,84,0,43,126,0,166,301,0,0,92,0,0,52,0,38,156,0,103,52,124,204,0,0,0,47,333,68,57,0,610,197,86,0,34,0,0,0,0,153,75,70,251,0,0,52,332,0,49,90,0,0,0,0,0,173,158,0,0,0,112,0,115,0,0,70,0,67,0,0,0,0,116,81,0,45,82,0,0,0,0,0,179,17,181,0,157,76,0,0,68,0,39,0,117,73,100,0,0,0,451,0,200,0,64,78,229,0,37,41,155,69,47,122,504,0,0,153,93,0,70,184,215,0,159,37,163,61,76,0,84,0,108,341,0,47,76,0,0,75,0,52,138,0,29,66,0,0,0,0,33,56,0,41,75,97,0,0,38,0,56,105,23,89,74,0,0,98,0,485,0,55,0,20,0,0,22,197,100,0,83,0,0,0,0,35,65,64,67,87,97,0,94,222,101,48,0,89,83,0,0,30,0,278,0,56,0,0,60,276,47,0,39,0,0,69,78,0,146,0,60,0,252,0,0,0,189,34,220,91,0,0,0,33,0,0,60,72,56,44,0,132,103,122,0,164,0,55,32,47,0,311,111,0,0,343,26,0,37,42,88,34,49,174,58,0,20,0,30,0,56,59,185,363,92,45,77,0,40,64,0,63,199,0,0,0,0,0,74,0,0,0,229,0,511,0,0,0,0,192,111,80,89,44,37,408,0,186,0,0,0,124,35,124,0,0,0,85,0,0,46,0,24,0,46,0,0,225,70,50,0,0,0,27,40,180,0,138,29,62,113,0,31,42,48,0,266,67,19,69,0,0,55,44,58,0,104,33,16,0,0,0,109,0,0,34,0,0,224,0,0,0,125,52,136,229,77,84,60,0,0,0,52,109,175,68,62,290,0,0,0,0,48,0,0,0,48,0,26,46,131,62,221,55,0,59,81,0,0,0,59,48,0,91,292,0,0,0,37,51,308,66,66,0,263,0,241,80,0,0,58,454,106,33,0,172,30,63,0,0,0,132,140,206,0,0,0,139,124,48,63,168,111,0,0,44,123,0,0,58,28,27,0,47,29,102,213,34,45,131,0,0,300,25,0,267,65,0,0,11,58,58,0,738,136,118,0,36,20,50,0,0,70,52,64,109,0,68,139,152,0,471,168,50,0,0,82,132,78,44,46,0,207,0,0,124,59,319,70,125,52,43,32,0,43,33,210,145,0,257,0,0,102,0,0,0,66,0,22,88,0,98,0,30,183,0,0,0,0,58,104,0,0,68,0,193,68,0,0,451,0,0,0,0,216,391,0,0,0,32,0,0,120,0,225,231,157,45,107,116,0,0,0,0,74,97,237,0,17,0,46,154,66,78,0,0,29,0,117,0,214,0,55,0,70,0,0,87,128,0,42,0,0,85,74,0,404,0,0,0,0,0,0,92,0,63,165,104,0,0,83,0,0,81,62,114,0,55,187,0,0,46,0,50,236,0,70,24,37,0,57,0,157,102,465,41,0,152,0,70,43,38,46,112,43,0,0,82,0,0,0,66,0,101,131,15,0,0,58,100,84,0,74,0,0,209,90,74,62,27,0,66,0,39,123,0,173,137,436,59,0,0,0,0,54,53,39,44,93,93,327,65,199,77,0,195,22,129,0,0,25,0,94,19,51,74,0,118,105,0,0,47,0,0,0,0,73,0,61,0,144,63,73,0,48,268,116,0,185,0,0,37,40,132,26,85,0,0,52,0,0,89,145,0,211,93,0,32,109,0,66,50,70,0,0,119,0,0,167,210,0,0,0,0,0,561,0,149,85,0,0,20,124,156,0,0,27,0,0,0,0,109,0,0,0,0,350,0,0,456,52,42,0,0,0,0,0,0,35,0,72,0,101,89,0,0,87,62,0,0,74,0,0,0,0,40,0,129,0,0,431,0,0,75,85,0,123,54,142,0,47,82,0,0,0,0,0,125,0,73,0,0,132,210,0,32,0,0,0,0,181,130,81,323,104,201,98,0,0,0,0,73,0,0,42,211,128,138,90,0,0,45,59,0,0,34,43,0,67,0,62,62,923,0,0,0,44,0,83,180,0,80,50,50,0,26,0,0,0,77,212,154,0,401,0,0,128,61,103,60,0,0,0,64,59,33,0,29,232,160,0,0,0,0,0,0,0,17,53,62,0,42,78,0,0,590,49,0,0,78,0,209,108,0,0,80,0,23,141,0,0,179,0,157,96,39,0,52,43,0,0,0,352,69,0,0,0,432,0,68,106,82,295,0,0,42,50,0,0,0,408,0,46,0,33,192,108,57,135,35,240,49,0,0,0,31,43,0,83,0,106,60,42,0,38,0,0,0,109,32,46,96,84,152,55,83,48,47,0,0,129,0,39,0,0,129,134,0,23,128,0,0,104,0,0,67,244,0,0,59,273,0,0,0,0,72,46,0,0,156,404,121,0,0,0,0,0,0,43,97,0,120,70,29,0,51,89,378,0,0,32,0,42,0,21,60,71,43,0,0,0,64,71,146,80,0,0,183,0,41,40,28,54,69,72,260,162,84,47,77,0,0,58,0,43,483,68,0,0,334,137,142,0,0,52,83,0,154,0,41,192,75,69,37,88,156,115,115,116,0,138,32,0,179,78,88,51,0,473,67,49,0,0,0,0,424,0,0,0,720,0,41,242,127,82,43,317,0,180,217,0,33,504,31,239,56,240,0,0,261,0,43,76,67,90,0,0,0,121,0,0,158,102,0,101,0,0,294,72,0,118,0,0,174,0,0,54,54,70,49,0,161,180,43,27,0,0,67,0,135,266,0,79,196,0,0,24,0,165,203,0,45,41,193,22,61,41,133,0,0,74,0,0,15,332,100,78,0,184,143,192,99,0,62,0,0,0,126,61,64,0,0,117,57,0,31,0,267,0,108,89,99,81,216,0,118,0,0,349,57,431,0,114,0,0,39,0,0,22,108,237,56,0,171,52,0,0,77,42,109,40,56,0,0,25,0,66,0,174,101,43,58,0,0,192,125,0,0,0,0,284,48,95,0,0,39,83,14,61,0,70,162,53,95,236,77,49,0,170,70,37,0,69,94,0,0,34,317,0,52,0,0,57,0,67,0,0,146,0,0,0,0,128,0,178,0,54,0,89,140,170,312,40,90,44,86,417,66,177,0,135,69,211,0,39,178,158,69,0,82,0,103,148,0,103,161,0,55,100,218,202,43,245,0,223,88,0,0,56,0,95,133,0,392,159,0,480,0,0,74,48,24,114,75,237,0,0,33,117,0,0,178,0,0,57,0,93,0,77,168,185,254,108,0,206,0,276,0,113,0,0,57,0,0,110,86,196,0,0,114,0,134,237,0,0,68,60,184,525,0,0,75,0,44,0,975,56,0,0,90,112,58,0,0,0,0,0,98,41,115,0,0,0,0,0,222,157,0,78,0,94,0,861,0,0,30,0,0,0,0,89,222,0,76,0,108,49,85,82,0,0,0,45,61,0,0,213,127,0,73
113,0,0,0,0,0,54,0,0,63,0,276,0,0,0,154,0,83,27,0,0,188,50,68,0,149,0,37,88,0,0,0,29,0,0,113,58,0,43,0,75,0,52,0,185,0,79,0,180,21,55,27,54,121,0,245,0,0,0,0,0,190,87,0,38,0,0,44,0,0,373,0,0,29,0,0,91,0,155,0,170,0,53,0,306,0,0,0,66,21,287,87,29,89,73,0,40,0,0,0,0,19,0,157,0,36,52,0,119,0,149,30,98,93,58,0,39,125,63,0,213,0,180,48,0,0,45,0,65,45,0,0,403,0,70,35,134,0,70,56,91,66,0,86,0,0,57,57,79,131,0,0,131,63,68,101,0,177,60,217,62,35,0,65,75,76,0,0,107,183,93,143,31,94,0,36,26,58,59,82,0,0,0,0,37,28,54,568,139,0,0,0,122,0,72,0,0,0,0,136,0,61,91,31,145,0,63,0,0,41,155,76,0,74,0,0,0,44,0,0,0,94,68,0,372,0,0,107,225,0,40,35,0,0,0,0,72,42,103,47,0,139,0,82,32,0,164,0,34,0,41,42,351,0,55,71,43,0,34,99,250,26,0,0,44,0,0,250,51,563,0,0,71,342,0,68,51,0,360,277,0,0,68,179,119,0,65,369,1034,47,104,30,257,0,0,0,0,111,39,0,0,0,0,0,0,207,122,36,0,0,37,0,0,0,0,0,44,115,0,0,0,0,0,17,31,0,0,96,0,27,69,0,47,46,0,57,0,0,0,22,0,55,0,80,48,0,0,0,0,574,105,42,0,116,189,0,0,0,240,107,18,25,36,0,65,101,154,87,0,23,65,0,0,0,67,0,155,0,0,58,0,0,0,0,29,334,22,68,0,0,0,0,128,0,34,0,388,0,53,134,0,0,109,0,0,82,39,30,0,0,67,0,44,0,0,0,170,79,150,168,0,84,0,0,49,0,76,0,90,0,0,0,0,0,0,0,0,0,0,118,0,0,228,106,165,0,275,53,0,0,0,0,82,0,0,0,35,29,0,0,83,0,112,0,0,0,0,0,0,0,0,0,222,0,0,51,93,139,38,0,63,0,79,65,37,0,0,43,86,0,105,0,0,110,0,35,103,0,55,0,0,41,32,166,52,0,122,48,52,0,32,0,0,0,0,0,108,0,82,58,50,0,85,128,0,0,0,0,122,0,0,0,0,0,49,0,0,0,0,90,0,0,34,0,0,0,0,18,0,78,51,51,0,35,48,0,0,33,63,28,80,244,0,17,61,168,0,0,0,24,88,69,0,0,0,0,0,135,0,0,61,117,77,0,239,0,164,126,47,0,0,161,0,48,0,0,0,94,0,22,26,60,0,44,0,55,61,165,0,0,0,0,201,246,38,0,0,37,0,70,0,0,0,0,47,0,51,0,0,33,49,0,0,30,0,0,0,27,0,0,0,0,66,0,0,157,0,31,0,33,132,0,0,0,81,0,44,38,0,0,20,0,47,0,46,131,19,0,0,0,141,0,74,0,381,0,0,0,139,0,0,0,64,34,78,26,0,0,53,0,36,0,0,0,0,0,216,0,167,0,0,63,0,35,38,0,0,56,80,0,0,148,175,0,0,0,0,0,68,29,107,87,0,850,157,61,51,0,0,0,76,76,0,0,99,0,0,0,134,41,68,0,337,62,0,0,0,0,66,0,0,39,0,0,41,0,0,20,0,0,0,100,0,0,0,0,0,76,0,84,51,0,0,0,0,106,0,0,0,40,50,0,0,0,0,0,70,93,34,309,0,0,43,0,0,0,0,0,27,0,35,0,0,45,176,0,49,0,67,0,0,0,43,362,0,193,0,0,0,54,165,0,252,49,0,0,46,0,0,94,120,0,0,93,0,0,50,0,0,0,0,0,262,0,142,0,0,0,0,0,132,0,119,26,0,0,272,202,0,77,0,0,0,30,0,38,0,0,0,0,0,34,0,0,131,0,0,0,0,40,0,67,34,0,29,74,0,47,0,0,0,54,0,0,0,37,0,59,0,0,0,101,0,59,0,0,0,180,215,338,39,0,47,0,0,434,113,90,105,0,0,116,0,0,0,177,0,0,53,63,52,55,0,38,40,72,69,103,92,0,0,0,0,92,20,0,0,0,35,70,49,0,59,114,0,0,58,26,183,0,0,62,0,69,139,65,0,114,50,57,0,0,0,192,61,0,0,55,0,0,113,81,0,0,62,111,768,0,448,0,547,130,28,0,0,0,32,0,0,23,51,0,66,0,0,260,0,88,163,92,82,42,0,113,39,106,1002,255,0,78,0,71,0,50,104,0,93,0,48,0,0,108,0,59,0,178,0,211,271,178,98,75,147,72,0,0,130,17,0,0,0,0,95,62,68,0,212,0,164,140,0,226,52,0,0,418,752,43,327,20,45,121,24,100,55,55,46,85,0,58,0,70,0,0,987,0,28,0,50,36,33,262,37,88,0,58,94,27,0,0,22,47,71,24,0,49,0,0,0,113,0,149,71,144,0,38,327,62,0,421,36,172,144,26,62,0,0,139,0,273,0,0,122,0,0,0,0,127,69,0,98,0,81,0,0,0,0,362,28,78,73,39,0,122,374,0,0,54,94,59,30,120,264,63,224,65,0,0,41,47,68,0,45,50,247,0,0,155,151,46,0,0,0,0,0,305,362,0,0,126,0,431,126,0,277,0,26,47,0,0,0,0,23,45,0,0,36,104,0,0,207,0,0,74,102,0,40,0,0,0,0,0,0,0,0,0,41,0,0,141,0,0,0,95,35,55,29,0,0,0,0,29,0,0,73,0,35,0,32,0,18,0,43,0,0,0,0,0,0,57,0,0,0,0,0,0,0,0,0,139,131,145,0,0,0,39,56,0,0,0,98,0,0,0,53,0,0,0,18,0,80,20,49,0,0,0,0,0,0,0,0,0,0,0,29,0,0,27,156,54,0,0,54,0,0,0,0,166,24,0,99,0,0,871,0,0,0,0,0,0,231,0,0,58,0,31,0,22,55,18,0,0,0,0,0,80,0,0,0,80,0,0,0,34,68,0,0,0,0,0,0,32,0,134,0,0,0,143,49,0,0,0,0,35,115,0,0,59,0,130,0,0,0,0,0,127,0,0,0,74,0,341,115,0,219,0,0,0,0,0,89,59,0,35,32,183,0,111,0,32,0,33,0,0,0,0,77,14,0,0,0,35,0,0,70,23,39,95,0,0,47,0,51,0,0,0,120,0,0,189,0,0,0,0,0,0,0,0,0,154,0,0,0,110,44,0,57,98,0,115,0,0,0,0,0,53,0,0,28,0,0,0,0,58,0,0,48,0,0,65,0,41,0,62,91,0,60,0,45,0,0,45,100,0,0,138,0,0,31,35,34,80,71,0,0,67,0,0,64,211,0,0,42,67,69,240,29,49,49,17,0,219,0,0,0,145,94,0,168,65,0,29,45,0,0,243,36,108,0,100,171,37,0,75,212,0,0,56,28,62,0,45,69,178,0,207,0,0,51,173,0,29,44,268,0,0,76,207,0,0,47,42,0,86,110,37,0,136,89,63,36,0,0,222,0,0,491,0,143,48,0,0,67,0,71,43,106,0,98,0,0,0,0,0,33,0,27,145,270,73,0,0,71,0,102,0,31,125,74,34,34,0,417,0,31,0,0,0,112,21,42,106,30,90,83,37,42,0,0,0,0,0,77,67,32,0,109,103,34,0,59,423,0,0,72,0,373,0,0,0,0,0,375,32,45,26,0,295,67,186,0,0,0,142,0,576,0,49,0,151,0,133,58,93,67,0,74,185,0,48,48,137,0,57,126,117,169,0,45,0,37,0,93,0,73,188,0,0,614,0,0,0,43,45,0,0,82,0,61,36,0,0,0,162,102,301,132,0,88,0,0,0,0,0,0,0,0,0,53,0,36,228,0,0,33,165,32,56,0,0,0,0,220,281,32,90,87,39,121,49,723,0,0,0,49,0,308,36,0,93,114,35,0,67,0,0,0,18,37,0,495,103,0,0,0,0,0,0,91,0,1002,0,129,85,0,0,27,39,0,61,50,0,0,33,0,0,0,0,0,111,73,28,0,0,0,37,0,0,48,0,0,0,0,74,0,53,0,0,105,0,0,0,0,0,0,0,53,47,48,0,0,0,0,0,0,0,0,0,0,0,0,0,0,0,112,124,0,21,0,60,0,0,0,19,0,86,20,161,0,37,69,0,29,104,0,0,84,192,0,120,43,0,0,0,38,28,0,0,63,0,50,0,0,0,0,25,333,0,24,0,169,40,0,114,49,36,0,0,0,0,0,0,42,0,0,0,0,32,0,0,0,0,32,0,0,457,0,0,35,0,0,0,0,31,0,0,67,98,269,0,0,0,0,0,0,50,0,0,38,0,33,44,0,56,187,113,0,0,0,0,0,165,99,0,0,439,0,0,0,0,112,0,166,0,0,0,0,0,0,320,133,0,231,0,0,98,0,0,0,49,0,0,27,0,32,0,0,303,0,0,0,0,46,52,33,0,92,0,110,0,0,0,279,53,0,0,0,219,181,0,35,0,29,39,0,72,0,97,162,0,0,41,31,0,0,0,0,0,44,177,0,41,0,0,0,58,131,0,0,0,0,106,0,66,0,0,0,36,0,0,121,224,0,0,70,251,91,45,0,208,0,0,0,0,0,0,93,0,35,64,181,36,0,0,0,0,0,0,31,0,0,63,0,35,54,0,0,252,48,60,18,0,0,0,30,0,38,172,0,0,202,0,115,0,0,27,61,0,0,20,86,26,0,0,86,76,64,135,30,0,0,0,70,63,0,51,0,44,67,58,127,0,0,0,0,0,32,56,0,288,0,405,118,0,35,0,0,84,94,0,0,127,0,224,88,0,0,64,157,0,113,0,20,0,29,100,0,61,0,0,347,211,0,0,219,0,0,0,31,48,0,77,0,310,0,55,0,0,336,104,0,88,79,0,43,66,0,0,95,45,0,27,0,0,111,39,29,0,0,0,0,131,105,65,0,39,21,0,123,0,0,195,148,0,25,40,0,0,543,0,278,0,74,71,0,140,189,0,0,52,0,56,50,0,0,26,35,0,0,181,0,0,394,0,0,0,0,97,0,0,0,0,60,0,95,36,164,0,0,54,102,79,54,75,0,0,0,0,39,0,180,0,0,209,0,0,217,62,0,167,53,0,0,75,0,58,0,0,0,23,106,32,113,95,28,102,165,0,0,0,20,177,0,120,151,69,131,66,127,60,78,350,0,42,52,0,57,0,216,344,267,53,0,0,0,49,0,0,0,124,31,55,0,136,0,688,51,0,27,30,28,48,259,44,119,0,61,0,0,0,66,0,399,239,130,0,301,0,0,106,0,100,37,43,0,0,0,19,0,45,0,296,123,0,0,0,25,0,0,0,0,0,52,0,0,974,0,0,381,63,101,0,90,0,145,0,0,185,26,0,33,40,0,0,54,0,60,39,0,0,38,30,0,0,0,175,40,0,0,0,373,0,49,0,76,81,0,0,45,75,96,0,0,99,0,0,0,0,101,38,153,53,171,65,0,0,0,87,0,0,0,99,0,614,172,46,36,0,107,47,19,0,0,58,87,0,85,31,77,23,0,0,0,0,50,32,0,0,105,43,0,0,298,53,0,108,0,0,0,217,0,0,107,0,0,0,0,145,0,0,0,0,68,358,81,0,0,127,0,0,0,29,127,0,0,88,41,65,0,48,0,33,0,0,0,0,18,42,0,155,0,48,0,0,39,0,0,35,30,36,267,0,0,107,0,0,0,0,207,0,60,41,0,37,0,0,27,62,44,29,0,0,163,135,43,0,0,55,132,88,155,0,0,457,46,240,29,334,32,203,0,287,0,0,52,0,158,70,0,0,0,335,0,177,0,0,0,0,127,0,0,0,292,0,32,169,0,29,0,105,0,0,92,81,31,84,0,0,0,0,0,123,239,0,84,30,182,0,55,0,0,0,74,0,78,0,60,44,0,102,138,286,0,0,64,0,65,0,0,0,0,0,0,0,191,167,0,75,0,0,40,0,47,189,55,44,168,0,0,0,0,56,69,0,0,98,238,0,25,84,130,0,0,42,0,0,41,334,0,0,69,159,53,187,61,0,64,18,0,0,127,0,0,0,0,53,137,49,0,0,422,0,105,69,166,52,77,69,204,0,0,329,0,288,0,0,57,0,63,23,0,46,0,310,0,0,160,0,191,0,0,0,110,47,0,35,46,0,37,0,0,381,93,0,78,0,0,138,132,0,0,0,45,460,0,69,0,0,0,0,61,66,93,0,108,0,64,152,0,0,0,202,29,169,0,0,109,39,0,43,52,0,0,0,48,0,39,46,0,52,124,49,0,0,0,0,0,105,0,0,0,72,141,419,381,28,0,59,114,75,42,201,0,33,65,85,0,102,120,102,66,60,22,0,62,60,0,222,196,0,0,88,80,305,32,0,0,134,50,0,0,34,0,130,296,0,223,152,0,232,0,0,24,70,0,131,0,798,0,0,39,244,0,0,83,71,0,76,0,131,0,114,62,100,812,60,0,200,38,178,0,0,0,48,49,0,0,210,38,202,0,0,49,0,209,81,0,0,96,0,0,255,33,0,0,0,0,0,291,49,0,0,41,137,0,0,0,0,0,0,64,67,61,42,0,51,0,0,218,35,0,0,0,59,0,73,36,0,0,0,0,0,0,61,218,0,78,164,37,0,80,0,0,0,72,66,47,0,48,568,26,0,0
114,0,0,0,0,0,0,0,0,0,0,0,0,0,0,168,82,172,0,0,0,264,65,43,0,55,0,0,33,0,0,0,26,0,0,0,60,0,0,0,33,0,0,0,26,0,0,0,126,0,151,0,112,0,0,109,0,0,0,28,0,0,0,27,0,0,102,0,0,0,0,0,0,0,0,66,55,0,0,0,68,0,0,0,151,0,0,0,0,0,122,0,0,25,91,0,74,0,0,0,0,0,0,72,14,0,39,0,42,0,106,0,0,50,102,0,0,195,0,0,98,0,173,0,0,48,0,21,57,0,0,0,268,0,0,73,73,0,0,0,0,0,0,176,0,0,53,24,0,53,0,0,68,0,22,0,0,0,0,130,0,59,0,68,0,0,0,28,47,190,103,126,0,0,0,0,0,0,164,0,0,0,0,0,0,60,40,117,247,0,0,0,0,0,0,0,82,0,0,0,0,81,0,0,181,0,0,0,0,23,68,0,0,83,12,0,55,26,0,0,143,87,0,0,210,0,0,38,97,0,34,0,0,51,0,0,0,56,84,0,0,44,0,0,27,0,86,0,0,0,0,0,265,70,156,0,0,0,0,0,112,0,0,58,0,0,0,432,140,63,0,0,0,125,0,49,73,0,863,69,0,0,0,166,0,0,0,266,727,58,0,0,127,0,0,0,0,0,42,0,0,0,0,0,0,202,249,56,0,69,54,350,84,0,0,0,0,81,0,0,36,0,0,0,157,0,68,0,0,0,278,0,63,93,0,63,0,20,0,0,0,101,0,0,61,0,0,0,57,213,0,217,0,352,248,0,0,53,268,94,30,0,86,0,0,229,201,96,0,24,232,0,56,54,0,130,75,0,0,0,0,0,0,0,0,204,66,65,76,0,20,0,308,0,36,0,0,61,41,142,0,0,304,0,0,0,0,43,0,0,114,0,64,0,0,0,211,0,238,39,0,110,43,0,0,0,97,34,65,0,0,0,0,23,88,0,0,0,26,90,0,0,100,0,341,71,44,0,19,0,0,0,37,0,112,0,0,0,0,0,102,0,31,101,56,0,0,0,0,0,44,0,68,76,0,0,99,232,70,100,87,0,221,0,0,0,0,67,77,172,0,64,0,140,0,0,79,0,91,0,0,78,32,38,75,53,100,158,0,0,101,0,0,36,0,0,503,0,34,0,290,48,131,238,46,0,0,67,193,57,0,0,0,0,96,0,19,0,0,67,0,47,228,0,0,0,0,0,0,106,55,85,0,0,0,61,0,0,0,37,129,270,0,34,0,25,0,0,0,0,46,181,42,0,0,0,0,0,0,34,373,102,0,0,256,0,30,916,0,0,33,451,0,83,0,0,0,0,0,48,0,31,94,71,0,148,0,111,0,0,0,0,33,169,0,0,0,38,0,0,0,0,0,0,0,0,90,0,0,0,87,0,0,0,0,0,52,0,0,0,0,0,26,0,0,49,0,0,0,101,0,0,0,32,0,0,0,64,0,109,44,0,62,0,30,0,26,0,0,59,0,0,0,22,261,36,0,68,90,0,22,33,57,0,159,0,60,0,130,0,0,25,0,0,0,24,170,0,363,0,0,0,0,0,41,0,37,0,111,0,0,161,0,0,0,0,0,38,160,0,298,0,0,637,93,145,0,84,0,0,0,0,0,0,0,0,0,0,88,0,37,0,746,48,0,0,0,0,0,0,0,0,0,0,126,24,0,35,0,0,0,0,47,78,0,109,0,0,0,61,41,0,0,0,0,75,0,0,58,29,158,0,0,0,0,0,0,0,37,0,0,0,0,40,0,0,0,0,64,0,76,0,0,0,166,73,114,96,0,0,54,0,0,249,0,0,0,0,0,0,44,0,64,34,0,0,75,66,0,72,250,0,0,45,0,0,0,0,0,0,0,0,0,0,0,0,0,0,0,0,40,0,0,0,0,0,30,0,73,322,0,0,0,134,0,0,0,0,0,0,0,0,0,0,71,74,0,0,0,0,36,0,48,0,0,38,0,0,0,0,0,29,0,53,0,142,88,40,0,0,66,289,0,50,0,0,19,249,158,396,77,0,0,0,0,116,31,96,41,0,22,0,41,0,0,65,78,57,57,0,44,0,0,0,63,61,0,123,239,0,41,0,32,35,0,67,34,0,0,0,0,0,127,121,36,0,102,34,160,0,31,84,40,68,0,155,0,68,0,428,0,0,0,175,129,81,0,82,0,0,0,206,0,0,26,144,407,62,462,0,1008,86,0,0,0,0,46,0,0,0,25,0,108,0,0,281,0,105,90,149,57,0,0,161,51,73,446,178,78,116,0,58,70,50,49,0,268,52,73,0,0,60,0,0,55,68,23,287,177,66,210,60,32,46,0,40,294,160,36,0,77,0,63,57,160,0,77,110,194,101,0,222,0,74,0,361,297,140,87,0,26,151,0,207,0,81,0,78,0,64,0,133,0,0,784,0,0,25,83,0,39,265,0,34,64,81,63,83,0,0,80,0,117,0,0,72,0,42,0,69,0,172,85,125,0,51,521,0,0,191,73,86,158,42,59,0,0,0,23,237,0,0,145,267,0,24,0,50,80,0,98,0,78,0,40,0,0,259,112,0,0,31,59,0,134,0,0,44,149,44,0,112,118,74,229,42,97,0,113,0,67,0,30,28,160,0,58,253,0,0,40,57,0,0,0,24,125,0,0,90,40,117,221,0,86,0,0,27,0,20,0,0,28,0,66,0,0,105,0,0,121,0,0,57,52,0,50,30,0,0,0,0,0,93,0,0,20,0,0,111,0,0,0,0,0,0,0,0,0,16,0,0,0,14,0,0,64,0,100,0,0,0,45,0,0,0,30,0,0,23,0,83,0,0,0,0,0,0,0,123,305,103,0,0,0,0,241,0,0,0,52,0,0,0,42,0,0,0,57,0,31,45,0,0,0,0,65,0,27,129,0,31,127,0,0,142,33,57,140,32,0,0,0,0,0,0,0,38,76,0,63,29,0,885,0,188,0,85,0,0,399,0,66,0,0,0,0,0,63,0,21,20,36,0,0,93,0,0,0,237,0,45,0,154,48,0,0,0,0,0,0,0,0,89,0,0,55,827,134,0,231,0,0,30,264,0,0,59,0,183,0,0,0,0,0,323,0,0,0,166,0,295,77,0,221,0,0,0,0,15,133,38,0,0,45,0,0,303,0,91,0,0,64,0,0,0,38,51,0,39,0,63,0,0,120,0,135,260,0,125,258,0,120,71,38,0,87,0,0,54,0,0,51,0,0,0,179,0,0,79,0,0,0,25,44,35,56,0,0,73,0,0,0,50,0,114,0,0,78,0,0,106,34,0,107,45,33,41,0,45,0,0,0,0,232,0,124,0,0,58,0,0,0,0,0,156,0,0,0,100,27,0,0,0,0,0,0,0,102,271,46,0,0,205,63,109,0,63,51,0,33,148,0,0,0,70,74,0,49,28,0,0,41,0,0,112,0,0,0,109,82,0,0,77,201,40,0,185,70,29,0,0,65,344,0,247,0,0,54,70,0,46,65,181,60,110,57,1095,0,0,315,52,35,46,0,237,0,44,69,0,83,20,0,89,0,0,581,0,55,55,33,0,95,0,39,0,33,0,279,0,50,0,0,0,78,0,74,0,372,62,0,0,74,38,41,35,230,56,38,43,0,35,200,91,0,30,0,0,0,0,156,209,90,0,66,0,165,0,0,139,84,57,58,170,0,239,195,68,35,0,83,232,0,0,61,72,182,0,46,0,0,0,387,126,42,0,0,277,47,114,0,97,0,144,0,352,0,0,0,172,46,306,140,89,23,22,0,91,32,79,0,127,87,0,41,81,111,0,76,0,150,0,59,0,88,132,0,0,277,0,0,0,78,114,0,54,368,90,0,0,0,0,34,65,68,56,700,86,64,76,0,26,60,16,46,268,0,28,63,0,40,183,37,0,141,154,22,207,0,68,0,0,287,221,214,117,0,0,226,156,525,0,18,0,326,0,85,0,97,46,45,0,0,62,0,0,0,74,0,0,226,0,55,0,0,0,0,43,120,0,347,0,88,0,0,0,30,34,0,116,66,0,0,0,0,141,123,64,0,184,65,78,0,0,140,54,55,47,109,0,0,641,0,27,0,0,62,173,151,0,150,0,56,0,0,0,128,80,60,67,163,43,35,0,46,0,0,25,0,0,0,186,27,69,122,23,0,62,97,0,31,0,0,70,0,54,35,140,0,51,39,43,30,547,0,79,61,0,0,208,73,0,28,32,161,69,153,0,223,55,116,0,0,0,60,59,145,0,22,0,111,86,93,139,287,80,0,0,39,187,0,0,62,65,0,0,0,43,168,200,0,158,0,0,0,571,0,28,623,0,0,22,0,40,48,0,214,39,248,0,72,39,31,0,0,60,35,74,133,65,66,42,126,63,164,122,191,0,0,0,72,260,82,110,0,306,30,0,174,0,115,0,153,337,51,0,0,0,52,221,166,87,51,0,0,50,45,0,0,54,0,0,102,0,333,0,61,178,30,0,0,0,0,76,0,14,151,105,284,57,0,0,193,0,0,0,0,156,629,0,67,0,0,0,0,78,0,255,371,140,0,103,0,0,0,0,0,169,48,108,0,28,0,200,70,43,57,0,0,202,0,86,0,99,0,77,0,0,0,0,41,162,0,0,0,424,33,38,19,265,0,0,0,0,0,0,92,93,0,118,326,0,0,80,0,0,245,56,0,0,0,79,32,0,0,0,80,45,0,67,62,0,0,78,68,51,97,200,125,34,719,32,0,0,43,141,69,0,0,0,73,0,55,70,0,0,210,0,0,0,0,117,162,69,0,0,33,130,162,58,0,158,0,0,87,0,60,72,83,387,53,309,108,0,0,0,0,64,0,55,30,138,209,278,0,53,211,98,0,40,90,0,0,81,40,75,0,31,0,0,56,445,0,59,98,0,66,0,0,103,0,145,42,103,0,67,137,102,236,241,0,0,0,31,0,74,164,56,66,56,0,155,48,0,60,91,67,99,70,0,75,156,68,0,0,68,134,0,195,0,0,185,148,71,56,110,0,26,204,0,78,52,0,0,0,100,148,44,0,0,0,61,40,0,98,0,45,0,19,613,40,0,539,91,33,0,57,104,0,96,0,36,176,0,136,183,87,24,34,130,71,46,83,0,0,21,37,50,64,0,54,0,59,212,0,0,74,98,0,155,52,26,0,0,196,0,59,0,0,34,219,0,133,292,58,98,309,0,0,0,0,0,0,199,87,87,294,0,0,0,60,137,0,183,118,0,129,25,153,120,187,78,57,0,0,33,0,22,32,86,0,0,85,38,30,232,89,0,42,112,0,138,148,105,392,80,0,0,23,0,111,35,176,305,160,0,395,0,0,111,101,101,78,26,0,0,149,0,67,114,0,337,0,0,0,0,0,0,54,51,0,0,0,0,54,0,0,0,389,89,0,0,134,0,111,78,25,0,0,0,0,64,0,0,145,0,147,65,46,0,22,61,0,0,0,243,43,0,0,0,283,0,40,79,91,119,0,0,0,91,0,0,0,366,0,0,21,0,311,64,165,205,105,193,0,0,0,49,0,94,41,124,0,1215,85,0,0,0,0,74,0,69,35,0,174,88,86,0,55,42,62,0,0,73,0,0,0,83,0,68,182,0,261,39,0,81,0,0,125,124,0,0,59,106,56,0,0,0,0,0,0,38,54,870,31,0,22,0,24,0,32,45,167,0,56,0,36,0,48,57,138,33,0,0,0,33,0,36,0,122,0,0,0,0,41,0,84,100,0,53,304,0,37,0,0,55,57,0,456,95,113,0,95,0,0,0,0,181,324,103,0,0,197,52,81,168,32,52,146,0,72,0,37,509,50,227,0,167,82,123,78,104,0,25,0,21,169,25,0,0,0,172,106,0,0,36,0,0,272,0,0,25,569,0,0,124,66,0,0,64,0,0,170,0,133,151,41,195,56,144,0,71,234,0,62,105,0,0,167,0,0,53,155,0,121,78,0,78,0,285,87,211,0,60,151,0,86,0,0,31,65,0,0,0,101,212,0,64,0,0,86,0,71,77,0,65,66,0,0,0,0,246,171,0,26,112,90,32,80,83,161,46,0,156,151,0,0,236,88,75,94,292,188,285,129,0,44,0,0,0,206,36,0,80,0,90,105,33,0,0,422,0,35,98,175,65,133,94,97,0,0,565,63,621,0,72,65,0,90,52,0,78,0,382,182,0,155,121,254,0,64,0,90,86,0,0,34,35,52,41,0,424,168,22,74,27,0,154,43,0,0,66,0,477,86,39,17,35,43,69,106,0,140,54,0,0,69,84,316,0,38,419,91,95,28,73,130,0,0,54,328,0,46,0,65,49,106,0,36,51,68,44,0,53,0,69,47,0,8,132,0,46,88,422,1188,30,96,47,151,307,60,132,0,64,82,155,41,143,110,132,110,74,0,0,134,79,0,225,90,0,64,169,159,245,65,223,49,287,55,38,0,81,58,115,219,0,889,58,0,548,0,0,0,52,0,51,73,237,0,0,44,165,0,0,219,21,0,53,0,119,39,92,137,124,421,148,0,416,50,247,0,151,27,0,32,24,0,194,45,105,0,43,87,0,276,302,38,52,146,40,170,313,36,0,96,69,69,0,426,171,0,0,96,99,52,39,0,41,47,40,59,71,170,53,0,58,0,0,269,96,31,163,49,45,0,570,0,0,0,0,0,0,0,56,294,0,55,212,147,64,67,0,0,0,60,87,57,0,95,460,65,0,0
115,0,0,0,24,0,60,62,0,0,0,156,0,0,0,91,70,72,0,0,0,135,15,0,0,0,0,45,96,0,0,0,0,0,0,153,56,0,0,36,116,0,0,0,120,0,97,0,99,0,137,0,139,49,0,118,0,0,0,14,0,227,0,78,50,71,144,47,0,0,128,0,26,39,0,320,138,0,187,0,140,0,0,101,385,40,45,0,0,0,119,106,0,0,109,0,44,0,0,0,0,0,0,106,0,38,37,40,110,0,233,0,122,53,163,80,43,69,23,0,356,0,90,0,0,0,0,0,122,43,158,0,182,0,0,64,51,0,101,86,150,27,0,88,0,0,34,63,86,149,0,0,138,68,56,0,0,151,56,235,0,0,0,169,0,0,42,0,61,234,279,78,0,35,0,87,0,91,42,38,0,96,0,48,0,0,0,744,152,0,0,0,74,76,121,0,20,0,0,92,0,42,0,37,245,0,84,0,0,35,192,161,41,0,0,164,62,83,0,0,55,186,0,0,188,0,14,47,182,0,127,46,0,0,0,0,50,107,406,74,0,103,0,0,0,0,129,0,58,0,0,0,184,41,243,28,0,0,48,49,246,85,100,0,0,0,0,259,69,671,0,0,245,152,0,0,85,0,375,433,0,0,123,209,97,0,0,445,1885,69,99,0,46,0,0,0,0,18,126,49,50,0,45,28,0,377,117,151,0,107,106,165,114,0,0,0,158,162,111,84,0,70,0,0,220,141,0,226,0,43,109,0,159,0,41,82,35,51,0,95,19,47,0,28,0,0,23,0,127,631,137,90,0,123,463,0,107,100,385,259,31,70,49,0,133,260,371,259,63,0,86,0,78,0,108,181,169,0,0,207,66,27,63,0,0,773,49,182,0,0,0,49,592,0,64,69,212,57,168,95,0,48,146,0,27,84,0,45,47,52,69,0,117,0,0,0,382,44,57,287,0,141,61,0,87,163,0,32,167,45,0,17,75,0,224,0,48,53,60,188,0,0,442,193,168,66,113,34,43,0,0,0,45,0,0,30,104,0,0,0,340,59,95,231,0,24,18,96,32,14,0,50,83,30,49,53,29,548,226,49,86,0,77,237,75,0,0,155,179,79,340,80,0,273,0,141,228,302,108,0,0,268,0,656,0,60,294,44,127,0,71,0,0,55,0,0,176,103,74,162,115,56,333,356,78,0,74,86,64,0,32,39,0,0,85,0,47,0,0,104,28,162,85,48,61,0,159,0,0,450,87,155,43,40,0,0,0,44,0,70,38,232,0,126,77,145,75,0,0,0,166,141,0,0,0,0,0,181,0,97,101,431,43,19,153,0,82,203,59,32,46,333,0,102,0,0,0,111,0,87,0,0,0,105,64,250,61,115,0,0,0,0,76,264,72,0,0,49,0,0,0,27,0,0,0,0,0,0,0,197,100,37,0,0,0,0,69,0,0,0,37,29,72,0,0,402,0,43,22,193,0,0,0,90,220,0,54,37,46,95,78,0,76,0,0,146,83,59,0,81,120,0,0,0,135,0,55,71,105,0,0,0,41,52,100,0,72,38,113,0,130,0,25,0,87,45,109,0,218,0,0,46,0,84,103,21,0,32,158,0,66,211,130,0,0,0,0,0,140,0,128,55,100,397,74,302,37,81,0,0,67,38,0,0,116,0,0,71,422,0,187,21,649,0,0,0,0,0,62,0,0,59,0,0,221,0,0,0,0,0,0,93,35,0,0,90,0,50,0,58,110,104,46,0,0,398,17,0,0,37,207,35,96,0,0,0,83,82,197,292,0,0,36,32,0,101,0,75,0,23,51,58,0,41,276,77,96,152,62,0,81,0,119,201,33,0,35,39,0,0,61,0,126,0,0,60,92,0,0,155,339,0,0,0,0,0,51,0,0,0,0,0,223,29,173,70,0,0,0,0,84,0,105,0,0,0,240,76,74,206,32,27,0,83,0,35,0,0,30,0,0,0,0,0,171,64,0,0,0,0,59,50,192,0,58,98,0,0,0,0,0,78,0,62,122,159,187,0,0,80,124,90,0,94,0,0,58,134,124,155,104,0,79,76,31,215,52,97,60,0,170,150,45,0,0,48,98,39,0,97,32,34,51,0,108,0,0,138,64,0,0,140,0,136,0,46,0,0,0,0,93,0,0,131,54,0,49,41,622,0,0,70,0,57,82,0,0,50,91,530,33,0,0,206,64,0,28,24,0,0,0,184,0,0,115,126,386,0,479,0,2015,80,58,0,70,0,46,0,0,0,25,0,0,0,30,136,0,99,134,90,20,0,0,0,0,240,656,265,84,77,0,27,55,34,57,0,144,72,33,0,0,64,0,0,42,314,0,47,125,69,152,42,0,174,104,66,99,189,52,0,86,0,36,97,212,0,55,137,187,121,0,327,91,14,0,323,421,181,57,0,282,73,0,124,0,0,0,43,0,0,0,52,0,57,208,0,0,0,97,63,79,152,0,67,44,0,0,0,14,0,29,0,233,0,51,0,22,54,0,90,102,162,89,61,0,50,359,47,0,407,82,134,237,60,91,0,55,0,0,129,0,0,136,77,0,0,0,0,0,0,50,0,0,0,0,0,75,195,0,77,53,0,75,43,115,0,0,84,321,43,0,0,236,74,212,0,17,0,74,41,98,0,30,0,127,0,51,393,65,0,66,0,0,0,81,61,630,0,0,109,0,299,154,0,219,54,32,90,0,0,0,47,0,49,74,0,0,0,34,0,336,0,0,57,46,0,71,0,0,59,36,0,0,41,0,0,34,0,0,268,0,0,37,89,78,0,38,0,0,71,0,118,18,65,131,0,28,0,79,0,0,0,32,0,0,0,0,0,0,49,27,24,70,0,70,0,0,56,0,0,132,101,0,0,0,40,92,49,52,0,75,0,0,0,94,0,0,0,32,0,40,42,92,88,0,0,37,0,0,87,0,229,39,0,46,88,68,0,306,188,0,36,125,0,67,24,0,205,0,49,93,0,0,592,0,93,0,55,0,0,186,0,0,56,0,78,0,0,61,0,0,0,0,0,0,0,0,0,0,68,0,55,0,124,132,0,0,0,0,0,25,0,50,122,0,0,42,157,227,35,108,0,0,67,0,65,0,95,0,132,48,0,67,89,0,156,58,84,35,199,0,239,61,0,249,0,0,0,0,0,55,47,48,68,88,144,0,116,0,111,0,52,0,0,40,53,0,51,0,26,0,53,0,52,147,0,77,71,0,179,146,61,85,132,0,0,56,40,0,356,0,0,54,0,0,0,0,0,0,57,0,62,0,190,0,84,92,83,0,50,131,0,23,0,31,0,0,0,28,91,0,0,26,96,51,27,0,0,13,73,0,0,0,239,198,58,46,0,47,0,0,0,155,12,43,166,0,0,44,0,43,84,0,0,0,0,0,0,0,249,149,0,48,50,0,324,0,0,0,59,0,38,0,0,0,108,43,0,145,54,0,0,35,0,0,154,0,43,0,119,103,57,0,192,88,30,36,123,58,114,0,0,78,145,0,280,0,34,55,38,0,59,0,291,0,0,111,251,0,0,141,113,0,61,0,144,0,0,36,0,0,0,0,240,0,0,298,0,73,0,66,55,80,34,50,0,89,0,64,0,0,0,0,38,57,0,0,207,176,0,0,76,60,0,83,0,57,161,41,0,0,0,304,0,0,32,41,0,59,0,95,0,0,36,78,30,61,25,0,97,96,77,79,43,27,77,156,86,0,40,86,353,46,0,0,55,162,0,50,0,0,0,201,69,0,0,0,0,25,61,34,43,13,145,0,224,0,0,0,276,0,271,42,70,50,0,91,126,67,143,0,165,60,96,0,71,210,0,0,0,33,33,0,0,57,340,0,0,510,0,0,30,0,73,0,0,155,72,0,0,0,53,0,176,153,0,427,83,88,53,0,41,56,24,84,210,0,0,0,0,0,215,0,0,0,87,0,38,0,40,0,0,111,86,75,73,93,0,404,107,675,22,0,20,59,0,178,0,0,50,0,0,0,43,0,0,0,63,21,0,392,0,0,0,0,0,26,0,120,0,601,0,0,99,0,46,50,0,0,193,88,0,41,0,0,44,50,65,0,106,31,35,0,0,54,85,52,0,53,0,0,275,0,0,0,75,46,75,81,0,105,53,55,0,0,0,80,95,65,26,50,0,34,33,0,0,0,12,0,0,0,87,84,67,62,68,37,20,53,0,0,0,0,71,0,57,0,88,44,58,32,0,30,410,49,0,79,86,0,267,26,0,35,0,0,57,65,0,209,0,0,0,0,0,85,0,172,0,21,0,129,27,43,83,75,92,0,0,21,138,0,0,59,34,0,0,0,26,118,136,46,73,42,0,0,344,0,21,377,50,0,0,0,52,36,0,114,70,159,0,0,0,0,0,0,81,61,52,38,0,61,57,33,62,260,157,66,0,0,0,83,240,82,52,29,176,0,0,124,43,134,0,152,110,35,0,0,0,0,192,177,123,213,0,0,86,0,0,0,96,0,0,64,0,125,0,0,152,0,0,0,0,0,41,29,33,78,45,212,72,0,0,300,27,0,0,0,161,421,0,0,0,0,0,0,117,0,71,206,0,63,63,0,0,26,0,0,84,71,102,16,0,0,66,96,69,41,0,0,105,0,35,0,142,0,62,0,0,0,0,87,193,0,0,57,283,77,45,0,616,0,0,0,0,0,0,105,62,0,45,166,0,0,0,0,0,0,0,42,0,28,76,22,67,93,0,196,109,0,145,0,31,0,59,103,129,69,162,69,0,365,167,0,61,91,105,56,0,0,0,47,46,0,95,36,0,283,101,0,0,0,257,110,78,0,0,0,78,130,82,0,103,0,25,0,0,77,90,120,59,164,566,0,0,0,0,15,0,86,26,0,146,221,585,86,93,54,33,80,0,103,0,55,62,46,59,0,65,63,0,0,320,0,100,0,0,114,0,0,105,24,131,98,375,37,0,107,50,109,187,0,137,0,0,0,48,163,0,92,67,0,171,0,0,148,170,85,242,170,45,47,141,38,86,0,143,171,0,88,0,0,199,149,41,74,86,0,0,543,0,194,73,89,0,46,137,43,80,0,0,28,0,58,49,245,0,37,0,48,249,0,103,716,0,78,0,102,78,0,39,0,65,252,179,263,192,0,0,0,139,57,0,0,0,0,0,0,56,0,0,0,54,65,425,0,0,0,149,0,109,129,321,0,58,37,0,39,0,0,0,88,0,115,143,0,187,286,0,0,0,0,0,0,65,38,97,353,64,95,62,0,98,0,88,78,0,139,121,213,269,0,75,0,0,160,66,27,0,0,165,27,0,0,0,61,689,45,0,0,54,0,173,67,93,300,0,96,0,66,0,227,0,137,394,52,0,563,0,0,35,108,38,56,0,0,0,118,93,83,192,49,337,83,0,0,0,69,0,94,63,0,0,91,0,0,985,0,0,725,75,45,0,172,0,302,128,0,251,98,0,0,155,0,0,86,0,166,53,59,48,0,48,0,0,0,650,63,0,0,0,378,30,67,87,313,65,0,0,51,75,68,0,0,174,0,41,45,0,0,62,0,129,0,300,0,0,59,0,0,0,0,100,0,463,145,0,57,0,225,68,0,64,48,83,66,138,157,0,79,0,0,64,41,64,0,35,0,0,73,101,0,0,311,0,0,30,0,0,0,43,0,30,0,203,0,22,0,139,72,39,0,0,44,140,38,0,0,77,0,0,0,0,0,53,57,113,0,123,0,100,327,0,0,0,0,47,0,0,82,82,0,0,0,0,107,38,49,115,57,0,160,0,0,159,54,74,62,41,139,76,0,59,75,45,37,65,0,45,260,154,0,0,165,92,85,61,0,67,122,0,79,0,0,163,111,262,0,71,34,0,130,247,0,97,102,0,241,126,0,0,0,74,0,0,0,0,33,0,77,0,27,43,537,0,0,45,128,50,0,151,0,59,178,24,0,769,39,411,0,89,0,0,347,45,172,40,0,0,0,0,0,90,29,0,106,0,0,36,0,112,142,0,0,58,38,22,70,0,0,50,44,0,0,29,280,0,43,25,0,0,113,0,62,143,0,78,255,0,0,0,56,151,44,0,0,0,58,0,38,55,102,0,0,70,70,0,0,426,55,30,162,43,184,59,57,0,58,0,0,20,156,0,58,39,0,108,248,0,0,0,196,0,82,34,149,56,127,101,126,0,0,377,34,441,21,148,118,0,61,0,0,0,73,265,57,40,157,0,0,0,90,0,141,97,53,0,35,0,0,39,0,309,38,0,81,0,0,116,0,0,0,81,0,338,64,47,0,0,39,51,0,58,0,35,60,48,63,129,81,40,0,106,88,114,0,44,0,0,0,0,112,0,34,0,0,0,77,0,0,83,159,45,0,0,0,0,28,0,0,0,0,74,173,382,1678,38,51,93,103,173,66,142,37,181,70,110,0,82,114,56,0,43,39,0,54,80,0,339,41,0,29,29,104,366,0,89,0,222,35,49,0,44,0,46,193,42,656,111,0,229,0,0,40,63,0,98,58,196,0,0,35,146,0,0,78,0,0,125,0,81,51,0,81,139,606,59,0,271,0,184,0,133,0,82,44,0,0,0,61,136,34,34,56,0,128,137,0,0,76,52,247,329,47,0,0,49,0,0,883,116,0,0,0,54,0,30,0,0,45,24,123,49,87,39,0,80,0,0,168,72,59,56,50,69,0,393,0,0,0,0,0,0,0,54,202,0,69,151,105,0,57,44,0,0,87,65,32,0,72,958,39,0,50
116,0,0,0,0,0,57,32,0,29,0,119,0,0,0,210,207,305,0,0,0,0,0,53,0,43,0,0,0,0,0,0,0,0,0,0,0,0,0,45,54,0,0,0,198,0,61,0,98,0,200,46,0,61,0,54,0,0,0,0,0,33,0,125,0,0,99,0,0,24,214,0,0,44,0,97,0,0,231,0,83,0,0,54,141,0,0,0,0,0,70,30,0,0,72,0,57,0,0,14,0,0,0,72,0,0,60,0,0,0,282,0,0,118,120,0,0,176,39,0,167,0,154,0,0,0,28,51,58,0,68,0,162,0,43,59,55,30,61,54,137,48,50,294,0,0,69,25,34,89,0,0,62,0,51,0,0,41,0,109,58,0,0,0,48,0,24,21,87,131,160,50,48,0,0,32,28,53,34,34,0,128,0,0,0,77,32,135,49,0,0,0,61,0,90,0,138,0,0,92,0,0,0,0,447,0,0,22,0,66,50,147,0,78,0,56,36,71,0,0,177,157,0,0,111,0,0,0,0,0,68,0,0,33,0,0,0,0,0,0,0,59,0,27,0,0,119,0,59,0,0,0,100,91,90,0,0,0,0,44,66,71,47,70,32,0,0,85,127,88,33,0,127,78,31,0,73,0,480,55,0,0,92,153,54,0,0,268,1372,98,0,0,83,0,0,0,0,0,62,42,0,24,19,36,34,468,98,61,0,63,63,146,60,0,0,0,73,85,0,51,0,0,0,48,55,39,0,133,0,0,0,0,97,0,0,104,0,0,0,51,0,41,0,0,0,0,0,0,89,700,145,0,0,92,137,0,81,0,157,24,0,49,51,0,67,0,145,57,54,0,88,0,0,0,62,19,64,0,0,117,0,0,43,0,0,340,0,130,0,0,0,0,563,0,59,30,83,0,88,75,0,0,58,0,0,102,0,0,0,0,0,0,55,0,0,0,175,0,0,187,0,70,0,0,51,63,0,0,58,0,0,0,20,0,74,0,0,27,0,41,0,0,289,63,39,41,89,47,0,0,0,0,78,0,0,0,78,0,0,26,157,0,75,82,0,36,0,40,0,0,0,0,159,42,46,0,0,138,64,37,85,0,0,77,34,0,0,65,0,33,110,32,0,61,0,85,172,95,60,0,0,82,0,471,38,0,123,72,81,0,0,54,0,0,0,0,33,0,0,101,0,0,168,118,31,0,90,85,0,0,46,0,0,0,0,0,0,0,0,78,0,50,84,0,0,0,77,0,0,137,108,50,0,0,0,0,0,0,0,92,0,118,0,0,76,0,0,0,0,0,0,0,0,0,0,0,0,0,0,53,74,178,61,0,65,0,115,204,0,0,0,268,0,61,0,0,0,97,0,0,0,0,0,0,0,76,29,54,0,0,0,0,190,129,32,0,0,28,0,0,0,0,0,0,0,0,30,30,0,101,68,0,0,0,0,0,0,0,0,0,0,0,64,0,0,92,0,47,37,58,131,29,0,0,161,0,0,0,40,0,0,0,28,0,0,58,0,0,0,0,82,0,41,0,154,0,0,0,209,0,0,0,0,28,0,0,0,0,26,0,54,0,31,0,0,0,90,0,176,0,0,65,0,64,72,0,0,78,76,0,27,87,133,0,0,0,0,0,0,25,77,85,72,117,56,115,0,37,0,0,104,64,0,0,60,0,0,0,32,0,97,0,250,58,0,36,0,0,37,0,0,43,0,0,0,0,0,29,0,0,0,38,0,0,0,0,0,0,0,0,43,103,0,0,0,73,0,27,0,0,72,0,92,0,0,0,67,74,65,84,0,0,0,0,0,0,0,59,0,0,0,0,0,0,133,0,21,0,37,0,0,0,133,99,0,127,0,0,0,42,115,0,176,0,0,0,50,0,0,111,86,0,0,0,0,0,63,42,0,0,0,29,166,0,27,0,0,34,0,0,89,0,29,0,0,0,173,137,0,93,0,0,0,0,0,0,0,0,0,0,0,0,0,0,74,99,0,0,0,38,37,31,0,0,62,51,0,36,0,0,0,96,0,0,131,75,42,0,0,48,0,81,0,0,0,33,0,72,111,66,0,0,51,32,22,240,25,0,35,0,65,63,23,0,31,0,73,0,0,0,0,0,0,0,0,0,0,57,76,0,0,50,0,76,0,78,0,0,50,60,0,0,39,40,49,0,64,0,179,0,0,38,0,0,175,47,0,51,0,324,0,0,0,110,55,25,0,0,0,0,0,88,0,0,78,0,97,44,127,0,378,0,0,0,39,0,0,0,0,0,78,0,57,0,0,125,0,0,130,42,0,0,0,80,0,89,50,71,73,59,0,0,35,0,0,0,155,30,45,0,0,0,0,39,0,107,0,90,235,0,142,0,62,56,58,45,72,153,33,0,50,0,0,0,285,0,0,73,46,47,0,42,0,0,62,125,172,158,100,0,111,27,42,94,0,0,0,0,0,28,0,0,0,29,166,0,0,0,76,0,0,160,0,48,0,0,11,0,0,0,0,0,79,0,0,53,44,0,0,0,39,76,55,375,0,0,293,36,0,180,0,53,85,54,0,0,0,160,0,53,0,0,104,0,0,0,0,71,46,0,0,0,30,42,0,0,0,109,62,37,29,107,76,0,0,0,38,0,107,0,0,38,70,122,215,38,0,0,81,0,79,0,0,80,95,0,0,79,174,0,74,0,0,0,55,232,327,0,0,37,0,293,79,0,0,43,0,0,0,27,0,0,0,35,0,0,0,42,0,0,47,0,0,0,35,0,32,0,0,0,0,0,0,0,0,0,0,0,0,81,0,0,0,47,40,0,0,0,0,0,0,75,0,0,0,0,0,0,0,0,0,0,0,0,0,0,0,0,0,0,0,0,0,0,0,0,0,43,0,78,95,52,0,0,0,0,0,0,0,0,64,0,0,0,31,0,0,0,0,0,0,0,0,0,0,0,38,0,0,38,0,93,0,0,0,0,0,0,0,88,0,0,71,0,0,0,0,60,0,0,117,0,0,648,0,38,0,0,0,0,121,0,0,49,0,0,0,0,49,0,0,0,0,0,0,0,0,0,0,40,0,0,0,0,38,0,0,0,0,0,30,0,0,0,0,0,0,90,106,0,0,0,33,0,0,0,0,0,0,93,0,0,0,37,0,60,0,0,0,45,0,105,0,0,69,0,0,0,0,0,111,30,0,86,56,53,0,106,0,55,0,0,0,0,0,0,0,0,44,0,0,0,0,0,39,0,0,0,0,96,0,0,14,0,0,0,0,0,0,139,0,0,0,0,0,0,0,0,23,0,0,0,0,34,0,0,46,69,0,0,33,0,0,0,0,0,0,0,0,71,0,0,0,0,64,0,0,0,0,0,0,0,0,0,44,0,0,0,0,0,0,0,98,0,50,158,0,0,0,32,0,41,0,0,0,36,0,0,0,95,31,0,0,0,35,117,0,0,0,0,0,113,0,0,0,67,61,0,102,0,0,0,0,0,27,86,21,24,0,87,132,0,0,134,109,0,0,55,46,68,0,0,40,127,0,195,0,0,43,84,0,0,0,221,0,0,81,372,0,0,71,65,0,56,44,101,0,44,43,0,20,0,0,107,0,0,367,0,23,43,0,0,0,0,0,0,75,0,0,0,0,0,0,27,67,0,0,188,96,60,0,48,28,0,35,0,84,86,46,0,0,0,247,0,0,51,0,0,49,0,37,0,34,47,64,38,0,0,0,51,0,0,0,53,0,96,94,36,0,0,85,85,0,0,45,0,114,0,0,0,0,0,97,0,24,0,0,158,0,99,0,49,0,129,0,375,0,0,0,424,0,143,34,0,20,0,114,119,35,78,0,0,0,93,0,73,123,0,0,0,0,0,0,0,44,85,0,0,358,0,0,0,0,0,0,0,102,0,0,0,0,0,0,24,52,80,177,0,50,0,0,30,0,0,0,133,0,0,30,0,37,190,0,0,0,36,0,58,0,0,0,0,237,168,78,0,30,0,184,53,495,0,0,0,0,0,174,0,0,55,22,0,0,43,0,35,0,0,0,0,344,0,0,0,0,0,0,0,124,0,476,0,121,64,0,0,0,0,0,174,73,0,0,0,0,45,46,0,0,45,0,0,0,0,0,17,0,0,36,0,0,134,0,0,0,48,0,131,50,0,120,0,23,0,0,0,0,0,29,0,0,0,0,0,0,0,0,0,0,0,0,48,25,50,0,59,39,0,0,0,0,0,0,0,0,0,0,55,0,50,0,0,0,57,0,0,0,71,0,162,9,0,0,0,26,21,40,0,82,0,0,0,0,0,0,0,0,0,0,0,45,0,0,0,0,0,0,0,39,49,0,0,0,19,0,0,0,0,0,0,0,31,0,0,0,0,0,0,180,18,0,0,0,0,0,0,29,45,164,0,0,0,0,0,0,39,0,0,0,0,38,0,0,0,290,52,34,0,0,0,82,101,54,0,0,167,0,0,28,0,99,0,26,67,0,0,0,0,0,80,55,0,123,0,0,0,0,0,0,41,0,0,0,0,76,0,0,0,0,0,0,0,0,0,0,0,0,0,57,101,0,0,194,38,0,0,0,0,37,10,0,0,0,0,0,51,0,0,74,0,0,0,94,0,0,0,0,0,0,45,0,0,0,37,108,0,0,0,0,0,0,41,0,110,0,0,0,0,0,0,34,72,0,0,0,0,0,39,0,363,0,0,0,0,0,0,0,0,0,28,209,0,0,0,0,0,0,0,0,0,0,51,0,26,0,0,0,25,0,88,0,0,0,0,0,88,0,0,0,0,40,0,0,0,0,0,0,0,0,0,0,0,0,0,63,0,140,89,0,0,0,59,0,34,0,0,0,0,0,0,0,31,0,0,0,0,44,93,0,0,82,397,0,0,0,0,0,0,71,0,31,0,50,295,0,100,0,0,131,0,61,0,0,37,0,0,0,0,0,0,51,141,0,0,0,0,0,0,0,34,26,0,0,218,0,0,64,0,136,32,0,131,0,0,0,0,45,0,126,0,0,62,0,0,90,47,0,105,33,0,0,34,0,55,18,89,0,0,0,0,0,194,133,0,20,0,0,0,544,0,29,81,0,0,0,0,69,0,0,0,0,0,0,0,74,0,0,0,0,220,0,0,0,0,0,0,0,32,0,0,0,0,67,0,0,82,0,0,0,0,0,0,0,0,0,0,0,0,0,0,0,0,0,282,0,0,0,34,0,51,57,78,0,0,0,0,0,0,0,0,0,0,31,0,0,97,76,0,0,0,0,39,0,0,61,0,164,0,146,56,0,58,0,0,46,0,41,22,191,0,0,18,0,0,0,58,0,0,0,24,0,0,0,0,0,870,0,0,0,36,0,43,72,42,160,0,99,48,0,0,39,0,0,118,0,0,0,0,0,36,0,0,0,0,0,0,0,38,0,0,0,0,174,0,0,0,0,0,0,32,0,0,0,0,0,343,0,0,262,41,84,0,0,0,101,60,0,47,0,0,0,0,0,0,87,0,207,47,0,0,0,34,0,0,0,0,36,0,0,0,74,0,50,69,122,0,15,0,0,0,23,0,0,149,0,0,0,0,75,58,0,35,66,187,0,0,0,34,0,0,0,104,0,234,37,0,0,0,0,0,0,40,0,0,0,84,92,0,29,0,0,0,0,0,0,0,0,0,47,46,0,0,0,0,0,42,0,0,0,44,0,31,0,25,0,0,0,0,50,40,0,0,0,134,0,0,0,0,0,0,0,0,0,0,14,0,0,0,0,30,0,0,0,0,0,0,0,0,0,0,0,0,0,0,31,0,0,115,0,0,137,0,0,0,0,33,38,0,128,55,0,0,53,0,0,39,0,0,149,44,0,0,133,0,0,0,0,59,67,58,0,0,0,92,0,183,0,106,72,0,107,68,0,0,0,0,88,0,0,0,0,0,33,85,0,0,0,0,100,0,0,0,560,0,0,41,66,0,0,0,0,0,69,74,0,326,0,113,0,39,0,0,135,0,0,41,103,46,0,0,0,0,51,0,108,37,24,0,0,61,73,158,0,24,0,0,0,0,0,28,0,35,0,0,76,54,0,0,0,0,40,0,59,102,0,57,0,0,0,0,46,34,62,0,0,0,0,0,0,19,0,0,0,0,56,0,0,57,0,0,0,51,104,46,0,0,0,0,0,0,56,0,0,33,0,0,53,0,0,0,105,0,0,0,39,0,22,66,0,0,0,0,0,114,0,0,0,0,0,0,0,0,0,165,0,0,91,0,72,0,0,0,130,0,0,0,0,0,0,0,0,62,0,0,0,0,0,107,37,0,0,0,0,103,0,0,0,0,0,0,0,0,32,33,0,0,0,75,0,0,0,144,37,121,0,0,0,0,0,0,51,0,0,0,19,0,43,0,0,0,126,0,0,0,0,0,0,0,0,0,0,0,67,324,610,0,46,0,86,0,42,57,0,49,0,52,0,0,0,0,22,0,0,0,0,0,0,109,58,0,32,0,0,147,0,0,0,24,0,0,0,0,0,0,109,0,80,0,0,104,0,0,37,0,0,0,0,243,0,0,0,74,0,0,0,0,0,50,0,0,0,31,0,94,349,0,0,60,27,81,0,19,0,0,0,0,0,113,0,50,0,0,0,0,67,60,0,0,0,0,90,178,0,0,0,0,0,0,261,0,0,0,0,66,0,0,0,0,0,0,75,0,0,0,0,0,0,0,64,62,0,0,0,0,0,223,0,0,0,0,0,0,0,0,94,0,0,0,0,0,35,0,0,0,0,0,0,0,0,337,33,0,25
117,0,0,0,0,0,111,0,0,37,0,452,32,0,0,158,237,183,0,27,0,60,57,71,120,78,0,0,69,0,35,0,37,0,60,121,56,0,94,149,0,77,0,0,358,0,42,46,147,0,148,0,146,194,0,141,0,25,0,0,0,186,59,98,35,58,51,0,0,0,550,0,64,46,0,257,57,0,480,60,107,0,0,189,291,44,0,0,72,62,165,0,0,0,156,0,0,0,37,0,0,46,35,136,0,0,26,0,121,58,206,44,89,90,84,0,47,105,68,0,270,0,212,60,0,0,55,0,0,49,78,0,363,25,111,69,0,117,72,0,165,70,95,107,0,36,0,0,0,113,0,0,130,66,146,44,0,107,0,165,142,0,0,151,119,77,54,0,32,182,350,88,40,113,0,34,57,60,31,119,58,166,0,41,0,28,0,533,272,0,0,0,128,92,186,0,76,0,0,125,0,0,180,0,381,48,0,44,81,105,146,160,0,83,0,185,0,119,0,0,103,262,0,0,317,0,0,38,203,28,108,0,0,0,33,0,37,96,349,38,0,0,0,109,0,0,74,0,43,0,0,101,309,0,0,36,73,0,0,70,175,229,141,22,42,0,0,460,173,565,33,0,105,340,115,44,0,0,641,271,0,0,95,138,34,60,67,146,1935,38,80,0,136,0,0,49,33,128,47,76,66,0,0,25,0,795,159,155,0,0,0,429,110,0,0,52,91,73,30,101,0,0,0,0,202,45,0,156,20,45,244,0,228,72,0,205,50,0,0,112,0,59,33,45,30,0,0,0,0,717,154,78,0,134,368,0,104,65,288,43,47,51,85,38,70,257,401,165,88,0,85,76,73,0,43,142,162,0,0,96,62,55,54,37,106,694,63,240,55,0,0,0,1133,0,74,58,933,46,188,155,0,0,187,0,0,82,29,51,0,81,54,0,117,0,0,0,204,126,265,80,42,147,40,0,105,41,93,0,169,0,0,0,0,0,102,18,0,36,0,144,0,0,405,96,65,42,262,144,34,79,0,0,222,0,64,47,58,0,0,40,261,0,171,0,0,0,0,38,0,50,0,0,252,83,0,69,92,290,76,97,141,0,104,0,68,0,0,97,69,318,315,57,34,0,0,97,66,273,155,0,0,86,0,182,0,49,269,81,58,0,0,97,0,0,0,0,168,0,97,48,87,21,266,130,0,0,93,144,221,0,53,0,0,0,100,42,0,0,0,69,40,48,251,0,0,30,0,0,48,153,149,0,0,0,43,0,0,94,59,149,166,255,0,59,0,215,0,0,0,0,173,143,0,0,0,0,0,147,0,86,153,187,170,0,305,0,421,432,48,0,0,466,0,64,31,0,0,180,0,0,0,0,54,77,51,70,0,71,0,36,0,36,425,322,40,0,47,61,0,47,18,0,0,39,0,0,31,0,0,144,169,43,0,53,0,61,0,0,25,0,0,0,105,0,46,164,0,0,30,113,86,55,0,87,505,0,121,0,68,73,63,49,42,0,0,89,61,92,0,42,271,36,47,0,115,68,44,52,372,53,0,0,103,82,220,0,79,36,59,0,138,48,49,0,0,0,102,33,117,0,42,52,0,147,71,0,36,102,128,61,0,30,140,0,0,0,0,38,114,85,184,65,75,1065,188,175,70,87,0,0,136,0,0,71,119,0,0,0,186,62,129,67,451,51,0,41,0,0,112,0,52,72,0,0,145,0,0,0,0,36,0,116,0,70,31,63,0,44,0,103,53,115,23,45,18,147,27,0,19,23,54,50,168,0,0,0,79,81,142,169,0,0,0,0,0,58,0,33,0,0,0,51,0,35,95,41,73,57,105,0,58,0,156,44,0,58,0,39,0,0,65,37,180,0,0,59,100,0,0,141,0,0,38,31,0,0,125,38,0,0,0,31,266,0,177,78,0,34,49,0,72,0,37,65,0,0,455,423,64,140,0,0,0,149,57,55,0,0,0,32,0,25,0,0,103,128,0,22,0,38,0,81,145,0,59,91,0,72,0,0,50,144,0,89,146,47,379,0,30,0,127,489,0,41,0,36,50,200,129,426,101,0,164,25,35,410,67,47,69,0,93,306,76,0,29,262,49,47,44,85,34,0,44,0,58,0,67,87,175,0,0,101,0,215,67,88,0,0,37,88,63,0,199,195,52,0,106,49,355,0,38,77,0,113,183,206,29,222,34,109,47,59,0,276,95,73,0,125,40,0,168,185,0,0,92,76,704,87,658,0,1458,149,58,30,0,0,59,0,0,54,70,34,132,0,0,325,42,64,573,63,133,34,0,153,54,122,531,108,23,157,0,54,61,0,52,0,288,43,88,0,19,108,0,0,0,175,0,402,971,126,183,63,138,180,66,0,401,44,43,19,0,0,96,73,298,0,269,68,124,0,0,252,0,127,74,295,222,77,279,0,183,177,31,208,28,125,0,113,34,62,0,0,0,0,1720,0,0,0,101,99,45,210,0,84,34,82,62,78,0,61,9,63,317,51,0,149,70,0,0,63,57,138,95,339,42,27,418,43,0,325,54,122,338,0,70,0,0,164,0,473,0,0,203,324,0,15,0,108,156,0,104,0,124,0,0,37,0,73,158,74,57,83,140,189,438,0,58,50,146,62,0,170,165,210,329,173,0,43,181,56,107,0,0,43,439,0,52,258,217,64,18,69,0,0,29,392,442,0,34,132,0,251,254,0,157,0,0,0,0,50,0,39,0,62,178,30,0,67,0,31,151,0,36,86,0,22,0,60,0,68,66,0,29,82,0,0,47,0,0,0,0,0,0,90,137,0,61,0,0,73,0,114,0,119,86,0,62,0,0,0,0,0,0,44,122,0,0,0,0,25,32,39,120,38,147,0,0,58,0,195,115,98,0,0,0,0,153,0,52,0,256,82,51,0,42,60,0,49,0,0,0,45,76,84,0,0,77,0,0,123,0,142,63,0,0,75,0,38,274,291,0,0,219,0,50,0,0,332,96,0,356,0,0,331,0,0,0,58,0,0,579,0,62,137,64,201,0,151,131,0,0,48,63,0,61,180,0,25,0,76,0,104,0,76,126,0,0,0,40,0,29,0,21,0,0,0,0,864,321,0,209,0,42,189,186,33,0,121,0,66,0,0,49,102,0,246,0,39,54,99,0,394,60,0,330,26,0,42,0,0,63,123,47,139,63,253,66,129,0,186,0,93,146,0,0,81,22,33,26,43,0,82,61,112,50,0,118,144,45,359,87,107,53,79,0,0,0,0,0,195,0,0,174,0,0,0,196,0,0,78,70,31,0,115,71,40,50,62,0,61,225,0,0,0,0,48,47,0,64,33,0,105,75,64,120,0,53,0,47,146,65,0,0,296,218,97,48,76,0,0,0,44,95,30,70,456,0,0,66,99,0,60,58,65,27,48,0,0,127,188,94,0,45,170,69,221,0,61,139,0,45,232,0,0,0,162,56,0,115,51,67,0,54,0,0,191,0,103,0,187,71,0,37,179,184,0,39,329,110,155,0,0,86,498,0,348,0,19,49,204,0,0,89,424,0,74,175,1015,0,0,231,0,0,74,166,374,0,123,60,93,113,44,0,214,0,0,333,0,87,48,53,53,147,0,66,44,73,0,333,0,0,0,17,20,150,0,81,198,333,49,0,40,98,66,78,0,188,114,0,0,62,47,397,50,38,34,0,80,27,0,187,344,108,159,90,66,264,0,18,136,140,130,117,253,54,238,240,84,64,25,41,338,0,35,69,56,282,0,144,0,19,0,520,101,40,0,0,362,139,52,44,81,0,191,0,270,0,25,0,248,0,491,86,119,54,44,90,155,45,193,0,160,63,88,102,43,158,0,34,0,110,53,72,0,45,271,0,0,588,71,0,0,151,193,0,24,265,180,0,40,0,47,0,210,124,313,1066,47,139,177,0,0,132,0,32,220,0,0,61,0,0,210,0,0,110,447,0,160,0,64,50,0,190,267,226,129,49,69,192,138,669,0,33,30,228,0,153,44,98,36,134,42,0,0,0,0,0,143,20,53,629,140,34,0,0,0,0,50,120,0,397,27,41,95,0,0,137,105,0,193,74,0,0,49,0,110,126,82,0,75,0,93,73,0,104,105,74,0,117,0,0,449,0,96,0,82,103,178,384,46,86,68,87,0,0,31,91,0,81,94,215,0,0,94,0,0,0,59,62,0,0,104,144,42,113,257,53,0,31,112,0,0,0,61,47,88,0,414,0,78,108,73,58,408,0,0,101,282,0,51,115,0,28,100,239,136,94,0,171,0,85,0,0,28,71,162,246,0,0,0,282,0,119,148,128,187,0,0,57,210,0,0,150,32,0,0,72,41,220,438,0,99,64,0,0,561,0,61,83,0,29,0,0,0,40,0,387,182,483,0,68,53,73,0,36,143,50,87,24,0,70,380,46,82,753,153,143,0,40,0,90,174,207,59,42,618,24,0,162,95,323,0,159,205,59,45,0,0,68,319,320,36,333,60,0,91,0,0,0,184,0,0,169,0,211,0,0,238,0,0,0,0,141,124,59,0,154,67,270,171,58,50,531,61,44,0,27,353,517,24,80,0,0,62,0,155,35,62,372,40,96,149,193,29,63,0,0,149,52,273,0,0,0,121,97,123,126,0,0,56,0,166,0,146,0,64,0,60,0,0,112,167,0,0,0,370,93,44,0,734,0,38,0,0,0,0,157,48,0,0,302,50,0,0,0,0,152,85,57,32,0,189,0,90,45,0,68,313,0,49,0,0,0,0,99,174,73,229,54,0,284,46,67,0,0,68,66,42,0,0,71,0,0,110,0,38,104,27,0,0,36,64,85,88,0,0,0,86,112,80,0,33,0,0,0,0,45,119,0,48,203,463,103,0,57,0,0,157,58,0,39,103,89,223,71,209,0,0,119,27,132,0,85,44,0,94,0,0,0,0,140,405,0,0,208,0,0,0,0,88,18,73,18,418,133,51,63,44,536,106,0,272,36,0,0,75,131,0,113,95,0,108,0,0,95,149,68,67,56,35,39,142,145,60,62,107,56,0,46,0,0,192,182,0,48,59,0,0,265,0,200,89,0,76,45,75,381,0,0,0,69,63,0,0,95,0,97,0,0,338,0,0,359,26,0,0,71,0,0,0,0,40,240,0,80,110,216,0,0,77,84,79,0,48,24,0,95,0,0,0,89,0,51,334,0,0,276,77,0,178,0,65,0,55,0,37,0,0,0,0,67,61,75,0,19,171,198,0,0,0,0,84,0,86,269,153,239,167,105,134,74,267,0,63,89,0,126,57,238,165,275,73,0,0,39,76,0,0,0,151,0,58,51,98,0,240,0,0,0,50,0,59,537,124,239,0,95,0,0,0,118,0,582,331,77,58,365,0,0,187,60,62,0,80,0,0,40,34,68,136,0,267,79,0,0,0,57,0,69,57,0,0,0,0,0,772,0,0,364,114,106,32,89,48,337,49,0,176,150,0,26,148,0,0,78,0,272,46,48,47,0,0,25,0,0,492,80,0,0,0,350,0,214,108,232,265,0,0,0,121,61,0,0,155,0,0,48,76,190,73,127,241,136,329,0,25,49,82,35,48,0,92,0,482,198,40,0,0,149,77,0,79,71,29,336,156,0,55,105,27,39,103,40,112,0,35,0,0,286,92,35,27,240,62,0,88,0,0,40,160,0,68,124,223,31,62,0,119,81,0,0,0,347,498,96,0,0,64,0,37,0,49,136,39,49,256,60,104,0,64,260,0,0,0,0,46,76,0,80,198,27,40,66,0,96,70,116,180,65,0,402,0,0,159,0,0,0,62,397,118,96,57,0,0,52,117,69,45,468,96,0,0,204,124,176,95,59,138,229,94,155,33,0,300,115,363,77,245,59,121,162,191,0,64,92,0,78,45,76,42,0,1276,73,166,0,44,0,0,167,0,28,0,317,0,82,153,75,113,41,237,0,195,318,128,49,941,0,580,0,163,34,103,152,27,138,102,295,71,48,8,0,109,0,0,70,56,64,73,0,78,345,343,38,101,43,0,186,0,25,91,0,73,102,0,161,258,0,39,0,27,53,18,85,520,0,0,86,24,47,0,86,284,159,35,0,89,80,0,38,68,134,42,0,93,199,0,15,398,32,106,153,181,177,142,117,0,71,0,0,0,183,0,44,93,0,102,133,41,0,0,219,0,157,100,182,73,115,176,202,0,0,358,88,256,39,130,56,0,25,43,0,48,52,288,151,0,211,77,110,0,78,0,0,48,0,0,0,53,0,49,48,299,49,0,121,0,0,58,50,0,0,96,0,252,69,73,0,36,49,0,0,79,44,47,37,68,90,145,231,27,0,0,81,130,50,53,86,29,0,0,103,0,93,0,0,0,141,0,0,41,130,33,47,44,0,75,0,0,0,0,0,69,147,521,1803,0,112,105,157,109,0,139,14,122,147,75,0,86,155,166,0,74,38,0,106,86,0,189,64,0,85,166,75,546,0,40,58,165,0,73,0,69,62,50,304,15,699,148,0,153,0,0,98,91,0,113,37,319,0,0,69,263,0,0,181,0,0,72,0,103,0,30,215,82,721,83,0,251,48,98,53,148,0,165,120,0,0,258,0,189,0,0,157,0,133,100,0,0,0,87,205,215,52,31,74,70,51,0,611,125,0,0,69,66,0,0,0,0,26,0,42,76,91,32,0,142,0,0,221,83,48,122,71,74,24,347,29,0,0,0,0,0,0,95,278,0,69,166,203,0,166,35,0,0,70,57,0,0,152,480,68,0,0
118,0,0,0,0,0,0,35,0,38,0,120,0,0,0,276,393,493,0,0,0,129,62,59,0,112,0,0,39,0,0,0,0,0,0,66,35,0,0,119,77,29,0,40,99,0,125,42,254,0,245,0,126,89,30,252,43,0,0,0,0,169,61,220,38,32,75,0,0,33,163,0,0,35,0,274,136,14,228,54,182,0,43,91,166,37,0,0,0,0,284,99,0,68,96,59,33,0,0,0,0,0,0,176,0,43,135,18,220,0,302,61,112,139,89,0,82,143,0,21,141,0,234,28,0,30,0,58,113,60,47,40,305,0,92,40,60,55,170,85,166,0,132,427,0,0,94,31,71,101,0,0,76,72,77,46,0,176,36,125,66,22,0,152,36,52,30,47,147,194,256,116,57,0,0,96,0,107,57,33,0,180,0,78,51,123,37,585,297,0,0,0,57,86,62,0,201,35,0,62,0,0,0,45,648,0,53,0,0,193,82,131,0,111,0,137,40,61,30,0,306,175,37,0,277,0,0,36,50,0,42,39,30,21,47,0,71,79,307,0,62,106,44,28,75,0,149,0,71,0,42,0,255,154,89,21,57,0,0,46,64,96,91,69,122,0,0,489,263,624,0,0,58,268,56,46,80,0,1032,514,0,0,218,168,83,49,60,229,920,157,123,0,160,0,0,33,0,40,92,47,56,36,84,0,0,150,237,184,0,0,52,523,124,0,0,0,83,262,77,0,0,0,0,0,236,119,30,72,0,0,357,0,62,77,110,0,0,0,0,87,0,90,0,40,130,0,0,0,0,730,127,106,0,261,358,0,61,94,194,0,92,66,117,0,100,135,422,142,101,28,209,0,86,41,136,57,176,0,0,182,70,70,0,55,43,901,79,0,143,0,30,45,485,19,79,0,322,22,182,197,0,28,147,0,40,86,52,0,52,0,119,0,61,0,0,0,123,70,321,316,0,83,52,18,121,98,119,54,283,0,0,0,0,15,140,0,0,96,48,149,0,0,467,138,198,159,125,85,0,53,0,0,139,0,113,0,0,66,0,0,240,0,159,50,50,33,17,72,0,23,40,44,128,148,47,94,228,357,151,135,150,65,268,221,113,0,0,0,0,418,159,0,41,49,55,85,397,73,286,33,0,154,0,602,85,102,115,152,0,0,68,0,0,0,0,0,237,81,91,247,150,0,254,163,96,0,36,34,359,0,48,0,0,28,0,115,0,0,0,216,17,139,304,0,31,0,121,45,40,216,163,64,61,36,39,35,0,58,37,0,288,264,0,64,116,148,0,0,0,43,115,242,0,0,41,0,0,185,40,68,211,148,99,0,492,0,149,502,72,0,40,396,0,71,37,0,0,184,0,0,0,79,50,48,26,258,51,263,53,39,0,0,287,207,0,15,0,175,0,0,28,0,0,0,104,0,106,0,0,191,341,0,32,77,0,0,92,53,0,0,37,0,0,0,0,265,0,72,0,88,352,27,0,59,488,0,41,63,35,241,59,49,0,0,47,120,47,61,62,75,163,0,329,0,350,64,109,99,255,0,0,53,0,0,58,19,36,50,205,0,120,0,45,0,0,0,250,0,456,0,18,108,0,104,91,0,40,75,75,178,0,298,208,0,0,30,0,53,123,46,193,68,171,94,255,338,188,130,0,0,102,74,0,34,59,0,0,53,251,267,258,36,409,309,0,0,0,0,57,0,0,0,22,0,0,0,0,93,0,0,37,69,0,46,0,50,0,42,37,155,0,187,0,0,0,294,37,46,78,59,174,0,123,0,0,17,31,69,37,70,0,0,42,0,0,0,0,128,70,59,125,39,101,68,398,74,256,57,49,62,0,0,158,422,0,413,0,44,0,122,69,0,169,103,0,0,43,93,24,177,340,0,0,65,0,0,84,82,0,0,0,52,436,0,123,61,22,0,71,51,67,0,74,41,0,0,267,230,41,633,73,35,0,112,0,0,51,0,47,0,0,0,0,55,143,182,0,0,0,64,92,44,138,40,0,0,16,0,0,21,59,139,0,68,176,168,234,86,20,0,75,34,0,42,0,0,49,170,184,288,29,59,114,72,0,107,110,69,89,0,177,152,25,46,0,65,45,0,0,39,48,28,0,0,62,0,48,69,73,0,0,162,0,160,0,116,14,0,52,60,114,0,44,125,0,0,62,0,257,0,29,77,0,0,176,57,0,66,0,245,0,0,0,107,113,0,0,38,89,0,47,48,0,0,79,54,547,52,420,0,877,104,36,61,65,0,27,0,0,0,52,58,249,0,37,174,0,64,166,101,18,43,0,72,0,276,483,0,42,77,0,46,0,39,55,0,319,47,50,0,0,89,0,43,65,168,0,124,422,100,147,0,181,66,95,0,126,70,95,0,36,0,0,55,413,0,90,71,143,161,0,343,46,0,173,44,588,109,355,35,273,151,37,176,29,32,58,75,0,46,0,0,0,64,417,0,0,0,57,73,92,202,0,0,47,61,75,0,19,0,0,0,130,0,0,92,88,19,0,57,105,169,77,360,50,0,466,0,0,296,50,112,192,0,44,0,25,87,0,42,0,0,80,145,0,26,0,0,174,0,85,0,0,0,0,0,100,337,0,57,0,116,218,92,157,0,80,0,161,0,0,0,53,424,96,45,0,0,367,52,102,0,54,101,294,0,0,199,140,0,33,0,0,0,0,232,739,0,0,84,0,336,111,0,126,43,0,58,0,0,0,66,64,31,60,0,74,214,0,0,527,45,0,30,60,44,93,60,0,70,43,0,42,36,0,43,43,0,0,132,0,0,53,135,106,0,41,0,0,0,0,0,30,0,0,42,33,0,0,0,0,0,89,0,61,0,116,0,0,135,0,0,49,6,0,0,0,0,49,159,44,170,0,37,0,0,59,58,39,0,109,79,0,0,118,0,0,78,0,0,139,25,25,98,0,0,40,45,0,0,0,305,0,0,0,34,74,0,217,235,33,0,125,0,0,0,0,247,121,0,136,59,0,342,0,0,0,0,0,45,90,0,79,71,0,0,0,0,126,0,0,0,39,0,0,291,0,39,0,32,0,74,0,71,163,37,0,57,0,37,0,0,48,195,0,0,0,1595,311,0,0,51,0,0,365,0,0,63,0,127,55,0,53,97,0,66,42,83,78,330,0,111,71,0,216,0,0,52,0,0,85,43,47,36,81,102,88,64,0,163,0,43,0,0,0,113,36,0,102,82,0,46,83,71,191,0,0,46,0,433,149,47,43,90,34,46,91,50,0,36,0,0,195,0,0,0,339,0,46,87,0,61,0,259,78,102,126,83,0,56,96,0,24,86,0,0,0,0,0,104,0,197,0,0,0,0,77,0,0,189,0,0,0,344,64,51,19,0,93,81,0,37,0,0,159,199,0,0,53,36,41,68,88,0,0,0,0,0,0,55,21,0,77,54,61,242,0,0,0,0,0,180,0,0,0,53,63,39,164,30,55,0,38,0,0,139,0,124,0,58,110,0,0,178,67,43,0,172,64,23,0,0,97,227,0,199,45,0,47,105,0,0,19,292,0,0,36,408,0,0,161,36,0,67,233,281,0,45,39,0,0,0,0,200,0,0,223,0,103,72,0,32,62,0,43,0,0,0,162,0,0,0,0,34,148,0,0,222,201,68,0,72,43,0,45,0,83,109,46,0,0,31,263,0,0,0,34,56,61,0,215,115,0,168,85,64,37,33,0,76,63,86,41,50,0,61,170,84,0,0,70,480,0,0,44,0,251,0,0,0,0,0,129,82,45,0,0,267,0,75,0,0,0,121,0,261,0,0,0,207,0,130,63,68,0,0,123,0,0,68,0,183,0,104,39,81,184,0,0,0,52,0,43,0,0,306,0,0,574,0,0,0,62,87,0,0,71,86,0,0,0,56,0,207,121,485,616,57,62,0,0,0,77,0,45,45,0,0,42,0,36,168,0,0,0,69,0,32,0,0,0,0,132,135,67,0,66,80,364,0,574,0,0,0,110,0,141,0,60,0,174,0,0,39,0,0,0,73,0,0,481,118,48,0,0,0,0,37,115,0,573,0,86,46,0,54,32,82,0,75,66,0,0,0,0,0,0,91,0,0,0,44,0,0,0,69,0,0,0,0,0,132,0,0,0,0,80,0,242,0,0,38,0,0,0,0,304,42,43,70,172,0,62,75,0,0,0,0,91,0,0,0,71,0,200,161,0,40,0,25,21,0,0,129,50,50,54,151,0,0,38,35,72,991,0,28,63,110,0,143,0,0,0,41,211,72,0,0,95,0,28,25,0,0,38,97,0,0,0,0,243,66,73,186,82,113,0,0,0,127,0,0,49,40,0,0,0,61,123,261,0,19,65,0,0,882,0,0,98,0,0,0,0,100,109,0,245,74,211,0,0,22,0,25,0,238,0,51,97,0,28,121,45,42,575,0,0,0,38,0,39,91,131,0,36,148,0,0,165,90,380,0,289,0,77,0,0,0,98,316,184,72,260,36,0,28,0,0,0,88,0,0,139,0,38,0,48,112,0,0,0,0,52,69,0,0,70,0,101,123,0,79,569,0,0,0,0,89,117,32,27,0,0,0,6,96,50,77,284,0,112,250,163,0,63,0,30,62,138,211,0,0,0,37,52,0,174,0,0,144,0,87,0,108,0,49,0,0,0,0,86,69,0,0,44,153,0,0,0,896,0,0,0,0,0,0,139,109,0,92,182,0,0,39,0,0,0,35,24,42,0,238,0,58,0,0,175,177,0,33,29,0,0,0,94,101,0,54,0,36,839,0,125,38,0,45,0,0,0,0,0,0,0,48,12,114,50,66,0,0,0,180,0,0,0,0,0,41,0,0,179,63,0,0,0,0,0,0,66,535,119,196,88,0,0,26,0,0,0,18,0,0,162,96,12,106,87,173,37,0,0,0,0,0,0,0,22,0,42,0,369,156,0,39,30,0,56,0,0,0,0,0,65,208,32,0,0,0,152,67,0,0,76,38,69,0,96,0,61,0,0,37,112,0,75,87,48,249,24,0,83,0,0,0,0,0,109,0,166,0,0,0,0,57,0,0,42,0,495,0,0,0,0,103,0,0,80,0,0,79,0,24,0,0,52,0,78,0,32,0,128,0,0,0,0,0,58,48,0,0,0,0,139,115,94,62,0,0,0,38,51,34,81,74,0,0,55,0,86,0,185,0,0,150,0,0,0,153,0,85,0,243,54,0,77,0,0,0,0,0,0,0,0,335,0,94,0,0,0,0,0,175,0,0,81,0,88,0,30,0,91,263,0,206,0,0,85,0,47,0,45,102,0,0,99,43,64,0,0,97,0,0,0,78,26,95,115,0,100,0,0,131,89,0,0,0,62,0,0,0,170,0,193,0,0,0,0,0,0,0,0,0,0,0,0,0,58,51,0,108,0,49,0,0,0,0,0,0,61,56,0,0,0,0,55,179,0,0,441,85,60,0,124,0,68,65,0,0,0,0,0,166,0,0,98,0,362,0,0,0,0,0,0,0,0,198,0,0,0,0,376,0,41,58,122,165,0,0,0,101,0,0,0,286,0,20,56,33,104,83,213,138,70,178,32,0,61,66,0,72,0,59,0,410,124,0,0,39,24,62,0,114,0,0,216,107,76,0,72,54,0,0,0,37,0,42,0,0,32,83,0,0,298,0,0,43,0,0,36,174,0,80,79,209,0,0,0,0,0,86,0,0,100,273,77,0,0,43,0,0,0,53,216,35,84,76,0,96,0,74,266,0,0,0,0,43,0,0,57,111,0,0,70,0,0,106,74,107,0,0,280,0,46,142,0,48,43,0,348,135,90,0,97,0,0,113,0,49,270,99,0,0,112,133,57,0,31,35,192,37,148,0,0,90,0,42,0,149,31,44,92,58,0,91,88,0,161,0,8,27,0,450,80,79,0,0,0,0,105,0,0,0,463,0,0,167,107,40,0,157,0,47,288,56,0,233,0,94,0,259,0,49,191,0,0,0,144,62,0,0,0,97,37,0,82,0,0,69,0,75,120,125,0,105,0,0,115,0,0,0,0,0,16,0,146,211,40,64,0,0,91,0,84,87,0,45,59,0,0,0,72,170,87,0,0,47,82,0,0,0,57,0,0,45,48,20,34,250,0,55,198,146,80,124,16,0,29,0,0,0,205,0,103,26,0,0,51,0,0,35,175,0,203,96,65,73,47,91,79,0,0,155,0,125,0,0,0,0,0,0,0,34,0,186,48,0,351,58,184,0,93,0,87,0,0,0,0,54,0,0,69,123,71,0,173,35,0,68,0,0,0,56,34,175,35,74,0,0,0,16,0,165,121,0,0,0,63,0,71,0,0,154,41,113,0,57,54,0,0,0,67,0,114,0,0,0,22,0,0,0,95,0,0,0,0,26,0,47,0,17,0,68,203,174,1050,88,136,70,105,120,0,247,0,0,122,51,0,51,88,97,58,51,0,0,0,0,0,48,71,0,102,63,63,229,0,38,0,0,0,0,0,0,0,34,407,0,364,44,0,0,0,0,0,0,0,55,0,681,0,0,0,338,0,0,39,32,0,0,0,105,0,76,67,47,181,62,0,79,0,74,0,183,0,141,33,0,0,158,0,173,0,0,36,0,95,66,0,0,101,0,201,0,89,0,0,0,0,0,245,76,0,0,45,0,0,64,0,26,0,0,0,48,0,0,0,138,29,0,201,0,33,48,0,32,0,238,0,0,0,0,0,0,41,37,262,0,96,72,62,0,61,0,0,0,32,0,0,0,69,158,0,16,0
119,0,44,24,103,98,126,76,0,155,17,366,41,41,58,82,531,786,32,0,0,507,0,173,148,156,47,82,163,0,53,0,104,0,55,316,236,0,146,236,155,115,97,0,371,16,72,143,584,0,234,154,261,183,37,349,75,0,0,66,0,301,129,266,74,120,218,0,41,42,515,0,88,68,74,521,228,0,507,62,241,0,87,286,448,121,106,0,110,0,504,151,75,162,282,112,71,0,35,55,0,54,77,255,0,78,44,53,160,136,534,141,125,88,282,108,89,235,98,74,499,55,204,88,58,56,63,66,177,77,237,0,283,0,175,190,299,138,106,40,276,133,79,1062,0,0,0,76,68,309,0,49,216,140,262,171,62,143,85,535,248,120,30,270,124,153,0,121,147,295,403,201,0,110,41,114,83,70,298,103,47,257,32,112,35,62,71,982,467,0,43,0,225,145,173,62,311,95,0,260,29,179,86,81,627,50,116,52,39,431,224,292,98,43,65,305,116,230,0,67,492,645,38,20,272,36,33,189,641,0,274,68,41,65,43,21,78,186,546,137,75,149,44,88,46,0,290,0,107,0,70,92,241,212,380,86,163,30,63,99,562,206,188,139,59,79,25,683,191,962,55,45,549,378,114,97,180,30,649,629,110,43,101,279,98,92,111,461,6201,66,179,76,359,34,0,44,0,104,164,143,89,0,285,78,40,588,577,539,74,151,152,648,239,36,45,138,140,431,91,69,96,49,30,113,416,125,181,355,0,58,480,0,110,182,221,141,41,41,0,164,49,247,42,183,299,90,0,49,154,2538,386,378,46,391,656,0,130,194,783,302,202,126,184,78,225,683,1386,263,70,71,284,82,136,153,206,512,312,0,0,473,222,104,123,116,99,1432,219,135,204,43,0,61,1267,46,162,90,1252,148,287,462,0,75,636,59,99,335,118,144,148,42,383,19,150,59,22,63,297,222,440,691,0,327,175,52,246,133,182,145,301,46,0,62,61,42,314,75,0,173,0,281,47,39,753,397,655,348,619,119,0,33,0,0,247,35,138,42,85,132,0,47,386,34,219,152,59,59,117,209,0,0,130,44,492,156,101,82,388,467,263,180,239,114,415,394,361,0,24,159,139,840,389,120,101,284,92,183,443,284,382,79,0,174,84,1278,250,257,429,225,117,0,274,70,0,61,91,69,717,77,155,329,399,82,578,276,321,0,141,88,710,122,162,0,32,29,330,200,27,0,0,325,119,140,456,43,36,0,260,111,125,372,224,130,85,202,182,45,65,74,284,97,459,1153,0,83,191,1047,47,51,37,108,583,579,59,45,40,76,0,326,0,145,634,232,183,0,953,79,356,1611,174,77,98,808,0,186,36,26,0,187,96,63,0,84,109,168,103,280,82,333,93,86,0,52,299,577,50,46,120,89,0,102,44,0,0,45,72,46,73,55,0,357,416,44,73,122,44,57,82,122,59,0,0,0,123,28,41,451,31,139,32,143,329,61,29,142,890,0,180,87,82,445,86,74,115,0,62,191,100,129,0,86,339,72,244,29,395,84,101,127,300,40,63,44,175,90,319,48,119,105,271,0,167,54,75,0,0,47,299,54,380,0,0,143,0,70,95,0,74,90,284,77,68,202,250,0,28,0,0,139,321,91,330,99,254,1786,374,506,98,210,0,0,144,178,54,92,198,0,39,65,462,168,371,107,965,138,0,0,0,0,153,0,62,76,0,0,282,0,0,56,0,57,47,149,61,118,16,141,0,98,0,236,76,245,49,60,61,392,74,0,65,130,287,44,91,0,0,0,204,178,194,584,0,0,99,61,0,79,20,167,96,82,190,45,26,83,370,83,269,146,146,28,113,0,295,439,47,451,0,45,56,118,261,44,479,97,85,56,173,134,40,198,307,0,0,98,0,0,182,169,42,0,0,96,343,50,316,72,0,29,120,0,259,0,132,0,37,0,635,233,136,678,71,70,49,380,48,133,26,0,60,0,0,67,49,63,154,269,31,0,0,77,55,125,250,58,72,129,0,68,0,70,63,286,46,223,295,229,572,81,50,68,153,721,0,0,0,71,68,95,102,344,173,60,143,62,27,724,44,66,77,0,157,301,68,0,52,217,127,60,0,133,0,74,65,22,73,125,45,181,145,37,0,173,62,188,0,109,0,67,86,72,84,0,161,59,48,19,119,0,622,29,0,167,89,130,407,211,33,53,154,589,37,15,0,485,228,75,0,490,114,0,164,286,0,25,145,90,898,114,202,0,1845,54,86,18,83,0,54,0,0,81,140,75,350,0,28,338,88,75,125,70,134,54,0,168,98,377,1309,325,99,148,0,61,132,0,98,0,738,206,97,0,0,64,0,61,44,308,37,247,98,140,260,63,99,137,121,69,365,250,77,38,130,0,44,90,302,0,166,176,223,89,0,169,166,217,198,391,339,358,155,0,283,148,88,415,45,145,0,93,46,125,0,122,0,115,1434,0,36,0,0,92,0,532,0,192,22,124,73,63,0,66,110,0,197,25,81,221,44,74,0,66,100,54,180,600,28,114,1023,93,0,156,75,36,396,81,60,0,55,142,119,533,0,0,314,657,0,42,0,173,321,0,100,0,128,36,47,0,88,166,304,0,94,194,257,62,344,0,98,47,369,98,55,187,272,627,174,46,181,41,480,108,52,0,13,138,187,0,151,415,228,69,118,55,0,40,119,332,702,96,31,0,0,301,249,0,411,96,79,42,0,34,0,0,30,83,267,0,43,108,80,0,984,29,0,66,255,56,0,147,56,101,79,0,50,0,73,44,61,0,0,184,0,0,0,151,71,78,40,39,0,52,49,216,0,75,85,0,80,0,0,0,36,0,56,0,129,0,155,28,27,113,0,103,224,54,67,0,0,73,59,204,192,123,26,51,0,29,360,62,62,53,236,131,64,36,56,47,39,40,86,0,161,82,54,92,0,0,145,88,52,0,34,251,65,0,88,139,39,69,156,107,58,71,147,0,145,0,47,494,351,54,405,44,0,1939,0,143,0,108,103,68,888,0,71,101,56,68,0,207,150,0,0,0,59,28,37,448,0,0,50,245,53,61,0,180,198,77,0,48,0,61,49,60,75,50,0,0,0,2231,287,87,298,51,74,131,302,109,54,117,32,290,47,51,65,67,0,420,0,204,84,525,26,368,242,0,390,40,0,47,61,0,289,59,79,136,153,156,97,196,0,187,8,103,201,0,56,176,114,0,231,80,42,54,141,67,91,0,0,139,0,246,239,146,141,201,68,82,325,20,22,463,0,0,268,0,63,0,301,49,147,254,91,111,34,256,147,146,57,89,0,235,196,0,0,88,65,176,60,51,62,204,0,259,98,177,215,43,59,0,42,316,0,40,0,498,0,173,85,75,97,0,0,53,303,51,173,426,0,0,0,217,0,52,29,79,0,75,0,0,85,268,139,0,44,88,92,213,0,120,0,46,30,297,0,0,0,101,93,0,162,52,0,0,48,0,0,160,29,44,0,101,129,55,0,222,247,57,0,468,123,59,0,34,83,341,0,302,0,49,80,180,0,80,149,292,43,71,73,879,0,0,133,94,0,83,92,473,0,110,0,79,107,38,0,232,0,48,496,0,70,75,58,57,0,28,55,70,83,33,361,0,0,0,0,0,179,0,57,258,194,66,46,54,88,0,49,0,171,88,50,0,0,90,192,70,0,95,20,65,107,0,210,357,128,108,83,43,159,0,40,0,159,55,18,223,0,162,293,107,60,37,79,388,0,0,36,32,159,0,65,0,0,44,352,78,88,56,50,487,47,81,0,59,0,153,56,270,0,0,0,353,0,546,0,73,43,0,146,141,59,149,31,166,41,104,101,85,172,0,93,0,126,32,45,0,85,356,0,0,324,0,19,0,175,359,58,0,111,259,34,0,0,0,0,154,73,248,1716,81,86,0,0,43,95,0,113,190,0,0,69,0,43,217,0,32,108,124,0,283,30,32,57,0,0,130,213,108,29,0,335,59,582,17,25,0,257,28,163,0,137,83,72,77,0,24,0,66,0,244,0,0,487,88,56,0,0,0,0,40,142,0,817,0,48,53,0,27,67,108,0,222,154,0,240,61,0,209,242,219,0,156,76,94,59,0,129,140,41,57,218,0,0,572,31,0,0,92,218,442,268,38,244,85,110,0,64,0,194,440,130,186,350,38,93,48,51,42,50,0,52,64,0,206,88,70,100,459,136,97,179,105,52,0,0,141,0,92,135,341,51,76,74,47,33,642,179,69,130,306,0,286,142,0,87,77,506,87,152,0,222,122,100,0,48,0,117,60,212,0,65,0,307,107,199,108,245,188,0,0,0,177,0,0,36,89,0,0,83,39,94,604,46,175,107,0,0,545,35,0,1211,59,0,0,48,49,127,0,579,152,369,0,67,79,62,0,0,235,83,138,207,106,125,208,96,45,552,223,209,0,79,80,97,249,191,108,121,434,0,41,412,150,188,74,173,340,128,0,0,0,102,462,444,209,559,90,0,120,0,38,12,127,0,0,266,0,381,0,82,230,0,0,0,0,65,137,54,47,284,159,358,214,46,114,272,67,51,0,33,351,663,0,117,30,97,96,0,40,69,242,310,95,116,259,185,0,39,0,85,177,78,192,43,0,60,214,152,78,185,23,41,310,0,150,0,236,0,98,27,46,0,20,180,225,0,19,91,788,90,179,30,1237,0,74,32,0,0,0,333,93,186,174,684,0,0,82,0,117,268,71,97,87,50,112,48,174,34,66,95,398,51,138,0,83,0,68,117,354,45,173,49,0,342,212,248,79,98,96,39,79,45,0,48,0,0,84,139,130,109,274,49,0,20,283,148,60,0,81,0,93,121,79,40,166,0,0,38,0,64,79,160,265,421,444,79,0,0,0,0,61,219,0,0,74,107,688,28,459,113,96,383,0,72,0,84,32,0,49,0,0,152,0,659,284,0,144,154,0,90,0,0,45,67,149,0,180,123,33,0,41,262,174,0,255,139,62,0,82,356,0,113,76,0,39,63,0,115,306,99,413,199,0,40,51,75,71,0,100,183,0,54,0,0,199,145,50,57,54,0,0,1652,0,161,56,26,40,35,63,113,53,0,0,39,46,0,0,233,0,0,0,18,189,71,156,260,48,91,0,104,60,0,64,0,77,231,0,107,161,0,0,0,54,117,0,29,54,0,0,32,0,0,0,88,0,71,299,0,0,92,125,32,226,133,63,0,41,110,71,45,0,0,0,111,0,71,240,21,184,314,0,95,0,32,295,0,127,130,88,152,83,429,130,57,235,0,75,56,68,116,195,245,99,68,157,21,0,47,77,49,0,0,226,0,0,0,185,90,1979,93,0,0,34,0,92,125,57,140,30,101,50,71,0,181,0,332,466,106,32,220,0,0,82,37,70,105,0,0,0,113,75,69,200,19,238,352,0,0,0,0,0,176,53,0,0,68,0,56,508,0,0,735,25,73,0,275,0,444,144,0,106,99,0,37,120,0,0,90,0,311,84,94,65,0,46,0,0,0,608,75,0,0,0,162,0,81,116,152,170,0,0,0,33,51,0,0,188,0,51,0,70,186,134,185,103,130,306,32,0,0,60,0,52,42,119,0,612,80,64,0,0,73,66,0,65,0,64,309,157,127,36,36,44,39,43,0,76,0,46,0,25,179,97,0,0,462,37,0,116,0,0,54,201,0,54,138,227,0,0,0,65,99,57,0,0,184,638,69,0,28,50,0,84,0,82,213,0,54,59,0,32,25,106,285,0,0,0,0,44,53,0,100,32,0,78,50,0,120,31,58,153,0,35,250,0,39,53,45,93,75,0,304,109,118,81,111,0,0,88,69,79,532,96,0,0,265,83,61,86,0,56,58,93,79,0,36,420,138,122,64,197,126,244,122,0,0,92,48,47,278,75,39,38,0,786,57,120,0,0,37,0,253,0,0,0,271,0,56,231,76,54,34,138,0,157,217,51,48,658,37,284,68,166,0,78,450,48,0,86,203,64,94,0,0,85,0,28,46,70,49,76,0,123,99,270,0,50,42,0,0,0,0,81,49,65,76,47,212,206,48,74,0,0,55,0,116,322,0,53,177,0,0,0,39,104,155,0,0,118,180,0,0,81,151,47,0,134,62,46,40,291,59,0,121,160,170,164,142,0,39,0,0,0,98,0,93,0,0,74,50,65,0,0,152,0,93,94,193,101,127,66,112,0,0,604,117,396,0,99,0,0,87,0,0,43,0,382,140,0,394,83,220,0,116,0,98,39,0,47,28,27,58,52,70,404,399,43,162,0,0,48,72,0,0,0,0,434,61,65,0,0,29,63,137,75,96,27,168,0,145,205,297,28,0,541,82,86,0,55,58,0,0,0,244,0,0,0,41,36,40,32,0,0,103,58,20,0,61,66,0,171,0,0,0,85,250,282,509,91,54,44,168,152,0,218,0,96,61,82,39,50,216,55,172,63,56,0,124,63,0,157,167,0,0,122,105,257,65,0,0,201,67,0,0,77,12,104,524,0,715,202,0,532,0,0,68,63,0,78,42,778,0,0,0,416,0,0,221,46,0,93,0,116,0,171,58,40,365,99,0,440,64,137,33,143,0,60,0,0,0,283,38,225,0,32,67,0,101,235,48,49,262,48,241,273,51,0,67,0,20,0,475,112,0,0,114,142,47,33,0,0,0,0,0,95,69,42,0,68,28,0,328,45,51,146,0,88,0,393,35,30,0,0,0,0,0,43,188,0,92,188,291,46,74,80,0,41,75,77,60,0,52,146,72,50,32
120,0,0,0,0,0,0,0,0,0,0,68,0,0,0,0,0,151,0,0,0,165,0,38,0,81,0,22,36,0,0,0,0,0,0,41,117,0,0,96,0,0,38,0,0,0,0,0,32,0,0,35,145,0,0,68,0,0,0,0,0,104,0,42,0,0,55,0,0,0,32,0,0,0,0,72,71,0,0,0,28,0,36,0,160,0,40,0,0,0,106,64,31,0,52,0,0,0,0,0,0,0,0,25,0,0,0,0,0,0,139,34,63,159,43,0,28,0,0,0,179,0,235,0,0,29,0,0,64,50,0,0,238,0,0,67,83,0,0,0,102,0,28,67,0,0,0,31,0,81,0,0,40,33,0,69,0,0,0,185,150,0,0,147,0,0,0,0,96,27,91,142,0,0,0,43,0,0,73,0,0,0,0,51,0,0,0,365,136,0,0,0,88,89,0,0,92,0,0,0,0,43,24,0,151,0,0,0,0,0,94,93,18,0,0,0,0,43,32,0,86,115,0,0,219,0,0,83,67,0,60,0,0,0,0,0,0,102,304,44,0,61,0,0,37,0,83,0,33,0,0,0,194,35,0,35,0,0,0,40,66,0,0,0,0,0,0,222,52,277,0,0,179,311,0,0,0,0,229,300,76,0,72,0,0,0,29,46,1087,0,0,0,0,0,0,0,0,0,123,0,40,0,78,0,0,273,290,67,0,0,0,285,79,0,0,0,42,58,0,0,0,0,0,0,171,0,0,154,0,0,229,0,102,0,52,74,0,0,0,27,0,88,0,0,64,0,0,0,0,170,37,0,0,203,216,0,0,47,174,80,61,0,0,0,0,109,102,86,0,0,190,0,46,0,0,70,153,0,0,52,69,45,41,0,0,480,0,103,0,0,0,0,461,0,42,0,114,0,94,173,0,0,0,0,30,0,0,30,0,25,0,0,63,0,0,0,186,0,0,0,0,82,0,0,56,0,0,0,142,0,0,0,0,0,88,0,0,66,0,100,0,0,256,0,0,36,71,59,0,48,0,0,102,0,0,40,33,0,0,0,97,0,157,60,42,0,46,0,0,0,0,0,109,64,0,52,103,150,0,85,87,62,0,0,159,0,0,60,29,82,113,0,0,65,43,0,49,74,225,0,0,0,0,197,0,60,142,145,0,0,0,23,0,0,6,0,0,0,73,39,0,0,116,40,77,0,57,77,232,0,0,0,0,0,42,0,0,0,0,0,0,0,159,0,0,0,0,0,0,0,77,0,0,34,74,0,0,68,79,50,191,135,0,0,0,280,0,0,0,0,176,0,0,0,0,0,0,65,0,0,0,177,87,0,283,0,118,0,41,0,0,0,0,0,0,0,0,97,0,0,0,41,45,99,50,187,0,171,43,37,0,27,34,0,65,0,83,0,0,0,0,24,0,0,0,0,109,54,0,145,105,0,0,27,31,63,66,61,59,0,0,0,84,0,0,309,0,66,0,106,0,0,0,146,451,0,0,133,0,156,103,44,131,0,49,38,95,0,65,103,148,0,0,0,395,0,101,89,53,0,63,41,52,47,113,0,44,40,86,0,106,39,0,0,49,35,224,61,369,0,0,0,0,36,67,22,108,0,122,71,0,248,82,0,38,0,0,0,170,55,522,0,67,600,97,118,215,0,0,0,0,0,26,0,32,0,0,0,375,40,135,111,437,0,0,79,0,0,74,0,65,60,36,0,205,0,0,51,0,105,0,0,38,33,0,50,0,72,0,35,134,128,30,0,0,227,0,30,0,119,152,0,42,0,0,0,84,0,64,70,0,0,84,0,0,29,0,55,142,26,43,0,91,0,357,100,67,83,76,0,67,0,156,294,0,0,0,0,40,0,0,0,0,56,0,52,100,92,0,121,251,0,0,85,0,0,0,0,0,0,0,0,61,0,71,39,0,67,0,0,0,0,0,0,20,0,273,0,70,431,71,51,0,103,0,50,80,0,0,0,0,0,0,0,54,158,0,0,0,0,0,103,223,0,0,128,0,45,0,0,39,102,0,198,152,191,89,81,0,48,77,200,0,38,0,59,0,128,47,253,48,0,80,0,32,547,0,0,117,0,42,138,59,0,44,124,0,0,45,65,0,48,0,0,63,64,80,88,101,0,37,62,0,0,0,73,0,36,44,0,0,0,73,155,46,0,46,0,373,0,70,0,0,88,235,82,0,154,84,77,0,0,0,250,44,25,0,129,0,0,86,161,0,0,101,81,461,58,547,0,982,139,59,0,0,0,28,0,0,0,78,0,86,0,0,153,0,39,275,82,79,39,0,89,0,122,305,541,0,83,0,43,59,38,33,0,85,122,35,0,0,125,0,46,0,164,0,222,389,0,96,111,91,63,35,0,178,0,0,0,0,0,104,85,224,0,134,92,136,123,0,130,94,71,36,628,271,33,168,0,67,84,44,75,0,49,0,0,0,49,0,97,0,28,859,0,0,0,48,0,0,285,41,146,0,52,55,0,0,0,58,59,120,0,51,81,87,0,0,75,0,101,73,497,0,67,196,63,0,211,62,88,196,39,63,0,28,98,55,314,0,0,150,171,0,0,0,150,41,0,77,0,73,0,41,37,0,293,47,0,117,144,102,194,233,0,37,0,223,43,48,100,449,106,122,94,77,0,186,80,49,0,0,73,261,0,99,287,88,0,0,0,0,0,0,132,191,38,0,152,0,350,119,0,223,43,0,0,0,66,0,0,34,96,89,25,0,56,33,0,347,0,0,52,0,0,56,0,0,69,45,0,0,37,0,0,0,0,0,155,0,0,0,80,40,0,0,0,0,31,0,171,0,72,0,0,0,0,43,0,94,0,0,0,70,0,0,0,0,43,0,0,178,0,134,0,0,116,0,70,94,58,30,0,0,0,71,46,28,0,129,0,24,0,78,66,0,33,0,0,65,41,0,21,0,0,0,43,0,85,0,277,0,0,72,0,57,0,145,111,0,46,58,0,192,0,0,359,27,0,165,0,0,125,0,108,0,0,34,0,226,0,0,189,50,110,0,204,36,0,0,52,56,0,71,100,0,0,0,25,0,28,0,0,0,29,0,0,30,0,104,24,43,42,0,0,0,349,260,44,215,25,80,140,90,36,41,37,52,109,36,0,0,0,0,238,0,97,74,99,0,204,0,0,112,31,0,0,22,0,0,133,23,186,101,64,0,0,0,157,0,136,158,0,39,39,0,30,69,40,0,102,69,0,125,59,0,23,0,185,0,112,0,58,0,0,0,0,0,237,0,0,102,0,0,0,65,22,0,0,84,58,0,77,27,84,51,180,0,0,191,0,0,0,0,0,59,0,0,82,36,35,79,128,235,0,0,0,0,84,78,106,0,130,125,102,0,0,0,0,0,0,204,89,77,598,0,0,74,101,0,51,104,45,31,0,0,0,98,212,91,0,0,44,38,149,0,58,163,45,0,193,0,0,0,144,108,0,0,124,43,0,35,0,0,165,0,161,0,326,131,37,0,53,219,30,39,219,48,195,0,55,0,370,0,199,0,0,57,61,0,49,74,175,84,26,214,786,0,0,181,65,0,43,191,185,0,52,0,36,71,0,0,158,0,0,689,0,76,57,55,30,185,0,58,77,68,0,319,0,0,0,42,45,77,0,34,75,200,56,0,76,0,66,116,0,128,89,73,51,0,56,626,0,65,47,30,35,57,0,164,248,55,117,53,0,48,0,0,71,92,98,176,175,0,115,151,0,49,0,71,239,0,0,0,86,212,0,65,0,26,0,394,60,26,49,0,339,114,118,43,155,0,87,0,419,0,0,35,156,25,1231,115,64,0,0,52,137,40,87,0,36,0,0,33,132,158,0,50,0,50,0,0,43,117,117,0,0,259,0,0,0,104,167,0,48,90,121,0,0,0,45,0,108,81,172,836,59,72,124,0,29,40,0,53,360,0,0,0,0,24,132,0,0,0,414,33,198,0,17,26,0,131,0,122,130,46,0,232,0,411,0,0,0,99,0,182,44,93,91,102,40,0,52,49,0,0,90,0,51,238,80,49,0,0,0,0,0,148,0,716,0,98,186,0,0,49,0,0,166,0,0,137,0,0,119,140,107,0,86,0,0,0,0,84,0,93,0,0,0,0,437,0,0,0,82,0,107,85,0,107,0,34,0,0,0,55,243,27,0,86,0,0,48,0,60,0,0,49,52,0,114,0,107,59,170,63,102,57,0,24,0,0,0,0,71,101,147,38,97,0,0,0,187,108,83,35,0,0,205,56,0,0,0,159,51,99,0,67,0,77,0,0,0,84,43,382,0,0,0,96,105,0,99,288,0,0,0,0,306,0,0,0,0,0,0,0,0,260,249,0,109,45,0,0,325,57,40,438,58,0,0,14,0,0,0,150,83,103,0,46,0,0,0,0,103,0,66,153,58,0,68,131,0,172,97,119,0,0,73,73,211,0,109,29,455,25,0,181,83,63,0,58,208,58,0,0,0,52,131,84,56,351,49,0,123,0,17,0,0,0,0,100,0,224,0,38,222,0,0,0,0,50,71,49,0,0,93,60,122,0,0,129,0,0,0,0,338,100,0,0,0,45,39,0,0,0,262,53,140,75,118,77,0,0,0,28,151,0,100,0,62,0,143,90,105,74,0,0,65,0,87,0,87,0,0,0,0,0,0,137,206,23,0,37,247,119,103,0,1046,0,49,0,0,0,0,115,19,73,197,304,27,0,88,0,30,165,150,62,27,51,0,0,105,50,0,52,266,45,161,0,35,0,59,64,37,130,398,43,52,677,0,128,43,51,81,138,0,0,0,52,0,38,48,67,87,216,113,33,0,0,263,171,67,0,55,0,90,203,37,109,118,0,0,86,0,103,57,89,791,133,501,94,0,0,0,24,50,137,23,0,122,106,627,117,80,130,227,320,0,86,0,84,0,28,64,0,57,0,0,359,283,0,86,161,30,53,0,0,64,65,185,35,348,74,52,86,60,308,0,0,286,82,0,76,57,101,0,146,64,0,86,128,0,142,104,43,97,0,0,0,108,59,68,67,96,161,0,140,31,0,146,86,57,0,79,42,0,666,0,230,39,73,43,0,119,136,53,0,89,58,0,53,78,120,0,49,0,0,604,129,0,392,93,0,0,0,0,0,58,0,68,112,23,293,137,130,0,0,102,51,71,56,127,0,0,63,75,119,0,182,56,37,390,0,0,159,47,0,98,133,101,26,88,72,0,0,0,0,0,207,0,59,264,56,122,281,0,35,0,0,181,0,191,161,91,241,109,317,169,44,159,0,142,156,0,95,50,160,293,215,47,0,0,0,60,40,0,63,237,0,64,76,121,87,939,93,0,98,82,0,61,181,49,218,52,116,41,0,0,167,0,220,398,190,0,280,0,0,122,86,108,0,36,0,0,86,59,75,93,0,249,143,0,0,0,84,0,119,0,0,11,56,0,0,2083,0,0,748,83,95,0,294,37,294,55,0,416,102,0,0,129,0,0,87,0,311,56,98,0,59,0,45,0,0,449,86,0,0,0,416,0,137,101,150,83,0,0,58,90,229,0,0,223,0,0,98,60,225,81,279,110,164,290,0,56,0,37,16,0,31,87,0,415,295,47,37,0,220,0,48,49,49,57,335,249,139,39,92,0,33,96,0,132,100,0,0,0,198,139,50,47,624,0,0,150,0,0,0,236,0,58,49,212,39,44,0,197,86,75,0,0,169,683,157,35,30,279,0,56,0,81,275,27,40,204,0,50,0,127,235,60,0,0,0,42,80,0,103,141,43,85,48,0,67,50,97,149,62,43,213,0,43,79,34,42,36,56,267,102,157,43,82,0,68,107,87,69,269,106,0,0,128,145,198,117,66,117,179,83,177,38,37,547,89,338,107,300,76,235,114,210,0,72,0,36,101,66,0,21,0,698,0,86,0,62,44,0,192,0,0,56,350,0,68,204,68,113,0,265,0,133,112,60,0,613,0,342,56,261,51,63,170,24,176,136,90,0,102,0,0,89,114,0,69,99,0,81,0,157,302,198,32,55,52,0,214,0,0,0,40,77,41,53,136,164,44,146,0,0,50,0,150,393,80,0,184,0,48,0,86,117,151,0,0,67,174,39,63,104,158,0,0,239,231,46,26,85,88,63,105,297,320,149,246,0,0,0,25,0,217,35,110,81,0,188,136,39,45,37,458,50,174,65,225,165,94,203,67,0,0,1150,99,336,53,91,115,0,180,0,0,32,67,479,308,67,279,158,108,0,112,0,114,121,48,0,0,0,27,44,56,543,202,30,121,31,0,170,85,0,0,82,38,1241,147,129,0,0,38,96,27,114,182,0,167,73,72,108,364,0,27,510,101,79,68,128,107,0,0,0,214,22,63,0,0,39,134,0,54,79,152,0,48,0,68,44,84,197,0,157,0,111,206,261,1666,45,59,112,140,253,70,190,0,84,150,144,90,310,300,165,137,126,41,21,243,63,0,374,125,0,58,198,134,348,108,131,75,142,47,83,0,178,69,97,447,15,1192,77,0,388,0,0,84,108,0,37,33,922,0,0,78,326,0,0,392,0,0,72,0,218,40,132,152,135,343,143,13,859,67,131,45,243,0,138,147,0,0,161,32,381,0,0,152,31,282,182,43,38,199,55,134,216,43,0,107,103,68,0,828,215,0,28,159,177,0,56,0,0,98,41,150,73,164,87,0,124,33,0,275,82,48,262,62,50,0,289,41,40,0,0,0,0,33,115,393,0,106,202,206,59,182,32,0,25,162,187,19,0,209,1032,39,33,0
121,0,0,0,81,74,65,66,0,0,0,326,0,0,0,275,308,368,0,75,0,96,89,48,74,46,0,0,58,48,0,0,119,0,0,230,249,20,29,389,72,56,62,32,206,0,68,86,139,0,211,76,127,43,0,103,48,0,0,0,0,112,95,228,29,47,111,27,0,0,155,0,54,45,34,189,138,0,297,18,177,0,57,162,210,51,0,0,56,51,143,0,74,77,114,73,61,0,78,0,0,0,34,173,0,0,67,0,67,85,390,89,135,73,145,0,68,223,78,50,279,0,136,65,0,24,58,43,94,25,74,0,292,0,75,85,30,75,88,67,165,66,138,627,0,0,74,37,36,117,0,57,93,43,99,149,26,80,59,304,349,0,43,118,24,56,0,62,64,219,266,77,81,86,32,78,0,57,49,95,45,213,0,34,56,77,50,855,215,0,23,0,53,74,135,28,193,42,0,163,0,41,120,0,498,0,89,0,55,287,165,175,68,128,0,88,0,104,0,26,249,271,42,0,241,0,0,192,424,0,127,0,0,53,0,0,0,112,239,88,45,107,0,84,0,0,155,0,68,0,0,71,256,113,182,61,47,0,47,82,405,125,45,59,59,29,0,383,170,311,32,0,179,246,55,34,124,0,937,240,165,0,117,210,71,41,28,297,2245,118,98,46,171,0,0,85,0,66,74,40,0,0,55,0,43,226,144,208,0,120,95,433,76,0,11,60,68,133,100,60,54,61,0,46,135,133,57,62,0,0,266,0,89,0,0,62,0,0,39,45,0,60,24,104,87,0,0,19,141,1272,200,102,0,145,316,0,65,91,253,114,32,68,177,0,140,260,450,131,35,0,84,82,41,0,98,140,68,0,0,253,0,25,24,0,86,215,70,138,54,0,60,0,308,43,88,0,207,59,47,139,0,44,197,0,32,129,37,47,76,39,97,0,59,46,0,0,165,86,97,256,40,130,91,0,0,167,0,49,117,24,0,25,52,37,146,0,30,0,0,164,0,0,196,152,93,102,277,164,0,64,0,0,194,0,122,0,26,88,0,0,180,54,193,116,0,0,0,67,0,37,0,0,257,89,72,35,123,279,238,108,125,49,93,147,99,0,0,88,114,326,173,81,27,168,38,60,222,122,158,0,0,228,33,523,71,56,138,41,62,0,78,33,0,34,0,33,237,34,0,180,113,53,165,219,72,0,42,65,109,0,77,0,0,0,83,95,0,0,0,150,0,166,322,48,0,28,114,34,63,452,118,79,35,86,0,57,0,82,0,0,68,234,0,0,86,95,45,0,0,17,108,221,32,0,41,50,0,168,0,0,301,189,152,0,167,0,195,674,60,49,48,933,0,115,0,0,0,104,0,53,30,74,0,72,51,364,41,298,26,0,0,0,209,257,84,0,68,60,0,40,0,0,0,0,0,0,59,24,0,106,321,0,45,71,0,0,104,70,0,0,51,0,162,0,21,240,0,38,0,153,147,59,35,137,289,0,39,67,57,403,67,0,0,0,55,106,80,0,0,147,298,33,150,0,508,0,76,162,140,0,0,25,63,110,149,0,0,45,149,0,159,0,0,0,36,0,286,0,385,0,0,36,0,0,54,0,38,44,101,57,0,410,90,0,19,40,0,77,176,108,267,33,111,695,116,365,63,0,0,0,65,87,0,0,65,0,0,0,227,118,281,17,853,124,0,86,0,0,173,0,17,66,0,0,142,0,0,30,0,0,0,87,75,46,0,75,0,73,0,79,128,91,58,0,0,170,0,0,39,69,288,0,26,0,0,0,121,81,66,324,0,0,64,0,0,43,0,43,82,0,84,0,0,81,286,143,144,91,160,0,0,0,108,579,0,210,35,0,0,47,120,20,250,80,0,0,60,127,0,77,390,0,0,126,0,0,68,50,0,0,0,0,111,0,227,31,0,70,0,0,85,0,73,27,0,0,645,164,54,739,103,0,36,122,0,58,11,0,46,0,0,28,68,0,203,93,0,25,0,24,48,91,187,91,0,106,0,103,0,0,27,69,0,59,107,242,118,122,0,57,101,93,0,43,12,0,45,50,47,479,196,81,77,0,45,399,96,59,102,0,0,152,121,0,0,144,142,0,76,56,51,37,0,0,64,82,152,105,175,0,0,60,0,124,55,184,0,53,0,0,108,0,117,119,0,0,109,0,347,45,85,63,92,95,174,174,0,98,72,640,63,0,0,334,86,54,0,546,47,0,78,282,29,0,83,91,685,0,424,36,787,191,69,72,48,0,36,0,0,128,0,26,114,0,0,322,86,44,174,197,74,51,0,174,54,220,783,170,142,142,0,76,68,31,71,0,316,180,90,0,0,143,50,0,0,175,0,310,305,161,58,47,98,63,0,70,289,320,101,0,118,0,130,35,357,0,172,119,259,87,0,194,90,34,107,284,504,218,242,0,80,185,0,183,36,102,0,131,0,0,0,195,0,80,898,0,0,49,52,42,0,126,44,79,102,47,0,90,0,0,119,0,152,0,46,0,114,0,0,0,39,0,64,233,0,141,392,0,0,224,92,62,181,35,46,0,55,0,72,329,0,16,205,690,0,65,0,116,110,0,124,0,70,44,73,0,0,241,0,0,36,69,227,211,266,0,62,36,288,36,0,124,180,170,102,73,222,0,231,33,39,0,0,18,364,0,154,360,33,56,89,44,0,0,80,63,258,75,37,208,0,282,158,0,294,65,0,0,28,0,0,66,68,46,163,0,53,149,61,0,325,0,49,162,304,54,99,77,0,133,49,48,34,60,0,0,94,0,0,244,0,0,60,200,66,0,122,0,0,112,38,160,0,75,96,0,47,0,0,0,0,0,0,53,121,0,121,0,0,0,0,0,64,0,104,0,0,49,0,193,193,321,0,0,0,38,352,39,0,0,168,55,39,0,125,38,0,0,0,0,56,92,0,91,0,0,70,22,58,61,0,153,36,0,0,169,96,55,253,120,36,0,114,0,92,74,0,332,123,76,252,44,0,1581,0,61,0,116,0,0,801,0,62,105,0,93,0,99,142,25,0,0,108,0,41,195,0,52,0,80,0,123,0,196,40,38,71,0,71,49,0,37,30,226,0,0,0,1065,444,65,159,30,56,72,225,53,0,77,28,131,35,0,60,36,0,272,35,68,60,379,0,617,367,0,186,0,0,0,0,0,252,45,0,77,89,164,0,165,34,318,0,0,82,0,0,97,170,31,61,120,0,0,63,78,208,0,60,78,0,317,211,42,134,147,0,35,381,0,0,457,0,0,165,0,48,0,222,36,27,304,0,55,45,46,65,50,154,82,0,353,156,0,0,81,42,41,0,0,30,75,0,107,124,90,0,0,81,0,0,214,47,49,0,389,120,94,0,58,0,40,0,66,273,34,73,126,41,0,55,182,0,36,84,0,0,64,0,0,197,161,76,0,0,71,40,53,0,68,78,45,80,138,0,0,0,143,24,0,0,44,30,0,59,0,0,241,0,143,0,170,129,0,21,88,230,38,20,136,54,96,0,38,0,690,0,199,26,31,51,111,0,58,30,287,72,55,110,393,30,0,69,98,0,72,234,579,0,89,70,161,0,72,0,0,0,0,450,0,87,47,67,0,76,0,77,70,95,61,131,0,0,0,0,0,149,0,74,130,271,54,0,50,81,0,57,0,55,72,36,0,85,0,257,78,25,52,0,80,0,0,422,113,97,76,94,31,117,26,14,61,87,86,60,70,0,78,110,110,0,0,0,332,0,36,56,68,254,31,64,0,0,0,360,52,34,0,32,210,0,47,19,102,0,168,0,132,0,0,0,435,37,444,105,98,0,0,60,185,31,114,37,63,0,0,67,0,160,0,81,0,112,35,80,0,115,28,0,0,198,0,0,0,76,94,0,45,71,60,0,34,0,39,46,100,0,348,392,61,99,69,0,0,171,0,52,326,0,0,0,0,0,223,0,0,123,202,0,179,0,0,0,0,107,183,65,107,0,58,412,29,598,0,0,0,174,0,145,0,0,51,172,0,0,0,0,0,0,55,0,32,475,116,41,0,0,0,0,91,100,0,554,0,29,98,0,0,45,59,0,245,109,0,81,0,0,73,78,53,0,118,121,54,0,0,33,0,74,0,147,0,0,253,0,48,0,23,59,197,66,53,103,65,51,26,21,0,140,171,78,96,168,50,75,0,27,15,37,0,43,0,0,87,94,119,78,174,46,0,0,0,0,0,0,93,0,59,0,136,44,0,0,39,0,533,52,97,80,109,0,323,0,0,0,0,266,104,99,0,281,0,118,0,0,0,0,0,183,35,0,0,103,25,115,108,228,0,0,0,72,229,0,0,126,67,30,0,0,0,153,142,59,65,129,0,0,353,0,49,425,85,0,0,26,129,74,0,367,44,215,0,54,0,0,0,0,152,61,97,63,57,86,138,75,81,339,126,80,0,0,46,158,205,116,41,86,106,0,0,119,116,0,28,319,126,0,32,0,0,30,217,190,158,326,0,0,84,44,0,24,124,0,0,84,0,129,0,0,231,22,0,0,0,53,45,0,33,162,69,156,164,0,0,37,37,0,0,0,293,255,0,48,0,0,0,0,171,64,128,245,73,49,101,87,0,0,0,0,82,127,213,0,0,27,77,215,75,84,0,0,197,0,46,0,135,0,49,0,0,0,0,115,143,0,0,56,126,75,41,0,1150,0,0,0,0,0,0,254,92,43,54,393,0,0,0,0,20,130,91,0,0,53,0,0,99,0,35,112,544,0,0,80,52,45,95,32,143,58,313,122,61,615,113,134,35,146,104,101,0,37,39,71,30,81,25,63,80,55,104,0,45,0,271,212,29,0,71,0,0,164,0,127,222,0,32,100,0,0,0,194,702,130,290,155,0,0,46,25,33,96,79,0,118,319,0,101,165,169,104,97,32,53,0,0,37,54,89,29,87,93,38,302,105,0,137,146,37,95,0,21,79,35,215,70,543,41,101,40,0,112,258,0,149,71,76,79,74,108,68,41,60,0,0,50,31,51,111,0,333,243,0,107,114,57,45,0,61,213,0,233,0,0,157,0,90,0,122,28,0,647,0,299,0,0,57,0,145,100,59,0,50,0,74,49,72,293,0,88,0,0,307,84,86,381,84,87,0,0,126,0,0,17,88,73,57,183,0,110,0,0,57,85,138,108,130,0,32,87,47,133,0,167,30,22,230,0,0,130,295,0,222,0,100,0,72,109,88,37,24,0,30,243,0,75,240,55,122,335,0,64,0,19,219,0,195,43,103,224,50,173,41,59,143,0,134,97,0,0,121,193,161,183,248,0,29,0,0,43,0,52,131,35,47,52,184,30,908,79,0,55,0,61,199,104,0,178,85,100,0,76,0,102,0,233,470,225,0,340,0,0,48,61,126,138,0,0,33,163,64,119,48,0,279,168,0,0,0,0,0,82,77,0,50,0,0,80,1148,41,0,639,87,127,0,189,0,104,107,0,188,63,0,39,151,0,0,116,0,546,107,65,106,0,78,38,0,0,568,100,0,0,0,171,0,79,113,225,167,0,0,0,102,113,45,0,271,0,0,61,53,502,107,196,113,136,436,25,0,61,103,89,0,0,171,0,639,267,62,0,52,104,142,25,116,65,0,170,334,115,72,0,56,111,61,47,59,38,55,0,0,164,100,109,0,361,0,0,99,0,0,108,185,0,103,186,268,69,0,0,76,0,135,21,0,131,1178,72,0,24,116,0,0,0,48,194,49,104,99,68,66,38,110,324,29,0,0,0,56,45,55,115,147,0,58,0,0,31,45,76,231,0,42,352,0,0,80,0,66,0,47,268,131,86,0,119,0,55,139,25,72,376,111,0,0,250,0,104,120,43,148,173,67,55,39,54,893,47,423,0,274,119,144,207,159,0,119,61,0,178,38,105,20,32,453,0,159,0,40,72,24,487,0,0,0,454,0,51,147,97,50,105,126,0,96,141,66,26,768,52,405,32,195,0,94,270,0,83,153,262,30,109,0,0,121,165,0,112,143,78,72,0,211,232,168,0,97,69,0,137,0,0,43,32,39,47,75,331,231,27,70,0,0,90,45,115,296,33,48,113,0,0,0,78,125,319,0,21,117,260,43,60,92,261,56,0,145,168,0,66,509,97,85,173,191,217,233,134,0,57,0,0,0,323,0,107,76,0,91,146,38,37,0,504,22,205,306,243,82,175,202,171,0,0,881,123,494,0,296,60,0,82,48,0,156,206,327,241,53,385,170,555,0,214,0,145,82,26,0,0,71,116,40,145,351,184,55,154,0,0,95,73,0,0,59,72,661,118,78,0,43,39,121,209,125,200,112,204,65,98,175,374,44,75,428,115,159,42,112,104,53,0,64,342,14,169,0,152,43,118,54,0,75,160,0,0,79,77,157,54,203,54,100,0,211,556,441,1288,100,207,34,154,290,36,628,0,369,86,54,59,152,191,147,187,124,0,0,105,105,0,190,189,0,110,146,80,190,0,158,70,230,28,66,47,69,60,188,364,0,1343,170,0,588,0,0,176,0,0,130,141,662,0,0,64,250,0,0,196,56,0,121,0,185,31,193,113,126,345,123,17,414,126,333,25,298,0,177,48,53,49,379,38,311,0,26,132,0,305,326,38,101,293,167,671,243,61,32,92,57,46,50,875,263,0,0,81,212,90,82,25,70,64,45,74,98,120,52,0,206,57,0,383,206,71,223,53,115,0,1068,30,0,0,0,0,0,0,68,595,0,264,174,323,46,111,80,0,52,124,96,76,33,166,645,45,79,93
122,0,0,0,25,0,0,0,0,38,0,66,0,0,0,0,106,74,0,0,0,96,0,11,0,28,0,0,34,0,0,0,0,0,31,0,109,0,0,109,96,0,29,0,40,0,0,0,124,0,0,30,0,0,0,37,0,0,0,0,0,44,0,0,0,45,0,0,0,0,77,0,0,0,0,240,0,0,100,0,0,0,0,0,82,0,28,0,0,0,64,0,27,0,0,0,0,0,31,0,0,0,0,0,0,0,0,0,0,0,92,0,72,26,75,39,47,47,0,0,0,0,50,0,0,0,0,0,0,0,76,0,0,0,0,44,66,0,89,42,82,0,24,55,0,0,0,0,58,0,0,0,63,0,0,103,0,34,0,0,133,0,0,0,0,0,0,0,56,110,182,61,0,0,0,0,0,55,43,0,0,0,0,0,0,0,0,499,0,0,0,0,41,0,0,0,0,0,0,37,0,0,32,0,115,0,0,0,0,60,0,109,25,0,0,163,0,46,0,0,0,119,0,0,0,0,0,108,96,0,57,0,0,0,0,0,0,0,44,0,0,0,0,0,0,0,59,0,0,0,0,0,0,0,126,0,0,0,0,0,148,80,108,0,0,0,0,0,0,157,0,0,80,0,0,0,0,0,52,88,49,0,96,89,70,0,0,141,1143,0,0,0,24,0,0,25,0,0,0,94,0,0,0,0,0,91,94,82,0,58,0,212,63,0,0,63,0,0,15,0,0,0,0,0,61,0,0,0,0,0,177,0,0,34,0,22,0,0,0,0,0,45,0,55,0,0,0,0,0,150,135,43,0,80,82,0,0,0,41,0,0,0,23,0,33,40,233,22,0,0,55,0,0,0,0,49,42,0,0,0,0,0,0,0,0,276,12,0,0,0,0,0,158,0,0,0,93,0,0,0,0,0,75,0,0,0,54,0,0,0,40,0,0,0,0,0,50,25,33,0,0,0,0,0,45,0,0,0,0,0,0,0,0,0,0,0,0,0,0,0,0,0,63,0,89,22,226,0,0,0,0,0,43,0,0,0,0,0,0,0,0,0,62,0,0,0,0,0,0,0,0,0,199,0,34,0,32,0,0,53,0,0,0,0,0,0,0,0,0,43,0,0,0,0,0,0,0,0,39,0,0,0,0,0,0,0,0,54,0,0,11,0,0,0,0,0,41,0,0,0,0,0,44,77,41,0,0,0,17,0,0,0,0,0,0,0,0,0,0,0,0,0,176,0,0,0,0,0,55,68,57,0,0,53,0,0,0,0,0,0,0,133,0,0,0,36,0,0,0,0,0,70,0,0,0,0,0,136,0,0,73,0,0,0,30,0,0,174,67,0,0,161,0,0,0,0,0,61,0,0,0,0,0,0,0,0,0,0,0,0,0,0,62,94,25,0,0,0,0,0,0,0,0,0,0,0,0,0,0,80,0,0,0,0,0,0,0,42,0,0,0,0,0,0,0,12,0,0,0,0,62,0,0,0,76,0,32,0,0,0,0,0,0,0,0,0,0,0,0,0,143,0,37,0,0,0,0,0,112,0,0,0,0,34,0,0,31,0,39,0,30,0,0,0,0,0,0,0,0,0,0,0,0,31,0,0,0,0,66,17,0,0,53,0,0,0,0,11,0,38,43,0,63,216,61,68,0,0,0,0,16,0,0,0,0,0,0,0,0,0,70,0,55,34,0,0,0,0,45,0,0,14,0,0,59,0,0,0,0,0,0,24,0,0,0,0,0,0,0,0,0,0,0,0,0,0,0,0,0,0,64,0,29,0,0,0,37,0,0,38,0,0,0,0,0,0,0,42,0,0,0,0,0,0,0,0,0,0,53,0,0,0,56,37,0,0,0,0,0,0,0,0,52,0,0,0,45,0,0,0,67,0,0,0,0,0,0,33,0,0,0,0,87,0,0,0,0,0,0,0,0,0,10,0,0,0,208,0,0,68,0,0,0,0,0,0,0,0,0,0,0,0,0,0,0,36,0,0,0,0,0,0,0,0,0,0,0,28,0,0,26,0,0,0,0,36,37,0,0,36,26,101,0,0,0,0,19,50,47,36,0,0,0,0,0,58,0,51,0,0,118,0,0,0,0,0,0,0,0,53,0,0,23,0,27,0,33,0,61,0,0,123,0,41,0,0,0,0,0,0,0,0,0,35,0,0,0,0,127,0,0,0,0,45,101,0,0,0,0,194,0,0,0,143,0,0,0,38,0,0,0,78,0,0,32,39,128,0,111,0,707,38,0,0,0,0,0,0,0,0,0,0,52,0,0,59,0,46,0,0,0,0,0,37,0,199,121,48,47,0,0,0,0,0,0,0,118,0,0,0,0,58,0,0,0,151,0,0,33,23,37,0,0,74,54,0,0,108,0,0,0,0,0,43,127,0,0,95,74,0,0,33,0,0,27,0,0,0,77,0,114,0,0,72,0,0,0,0,0,0,0,0,0,0,0,0,0,0,0,0,0,66,0,0,0,12,0,19,0,0,0,0,67,0,0,44,0,0,0,0,49,64,43,172,0,0,211,0,0,110,26,28,113,45,39,0,0,0,0,0,0,0,100,0,0,0,0,0,49,0,0,0,0,0,0,0,0,0,54,0,0,57,60,25,0,0,0,0,0,0,0,0,62,75,32,0,0,0,62,0,0,0,0,47,49,0,0,164,0,0,0,0,0,0,0,44,397,0,0,0,0,105,72,0,55,34,0,0,0,0,0,0,0,0,28,0,16,49,0,0,170,0,0,0,41,0,0,28,0,0,0,0,0,0,0,0,0,0,0,0,0,0,0,33,0,0,0,0,0,0,0,0,0,0,0,0,0,0,0,0,0,0,0,0,0,0,59,0,0,0,0,0,39,0,0,0,0,0,0,0,0,48,0,0,0,0,0,0,0,0,0,0,0,0,0,0,0,0,0,0,0,0,0,0,0,0,0,0,0,0,0,0,0,0,0,0,0,0,0,0,0,0,0,0,0,0,0,0,104,0,43,0,0,424,0,0,0,0,0,0,58,0,0,0,0,0,0,44,24,0,0,0,32,0,0,75,0,0,0,46,0,0,0,0,0,0,0,0,0,9,0,0,0,46,0,0,0,278,141,0,46,0,0,11,23,0,0,0,0,60,0,0,0,0,0,64,0,0,0,132,0,81,39,0,0,0,0,0,0,0,57,0,0,0,0,0,0,0,0,77,0,0,0,0,0,0,0,0,37,0,0,0,0,0,0,0,0,0,0,0,0,0,0,81,0,0,33,0,0,48,0,0,91,0,0,0,55,0,0,50,0,0,0,0,0,0,0,0,0,67,0,0,0,47,0,0,0,0,0,0,0,0,0,0,0,0,0,0,0,30,0,0,0,43,0,39,0,0,0,0,0,0,0,0,0,29,0,0,0,44,0,0,0,0,0,0,0,0,0,0,0,0,0,0,0,0,0,0,0,0,0,93,0,0,0,0,0,0,61,0,0,0,0,0,0,0,0,0,0,0,0,0,0,0,41,0,0,0,0,0,0,0,24,74,0,65,0,0,0,0,0,0,0,0,0,0,0,0,0,0,0,0,0,0,0,0,0,0,21,0,0,0,0,52,0,0,0,0,0,0,0,0,0,0,0,13,0,0,0,0,0,0,0,0,0,0,0,0,93,0,0,0,0,0,0,0,0,0,0,0,0,0,0,0,0,0,0,0,0,0,45,15,0,0,0,0,61,0,0,0,0,0,0,0,0,0,104,0,0,0,0,0,0,0,0,0,0,0,0,0,0,0,0,0,0,0,0,142,0,0,0,29,0,0,0,0,0,0,0,0,0,38,0,0,0,0,0,0,0,51,0,0,0,0,0,0,0,0,29,0,0,0,0,0,33,0,0,0,50,0,0,0,0,0,0,0,0,0,0,0,0,0,0,0,0,0,91,0,0,0,0,0,0,0,45,0,0,0,0,0,0,31,0,0,0,0,0,51,0,0,0,0,41,60,0,0,0,0,0,0,79,0,0,0,0,0,0,0,0,0,0,0,0,0,0,0,0,0,0,0,78,0,0,0,0,0,0,0,0,0,0,0,0,0,0,0,0,0,0,96,0,0,0,0,0,0,0,0,0,0,0,0,0,0,0,0,0,0,48,0,0,49,0,27,0,0,0,0,0,0,0,0,0,0,0,0,55,0,0,0,62,0,0,18,0,0,0,0,0,0,0,0,45,0,63,49,0,0,0,0,0,0,0,0,0,0,0,47,0,0,0,0,0,231,0,0,0,0,0,64,0,0,0,0,136,0,0,0,0,0,0,0,0,0,0,0,0,0,0,0,43,20,0,60,50,0,0,0,0,0,0,0,24,0,0,0,0,0,0,36,0,0,0,0,0,267,0,0,0,0,0,0,0,0,0,0,120,0,48,0,0,0,0,0,0,0,0,0,49,0,0,52,0,39,122,0,0,0,0,0,46,0,22,0,0,109,0,0,0,0,0,0,0,0,0,0,0,0,0,84,0,0,40,0,0,0,0,0,0,53,0,0,0,0,0,0,0,94,0,0,0,0,0,0,0,0,40,0,0,0,0,0,56,0,0,0,0,0,0,0,0,0,0,0,0,43,0,37,77,0,0,50,0,0,0,0,0,0,0,91,0,0,0,0,0,0,53,0,0,0,0,38,0,0,0,0,0,0,0,0,0,91,0,0,0,115,0,0,0,63,0,0,0,0,0,0,0,0,0,61,77,0,0,0,0,0,0,0,0,0,0,0,0,0,0,0,0,82,0,0,0,0,0,0,0,0,0,0,0,0,152,0,0,0,0,0,0,0,0,0,0,0,0,0,0,0,14,0,0,0,0,0,0,0,0,0,0,0,0,0,0,0,0,0,0,0,0,0,0,81,0,0,14,0,0,0,0,0,0,0,0,24,0,20,0,0,0,0,0,0,0,0,0,0,0,0,0,0,0,0,110,0,0,0,0,0,0,0,0,0,0,0,0,84,0,0,0,0,0,0,0,0,0,0,0,0,55,0,0,0,0,0,0,0,0,61,0,0,0,0,0,0,0,0,0,41,0,0,0,0,0,0,0,0,0,0,0,0,215,0,0,0,0,0,0,0,0,0,0,0,0,0,0,0,28,0,0,0,0,44,0,0,0,0,0,0,0,0,0,0,0,0,0,0,0,0,0,0,0,0,0,0,0,0,0,0,0,0,0,0,38,0,0,0,0,0,0,0,0,0,0,0,0,0,40,0,0,0,0,0,0,0,0,102,0,62,0,0,0,0,0,0,0,0,0,0,0,0,0,0,0,28,0,49,0,0,0,33,0,56,0,0,0,0,0,34,0,0,0,0,0,0,0,22,0,214,0,0,0,0,0,0,0,0,0,0,48,0,0,0,0,0,51,0,0,0,0,0,0,0,0,0,0,0,0,0,0,0,0,0,0,85,0,0,0,0,0,0,0,0,0,0,0,0,0,181,0,0,134,0,0,0,0,0,159,0,0,38,29,0,0,0,0,0,152,0,0,79,0,0,0,0,0,0,0,0,23,0,0,0,66,0,0,38,72,0,0,0,0,0,0,0,0,233,0,0,0,0,37,0,0,32,38,35,0,0,0,0,0,0,0,36,0,35,0,0,0,0,53,0,0,0,0,0,0,0,0,0,0,0,0,0,0,0,0,0,0,0,0,37,0,0,51,0,0,0,0,0,0,74,0,0,0,0,0,0,0,0,34,0,0,0,0,97,0,0,0,0,0,0,0,0,0,0,0,0,0,0,0,0,0,0,0,0,0,0,0,0,0,0,0,0,0,0,0,0,0,0,0,0,41,0,0,0,19,0,0,0,0,0,0,0,33,0,0,0,0,0,163,0,0,0,0,0,0,0,0,0,0,0,0,0,0,74,46,0,0,48,92,0,0,60,0,0,0,0,54,0,0,0,0,0,0,0,0,0,0,0,220,0,0,0,285,0,0,69,23,0,0,0,0,0,0,0,0,212,0,147,0,0,0,0,89,0,0,51,0,0,0,0,0,0,0,0,52,36,0,0,0,0,0,0,0,0,0,0,47,0,0,18,0,0,0,0,112,54,0,0,0,0,0,0,49,41,0,0,63,0,0,0,0,38,119,0,0,0,0,0,0,0,0,0,0,0,0,0,0,0,0,0,0,0,0,0,0,0,0,0,0,0,42,0,0,0,0,0,0,0,0,0,79,0,0,0,0,0,0,0,28,0,0,134,0,0,0,0,0,0,0,0,0,0,0,0,0,0,0,0,46,0,0,0,0,0,0,0,0,0,0,0,0,0,0,0,0,0,0,0,0,0,0,0,0,189,0,0,0,0,0,0,0,0,0,0,0,0,26,0,0,0,0,0,0,36,0,0,0,0,0,0,0,0,0,0,0,0,0,0,0,0,33,0,0,0,0,0,0,0,0,0,0,0,0,29,49,0,0,0,0,0,0,0,0,0,0,0,0,55,0,0,0,0,0,0,0,0,0,28,0,0,0,0,0,0,0,0,0,0,0,0,0,0,0,0,63,0,191,32,0,0,0,0,0,0,0,0,0,67,0,0,0,60,0,0,0,0,0,34,0,34,0,0,0,0,0,0,0,0,0,0,0,0,0,0,0,0,0,28,0,0,0,0,0,0,47,0,0,0,0,0,0,0,0,0,0,0,0,0,25,31,0,0,0,26,0,0,0,0,0,0,0,0,0,0,0,0,0,0,79,0,0,0,0,0,0,0,0,0,0,0,0,0,0,0,61,0,0,0,0,0,0,0,0,0,0,0,0,0,0,0,0,0,0
123,0,0,0,0,0,0,0,0,0,0,0,0,0,0,0,0,0,0,0,0,0,0,0,0,0,0,0,0,0,0,0,0,0,0,0,0,0,0,0,0,0,0,0,0,0,0,0,0,0,0,0,0,0,0,0,0,0,0,0,0,0,0,73,0,0,0,0,0,0,0,0,0,0,0,0,0,0,0,0,0,0,0,0,37,0,0,0,0,0,47,0,0,0,0,0,0,0,11,0,0,0,0,0,0,0,0,0,0,0,42,0,0,0,0,0,0,0,0,0,0,0,0,0,0,0,0,0,0,0,0,0,0,0,0,0,0,0,0,0,39,0,0,0,0,0,0,0,0,0,0,0,0,0,0,0,0,0,0,0,0,0,0,0,0,0,0,0,0,27,53,0,0,0,0,0,0,0,0,0,0,82,0,0,0,0,0,107,0,0,0,0,0,0,67,0,0,0,0,0,0,0,0,0,0,0,0,0,0,0,0,0,0,0,0,0,0,0,0,0,0,0,0,0,0,0,0,0,0,0,0,0,0,0,0,0,0,0,0,0,0,0,0,0,0,0,0,0,0,0,0,0,0,0,0,0,0,0,0,0,0,0,0,0,0,0,0,0,0,0,0,0,0,0,0,0,19,0,99,0,0,0,0,0,0,0,0,0,0,0,0,0,23,0,0,0,0,0,0,0,0,0,0,0,0,0,0,0,0,0,0,104,40,0,0,0,0,0,0,0,0,0,0,0,106,0,0,45,0,0,0,0,0,0,0,0,0,0,0,0,0,0,0,0,0,0,0,0,0,127,0,0,0,0,0,0,0,0,0,0,0,0,36,0,0,0,75,0,0,0,0,0,42,0,0,0,75,0,0,0,0,0,0,0,0,349,0,0,0,20,0,0,0,0,0,0,0,0,0,88,0,0,0,0,0,0,0,0,0,0,0,0,0,0,0,0,47,0,0,0,0,0,0,0,34,0,0,0,0,0,0,0,0,0,66,0,0,0,0,0,0,0,0,0,0,0,0,0,0,0,0,0,0,0,0,0,0,0,0,0,0,0,35,0,0,0,0,0,0,0,0,0,0,0,0,0,0,0,0,33,86,0,0,0,0,0,0,0,0,0,0,0,0,15,0,0,0,0,0,0,0,0,0,0,0,0,85,0,0,0,0,0,0,0,0,0,0,0,0,0,0,0,0,48,0,0,0,0,0,0,0,0,0,0,0,0,0,0,0,0,0,54,77,0,0,0,0,0,0,46,90,0,0,0,0,0,0,0,0,0,0,0,0,0,0,0,0,0,0,0,0,0,0,0,0,0,0,36,0,0,39,0,0,0,0,0,29,87,0,0,23,151,0,0,0,0,0,0,0,0,0,0,0,0,0,55,0,48,0,0,0,0,72,31,0,0,0,56,0,0,0,0,0,0,0,0,0,0,0,0,43,0,0,0,0,0,0,0,0,0,0,0,0,0,0,235,0,0,0,0,29,0,0,39,77,0,24,0,0,0,0,0,0,0,0,0,0,0,0,0,0,0,23,0,84,0,0,0,0,0,0,0,0,0,0,0,0,0,20,0,0,0,0,0,0,0,34,0,0,0,0,0,0,73,0,0,0,0,0,0,0,59,55,0,0,0,0,0,56,0,0,22,0,159,81,51,0,0,0,0,0,0,0,0,0,0,0,0,259,0,0,0,215,46,0,0,0,0,0,0,0,0,0,0,40,0,0,0,0,0,0,0,0,0,0,0,0,0,0,59,0,0,0,0,0,163,0,0,0,0,20,0,77,0,0,0,0,0,0,0,0,0,0,0,0,0,0,0,0,0,0,0,0,0,68,0,0,0,0,0,0,0,0,53,0,26,0,0,0,0,0,0,43,0,0,0,0,0,0,0,73,0,0,0,0,0,0,0,0,0,0,0,191,0,0,0,0,0,0,0,0,0,0,0,0,0,59,53,0,38,0,0,0,0,0,0,0,0,0,0,0,0,0,0,0,0,0,0,0,0,0,0,77,0,0,0,0,0,0,0,0,0,0,0,0,0,0,0,0,0,36,0,0,0,0,0,0,0,0,0,0,0,0,0,0,84,32,0,57,0,0,0,0,0,0,0,0,0,0,26,0,0,0,0,0,0,38,65,0,0,0,0,0,0,0,76,0,0,0,0,0,0,0,37,0,0,0,0,120,0,0,43,0,0,57,0,0,0,0,77,0,0,0,174,0,0,0,65,0,0,0,43,0,0,0,46,85,0,110,0,547,54,0,0,0,0,0,0,0,0,0,0,0,0,0,60,0,40,91,91,0,0,0,34,0,0,46,0,0,0,0,0,0,0,0,0,0,0,0,0,0,54,0,0,0,93,0,0,303,0,65,0,28,54,0,0,0,35,0,0,0,0,39,0,193,0,0,0,91,0,0,56,0,0,0,68,172,0,28,0,0,0,0,65,0,0,0,0,0,28,0,0,0,0,0,0,0,0,0,0,0,128,0,0,53,0,0,0,0,0,0,0,101,0,0,0,0,0,0,39,0,0,59,71,0,0,95,0,0,166,29,0,108,0,32,0,0,0,0,28,0,0,128,129,0,0,0,11,0,0,0,0,0,0,0,0,0,41,0,33,0,0,0,34,0,0,0,0,70,34,0,0,0,0,0,0,0,0,0,0,0,0,0,0,41,0,0,126,0,0,0,0,0,0,0,54,0,0,0,65,0,221,95,0,0,0,0,0,0,0,0,0,0,0,111,0,0,0,0,0,93,0,0,0,0,0,0,0,0,0,0,0,0,22,0,0,0,0,0,0,0,0,0,0,0,0,0,0,0,0,0,0,0,0,0,0,0,0,0,0,0,0,0,0,36,0,0,0,0,31,0,0,32,0,46,0,0,0,0,42,56,0,0,0,0,0,62,0,0,0,0,46,0,0,0,0,0,0,0,0,35,0,0,0,0,0,37,0,0,62,0,0,0,0,0,33,0,0,101,0,0,0,0,0,37,0,0,52,0,0,33,0,0,283,0,0,0,30,0,0,136,0,0,66,0,52,0,76,0,0,0,0,30,0,0,84,0,0,0,0,0,0,0,49,0,0,0,0,0,0,0,0,0,0,0,0,0,162,98,0,184,0,0,0,0,0,0,38,0,0,0,0,0,0,0,155,0,0,0,73,0,79,0,0,145,0,0,0,0,0,46,42,0,0,37,64,0,0,0,0,0,0,114,0,0,52,0,0,22,0,0,0,0,0,0,0,0,0,0,99,23,0,41,0,0,0,0,0,0,127,0,0,78,0,0,0,0,0,0,0,0,0,0,0,0,0,0,61,0,0,39,0,0,42,0,0,0,0,0,37,0,0,92,0,0,0,0,0,0,49,0,0,0,49,82,0,0,0,0,0,0,0,43,0,42,157,0,0,0,91,0,0,0,0,0,39,0,0,43,0,0,0,0,0,59,0,22,0,25,0,0,216,0,0,0,0,0,0,0,0,0,0,0,0,0,51,0,48,0,78,0,0,0,0,174,0,0,0,0,0,0,0,0,138,0,33,0,0,0,77,0,0,0,94,0,0,49,215,0,0,138,22,0,0,60,56,0,61,0,0,0,0,0,0,0,0,215,0,0,0,0,0,55,0,0,0,27,0,40,0,0,0,0,0,0,0,0,0,0,51,0,0,0,0,0,21,40,0,61,0,33,38,0,0,0,0,0,0,93,0,0,0,49,50,0,0,0,0,0,78,0,0,23,39,0,0,89,48,34,0,0,0,0,0,0,21,106,0,0,0,0,0,38,54,55,24,0,239,0,0,0,46,0,0,0,0,0,0,0,33,0,195,58,0,0,0,0,80,0,0,0,54,0,0,36,0,75,0,37,0,0,0,0,0,58,0,0,0,0,0,0,0,0,0,0,0,106,0,44,0,0,0,0,0,0,118,53,0,0,45,0,0,0,0,0,69,0,0,49,0,33,53,0,0,0,85,0,137,0,0,0,0,20,0,32,0,0,0,145,48,129,0,0,0,29,0,0,0,0,50,0,0,0,0,0,0,0,0,0,0,228,44,0,0,0,0,0,0,0,0,478,0,0,37,0,0,0,29,0,91,57,0,58,0,0,0,0,35,0,49,30,0,0,0,0,0,0,0,0,0,0,0,0,0,0,0,0,107,0,0,49,0,0,0,0,0,63,101,42,0,95,0,49,0,0,29,0,0,0,0,0,26,0,0,53,56,38,0,0,0,0,0,0,0,0,0,49,87,0,0,0,0,0,280,47,0,0,97,0,155,29,0,0,0,71,56,0,0,127,0,0,0,0,0,0,94,136,0,0,0,0,54,0,43,80,0,0,0,0,53,0,0,45,0,0,0,0,0,43,66,0,0,28,0,0,215,0,0,86,0,0,0,0,59,49,0,74,93,77,0,0,0,0,0,0,0,23,54,91,0,51,29,42,0,153,63,0,0,0,43,0,35,34,0,22,0,0,0,92,0,29,0,162,0,0,0,0,0,0,0,0,83,134,0,0,57,0,0,0,59,0,0,0,0,0,0,0,84,0,0,0,0,0,29,0,0,0,0,33,0,0,0,0,0,0,0,0,52,229,0,44,0,0,0,0,67,0,134,76,52,0,0,0,0,0,0,12,0,61,118,0,0,0,0,95,0,40,0,0,0,0,46,0,66,0,0,0,52,0,0,54,81,0,0,0,157,0,48,0,79,0,0,0,0,0,0,67,0,33,116,160,0,0,52,0,0,0,0,0,0,0,0,0,0,0,0,0,152,0,0,0,0,0,0,0,0,79,174,0,0,0,69,49,50,30,0,38,0,0,0,0,0,0,0,0,0,0,0,0,0,0,0,77,0,0,0,0,34,91,0,37,0,0,0,0,0,0,47,0,68,58,253,99,0,0,0,0,0,43,0,0,46,0,71,0,79,0,0,52,0,46,0,0,0,0,0,0,0,26,0,139,146,0,0,25,0,0,0,0,38,0,55,0,266,0,0,44,0,120,0,0,112,35,0,0,0,121,0,54,0,0,0,0,0,67,120,0,138,96,0,0,56,0,0,0,96,0,0,27,0,0,98,0,0,0,0,0,0,50,0,71,41,0,0,0,0,68,0,0,0,0,8,16,0,54,0,15,0,0,256,0,38,136,0,38,0,0,24,0,0,0,0,0,0,37,43,31,0,0,0,33,0,0,0,0,0,0,0,0,0,0,0,0,193,0,0,75,0,0,35,0,0,0,0,0,0,0,0,0,0,23,0,55,0,0,126,106,0,0,0,0,40,0,0,68,0,0,0,60,38,0,0,0,0,43,21,0,51,103,61,48,0,0,0,0,54,0,0,0,0,0,0,34,0,0,277,0,0,0,30,0,0,87,34,158,0,94,0,0,0,0,0,0,132,0,0,131,0,0,0,0,0,0,0,0,0,0,29,0,0,0,122,54,0,0,0,0,0,100,0,0,0,0,0,0,558,0,0,75,29,0,0,141,0,103,0,0,92,50,0,0,39,0,0,28,0,97,0,65,81,0,0,0,0,0,484,0,0,0,0,122,0,0,0,91,107,0,0,0,0,69,0,0,58,0,0,94,0,233,45,81,0,0,80,0,13,0,0,0,0,0,0,0,133,390,0,0,0,63,0,0,0,0,0,0,268,43,0,21,0,43,55,0,22,0,0,0,0,0,0,29,0,301,0,0,44,0,0,0,0,0,0,0,76,0,0,0,30,0,0,0,0,0,206,36,0,0,91,0,0,0,54,99,0,0,193,0,36,0,0,70,0,0,0,36,0,0,0,89,0,0,0,0,0,0,0,64,52,0,0,139,0,0,52,0,0,0,0,0,40,66,0,36,0,52,0,0,0,0,0,0,0,64,51,0,0,0,117,67,0,54,49,0,73,36,119,0,44,0,60,0,144,0,0,0,35,34,32,0,0,0,0,0,0,0,0,81,0,96,0,38,0,53,0,0,84,0,0,0,72,0,0,0,0,0,430,0,260,53,49,0,0,40,0,0,0,0,0,44,0,0,43,45,0,0,39,0,58,0,68,103,0,0,24,0,0,0,0,0,0,0,0,0,67,150,98,0,27,0,0,0,0,0,0,0,0,51,0,29,0,26,0,76,0,0,0,74,0,0,0,133,0,0,0,104,0,0,130,0,0,0,81,71,33,63,0,0,0,0,0,73,0,0,40,0,49,32,0,0,0,80,0,0,0,58,36,57,55,74,0,0,97,60,208,0,35,21,0,0,0,0,0,40,76,74,27,43,53,66,0,42,0,47,0,0,0,0,0,0,33,0,63,91,0,0,0,0,0,52,0,0,0,0,192,40,0,0,0,0,0,42,0,36,18,0,0,97,161,254,0,0,434,45,47,0,0,0,25,0,0,105,0,0,0,21,0,51,0,0,0,51,39,0,0,53,0,0,37,12,59,0,0,112,191,404,0,0,59,0,81,0,105,0,51,0,0,0,96,79,46,131,20,0,0,62,68,0,76,55,0,0,54,0,213,0,0,0,103,43,0,0,33,0,23,0,0,463,104,0,0,0,0,30,19,0,37,0,56,0,0,0,0,0,0,112,0,0,28,0,41,0,0,68,33,208,0,0,97,0,170,0,60,0,21,0,0,0,0,22,167,0,0,51,0,50,68,38,0,191,44,110,182,0,0,0,0,0,0,200,107,0,0,38,0,0,0,0,27,0,0,0,50,45,0,0,0,0,0,310,53,0,92,0,80,0,211,0,0,0,0,0,0,0,50,129,0,44,0,173,0,89,0,0,13,88,0,0,0,72,235,0,0,43
124,0,82,86,134,141,325,189,0,422,82,1396,111,169,132,483,1031,1231,183,119,119,1828,176,387,247,811,54,125,286,103,148,74,241,0,147,518,500,62,364,901,552,201,94,45,1277,58,383,219,1533,67,542,209,422,375,163,1091,112,68,41,93,55,484,476,795,108,244,434,179,126,114,839,0,152,152,104,1086,450,115,1562,180,583,67,150,588,889,247,192,71,279,224,1320,213,153,454,605,171,187,48,238,185,33,127,142,617,118,133,128,153,553,219,1170,220,336,653,632,266,276,521,145,138,790,127,1398,245,116,275,130,136,403,69,581,81,1332,109,466,477,1253,273,426,322,660,238,297,1660,46,61,134,192,343,440,0,105,412,208,613,280,112,555,149,919,844,396,84,371,189,422,269,199,817,934,965,1112,111,440,72,278,141,338,1164,396,202,897,71,194,166,139,255,1979,754,44,61,57,627,244,580,96,514,113,84,695,102,565,652,152,1901,97,188,87,210,669,500,626,126,189,160,656,207,353,45,123,652,811,195,65,1311,74,83,246,1019,60,405,102,108,123,153,0,213,293,731,249,115,503,256,303,307,67,474,84,258,33,414,257,1247,358,608,313,395,43,143,476,1010,584,421,222,258,110,73,1228,706,1492,146,99,828,1376,303,528,255,111,2337,700,279,88,429,694,404,234,241,1302,8078,252,295,177,1129,130,116,202,123,216,409,278,165,93,350,137,65,784,1119,748,107,475,354,2402,535,38,49,189,358,1003,327,140,181,141,80,185,1124,423,250,723,86,148,1903,42,357,404,373,229,102,88,90,324,77,383,57,302,545,145,63,88,487,3143,1125,686,152,1055,1983,90,308,437,1092,1000,330,229,402,110,378,826,1912,774,295,166,738,262,344,298,495,509,697,49,41,1097,311,192,228,166,323,2778,386,449,410,58,93,170,2202,122,390,224,2017,177,636,775,75,229,1118,54,163,393,218,132,239,119,619,69,385,135,0,75,1126,426,1244,1187,134,434,322,149,323,371,442,281,807,151,0,82,268,93,862,116,147,250,194,595,102,114,1428,687,1423,461,988,442,169,282,135,41,673,53,363,104,289,179,68,114,1006,114,713,1045,169,158,98,338,123,165,295,137,992,503,305,249,844,1701,830,629,416,152,819,684,588,74,67,385,719,1470,906,389,124,1170,198,348,986,761,764,184,18,630,134,2618,338,392,1053,594,312,102,453,88,86,184,127,107,1363,313,325,586,788,249,1016,1195,449,67,184,228,1318,175,173,104,49,0,278,230,172,58,39,748,154,552,1645,126,202,69,477,228,271,1000,498,468,169,314,221,177,114,334,274,125,984,1383,0,366,432,1086,322,138,62,250,764,1045,137,75,104,157,55,779,111,267,1029,935,523,111,1873,78,938,2646,333,106,248,2062,51,416,145,107,97,599,102,438,152,106,387,477,341,488,274,404,339,312,65,184,1166,1485,504,127,423,493,74,306,108,124,60,170,310,111,470,136,0,739,396,129,132,109,145,252,409,509,117,27,70,113,721,0,116,1241,123,453,148,1143,810,205,65,388,2784,46,461,261,257,499,360,296,304,61,121,669,242,409,120,294,1017,225,516,171,728,258,323,231,1237,127,139,209,535,297,923,103,307,159,906,44,586,174,329,63,270,111,557,128,1866,48,126,275,55,445,517,189,135,399,630,415,156,1353,841,76,70,124,0,290,1055,322,982,344,470,4944,1056,1434,528,482,51,46,665,357,175,202,419,53,44,199,1243,456,742,232,5992,519,0,460,96,64,456,40,191,215,170,133,839,210,67,282,60,166,168,451,135,398,72,714,39,225,66,755,636,653,290,165,104,1182,188,169,229,263,766,219,475,119,47,0,507,394,488,1171,0,0,279,194,61,245,0,288,225,231,407,193,230,141,1435,278,814,503,449,87,364,103,1099,499,156,941,135,175,171,284,549,112,970,117,158,199,372,282,93,845,1324,35,132,165,90,56,509,345,146,0,0,163,1415,112,832,341,54,390,285,202,532,103,488,178,99,71,1817,895,423,1418,99,186,126,1056,152,355,172,0,176,123,76,129,107,221,1003,688,189,154,25,207,235,281,592,110,313,393,50,500,57,227,320,907,120,450,775,504,1458,103,171,282,412,1122,0,260,67,174,160,1114,1246,907,631,167,351,193,184,1726,608,425,487,83,617,800,299,188,98,641,582,140,142,421,274,170,185,90,254,274,225,486,826,125,187,611,115,497,168,522,121,229,347,275,486,63,511,726,232,89,283,175,2342,124,201,412,301,276,861,625,127,628,387,2336,202,183,76,1130,427,265,68,1384,172,38,430,951,109,82,213,534,1924,172,2498,105,4211,474,192,209,293,83,149,55,41,426,219,161,535,114,129,900,236,403,1549,684,276,286,35,386,204,1440,2434,1163,480,393,82,177,312,269,278,36,1313,580,241,36,92,436,184,108,325,1042,104,1210,3779,360,709,242,622,595,386,248,1215,1006,409,109,498,0,329,294,1435,0,707,551,516,875,0,1250,437,285,458,1453,2827,1039,1176,137,875,318,264,988,94,370,278,197,90,310,44,560,0,393,3405,182,70,118,263,191,247,1074,186,472,268,280,184,248,106,128,339,212,801,95,192,322,409,228,0,397,342,1019,486,1439,121,399,2062,290,63,1454,243,481,1103,309,261,0,183,467,321,1298,53,46,756,1995,79,158,141,467,485,71,245,75,406,171,176,133,294,1799,481,242,329,455,707,315,1231,68,245,234,1244,326,169,595,1045,1055,1157,406,695,99,837,130,371,103,241,417,631,118,504,1130,634,215,372,214,37,127,312,1081,2565,275,201,559,144,1693,849,0,1344,332,172,231,107,163,82,117,205,270,643,100,257,691,265,66,3121,212,158,475,583,197,291,356,175,487,580,102,143,314,94,168,212,159,57,867,60,53,198,529,305,422,212,109,65,272,193,919,164,409,277,143,339,74,335,67,187,113,327,165,290,43,442,61,81,489,68,238,313,142,421,106,62,340,151,598,1088,891,46,193,89,145,660,345,197,88,539,429,178,166,353,357,78,247,291,66,483,368,152,442,0,66,249,232,106,439,136,1696,327,93,148,268,247,232,691,643,189,116,516,127,655,197,152,978,794,307,800,203,95,6560,193,584,35,169,283,177,1717,53,271,474,180,485,130,1017,435,84,55,126,382,113,192,1073,105,113,164,625,216,309,64,394,445,202,73,144,262,244,194,180,252,699,118,30,112,5808,1723,209,1142,208,396,558,1057,342,136,326,123,950,295,209,372,254,68,1454,107,558,498,1938,69,1625,653,27,1015,195,56,159,112,73,1004,298,158,538,385,723,304,1024,86,1047,98,260,696,0,156,635,380,193,562,163,97,252,370,269,557,136,428,627,95,2002,639,249,319,773,269,209,676,232,65,1872,27,61,832,25,164,127,1041,108,350,739,302,431,225,621,380,513,367,370,40,724,632,81,154,290,212,351,259,200,247,634,74,684,380,728,912,213,187,100,110,912,270,248,150,1820,1017,678,367,154,337,261,54,170,1084,193,510,1200,150,0,265,697,188,268,320,159,105,166,54,59,521,1215,309,95,90,350,221,803,80,188,803,119,192,654,23,122,92,600,395,87,549,264,186,78,324,0,75,865,154,534,45,1520,714,160,144,661,588,199,219,498,220,568,62,134,176,2059,54,1143,108,199,278,771,77,294,238,1848,563,150,692,4213,86,23,572,503,126,424,680,1382,90,522,344,422,428,177,0,718,62,131,1961,0,613,237,173,159,671,128,266,186,419,137,652,135,184,0,193,123,475,64,162,850,1591,230,89,193,430,328,265,76,878,557,179,187,256,163,1619,155,421,168,185,182,282,97,1148,790,231,520,409,271,588,158,156,254,290,383,755,986,197,1055,535,533,337,165,321,1893,83,118,287,445,1485,72,426,34,66,135,2206,263,149,241,86,833,669,473,230,1011,148,861,78,1541,0,129,73,1055,181,3372,586,513,186,100,472,626,205,408,188,375,201,373,399,456,889,53,232,43,251,188,324,119,332,978,33,49,2307,266,30,182,674,375,97,270,595,257,164,242,57,190,234,665,368,1004,1734,329,574,691,59,183,400,68,188,1526,40,84,160,75,97,1111,103,69,207,2112,81,820,78,128,179,116,868,1105,891,690,253,174,2041,258,3344,74,131,81,547,84,936,208,237,378,482,89,96,221,117,92,79,267,143,260,2746,358,231,0,0,45,133,246,538,31,2157,134,359,438,88,210,197,226,0,1179,236,73,304,239,113,313,291,429,85,456,278,186,210,66,296,353,247,102,368,67,0,1728,85,253,125,442,377,564,884,151,436,237,247,116,183,174,478,548,187,314,885,119,224,233,100,98,150,159,171,132,0,469,356,533,308,810,200,244,402,417,90,61,79,282,115,379,231,1224,267,314,306,81,154,1596,214,212,176,1193,57,1592,399,102,157,266,1245,599,468,58,630,277,320,126,151,69,358,602,717,117,140,43,439,298,493,367,711,493,96,77,258,922,117,0,370,234,71,70,193,119,700,1113,248,330,319,106,43,1562,109,186,2571,285,150,39,77,298,189,84,1427,646,1393,0,168,107,179,50,92,525,167,428,451,295,184,497,302,339,1950,532,434,49,123,186,734,704,605,338,296,1840,79,55,801,417,667,165,790,568,263,172,62,78,244,697,1123,676,1053,259,91,334,134,46,141,524,115,98,515,28,715,0,182,1132,88,74,54,55,264,469,220,134,563,259,466,677,89,156,1112,257,103,61,79,1175,1520,84,224,85,129,199,0,582,222,686,660,330,310,536,474,105,103,40,111,592,327,1046,61,224,76,432,633,362,674,96,68,969,50,585,0,668,52,156,119,280,76,53,404,777,88,82,158,1592,326,229,55,4016,108,148,40,46,45,44,746,243,204,360,1514,126,53,241,102,187,597,311,289,164,135,448,80,409,275,127,572,1030,167,326,142,235,188,386,297,706,368,1288,262,133,2260,414,650,223,305,328,368,184,118,67,312,103,189,357,335,325,733,460,157,117,116,725,659,360,0,184,63,464,833,480,663,689,92,67,122,37,261,524,530,2082,662,2431,592,0,122,93,76,292,495,155,172,635,925,1396,279,715,455,608,931,170,640,0,153,210,157,365,82,173,320,99,1631,1454,87,400,530,102,289,0,187,350,231,630,348,1543,232,181,308,273,1113,611,0,667,389,189,342,337,495,159,542,350,75,491,317,111,603,671,281,1119,481,110,311,668,263,396,129,479,506,41,520,124,37,1150,929,210,238,396,143,40,2643,50,898,396,191,280,131,383,810,157,54,237,128,264,244,187,697,103,369,71,138,1659,337,246,1379,225,214,45,225,290,108,303,147,211,573,544,986,547,434,70,54,322,443,427,198,573,98,116,285,329,318,55,975,214,250,1602,64,26,547,590,65,809,291,1053,129,187,381,235,127,115,51,123,356,98,487,1018,119,824,1221,84,175,70,79,956,77,330,581,483,1170,304,1163,352,286,652,86,567,451,95,417,255,1351,862,725,560,126,53,548,359,206,85,172,625,145,147,273,576,265,4484,363,69,270,316,140,731,977,326,1338,169,510,104,151,50,614,79,1032,1514,389,234,1162,87,30,404,263,230,282,141,0,88,621,313,326,471,120,1591,690,57,36,26,131,92,509,176,141,106,339,0,239,3371,104,78,2086,336,365,106,747,129,1546,406,72,580,495,93,104,441,79,52,400,128,871,262,337,244,153,309,104,81,50,1732,306,86,70,67,1609,74,545,466,823,746,48,85,265,336,411,121,35,753,0,226,223,155,822,730,1028,473,507,789,91,93,169,311,79,200,164,334,67,1960,754,153,115,96,566,434,114,420,216,247,944,653,837,168,324,135,166,264,117,304,165,199,0,97,612,374,260,98,1542,102,0,530,111,69,271,930,45,209,444,633,144,172,28,468,373,227,64,71,528,2977,318,60,169,481,218,292,60,331,897,98,330,481,222,281,102,289,918,164,37,133,83,143,162,190,325,623,169,238,218,49,421,236,402,352,142,169,1273,61,132,470,212,265,311,235,1056,662,613,229,460,148,143,278,213,311,2054,277,52,44,1474,340,452,411,174,322,573,238,455,75,200,2027,527,1341,164,745,356,745,385,1082,57,262,198,128,714,366,195,244,93,1957,233,415,71,125,172,54,1030,45,108,206,1785,59,188,926,281,341,132,1129,89,525,845,273,190,3737,187,2111,384,609,129,191,1147,160,384,391,590,435,352,114,95,256,380,86,372,295,150,480,84,562,878,804,80,421,248,116,588,0,79,347,257,331,164,216,1153,1152,128,365,22,78,240,102,517,1342,158,408,947,100,112,85,188,573,687,94,89,262,996,81,146,327,434,145,37,425,528,200,145,1282,283,317,687,553,650,802,316,0,232,76,31,83,938,77,199,237,25,377,536,125,116,0,1390,71,403,418,776,294,350,533,576,0,65,2265,367,949,116,475,392,55,282,114,66,220,276,1147,600,200,781,397,607,62,311,62,416,373,126,173,150,193,132,131,173,1437,842,144,372,175,91,481,562,0,49,248,197,1891,194,259,67,125,146,264,246,307,533,167,474,189,364,768,1173,95,124,1997,323,533,176,330,342,117,0,121,1192,65,338,24,246,173,398,224,37,230,496,163,93,179,342,260,230,474,77,252,64,315,592,1773,5850,194,405,218,364,901,163,726,77,577,291,352,141,661,546,469,617,373,161,42,293,295,0,1113,863,66,225,382,406,909,120,596,202,547,152,216,86,237,183,483,963,66,2724,664,43,1528,83,36,221,300,49,393,234,1977,72,69,193,803,82,56,530,187,0,285,51,705,154,638,511,391,1948,422,70,1307,184,685,119,454,50,604,246,98,97,474,162,800,79,119,388,98,738,1075,166,130,984,258,1539,989,249,151,221,205,134,70,2097,562,66,99,237,669,183,194,0,198,171,162,242,365,339,198,32,539,122,48,1293,354,200,552,190,332,76,1658,110,67,64,65,0,55,65,263,1697,50,330,629,985,119,451,103,62,133,416,314,213,51,421,2480,192,94,199
125,0,0,0,115,70,52,78,0,110,0,272,0,0,23,143,325,224,0,91,0,283,0,44,104,95,0,0,110,25,33,0,125,0,0,297,227,0,62,417,114,0,100,0,304,0,90,100,362,0,172,0,59,159,19,233,39,0,0,43,0,140,63,315,0,33,186,0,0,0,362,0,73,0,0,133,99,0,243,0,158,0,37,262,386,103,0,25,78,62,323,28,74,86,64,80,0,0,72,66,0,0,0,147,0,0,38,0,49,147,306,96,80,117,217,34,87,115,0,0,357,0,242,42,40,47,0,44,63,0,114,0,203,0,59,124,190,69,77,51,117,60,103,373,0,0,40,68,52,160,0,64,127,72,120,231,24,58,43,139,366,67,0,66,98,56,80,36,115,208,242,130,35,65,0,0,55,73,208,68,20,298,0,0,24,0,0,501,272,0,0,0,123,39,202,31,61,61,0,134,0,91,0,0,474,0,66,21,0,183,207,133,69,37,37,73,125,53,13,0,93,110,0,29,195,0,0,250,605,0,56,0,0,0,0,0,0,45,139,56,0,67,49,0,51,0,123,0,79,0,61,59,185,45,300,61,45,0,42,87,498,98,40,0,55,0,0,353,161,492,0,0,164,314,49,61,108,30,931,94,122,0,85,165,0,59,25,259,1287,50,27,0,129,0,0,51,0,95,47,56,0,0,72,61,0,149,465,257,0,43,38,375,141,0,0,35,92,144,82,31,43,34,0,27,334,93,0,282,0,42,288,0,20,145,81,0,0,0,0,56,0,169,0,76,93,0,0,0,68,1060,161,70,48,345,335,0,80,156,407,327,33,107,79,0,157,351,560,99,0,0,272,0,118,0,101,180,95,0,0,385,0,0,121,64,49,950,70,62,99,0,0,28,160,0,66,35,248,100,97,186,0,81,102,0,0,129,45,73,104,0,141,0,154,0,0,0,229,0,359,285,0,155,64,30,141,101,128,49,68,0,0,0,53,0,245,36,24,46,16,110,0,0,212,159,149,110,163,79,0,62,33,0,144,0,75,0,0,81,0,0,145,0,140,331,70,82,0,74,0,32,34,38,197,79,43,41,189,152,137,99,100,0,246,218,78,0,0,139,240,385,85,50,0,462,41,88,130,74,213,0,0,120,35,783,48,124,386,231,48,0,55,0,0,0,0,0,168,56,49,64,84,60,93,232,105,0,48,53,189,0,71,0,0,0,132,133,49,0,0,108,0,180,321,0,0,0,162,38,47,216,125,86,0,98,41,0,54,34,28,0,135,370,0,29,95,170,128,0,0,43,117,150,0,0,0,21,0,148,30,0,52,102,126,0,330,0,138,149,76,41,83,263,0,102,0,0,0,80,0,133,19,0,70,85,0,227,93,123,91,68,0,42,170,249,159,24,108,145,0,56,0,50,0,41,88,0,72,76,0,174,114,18,0,33,0,84,63,160,60,0,0,0,221,0,0,133,0,130,0,176,163,0,0,49,1012,0,95,41,56,84,0,122,56,0,0,231,0,105,0,97,369,52,168,0,74,79,56,84,176,53,0,42,80,133,152,0,0,65,133,0,49,70,144,0,34,44,63,53,410,0,0,73,0,158,0,59,22,35,64,95,0,242,159,0,0,19,0,74,151,123,189,0,103,881,365,344,112,159,0,0,60,65,77,44,109,13,0,0,239,115,209,58,1085,159,0,124,0,0,158,0,64,147,0,61,216,0,0,0,0,0,0,76,51,60,0,135,0,115,22,199,247,154,53,45,0,134,81,45,0,52,168,0,114,25,27,0,163,111,74,236,0,0,0,50,0,0,0,73,0,74,85,0,60,0,369,86,109,73,187,0,48,41,350,78,54,194,0,67,29,55,90,0,124,37,37,72,51,41,0,0,291,0,0,0,0,0,69,54,0,0,0,0,433,0,135,0,0,170,79,0,83,0,167,0,0,0,782,156,32,211,0,43,0,131,0,103,41,0,39,0,0,22,0,61,405,205,0,0,0,55,60,155,99,27,0,172,0,125,0,49,150,327,37,137,225,155,328,0,0,0,193,386,0,104,0,63,87,439,532,291,196,44,25,78,27,437,140,184,120,40,172,97,84,47,0,105,71,72,0,153,84,50,67,0,95,44,160,204,203,29,67,169,0,83,0,274,45,20,77,77,60,0,78,369,46,0,128,25,548,32,108,124,47,275,274,112,0,151,84,158,42,0,0,690,217,60,0,510,59,0,58,246,0,14,56,251,403,74,1326,0,1680,248,51,124,80,64,78,0,0,161,33,42,243,0,0,475,73,166,336,355,58,92,0,262,0,465,757,216,55,188,0,0,92,96,77,0,496,40,108,0,0,251,73,55,123,373,0,191,1011,87,326,40,182,228,140,0,210,88,50,55,57,0,222,79,415,0,113,110,314,333,0,183,75,85,126,294,843,111,413,43,275,109,67,318,0,80,95,61,0,79,0,34,0,76,600,22,32,56,83,0,0,376,0,91,159,79,40,90,42,52,50,42,342,0,30,113,143,0,0,123,108,395,247,344,50,28,993,45,0,286,125,98,492,45,70,0,78,119,37,269,0,0,480,421,0,0,0,105,222,0,60,0,68,32,0,32,92,526,119,48,75,95,125,209,244,0,61,103,315,138,0,91,176,335,176,78,119,0,299,0,100,14,61,150,281,0,0,494,125,51,53,35,0,0,42,226,748,0,92,310,73,531,380,0,197,104,97,46,0,81,0,0,43,93,376,52,0,77,31,0,818,0,94,75,87,35,0,75,0,197,109,30,0,142,43,65,0,0,40,103,0,0,0,125,93,32,0,0,21,51,115,171,0,116,99,0,83,52,111,0,54,0,56,35,86,0,70,42,0,72,0,0,152,87,108,0,0,76,49,132,165,84,0,34,0,78,223,58,0,40,198,128,51,50,37,84,0,31,0,0,76,100,51,208,0,0,85,0,35,201,0,199,81,0,44,163,0,46,248,172,44,0,137,40,178,0,41,388,177,55,297,0,0,91,57,82,0,113,59,23,438,0,33,222,0,100,0,198,38,0,0,56,158,34,0,305,0,0,53,160,0,70,0,184,253,24,0,0,58,42,81,0,59,106,0,0,39,756,736,0,515,50,71,191,126,48,40,59,31,188,47,109,107,95,0,707,47,42,120,375,0,227,81,0,164,44,0,0,35,0,72,154,72,155,92,272,108,177,0,434,0,114,382,0,25,140,48,56,114,0,0,125,66,66,38,92,118,174,23,994,315,108,128,189,0,0,101,40,0,262,0,0,222,0,0,47,90,37,50,107,190,133,42,289,90,126,71,324,0,98,207,0,0,35,0,75,67,0,99,56,42,74,230,130,463,30,41,29,0,324,53,140,0,484,297,304,94,0,71,0,0,34,207,40,128,521,0,0,59,201,51,31,50,0,0,48,0,0,102,206,106,0,41,113,30,195,0,49,193,55,36,117,0,0,0,88,60,0,124,76,0,0,30,0,29,110,29,107,0,254,134,54,0,115,179,45,33,128,90,56,0,46,47,430,0,369,0,67,119,159,0,63,0,184,51,54,61,469,0,0,158,77,0,77,134,429,0,136,77,85,41,39,0,186,0,51,720,0,127,92,68,46,196,45,0,0,43,0,303,0,0,0,25,0,153,0,56,162,219,0,0,71,73,88,37,0,77,149,0,0,53,16,228,0,55,0,38,66,63,40,287,195,103,79,60,0,91,36,0,97,44,54,229,102,0,65,212,50,60,59,118,551,0,33,55,38,191,0,67,16,0,0,325,84,17,0,0,176,175,87,42,91,0,92,0,300,0,49,0,576,0,705,174,0,27,0,104,89,63,165,38,145,0,81,90,78,190,0,44,0,0,42,0,0,122,243,0,0,542,83,0,0,67,126,33,50,106,68,0,0,0,0,0,174,92,184,506,128,72,151,0,0,80,0,105,199,0,0,0,0,0,165,0,0,66,594,0,272,0,24,0,0,223,200,87,109,37,0,237,57,451,0,0,0,156,0,255,43,73,58,122,0,0,0,0,47,0,59,0,56,222,84,51,0,0,0,43,33,231,0,508,0,101,47,0,0,69,58,0,0,186,25,107,0,33,74,91,73,0,199,73,0,49,17,75,176,142,34,51,0,0,470,0,0,23,68,96,282,316,46,155,105,67,0,0,41,207,187,148,0,216,35,95,74,0,54,0,0,43,39,0,52,118,162,157,286,65,88,0,87,44,0,0,159,0,140,51,303,0,103,89,80,58,887,0,67,141,267,0,393,98,0,0,89,323,89,63,0,221,0,87,35,0,51,94,77,319,23,0,0,226,110,0,171,304,174,0,0,86,246,0,0,103,61,44,0,0,50,313,378,67,119,111,0,0,773,54,97,254,85,0,0,0,106,103,0,433,135,514,0,82,0,37,0,0,181,53,69,186,23,122,275,161,80,568,133,124,0,58,0,0,419,242,69,0,593,0,0,203,52,275,36,341,214,56,0,0,40,106,425,108,116,529,0,0,118,36,29,0,136,36,0,155,0,202,0,77,356,35,32,0,0,84,111,61,58,65,63,330,0,0,61,420,114,0,43,0,630,571,0,88,0,39,30,0,170,0,410,516,171,76,208,142,30,54,0,33,126,194,327,45,101,0,105,28,184,261,0,45,97,0,147,0,250,0,128,49,140,39,0,168,356,0,0,102,241,116,62,0,303,0,0,0,0,0,0,106,142,58,184,264,0,0,93,0,0,144,139,58,48,53,178,41,136,87,0,144,230,30,60,55,0,66,101,80,355,138,522,0,29,782,157,155,94,161,53,154,73,59,0,103,37,42,93,0,79,255,65,0,20,25,227,156,73,0,45,0,156,239,54,102,226,51,0,0,0,122,75,134,450,428,618,160,0,53,0,0,137,70,56,0,75,372,504,139,347,112,69,111,29,108,0,118,62,0,108,35,72,102,0,300,616,0,134,193,0,70,0,0,86,0,205,44,272,137,84,144,50,693,49,0,468,66,93,30,85,330,55,138,102,20,173,29,37,126,244,76,480,246,60,148,89,85,104,76,184,143,0,233,55,0,165,128,67,82,56,0,0,305,0,329,61,91,77,28,130,379,60,0,51,80,88,0,46,377,0,103,0,48,694,55,109,483,45,87,0,51,0,0,89,0,152,174,85,99,261,139,0,0,118,108,97,103,69,0,39,66,57,90,0,117,0,86,447,39,0,256,318,0,238,111,145,0,94,85,0,0,33,0,39,81,0,82,323,0,361,233,37,18,0,0,148,0,91,378,114,284,225,139,187,87,145,0,191,69,41,126,120,185,347,245,257,0,0,115,155,79,0,77,196,38,89,114,80,0,610,105,0,61,107,41,303,520,102,502,77,119,0,74,0,137,0,290,282,81,0,466,0,0,262,87,43,0,69,0,0,222,120,74,104,71,221,75,0,0,0,37,0,142,0,0,30,182,47,51,312,0,0,525,95,55,0,226,64,690,102,0,41,259,0,0,123,0,0,219,27,83,110,114,75,0,69,47,52,0,813,98,0,22,0,348,46,110,83,134,382,0,0,109,89,0,44,0,368,0,76,44,0,266,96,425,116,61,237,42,0,0,0,0,34,94,122,0,765,141,0,0,36,68,40,32,76,56,107,377,291,246,46,103,37,57,68,0,127,0,31,0,0,140,130,85,0,433,0,0,127,67,0,107,215,0,0,34,291,55,79,0,46,188,34,0,0,271,1103,122,53,0,48,0,146,0,90,490,29,67,133,40,34,46,77,341,73,0,60,32,34,0,71,126,159,58,30,50,0,195,69,123,94,41,66,256,32,0,65,90,69,46,70,181,116,209,121,91,30,22,38,98,75,377,83,0,0,195,76,183,105,35,87,161,23,101,0,35,845,215,208,90,127,133,138,97,245,0,125,55,49,187,237,92,48,0,1114,37,51,0,94,0,52,378,0,59,0,715,0,0,214,87,77,64,216,26,260,195,49,30,1792,39,1061,103,205,55,56,294,76,70,264,80,89,146,0,0,155,148,26,139,123,0,147,0,262,271,130,0,87,86,0,272,0,60,71,58,0,98,65,152,420,0,190,0,0,68,0,133,248,0,116,548,50,0,0,0,129,251,30,0,88,205,0,0,123,109,0,0,80,185,47,75,534,114,0,229,184,162,187,110,0,106,0,0,0,221,28,92,97,0,66,115,68,19,0,305,0,177,104,265,77,174,122,255,0,0,466,71,532,45,242,32,0,60,0,0,0,104,562,190,51,242,114,220,0,128,39,215,41,63,39,112,74,47,53,66,548,175,73,107,0,32,149,160,0,0,53,0,409,78,112,0,40,0,67,99,116,58,125,167,37,151,270,387,55,0,436,81,279,41,68,111,0,0,24,349,0,155,0,48,63,154,66,0,0,256,69,0,0,64,116,51,164,0,61,29,118,240,1236,1162,70,179,153,140,367,75,348,0,261,97,145,32,169,173,175,204,81,71,22,101,135,0,120,161,0,79,122,170,597,47,163,58,236,62,50,38,48,76,140,184,0,751,234,0,405,0,0,66,54,32,132,106,242,0,0,0,139,0,0,141,45,0,145,0,123,0,115,133,150,1578,99,0,287,74,181,66,111,0,291,119,41,41,216,50,206,0,56,111,0,140,221,43,40,240,136,547,415,102,66,75,76,0,0,1114,140,0,22,68,88,74,90,0,78,66,45,148,126,58,89,0,248,27,0,524,168,93,158,55,109,0,1063,55,0,0,0,0,0,0,90,318,0,111,269,217,62,162,101,0,0,121,86,86,0,142,392,84,37,96
126,0,0,0,0,0,0,0,0,0,0,177,0,0,0,0,58,32,0,0,0,0,0,0,0,40,0,0,0,63,0,0,0,0,0,65,151,0,78,335,0,0,0,0,114,0,0,0,79,0,0,0,0,0,0,75,0,0,0,0,0,0,48,315,0,0,0,0,0,0,0,0,0,0,0,44,0,0,0,0,0,0,0,0,0,0,0,0,0,25,76,0,49,0,0,0,0,0,98,0,0,0,0,0,0,0,0,0,0,0,34,0,0,0,0,0,0,63,0,0,0,0,71,0,0,0,0,0,0,0,0,0,109,0,0,0,25,0,0,0,32,0,160,97,0,0,0,0,0,0,0,31,0,0,103,72,0,0,0,0,245,0,0,0,0,55,0,0,0,0,35,26,0,68,0,0,0,0,0,0,0,253,0,0,0,32,0,0,58,0,0,0,0,0,171,0,0,0,0,65,0,0,74,0,59,0,0,0,0,0,0,0,0,0,0,0,0,0,0,0,0,0,0,0,101,0,0,71,85,0,0,0,0,0,0,0,0,0,0,0,0,0,0,28,0,0,0,0,0,0,0,24,99,0,0,0,72,0,0,0,105,0,0,0,0,0,0,68,0,42,0,0,0,107,0,0,0,25,316,0,89,0,0,26,0,0,0,52,398,0,0,0,103,0,0,108,0,0,0,0,0,0,0,0,0,229,0,0,0,60,74,149,0,0,0,25,21,0,96,39,39,0,0,35,0,116,35,0,0,0,163,0,105,35,0,64,0,0,0,0,0,0,0,43,51,0,0,0,0,158,0,0,0,0,323,0,0,0,93,57,0,0,0,0,0,129,0,162,0,0,0,34,0,0,0,54,57,0,0,42,0,0,0,0,57,66,0,120,0,0,0,0,492,0,0,48,321,0,45,71,0,0,75,0,0,0,0,0,22,0,0,0,25,38,0,0,35,92,87,32,0,44,93,0,0,97,27,0,62,0,0,0,0,0,0,0,25,0,0,170,0,0,102,0,69,0,132,96,0,42,0,0,183,0,0,0,0,0,0,0,89,38,115,39,0,0,0,0,39,0,0,48,96,36,0,0,78,360,155,41,0,0,33,25,0,0,0,0,48,32,226,0,0,35,0,0,33,179,83,0,0,129,0,289,26,0,0,0,44,0,0,0,0,0,0,0,78,0,37,40,0,31,94,163,0,0,53,66,24,0,0,0,0,0,52,0,0,0,0,0,0,148,103,45,0,0,0,0,0,184,0,70,0,0,0,0,0,50,24,40,0,0,0,38,0,104,0,0,0,0,0,52,16,0,0,0,0,90,0,30,97,40,144,0,0,0,277,179,24,0,0,119,0,86,0,0,0,53,0,0,0,0,0,0,0,71,40,0,0,21,0,0,0,30,58,0,49,42,0,19,0,0,0,0,0,0,61,0,0,42,92,0,0,25,0,0,0,0,0,0,0,0,110,0,0,154,0,0,0,155,127,0,0,58,222,0,36,0,0,103,38,0,27,0,0,88,28,0,0,41,0,22,142,0,53,0,0,38,96,0,0,24,0,0,39,0,0,0,0,0,90,0,0,0,0,0,49,0,150,0,0,27,0,0,66,0,0,0,0,101,0,170,79,0,0,0,0,0,79,0,90,22,0,426,156,85,96,43,0,0,63,0,0,0,0,0,0,38,191,82,69,0,576,146,0,58,0,0,0,0,0,0,0,0,0,0,0,0,0,0,0,0,0,0,0,64,0,20,0,73,37,40,38,0,0,236,0,0,0,0,101,36,40,0,0,0,31,34,0,0,0,0,0,0,0,0,0,0,0,0,0,0,0,0,206,0,43,0,0,17,0,0,111,75,23,186,0,0,0,0,0,0,0,0,0,0,0,70,0,71,223,0,0,0,0,0,81,0,0,0,0,0,203,23,47,48,0,0,0,0,0,0,75,0,0,0,0,0,0,383,0,0,0,77,0,0,0,0,0,0,0,0,0,0,107,0,0,0,0,28,46,0,66,26,0,0,0,87,0,0,0,67,0,50,89,78,89,0,0,43,44,0,0,0,0,30,0,102,147,255,55,42,82,55,27,495,113,37,65,0,119,148,0,0,0,0,107,0,44,0,0,0,0,0,0,0,0,0,52,0,0,100,30,198,0,68,0,0,43,0,100,0,21,0,0,0,0,0,118,0,0,0,44,0,170,0,0,145,0,611,0,0,0,120,0,0,0,59,36,0,0,75,0,0,0,56,436,0,167,20,0,0,0,57,42,0,0,0,0,0,57,42,118,0,0,80,0,38,255,59,0,54,0,29,0,200,714,189,119,0,0,26,0,0,77,0,92,80,0,0,0,0,0,0,0,62,0,98,393,76,68,0,35,0,90,47,73,267,57,0,79,0,0,0,238,0,42,66,0,69,0,293,0,0,103,403,487,157,67,0,208,118,42,126,0,0,0,70,0,0,0,86,0,46,356,0,0,0,0,53,30,0,0,126,40,0,36,0,0,0,0,39,65,0,0,0,41,65,0,0,65,101,0,245,0,64,70,0,0,0,0,0,102,47,0,0,0,71,0,89,0,0,80,198,0,0,0,142,76,0,62,0,0,0,39,0,64,129,0,0,70,75,202,49,96,0,62,27,76,0,0,54,150,249,81,89,66,0,182,30,0,0,0,77,151,0,56,0,86,0,73,0,0,0,73,121,507,0,0,0,0,0,0,0,172,39,0,51,0,32,0,37,0,0,77,0,0,68,0,0,112,0,0,0,100,0,0,0,0,0,0,0,0,28,0,0,8,0,0,59,0,0,0,0,0,0,0,0,0,31,0,0,0,0,0,0,61,0,0,0,0,0,0,0,84,0,30,0,0,51,0,44,44,0,0,0,0,0,0,106,127,84,0,0,0,0,288,0,0,0,59,0,0,0,47,0,0,0,0,0,46,50,0,0,0,0,30,0,27,0,0,91,67,0,19,195,27,0,107,0,0,0,0,0,0,32,0,142,0,0,112,0,0,530,0,71,0,102,0,0,394,0,0,72,0,0,0,0,0,0,0,0,38,0,0,72,0,0,0,0,0,0,0,174,55,24,0,0,0,0,0,0,0,69,0,0,0,90,118,0,95,0,0,0,51,0,30,45,0,128,0,0,0,0,0,118,0,0,0,182,0,140,110,0,108,0,0,0,0,0,64,74,0,0,31,0,0,114,0,75,0,0,57,0,0,0,55,0,0,0,0,0,0,0,34,0,0,121,0,0,211,0,133,50,0,0,127,0,0,49,0,0,42,0,0,0,43,0,0,127,0,0,0,72,0,0,58,34,0,133,0,0,0,0,0,49,0,0,0,0,0,0,0,0,39,23,36,0,0,32,0,0,0,100,92,59,74,40,34,0,0,0,0,0,0,176,0,0,0,168,0,55,44,0,0,0,0,0,94,46,0,0,0,75,60,159,0,44,66,0,51,258,0,0,0,132,64,0,0,0,0,0,56,0,0,219,0,76,0,155,141,0,0,0,51,0,0,68,48,131,0,0,0,314,0,117,0,0,0,124,0,0,0,108,41,0,176,317,0,0,61,43,0,12,98,298,0,85,0,101,56,0,0,107,0,53,86,0,106,0,0,0,57,0,52,41,88,35,0,0,0,0,0,0,81,0,0,39,97,0,0,0,0,0,48,0,82,30,46,0,60,31,253,0,53,0,0,0,65,0,258,41,45,37,0,0,65,0,0,0,53,0,68,80,0,74,72,152,0,0,0,490,0,0,0,0,338,0,0,0,0,53,83,0,53,0,0,291,47,122,0,58,0,0,0,297,0,0,21,124,0,195,0,32,0,0,0,162,0,64,38,48,0,0,113,77,49,0,42,0,48,0,0,22,148,0,0,0,605,0,0,0,0,65,0,0,82,0,0,0,0,0,0,186,74,91,122,48,0,44,0,0,49,0,0,112,0,0,36,0,0,32,0,0,0,153,0,338,0,0,0,0,207,59,57,0,59,0,99,43,87,0,0,0,133,0,117,0,0,80,52,0,0,68,0,0,0,0,0,0,164,0,0,0,0,0,0,50,0,0,432,0,69,78,0,0,35,0,0,215,139,40,201,85,42,42,66,160,0,71,44,71,0,0,47,185,58,10,162,0,0,263,0,0,0,73,103,296,289,33,160,159,0,0,36,0,0,362,106,111,249,0,0,29,0,0,0,55,80,71,0,57,61,88,74,113,122,35,61,60,0,0,26,0,0,80,142,82,43,124,69,0,0,138,129,50,0,145,0,235,21,0,39,114,241,112,0,0,140,31,54,0,0,0,43,95,242,0,36,0,53,0,133,119,83,235,0,0,0,203,0,0,38,89,0,0,0,0,175,406,0,53,103,0,0,327,0,54,409,67,0,0,43,41,0,0,276,105,231,0,59,45,0,0,0,228,27,57,80,48,87,108,32,58,50,92,78,0,57,68,119,69,82,42,45,801,0,0,279,35,50,0,114,86,0,38,0,39,44,0,427,247,230,52,0,104,0,0,30,76,0,0,169,0,103,0,33,224,0,0,0,0,64,0,72,69,203,22,177,201,26,0,74,0,38,0,0,302,583,0,72,0,76,52,0,85,73,45,243,60,131,72,0,0,0,0,42,86,52,63,0,54,38,70,161,92,58,0,0,236,0,31,0,388,22,62,0,42,0,0,77,226,0,0,0,405,117,144,0,449,0,34,0,0,0,0,143,0,117,0,418,38,0,0,0,0,64,64,53,0,67,0,0,85,0,0,54,212,0,0,0,0,38,134,99,195,0,0,61,52,333,106,62,38,116,56,0,42,0,0,30,0,64,64,0,0,39,33,0,0,0,229,222,0,0,0,0,72,46,0,85,210,0,0,54,0,0,0,131,618,206,0,94,0,13,36,0,42,0,0,0,52,76,142,52,233,129,80,39,0,0,0,0,0,49,50,0,0,88,0,136,221,0,94,239,49,62,0,0,61,0,217,0,383,52,0,39,0,210,124,0,0,51,0,0,0,160,0,0,0,0,29,42,0,0,116,63,311,125,0,0,55,87,0,0,113,135,0,110,56,0,65,47,56,0,111,0,33,273,0,127,0,33,56,50,84,109,42,0,80,0,35,0,57,238,0,57,0,0,195,68,64,306,102,49,0,57,85,0,48,0,91,175,24,114,0,125,0,0,54,0,55,50,32,0,0,58,40,109,0,63,0,57,76,21,0,122,40,0,69,0,21,23,0,107,0,0,0,0,0,158,32,52,166,37,159,330,0,0,0,0,142,0,131,86,0,235,0,32,0,66,207,0,97,0,0,79,92,80,98,233,58,37,0,42,78,32,0,0,223,0,38,0,83,0,357,53,0,50,0,0,0,132,45,171,0,122,0,44,0,119,0,374,434,143,0,226,0,0,59,0,84,49,0,0,0,168,76,88,132,0,127,60,0,0,0,41,0,50,0,0,0,64,0,0,471,0,0,503,73,70,0,161,0,86,112,0,85,57,16,0,84,0,0,0,0,236,0,59,62,0,60,0,0,0,342,85,0,0,0,211,0,112,107,127,81,0,0,47,58,59,0,0,0,0,49,53,0,192,109,61,121,0,51,0,0,20,0,0,0,0,59,0,63,155,0,0,0,89,110,0,77,58,50,186,171,134,49,45,59,39,55,27,33,35,0,0,0,149,126,77,37,310,0,0,0,20,0,62,58,0,46,88,82,30,0,0,47,33,57,0,0,92,848,64,0,25,119,27,49,0,0,79,0,56,121,52,0,0,77,136,0,0,0,20,0,32,26,45,68,0,0,37,0,35,71,0,0,22,0,275,0,0,0,0,64,42,66,149,72,0,0,67,0,43,48,51,0,430,112,0,0,235,50,60,29,0,114,116,34,64,27,0,460,0,276,0,0,0,46,35,175,0,39,0,0,220,60,0,0,0,297,0,74,0,0,0,0,68,0,0,0,89,0,44,55,108,57,0,196,0,113,216,40,0,390,0,301,0,100,27,0,303,0,92,108,120,76,0,0,0,34,0,0,0,0,0,0,0,0,65,67,0,72,0,33,109,0,0,37,0,54,35,45,187,54,0,0,0,0,0,0,108,335,0,72,169,0,0,0,0,108,0,0,0,22,178,0,0,104,88,0,0,0,102,24,0,274,107,42,43,120,161,58,60,0,85,0,0,0,132,32,104,64,0,74,54,0,0,0,98,0,186,126,242,65,119,73,76,0,0,522,115,186,0,108,67,0,65,0,0,56,59,350,191,0,222,146,98,0,68,0,76,68,78,0,0,0,0,0,46,434,135,0,80,34,0,205,62,0,0,51,0,503,59,62,0,17,15,80,38,131,134,0,55,0,0,0,430,28,0,364,75,31,0,0,0,0,0,0,240,0,42,0,78,0,129,0,0,39,84,27,0,40,44,0,40,66,0,56,0,67,206,0,812,71,63,30,73,285,84,204,60,104,124,146,0,81,122,91,119,37,93,0,81,199,0,202,135,0,42,59,192,109,0,217,0,77,0,44,26,36,40,101,421,0,686,0,0,397,0,0,0,0,0,41,55,896,0,0,0,353,0,0,97,0,0,59,0,51,0,155,54,246,95,87,0,341,0,69,0,87,0,29,60,0,0,59,83,178,0,0,61,36,49,253,0,0,185,44,207,478,0,0,0,42,0,0,1557,127,0,0,38,126,0,0,0,0,56,0,165,0,66,0,0,0,0,0,36,100,24,176,0,0,0,386,0,0,0,0,0,0,0,0,140,0,88,127,269,53,35,40,0,0,40,70,0,0,118,523,0,0,57
127,0,0,0,0,0,29,0,0,106,0,244,0,0,24,21,208,43,0,46,0,67,0,0,0,0,0,0,0,0,0,0,78,0,57,147,143,0,68,153,51,0,37,0,197,0,0,41,362,0,69,60,56,60,0,397,0,0,0,0,0,27,107,168,0,23,44,0,0,0,199,0,0,0,0,117,84,14,83,0,57,0,0,73,28,44,0,0,69,31,472,0,59,108,46,0,0,0,33,0,0,0,0,56,0,0,0,0,0,74,105,64,0,33,29,0,0,23,0,0,25,0,0,0,0,0,0,0,0,0,0,0,75,31,0,0,53,79,0,0,65,65,60,120,0,0,0,0,0,0,0,28,0,0,136,97,0,34,0,74,142,0,0,44,24,91,72,0,0,0,195,33,0,70,0,47,34,0,48,55,31,174,0,0,0,0,0,0,86,0,0,0,133,0,77,0,0,46,0,65,0,18,77,0,187,0,0,0,36,135,0,76,36,0,0,109,0,102,0,0,0,212,0,0,57,0,0,74,248,0,88,0,0,0,0,0,0,0,130,25,0,74,0,64,0,0,0,0,0,0,0,0,29,0,49,70,59,0,0,71,225,106,73,0,34,0,0,184,41,94,34,0,72,104,33,0,0,0,398,92,61,0,0,0,30,0,0,0,1688,0,20,0,306,0,0,0,0,47,38,73,0,0,87,0,0,80,126,95,35,0,0,275,0,0,0,0,0,59,0,0,0,0,0,0,40,0,45,0,0,0,301,0,0,41,123,0,0,0,0,0,0,57,0,45,192,0,0,0,0,394,306,75,0,173,226,0,0,0,380,0,76,32,0,0,87,288,237,95,0,0,112,0,0,0,0,197,77,0,0,0,0,0,0,0,0,194,60,0,113,0,0,0,0,0,39,0,213,67,0,0,0,0,102,0,0,44,0,51,0,0,0,0,0,0,0,0,0,0,217,28,0,178,56,33,0,28,92,48,90,0,15,0,0,0,47,0,0,94,0,101,0,0,0,35,145,180,121,0,0,0,0,0,0,0,39,0,0,0,0,0,0,0,0,34,0,21,0,0,0,0,0,0,71,66,85,30,235,168,52,70,56,0,123,93,50,0,0,0,0,172,76,0,0,62,0,0,0,60,0,37,0,34,0,403,0,103,0,77,0,0,22,0,0,0,0,0,152,0,0,0,85,0,0,145,99,0,0,0,379,0,37,0,0,0,115,34,0,0,0,42,0,80,217,0,0,0,77,0,0,71,52,55,0,59,0,0,0,0,0,0,237,576,0,34,0,113,0,0,0,75,70,135,0,0,0,0,0,288,0,0,101,48,61,0,428,0,149,305,63,0,0,107,0,58,0,0,0,88,52,0,0,0,45,53,45,0,33,53,39,0,0,0,49,100,65,27,75,42,0,25,0,0,0,0,0,34,35,0,0,87,46,0,0,0,0,0,0,0,0,0,0,0,108,0,0,129,0,66,29,73,265,0,0,0,318,0,54,0,33,58,59,0,0,0,0,106,32,33,0,0,249,0,93,44,77,0,0,0,159,0,0,0,59,61,103,0,0,0,103,0,74,0,0,0,68,0,48,0,115,0,0,84,0,81,50,42,0,67,0,66,36,56,94,0,0,0,0,0,358,93,123,42,58,734,94,35,116,0,0,0,93,0,0,0,84,0,0,0,177,89,91,0,1538,159,0,45,36,0,134,0,0,66,0,0,63,36,0,0,0,0,0,63,0,0,0,160,0,82,0,69,131,69,0,0,0,96,0,0,28,0,0,0,73,0,0,0,38,103,121,84,0,0,0,61,0,53,0,0,0,0,54,0,41,0,97,0,80,121,123,0,34,0,118,72,0,471,0,0,61,0,0,0,44,0,0,0,31,0,0,116,124,0,0,0,0,0,0,0,0,0,0,0,193,0,191,0,0,72,0,0,0,0,85,0,0,0,624,87,39,49,0,79,0,346,0,30,0,0,0,0,0,0,0,27,104,140,0,0,0,59,0,89,42,0,51,76,0,90,0,22,31,127,0,0,78,0,132,0,0,26,0,67,0,0,0,0,0,241,267,133,71,0,0,0,0,471,100,40,42,0,26,0,0,0,0,48,0,0,0,0,0,0,0,0,0,55,61,0,48,0,0,37,0,46,0,92,0,33,0,37,87,0,50,107,0,0,0,0,48,24,0,0,49,0,114,59,0,95,0,0,0,0,12,0,58,0,0,247,0,0,38,108,0,0,0,62,243,30,325,0,97,60,23,57,0,0,0,0,0,84,0,0,92,0,0,0,63,45,171,167,0,47,0,0,36,0,293,124,0,0,0,0,0,28,0,0,202,101,0,0,12,77,39,0,57,0,0,84,464,45,0,0,94,0,31,0,73,20,76,0,0,0,62,0,120,0,0,84,0,96,0,169,0,0,0,109,513,0,200,36,54,0,0,134,0,47,0,36,0,0,0,89,0,28,446,0,0,33,67,0,0,160,0,83,72,0,0,0,0,29,82,0,0,0,0,52,0,0,0,0,0,240,0,82,34,72,303,48,0,118,0,63,0,0,0,0,0,47,52,219,0,0,26,765,0,22,0,117,34,0,0,0,34,0,22,0,0,289,56,0,33,24,0,183,132,0,0,0,44,0,27,82,101,0,147,54,116,0,65,0,56,0,56,14,197,0,85,56,113,0,0,0,0,0,0,222,203,0,0,54,37,0,0,0,161,54,0,0,0,61,0,0,0,53,163,0,0,0,39,0,335,0,34,0,105,50,0,72,22,113,0,0,0,75,0,0,65,0,0,0,0,0,0,101,27,0,87,0,0,0,33,102,0,40,0,0,0,0,0,0,33,0,0,0,0,0,36,0,0,0,0,0,75,35,55,0,0,52,0,38,0,0,0,0,0,0,159,0,0,0,0,0,0,32,0,48,0,0,40,0,0,57,0,0,0,0,0,0,0,95,0,13,0,0,0,37,0,0,47,82,0,0,87,0,188,0,0,171,141,43,50,0,0,851,0,31,0,0,51,0,245,0,0,113,0,54,0,151,81,0,0,25,84,0,0,0,0,29,0,26,0,0,0,34,61,0,0,0,0,32,60,0,0,0,0,0,0,1150,387,32,251,0,55,66,129,48,0,58,39,157,0,35,32,31,0,344,0,84,30,223,0,167,95,0,180,0,0,0,0,0,78,71,0,107,0,0,0,0,0,220,0,56,201,0,0,0,34,0,0,47,0,69,0,0,27,0,86,57,0,220,55,81,33,66,0,0,96,0,0,398,0,0,69,0,0,0,167,0,79,84,104,40,0,57,0,46,0,92,0,87,109,0,0,0,45,0,40,0,71,87,0,135,82,82,117,0,42,0,0,85,0,0,0,156,196,96,0,0,0,0,0,57,192,56,32,324,0,0,0,179,0,0,33,22,0,27,0,0,159,80,0,0,0,152,0,0,0,0,72,0,53,104,0,0,0,0,40,0,20,0,0,0,0,0,0,0,0,39,0,113,80,0,0,152,76,0,0,82,0,0,0,0,41,419,0,133,0,0,20,0,0,0,48,96,0,0,0,268,0,0,128,0,0,0,0,290,20,0,0,118,0,0,0,0,0,42,151,0,0,0,0,37,95,0,0,60,43,0,99,0,37,0,0,0,94,0,0,162,72,0,0,0,0,62,0,26,50,0,0,0,65,0,0,38,0,0,0,49,0,0,236,147,0,0,0,0,43,0,0,71,0,0,93,97,0,50,103,0,38,0,0,0,0,30,0,0,66,0,0,0,0,27,286,82,0,0,0,130,53,45,0,43,0,30,0,168,0,0,0,155,24,230,102,0,0,0,82,65,0,81,0,73,62,76,48,0,0,0,80,0,70,0,0,0,153,245,0,0,70,26,0,0,96,58,0,0,233,46,0,0,0,0,0,47,0,0,373,0,0,80,0,0,138,0,43,86,0,0,0,0,0,26,0,0,54,212,0,214,0,41,29,0,0,0,79,63,0,0,99,112,134,29,0,0,191,0,73,52,41,31,0,0,0,0,0,0,0,37,0,25,104,0,61,0,0,0,0,43,36,0,277,0,0,0,0,0,41,0,0,301,41,0,58,36,0,55,0,0,0,0,0,0,0,0,0,34,0,0,48,0,0,120,0,0,0,0,32,67,38,0,0,0,0,0,0,0,59,106,0,32,124,0,0,0,0,22,0,0,0,24,0,92,41,0,52,74,0,39,79,0,0,0,0,34,0,34,62,211,0,0,0,0,0,172,0,0,24,67,0,103,47,0,23,0,125,121,81,0,57,39,50,0,0,0,0,84,35,0,0,0,41,49,44,75,0,0,0,0,0,0,0,0,0,0,0,0,0,0,0,106,0,0,69,0,0,265,0,0,511,0,0,0,0,32,0,0,207,0,105,0,0,0,0,0,0,91,0,64,73,0,0,51,26,27,289,0,37,0,0,0,199,0,0,0,37,165,0,0,56,52,134,0,120,51,0,0,0,21,54,0,88,72,51,0,0,0,0,0,0,46,0,0,56,0,70,0,0,91,0,0,14,0,46,0,0,0,83,30,56,123,0,0,134,0,0,0,0,100,99,0,0,0,0,0,0,26,0,97,49,54,0,72,80,0,0,0,0,0,77,167,0,0,0,24,109,0,0,0,0,88,0,72,0,0,0,0,0,50,0,0,0,44,0,0,0,99,0,48,0,484,0,0,0,0,0,0,122,0,0,75,273,0,0,37,0,0,104,0,0,0,37,54,0,36,0,0,31,220,48,63,0,51,0,71,0,61,70,149,0,0,78,0,130,50,0,32,49,18,0,0,37,0,0,45,82,63,114,101,34,0,0,151,106,0,0,28,0,76,78,28,0,79,0,0,0,0,53,0,115,58,137,167,69,0,0,17,0,30,84,0,0,60,72,363,0,96,67,0,173,0,0,0,0,0,0,0,0,0,35,0,292,310,0,99,111,0,64,0,0,20,29,105,0,264,33,0,0,0,103,77,0,81,46,35,0,67,90,0,48,86,0,77,0,0,0,123,51,181,0,0,0,83,41,25,0,120,108,0,56,0,0,133,0,40,24,0,0,0,539,0,0,0,0,22,0,0,96,28,0,0,0,43,0,34,31,0,45,0,0,234,0,0,50,0,0,0,28,13,0,40,0,0,87,27,113,76,89,0,0,16,77,73,0,41,0,0,0,34,0,0,57,16,72,110,0,0,54,52,0,105,56,0,0,0,64,57,0,0,0,0,0,0,37,18,0,186,225,0,0,0,0,159,0,0,58,95,77,0,150,0,49,101,0,0,0,0,77,0,149,48,121,99,0,0,34,72,0,0,0,120,13,0,0,110,31,742,0,0,0,45,0,0,124,44,113,0,86,0,0,0,129,0,173,340,37,31,48,0,0,0,0,0,0,0,0,0,54,69,46,81,17,155,142,0,0,0,0,0,61,23,0,0,0,0,0,392,0,0,96,52,0,0,149,0,83,13,0,80,0,0,0,0,0,0,96,0,61,0,46,34,0,34,29,0,0,279,28,0,0,0,179,0,38,0,88,209,0,0,0,48,46,41,0,164,0,0,0,0,344,0,330,73,0,48,0,0,0,45,0,0,0,76,0,195,144,0,0,0,33,45,0,0,0,0,0,81,72,32,0,0,66,56,0,45,0,0,0,0,88,57,69,0,314,0,0,135,0,0,113,310,0,0,69,45,34,0,0,53,0,0,0,0,78,947,48,0,0,43,0,0,0,64,275,0,58,47,0,41,0,0,104,56,0,0,0,0,0,0,59,53,0,61,0,0,0,40,90,0,0,0,182,0,0,72,0,0,0,0,136,0,110,0,40,0,0,0,0,43,299,0,0,0,60,0,72,25,0,41,73,0,39,0,0,800,37,155,0,49,87,200,0,78,0,0,0,0,0,46,69,0,0,285,33,66,0,0,50,0,228,0,0,0,393,0,0,386,0,0,46,86,0,0,87,0,0,246,0,102,77,79,0,47,46,0,0,56,0,0,0,0,0,0,0,0,78,100,0,118,0,0,155,0,0,81,0,0,100,0,0,0,0,0,0,55,135,333,0,106,0,0,0,0,76,148,0,0,82,0,0,0,0,82,213,0,0,44,159,0,0,0,29,0,0,0,67,0,0,84,0,30,0,54,60,0,59,0,0,0,0,0,34,0,0,0,0,32,0,0,0,0,66,0,0,70,0,0,0,0,16,0,0,244,36,66,0,0,0,0,46,0,0,46,0,0,95,0,95,75,93,0,35,0,0,0,0,30,0,0,0,0,45,74,120,0,56,0,0,36,127,0,0,0,21,263,0,0,0,0,0,0,44,0,47,0,81,30,66,66,100,0,0,174,0,74,0,0,0,0,0,0,31,0,0,0,29,0,41,64,0,0,36,0,0,0,0,0,0,117,0,0,0,36,86,175,450,0,0,45,0,0,0,129,0,0,0,0,0,103,0,58,49,0,0,0,50,0,0,0,80,0,0,0,36,198,0,0,0,27,0,0,0,0,0,88,114,0,258,94,0,0,0,0,37,0,0,0,0,274,0,0,0,106,0,0,69,0,0,0,0,0,0,80,38,56,338,0,0,179,43,59,0,0,0,0,0,0,0,105,0,0,0,0,0,0,0,45,0,20,74,0,56,117,0,0,0,0,0,0,174,46,0,0,0,64,0,0,0,0,0,0,29,0,24,0,0,0,0,0,169,26,0,76,0,56,0,182,0,0,0,0,0,0,0,0,76,0,45,0,71,0,42,19,0,0,69,0,0,0,31,260,0,20,0
128,0,0,0,70,76,77,23,0,156,0,197,41,0,0,196,171,279,41,84,34,261,78,49,119,149,0,52,54,49,0,49,116,0,95,228,246,0,124,388,168,56,60,0,263,0,66,28,457,0,238,72,253,101,0,295,25,0,0,64,0,177,101,246,46,73,69,0,27,39,332,0,56,54,0,359,110,0,463,44,186,0,91,268,353,80,0,28,71,60,331,135,72,123,180,0,44,0,87,69,0,23,0,213,32,52,0,37,191,132,354,50,51,138,47,82,56,191,75,0,408,43,368,38,57,53,69,41,81,75,189,0,403,42,113,49,165,168,99,41,180,85,175,240,0,0,64,57,59,205,0,69,92,62,204,119,0,163,50,189,368,75,0,205,81,69,67,0,162,180,308,192,58,0,23,52,0,67,212,58,0,138,0,63,39,54,40,362,632,0,0,22,81,99,84,0,102,34,0,102,0,109,165,44,591,43,90,0,0,103,164,149,69,87,53,169,0,84,22,29,109,278,40,0,381,0,0,116,463,0,106,44,0,55,45,0,68,159,534,55,0,104,31,32,71,0,171,0,61,0,0,53,372,68,0,67,93,0,0,63,452,246,98,42,50,0,42,913,190,507,47,32,65,416,95,103,54,0,923,600,180,27,64,156,66,102,105,214,3271,110,126,46,260,41,44,113,0,106,125,70,85,0,139,94,0,572,419,93,49,96,76,648,157,0,0,83,112,261,83,112,0,15,27,0,296,121,54,299,0,61,460,0,181,84,194,139,36,0,49,128,48,149,0,121,223,43,0,47,96,1078,52,138,0,256,1086,0,84,70,781,110,141,47,155,52,67,768,199,383,65,56,227,97,101,42,212,470,224,19,0,265,72,66,119,64,135,1065,70,210,177,37,35,41,738,49,93,106,933,202,276,324,0,27,261,0,52,81,78,127,84,68,170,0,60,0,0,60,276,231,283,453,41,347,0,59,173,81,86,72,194,47,0,41,41,41,116,0,26,118,59,317,0,41,564,250,172,237,424,183,93,71,22,0,280,0,155,39,88,57,0,22,281,0,223,86,42,81,0,135,18,71,0,61,440,152,0,66,338,599,171,137,241,107,208,153,105,0,0,85,49,252,441,21,0,114,104,102,295,354,435,63,0,80,71,569,142,180,167,171,101,0,83,72,31,36,64,0,224,75,113,199,137,0,207,189,184,0,60,142,622,0,49,27,0,0,283,79,0,0,0,158,34,124,374,0,66,0,141,49,96,171,199,86,47,0,67,77,0,109,75,113,447,772,0,112,116,331,0,37,0,112,241,177,0,0,40,0,0,254,0,52,177,285,256,44,625,0,436,496,106,0,42,691,0,81,33,29,0,113,0,0,0,52,124,142,92,273,25,194,36,69,0,40,185,353,51,0,66,155,0,125,0,0,0,28,104,27,146,0,0,91,323,0,0,82,41,80,125,0,0,0,29,29,0,0,28,445,0,71,46,182,187,54,0,0,374,0,116,0,67,335,129,0,80,0,0,62,70,0,22,73,91,0,90,0,260,35,39,130,392,38,35,72,112,35,359,0,109,0,228,0,169,66,37,0,42,0,148,21,471,0,0,78,0,106,148,0,51,86,191,28,36,439,339,0,0,31,0,53,69,0,143,128,0,1427,274,260,74,56,0,0,111,129,0,48,58,0,39,61,357,72,242,80,198,100,0,32,0,0,29,0,47,35,0,0,309,33,0,103,0,46,36,71,0,126,0,34,0,80,0,206,110,60,48,0,0,364,64,0,77,61,129,72,102,0,0,0,138,0,139,354,0,0,60,0,0,60,0,0,0,63,95,89,0,66,463,68,334,73,57,0,75,0,171,163,0,267,41,0,23,50,181,42,363,43,30,77,147,99,0,268,315,0,45,70,0,0,153,72,0,0,0,0,419,38,157,84,0,57,101,82,184,0,41,0,0,0,78,251,117,597,36,38,0,98,0,88,18,0,60,19,0,40,56,49,185,93,0,42,0,56,88,101,144,68,106,106,0,0,0,47,45,157,59,120,0,83,0,0,40,41,161,420,0,85,0,65,71,451,477,419,225,102,155,42,40,417,246,132,199,0,116,342,133,91,0,164,43,56,42,66,42,75,0,0,123,72,158,198,293,49,0,105,0,340,51,125,43,68,32,0,119,0,167,311,45,0,166,68,552,44,97,165,98,154,329,199,20,130,117,135,49,69,0,502,99,90,0,374,56,0,106,384,0,39,69,148,376,101,1051,0,1151,245,92,44,75,55,67,0,26,54,0,70,158,36,28,420,108,146,791,100,68,138,0,229,37,379,903,266,0,205,37,56,130,110,78,0,247,120,124,0,38,240,0,0,128,206,26,301,1623,84,339,45,205,176,75,0,415,59,113,51,31,0,182,106,295,0,123,115,335,291,0,430,121,125,166,300,1473,116,300,72,163,170,28,157,0,119,106,90,41,109,0,165,0,72,611,65,0,0,152,106,98,502,31,65,68,113,72,123,0,60,79,78,222,0,63,113,0,0,0,183,73,361,200,343,29,85,442,0,0,595,106,187,364,49,106,0,65,80,93,253,0,0,325,668,0,0,0,104,151,0,76,38,151,0,57,59,56,758,252,130,24,117,337,256,195,0,91,116,405,115,0,153,231,394,434,101,189,27,361,0,203,0,130,88,324,0,109,476,106,0,0,79,0,54,60,193,529,103,51,256,76,760,284,0,314,52,52,69,0,66,0,76,116,143,327,58,0,76,54,0,817,38,23,47,112,0,168,46,0,70,85,0,0,132,0,0,86,48,36,408,0,27,108,251,45,104,126,0,23,113,0,121,0,52,131,0,0,23,126,0,31,0,99,0,55,0,0,57,0,179,37,22,72,0,89,25,0,60,0,117,189,270,0,49,0,62,152,42,79,0,91,69,37,44,167,64,0,67,51,0,151,87,55,50,0,0,71,47,0,190,29,215,0,0,32,112,131,0,294,76,0,0,92,0,175,73,0,382,74,84,142,0,30,695,53,117,0,61,26,65,224,0,0,290,23,65,0,203,142,31,0,79,60,0,35,132,0,61,43,62,51,145,0,144,83,34,51,0,42,0,35,29,80,190,0,0,0,543,260,47,543,51,54,104,118,84,0,134,26,170,27,44,48,0,0,586,52,73,103,368,23,252,160,0,406,43,0,0,0,0,139,154,0,100,102,242,46,148,42,147,0,80,356,0,26,152,69,56,81,108,0,85,81,133,293,82,179,51,0,119,141,49,96,175,45,0,160,0,0,532,0,0,142,0,0,0,96,0,46,158,146,112,67,115,0,163,216,225,0,163,108,19,15,46,0,0,57,0,97,65,35,59,248,117,253,33,126,42,0,204,0,104,0,346,312,80,0,0,117,0,0,95,233,50,150,361,0,0,60,145,61,88,119,51,0,115,0,0,101,436,168,0,39,153,149,340,63,125,207,63,24,500,0,34,38,224,150,0,246,178,43,45,74,0,34,293,0,183,0,428,291,81,17,164,335,0,52,251,49,348,0,50,84,343,0,127,26,65,86,118,0,67,111,396,158,76,373,1674,0,0,265,165,41,79,257,78,0,95,118,82,145,38,0,272,27,54,669,0,156,70,61,43,266,0,122,0,200,0,333,56,95,0,43,48,0,0,56,165,489,187,0,81,132,150,221,0,313,132,152,74,60,113,1134,75,97,0,49,0,259,0,83,344,161,94,72,46,127,61,0,115,147,105,180,354,60,365,88,130,93,53,73,541,0,0,109,106,548,37,99,0,0,0,604,101,104,85,0,648,201,213,43,250,66,135,63,640,0,0,61,352,81,410,248,177,42,46,98,319,116,87,29,197,93,78,59,167,228,41,90,0,103,24,159,57,114,256,0,0,616,85,0,42,165,153,0,81,281,141,144,65,58,54,64,170,163,244,1124,65,156,334,0,58,35,0,0,385,0,37,91,17,75,180,0,0,87,659,62,212,75,64,41,38,216,446,332,194,112,0,534,116,583,0,0,28,246,0,452,83,90,218,120,84,31,68,20,0,0,105,0,92,655,87,0,0,0,0,0,30,174,0,1688,46,164,315,0,57,0,65,0,374,139,0,88,36,0,102,159,84,34,165,108,105,70,0,122,185,92,48,121,36,0,559,0,77,0,163,77,240,353,36,88,78,72,0,0,86,143,207,91,119,138,29,84,61,0,0,64,44,88,42,0,102,122,167,73,339,68,32,79,122,0,0,22,102,51,118,89,398,89,102,83,0,52,534,0,88,98,274,0,652,98,0,25,126,229,109,96,0,268,35,102,44,48,0,176,67,327,43,51,0,340,0,159,93,239,222,0,0,49,224,0,0,124,71,0,0,0,34,234,249,76,164,71,0,0,360,50,65,294,113,28,0,0,108,103,0,317,201,433,0,47,0,60,0,25,258,74,118,63,54,99,188,110,85,612,190,159,0,84,54,165,221,176,104,68,626,38,28,182,163,264,0,352,250,60,43,0,0,64,486,486,180,442,52,0,181,40,0,0,206,0,0,119,0,286,0,57,438,0,0,0,0,72,145,66,40,176,84,71,170,35,85,519,98,42,0,39,401,389,0,97,35,0,71,0,203,81,226,133,117,146,220,174,43,54,0,32,201,166,435,0,88,0,171,156,116,208,0,0,144,0,171,0,204,0,0,50,140,0,0,151,373,0,0,63,383,159,88,30,1284,0,45,0,0,0,0,306,74,62,56,524,0,0,0,31,0,155,110,135,41,0,174,0,173,99,52,124,221,0,127,35,94,46,122,86,267,145,400,54,66,775,121,71,69,85,80,104,75,0,0,137,0,38,75,165,53,330,279,22,0,0,260,119,57,0,46,0,162,194,51,174,217,57,0,0,0,106,67,86,832,399,324,260,0,50,0,0,168,67,33,0,158,146,648,115,350,79,215,255,0,103,0,96,107,49,171,35,72,114,0,268,808,0,81,380,0,93,0,0,119,41,119,65,551,169,0,141,82,641,72,0,409,44,0,121,121,183,0,130,102,0,228,114,47,101,174,76,360,191,74,63,118,156,50,38,130,187,52,79,40,0,215,74,0,117,128,57,0,1922,0,330,36,80,168,20,143,489,49,0,108,88,107,0,0,230,35,157,26,38,724,123,99,517,0,90,0,60,63,20,145,0,90,177,131,291,290,294,0,0,124,156,163,50,191,26,0,123,85,135,0,287,60,63,195,0,0,385,95,37,345,138,238,38,83,71,0,0,0,0,0,0,56,77,295,0,245,177,26,76,0,0,140,40,66,318,173,333,178,312,212,128,382,0,176,117,33,109,139,240,304,491,74,0,0,136,90,50,0,0,212,68,88,84,89,109,1493,88,0,103,146,55,125,590,162,428,50,80,63,58,0,171,0,575,273,79,59,457,0,0,257,60,46,55,0,0,0,179,97,91,139,43,437,231,0,0,0,64,0,221,58,44,0,134,34,90,2738,0,0,841,111,157,0,395,37,512,85,0,585,125,46,0,146,44,0,182,57,421,113,116,155,100,105,76,34,0,850,103,0,0,0,523,28,162,131,597,407,0,36,126,110,189,63,0,481,0,95,174,65,429,203,499,228,223,446,0,81,94,96,0,0,62,141,23,987,608,50,110,39,429,198,61,206,125,141,418,367,360,95,156,44,93,132,50,83,63,104,0,65,266,119,176,60,746,90,0,266,0,22,158,476,0,93,110,200,134,37,0,355,170,103,41,31,318,1849,156,0,57,194,94,93,36,149,454,64,183,365,72,213,41,118,294,75,0,72,47,54,54,98,139,177,58,81,80,40,168,91,229,212,96,39,488,0,0,343,54,48,93,71,464,309,292,76,145,0,94,89,114,156,603,95,0,0,669,169,90,60,98,187,192,81,197,49,67,1147,193,653,92,322,136,267,227,604,16,101,145,48,167,183,83,61,71,1148,117,109,50,0,145,0,392,0,0,95,661,40,69,489,88,158,80,462,37,287,371,104,129,848,54,477,196,220,63,132,288,50,221,0,175,94,49,0,43,97,121,35,133,112,0,259,0,209,294,330,0,219,97,55,145,0,0,125,0,72,105,115,697,645,0,179,0,0,69,85,149,496,76,187,484,0,77,0,60,264,284,0,30,69,228,41,72,77,165,45,0,157,159,56,35,287,157,92,238,239,315,277,117,0,49,0,22,0,299,35,46,75,0,138,138,31,46,0,360,0,125,145,230,126,256,115,155,0,0,706,159,649,0,138,0,0,111,54,0,46,110,465,225,0,172,145,224,0,115,0,204,92,52,41,99,102,60,42,55,458,353,48,69,50,0,284,128,0,0,57,33,655,81,69,0,0,71,126,90,73,151,61,206,67,95,181,474,55,0,658,141,348,82,62,121,41,0,40,503,0,207,12,40,59,99,83,0,69,265,46,34,25,94,101,91,230,35,68,0,138,262,1102,876,0,214,165,157,499,0,259,52,171,117,208,57,174,246,205,228,109,34,0,132,177,0,207,197,0,136,150,190,736,48,285,63,362,39,0,0,73,58,161,279,0,1287,133,0,598,0,0,108,113,0,125,74,621,0,0,91,191,23,0,188,48,0,181,0,144,40,166,172,211,1488,171,23,499,87,304,55,179,0,320,123,30,0,199,0,324,33,40,194,38,190,382,61,57,275,82,334,325,94,0,85,40,56,0,1268,233,54,0,98,187,0,130,0,0,81,39,116,76,176,55,0,289,0,0,486,148,75,209,0,93,30,663,0,0,38,0,0,0,0,138,389,0,109,248,332,61,186,91,0,56,123,106,81,0,154,658,0,49,75
129,0,0,0,0,0,0,68,0,123,0,75,0,0,0,84,225,371,0,0,0,363,24,0,54,71,0,0,61,0,0,0,0,0,0,57,80,0,37,27,174,0,0,0,50,0,41,30,432,0,194,0,0,0,0,249,0,0,0,0,0,0,111,144,0,49,168,0,0,0,91,0,28,0,0,309,72,0,0,0,52,0,0,134,214,59,57,0,0,53,273,40,24,106,62,0,0,0,0,0,0,0,47,29,0,0,57,53,39,0,109,0,0,70,205,91,0,62,0,39,191,45,133,0,0,30,0,0,48,0,262,0,206,0,0,105,140,0,0,47,47,0,102,546,0,0,0,56,47,121,0,0,96,0,90,55,0,34,0,57,82,72,0,0,0,63,0,52,64,132,133,76,0,0,0,46,14,0,181,0,35,149,0,27,0,34,0,117,114,0,0,0,0,28,100,18,203,0,0,0,22,101,145,0,285,0,0,0,43,110,142,31,0,33,26,174,76,46,0,0,276,135,0,0,172,0,0,59,68,0,75,0,0,0,0,0,0,0,25,0,0,43,0,0,0,0,123,0,0,0,55,48,135,138,231,0,43,0,0,21,84,0,125,80,0,0,0,219,150,114,0,0,282,113,0,0,95,0,657,45,0,0,44,113,0,0,0,89,1315,49,0,0,288,0,0,0,0,0,0,50,0,23,47,0,0,228,102,105,0,166,88,332,76,0,0,47,0,187,0,32,0,0,0,0,124,67,53,68,0,0,240,0,85,0,44,0,0,0,0,0,0,56,0,68,48,0,0,0,152,981,93,74,0,173,307,0,0,80,72,178,0,101,147,0,126,122,216,138,77,41,101,91,45,73,50,0,192,0,0,205,74,0,0,0,98,216,0,63,29,0,30,41,196,43,52,0,142,30,0,0,0,54,133,0,0,128,36,0,62,0,168,0,99,0,0,0,241,54,67,176,35,37,0,0,0,113,0,53,174,39,0,25,40,41,205,0,0,38,0,174,0,0,100,97,255,58,187,151,22,80,0,0,198,16,97,0,0,44,0,31,0,37,189,130,0,22,26,39,0,0,58,0,182,106,0,56,68,307,220,87,0,0,41,324,117,0,0,75,136,153,47,37,0,147,0,0,192,39,88,0,0,153,0,965,80,36,173,68,0,35,114,0,0,43,0,0,124,89,114,106,84,0,41,165,51,0,0,52,52,0,71,0,0,0,53,71,0,0,0,145,0,31,188,0,0,33,212,56,49,238,0,62,0,49,0,67,0,80,0,0,45,271,0,0,65,299,55,0,0,0,194,188,0,0,24,0,0,157,0,0,166,226,143,0,70,0,181,365,47,0,63,637,0,42,0,0,0,123,0,41,0,0,43,69,38,103,37,41,0,25,0,36,92,228,0,0,99,0,0,50,0,0,0,28,0,27,43,16,0,85,0,0,0,0,0,0,44,53,0,0,0,0,0,0,0,113,0,45,25,254,99,0,0,70,313,0,68,77,51,35,0,0,77,0,37,118,50,99,0,0,165,0,122,54,329,67,55,30,277,0,32,0,100,0,71,0,0,0,167,0,125,0,0,0,48,0,225,0,417,0,33,87,0,89,44,0,26,80,50,0,38,174,123,0,0,0,0,43,304,68,210,46,64,966,141,273,67,136,0,0,117,55,0,0,84,0,0,0,199,67,117,77,1823,100,0,0,0,0,112,0,0,61,0,0,115,0,0,0,0,0,36,0,0,52,0,211,0,33,0,64,43,0,57,0,0,112,0,0,26,81,144,32,104,0,0,0,95,84,118,261,0,0,42,40,26,57,0,45,51,43,79,37,0,0,167,23,187,69,82,0,47,0,119,225,0,113,0,0,64,32,96,0,119,0,18,18,27,0,0,54,130,0,0,58,23,0,77,54,0,0,0,0,180,0,97,53,0,0,0,0,71,25,89,0,0,0,482,79,52,0,40,78,0,321,0,59,45,0,0,0,0,0,0,0,134,72,26,16,0,0,31,0,104,0,0,0,0,26,0,0,39,94,0,79,0,97,342,58,0,143,60,144,0,37,0,31,24,167,273,274,84,0,0,0,49,384,157,67,171,0,76,120,49,0,35,47,164,0,0,49,0,51,0,0,63,0,159,81,109,0,0,110,0,69,0,148,15,64,47,65,80,0,0,139,57,0,0,0,268,0,47,0,85,0,193,0,46,94,42,905,0,0,0,64,144,31,0,338,47,0,0,102,0,0,97,60,245,0,447,0,1269,167,61,53,50,0,37,0,0,0,84,27,173,0,0,66,85,70,0,162,0,88,0,0,0,184,628,130,169,0,0,48,0,62,59,0,481,78,0,0,0,226,0,0,66,99,0,0,241,66,207,53,57,47,57,85,81,264,65,0,98,0,166,61,541,0,76,235,224,210,0,150,45,50,44,369,844,268,100,39,127,105,37,352,0,0,57,61,15,28,0,75,0,59,301,0,0,0,72,0,0,117,45,141,91,0,56,0,0,0,70,0,59,0,0,0,136,89,0,82,56,165,0,200,31,45,778,71,0,332,71,128,138,91,53,0,0,133,74,89,0,0,0,613,0,0,37,83,156,0,45,44,0,81,31,0,43,436,93,0,44,83,79,193,88,19,29,44,145,0,0,0,176,163,162,50,173,0,136,61,110,0,81,64,296,0,85,240,184,0,83,0,0,0,71,287,241,61,13,126,0,566,134,0,201,119,0,29,35,0,0,0,0,0,175,0,0,141,0,0,746,43,106,265,161,29,0,0,0,273,81,0,27,52,44,0,0,0,0,196,0,0,0,156,104,0,47,43,0,76,81,0,50,76,144,0,74,0,68,0,44,0,0,79,60,0,84,0,0,0,0,32,181,40,131,35,0,0,51,126,196,386,39,0,0,0,196,79,0,44,98,126,0,26,48,0,0,0,0,0,0,141,79,137,0,0,56,0,37,85,36,351,37,33,0,123,34,0,359,290,0,49,170,0,133,81,30,378,72,0,140,0,18,1978,55,0,16,0,65,0,437,0,65,58,0,115,0,66,37,52,0,0,244,0,64,337,0,0,35,88,26,98,42,124,215,82,0,0,80,0,52,24,72,335,0,0,0,1031,917,0,303,45,0,86,184,0,0,34,22,71,65,107,0,141,0,288,0,52,113,222,0,1078,117,0,125,0,0,0,0,0,248,98,58,101,0,355,95,140,0,533,0,97,240,0,0,133,69,0,93,40,0,71,127,92,105,0,47,80,0,713,135,139,88,138,0,59,171,47,0,88,0,0,278,0,47,55,194,0,0,215,124,87,0,353,104,140,50,57,0,171,94,23,34,55,65,0,0,53,43,54,0,125,182,49,387,0,0,0,0,227,72,0,31,424,83,286,0,23,0,0,0,0,52,49,191,406,0,0,71,203,18,0,0,28,0,0,0,0,77,120,49,0,0,136,54,114,0,52,0,0,34,195,0,0,0,33,43,0,59,0,33,0,0,0,0,36,0,0,0,120,55,0,0,108,116,110,34,235,61,26,0,0,0,442,0,143,0,89,0,75,42,65,57,323,84,92,25,775,0,0,132,100,0,56,71,199,0,66,0,73,82,30,0,96,0,46,207,0,109,0,41,0,55,33,0,45,72,28,350,0,48,0,0,0,102,0,66,65,198,44,0,50,0,22,47,0,160,57,0,0,31,35,293,68,75,57,0,46,51,0,204,259,39,0,0,52,165,0,0,89,112,67,38,185,0,172,161,0,68,82,34,251,0,0,29,104,81,0,100,0,0,41,300,65,35,45,29,198,0,63,63,159,0,106,0,190,0,0,0,561,33,636,92,64,35,26,0,112,0,103,0,76,71,0,74,46,76,0,69,31,135,33,48,0,95,110,0,0,326,0,0,36,121,186,0,61,236,141,0,0,0,40,32,56,0,149,729,158,68,54,0,45,77,0,85,294,0,0,23,0,0,150,0,38,124,61,0,394,0,56,38,0,130,110,150,76,0,33,481,133,554,0,24,0,306,59,81,45,88,67,30,23,0,0,27,39,0,106,0,53,399,0,102,0,0,0,56,60,64,0,481,0,69,57,0,53,48,0,0,292,131,0,82,0,34,112,110,116,0,210,111,102,0,0,86,0,132,0,212,33,0,575,0,24,0,56,119,199,120,57,157,68,0,12,50,0,89,183,109,84,245,45,13,0,0,0,39,0,52,68,0,189,37,56,49,303,65,46,137,71,0,0,0,63,0,98,123,298,0,73,39,0,59,265,58,54,144,208,0,93,60,0,29,31,284,80,160,0,85,93,107,0,55,0,0,130,450,0,32,0,366,41,125,62,169,97,25,0,36,342,0,0,0,110,0,0,33,0,313,365,0,119,98,0,0,267,30,67,775,0,0,0,0,0,19,0,423,99,317,0,112,55,45,0,0,133,30,80,103,92,121,0,99,0,350,94,102,0,48,95,138,378,127,112,64,314,22,0,165,106,230,42,31,161,67,0,0,39,49,572,368,195,466,0,0,170,45,0,42,35,0,0,129,0,191,0,0,265,0,0,0,0,0,83,31,44,295,82,160,56,0,0,407,37,0,48,0,533,687,0,68,0,67,38,0,0,74,161,108,111,107,91,98,19,56,0,44,203,0,218,0,66,47,117,128,178,101,0,0,161,0,116,0,176,0,54,0,23,0,0,192,223,19,0,89,349,182,93,40,744,0,25,0,0,0,0,209,0,78,57,398,0,0,0,0,69,148,138,43,0,43,113,0,143,62,0,42,275,56,84,0,0,39,114,85,283,164,473,112,52,520,83,169,0,90,145,135,87,0,0,37,0,85,46,54,70,151,70,53,42,0,214,232,38,0,63,0,0,284,39,155,192,39,0,77,0,42,74,118,669,357,294,97,0,0,0,0,78,72,46,0,193,130,259,76,340,110,162,115,34,79,0,117,67,61,77,0,59,109,0,394,214,0,75,133,0,62,0,0,93,0,290,0,0,143,0,86,81,552,290,0,400,77,0,78,61,60,0,45,55,0,136,94,0,54,150,0,459,105,36,53,194,67,44,75,0,103,39,93,0,0,128,119,74,39,101,34,0,619,0,236,50,45,62,53,111,192,50,24,60,65,0,0,76,184,0,76,0,0,654,99,81,442,59,62,0,66,112,35,0,0,49,156,58,283,151,99,0,0,94,65,36,0,122,0,34,58,65,98,0,189,48,0,302,0,0,183,86,0,106,57,182,40,72,79,88,46,0,0,0,228,0,166,264,48,0,491,0,0,0,27,215,0,222,247,91,321,215,144,222,90,179,0,135,135,0,118,41,162,104,157,69,51,0,0,0,0,25,93,113,0,37,114,209,40,614,75,0,69,104,0,90,249,60,460,0,0,17,35,0,97,0,227,587,204,28,373,0,0,207,75,118,123,71,0,0,166,0,119,100,0,425,51,0,0,0,0,20,98,0,0,0,121,0,59,198,0,0,410,79,75,45,118,0,621,61,0,0,269,0,0,153,0,0,156,0,176,98,68,27,55,98,0,0,0,267,74,0,0,0,329,26,69,0,137,285,0,23,70,77,0,39,0,349,0,69,0,58,321,19,314,141,71,206,0,0,0,74,33,56,0,64,0,333,39,35,0,41,33,0,36,108,0,83,115,105,265,0,80,0,75,34,0,70,23,0,0,0,84,83,84,0,242,28,0,179,0,0,91,291,0,0,95,180,0,61,0,0,193,71,0,0,117,877,0,0,60,70,0,96,0,53,299,0,122,71,0,64,34,72,265,45,0,60,0,44,0,69,48,101,0,34,39,0,198,76,108,93,0,47,236,37,42,111,114,44,70,32,268,226,115,84,98,0,0,36,36,71,306,115,0,0,77,69,115,108,59,52,126,48,82,0,65,704,215,125,30,159,113,166,77,125,0,80,52,0,106,129,82,0,0,285,75,81,0,48,25,0,403,0,0,26,277,0,26,285,47,0,52,116,0,103,158,62,41,1780,51,1006,95,208,0,38,191,75,0,110,94,25,117,20,0,82,136,0,57,160,30,119,0,218,155,89,0,126,58,0,176,0,55,0,37,0,36,0,122,297,0,97,0,0,103,0,79,202,0,133,300,0,0,0,0,155,340,0,0,101,174,16,57,120,173,0,0,111,199,0,57,371,66,82,353,107,224,147,49,0,92,0,0,0,182,0,29,98,0,140,139,55,42,0,407,0,71,124,292,74,105,101,231,0,0,525,108,363,42,137,143,0,54,48,0,75,46,547,217,0,68,156,262,0,57,0,336,124,45,0,53,101,62,40,54,491,148,67,32,0,0,121,69,0,0,52,0,350,103,31,0,44,65,75,120,26,83,0,42,58,175,254,426,35,41,329,114,291,59,94,53,0,0,66,371,0,220,0,108,34,83,32,0,87,417,41,69,71,39,78,0,62,40,0,0,55,188,942,1259,39,205,125,206,194,56,199,0,144,47,131,0,79,130,183,126,125,57,0,62,109,0,429,113,0,141,83,176,547,24,158,69,156,49,49,0,42,51,83,80,0,1304,240,0,445,18,0,117,102,0,148,71,252,0,0,83,67,0,0,0,0,0,252,0,160,59,77,112,106,1003,117,0,274,89,273,47,251,0,327,137,0,0,275,37,162,0,65,169,28,268,267,0,61,169,50,396,260,159,67,38,76,0,0,786,228,0,0,40,125,40,123,0,78,52,39,56,134,123,93,0,273,0,35,572,86,155,199,0,160,0,418,0,0,0,0,0,0,0,91,300,21,70,271,252,58,126,50,0,0,54,83,23,0,141,984,52,59,53
130,0,0,0,0,0,0,0,0,0,0,0,0,0,0,0,0,0,0,0,0,47,0,0,0,0,0,0,0,0,0,0,0,0,0,0,0,0,0,0,0,0,0,0,0,0,0,0,0,0,0,0,0,0,0,0,0,0,0,0,0,0,0,0,0,0,0,0,0,0,0,0,0,0,0,0,0,0,0,0,0,0,0,36,0,37,0,0,0,0,0,0,0,0,0,0,0,0,0,0,0,0,0,0,0,0,0,0,0,0,54,0,0,0,0,0,0,0,0,0,0,0,57,0,0,0,0,0,0,0,41,0,0,0,0,0,0,0,0,0,0,0,0,71,0,0,0,0,0,0,0,0,0,0,0,0,0,0,0,0,0,0,0,0,0,0,0,0,43,0,0,39,0,0,0,0,0,0,0,0,0,0,0,0,0,0,0,0,0,0,0,0,0,0,0,0,0,0,0,0,0,0,0,0,17,0,0,0,0,0,0,0,0,0,0,24,0,0,0,0,0,0,0,0,0,0,0,0,0,0,0,0,0,0,0,0,0,0,0,0,0,0,0,0,0,0,0,0,0,0,0,0,0,0,0,0,0,0,0,0,0,0,0,0,0,0,0,0,0,0,0,0,0,0,0,17,0,0,88,0,0,0,0,0,0,0,0,0,122,0,0,0,0,0,0,0,0,0,0,0,0,0,0,0,0,0,30,0,0,0,0,76,0,0,0,0,0,0,0,0,0,0,0,0,48,0,0,0,0,0,59,0,0,0,0,0,0,0,0,0,0,0,0,0,22,0,0,0,0,0,0,0,0,0,0,0,0,0,51,0,0,0,0,0,0,55,94,0,0,0,0,0,0,0,0,56,67,0,0,34,0,0,0,0,0,0,0,0,0,0,0,0,124,0,0,0,37,0,0,0,0,0,0,0,0,0,0,0,0,0,0,0,0,0,0,0,50,0,0,0,0,0,0,0,0,0,0,0,77,0,0,0,0,0,62,0,0,0,0,0,0,0,0,0,0,0,0,0,0,0,0,0,0,0,0,0,0,0,0,0,44,0,0,0,0,0,0,0,0,0,0,0,6,0,0,0,0,0,0,19,0,0,0,0,0,0,0,0,0,0,0,0,0,0,0,0,0,0,0,0,0,0,0,67,0,0,30,0,0,0,0,0,0,0,0,0,0,0,0,0,0,0,57,0,0,0,0,0,41,0,0,0,0,0,0,0,0,0,0,0,0,0,52,0,0,0,0,0,0,0,0,0,0,0,0,0,0,0,0,0,0,110,0,0,0,32,0,0,0,0,26,0,0,0,0,0,0,0,0,0,0,19,0,0,52,0,0,0,0,0,0,0,0,0,0,0,0,52,0,0,0,0,0,0,0,0,0,58,0,0,0,0,62,108,0,0,0,0,0,33,0,0,0,0,0,0,0,0,0,0,41,0,0,0,0,0,0,0,0,0,0,0,0,0,0,72,0,0,0,59,0,0,0,0,0,0,0,0,0,60,0,0,0,0,0,0,0,0,0,0,68,0,0,0,112,0,0,0,0,0,0,0,0,0,0,0,0,0,0,0,44,0,0,0,0,0,67,0,0,0,0,0,0,58,0,0,0,0,0,0,0,0,39,0,0,0,0,0,0,0,65,0,0,129,0,76,0,0,0,0,0,0,0,0,0,0,0,0,37,0,0,0,139,0,0,42,0,0,30,0,0,0,0,0,0,0,0,0,0,0,0,0,0,0,0,0,0,0,0,0,80,0,0,0,0,68,0,0,0,0,0,0,37,0,0,0,0,0,0,122,0,0,0,0,0,0,0,0,0,0,0,0,0,0,0,0,0,0,0,0,0,0,0,121,0,30,0,0,0,0,0,0,0,0,0,0,0,0,0,0,42,0,0,29,0,0,30,0,0,0,0,0,33,0,0,25,0,48,0,0,0,0,0,0,0,0,156,55,0,117,23,0,0,0,0,0,0,0,0,0,0,0,0,0,0,0,0,0,0,0,0,0,27,0,0,61,0,0,0,0,0,0,0,0,0,0,63,0,0,0,0,0,0,0,0,0,0,44,54,0,0,0,71,0,0,172,52,0,0,0,0,133,0,0,0,0,0,0,0,0,0,0,0,0,0,0,15,0,0,0,0,0,0,65,0,0,0,0,0,0,23,0,0,40,0,0,0,0,0,0,0,0,0,0,23,0,0,43,0,143,0,0,0,0,56,0,0,75,0,0,0,0,0,0,0,0,0,0,194,0,31,38,0,0,0,0,0,0,0,0,17,0,47,0,0,0,0,0,320,58,0,0,0,0,0,0,0,79,0,0,0,0,0,0,0,0,158,0,0,0,0,30,0,0,0,0,0,0,464,0,0,0,50,0,0,0,0,52,0,0,0,0,32,0,69,0,0,90,0,79,0,58,0,0,0,124,268,59,117,0,0,0,0,89,0,0,0,0,0,0,0,0,0,0,114,0,0,0,0,33,0,18,0,60,0,0,0,0,0,0,0,21,0,0,0,0,0,0,0,0,0,58,0,0,0,0,225,24,0,168,0,50,0,42,0,0,0,67,0,0,0,0,0,0,0,0,0,48,29,0,0,0,0,0,0,21,0,136,0,0,22,0,61,0,0,0,0,0,0,0,0,0,85,62,60,47,0,0,67,29,0,0,0,0,0,0,0,0,57,0,16,0,0,0,0,83,98,0,0,0,0,117,0,0,0,37,0,0,0,0,0,0,0,0,45,0,0,0,0,0,90,0,0,0,55,0,0,0,0,45,0,0,0,0,0,0,0,0,0,0,0,0,0,0,0,0,0,0,0,0,0,32,0,0,29,0,0,0,0,0,0,0,0,0,38,0,0,0,0,0,0,0,0,0,0,0,0,0,0,93,35,60,0,0,0,0,0,0,0,0,71,0,0,0,0,0,0,0,0,0,0,0,0,0,0,0,0,0,0,0,0,0,0,0,0,0,0,0,63,0,0,0,0,0,44,0,0,55,0,0,117,0,0,183,0,0,0,0,0,0,199,0,0,45,0,0,0,0,0,0,0,0,0,0,0,34,0,0,0,0,0,0,0,0,0,0,0,0,0,0,0,0,0,41,0,0,0,57,201,0,175,0,0,0,31,0,0,0,0,0,0,0,0,0,0,81,0,0,20,0,0,141,67,0,0,0,0,0,0,0,0,0,0,0,0,79,0,47,0,94,0,0,77,0,0,0,28,0,0,0,0,0,0,0,0,0,0,0,0,69,0,55,0,0,0,0,60,0,0,95,0,0,0,0,0,0,27,0,0,69,30,0,0,0,0,0,0,38,0,48,0,0,0,0,0,0,0,0,0,25,0,0,67,0,66,0,0,0,0,68,0,0,0,89,63,61,0,0,0,0,0,0,38,0,0,0,0,0,0,69,0,31,33,0,0,0,0,0,0,62,0,0,0,50,0,97,0,0,0,0,0,0,0,0,0,0,0,0,56,27,0,0,0,0,0,29,0,76,0,113,26,0,0,60,0,0,0,21,0,0,0,0,0,76,0,0,0,0,0,0,0,35,0,61,0,0,68,118,0,0,64,49,0,0,58,0,0,0,0,19,0,0,0,116,0,0,86,0,0,0,0,0,29,0,0,0,0,0,0,0,0,0,0,0,0,0,0,124,51,0,0,33,0,0,0,0,0,56,0,0,0,0,0,0,0,0,0,0,0,0,0,0,22,47,0,0,0,0,0,0,0,58,55,46,0,0,0,0,0,0,0,89,0,0,0,0,33,0,0,0,0,0,119,28,0,0,0,32,0,0,0,0,0,0,0,82,0,0,0,0,0,232,0,0,0,0,69,0,0,0,0,0,0,56,0,0,92,0,0,0,0,0,0,0,72,86,0,0,278,0,0,0,0,0,0,0,155,0,0,0,0,22,0,0,44,136,139,0,28,0,0,0,0,0,0,0,0,0,0,0,0,36,0,0,0,136,0,0,0,0,0,0,27,84,0,0,39,0,172,74,103,0,0,0,36,0,0,0,0,0,70,0,0,0,0,0,0,0,0,0,122,52,0,0,0,0,0,0,0,0,77,0,0,40,0,0,0,0,0,0,42,0,0,61,0,0,0,19,0,0,0,0,0,0,0,0,30,4,28,0,0,98,0,0,0,61,28,0,0,0,0,0,0,0,0,0,0,0,0,43,0,0,0,0,0,0,0,0,0,0,0,0,0,26,0,132,0,0,26,26,0,0,0,0,0,0,0,0,0,16,0,0,0,0,0,0,0,59,0,120,0,0,0,0,45,0,0,0,60,0,0,0,0,0,29,0,100,0,20,0,34,33,42,0,46,0,0,0,0,0,20,0,24,0,0,0,0,0,100,55,0,0,0,0,0,27,0,0,208,0,0,0,0,0,0,0,65,39,145,0,0,0,0,0,0,64,0,0,0,31,41,0,0,29,192,33,0,0,0,0,0,22,82,0,0,62,0,0,0,0,0,0,46,56,0,0,0,0,0,62,136,53,172,58,0,44,0,0,0,0,0,0,19,0,47,0,0,92,0,0,0,0,0,0,0,0,33,0,0,96,0,0,84,0,0,0,0,173,66,0,0,0,0,31,0,0,0,53,0,0,53,72,41,0,0,0,0,45,0,0,0,0,0,0,0,48,52,0,0,55,0,0,0,0,0,0,0,18,0,0,57,0,0,0,0,292,40,0,0,597,0,0,0,0,0,0,0,31,0,0,78,0,0,0,0,0,34,45,23,0,0,0,0,71,0,0,145,80,0,52,0,0,0,0,0,152,28,112,0,0,311,0,52,0,0,0,0,32,0,0,0,0,0,0,0,0,78,0,0,0,0,0,0,0,0,0,0,0,59,0,64,0,0,0,0,0,0,0,0,150,195,115,0,0,0,0,0,0,0,0,0,0,60,301,39,178,54,66,32,0,0,0,57,0,0,0,0,0,79,0,81,0,0,0,98,0,0,0,0,0,0,0,0,0,42,0,0,0,179,0,0,171,0,0,0,0,62,0,0,0,0,67,0,0,33,59,0,190,0,0,0,30,0,0,0,17,0,0,0,0,0,0,0,0,0,0,0,0,185,0,93,0,0,22,0,0,79,0,0,0,0,0,0,0,0,0,0,0,29,128,0,0,138,0,0,0,0,0,0,0,0,0,0,109,81,61,59,0,0,0,0,0,0,48,0,0,0,0,0,0,72,0,0,51,0,0,86,58,0,0,0,166,0,0,0,0,0,0,0,0,0,0,34,112,0,0,68,0,0,0,0,64,0,0,60,0,26,39,0,46,0,88,0,75,0,0,0,0,0,112,110,0,0,0,68,0,0,0,0,0,0,0,0,20,0,251,43,0,0,0,0,98,106,0,55,0,15,0,0,0,0,0,154,80,0,0,118,0,0,63,0,0,0,0,0,0,0,31,0,0,18,0,61,0,0,0,0,0,0,0,0,0,0,0,0,103,0,0,572,90,87,0,72,0,162,72,0,51,58,0,0,0,0,0,76,0,118,97,0,33,0,0,0,0,0,109,88,0,0,0,220,0,43,60,0,194,0,0,0,66,0,0,0,209,0,17,0,0,109,106,0,67,59,128,0,0,0,0,0,0,0,57,0,564,56,0,0,0,0,51,0,32,0,0,179,97,68,0,20,0,0,0,0,44,0,0,0,0,0,87,0,0,138,0,0,44,0,0,0,40,0,0,47,0,0,0,0,46,47,0,0,0,155,31,0,0,0,0,37,0,0,0,0,0,0,59,0,0,28,65,0,0,0,0,0,0,0,0,0,73,0,0,24,0,55,0,54,60,0,0,149,0,0,0,0,59,0,0,126,0,0,0,0,0,0,21,40,79,182,0,0,0,185,0,72,0,0,0,113,52,0,0,0,29,58,0,22,58,89,42,50,27,0,0,0,0,184,40,25,23,0,571,33,89,0,0,0,0,126,0,0,0,344,0,0,0,0,0,0,68,0,129,106,56,54,330,0,175,0,40,0,0,240,0,0,55,91,45,0,0,0,0,34,0,79,52,0,0,0,104,153,79,0,47,46,0,122,0,0,0,0,25,52,31,0,39,0,0,0,0,39,0,80,65,0,0,80,0,0,0,35,62,97,0,0,78,78,0,0,113,90,0,0,31,35,0,41,284,0,41,96,52,65,0,29,0,46,0,0,0,150,0,0,0,0,50,32,0,0,0,336,0,13,0,206,32,35,0,102,0,0,155,0,0,0,40,71,0,0,0,0,19,0,589,0,0,0,0,214,0,0,0,62,81,0,0,0,0,32,0,0,413,0,22,0,0,0,0,0,0,0,0,0,74,0,0,0,0,0,0,83,0,0,0,0,0,73,70,94,0,18,0,44,0,0,80,0,13,0,29,18,0,66,0,49,0,0,0,0,0,85,0,0,17,0,0,0,0,0,0,36,49,142,207,181,0,68,0,184,0,0,104,0,48,41,0,0,23,71,61,0,57,0,0,30,0,0,258,74,0,32,35,0,62,0,0,0,0,0,0,0,0,0,0,0,0,145,97,0,0,0,0,43,0,0,80,0,108,0,0,0,0,0,0,55,0,0,62,0,108,48,0,89,28,209,41,0,72,0,0,0,43,0,137,0,0,0,156,0,107,0,59,64,0,168,0,0,41,0,0,78,79,30,0,0,0,0,0,0,34,0,0,0,38,0,50,0,30,0,0,35,62,25,73,0,99,0,0,357,41,0,39,0,62,0,194,44,0,0,0,0,0,0,0,242,0,38,212,0,0,58,0,0,0,0,0,0,0,39,258,31,0,0
131,0,0,0,0,0,0,0,0,0,0,0,0,0,0,48,104,0,0,0,0,0,0,0,0,0,0,0,0,0,0,0,0,0,0,0,73,0,0,141,0,0,0,0,0,0,0,0,0,0,0,0,0,0,0,0,0,0,0,0,0,0,0,67,0,0,0,0,0,0,0,0,0,0,0,0,0,0,0,0,0,0,0,97,0,34,0,0,0,0,0,0,0,0,0,0,0,0,42,0,0,0,0,0,0,0,0,0,0,0,0,0,0,0,0,0,0,63,0,0,0,0,0,0,0,0,0,0,0,0,0,0,0,0,0,0,0,0,0,0,0,0,0,81,0,0,0,0,0,0,0,0,0,0,0,0,0,0,0,0,116,0,0,0,0,56,0,0,0,0,0,0,0,0,0,0,0,0,0,0,0,36,0,0,0,0,0,0,0,0,0,0,0,0,50,0,0,0,0,0,0,0,22,0,0,0,0,0,0,0,0,0,0,0,0,0,0,0,0,0,0,0,0,0,0,0,0,0,0,0,0,0,0,0,0,0,0,0,0,0,0,0,0,0,0,0,0,0,0,0,0,0,0,0,0,0,0,0,0,0,0,0,0,0,0,0,0,0,0,0,0,0,0,0,0,0,0,0,81,0,44,0,0,0,0,0,0,0,0,0,0,0,0,0,0,0,0,0,0,0,0,0,0,0,0,74,0,80,0,0,0,82,0,0,0,0,0,0,0,0,0,0,0,0,79,0,0,0,0,0,57,0,0,0,0,0,0,0,0,0,0,0,0,0,0,0,0,0,0,70,82,36,0,0,225,0,0,0,68,0,0,0,0,0,0,88,146,84,0,0,25,0,0,0,0,0,0,0,0,0,0,0,0,0,0,109,0,25,0,0,0,0,0,0,0,0,158,0,41,45,0,0,55,0,0,0,0,0,0,0,0,0,0,0,0,0,0,0,44,0,0,0,0,0,0,0,0,0,38,0,0,0,0,0,0,0,0,0,0,74,0,0,82,0,0,0,61,22,0,0,0,0,0,0,0,0,0,0,0,30,31,0,101,0,0,0,0,0,0,0,0,0,105,0,0,0,25,123,0,0,31,0,64,0,0,0,0,0,0,68,0,0,0,0,0,0,0,0,0,0,0,0,0,37,0,0,0,0,0,0,0,0,0,0,0,0,50,0,0,0,0,0,0,44,0,0,0,0,59,0,0,0,0,0,0,0,0,0,0,0,0,0,90,0,0,0,0,0,0,23,0,0,0,0,0,0,0,0,0,0,57,0,0,0,0,0,0,0,0,0,0,63,0,0,0,0,0,106,0,0,67,0,33,0,74,0,106,157,48,0,0,130,0,0,0,0,0,43,0,0,0,0,0,0,0,60,0,43,0,0,0,0,0,37,0,0,0,0,0,0,0,0,0,0,0,0,0,0,0,30,109,0,0,0,0,0,0,0,0,0,0,0,0,0,0,115,0,0,0,30,0,0,0,0,82,0,0,0,0,116,0,0,0,0,0,21,26,0,0,31,45,0,39,0,64,0,0,0,112,0,0,0,0,0,0,0,24,0,22,0,0,0,0,0,0,0,0,0,35,0,0,0,0,0,0,0,20,0,0,0,0,63,0,0,0,0,0,0,0,0,77,0,0,95,0,44,0,0,0,0,45,0,0,0,0,0,0,0,91,27,0,0,0,0,0,0,0,0,0,0,0,0,0,0,43,0,0,0,0,0,0,0,0,0,0,0,0,0,0,0,0,33,0,0,0,71,0,0,0,0,68,0,0,0,0,0,0,0,0,0,0,0,0,0,0,0,0,0,0,0,0,0,0,0,35,19,54,0,0,0,0,0,0,75,0,0,0,0,0,0,49,0,67,0,0,0,0,0,0,34,116,0,0,0,0,0,0,0,0,0,0,0,0,0,44,0,0,0,0,0,0,0,0,0,0,0,166,0,0,237,0,0,0,0,0,0,0,0,0,0,0,0,0,0,26,0,0,0,0,0,0,0,47,0,0,0,0,0,0,0,0,0,0,36,0,0,0,0,0,0,35,41,0,0,0,0,0,0,0,0,0,0,0,0,0,0,0,0,0,0,0,43,12,0,0,0,50,0,0,30,0,0,0,0,0,0,0,0,0,0,0,0,0,0,0,0,0,0,0,0,0,0,0,0,0,0,0,0,124,0,0,0,0,0,48,0,0,0,14,187,0,0,0,54,0,0,0,198,0,0,0,74,0,0,0,0,52,0,0,0,0,0,0,0,0,0,0,0,0,0,0,0,0,0,0,0,0,0,104,21,0,0,0,0,0,81,210,0,0,0,0,0,0,0,0,0,0,45,0,0,0,0,0,0,0,74,0,29,235,0,0,0,0,0,0,0,0,55,0,0,0,0,0,0,70,0,0,0,0,0,0,33,42,0,0,34,151,137,102,0,59,0,0,0,0,0,0,0,0,0,0,0,0,0,0,0,0,0,0,0,0,50,0,0,0,0,0,0,0,0,32,0,0,0,0,0,0,0,0,0,0,0,0,55,0,0,0,0,0,67,0,0,94,0,0,0,0,0,0,0,0,0,0,214,0,0,0,0,0,0,0,0,0,0,0,0,0,0,0,0,0,0,0,0,0,0,0,0,104,0,0,0,0,0,60,0,0,0,0,0,0,0,0,27,0,0,29,0,0,0,47,0,0,0,48,69,0,0,0,0,0,30,0,0,120,0,0,0,0,0,0,0,0,0,0,0,0,0,28,0,134,0,0,59,76,0,0,31,0,0,30,0,0,0,0,0,0,0,0,0,0,0,0,0,0,0,0,0,0,0,0,88,0,33,0,0,0,0,0,0,0,0,0,0,0,0,0,0,0,0,0,0,0,0,64,0,0,0,0,0,0,64,0,0,0,0,0,0,0,0,48,0,0,0,0,0,0,0,0,0,0,0,0,0,0,0,0,0,0,0,0,0,0,0,0,0,0,20,32,34,0,0,0,0,0,0,0,130,71,0,87,0,0,512,0,67,0,0,0,0,38,0,0,37,0,92,0,55,30,0,0,0,0,0,28,0,0,0,0,0,0,0,0,0,37,0,0,0,0,0,0,0,0,60,0,0,0,277,41,0,63,0,0,36,52,27,0,0,0,0,0,0,0,21,0,60,0,0,0,106,0,238,36,0,80,0,0,0,0,0,81,0,0,0,0,0,0,0,0,33,0,0,48,0,17,0,0,0,37,0,0,0,31,0,0,0,0,0,0,93,0,0,0,41,0,0,79,0,0,140,0,0,0,0,0,0,0,0,0,82,18,0,0,60,0,0,0,32,0,82,64,0,0,0,22,0,0,0,0,0,0,0,39,32,0,0,0,0,0,0,0,0,0,70,0,0,0,0,0,0,0,0,84,0,0,0,0,0,0,0,0,0,0,0,0,0,0,0,0,74,0,0,0,54,36,0,0,66,23,0,0,173,0,0,0,0,0,0,0,0,0,0,0,0,0,24,0,0,0,51,0,0,0,0,84,27,0,0,0,33,0,0,0,0,0,0,0,0,0,0,0,0,0,0,21,0,0,206,0,0,127,0,0,0,0,127,0,0,0,0,0,0,0,29,0,0,167,0,0,0,0,0,0,0,0,0,23,0,64,0,0,0,0,0,57,0,0,0,0,40,0,0,0,0,0,0,46,0,0,0,0,52,87,0,0,0,0,25,40,0,57,0,69,0,0,0,39,0,0,63,0,0,0,30,0,0,0,0,0,0,0,0,0,0,0,35,26,0,0,0,0,0,132,0,0,0,0,285,0,0,0,46,0,0,0,43,0,0,0,76,0,0,0,0,0,0,0,0,0,0,0,0,42,0,0,0,0,0,0,0,0,0,0,0,0,0,0,0,35,0,0,0,0,0,0,0,101,0,0,0,0,0,0,0,0,0,45,27,0,0,0,0,67,0,0,122,0,0,0,0,0,0,0,0,0,73,30,0,0,34,0,0,0,0,47,0,0,0,73,47,46,0,0,0,41,0,0,0,0,43,0,0,0,0,0,0,0,0,0,0,96,0,31,0,0,0,0,0,0,0,347,0,0,0,0,0,0,0,0,126,33,0,0,0,0,0,0,0,0,47,0,0,0,0,0,53,0,0,0,0,0,45,0,39,0,48,0,131,178,0,82,18,0,0,0,0,71,49,0,0,65,0,0,0,0,0,0,0,0,0,0,0,0,0,45,0,56,0,0,0,0,0,0,0,0,0,23,101,0,0,0,22,0,237,0,0,0,47,0,0,0,0,0,0,122,65,0,0,0,0,0,0,0,0,0,74,0,0,0,0,0,0,0,94,36,86,0,0,0,0,0,0,0,34,0,0,0,0,0,47,0,0,40,0,0,216,0,0,80,0,0,0,0,0,0,0,239,33,51,0,27,0,0,0,0,30,0,0,0,0,0,82,0,38,25,25,0,0,0,0,53,123,34,0,0,0,0,0,0,0,0,0,82,0,0,0,0,0,0,0,53,119,0,0,0,0,0,0,0,0,0,0,0,0,0,0,0,0,0,0,0,0,0,35,0,0,0,0,150,0,0,0,75,0,0,0,0,0,220,0,0,0,0,0,0,0,0,0,168,0,0,32,0,0,0,0,0,0,54,67,0,0,0,0,57,0,0,0,0,59,0,50,0,70,0,37,0,22,0,0,0,0,0,0,0,46,0,42,0,0,0,0,0,0,0,0,66,0,43,0,166,0,0,0,0,0,40,0,0,0,0,0,0,0,0,0,50,54,0,0,0,38,0,25,41,0,0,0,0,0,96,0,64,0,0,46,0,0,0,0,0,0,0,0,0,0,0,0,0,0,0,63,46,0,0,0,0,46,0,0,0,0,0,0,0,0,0,0,0,75,0,31,59,0,0,0,0,0,0,0,0,0,35,61,69,27,0,39,42,0,0,0,0,0,0,0,0,40,25,0,123,171,0,23,65,0,0,0,0,0,0,56,34,223,0,39,0,0,0,89,0,28,0,0,0,0,177,27,0,0,0,0,0,0,0,136,37,91,40,0,0,0,0,0,0,64,57,0,74,0,0,28,0,0,0,0,0,0,217,0,143,0,34,0,0,63,37,0,0,0,0,0,0,39,56,0,0,0,0,0,17,41,176,0,0,0,0,62,0,0,0,0,70,39,71,35,0,0,0,0,0,64,35,0,0,0,0,0,0,0,0,0,34,0,0,0,0,0,0,0,0,109,0,0,0,0,0,0,0,0,0,0,0,0,0,115,149,0,38,0,0,34,0,0,0,0,147,0,30,0,0,151,0,0,0,0,46,57,0,150,68,0,0,0,74,53,0,0,0,0,0,26,0,0,0,413,0,0,0,0,0,36,63,41,0,0,40,0,0,0,80,0,150,154,0,0,143,0,0,0,0,0,87,0,0,0,0,62,38,51,0,34,72,0,0,0,0,0,0,0,0,0,0,0,0,195,0,0,145,0,67,0,0,0,176,0,0,48,44,0,0,53,0,0,0,0,0,0,0,41,0,0,0,0,0,173,0,0,0,0,94,0,0,60,21,53,0,0,0,0,22,0,0,0,0,0,0,0,62,0,0,80,0,0,0,0,0,0,0,0,0,0,0,207,47,0,0,0,57,0,0,0,0,0,57,106,62,0,0,0,0,0,0,0,0,19,0,0,0,0,0,0,26,0,0,62,0,0,0,70,0,0,0,51,0,0,0,14,41,0,0,0,44,76,0,0,0,0,0,28,0,0,0,0,0,36,0,0,0,0,62,0,0,0,0,0,0,0,23,0,0,0,31,0,0,0,0,0,0,0,43,0,0,0,0,0,0,0,105,0,0,0,0,0,0,0,22,44,77,0,0,0,84,0,0,0,0,0,0,53,0,0,0,42,57,0,0,94,0,0,0,31,0,0,0,0,48,25,30,0,0,106,0,67,0,0,0,0,0,0,0,0,34,0,0,64,32,0,0,62,0,75,63,0,0,231,0,134,0,114,0,0,65,0,0,0,94,0,0,0,0,0,0,0,0,0,0,0,0,0,39,64,0,0,0,0,0,0,0,0,0,0,0,0,68,72,0,0,0,0,0,0,0,79,0,0,61,0,0,0,0,92,0,0,0,0,0,0,0,0,55,0,0,52,91,0,0,110,24,0,0,29,103,0,0,0,0,0,0,0,34,0,0,42,0,56,41,0,0,0,0,0,55,0,0,0,0,67,0,0,0,138,32,140,0,61,0,0,34,0,0,0,0,95,79,0,40,51,97,0,0,0,0,0,0,0,0,0,0,29,0,0,55,0,0,0,0,60,0,0,0,0,0,325,38,0,0,0,0,0,40,0,34,0,0,0,0,77,111,0,0,248,42,0,0,0,0,0,0,0,118,0,0,0,0,0,65,0,0,0,0,0,0,0,0,0,55,0,0,0,0,0,37,33,450,0,27,0,59,58,0,37,0,76,0,0,0,119,56,0,44,0,0,0,0,0,0,44,0,0,0,0,65,111,0,38,34,33,0,0,0,0,35,0,104,0,360,63,0,236,0,0,0,0,0,0,0,253,0,0,0,87,0,0,0,0,0,0,0,0,0,0,0,46,47,36,0,110,0,144,0,82,0,0,0,0,0,66,0,0,0,0,0,0,0,112,0,0,59,40,141,145,0,0,0,28,0,0,53,101,0,0,0,0,0,0,0,0,32,0,0,0,50,0,0,0,0,0,49,34,0,73,0,0,0,66,0,0,0,0,0,0,0,0,52,0,0,19,84,0,0,0,0,0,92,0,0,0,84,96,0,0,22
132,0,29,0,131,74,171,81,0,129,0,473,0,30,0,191,342,440,0,74,41,478,61,48,80,192,0,0,110,66,46,0,120,0,90,257,391,18,110,411,147,118,118,0,468,0,109,73,498,35,371,48,261,256,50,366,36,0,0,58,0,309,182,455,73,94,145,52,0,57,617,0,59,42,0,371,262,28,857,85,103,22,31,224,456,124,0,0,117,59,468,173,112,140,193,38,74,0,129,63,0,0,0,162,0,58,66,0,232,146,340,98,85,199,235,61,72,258,84,0,575,0,478,77,38,73,63,83,154,50,138,41,232,47,58,111,336,137,130,124,162,124,188,371,0,0,55,97,104,303,0,58,153,114,200,192,0,230,0,264,371,103,0,283,148,136,0,40,258,355,271,204,50,119,0,96,63,124,293,106,50,476,37,118,0,64,74,487,331,0,0,0,52,139,250,0,128,61,54,208,0,145,159,91,679,63,50,62,50,254,288,191,79,75,0,201,101,60,0,50,170,197,40,33,234,23,0,197,521,48,87,48,0,0,52,0,61,166,355,106,57,148,68,100,66,0,296,50,98,0,106,109,221,64,261,47,104,0,86,87,523,352,94,41,55,0,28,497,255,925,61,31,132,360,180,95,168,39,1509,411,176,0,103,274,137,133,126,468,1995,114,145,39,371,47,33,112,33,162,131,66,103,49,80,53,0,160,518,201,0,46,34,689,127,0,0,0,16,140,41,0,0,0,0,30,207,0,87,249,0,37,677,0,0,201,92,41,0,0,54,119,31,185,0,48,177,24,0,0,56,1387,152,156,0,459,699,0,31,97,271,153,75,98,100,44,198,249,491,242,100,0,245,106,69,38,0,193,287,0,0,248,145,68,86,37,122,616,118,30,124,0,0,25,801,24,75,49,481,46,179,320,0,66,307,0,42,130,0,36,118,0,78,0,135,0,0,35,221,94,503,111,55,139,37,0,142,0,162,0,260,0,0,43,57,0,271,29,0,68,48,175,0,0,534,49,189,118,172,160,48,118,0,0,318,0,99,13,46,70,0,0,269,0,260,148,57,0,29,0,0,58,61,0,143,159,47,124,246,416,0,205,157,60,324,196,188,0,0,146,150,363,213,71,0,139,72,0,172,133,233,47,0,0,61,902,45,98,493,184,99,0,74,0,0,0,27,0,241,30,146,81,189,37,356,260,77,0,45,0,360,32,70,0,0,0,113,131,0,0,0,102,66,86,414,0,0,23,159,0,0,0,172,71,0,59,44,107,64,145,79,0,278,373,0,71,45,438,66,0,20,54,260,337,39,0,0,0,0,109,0,104,238,128,190,0,659,43,359,627,30,39,72,434,0,101,0,0,0,243,0,59,47,24,60,136,104,102,29,146,90,77,0,45,608,591,106,0,99,183,0,135,0,0,0,47,98,0,56,87,0,168,220,0,0,48,49,96,61,83,0,0,0,0,200,0,56,218,0,157,0,271,353,0,0,88,618,0,115,70,61,282,96,65,114,0,0,78,57,109,58,0,379,68,170,0,222,60,57,68,274,49,44,34,161,117,214,0,85,47,115,0,117,86,102,0,37,85,119,39,450,0,0,75,28,187,84,51,44,92,177,0,0,151,375,0,0,0,0,34,199,119,194,131,139,1441,568,191,201,112,0,0,125,121,0,0,79,0,0,33,191,112,131,79,568,217,0,115,50,0,176,0,64,118,0,0,320,0,0,0,0,53,60,222,0,59,50,46,0,136,0,292,173,98,52,0,0,216,77,0,0,92,103,60,236,39,33,0,90,47,117,306,23,0,86,26,0,0,0,83,66,92,58,69,92,53,188,0,80,78,181,20,115,0,289,176,0,362,0,43,43,125,217,48,420,35,0,66,159,87,30,160,233,0,0,0,25,0,77,79,0,0,0,49,538,0,310,76,0,66,132,26,203,25,89,71,0,0,843,551,126,456,0,55,0,189,97,0,68,0,0,51,0,33,0,0,234,154,42,0,0,55,0,181,115,49,40,236,0,167,0,55,90,305,49,183,167,126,392,0,0,84,80,287,0,91,0,41,27,154,117,177,274,61,71,80,40,544,67,72,86,0,226,167,145,24,39,153,154,0,0,65,0,0,41,0,0,37,0,60,103,0,58,202,0,180,0,124,0,90,55,81,158,0,71,106,0,0,32,34,407,53,0,0,94,59,167,85,45,265,84,740,78,0,0,270,148,28,0,653,0,0,91,357,34,27,121,133,272,0,411,0,1137,0,53,76,82,0,0,0,0,177,108,0,169,0,27,144,129,84,614,222,0,47,0,99,0,374,367,243,156,69,0,0,151,0,0,0,463,157,0,25,0,25,90,52,0,143,0,164,863,71,35,43,176,101,112,83,146,335,103,0,126,0,0,105,265,0,157,179,90,94,0,251,77,90,159,378,338,289,325,0,332,63,38,349,23,0,0,45,0,64,0,102,0,92,305,0,0,52,59,55,35,246,31,156,147,65,29,62,0,0,110,99,156,0,40,39,62,60,0,115,140,129,70,191,36,122,643,79,0,291,53,100,198,60,67,0,59,117,137,158,0,0,184,870,0,51,0,139,178,0,43,0,0,0,55,55,110,232,81,38,77,59,247,44,237,21,96,80,447,46,0,66,270,319,125,187,245,0,275,83,45,0,42,41,111,0,134,224,171,0,116,0,0,0,127,314,605,130,68,54,0,257,118,0,268,111,0,50,27,43,0,0,61,159,106,0,81,137,0,0,699,0,57,101,64,0,61,84,0,123,58,0,0,0,0,0,34,0,0,262,0,0,60,73,92,84,60,0,0,0,42,239,25,84,175,0,29,0,65,0,99,0,76,0,53,0,219,0,0,127,32,0,124,0,92,0,0,136,0,113,63,182,0,51,0,79,165,64,82,25,80,53,0,0,112,91,0,51,45,0,153,72,111,87,0,0,112,92,0,46,0,183,43,0,0,112,48,0,455,188,29,33,158,40,357,32,0,327,178,84,101,0,49,956,20,117,0,78,83,49,366,0,0,93,0,95,0,273,115,17,0,52,103,0,29,144,0,34,31,59,0,86,31,90,102,25,23,0,62,103,129,0,51,201,0,0,0,829,459,0,202,51,101,109,155,32,0,125,78,172,30,34,75,83,28,255,85,214,71,805,0,406,49,0,394,53,0,24,17,0,153,136,38,223,44,296,0,41,0,292,0,109,88,0,0,127,33,0,160,57,0,67,45,72,156,62,39,75,39,493,152,72,72,278,46,0,77,0,0,263,0,0,161,0,0,31,174,0,96,64,0,95,0,141,39,114,126,199,0,87,142,0,0,146,0,0,82,0,0,178,31,89,76,83,60,41,36,0,0,170,49,94,11,360,94,103,60,0,87,74,0,0,170,170,114,425,75,0,67,236,37,63,97,0,0,50,0,0,75,94,56,0,31,56,0,188,0,64,67,0,36,126,0,0,0,140,116,34,100,98,79,0,74,0,0,270,38,140,0,100,163,0,0,178,296,54,0,79,37,91,0,0,50,414,0,195,45,0,0,151,0,41,37,372,0,31,84,289,0,0,113,87,0,111,225,259,0,127,0,84,43,35,0,243,0,63,330,0,90,60,50,67,87,0,94,84,89,38,90,0,0,0,0,24,87,0,30,133,111,57,0,60,24,46,87,0,46,109,49,44,39,56,423,0,0,37,47,38,73,0,227,76,95,173,62,0,25,36,0,63,29,130,67,88,42,64,133,137,36,37,47,469,33,0,0,0,370,0,27,0,0,31,256,71,32,0,0,269,45,132,0,0,42,109,0,308,0,0,25,350,0,158,105,33,41,0,73,131,19,106,0,131,27,59,41,103,147,0,103,0,66,50,35,0,133,282,0,0,569,0,0,32,96,0,0,0,100,39,0,45,0,66,0,164,97,452,479,65,0,83,0,36,83,0,28,117,0,0,0,0,0,167,0,0,57,210,0,258,0,0,36,0,218,59,77,82,49,67,573,60,514,0,0,17,136,0,204,0,53,53,216,0,0,50,0,0,0,0,0,0,613,161,49,0,0,0,0,0,113,0,539,0,87,137,0,84,55,156,0,365,112,44,183,0,38,65,39,66,0,184,70,58,39,5,30,197,54,0,116,0,17,103,0,76,36,0,41,345,247,0,158,123,0,0,0,0,107,336,86,93,66,42,64,136,0,23,0,0,0,58,0,32,93,134,136,57,99,69,108,44,0,0,0,132,0,50,113,612,72,0,99,59,92,578,150,48,180,172,0,399,174,16,0,101,124,160,49,0,221,49,75,35,53,0,41,142,85,0,0,0,422,70,135,161,155,182,0,0,45,140,0,0,77,101,0,0,84,50,151,199,61,44,49,18,0,629,0,0,652,0,22,0,0,65,70,0,194,70,444,0,80,39,110,0,37,0,0,199,115,58,93,244,66,95,1310,103,45,0,0,76,188,307,187,32,136,224,0,0,130,112,431,0,209,79,0,44,0,0,64,662,300,187,80,0,0,43,40,0,0,129,36,0,85,0,83,0,38,230,44,0,0,0,119,214,0,86,142,37,328,0,0,35,743,59,0,0,0,67,665,0,76,37,58,0,0,118,76,173,412,117,0,64,341,32,71,0,0,63,68,601,0,0,0,54,242,27,119,0,29,63,0,287,0,306,0,112,0,85,0,0,0,158,0,0,142,242,39,77,0,623,0,0,0,0,0,0,443,103,87,114,528,0,0,58,0,0,78,0,38,34,0,217,48,0,59,0,94,362,51,67,17,64,0,87,39,145,81,230,0,35,558,106,215,93,106,40,0,0,0,0,83,0,0,41,101,103,0,146,33,29,0,163,135,97,0,76,0,100,116,72,131,128,0,0,0,0,0,112,80,542,125,631,23,0,0,0,0,24,69,0,0,119,180,175,69,124,112,171,178,34,159,0,0,36,0,85,0,0,61,0,451,261,0,91,59,0,90,0,0,0,32,113,67,172,40,0,57,49,95,90,0,57,120,53,169,49,238,0,96,0,0,0,90,0,150,288,0,176,119,0,77,177,45,110,0,107,126,0,36,0,0,196,81,53,46,0,0,0,811,0,178,94,0,0,0,40,56,43,0,77,0,79,0,38,235,0,0,0,0,389,105,104,192,28,54,0,40,44,0,69,0,79,88,113,154,67,61,0,0,30,77,0,0,242,0,0,21,40,63,0,347,23,34,494,0,0,87,146,0,187,0,249,0,0,93,62,20,0,0,0,56,0,138,262,0,165,282,0,50,0,42,270,0,50,41,61,84,29,176,0,0,78,0,127,102,33,67,149,219,149,98,160,0,0,145,48,58,0,40,188,32,0,62,142,69,1050,79,0,82,71,0,140,90,64,245,0,74,23,0,0,124,0,199,329,57,31,150,0,0,33,35,0,0,0,0,0,111,95,0,85,0,253,162,0,0,0,63,0,159,38,0,0,44,0,0,1754,0,0,365,96,103,0,232,0,152,74,0,370,0,0,33,242,0,0,97,63,308,0,101,97,47,33,31,0,0,673,70,0,0,0,741,0,90,241,163,160,0,0,0,121,172,39,0,118,0,0,0,30,259,155,107,219,78,312,32,36,35,80,25,59,0,122,0,749,160,51,60,38,289,132,36,110,50,40,277,314,75,0,125,95,50,55,0,0,52,54,0,41,97,94,89,0,496,37,0,110,0,0,75,188,0,71,117,290,54,0,0,248,44,85,0,0,183,909,108,0,0,167,56,46,0,39,107,0,103,200,62,94,0,52,339,0,24,0,0,71,0,0,126,264,0,50,69,0,45,133,88,151,81,0,298,0,58,143,0,47,48,108,424,168,98,0,62,24,0,111,53,107,513,143,0,0,380,216,77,75,0,95,166,78,291,0,0,586,49,254,26,156,0,160,161,209,0,128,69,37,119,49,0,92,23,699,78,118,0,0,47,0,164,0,24,57,415,0,26,171,162,56,0,231,0,119,278,68,79,431,0,222,44,362,29,75,195,0,119,55,191,142,122,0,0,156,92,0,78,53,65,72,0,174,84,157,0,102,76,45,58,0,0,124,0,95,44,61,183,264,53,65,0,0,149,0,119,169,83,44,124,0,0,0,99,214,92,0,0,45,69,0,0,0,221,0,0,110,0,0,0,149,90,0,0,167,132,96,85,0,0,0,0,41,72,0,28,16,0,75,0,0,0,0,118,0,76,96,91,36,91,44,0,0,0,369,0,433,79,145,0,0,0,0,0,56,90,212,61,0,91,47,85,0,86,0,158,0,0,0,69,0,0,0,37,127,174,0,43,0,0,63,56,0,0,0,0,313,0,41,0,0,35,90,0,0,69,42,76,86,54,110,213,32,0,380,70,182,26,0,50,60,0,0,294,0,0,0,38,0,0,37,0,0,206,0,0,0,67,50,0,87,0,66,0,118,130,772,313,0,0,150,101,237,0,207,0,167,0,32,0,0,53,110,112,0,0,0,80,56,0,60,46,0,0,98,38,671,0,151,0,207,0,0,0,51,0,0,105,0,710,78,0,238,0,0,0,69,0,42,71,245,0,0,38,90,0,0,157,0,0,134,0,0,0,25,177,60,957,69,0,248,0,338,55,99,0,58,180,0,0,108,28,100,19,0,263,0,80,274,36,0,176,90,490,132,0,0,43,0,0,0,448,136,0,0,63,41,32,0,0,0,0,0,0,40,56,0,0,0,32,0,252,104,69,91,0,0,0,334,0,0,0,0,0,0,0,179,291,0,86,69,152,0,280,64,0,0,67,53,43,0,41,94,0,0,64
133,0,0,0,0,0,47,0,0,0,0,0,0,0,0,64,300,103,0,36,0,30,0,26,0,32,0,0,0,20,0,0,45,0,0,101,73,0,0,166,47,0,0,0,158,0,0,60,83,0,0,0,0,33,0,0,30,0,0,0,0,49,50,83,0,0,33,0,0,0,94,0,21,0,0,0,0,0,292,0,0,0,0,56,182,0,0,0,46,0,0,0,14,55,57,0,37,0,51,0,0,0,0,0,0,0,41,0,0,79,0,75,0,63,58,0,0,101,0,0,146,0,166,0,0,0,0,0,0,0,30,0,177,0,27,0,0,76,0,0,0,0,61,355,0,0,0,0,0,0,0,0,73,0,0,37,0,0,0,67,62,0,0,0,0,59,0,0,55,169,83,0,0,0,0,0,0,0,0,0,0,36,0,0,0,32,29,163,84,0,0,0,58,0,34,0,71,47,0,89,0,0,113,0,101,0,0,0,0,183,78,0,36,0,0,0,0,0,0,0,115,0,0,0,191,0,0,0,273,16,0,0,0,0,0,0,0,0,51,25,0,0,0,0,0,0,51,0,0,0,0,0,191,75,63,0,29,0,0,0,215,194,0,0,0,0,0,146,73,130,0,0,0,212,92,0,0,0,190,64,30,0,0,137,0,65,40,295,140,44,23,0,103,0,20,62,0,0,0,0,0,29,57,0,0,89,210,34,0,133,113,735,101,0,0,0,0,123,43,0,0,0,0,0,231,48,0,99,0,0,506,0,38,69,56,0,0,0,40,0,0,55,0,35,120,0,0,0,106,525,42,0,0,165,51,30,0,0,222,111,83,36,190,0,61,102,70,0,0,47,145,65,61,77,38,102,0,0,0,32,0,0,24,57,103,567,0,0,109,0,43,0,435,0,67,0,310,34,0,0,0,0,0,0,0,62,29,0,0,0,166,0,59,0,0,0,93,43,211,114,43,74,61,38,106,74,79,57,58,0,0,0,0,46,65,0,0,57,0,0,31,0,173,68,163,74,64,146,0,77,0,0,273,0,172,19,0,0,0,0,82,0,197,111,0,20,0,34,0,39,0,29,59,139,0,0,190,0,175,192,142,0,136,85,44,0,0,70,66,0,0,72,0,87,0,0,123,24,0,52,0,128,0,318,90,56,77,112,0,0,131,0,0,50,29,0,181,17,0,77,99,0,79,150,48,35,0,0,144,0,29,0,0,0,65,0,0,0,0,87,0,125,440,0,0,0,52,65,0,229,125,41,0,0,0,63,0,64,0,0,126,257,0,0,0,181,0,0,0,66,78,31,0,0,0,0,0,27,0,0,108,0,157,0,161,0,227,281,42,0,0,1013,0,58,0,0,0,53,0,0,0,0,24,29,0,83,0,73,0,50,0,0,147,266,36,0,0,81,0,30,0,0,0,0,46,0,111,0,0,97,148,0,0,55,0,0,118,57,33,0,0,0,67,0,0,264,0,62,0,168,0,0,0,92,383,0,37,0,0,152,0,39,36,0,0,0,86,25,23,22,54,0,93,0,177,0,47,30,177,0,0,54,78,23,65,0,0,0,88,0,17,43,69,0,0,0,115,45,408,0,0,0,0,0,0,0,45,49,0,39,0,440,129,0,0,53,0,0,60,0,190,65,50,742,84,0,72,33,0,0,72,0,0,27,0,0,0,44,301,69,0,52,398,46,0,58,0,0,0,0,38,27,0,0,62,0,0,82,0,29,0,0,0,0,0,65,0,0,0,87,37,69,0,0,0,253,0,0,0,62,42,0,0,0,0,0,0,0,22,0,0,0,87,0,0,0,0,26,33,0,64,0,20,32,495,30,0,0,60,0,0,0,197,126,0,0,0,0,31,0,0,0,80,0,0,0,0,0,0,49,583,0,0,36,0,0,0,0,0,0,0,0,215,26,81,0,0,0,34,0,36,0,0,0,0,0,120,79,0,152,17,0,29,63,0,0,0,0,0,0,0,0,0,0,100,78,0,0,0,0,102,57,170,0,0,0,0,57,0,0,42,169,0,122,88,56,69,0,0,0,116,357,0,90,0,0,54,187,247,183,210,29,74,0,38,383,79,102,33,0,87,179,88,0,0,31,93,47,0,89,74,0,0,0,64,31,119,131,92,0,74,91,0,96,0,178,0,58,0,0,0,0,65,147,58,0,68,0,244,50,43,101,123,99,82,90,0,98,0,458,52,0,0,239,96,47,0,258,34,0,0,339,0,41,52,129,316,114,490,0,1541,170,61,57,39,0,50,0,0,74,0,18,108,54,0,252,64,109,241,152,17,37,0,147,0,223,199,230,95,110,0,28,113,0,0,0,190,52,41,0,0,145,0,25,63,239,0,119,496,0,184,0,49,117,54,36,112,236,0,21,104,0,155,111,400,0,0,0,139,163,0,176,54,78,56,256,319,168,157,21,134,110,0,126,0,47,72,66,25,80,0,104,0,45,168,0,0,0,58,62,0,268,47,120,77,84,33,0,0,55,59,0,237,0,24,144,102,35,0,123,44,194,160,190,0,28,432,60,0,132,52,57,337,0,81,0,0,80,120,107,0,0,214,759,0,0,0,90,96,0,54,0,50,0,27,0,36,321,175,0,81,79,114,117,49,0,35,98,153,91,36,74,209,126,169,81,270,0,119,0,68,0,0,45,193,0,53,231,121,40,79,27,0,48,60,170,302,109,35,221,29,355,170,0,72,32,63,0,32,64,0,0,37,65,237,35,37,80,0,0,294,0,66,110,108,38,79,70,0,215,90,0,24,34,0,64,64,0,0,240,0,0,56,142,0,59,50,0,0,0,74,228,0,81,39,0,67,38,0,0,30,23,45,0,95,0,81,0,0,60,0,51,78,53,88,0,0,68,63,127,208,146,0,42,0,53,361,0,77,0,137,153,38,25,110,73,0,23,74,0,52,88,26,229,0,0,93,27,0,57,0,182,77,0,29,223,77,56,174,68,0,0,43,0,52,0,37,199,146,51,223,0,0,600,0,77,0,132,38,36,568,0,36,130,32,107,0,192,119,0,0,30,144,45,0,405,0,0,39,97,41,29,0,265,43,62,0,0,73,56,30,32,0,134,0,0,0,958,701,0,483,41,121,129,144,21,0,93,0,228,0,81,101,0,0,489,0,0,78,398,0,462,106,0,273,45,0,0,45,0,119,71,0,99,136,99,119,157,26,403,0,89,290,0,0,116,58,0,98,54,0,97,132,0,152,56,34,148,0,948,320,105,179,110,0,58,101,22,0,178,0,0,300,0,43,47,108,0,70,170,150,24,0,51,116,0,114,123,0,117,152,0,0,0,0,51,42,0,48,80,0,97,194,57,140,35,59,0,0,333,0,67,27,573,110,238,90,45,0,0,0,43,86,0,113,491,33,0,0,177,0,0,130,0,0,67,0,0,117,352,129,0,0,141,107,76,43,66,154,67,43,434,0,22,0,0,88,0,62,94,70,0,11,0,0,0,0,209,0,250,119,49,0,112,189,66,0,71,46,153,0,46,0,436,0,188,29,35,92,58,0,51,64,181,161,50,184,618,0,0,151,84,45,59,273,201,36,36,58,101,95,42,0,44,0,23,667,0,0,104,51,0,109,0,0,28,68,0,116,33,97,0,28,31,64,0,0,87,133,86,0,73,0,62,75,18,107,135,73,0,48,59,387,41,129,0,0,21,150,36,250,221,96,140,57,49,97,0,0,81,0,0,136,174,30,125,123,0,54,32,118,148,0,0,0,77,0,0,66,0,0,31,675,72,69,0,0,518,133,116,30,302,0,117,41,337,0,0,0,358,68,454,95,81,0,0,0,133,67,97,0,107,63,0,0,99,125,22,61,0,76,0,43,38,113,73,0,0,122,39,0,0,141,39,0,99,220,0,74,0,42,0,31,46,51,317,440,71,45,123,0,32,88,0,68,247,0,42,66,0,49,155,0,0,0,409,33,331,48,48,39,37,217,173,98,165,0,60,222,102,394,23,59,0,208,22,160,96,49,111,184,71,0,60,0,0,0,40,0,44,347,138,70,0,0,0,26,49,165,0,1095,0,79,147,0,0,56,103,0,121,95,0,113,33,33,98,104,215,0,241,108,76,0,0,127,64,79,37,144,0,0,610,0,74,48,97,141,341,208,58,150,49,86,0,22,44,153,280,80,91,294,55,58,0,0,46,0,54,70,83,0,0,29,172,99,40,116,82,31,55,0,30,0,140,44,116,139,513,42,79,0,76,43,700,99,103,106,245,0,85,144,0,40,56,390,138,47,0,189,30,99,0,85,0,98,98,248,35,33,30,295,113,98,148,234,61,0,0,77,298,0,0,117,179,0,0,82,27,160,479,0,145,105,0,0,525,43,0,413,96,0,0,28,72,60,0,521,82,89,0,0,50,74,26,36,167,76,234,140,67,70,104,124,73,525,172,158,0,0,77,0,495,33,110,174,419,38,39,442,53,158,0,187,194,131,29,0,42,106,423,138,328,143,46,0,106,51,0,0,27,0,0,160,0,258,0,42,277,0,0,0,0,0,175,50,0,249,60,197,89,0,44,353,71,37,0,0,341,652,0,63,0,74,58,0,111,139,238,552,115,92,189,139,0,68,0,51,178,0,309,0,79,41,151,85,104,173,0,50,226,0,264,0,146,0,54,0,0,0,0,51,185,20,0,102,342,91,77,31,584,41,0,0,0,0,0,471,99,93,157,804,44,0,86,50,0,115,135,82,75,64,136,34,87,141,0,100,530,51,60,55,0,34,150,68,79,70,269,107,0,124,203,192,85,196,126,63,0,46,0,114,42,102,57,41,104,219,59,0,58,0,157,316,51,0,77,0,87,121,96,125,118,0,0,0,0,56,51,83,547,64,224,89,0,0,0,0,54,46,53,17,191,0,250,148,76,0,93,88,81,83,0,0,61,49,118,0,89,0,0,466,374,0,77,84,57,48,0,30,161,0,363,120,223,0,24,89,76,128,207,0,63,103,0,49,91,236,58,58,93,0,107,43,46,66,236,76,126,276,0,0,322,0,0,0,108,104,0,192,49,0,272,196,0,54,160,0,0,485,0,300,56,83,0,69,186,119,57,0,87,17,93,109,89,354,38,25,0,0,545,0,132,754,0,99,0,59,92,57,53,26,127,141,88,210,226,74,0,0,149,127,67,69,94,0,0,0,64,88,0,150,0,52,151,38,0,159,38,0,259,60,195,35,109,0,54,39,0,0,0,73,0,255,113,0,164,600,0,0,0,49,233,0,85,66,124,462,0,134,40,0,37,0,0,119,59,93,165,283,277,122,0,44,0,92,75,0,0,42,148,58,88,69,171,0,391,0,0,38,76,0,43,133,104,280,35,86,0,83,0,109,0,0,775,89,60,575,0,0,68,124,0,116,0,0,0,121,116,163,105,0,492,60,0,0,0,0,46,283,65,0,0,65,0,36,881,28,44,292,166,175,29,497,58,285,50,0,136,134,0,0,155,34,0,59,55,306,67,233,109,58,54,49,0,0,1167,37,0,0,0,904,0,59,113,552,157,0,57,69,167,99,38,0,128,0,29,80,0,358,146,460,108,234,354,37,0,131,140,0,0,79,153,0,555,267,51,35,23,112,94,80,105,96,83,145,422,118,55,187,31,72,110,52,72,51,0,0,0,38,55,95,27,877,70,14,186,0,0,122,370,0,67,172,256,55,80,0,94,80,73,42,0,65,974,88,33,30,140,38,78,0,140,465,104,95,197,81,256,43,40,263,76,0,0,60,55,30,39,210,226,0,68,0,0,88,54,39,155,51,0,551,0,0,381,56,37,53,57,170,138,226,81,68,32,70,79,30,59,198,101,0,0,217,225,81,95,33,203,338,175,270,45,46,785,110,612,0,409,112,184,146,342,0,79,214,57,120,84,48,58,77,347,0,254,42,53,61,0,376,0,49,119,525,45,0,404,26,0,48,107,0,75,122,118,29,1185,45,823,143,218,15,143,169,29,97,196,338,91,120,0,0,112,124,53,120,80,90,178,0,142,196,385,0,84,59,31,200,0,0,52,0,33,0,87,622,351,49,177,0,0,65,107,61,115,50,82,221,41,48,10,52,125,198,0,0,72,139,45,62,76,234,0,0,197,176,0,45,447,93,73,195,137,253,241,121,0,80,0,0,0,121,33,82,80,0,77,235,0,0,0,334,0,234,129,202,92,138,192,164,0,0,1038,153,569,0,121,98,0,140,0,0,64,49,252,223,74,214,147,151,0,80,0,210,86,41,23,45,37,47,0,62,366,218,48,96,0,0,210,93,0,0,110,27,1060,41,147,0,0,47,111,67,159,66,51,102,99,189,220,500,31,0,494,81,164,65,61,121,51,0,0,306,0,109,0,59,0,127,0,24,102,218,52,0,38,78,57,86,91,58,122,0,135,223,649,2483,87,150,52,153,216,73,191,26,156,179,144,59,199,221,162,198,55,55,0,141,104,0,271,145,0,85,113,251,228,34,147,52,247,0,80,0,64,54,55,213,0,965,179,0,554,0,0,154,96,0,147,77,352,0,0,71,160,0,0,193,0,0,129,0,142,40,68,157,154,881,122,0,570,0,295,0,123,0,187,118,24,0,253,52,377,26,0,146,0,208,269,64,36,349,58,281,422,65,49,54,65,35,0,789,216,0,0,97,95,54,68,26,45,67,0,98,99,136,21,0,151,0,0,604,105,81,197,88,115,0,399,0,0,31,0,34,0,50,75,471,0,92,106,376,61,126,71,0,0,155,137,0,22,147,755,56,27,47
134,0,0,56,73,73,97,48,0,114,0,314,31,0,0,278,298,220,65,56,40,293,99,78,92,304,0,31,89,0,0,0,92,0,0,245,127,0,129,241,46,68,53,51,197,0,61,44,350,0,311,67,231,248,30,307,37,18,0,66,0,258,140,105,0,37,193,36,43,0,686,0,59,30,0,201,163,0,360,58,91,0,0,192,256,111,88,0,91,68,353,247,58,165,133,56,78,0,56,53,0,61,51,95,38,35,130,0,176,120,294,76,58,300,289,0,73,261,87,0,214,0,740,57,37,56,79,0,139,117,64,0,644,38,162,189,215,64,107,81,158,88,32,209,0,0,107,45,65,101,0,0,130,89,178,154,42,234,33,242,124,51,0,234,131,201,0,0,325,304,381,316,67,72,33,83,54,65,185,73,67,184,35,130,23,116,0,407,290,0,0,31,112,137,146,35,67,50,0,166,0,84,212,79,452,0,0,59,72,137,154,167,80,146,33,132,100,127,64,50,78,294,100,0,620,0,0,100,453,0,126,43,0,74,41,0,87,165,563,97,0,125,118,62,129,0,87,43,58,38,72,117,608,58,264,0,102,0,0,0,410,152,77,27,68,0,0,406,121,702,43,0,397,632,84,135,147,0,1221,811,78,0,128,259,94,60,100,532,2477,221,125,73,433,29,61,46,17,162,147,52,117,30,152,68,0,271,334,191,43,194,162,986,141,0,0,94,188,409,112,57,51,44,48,63,179,121,48,283,0,73,874,0,88,177,169,57,0,41,55,137,35,124,0,150,291,60,0,35,186,946,229,171,0,437,997,63,113,78,612,191,95,138,329,0,186,413,487,322,151,79,282,101,53,65,144,262,279,0,0,208,117,92,94,0,74,397,157,121,212,0,70,40,713,99,126,55,1188,89,194,555,38,36,281,0,81,80,61,62,76,0,236,0,123,42,0,33,360,253,567,406,31,245,98,80,77,129,243,144,322,48,0,26,83,83,196,20,72,131,69,296,0,50,820,182,348,184,409,132,92,45,39,0,236,0,266,0,115,68,0,65,328,0,199,230,68,70,0,128,0,69,83,0,539,247,65,117,431,681,208,235,235,82,297,264,244,0,0,163,199,431,217,204,52,314,117,155,358,159,395,84,0,171,79,1027,243,163,421,213,91,0,126,39,51,76,0,0,352,109,128,233,197,53,305,368,187,0,61,70,421,36,40,0,39,0,175,92,40,0,0,342,71,172,600,40,58,21,190,82,123,397,182,119,51,84,77,112,0,93,122,45,343,369,0,135,109,515,79,39,22,98,310,303,40,0,51,32,25,233,47,90,257,346,178,38,547,0,481,571,131,0,45,1406,0,95,50,53,0,298,38,58,0,45,131,128,86,527,77,291,59,63,0,112,260,343,179,0,0,54,0,53,0,43,0,100,63,38,136,27,0,187,387,33,51,121,0,93,154,167,80,0,64,0,329,0,23,421,0,78,34,231,240,41,55,157,614,0,219,114,71,374,91,91,177,0,48,194,116,52,18,230,91,116,145,0,450,0,98,189,299,0,87,59,265,45,450,44,146,80,268,0,107,70,106,30,65,69,239,83,568,0,49,91,0,77,117,62,77,78,241,60,40,602,252,0,0,28,0,121,129,0,403,64,99,2960,297,455,61,68,0,0,149,120,0,80,187,0,0,93,525,134,416,108,797,117,0,168,0,0,0,0,84,48,36,0,193,34,0,92,0,69,50,64,88,101,0,93,0,72,0,147,222,152,80,0,41,435,65,0,80,157,402,40,79,41,0,33,178,135,90,404,0,0,113,34,0,70,0,81,87,62,147,44,31,66,697,206,268,108,38,0,102,0,168,407,0,264,0,25,0,83,198,53,367,81,0,61,133,136,0,130,601,0,0,110,0,0,108,47,0,0,0,65,276,40,95,50,0,111,80,59,157,0,214,27,0,0,141,180,105,800,61,0,37,149,0,113,0,0,86,0,0,59,64,45,279,227,58,0,0,0,85,82,270,94,80,83,0,179,0,98,87,150,44,205,247,303,228,83,43,100,112,385,0,238,0,0,58,503,595,371,309,87,129,0,74,540,217,256,241,0,96,267,131,64,50,130,97,87,49,164,145,0,77,84,130,95,106,246,250,0,98,111,62,288,0,241,61,36,32,0,145,0,125,267,93,0,108,84,806,33,95,155,95,223,169,144,69,130,137,628,102,34,0,549,338,67,0,645,136,0,80,345,20,28,124,318,647,94,907,0,2329,228,112,98,49,64,104,30,39,163,101,128,522,0,0,344,131,289,418,254,91,126,0,208,70,248,756,331,167,161,47,53,109,107,57,0,914,176,96,0,55,118,85,55,89,446,0,295,686,124,434,87,101,125,58,61,328,332,130,30,104,0,104,213,747,0,167,244,318,271,0,543,98,145,240,533,1349,180,196,47,172,149,28,530,43,87,84,99,29,110,0,152,27,47,1029,81,0,64,217,106,99,481,105,173,132,135,84,96,26,71,107,38,239,0,48,142,111,51,0,308,72,438,194,244,0,134,1595,108,0,1015,91,320,299,140,181,35,75,108,62,369,0,0,353,666,0,55,62,116,385,34,83,38,112,75,59,0,45,676,168,202,78,78,360,56,299,0,149,210,363,137,58,159,313,629,531,80,168,0,724,87,208,0,108,96,191,0,173,454,132,67,55,52,0,0,65,197,449,59,58,238,74,854,424,0,292,148,67,122,0,83,44,90,99,70,51,68,36,91,0,0,724,46,0,133,55,53,140,167,36,79,105,0,45,110,47,0,117,0,0,300,22,0,108,191,186,0,114,0,0,143,0,74,0,203,127,0,0,0,108,0,37,0,35,36,122,0,68,51,0,109,40,0,95,0,242,24,0,61,0,195,324,88,0,29,21,47,283,73,114,41,222,48,74,0,204,0,34,0,0,0,121,115,72,0,0,33,155,0,40,112,0,421,0,0,45,117,105,67,287,298,56,0,343,0,140,0,0,316,285,0,295,55,0,828,38,99,0,83,83,45,527,0,0,142,111,218,32,41,222,0,0,48,64,19,61,132,0,0,0,59,0,185,0,149,209,0,40,0,0,0,0,79,84,94,0,0,43,1824,271,0,250,41,15,289,213,0,72,171,32,119,79,0,0,128,0,174,63,75,77,280,28,511,73,0,527,0,0,47,54,0,176,135,59,125,146,212,47,319,33,174,0,116,103,0,17,125,0,45,157,80,41,99,69,158,320,51,121,38,101,142,137,107,119,217,84,0,46,0,0,133,0,51,83,0,41,0,294,42,98,54,46,137,0,337,27,196,261,201,0,54,364,11,31,58,0,0,0,38,83,86,24,209,72,100,172,0,83,39,56,115,91,104,0,342,234,101,0,56,75,0,0,110,85,61,126,538,0,0,43,107,94,104,61,62,0,51,0,0,83,451,147,0,89,200,68,385,36,0,169,67,0,238,0,0,0,57,174,0,271,67,0,36,60,0,64,182,35,119,0,445,190,51,0,367,237,86,72,94,77,157,0,82,134,374,0,545,0,86,151,118,34,65,91,162,115,101,154,1649,0,0,521,141,55,71,176,383,0,81,110,0,142,0,0,351,0,0,1156,0,136,166,75,97,226,39,0,41,183,0,226,32,53,0,48,43,189,0,74,385,387,71,35,0,53,124,79,57,334,100,65,63,0,47,392,99,115,63,0,64,212,50,177,214,115,98,54,0,126,38,0,253,130,48,196,339,0,358,267,72,89,105,160,702,43,25,106,161,208,0,155,0,0,0,723,264,59,77,0,334,139,179,80,290,41,71,19,600,0,0,0,543,48,894,240,161,139,0,192,337,96,214,0,308,87,159,0,134,172,0,46,0,136,43,109,0,49,639,0,0,782,57,0,0,181,97,40,96,346,54,109,26,55,0,68,284,177,231,706,162,71,216,0,47,153,0,104,486,0,0,53,0,0,158,44,0,159,407,0,156,78,92,64,35,542,423,353,166,90,0,326,184,434,63,52,75,323,72,296,66,64,227,105,39,0,99,35,0,0,69,0,89,314,91,92,0,0,0,59,38,335,0,1110,0,150,125,24,0,96,135,0,220,105,0,126,0,0,46,80,88,0,263,123,75,83,0,72,68,87,0,153,0,0,366,53,76,34,56,87,422,128,51,230,0,0,0,0,0,321,277,60,111,164,49,62,69,0,43,26,41,88,0,0,51,195,121,188,385,166,90,69,92,31,0,0,132,18,72,45,372,28,60,134,57,0,1118,106,33,133,345,0,132,100,0,73,22,117,161,44,0,0,32,122,0,48,0,0,145,382,0,61,0,251,99,103,235,263,81,0,0,77,158,0,0,105,97,33,0,80,74,170,293,0,77,93,0,26,918,52,41,373,72,66,0,35,76,97,0,254,67,516,0,85,40,56,0,30,270,0,135,171,39,43,303,129,141,689,109,59,0,0,0,0,444,246,55,77,295,0,0,188,111,172,0,236,127,60,0,0,0,104,421,181,116,520,69,0,183,63,35,47,238,0,0,153,0,111,0,65,245,0,24,0,0,93,122,0,0,192,45,289,89,0,57,286,60,0,0,0,323,580,33,35,0,74,49,19,156,63,272,376,157,155,257,185,0,28,0,33,140,97,318,20,36,33,94,144,86,168,4,45,125,0,202,0,129,34,91,17,79,0,29,188,160,0,0,120,757,117,119,0,1268,0,30,0,0,0,0,253,113,110,165,402,28,0,100,37,0,62,62,52,36,0,88,53,173,58,0,74,205,27,153,33,71,0,171,131,261,85,371,41,0,582,190,157,118,140,0,81,0,59,0,54,0,40,121,109,125,256,179,0,37,0,397,129,78,0,0,0,144,198,88,140,250,25,0,0,0,64,99,163,296,237,581,135,0,0,60,0,48,104,27,0,227,136,401,92,212,0,137,216,55,148,0,53,56,35,55,0,32,44,0,499,567,0,136,117,41,144,0,25,55,61,137,63,423,112,0,75,89,346,82,0,150,98,0,30,56,294,40,118,42,0,158,68,35,126,340,84,250,232,44,55,220,52,95,38,255,286,37,144,40,0,213,127,0,71,0,0,0,1195,0,174,59,71,0,55,69,201,94,0,42,0,54,53,50,352,18,74,0,0,332,82,127,294,0,124,0,93,67,42,81,0,126,229,70,161,175,108,0,0,98,49,94,0,62,52,24,55,66,52,0,113,0,92,446,0,0,107,94,0,151,67,110,0,56,0,53,0,48,0,0,79,0,131,255,0,360,305,41,43,0,0,217,0,0,181,89,150,106,244,74,62,136,0,143,127,51,156,212,235,285,162,82,0,0,43,179,58,26,46,177,18,50,51,102,78,1023,60,0,79,60,0,106,209,99,342,0,203,53,98,0,199,0,243,508,36,27,243,0,0,100,79,19,39,42,0,43,220,155,62,185,0,510,178,0,0,0,67,0,174,77,0,0,91,0,37,1933,30,0,892,213,98,33,329,0,482,153,0,437,202,44,0,216,0,0,142,50,330,91,147,120,66,42,56,35,0,719,100,0,0,0,970,0,0,341,315,223,24,0,87,206,181,55,0,456,0,65,139,0,317,210,303,137,95,271,40,59,0,128,0,42,63,146,0,787,452,0,50,47,220,149,0,72,66,99,167,348,172,75,151,97,80,136,49,97,48,78,0,42,55,184,94,0,670,0,0,151,33,0,136,294,23,75,165,324,83,48,0,230,107,70,0,0,101,1478,0,21,0,195,45,99,0,108,287,0,49,280,103,99,32,101,425,55,0,0,0,58,0,42,123,345,0,0,72,0,162,110,74,167,71,0,510,0,45,191,60,108,42,171,255,115,207,97,59,40,95,127,0,115,689,166,0,0,430,216,145,0,30,223,363,78,279,57,32,728,195,488,0,177,117,148,135,299,24,154,92,0,283,115,60,85,39,423,59,118,0,71,84,20,225,0,47,92,772,0,0,287,172,0,74,101,0,114,284,85,71,1129,0,508,90,351,0,47,495,54,166,148,166,155,89,0,0,131,87,0,162,99,59,164,0,128,218,224,0,96,63,36,199,0,24,158,0,147,56,89,358,431,36,132,0,0,138,0,200,124,68,129,260,0,61,0,91,145,174,0,0,123,139,0,68,169,123,59,0,107,129,0,51,325,72,86,217,172,230,158,82,0,73,0,0,0,398,25,159,66,0,85,168,55,45,22,340,0,228,100,381,117,99,94,130,0,0,553,99,498,0,183,141,0,70,44,0,0,122,624,238,43,328,136,356,18,56,0,243,184,0,0,87,64,61,47,65,602,282,65,158,58,0,117,96,0,0,53,59,474,86,69,0,32,36,90,147,169,75,73,160,70,172,232,340,0,39,577,108,287,0,109,68,29,0,52,379,0,192,0,0,0,100,0,0,70,291,33,49,0,63,70,0,153,0,103,0,99,163,1238,1406,115,106,85,245,286,55,152,0,251,164,101,62,123,244,178,85,174,0,0,72,106,0,483,140,0,95,101,120,468,0,134,45,166,27,51,0,64,46,156,357,23,1276,217,0,389,28,0,112,86,0,81,89,667,0,0,61,210,19,0,100,42,0,178,0,269,76,162,210,124,1172,156,0,289,95,243,34,193,0,211,66,0,0,292,0,320,51,71,137,0,160,308,0,87,114,125,387,207,90,36,36,57,0,0,809,257,39,0,68,127,38,68,0,67,0,69,97,100,152,89,0,194,0,0,573,175,122,242,44,165,0,610,50,0,0,0,0,0,0,94,198,0,75,306,250,57,100,43,0,37,94,75,39,0,132,1166,43,53,94
135,0,0,0,0,32,0,47,0,49,0,203,40,0,0,0,468,255,0,0,0,304,17,44,85,195,34,39,57,41,0,0,36,0,47,112,192,14,48,348,254,20,0,0,121,0,73,0,212,0,160,57,189,0,38,98,50,0,0,0,0,60,50,313,0,63,97,51,0,0,163,0,51,56,39,289,44,0,215,62,64,23,56,211,214,97,53,0,0,0,91,68,65,48,118,37,33,0,66,47,0,49,0,88,0,0,0,0,265,0,206,58,138,81,172,50,78,77,0,43,223,48,134,0,49,50,0,0,36,20,245,39,33,0,146,72,184,56,113,65,211,0,152,654,0,0,0,70,99,102,0,0,74,0,66,122,0,217,63,90,279,66,0,139,0,95,37,81,123,161,335,281,0,63,0,0,0,82,221,40,0,258,0,28,0,0,21,755,148,0,0,0,115,80,160,41,129,39,0,63,0,102,106,0,345,0,68,0,0,208,165,194,24,26,0,145,51,0,0,0,175,225,0,0,53,0,0,124,172,0,109,0,28,0,32,0,75,132,257,0,0,55,39,0,0,0,113,0,32,0,0,41,41,88,162,44,0,0,45,54,186,91,83,65,61,0,20,234,83,123,0,0,246,35,42,127,61,0,702,196,89,0,124,107,156,0,39,250,2454,26,0,69,145,0,0,82,0,35,38,0,38,0,105,0,0,397,268,194,0,147,64,1030,80,0,0,0,92,72,84,64,54,0,0,27,185,78,75,186,0,0,708,0,105,124,138,81,0,35,52,27,0,85,0,20,220,0,0,0,123,1095,272,115,0,366,460,0,76,61,462,150,73,58,235,0,72,483,584,217,0,0,212,50,41,0,0,297,46,0,0,127,0,46,55,0,43,467,72,145,168,0,0,55,175,66,64,51,179,100,78,255,0,0,320,0,0,86,0,93,52,64,38,0,121,26,0,0,300,0,355,213,0,191,77,55,47,35,116,0,50,0,0,0,103,40,70,0,0,99,50,204,0,0,269,126,0,207,155,90,0,71,0,0,90,0,163,0,59,81,0,0,63,0,159,101,57,40,0,71,0,0,0,0,156,227,99,0,317,392,98,252,133,55,249,196,0,0,0,141,72,405,200,57,0,140,39,66,167,149,196,71,0,65,0,482,0,134,246,178,66,0,20,38,0,54,0,34,204,42,0,124,137,83,60,461,114,0,0,107,326,28,52,25,0,0,165,91,0,0,0,61,0,145,560,0,35,0,103,0,41,89,126,153,23,93,0,39,40,70,0,58,264,443,0,101,81,181,0,0,0,89,127,252,0,0,8,49,0,183,0,0,169,157,59,0,400,0,152,433,45,0,38,1074,0,99,0,40,0,58,34,24,0,48,0,72,48,231,69,187,0,0,0,0,256,167,55,0,70,110,0,98,0,0,0,40,49,41,73,44,0,223,234,0,27,80,0,0,0,86,0,0,24,0,94,0,0,414,24,35,69,227,247,25,0,98,306,0,88,0,62,240,129,0,47,0,36,145,82,112,30,72,313,38,140,0,314,64,66,85,377,37,20,0,89,98,101,0,53,0,126,0,135,0,0,0,63,0,227,0,399,0,0,91,0,90,216,0,0,184,86,81,28,139,361,0,0,0,0,60,323,108,98,136,165,713,235,267,106,131,0,0,259,83,0,0,89,0,0,65,434,110,254,0,1371,178,0,33,0,0,192,0,0,61,65,0,142,0,41,60,0,0,0,67,39,28,0,142,0,75,0,135,22,153,61,40,0,360,22,0,0,74,155,54,109,0,0,0,81,81,86,312,0,0,60,67,0,0,0,100,0,0,53,99,43,78,285,67,159,83,204,0,64,0,72,266,0,231,0,44,0,83,102,0,207,66,0,28,79,70,0,288,168,0,51,70,56,0,105,81,0,0,0,58,382,33,178,106,0,0,49,0,110,0,99,0,0,0,610,190,73,464,59,56,41,324,42,43,19,0,40,0,0,0,0,29,230,116,41,0,0,0,53,95,137,50,125,99,0,52,0,0,0,90,49,99,138,158,429,0,27,0,62,161,0,26,0,0,0,412,523,252,103,60,0,0,0,239,226,0,146,0,0,108,62,60,0,137,13,25,33,67,0,45,0,0,40,33,83,87,68,16,0,26,0,0,0,35,37,64,0,0,87,0,44,253,0,0,0,0,336,52,79,131,92,0,60,48,30,59,0,68,38,0,0,0,153,29,0,319,0,0,87,272,0,0,50,0,395,57,842,0,739,194,43,28,0,0,26,0,0,70,0,58,168,33,0,33,58,0,153,105,40,132,0,0,0,58,739,102,0,0,33,37,96,78,78,0,291,68,0,0,0,150,0,0,115,176,0,102,360,63,220,0,80,72,0,0,135,0,43,10,0,0,129,44,151,0,105,0,80,234,0,274,68,47,158,115,1106,53,185,47,49,125,0,192,0,0,94,61,16,141,0,71,0,0,492,32,0,0,37,0,0,561,0,58,0,126,50,0,0,0,102,0,120,0,0,122,44,0,0,0,0,394,43,88,0,40,718,0,0,228,0,75,151,0,29,0,0,87,85,123,0,0,0,360,0,0,0,60,159,18,94,37,53,0,0,0,0,515,84,0,45,0,175,63,243,0,75,0,245,0,0,55,130,318,163,47,194,0,264,30,75,0,79,19,218,0,70,91,104,0,0,0,0,29,0,155,146,81,0,171,59,273,127,0,242,56,0,35,0,0,0,0,0,0,165,0,0,0,0,0,490,0,0,0,83,0,34,44,0,76,47,0,0,0,0,0,0,0,0,56,0,0,44,89,0,42,0,0,0,50,0,61,0,0,85,0,57,0,32,0,0,0,0,0,93,0,83,0,0,83,0,37,82,28,0,0,0,0,0,114,146,146,0,0,0,0,244,37,0,0,107,0,32,0,47,37,0,0,0,0,100,32,61,64,0,0,0,29,18,61,0,124,0,0,30,109,30,56,184,66,0,0,0,0,0,0,0,322,80,0,171,0,0,1517,23,28,0,69,36,0,328,0,11,0,0,0,0,100,34,0,0,24,40,0,0,95,0,0,0,97,0,83,0,94,126,0,0,0,0,24,0,43,62,133,0,0,0,221,197,0,135,27,0,41,38,0,0,66,0,189,0,0,0,0,0,447,0,60,90,191,0,105,88,0,192,0,0,0,0,0,227,61,0,0,51,156,0,134,0,141,0,67,103,0,0,104,43,0,74,0,0,0,72,60,84,0,40,91,0,204,147,68,68,91,45,0,73,0,0,215,0,0,58,0,34,0,37,0,53,77,50,88,0,140,0,75,69,0,0,94,55,0,0,72,50,42,0,28,49,67,0,0,36,88,64,0,0,0,0,76,0,0,0,133,120,0,52,29,77,0,0,0,106,0,62,261,0,0,0,129,0,0,94,0,0,49,0,0,57,72,31,0,0,30,49,154,0,72,0,0,0,205,0,0,0,87,67,0,72,80,0,0,40,0,0,79,0,139,0,193,103,0,0,131,193,52,22,195,67,88,0,0,0,367,0,205,0,59,83,67,0,0,0,72,60,0,130,468,0,0,93,0,0,0,188,362,0,46,0,45,0,0,0,145,0,49,498,0,122,50,0,0,69,0,43,44,40,0,261,0,27,0,0,0,165,0,60,119,57,42,0,0,27,0,88,0,88,0,0,29,31,54,477,40,39,66,0,54,0,0,243,110,109,89,0,0,135,0,0,48,58,36,36,98,0,93,235,41,38,0,79,312,0,40,0,92,121,0,50,0,0,0,271,0,38,0,0,241,0,107,0,91,22,0,0,398,0,0,0,442,0,405,85,0,0,0,59,71,0,96,26,31,0,53,69,76,0,0,51,18,64,0,0,25,93,205,0,0,217,0,0,0,47,87,26,49,68,118,0,26,0,0,0,128,69,197,635,95,0,0,0,0,120,0,67,276,0,0,34,0,26,0,0,38,66,136,27,260,0,0,0,0,290,65,109,74,52,36,102,0,95,0,0,14,120,0,137,22,82,0,109,33,0,57,0,37,0,82,0,0,184,98,58,0,0,0,0,35,119,0,213,0,101,105,0,0,40,44,0,109,0,0,88,0,0,98,0,58,0,88,0,56,0,0,0,0,47,0,127,0,0,167,0,76,26,17,58,257,49,24,209,0,0,0,34,0,98,175,0,81,123,0,26,0,0,0,31,0,41,0,0,97,38,49,120,292,78,70,52,0,0,0,0,85,0,30,38,217,0,0,20,49,31,323,49,0,60,0,0,172,70,0,39,0,156,64,81,0,81,0,68,0,0,0,0,0,233,0,0,0,125,75,88,119,76,0,0,0,0,131,0,0,47,71,0,0,0,48,118,172,0,45,109,0,0,625,0,0,306,0,0,0,0,42,0,0,193,0,124,0,91,0,40,0,0,189,0,115,117,32,0,98,57,94,257,0,53,0,41,26,43,181,53,55,57,106,0,0,103,141,173,0,165,110,0,0,0,0,0,238,212,103,332,49,0,84,0,0,0,48,0,0,70,0,95,0,0,123,28,0,0,0,39,114,0,0,199,81,219,152,0,0,240,0,0,0,0,210,597,0,0,0,0,27,0,64,45,130,393,45,79,155,52,0,32,0,0,120,83,131,0,0,30,73,58,53,39,0,0,96,0,123,0,0,0,0,0,72,0,0,144,97,0,0,0,340,76,53,0,961,0,45,0,0,0,0,154,38,41,110,392,17,0,69,0,0,161,66,0,0,0,63,0,86,39,0,0,268,44,123,0,44,39,108,0,52,32,199,0,0,238,119,68,60,77,41,53,0,0,0,67,0,52,0,66,0,209,95,0,0,0,99,113,35,0,52,0,64,95,78,0,132,0,0,0,0,83,68,90,187,94,471,126,0,0,0,0,0,71,0,0,0,65,428,52,87,122,73,150,0,69,0,0,0,0,68,0,34,0,0,184,297,0,89,85,0,0,0,0,0,0,128,0,350,45,53,0,0,229,99,0,86,0,0,0,75,250,0,104,102,0,128,25,0,105,213,0,155,131,26,0,0,41,54,0,105,62,0,44,0,0,186,113,54,44,80,0,0,760,0,166,56,0,44,28,58,56,0,0,0,0,67,12,40,149,0,107,0,0,59,47,69,196,85,43,0,0,0,0,46,0,66,59,84,68,226,58,0,0,0,95,108,0,0,0,0,82,0,28,0,73,0,32,280,0,0,68,44,0,183,101,113,0,27,112,54,0,0,0,0,171,0,0,87,0,163,227,0,0,0,0,102,0,141,105,130,71,55,154,74,0,118,0,58,0,34,20,114,242,160,88,57,0,0,64,0,0,0,0,58,0,0,0,114,91,1043,0,0,27,0,41,50,91,53,0,44,134,0,0,0,0,0,211,351,143,0,134,0,0,109,0,86,53,0,0,0,109,58,0,0,43,0,128,0,0,0,42,0,104,52,0,0,0,0,0,817,0,0,406,86,126,0,93,0,68,60,0,128,56,0,0,84,0,0,48,33,191,22,70,44,0,0,0,0,0,336,63,0,0,0,207,0,0,63,48,150,0,0,25,77,66,0,0,71,0,0,0,0,92,0,0,149,125,152,0,0,0,49,0,49,0,111,0,465,17,0,35,0,115,0,0,77,50,25,0,95,0,0,81,0,0,0,0,75,0,0,0,0,0,106,26,0,208,0,0,52,0,0,0,119,0,33,97,122,10,0,0,111,0,44,18,22,50,262,63,0,0,63,0,0,0,0,45,0,46,0,0,0,0,52,147,0,0,0,0,0,0,0,0,107,0,0,67,0,16,52,66,65,38,41,246,0,0,0,0,30,0,39,282,81,43,0,47,0,0,73,0,65,343,0,0,0,56,120,112,34,30,0,141,71,152,0,0,195,0,296,0,252,0,37,58,193,0,51,0,0,124,36,0,0,0,137,54,113,0,0,0,0,0,0,0,0,259,0,0,90,34,0,0,80,0,75,218,75,52,407,19,262,38,107,0,51,199,0,84,78,176,0,87,0,0,46,87,0,71,0,42,37,0,124,209,257,0,67,52,0,171,0,0,0,0,0,0,0,94,120,0,0,0,0,0,0,97,0,0,0,134,0,0,0,47,154,0,0,0,113,16,0,0,65,112,50,0,86,29,32,0,186,0,0,59,90,181,53,60,0,0,0,0,0,99,0,57,0,0,76,27,50,57,0,272,0,79,99,198,44,0,0,85,0,0,554,62,62,37,198,52,0,35,0,0,59,68,362,197,0,182,108,238,0,107,0,34,29,0,0,0,0,44,0,45,352,282,0,76,0,0,86,66,0,0,0,0,264,124,27,0,0,0,47,100,38,0,0,140,56,42,83,396,0,0,518,65,47,50,0,0,0,0,0,166,0,47,0,62,0,0,0,0,0,48,0,45,0,61,14,0,150,34,42,0,103,231,447,123,50,52,109,184,0,39,213,0,280,72,85,51,0,66,92,122,47,0,0,65,49,0,173,28,0,44,66,92,401,11,0,0,35,0,0,0,46,0,0,170,0,942,83,0,179,0,0,73,0,0,83,73,202,0,0,49,125,0,0,127,0,0,0,0,91,0,0,77,72,821,124,0,249,56,139,52,235,0,97,101,0,0,313,35,68,0,0,152,0,137,183,0,33,195,93,510,167,0,0,0,0,0,0,444,176,0,0,0,0,0,31,0,38,0,0,59,63,102,62,0,74,35,0,167,38,0,199,0,0,0,133,0,0,0,0,0,0,0,84,292,0,96,164,172,35,136,0,0,0,32,81,0,0,37,101,0,36,64
136,0,41,0,120,102,134,101,16,111,0,520,54,0,0,395,177,542,0,67,47,464,122,108,132,242,0,65,130,69,56,0,84,0,67,364,188,34,110,326,301,95,106,41,553,0,131,85,379,0,269,91,258,182,55,292,0,31,0,88,0,358,89,250,79,153,214,72,62,64,564,0,77,85,0,890,315,54,637,68,293,0,106,247,435,67,58,0,185,119,338,126,63,92,281,61,120,0,75,118,0,0,54,324,55,62,119,106,212,117,574,93,182,270,275,135,101,360,103,0,390,68,485,110,0,70,93,80,234,101,400,48,663,0,139,169,211,150,136,125,352,162,136,393,0,0,137,112,144,238,26,0,201,130,208,245,0,236,83,593,200,97,74,320,114,120,86,36,270,484,313,277,117,129,41,151,95,86,272,150,68,290,0,92,72,82,185,1173,721,0,0,0,197,200,219,0,203,64,0,288,80,139,287,83,993,60,90,51,65,193,293,315,101,154,38,322,106,176,47,71,264,385,73,0,624,0,60,236,596,0,153,54,50,93,48,45,82,177,491,139,56,269,83,158,128,0,328,34,136,28,88,113,585,109,308,85,109,0,67,107,699,242,195,88,91,34,0,962,281,1002,0,61,298,608,144,153,159,61,981,702,102,0,298,425,186,101,127,795,3693,164,183,103,218,31,46,120,48,122,210,161,127,0,125,61,55,617,393,259,40,202,183,815,207,34,27,36,190,169,188,100,113,106,0,92,365,316,58,347,15,55,409,0,176,149,115,166,47,0,51,120,44,175,55,38,150,67,0,0,192,1361,221,106,37,348,690,0,178,143,737,307,91,148,278,48,214,505,653,174,158,42,179,48,135,0,86,276,411,0,0,341,178,84,131,67,67,1177,97,203,96,0,69,63,1510,72,136,72,645,122,222,200,0,86,188,23,90,165,33,80,103,70,171,0,185,104,0,0,353,98,368,210,20,286,248,37,187,302,143,71,390,83,33,31,86,47,338,35,96,83,56,214,0,0,689,164,307,140,188,77,56,35,0,0,123,0,188,62,104,87,0,51,526,95,158,274,43,70,64,112,80,38,70,117,159,194,0,109,120,411,474,207,116,70,313,372,297,0,0,195,278,399,278,120,76,379,95,167,230,225,397,0,0,458,27,1137,127,111,640,181,0,0,85,82,0,103,55,30,224,154,193,106,148,119,579,469,179,35,121,132,340,28,75,38,0,32,201,134,39,0,0,118,92,366,540,87,39,0,224,41,0,754,155,218,32,132,163,86,61,61,216,93,225,629,0,81,71,553,91,36,0,57,425,308,65,0,97,50,0,267,69,155,177,337,111,0,335,0,261,465,57,51,113,1367,0,230,32,0,0,326,35,127,31,65,224,241,170,503,33,349,43,39,43,44,347,638,107,36,63,148,42,121,35,0,0,0,96,0,148,0,0,339,614,84,67,131,78,149,97,176,98,0,56,59,121,22,42,217,39,32,57,161,252,0,57,95,622,0,112,72,77,557,127,59,197,0,61,100,81,126,35,234,179,69,217,0,574,69,82,231,454,29,0,86,181,73,445,0,144,115,459,0,263,142,67,0,123,84,282,99,1234,0,54,59,0,105,165,43,62,97,346,104,109,436,355,0,0,0,25,106,147,0,303,166,218,1868,266,562,148,130,0,0,114,145,66,75,66,0,50,67,440,192,483,120,983,160,0,108,0,0,0,0,97,54,59,44,536,40,0,96,0,93,39,147,112,193,0,110,0,41,34,203,173,347,0,42,75,323,60,91,140,173,266,51,109,0,0,29,200,67,233,522,0,0,154,60,0,101,0,149,89,62,261,60,53,105,533,218,486,132,91,29,172,27,161,562,0,299,59,0,45,81,250,56,385,104,37,146,204,150,0,317,309,0,0,141,27,0,102,100,0,0,0,144,468,0,261,96,0,79,83,140,276,0,100,48,41,29,402,241,206,740,127,50,38,146,0,131,43,0,85,0,0,48,77,61,149,402,34,38,0,73,68,67,176,118,91,47,0,103,0,41,48,89,53,274,407,337,385,105,0,73,151,626,0,50,0,64,64,334,309,582,173,70,160,0,97,1385,156,46,232,0,165,325,97,23,86,165,154,62,112,184,0,71,86,0,106,100,101,230,227,42,57,171,61,207,31,288,28,71,94,155,189,0,123,279,90,0,122,56,809,49,91,160,89,84,282,171,0,355,126,478,54,145,41,243,166,93,0,630,67,0,108,245,0,34,243,83,841,137,978,64,1918,183,95,100,103,34,83,0,37,138,178,0,246,35,43,303,118,62,1125,184,96,88,0,158,62,596,1013,510,114,141,0,95,80,42,91,0,388,300,118,30,43,144,71,83,73,439,0,246,2683,165,339,136,380,222,0,70,394,222,155,49,140,0,129,142,456,0,206,181,268,169,0,743,169,181,146,928,737,367,658,22,206,214,81,260,52,55,60,125,45,86,0,245,0,119,820,57,59,46,229,81,125,348,78,384,116,117,122,110,0,56,132,100,364,0,0,155,121,47,0,68,81,269,130,415,81,172,799,185,0,729,111,286,274,76,139,0,79,266,120,430,0,0,180,797,0,60,0,372,289,0,123,29,69,53,77,87,74,329,191,120,192,129,222,170,409,0,77,60,449,60,98,87,534,273,451,233,206,45,327,155,280,42,51,112,411,44,232,430,418,67,118,60,0,38,118,570,920,81,47,251,52,827,305,0,450,84,35,94,0,116,47,167,109,289,233,60,0,122,30,0,723,48,56,143,513,0,187,61,21,152,79,41,30,96,0,49,130,0,48,469,0,24,127,448,122,96,176,24,58,316,53,223,0,112,119,0,58,0,151,30,76,0,0,0,131,0,142,67,0,155,39,89,217,0,150,31,26,139,65,209,393,450,0,80,0,140,229,48,99,0,182,190,38,43,220,76,0,64,124,46,171,98,61,188,20,39,153,69,21,156,39,300,54,0,93,94,161,136,252,182,40,56,152,0,187,120,0,454,192,79,302,0,0,3851,88,252,23,60,61,66,486,0,54,240,83,197,55,207,297,44,30,83,85,50,62,440,60,80,56,174,61,316,0,111,86,104,74,0,79,107,99,63,58,384,24,0,47,1368,534,49,419,76,84,179,141,50,59,177,0,375,36,90,162,91,34,390,24,146,134,611,0,643,528,0,559,37,0,0,62,0,587,205,43,298,193,250,111,359,68,352,0,176,353,0,69,214,269,77,90,172,0,161,183,286,310,141,195,149,38,785,84,193,65,333,127,79,640,33,0,337,0,30,331,0,79,44,176,64,71,555,139,104,0,133,138,141,248,386,0,529,240,51,34,161,152,72,48,35,89,187,72,168,178,151,386,90,159,44,47,324,75,214,0,915,385,279,95,46,113,0,0,123,173,47,220,695,37,0,89,151,29,68,98,0,41,125,0,0,130,612,160,0,114,257,138,225,60,152,212,49,51,450,0,52,0,176,124,32,111,152,54,18,57,0,0,196,50,219,0,382,184,96,30,325,422,57,53,211,136,191,0,53,129,420,0,642,49,31,156,284,0,60,84,444,133,121,281,1151,17,0,362,138,39,150,258,416,0,199,136,104,117,49,22,188,0,0,918,0,133,112,76,59,155,45,71,90,225,29,280,46,87,0,48,69,141,0,103,311,643,125,0,96,212,107,148,38,269,210,129,68,60,105,814,92,71,86,59,61,189,0,246,278,187,201,148,69,286,42,40,194,129,93,220,266,74,309,348,125,133,0,129,336,56,0,132,175,365,51,154,31,0,21,876,151,104,57,31,561,171,157,83,261,37,227,0,524,0,45,0,379,59,757,172,203,89,42,150,355,118,276,62,330,109,147,157,148,298,47,107,0,200,54,140,39,125,511,0,0,492,91,0,36,203,189,54,80,472,140,91,46,0,72,80,110,116,520,860,83,212,164,0,0,99,0,111,625,0,34,73,32,52,405,38,31,195,640,69,236,61,111,59,58,332,461,281,277,59,77,517,197,1175,71,50,52,355,0,235,108,85,147,218,65,0,89,27,63,0,101,67,75,885,159,67,0,0,0,0,41,255,0,1186,0,109,220,0,63,147,129,0,360,118,0,186,76,48,98,87,64,55,223,124,85,0,18,77,79,103,53,180,0,37,350,41,134,57,187,66,430,264,0,325,61,71,54,32,81,194,364,107,116,126,65,92,34,0,51,0,43,57,42,0,100,58,305,155,284,114,140,77,130,61,23,24,121,73,60,91,508,147,42,80,73,90,737,136,134,109,408,31,558,148,31,87,68,170,112,83,37,260,55,152,35,79,0,147,187,383,45,74,16,295,170,112,169,405,143,0,0,113,262,0,0,179,127,0,0,76,59,267,178,82,126,0,0,0,703,93,71,592,123,61,0,53,135,103,0,257,127,370,0,157,52,102,0,33,164,78,191,290,52,89,121,233,179,758,299,160,0,37,68,186,348,169,75,138,378,0,0,208,91,409,0,379,221,47,0,0,0,163,366,283,191,473,91,0,156,62,0,70,80,0,40,137,0,281,0,126,194,60,0,0,0,45,176,0,68,248,67,456,187,42,97,574,77,36,20,49,382,957,37,88,15,0,74,0,279,83,281,474,186,94,224,241,0,60,0,0,157,179,290,0,0,32,159,211,109,171,0,37,225,30,240,0,213,23,163,0,129,0,30,159,134,54,0,73,506,190,127,0,776,0,43,0,0,0,14,413,102,96,227,743,40,0,150,48,0,134,122,135,0,45,228,62,122,91,0,392,641,132,55,46,0,37,111,101,393,168,564,148,0,883,204,395,106,173,151,200,61,55,0,66,0,98,102,76,169,193,81,101,63,0,170,323,48,0,133,0,138,275,61,265,195,0,18,46,0,84,74,58,584,410,281,232,0,43,0,46,116,106,51,0,208,439,459,70,356,116,179,126,65,95,0,93,133,132,98,51,41,189,0,934,460,41,52,146,67,58,0,49,123,75,390,203,456,124,34,212,123,329,367,0,413,231,99,159,36,316,57,113,48,0,125,128,21,95,324,89,593,284,45,147,234,96,41,73,197,104,0,234,54,0,156,96,60,69,213,53,0,396,32,166,0,53,76,75,119,231,25,50,104,67,56,58,140,358,0,85,0,112,992,136,121,745,72,100,15,0,72,0,73,0,106,226,332,662,186,140,23,0,153,0,124,83,301,26,41,89,190,87,0,442,130,81,157,29,0,188,224,0,137,0,585,46,60,93,125,65,34,0,0,115,39,202,281,24,375,742,37,0,0,70,536,0,142,164,70,459,141,142,160,90,207,41,199,215,75,176,173,169,101,206,330,58,43,306,159,79,0,80,91,41,51,142,368,42,574,111,0,99,187,42,257,294,76,751,70,172,34,75,0,99,27,289,1032,132,0,506,0,0,145,76,90,159,45,0,0,153,173,153,163,37,549,87,0,0,0,103,0,108,29,34,58,69,0,126,1800,68,40,1112,146,144,0,197,44,256,224,0,392,98,29,72,281,0,0,187,37,190,117,78,102,89,98,18,0,0,773,209,37,0,0,875,0,313,307,396,360,0,0,67,171,151,26,0,383,0,66,116,67,283,170,219,407,155,96,55,44,127,78,38,145,0,86,93,1651,319,81,59,58,301,130,38,113,168,97,284,143,152,84,152,86,53,91,89,108,119,48,0,79,303,185,88,97,390,58,0,336,0,0,104,508,0,16,119,439,40,35,0,223,52,0,32,63,211,602,349,0,0,286,0,60,31,56,167,82,101,290,62,192,48,185,508,0,0,51,34,69,61,52,121,224,141,89,111,0,80,178,179,46,98,97,380,0,65,284,29,152,123,180,775,189,119,56,215,102,60,65,72,255,1196,179,0,0,332,191,175,233,69,183,286,113,261,27,75,510,97,1062,95,243,174,353,41,650,25,199,211,0,375,79,111,76,55,501,180,181,29,37,57,0,589,0,35,43,440,23,85,498,128,235,69,859,38,133,606,114,137,532,90,308,81,353,48,94,579,0,246,101,274,116,242,0,56,186,246,0,82,155,57,117,0,392,310,319,39,119,192,28,183,0,0,153,82,170,48,62,405,333,60,64,0,40,128,41,245,638,82,95,197,0,45,37,34,444,350,0,47,225,157,51,78,107,351,96,0,199,144,64,87,653,105,189,333,318,291,328,88,0,100,0,0,60,564,39,95,48,0,121,253,95,60,0,867,51,235,204,268,173,172,106,297,0,0,987,95,688,127,135,55,0,182,75,0,168,203,821,176,100,328,121,589,47,120,0,434,115,73,43,122,88,118,105,114,454,242,93,157,0,0,210,139,0,0,51,26,1259,97,136,0,43,67,59,280,141,137,92,153,144,256,564,275,39,97,471,122,414,68,202,162,84,23,106,95,0,213,0,188,65,99,0,0,103,516,99,49,120,56,112,121,179,64,92,0,117,289,1655,1141,69,242,246,357,292,108,355,59,148,179,172,54,359,340,326,139,211,75,17,110,148,0,215,112,51,158,132,141,1068,56,158,60,331,103,62,0,0,42,120,392,21,1274,501,0,226,0,0,258,125,0,207,137,681,37,0,79,320,0,34,170,56,0,323,0,387,35,121,303,212,1935,194,0,508,157,558,108,260,36,276,276,32,37,557,73,490,46,51,400,19,465,99,0,102,226,89,444,544,132,103,94,58,65,33,1347,246,53,0,99,103,57,107,31,142,62,81,171,225,194,80,0,228,42,0,1011,217,149,160,52,228,56,1041,44,0,44,0,0,0,35,276,538,0,126,271,217,53,388,59,0,0,184,137,90,0,153,727,103,105,109
137,0,0,0,0,0,0,0,0,0,0,0,0,0,0,48,0,76,0,0,0,132,0,0,0,51,0,0,33,0,0,0,0,0,0,0,0,0,0,0,0,0,0,0,0,0,0,0,59,0,0,0,54,0,0,0,0,0,0,0,0,69,0,26,0,0,0,0,0,0,0,0,0,24,0,106,32,0,38,0,0,0,0,0,0,0,0,0,0,0,0,0,0,0,43,0,27,0,0,0,0,0,0,0,0,0,0,0,0,0,164,0,32,39,0,0,55,0,0,0,0,0,94,0,0,0,0,0,0,0,0,0,91,0,16,0,63,0,63,0,118,0,0,0,0,0,0,0,0,0,0,0,40,31,0,0,0,32,11,53,0,0,0,0,0,0,0,0,48,81,156,62,0,0,0,0,0,61,57,0,0,0,0,0,0,0,0,123,0,0,0,0,0,0,0,0,0,0,0,0,0,0,0,0,132,0,0,0,0,0,0,93,0,32,0,63,0,0,0,0,54,64,0,0,85,0,0,0,104,0,0,0,0,0,0,0,0,0,87,0,0,25,0,0,18,0,0,0,28,0,0,0,66,0,0,0,0,0,0,0,71,0,47,0,41,0,0,79,0,162,0,0,42,142,0,37,0,0,0,50,0,0,65,78,0,0,0,176,649,0,37,0,0,0,0,0,0,0,0,0,0,0,58,0,0,0,78,55,0,38,0,313,0,0,0,0,0,50,0,0,0,0,0,0,27,0,0,95,0,0,162,0,0,0,75,0,0,0,0,0,0,0,0,0,70,0,0,0,22,188,62,0,0,39,26,0,20,0,0,84,48,47,0,0,56,66,111,0,0,0,41,0,0,0,0,31,76,0,0,95,0,0,0,0,0,39,0,0,62,0,0,0,0,0,0,0,149,0,0,0,0,0,29,0,0,0,0,0,32,0,27,0,0,0,0,0,56,0,163,0,0,26,0,0,35,18,47,0,33,0,0,0,0,0,0,0,0,54,0,0,0,0,79,0,0,49,68,0,0,0,0,0,72,0,0,0,0,0,0,0,0,0,63,97,0,0,0,0,0,0,0,0,34,65,0,0,111,43,42,84,0,0,53,74,60,0,0,0,0,79,63,0,0,155,0,0,0,52,32,0,0,55,0,289,0,63,66,23,0,0,0,0,0,0,0,0,51,0,38,0,0,0,0,78,56,0,0,0,108,0,0,0,0,0,0,0,0,0,0,28,0,0,187,0,0,0,51,0,0,57,51,0,0,0,21,0,0,0,0,0,81,123,0,0,0,77,0,0,0,0,79,0,0,0,0,0,0,56,0,0,58,48,44,0,190,0,92,100,0,0,0,157,0,13,0,0,0,58,0,0,0,0,35,0,0,121,0,41,0,0,0,0,81,87,0,0,0,0,0,0,0,0,0,0,0,0,0,0,0,90,0,0,0,0,0,0,0,0,0,0,0,0,0,0,0,193,0,41,0,0,38,0,0,29,84,0,31,0,0,65,47,0,0,0,0,0,0,0,0,43,113,0,0,0,0,0,0,44,0,0,0,0,44,0,105,0,0,0,0,0,87,0,0,0,0,23,0,0,115,0,0,0,0,0,0,0,0,0,0,0,0,130,0,0,0,0,0,0,0,34,0,0,71,385,0,102,0,0,0,0,52,0,0,0,0,0,0,38,136,0,104,0,0,0,0,0,0,0,0,0,0,0,0,0,30,0,0,22,0,0,0,0,0,43,0,0,0,0,0,0,35,25,0,0,0,212,0,0,0,0,79,0,0,0,0,0,0,52,52,72,0,0,0,0,0,0,0,0,0,0,0,0,0,0,176,47,41,0,56,0,0,0,58,0,0,53,0,0,0,0,0,0,38,0,0,0,0,0,0,91,106,0,0,0,0,0,53,0,0,0,0,0,63,0,54,0,0,0,0,0,0,0,0,0,0,0,233,27,0,159,0,0,0,0,0,0,0,0,0,0,0,0,0,0,27,57,0,0,0,0,0,0,50,0,0,0,0,0,0,0,0,76,0,0,46,84,0,0,0,0,0,0,0,0,0,0,0,0,0,82,0,0,0,0,0,83,0,0,35,0,0,0,0,0,0,43,36,0,0,0,0,0,0,0,0,0,31,0,130,0,0,65,0,0,0,0,0,0,0,0,0,0,47,34,0,0,58,0,63,0,0,28,0,48,83,56,0,40,49,82,0,0,0,210,0,49,0,0,0,0,0,33,0,0,68,0,90,0,164,0,112,0,0,0,0,0,0,0,0,0,42,0,0,0,0,136,0,0,95,0,0,0,0,56,0,66,311,0,0,73,0,0,0,0,0,0,0,0,40,0,0,56,0,0,0,41,0,105,250,0,0,0,0,0,0,0,112,0,0,0,35,0,42,0,56,0,0,29,0,0,0,82,45,0,0,0,63,102,97,0,57,0,0,0,0,0,0,0,0,0,0,0,0,19,64,0,0,0,0,0,19,53,0,0,0,0,0,61,0,0,0,0,58,0,17,0,0,0,0,0,0,0,57,45,0,0,0,0,0,170,0,49,85,0,0,0,0,45,0,77,0,0,141,0,0,0,0,0,0,0,0,0,0,0,0,0,0,0,0,26,0,0,0,31,32,0,0,0,0,0,0,0,0,0,50,0,0,0,0,37,31,0,0,0,89,0,0,0,60,0,33,0,0,0,32,62,222,0,0,45,0,144,70,0,95,0,0,0,0,0,0,0,44,0,0,0,0,0,0,0,51,0,0,33,0,0,24,0,0,0,0,0,0,0,0,0,0,0,0,82,0,0,0,0,0,0,0,0,0,0,0,62,0,0,0,0,0,0,47,0,0,0,0,0,0,0,26,0,0,0,0,0,0,0,50,0,0,0,0,0,113,54,0,0,0,0,0,0,0,0,0,0,0,0,0,0,0,0,0,0,0,0,0,0,0,0,0,0,0,0,0,82,0,0,0,0,0,0,27,41,0,0,0,0,35,0,0,133,0,0,31,0,0,200,0,18,0,0,22,0,0,0,0,0,0,28,0,51,0,0,0,0,0,0,0,52,0,0,0,0,0,35,0,0,0,0,0,0,0,0,0,0,0,63,0,0,0,0,136,0,53,0,24,0,0,0,0,0,0,0,0,0,0,0,0,67,0,0,0,129,0,136,0,0,64,0,0,0,0,0,0,0,0,0,0,0,0,112,0,74,0,0,17,0,0,40,0,0,35,0,0,0,53,0,51,0,0,0,0,136,0,0,0,0,0,0,0,0,0,97,0,0,0,0,0,0,0,0,0,0,0,0,0,44,0,0,75,0,0,0,0,0,0,28,0,0,0,0,0,65,0,0,0,34,0,0,0,0,0,0,0,0,0,0,98,0,0,0,0,0,0,0,0,0,59,0,0,0,0,0,0,40,0,0,0,0,0,0,0,55,37,0,0,0,0,119,0,0,0,0,0,0,0,0,0,0,0,0,63,0,0,0,0,0,0,0,0,0,0,41,0,0,0,66,56,0,24,0,88,0,0,0,0,0,0,219,0,0,0,0,0,0,38,0,0,0,0,121,0,0,66,0,0,16,0,0,0,0,0,0,0,0,0,120,0,0,232,0,87,0,0,38,0,0,0,0,0,0,0,0,0,0,0,0,0,0,0,102,43,0,0,0,0,0,0,0,0,45,0,0,0,0,0,0,0,57,0,0,0,0,0,42,0,0,0,0,0,0,0,0,0,0,0,0,0,0,176,41,0,24,0,278,0,0,0,0,56,0,0,0,0,0,75,0,0,0,0,0,0,0,0,0,0,0,0,0,0,0,0,413,0,157,0,0,0,0,38,48,0,85,0,0,0,26,0,0,65,0,0,0,0,0,0,0,0,107,0,0,284,0,0,0,58,0,0,0,41,0,0,0,0,0,0,180,57,0,63,84,32,0,0,0,0,0,72,0,0,0,0,0,0,0,0,0,0,32,0,0,0,0,0,0,0,67,25,0,0,0,150,0,85,0,0,0,25,0,0,0,0,0,0,0,0,0,0,28,0,0,0,0,47,0,47,0,0,0,0,0,0,0,44,0,0,0,0,0,0,0,0,71,0,0,74,0,0,0,0,34,0,39,0,0,0,0,0,27,39,0,0,0,0,51,0,0,0,0,0,149,65,0,64,0,0,0,0,0,0,121,0,0,48,0,0,0,0,0,0,0,0,0,0,0,0,55,0,60,34,0,11,0,0,0,0,0,0,0,45,112,0,18,0,0,0,153,43,0,0,69,0,132,0,0,0,0,110,0,0,0,49,0,0,0,0,0,0,0,26,0,0,0,0,0,0,41,0,44,0,0,0,66,0,0,49,0,0,0,0,0,84,54,0,0,0,0,0,75,0,0,111,0,0,0,0,0,0,0,146,24,23,0,0,0,0,0,0,0,0,48,0,0,0,58,0,0,267,39,0,0,0,0,0,51,0,0,11,66,0,0,45,0,0,0,0,0,0,0,0,0,0,34,0,32,0,0,0,0,0,0,0,18,0,0,0,0,0,0,0,61,0,0,0,0,0,0,0,0,0,0,0,0,0,0,0,0,0,0,0,136,115,0,0,0,37,0,0,88,0,0,0,0,0,0,62,0,0,0,0,0,0,45,0,0,0,0,39,0,0,0,0,35,0,0,0,66,0,0,0,0,0,0,0,52,0,0,0,70,43,32,0,37,0,0,0,0,0,0,62,0,0,0,83,0,0,0,0,0,0,70,0,0,0,0,0,64,0,0,40,0,0,0,0,0,0,33,0,0,0,0,32,0,36,0,0,0,0,62,0,0,0,0,0,0,0,37,0,0,87,0,0,0,0,70,0,0,0,0,0,52,0,0,0,38,0,0,0,0,31,0,0,0,0,0,24,0,0,0,0,0,0,29,0,35,96,170,0,0,51,0,72,0,0,0,0,0,0,0,0,0,0,0,16,180,0,0,23,0,21,0,0,57,0,0,0,91,0,25,54,37,112,82,0,92,0,0,0,0,49,0,0,0,0,61,0,0,0,68,17,31,52,0,0,61,0,0,0,55,40,0,92,0,0,0,0,0,0,0,0,0,118,0,48,0,0,0,0,0,90,0,0,0,0,0,0,0,0,0,0,0,0,177,0,21,228,0,0,0,0,0,0,0,0,0,72,0,46,95,0,0,0,31,0,0,42,0,0,0,0,0,0,0,0,0,25,34,0,0,0,54,0,0,32,0,0,0,0,0,0,0,0,0,37,0,46,0,0,84,100,0,0,0,0,0,0,61,66,0,170,60,48,40,0,0,0,0,59,0,59,0,21,55,52,65,0,0,0,32,0,0,0,79,0,0,0,0,0,301,0,0,0,0,0,45,131,0,129,0,0,0,0,0,46,0,62,161,43,0,103,0,0,0,52,0,0,0,0,0,36,41,0,41,0,137,0,0,0,0,0,0,97,0,0,0,0,0,0,813,0,0,254,0,0,0,152,0,58,0,0,194,0,0,0,73,0,0,0,0,0,0,61,0,0,0,0,0,0,191,49,0,0,0,119,0,0,0,0,106,0,0,0,0,67,0,0,0,0,0,0,0,45,0,91,0,0,0,0,0,0,0,0,0,0,0,0,297,33,0,0,0,55,0,0,43,45,0,0,0,68,0,0,0,0,20,0,0,0,0,0,0,0,57,0,0,248,0,0,0,0,0,0,0,0,0,0,39,0,0,0,76,0,0,0,0,0,108,39,0,0,95,0,0,0,0,62,0,30,0,0,0,0,39,77,0,0,0,0,29,0,0,0,0,0,0,0,0,0,36,32,0,0,0,55,0,0,0,0,0,0,28,96,49,0,0,0,0,0,0,0,34,153,0,0,0,0,0,0,45,0,51,0,0,0,0,0,59,0,289,0,38,44,0,0,223,0,0,0,0,0,0,0,0,0,37,0,0,0,0,0,0,64,0,0,0,123,0,0,0,0,0,0,73,0,33,59,0,0,85,0,48,0,41,0,0,0,0,60,0,0,0,63,0,0,21,48,0,0,0,0,0,0,63,60,31,0,0,0,0,0,0,0,17,0,0,0,0,0,0,0,0,0,0,40,0,45,42,0,0,25,0,0,0,0,0,67,0,0,0,0,0,0,0,0,0,0,0,27,0,0,71,11,0,38,0,0,0,0,0,0,0,0,0,0,0,0,0,0,41,0,0,0,0,140,0,0,0,0,26,45,56,33,0,0,82,0,66,0,0,24,0,0,0,0,0,0,174,0,0,0,0,0,0,0,0,78,0,0,0,0,0,0,0,0,94,63,0,0,0,0,55,0,0,0,0,0,110,0,0,0,0,0,0,0,0,0,0,30,0,0,41,0,0,0,98,0,0,0,0,0,0,0,0,0,0,0,0,0,0,0,0,0,0,69,0,0,0,0,0,0,32,0,0,0,0,0,257,351,0,20,0,51,88,0,0,0,0,0,0,0,22,57,0,0,0,0,0,0,0,0,114,0,0,0,0,0,74,0,47,0,0,0,0,0,0,0,0,104,0,0,0,0,0,0,0,0,0,0,0,0,75,0,0,0,77,0,0,0,0,0,39,0,0,0,0,0,0,209,0,0,0,0,36,0,0,0,0,0,0,0,34,0,0,0,0,0,0,80,0,0,0,0,0,0,0,0,0,0,0,0,0,0,0,0,0,0,0,0,0,0,0,0,0,0,25,0,0,0,0,0,0,61,0,20,0,0,0,0,36,0,0,0,0,0,0,0,0,0,0,0,0,0,0,0,0,0,0,0,0,0,0,0,179,0,0,0
138,0,0,0,121,87,0,94,0,134,0,159,44,0,0,293,557,385,34,55,26,253,99,69,85,194,0,0,101,0,0,0,88,0,65,273,151,0,0,180,47,61,70,38,151,0,0,69,458,0,144,78,198,154,18,169,75,0,0,0,0,145,55,229,47,0,155,0,0,62,446,0,67,60,59,77,102,0,402,0,127,0,48,134,240,28,66,23,55,59,181,103,67,60,112,47,65,0,0,72,0,40,53,94,0,49,67,0,124,128,364,86,66,163,206,0,39,145,0,56,301,0,329,0,0,43,0,43,67,30,0,22,313,0,157,129,168,115,37,0,188,60,0,1050,0,0,108,59,0,133,0,32,131,56,62,199,43,155,63,97,164,61,0,84,82,116,38,123,180,259,246,215,66,0,0,51,23,0,162,59,55,180,0,0,0,77,79,437,177,0,0,0,119,67,168,51,180,39,0,115,0,87,149,0,589,0,67,44,0,256,159,199,90,129,41,70,80,100,24,0,295,246,29,0,273,0,0,198,394,0,127,0,0,0,46,0,65,110,202,0,0,92,34,36,54,0,87,0,81,0,56,95,294,125,284,31,0,28,0,54,485,219,34,82,0,0,0,258,237,425,0,0,218,219,112,111,113,0,936,310,85,0,45,215,43,88,66,357,2497,111,110,47,143,43,0,42,0,59,84,37,33,0,222,57,0,65,533,359,57,156,140,804,232,0,0,118,73,222,169,46,39,71,0,37,525,228,91,95,0,29,471,0,65,175,256,0,0,0,66,53,0,181,0,156,153,0,0,0,139,748,302,119,0,584,468,0,75,157,556,171,147,72,189,0,100,429,837,200,77,52,484,56,169,77,101,370,183,0,0,266,76,0,36,130,71,1725,162,98,107,29,73,0,561,59,109,44,445,111,120,236,0,68,338,0,46,74,82,95,81,0,198,0,44,49,0,45,164,72,413,290,32,235,79,0,252,171,155,113,218,0,0,0,81,0,244,39,65,166,0,131,0,33,284,98,299,261,492,92,46,43,0,0,232,0,217,0,45,58,0,0,157,53,87,114,100,58,0,66,45,35,43,56,469,184,96,84,265,197,288,200,199,46,375,169,145,27,28,59,134,500,100,91,0,174,56,69,220,74,216,24,0,254,63,502,146,273,165,285,53,24,145,0,46,70,82,31,204,104,114,154,129,57,167,360,248,0,0,48,645,0,46,0,0,0,225,80,36,0,0,177,36,244,435,63,0,0,92,62,128,520,172,128,39,108,75,78,0,64,74,0,428,1036,0,62,98,298,58,35,0,78,216,370,0,0,62,38,0,367,28,52,250,177,186,0,678,0,318,559,120,0,84,871,0,89,0,0,47,168,54,78,42,0,44,171,105,233,130,112,93,111,0,63,204,368,236,0,59,87,25,66,0,56,0,62,75,48,178,57,0,197,134,0,0,45,28,94,108,104,59,0,32,0,265,0,37,434,0,166,77,342,305,43,0,117,517,0,194,90,93,155,172,59,94,37,71,294,98,77,37,122,382,101,90,0,340,110,76,94,497,27,36,87,176,128,279,68,106,57,113,0,217,77,54,0,104,31,319,46,85,0,43,149,0,127,252,68,88,147,202,85,64,374,194,0,43,30,0,54,233,133,419,89,115,1803,315,273,159,155,0,0,209,0,0,72,193,0,0,72,428,50,239,124,835,134,0,188,45,0,208,0,77,120,86,0,309,0,0,89,0,65,53,150,53,0,0,78,0,106,0,197,305,164,74,0,47,311,77,54,30,72,161,57,122,39,0,0,191,174,225,391,0,0,49,0,0,122,0,86,91,70,55,68,42,0,439,147,174,110,190,0,139,43,273,216,41,465,36,61,0,128,139,0,238,0,39,74,128,55,0,378,399,0,85,80,42,0,105,98,0,0,0,47,283,26,347,103,0,181,101,0,112,29,123,0,0,0,885,225,117,412,38,0,0,249,60,117,0,0,58,0,35,46,29,62,237,165,82,0,0,78,49,115,195,0,118,113,0,176,0,85,58,315,24,213,174,145,314,64,43,106,151,551,0,69,0,64,74,125,236,479,307,80,97,93,0,329,272,110,223,0,221,195,187,69,69,94,139,60,70,134,70,59,46,0,101,107,74,279,228,48,0,181,51,214,45,258,0,33,99,172,38,0,153,88,51,35,110,0,663,41,0,236,84,177,446,220,24,89,107,683,102,70,0,577,77,96,0,558,61,0,63,535,28,55,243,170,856,83,305,0,1594,102,45,120,73,0,89,28,0,181,209,39,160,27,0,334,110,125,255,300,99,122,0,168,74,422,913,359,137,172,31,65,143,86,119,0,212,172,92,16,35,104,98,85,81,312,0,355,1367,134,499,65,275,180,162,74,352,263,60,45,136,0,82,68,459,0,129,151,249,253,0,200,114,174,181,446,1161,354,528,48,371,191,99,178,53,70,64,108,33,198,0,185,0,110,914,0,62,64,88,74,0,567,36,117,183,228,77,97,0,37,80,0,265,0,53,131,103,50,0,90,136,144,190,537,0,138,447,0,47,548,85,209,421,70,58,0,58,345,79,382,0,0,351,420,0,42,0,101,90,0,120,0,113,0,72,0,127,449,270,107,76,170,283,166,327,0,117,65,414,143,0,148,246,326,194,64,156,32,233,132,162,40,97,164,258,38,142,385,482,62,138,61,0,0,142,721,671,51,58,97,0,758,332,0,316,62,79,0,36,159,0,117,95,182,181,83,68,136,61,0,409,0,61,128,222,95,107,181,31,181,102,0,56,137,74,57,83,32,36,319,0,0,82,408,246,123,79,0,0,170,97,202,22,110,214,21,0,0,287,0,61,51,74,58,0,41,229,0,0,137,0,30,176,56,204,52,0,127,46,97,606,355,0,64,38,84,196,49,0,74,100,142,0,42,117,60,0,43,58,0,155,127,121,210,0,0,37,78,0,201,0,284,0,0,101,93,64,151,395,495,94,52,420,75,216,65,43,833,401,87,152,75,23,2581,88,158,0,65,112,75,272,0,78,212,45,181,73,152,152,31,45,61,154,0,92,278,50,53,0,101,51,154,0,125,278,74,52,36,88,92,80,0,54,313,40,0,83,2107,649,47,652,75,100,147,221,77,0,76,42,291,0,51,159,210,0,449,81,150,104,765,0,637,288,0,240,60,0,62,0,0,360,167,124,226,0,406,90,564,38,388,25,98,218,0,27,222,154,138,235,114,0,172,123,130,211,98,323,96,77,1073,141,133,81,298,89,59,258,44,0,541,0,0,298,0,70,48,318,0,147,330,131,94,44,379,92,93,225,321,0,332,144,43,0,202,0,51,53,34,98,163,66,254,220,148,302,63,100,92,78,385,111,147,0,759,637,222,46,0,121,44,25,57,217,66,185,700,50,0,76,409,0,46,154,0,0,30,0,36,163,347,117,0,118,94,49,206,0,0,348,72,102,221,0,33,0,247,221,0,132,109,69,0,94,0,0,350,62,238,0,459,429,57,27,352,139,91,0,245,110,292,0,32,165,629,0,329,35,81,101,230,48,73,108,525,123,85,368,1092,0,0,492,127,27,163,353,193,0,203,75,151,120,66,0,214,0,146,550,0,173,100,73,78,182,0,151,137,79,39,257,53,72,0,41,59,97,0,88,383,512,61,38,112,112,103,111,65,270,234,46,112,69,47,700,79,96,95,56,69,106,44,304,226,69,153,92,73,268,85,60,223,156,139,219,234,74,279,257,178,74,105,141,417,68,0,122,0,488,0,57,0,35,59,800,190,67,54,36,254,250,332,101,211,77,201,0,971,0,70,36,754,81,1172,176,180,55,34,199,159,82,101,96,321,45,166,125,304,330,0,185,0,150,66,134,59,386,504,0,0,586,113,0,42,182,158,58,88,216,134,58,78,31,0,35,179,64,348,876,195,169,162,0,42,109,0,73,277,0,0,0,44,32,263,0,0,158,870,0,600,33,64,55,0,385,357,271,192,60,63,488,94,836,53,54,0,283,48,520,114,53,86,199,0,0,98,0,0,28,155,43,75,845,129,119,0,0,0,61,92,198,0,792,59,232,201,0,54,61,166,0,306,202,41,191,64,46,153,153,183,28,219,127,0,81,0,143,247,155,0,51,39,0,685,0,130,0,119,178,468,513,111,327,134,101,43,61,48,201,450,128,71,522,0,130,136,43,48,0,0,79,80,38,184,125,161,81,342,175,72,122,173,31,0,20,177,84,166,222,674,89,140,71,53,100,741,112,113,199,465,0,347,173,0,71,132,875,183,167,0,272,66,174,0,0,0,106,149,398,0,50,0,383,107,101,102,348,239,51,0,90,505,0,0,184,60,64,0,93,34,328,669,36,178,280,39,0,357,57,53,741,87,34,0,46,127,145,0,1108,200,301,0,108,0,110,28,53,212,67,186,138,0,125,266,146,167,1271,260,167,29,64,143,193,513,121,169,94,787,37,0,338,94,464,91,384,330,96,46,0,79,84,582,198,148,430,76,22,172,64,0,73,196,34,52,309,0,302,24,53,524,46,38,0,0,163,267,85,0,63,80,274,198,53,40,755,61,45,0,31,319,924,51,95,37,102,73,0,318,36,253,367,172,119,189,347,39,98,0,55,240,165,692,23,104,0,193,159,114,157,0,49,242,23,318,26,365,0,87,23,118,0,34,128,352,0,83,135,560,150,136,0,1106,23,47,0,18,0,0,267,167,113,170,516,51,0,110,0,0,248,127,103,54,107,252,0,129,129,42,216,327,0,183,77,69,65,108,42,196,71,411,56,0,613,262,125,145,126,56,81,33,87,48,178,0,95,32,182,40,224,217,0,43,53,266,296,166,0,77,0,86,206,211,92,266,79,0,93,0,119,261,224,244,203,1133,242,0,100,0,0,227,217,53,87,205,306,442,197,184,225,82,401,66,330,0,48,81,85,202,0,113,51,50,256,315,0,180,296,0,128,0,0,77,114,293,121,517,79,95,110,59,853,101,0,341,0,63,83,191,391,68,318,181,0,131,0,62,230,414,37,179,202,44,107,204,127,167,0,184,229,0,171,0,0,580,412,111,58,164,0,0,1425,0,504,220,127,120,60,256,629,62,0,0,81,157,105,94,277,0,187,0,48,152,0,194,964,137,130,0,0,104,36,33,60,115,83,155,342,259,316,0,0,95,197,151,77,123,43,0,148,118,0,0,210,0,40,672,0,0,409,192,0,479,91,193,0,111,163,0,0,0,0,0,224,35,170,272,62,273,616,37,71,0,0,211,41,215,408,273,349,226,420,225,137,303,0,154,107,81,51,247,562,416,559,210,0,20,151,137,49,0,36,128,75,107,0,154,123,1607,82,38,60,44,55,181,769,69,307,107,165,49,87,0,140,0,525,661,224,119,801,0,0,356,114,154,82,94,0,38,224,138,191,90,53,497,249,26,0,0,75,80,252,130,75,56,220,36,124,1572,42,0,1585,154,94,51,358,76,734,257,45,406,246,41,62,270,64,23,384,39,754,194,175,140,77,213,68,54,0,1592,221,52,30,0,592,55,331,474,485,116,0,0,181,138,162,64,0,520,0,150,107,142,516,338,401,114,267,626,0,57,69,86,63,0,95,289,33,789,378,71,81,0,252,160,52,214,112,186,504,553,433,95,113,119,128,144,43,85,80,82,0,0,430,281,177,58,751,63,0,245,71,0,185,430,0,199,90,325,90,85,0,239,202,188,40,0,285,1993,139,26,116,227,87,149,57,117,374,65,233,348,87,81,84,240,389,77,0,33,49,76,133,120,318,227,61,96,40,0,196,90,67,261,68,49,406,39,69,172,117,161,169,234,101,366,217,133,276,47,84,137,112,98,1249,245,0,0,498,144,179,187,0,150,250,52,195,36,111,1084,230,679,138,415,214,295,322,404,0,130,131,77,500,209,160,161,0,1391,0,59,43,89,81,0,676,0,100,87,1178,0,155,437,180,178,105,384,0,247,143,94,0,1914,100,1213,121,411,61,114,748,91,199,232,90,296,141,47,54,152,119,53,254,241,29,154,0,113,226,458,67,261,77,40,311,0,51,302,131,191,119,107,512,481,55,182,0,44,140,61,346,975,69,221,641,45,73,44,132,133,528,0,58,201,399,34,68,83,358,102,0,244,249,46,121,665,143,165,233,269,263,241,183,0,128,0,0,53,389,68,129,97,0,165,164,102,43,0,811,55,229,233,256,132,225,187,272,0,0,1371,152,971,102,287,97,46,133,77,0,173,125,734,365,0,298,206,509,49,219,0,232,98,127,54,78,68,118,81,132,569,308,77,141,60,0,353,235,0,0,104,80,962,197,97,0,53,64,107,252,156,98,80,286,124,210,347,610,54,91,656,125,310,101,166,96,75,0,87,407,0,122,21,178,64,169,65,34,56,266,85,94,111,136,106,113,287,45,108,59,226,480,927,2043,118,254,195,392,583,172,581,69,290,118,291,88,279,300,234,217,164,133,0,190,188,0,304,366,0,135,133,214,805,54,309,84,524,134,88,70,112,82,166,412,29,2297,322,0,742,0,0,166,135,23,201,176,717,0,0,109,311,31,0,292,56,0,174,0,362,44,191,226,348,1124,143,36,696,142,573,90,446,0,274,227,0,0,479,107,336,37,64,286,49,462,412,69,164,336,196,727,663,103,71,52,93,65,56,2161,404,0,41,113,223,55,93,36,139,83,55,254,200,116,102,30,223,88,0,844,168,102,348,64,159,34,715,54,0,71,0,32,40,32,219,949,0,228,271,374,68,316,94,28,62,182,184,76,0,193,930,136,115,132
139,0,0,0,0,0,0,0,0,44,0,0,0,0,0,0,88,0,0,0,0,100,0,41,61,35,0,0,0,0,0,0,44,0,0,0,105,0,0,190,0,0,0,0,0,0,0,0,120,0,0,0,48,0,18,105,0,0,0,0,0,0,39,0,0,0,0,0,0,0,0,0,0,0,0,0,22,0,66,0,47,0,0,75,73,0,0,0,0,0,132,0,0,65,0,0,0,0,36,0,0,0,0,32,0,0,0,0,0,0,85,30,0,0,0,0,0,0,0,0,48,0,0,0,0,23,0,0,0,0,52,0,0,0,49,0,69,0,33,0,80,0,29,0,0,0,0,0,34,0,0,0,0,17,67,0,0,0,0,49,126,0,0,52,0,0,0,0,40,42,50,99,0,0,0,0,0,41,85,0,0,0,0,0,0,0,0,194,0,0,0,0,54,0,0,0,0,0,0,0,0,0,0,21,113,0,20,0,0,46,32,75,0,0,0,0,0,0,0,0,0,0,0,0,0,0,0,0,88,0,0,0,0,0,0,0,0,35,70,0,0,0,0,0,0,0,38,0,0,0,39,0,23,0,0,0,0,0,0,0,79,0,0,0,0,0,0,60,0,146,0,0,0,51,0,42,0,0,0,114,59,0,0,26,0,0,0,0,154,0,0,0,102,0,0,42,0,0,0,0,0,0,0,0,0,87,47,44,0,0,0,263,0,0,0,0,0,21,0,0,0,0,0,0,71,0,0,29,0,0,172,0,15,0,0,0,0,0,0,0,0,0,0,0,69,0,0,0,0,468,0,0,0,78,119,0,0,39,104,106,0,42,21,0,74,121,82,0,0,0,41,0,26,0,0,62,42,0,0,52,0,0,0,0,41,246,0,0,57,0,0,31,74,0,0,0,151,0,26,74,0,0,0,0,0,59,0,0,0,0,60,0,0,0,0,0,105,33,77,0,0,0,0,0,37,0,0,0,54,51,0,0,0,0,49,0,0,0,0,45,0,0,99,0,0,0,0,61,0,0,0,0,96,0,34,0,0,0,0,0,94,0,0,62,0,0,0,0,0,0,0,0,0,63,0,0,115,74,0,61,61,0,62,142,0,0,0,0,0,52,0,0,0,105,0,0,0,0,0,0,0,14,0,332,0,0,0,29,0,0,28,0,0,0,0,0,0,94,0,0,0,0,63,120,0,0,0,0,87,0,31,0,0,0,0,0,0,0,0,0,0,0,155,0,0,0,67,0,0,35,71,54,0,0,0,28,0,0,0,0,71,123,0,0,0,0,0,0,0,0,0,0,0,0,0,0,0,0,44,0,0,36,70,0,244,0,114,0,0,0,0,141,0,52,0,0,0,0,0,34,0,0,0,0,25,0,0,0,0,0,0,0,105,177,52,0,41,0,0,0,0,0,0,0,0,0,0,0,0,27,0,0,0,0,0,0,0,0,0,0,0,0,54,0,0,41,0,0,0,89,80,0,0,0,107,0,61,0,41,0,0,0,0,0,0,0,0,0,0,0,83,0,131,0,78,0,0,0,0,0,0,0,75,31,149,0,0,0,93,0,0,0,0,0,0,0,52,0,68,0,0,0,0,0,0,0,0,0,41,83,0,0,73,0,0,0,0,0,95,38,0,0,0,681,35,47,93,0,0,0,0,0,0,0,21,0,0,0,51,81,78,0,307,105,0,53,0,0,44,0,0,44,0,0,0,0,0,0,0,0,0,39,0,0,0,0,0,56,0,0,58,0,0,0,0,0,0,0,0,0,0,0,28,0,0,0,23,0,0,133,0,0,0,0,0,0,0,0,0,0,48,0,55,0,46,0,69,0,0,0,19,0,31,0,0,102,0,0,0,0,0,0,65,0,0,0,0,0,0,0,35,0,0,0,0,0,0,0,0,0,0,0,47,0,47,0,0,0,0,0,22,0,35,0,0,0,205,74,0,0,0,0,0,77,0,0,0,0,0,0,0,0,0,0,62,57,0,0,0,0,0,66,0,0,0,39,0,45,0,0,0,15,0,0,0,0,0,0,0,0,0,0,0,0,0,0,0,46,55,0,0,0,36,0,0,218,0,0,0,0,0,62,0,0,0,0,35,0,0,0,0,0,0,0,0,0,0,77,0,0,0,49,0,63,0,55,0,0,0,0,72,0,0,25,0,0,0,0,47,0,0,0,0,29,0,0,0,0,0,149,0,0,0,66,56,0,0,0,0,0,0,0,0,0,0,0,0,0,115,0,567,0,0,0,0,0,29,0,0,0,0,0,89,0,0,92,0,0,0,74,0,0,0,36,0,96,130,54,0,0,0,0,0,0,0,0,114,0,0,0,0,0,0,0,0,40,0,73,112,0,86,0,0,0,0,0,52,53,84,0,0,0,0,0,89,0,0,35,57,52,0,154,0,0,89,0,97,0,0,0,39,0,0,74,0,0,0,0,0,0,0,0,0,22,271,0,0,0,0,0,0,120,0,57,0,0,0,0,0,0,0,0,67,0,0,0,0,0,0,0,0,44,0,0,0,41,240,0,0,0,0,0,46,0,0,0,0,25,0,112,0,0,0,122,0,0,0,52,64,0,0,0,0,0,0,0,0,82,0,0,0,0,169,28,0,0,49,0,0,0,0,0,77,164,69,30,0,0,128,0,0,0,0,0,60,0,31,73,0,0,0,0,0,0,18,0,179,0,0,0,0,42,104,0,0,0,0,0,0,0,0,0,28,0,182,0,0,55,0,0,223,0,0,49,139,0,39,0,0,59,0,0,0,0,0,0,52,0,0,77,0,0,0,171,0,0,38,0,0,54,0,65,0,0,72,0,0,0,31,0,0,0,0,0,86,0,55,0,0,0,0,0,27,34,23,0,0,0,0,157,0,130,0,0,0,0,171,0,43,0,117,44,0,0,0,27,0,0,0,0,0,0,50,0,0,0,28,0,0,54,0,131,0,0,0,55,32,0,163,0,0,0,0,0,82,33,0,45,74,0,154,0,0,707,0,34,0,0,0,0,176,0,0,0,0,0,0,68,92,0,0,0,31,0,0,95,0,0,0,68,0,68,15,42,49,0,0,0,0,0,0,0,0,102,0,0,0,592,201,0,241,0,0,43,118,0,18,68,0,131,0,0,43,0,0,225,0,14,0,171,0,151,117,0,220,0,0,0,0,0,107,0,0,0,44,149,43,0,0,136,0,40,235,0,0,44,71,0,26,0,0,38,37,64,103,0,42,0,0,262,0,0,0,38,0,0,160,0,0,164,0,0,70,0,0,0,101,0,0,133,111,0,0,47,27,30,75,0,0,132,32,0,0,0,0,0,0,0,28,0,0,69,101,0,128,0,47,0,0,146,0,0,0,299,91,51,0,0,0,0,0,34,78,0,66,265,0,0,0,80,0,0,36,36,0,0,0,0,39,189,71,0,0,0,0,0,0,0,62,0,13,0,0,0,0,97,0,0,0,47,0,0,0,0,0,87,0,55,0,134,42,0,0,33,0,0,0,116,50,55,0,0,0,82,0,237,0,0,0,123,0,9,0,0,0,0,82,57,0,0,44,0,0,0,85,0,0,84,0,48,0,0,0,35,0,41,0,0,0,0,0,0,27,0,25,53,91,0,202,0,0,0,0,0,0,0,0,0,151,0,19,0,0,0,0,0,0,0,0,0,37,0,228,0,0,0,0,0,75,0,88,151,0,53,0,0,0,0,0,0,47,50,0,0,0,0,120,58,0,0,0,135,0,0,0,0,146,0,0,0,0,0,350,0,0,0,0,48,66,0,0,0,0,55,0,52,0,42,0,209,0,271,0,47,41,0,0,160,28,92,0,0,0,0,86,0,44,0,97,0,34,0,0,0,77,52,0,0,136,24,0,0,59,77,0,0,89,50,35,0,0,0,0,48,0,112,367,0,0,0,0,0,0,0,58,0,0,0,0,0,0,56,0,0,47,193,0,72,0,0,23,0,43,138,0,105,0,0,181,45,187,0,0,0,0,0,79,48,85,70,73,0,0,0,0,0,0,67,0,0,44,51,0,0,0,0,0,0,0,0,452,0,0,56,0,0,43,0,0,183,62,0,27,0,0,0,0,71,0,0,0,0,0,0,33,54,0,0,0,0,0,163,0,78,0,48,42,77,132,0,34,25,0,0,0,0,85,71,0,0,97,0,0,0,0,0,0,0,0,0,0,0,23,126,0,142,0,0,55,0,0,0,0,79,0,0,42,68,0,0,0,0,0,340,19,0,0,57,0,114,0,0,0,0,156,0,24,0,148,0,0,0,0,0,47,45,54,0,0,0,64,0,0,0,62,65,0,0,57,30,0,0,83,0,0,0,0,0,27,147,0,40,58,0,0,85,0,0,319,54,0,0,0,58,56,0,152,48,85,0,0,0,0,0,0,76,0,0,32,40,61,58,0,120,0,62,42,0,0,0,106,0,0,0,0,55,0,0,134,25,67,0,194,66,50,0,0,0,0,55,62,71,141,0,0,0,0,0,0,28,0,0,34,0,74,0,0,0,0,0,0,0,0,42,0,0,0,36,0,0,0,0,50,0,0,0,0,47,102,0,55,0,0,0,0,92,0,0,102,32,50,78,0,0,0,0,0,34,50,93,0,0,0,35,90,0,0,0,0,97,0,53,0,100,0,0,0,48,0,0,53,0,0,0,0,117,37,0,0,180,0,0,0,0,0,0,89,57,0,51,93,0,0,0,0,0,48,0,0,0,0,48,0,43,0,0,95,185,34,56,0,0,0,63,0,49,34,222,39,0,263,44,94,0,56,39,59,0,0,7,0,0,47,0,48,51,76,54,25,0,0,52,121,24,0,30,0,0,79,0,104,159,0,0,47,0,0,0,49,285,89,244,67,0,0,0,0,0,40,0,0,67,150,129,0,66,109,0,93,0,0,0,29,0,57,0,0,0,0,0,228,38,0,0,0,0,0,0,0,0,23,177,77,0,0,27,0,43,0,104,0,136,48,49,40,0,0,0,67,26,0,0,0,0,51,92,0,0,73,0,59,70,0,44,0,0,47,0,60,37,0,34,21,59,0,123,0,0,163,0,26,0,0,68,0,0,0,0,0,42,0,0,0,0,155,0,54,0,0,255,0,38,0,68,32,0,0,0,0,0,0,75,0,68,290,85,31,0,0,0,0,16,0,101,0,0,65,119,44,6,143,62,0,122,0,0,0,67,0,48,20,162,0,0,85,0,0,0,0,0,149,0,53,94,29,28,120,0,0,0,0,113,0,109,0,40,167,0,102,0,87,147,0,60,33,0,0,0,31,0,62,172,0,0,85,0,0,0,0,49,0,0,0,97,54,475,19,0,0,36,0,55,0,0,112,0,0,0,0,0,0,0,51,192,92,0,0,0,0,0,0,91,0,0,0,0,158,0,80,0,0,129,0,0,0,0,0,0,67,52,0,0,0,0,47,26,0,0,217,0,0,0,94,0,71,0,0,0,0,0,0,0,0,0,192,0,151,103,60,0,0,45,0,0,0,405,0,0,0,0,61,0,29,78,0,214,0,0,0,0,0,39,0,482,0,36,42,0,149,69,162,133,0,177,0,0,0,0,0,51,35,115,0,745,142,0,0,0,41,51,17,49,53,40,128,105,132,0,0,0,0,0,0,49,0,0,0,0,0,0,62,0,171,0,0,92,0,0,50,180,0,37,0,46,46,0,0,0,0,46,0,0,134,978,0,0,27,0,0,0,0,39,186,0,0,0,0,0,0,0,0,0,0,0,0,0,0,0,53,0,0,0,40,0,0,59,79,69,0,0,0,0,0,0,0,0,44,20,235,78,103,0,78,28,0,38,0,117,177,20,0,0,136,0,96,50,0,0,0,0,0,0,0,641,24,206,0,38,134,61,66,154,0,0,0,24,42,0,37,0,0,387,66,0,0,0,0,0,264,0,0,0,762,0,0,151,0,0,0,88,18,140,143,0,66,252,0,160,55,116,19,0,86,0,73,67,0,34,33,0,0,0,49,0,147,62,0,66,0,110,98,39,0,0,62,0,116,0,0,30,0,31,39,0,0,148,0,52,0,0,0,0,0,63,0,63,67,0,0,0,37,126,124,0,0,0,0,0,0,0,25,0,0,113,61,0,0,126,0,0,0,50,0,0,74,0,0,0,0,0,73,0,52,28,0,0,0,0,0,0,215,0,73,28,62,0,0,58,43,0,0,420,0,85,0,64,0,0,45,0,0,0,0,40,0,0,105,0,119,0,0,0,0,0,0,0,0,0,0,0,0,157,25,0,33,0,0,0,47,0,0,0,28,315,0,0,0,0,0,0,43,63,0,0,0,0,46,0,0,0,0,38,0,65,0,0,0,0,0,0,52,0,56,0,30,0,32,0,0,0,0,0,0,0,0,0,0,0,0,42,0,0,0,168,523,39,40,0,41,71,0,48,0,60,30,0,0,0,42,44,0,29,0,0,61,53,0,102,0,0,0,30,0,56,0,50,18,59,0,0,0,0,0,30,154,0,23,49,0,46,0,0,20,37,0,40,0,189,0,0,0,115,0,0,98,0,0,0,0,50,0,57,58,0,150,0,0,223,39,113,0,0,0,71,46,0,0,81,0,56,0,0,35,0,65,50,0,0,0,0,147,99,0,0,0,0,0,0,103,0,0,0,40,0,0,24,0,0,35,0,0,28,0,0,0,79,0,0,142,30,0,0,0,0,0,124,0,0,0,0,0,0,0,31,62,0,0,52,0,0,77,0,0,0,46,61,0,0,32,351,0,0,0
140,0,41,0,89,77,97,50,0,0,0,307,64,0,0,333,369,257,0,48,0,95,100,58,146,0,0,33,94,62,0,0,81,0,84,205,161,36,97,325,207,80,84,0,371,0,134,46,109,27,175,0,60,194,0,140,36,55,0,40,0,175,94,310,45,60,132,36,0,30,461,0,93,39,0,307,83,33,483,104,172,0,66,313,288,130,0,0,105,46,239,78,0,76,118,0,73,0,96,64,0,50,17,132,0,48,104,43,258,68,144,50,140,74,181,74,88,246,69,50,246,0,128,54,36,0,45,0,44,0,163,35,144,33,226,54,70,155,135,99,105,132,163,423,0,39,102,71,75,125,0,56,177,58,161,148,0,173,74,290,374,0,0,108,77,132,0,0,81,375,160,46,79,89,0,71,53,109,25,88,73,286,0,0,0,80,77,887,220,0,0,0,71,56,159,37,169,0,0,190,22,0,186,41,334,60,120,42,47,126,182,98,73,124,0,197,64,32,0,0,272,151,0,0,128,0,0,121,304,0,54,41,46,57,0,0,80,60,158,66,0,92,0,76,0,0,171,0,0,21,0,136,90,122,153,0,68,0,42,74,548,208,136,88,74,34,0,296,111,452,79,33,122,244,115,0,54,0,1159,330,134,0,192,319,102,93,95,467,1506,159,141,130,244,0,0,123,0,120,74,105,36,41,61,96,0,188,165,264,0,135,106,263,175,0,0,82,69,144,114,0,72,47,26,48,338,154,54,82,31,0,201,0,49,55,128,35,0,0,0,0,0,48,0,135,83,0,0,0,122,854,365,201,25,149,268,0,0,181,263,222,84,138,86,0,161,133,619,83,49,0,95,128,113,82,139,127,130,0,0,337,0,0,0,63,90,940,75,0,0,0,30,52,65,0,90,85,698,0,70,308,0,82,211,0,0,94,61,31,106,0,91,0,113,0,0,0,233,121,82,214,55,102,103,0,160,94,0,39,133,64,0,33,0,0,279,0,57,89,0,113,0,0,161,171,297,127,508,141,0,99,0,0,332,0,59,0,62,75,0,49,92,0,257,162,0,85,0,77,48,73,69,44,450,51,98,0,108,283,198,66,270,38,104,274,79,0,0,62,132,280,253,70,0,212,44,57,168,209,157,0,0,178,54,1161,59,109,161,93,84,0,105,0,0,43,0,46,379,89,73,100,224,66,47,338,79,0,0,0,211,35,43,0,0,29,72,79,0,0,0,102,0,240,184,60,45,0,182,0,106,232,369,107,0,132,51,0,0,102,0,0,180,145,0,59,54,176,66,0,0,0,72,182,0,0,33,53,0,207,44,0,266,271,282,0,276,0,476,710,125,0,73,495,0,167,0,0,0,83,0,83,0,29,39,28,36,115,142,163,63,39,0,0,220,348,79,0,46,121,0,130,0,0,0,0,66,0,72,0,0,106,129,0,0,35,0,0,170,71,0,0,0,0,156,0,0,604,0,99,35,209,489,52,0,118,370,0,0,85,61,89,136,0,0,19,37,303,115,49,38,0,169,0,231,0,285,54,79,76,303,0,0,38,46,46,86,22,0,0,59,0,264,0,0,0,78,0,221,0,223,0,0,60,0,68,94,38,55,92,85,145,29,412,378,0,0,42,0,0,189,0,268,163,84,378,328,151,121,77,0,0,149,116,0,31,219,0,0,111,579,156,120,0,656,198,0,70,0,0,115,0,0,72,50,0,58,0,0,80,0,0,39,105,0,44,0,78,0,73,0,212,87,97,44,0,0,632,38,0,0,44,105,57,126,0,0,0,127,195,88,365,0,0,0,0,0,64,0,55,75,73,25,65,56,0,438,49,84,75,0,46,0,0,180,240,57,530,46,26,0,146,201,0,427,49,0,0,58,54,44,163,491,0,0,68,0,0,199,0,0,0,0,54,553,72,194,93,0,70,69,0,183,0,247,0,0,0,407,207,49,284,36,0,57,162,46,71,49,0,0,19,0,50,0,63,348,116,49,55,0,78,140,93,208,28,69,42,0,97,0,0,41,208,59,0,87,86,161,50,0,23,150,292,0,0,0,40,53,155,170,211,197,42,58,55,74,381,99,50,106,0,146,64,129,0,35,131,99,0,31,0,0,0,0,0,0,57,133,63,229,0,0,145,0,84,37,312,0,48,45,87,87,0,113,170,95,0,134,39,261,56,68,0,91,172,177,109,0,137,78,218,56,49,0,555,54,79,0,394,28,0,77,382,0,0,104,52,392,27,546,0,511,172,46,98,48,52,0,0,0,161,102,31,74,18,0,345,82,62,436,263,35,51,0,146,31,176,414,335,50,138,24,0,122,0,0,0,184,153,99,0,0,194,0,0,39,167,0,228,1072,65,183,105,141,125,93,21,275,99,75,0,76,0,153,31,833,0,126,76,91,115,0,361,125,76,86,744,440,181,295,0,182,130,52,104,24,76,0,63,0,53,0,163,0,72,403,50,0,59,67,41,68,213,67,96,135,41,52,108,0,0,178,55,218,0,58,53,191,0,0,49,74,155,150,125,38,111,289,67,0,309,0,100,371,0,49,0,0,80,77,265,0,0,306,365,0,39,0,109,116,0,75,0,59,0,80,38,49,270,91,69,76,0,155,142,212,0,54,0,115,89,0,93,299,190,333,75,257,0,141,77,111,0,0,0,311,0,151,90,159,34,73,49,0,0,67,275,408,57,61,218,29,374,136,0,324,0,62,77,32,21,22,0,0,79,112,0,100,295,89,40,451,36,0,203,271,0,66,111,54,49,98,52,40,59,54,44,66,0,0,162,0,0,42,163,125,126,111,0,0,72,0,253,0,34,148,37,114,0,85,0,0,0,78,90,158,0,68,0,0,120,45,102,126,25,67,21,0,62,32,298,232,302,0,0,0,28,350,41,64,60,259,141,83,42,71,91,0,58,91,0,183,62,52,122,0,0,0,0,37,82,0,266,112,0,0,180,61,96,271,213,0,0,176,0,228,53,0,91,150,87,405,45,0,2879,33,264,0,124,0,76,513,0,109,100,0,46,33,307,124,0,22,0,49,38,0,248,0,0,50,247,52,92,0,180,185,63,0,47,55,30,33,40,46,289,24,0,48,1831,139,84,178,38,137,47,398,101,0,79,40,362,42,0,81,101,0,262,45,0,89,205,0,945,214,0,266,56,0,56,0,0,426,49,51,109,47,205,91,267,0,111,39,63,109,0,0,60,126,0,58,80,0,0,99,73,104,0,70,229,42,244,269,90,141,126,57,52,323,40,0,509,0,0,234,0,69,0,325,0,36,250,56,56,79,274,61,68,62,72,0,275,64,51,34,32,103,135,50,0,40,55,0,215,102,272,51,107,73,0,0,274,0,62,57,493,157,80,102,69,85,74,0,49,283,50,107,155,0,0,0,198,75,102,95,27,0,67,0,0,167,154,90,0,46,150,32,439,0,48,102,45,88,201,0,0,0,87,140,0,266,90,52,0,63,0,0,164,0,181,0,187,276,38,47,122,260,37,63,239,72,229,0,22,57,486,0,165,0,48,54,186,0,66,83,381,60,67,228,552,27,0,248,92,0,96,202,224,0,160,85,140,50,53,0,411,0,44,444,0,191,41,52,24,63,29,0,61,0,26,356,0,46,0,0,0,132,38,0,198,430,54,30,42,126,0,79,0,100,109,0,0,77,0,416,46,46,81,0,58,33,0,269,331,70,121,137,81,169,64,0,139,99,0,92,101,41,102,186,125,0,27,0,598,0,22,69,0,329,0,38,0,0,33,452,107,73,0,0,244,87,110,81,104,48,244,19,409,0,35,0,346,39,468,58,125,53,46,78,33,36,74,84,186,69,69,160,189,168,0,59,0,85,29,53,0,144,147,0,0,805,0,0,0,147,135,36,0,235,102,0,32,0,0,0,247,181,292,862,80,170,82,0,31,122,0,68,140,0,0,54,0,0,384,0,26,63,265,23,284,0,44,41,0,132,312,106,105,115,37,325,113,1122,0,0,0,217,0,246,49,123,0,134,0,0,62,35,0,0,121,49,0,551,115,45,0,0,0,0,39,129,0,357,12,77,172,0,23,32,94,0,200,114,0,0,0,0,54,37,77,0,102,0,117,41,0,93,150,70,0,266,0,0,428,0,105,39,119,92,137,377,0,117,100,86,41,0,61,235,77,83,159,105,0,64,94,0,0,0,0,36,30,0,89,73,66,149,234,50,65,50,41,0,35,0,85,52,80,69,355,0,28,60,58,48,483,40,74,146,144,26,136,101,0,0,92,180,157,59,0,332,25,84,50,78,0,105,140,368,18,0,0,301,82,165,198,157,228,0,0,147,282,0,0,163,152,0,0,71,48,281,225,0,47,0,0,0,725,27,57,332,36,0,0,0,90,0,0,166,102,266,0,77,79,45,0,0,141,74,157,107,37,79,183,63,101,900,209,78,0,44,51,108,227,118,68,121,103,0,45,152,73,247,0,274,83,43,30,0,0,0,525,311,325,444,0,0,140,0,0,32,128,25,0,88,0,125,0,0,249,35,0,0,0,64,125,0,0,352,44,299,200,0,0,327,56,0,18,47,421,526,36,118,26,0,0,0,281,114,192,455,0,65,80,199,0,55,0,0,158,124,265,0,62,56,77,117,127,133,33,0,120,0,187,0,298,0,79,0,94,0,0,199,231,0,0,60,261,155,0,0,814,0,0,0,0,0,0,358,65,33,100,795,0,0,0,0,0,125,0,73,0,0,172,32,131,149,0,121,464,38,239,0,83,0,51,73,196,64,174,89,0,245,162,187,77,119,121,49,47,51,0,0,0,90,107,126,48,113,177,39,49,0,95,225,57,0,99,0,102,131,0,0,0,52,0,0,0,70,67,0,228,266,633,112,0,42,16,0,107,162,32,0,246,0,579,117,234,53,91,264,58,85,0,0,28,0,65,0,78,39,0,360,253,0,30,224,0,38,0,0,107,62,242,54,157,43,0,62,50,513,267,0,148,112,0,0,0,222,0,173,59,0,52,40,50,160,253,94,169,222,19,0,195,80,101,0,92,106,0,172,27,0,75,83,27,31,140,0,0,1098,0,319,52,93,34,60,139,250,0,0,0,55,0,94,74,212,51,53,0,34,453,57,118,509,0,85,0,52,74,0,60,0,64,155,125,179,128,207,0,40,143,56,40,66,53,0,0,42,0,36,0,86,0,83,294,19,0,253,0,0,81,101,330,0,85,54,77,0,0,0,0,66,0,193,58,0,151,506,0,66,0,41,260,27,74,249,77,399,131,262,84,0,154,0,46,75,49,136,156,101,431,291,43,49,0,98,0,0,0,41,132,0,72,63,181,86,1101,0,0,0,109,15,44,372,61,278,0,70,80,66,0,130,0,260,620,67,0,505,0,0,259,104,53,128,50,0,0,40,96,167,107,45,598,153,0,0,0,47,0,223,74,0,0,99,23,43,1116,0,0,529,94,100,0,198,0,407,107,0,256,94,33,0,143,0,0,137,26,380,54,125,116,38,69,53,0,0,956,49,0,0,0,419,0,129,198,231,174,31,0,61,150,117,35,0,331,0,42,114,53,223,190,240,147,163,458,0,0,80,77,0,83,0,151,0,660,369,0,31,0,287,115,48,87,80,65,325,369,138,68,121,33,53,98,0,29,55,76,0,30,176,78,97,0,465,90,0,96,0,0,90,226,0,74,130,157,36,28,0,183,100,79,0,27,123,813,82,0,40,187,56,68,0,93,204,50,89,273,54,113,0,76,206,30,0,0,0,46,53,59,196,197,55,0,50,0,127,122,66,262,54,0,458,0,0,203,45,89,49,100,248,139,214,71,93,0,50,111,69,101,443,84,0,0,328,96,46,78,0,143,231,89,105,0,0,768,131,311,104,307,55,112,226,228,0,62,131,52,218,127,52,51,42,370,103,127,20,0,69,0,160,0,43,0,750,0,48,258,63,103,31,315,0,107,198,82,55,776,21,360,82,153,34,130,361,39,88,113,201,108,117,0,0,49,74,0,160,77,34,100,23,151,126,324,37,127,83,37,105,0,0,106,57,59,41,83,322,377,43,71,0,0,101,0,98,279,59,89,359,0,42,0,119,146,132,0,0,48,301,0,0,119,0,27,0,81,198,103,0,136,48,97,171,98,40,140,90,0,0,0,0,0,331,0,65,69,0,116,135,42,0,0,462,0,59,48,203,17,0,127,27,0,0,423,104,182,0,103,145,0,54,57,0,0,78,412,231,0,150,119,168,0,111,0,0,153,0,87,21,0,28,49,0,422,338,0,58,41,37,0,215,0,0,42,69,307,0,0,0,33,0,70,76,48,122,0,289,31,0,58,387,0,0,763,0,0,71,119,64,0,0,56,183,0,122,0,34,0,117,91,0,33,15,53,0,0,111,0,0,328,0,72,0,131,260,173,926,53,141,28,183,173,0,188,0,109,93,0,51,156,38,145,268,187,0,0,0,46,0,365,246,0,97,62,58,112,32,73,74,91,38,0,35,77,55,181,122,29,701,69,0,230,29,0,0,109,0,39,80,367,0,0,80,100,0,0,142,55,0,19,0,288,54,194,117,0,380,0,0,208,0,48,10,112,21,171,54,0,0,89,44,59,0,0,59,0,279,135,67,0,344,63,261,231,74,0,42,55,0,0,281,117,0,0,77,206,0,65,0,0,51,72,0,0,22,0,0,145,0,0,44,81,0,219,0,0,0,171,26,0,0,0,0,0,19,43,555,0,91,217,238,0,65,0,0,75,92,58,42,0,160,951,0,0,64
141,0,0,0,0,0,0,0,0,0,0,0,0,0,0,0,0,93,0,0,0,0,0,0,0,0,0,0,0,0,0,0,0,0,0,0,0,0,0,0,0,0,0,0,0,0,0,0,0,0,0,0,0,0,0,0,0,0,0,0,0,68,0,0,0,0,0,0,0,0,44,0,0,0,0,0,0,0,44,0,0,0,0,0,53,0,0,0,0,0,0,0,0,0,0,0,0,0,0,0,0,0,0,0,0,0,0,0,0,0,55,0,0,0,0,0,0,19,0,0,0,0,0,0,0,0,0,0,0,0,0,0,0,0,0,0,0,0,0,0,0,0,0,64,0,0,0,0,0,0,0,0,0,0,0,0,0,38,0,31,0,0,0,0,0,0,0,0,0,0,0,0,0,0,0,0,0,0,0,0,0,0,0,0,0,0,0,79,0,0,0,0,0,0,0,0,49,0,0,0,0,0,0,0,54,0,0,0,0,0,0,0,0,0,0,0,0,0,0,0,61,0,0,0,0,0,0,0,0,0,0,0,0,0,0,0,0,0,0,0,0,0,0,0,0,0,0,0,0,0,0,0,0,0,0,0,0,0,0,0,0,0,0,0,0,0,0,0,54,155,0,0,0,0,0,0,0,0,0,0,0,0,0,0,0,0,0,78,0,0,0,0,0,0,0,0,0,0,0,0,0,0,35,0,0,48,0,0,0,26,40,0,0,0,0,0,0,0,0,0,0,0,0,0,47,0,0,0,0,0,0,0,0,0,42,0,0,0,0,0,0,0,0,0,0,0,0,0,22,46,0,0,0,0,38,0,0,0,49,0,27,0,0,0,0,77,0,0,0,0,0,0,16,0,0,0,0,0,0,0,0,0,0,0,0,48,0,0,0,0,0,0,0,0,0,0,54,0,0,0,0,0,19,0,0,0,0,0,0,0,0,0,0,0,0,0,0,0,0,0,0,0,0,0,0,0,0,0,0,0,0,0,0,0,0,0,0,0,0,0,0,0,0,0,0,69,0,0,0,0,0,0,0,0,0,0,0,0,0,0,0,0,0,0,0,0,0,0,0,0,0,0,37,0,0,0,0,0,66,0,0,0,0,0,0,0,0,0,0,0,0,0,0,0,0,0,0,0,0,0,0,42,0,33,0,69,0,0,0,0,0,0,0,0,0,0,0,0,0,0,0,0,0,0,0,0,0,0,29,0,0,0,0,0,0,0,0,0,0,0,0,0,0,0,0,0,0,0,0,0,0,0,0,0,0,0,0,0,0,0,0,87,0,0,0,0,0,0,0,0,0,0,0,0,0,0,0,0,0,0,0,0,0,0,31,0,0,0,0,0,0,85,0,0,0,0,0,0,0,0,0,0,0,0,0,0,0,0,0,0,0,0,0,0,0,0,0,0,0,0,0,0,0,0,0,0,0,0,0,0,0,0,0,0,0,0,0,0,0,0,0,0,0,0,0,0,0,0,0,63,36,0,0,0,0,0,0,0,0,0,0,0,0,0,0,0,0,0,0,0,0,0,0,0,0,0,0,0,108,0,0,0,0,0,0,0,0,0,0,0,0,0,0,0,20,0,0,0,56,0,0,0,0,0,0,0,0,0,29,0,0,0,0,0,0,0,0,0,0,0,0,0,0,127,0,0,0,0,0,0,0,0,0,0,52,0,0,0,0,0,0,0,82,0,0,0,0,0,0,0,0,0,0,0,0,0,0,0,0,0,0,0,0,0,0,0,0,0,0,0,0,0,0,0,0,0,0,0,0,0,0,0,0,0,0,0,0,0,0,0,0,0,0,0,0,17,0,0,0,0,0,0,0,0,0,0,0,0,0,0,33,0,0,0,0,55,0,0,0,0,0,0,0,0,0,0,0,0,0,0,0,0,0,0,0,0,0,0,0,0,0,0,0,0,0,0,0,0,0,0,0,0,0,0,0,0,0,0,0,46,0,0,0,0,0,0,0,0,0,0,0,0,0,0,54,0,0,0,0,0,0,0,0,0,0,0,0,0,0,0,0,0,0,0,0,24,0,0,0,0,0,49,0,0,0,0,0,0,0,0,51,0,0,0,0,0,0,0,0,0,0,0,38,0,0,0,0,0,0,34,0,0,0,0,0,0,0,0,55,0,0,0,0,0,0,0,0,0,0,0,0,0,0,0,0,0,0,0,127,0,0,0,0,0,0,0,0,0,0,0,0,0,0,0,0,0,0,129,0,0,0,66,0,0,0,0,0,0,46,0,64,0,0,0,0,0,0,0,0,43,0,0,0,0,0,54,0,0,0,0,0,0,0,0,0,0,0,22,0,48,0,0,24,0,0,0,0,0,0,0,0,0,0,0,0,81,0,0,121,0,0,0,0,0,0,0,53,0,0,0,0,0,0,0,0,0,0,0,0,0,0,0,0,0,0,0,62,8,0,0,0,0,0,0,0,0,0,0,0,0,0,0,0,0,77,0,0,0,0,0,0,79,0,0,0,0,0,23,0,0,0,0,42,0,0,0,0,0,0,0,0,0,0,0,0,0,0,0,0,0,0,0,45,0,0,0,0,11,0,43,0,0,0,257,0,0,0,0,0,0,0,0,0,0,0,0,0,0,23,0,0,0,0,21,0,0,0,0,71,0,0,0,0,0,0,0,0,0,0,0,0,0,0,0,0,0,0,0,0,0,0,0,0,0,0,0,0,0,0,0,0,86,0,0,0,0,0,0,0,0,0,0,0,0,0,0,0,17,0,0,111,0,0,0,0,0,0,0,0,23,0,0,0,0,0,0,0,0,0,0,0,0,0,0,0,0,0,0,0,0,0,0,0,0,0,0,0,0,0,0,0,0,0,0,0,0,0,0,0,0,0,0,0,0,0,0,0,0,0,0,0,0,0,0,0,0,0,0,0,0,0,0,0,0,0,0,0,0,0,0,0,0,0,0,0,0,10,0,0,0,0,0,0,0,0,24,0,0,0,0,0,0,0,0,0,0,0,0,0,0,0,0,0,96,0,0,0,0,0,0,58,0,13,0,0,0,0,0,0,0,0,0,0,0,0,0,0,0,0,0,0,0,0,51,0,0,0,0,0,0,0,0,0,0,0,0,0,0,173,0,0,0,0,0,64,0,0,30,0,0,0,0,0,0,0,49,0,0,0,0,0,0,0,0,107,0,0,0,0,0,0,0,0,0,0,0,0,0,0,91,0,0,46,0,0,0,0,0,0,0,0,0,12,0,0,0,0,0,0,106,51,0,0,0,0,0,0,0,0,0,0,0,0,0,0,0,0,0,0,0,0,0,0,0,0,0,0,0,0,0,0,0,0,0,0,0,0,0,0,0,0,0,0,0,0,0,0,0,0,37,0,0,0,115,0,0,0,0,0,0,0,0,0,0,0,34,0,0,0,74,0,0,0,0,0,0,0,0,0,96,0,0,0,50,0,53,0,0,0,0,0,69,0,0,0,0,0,0,87,0,0,0,0,0,0,0,0,0,0,0,0,0,0,125,0,0,0,0,0,0,0,0,69,0,0,53,0,0,0,0,0,0,0,0,20,0,0,66,0,0,60,0,0,0,0,0,0,0,0,0,0,0,0,63,0,0,0,0,0,0,0,35,0,0,0,0,0,0,0,0,0,0,0,0,0,0,0,204,0,0,0,0,0,0,0,0,0,0,0,0,0,0,0,0,0,0,0,0,0,0,0,58,0,0,0,0,0,0,0,0,0,0,0,0,0,0,0,0,0,0,0,41,0,0,0,0,0,0,0,0,0,0,193,0,0,0,0,75,0,0,0,44,0,62,0,0,0,0,0,75,0,0,0,0,0,0,111,0,0,33,0,141,0,94,0,0,0,0,0,0,0,0,0,0,0,124,0,0,116,0,0,0,0,21,0,0,83,0,0,0,0,0,0,0,0,37,77,0,0,0,0,0,0,0,0,73,0,0,0,0,0,94,0,0,0,46,0,46,0,0,0,0,0,0,0,65,0,0,55,0,218,0,0,0,0,0,0,0,0,0,0,0,0,0,0,0,0,0,0,0,154,17,0,0,0,0,0,0,0,0,62,0,0,0,0,0,0,0,0,0,0,0,0,0,0,0,0,0,0,0,0,0,0,0,0,0,0,0,0,0,0,44,0,0,0,0,0,0,0,0,0,0,29,0,0,0,0,0,0,0,0,0,0,0,0,0,0,0,0,0,0,0,0,0,0,38,0,0,0,0,0,0,0,0,0,0,0,95,0,0,0,0,0,0,0,0,0,87,0,0,26,0,0,0,0,0,0,0,103,0,0,0,0,0,31,0,48,0,0,0,58,0,0,0,0,0,0,0,0,34,0,0,0,0,0,0,0,0,26,0,0,0,0,0,0,0,0,0,0,0,0,0,0,0,0,0,0,0,28,0,0,0,0,0,0,0,0,0,0,0,0,0,0,0,98,34,0,0,0,0,0,0,27,0,0,0,0,0,0,0,0,0,0,0,0,0,0,0,0,70,0,0,80,0,0,0,0,0,0,0,0,0,0,0,0,0,0,0,0,0,0,0,0,31,0,0,0,0,0,0,0,0,69,0,0,0,0,0,0,0,0,0,0,0,0,0,0,0,0,0,0,0,0,0,0,0,0,0,0,50,0,0,0,0,0,0,0,0,0,0,0,0,0,0,0,0,0,0,0,0,28,0,0,0,0,99,0,0,0,0,0,0,0,0,0,0,0,0,0,0,0,0,0,0,0,0,0,0,0,0,0,0,0,0,0,0,104,0,0,0,0,0,0,0,0,118,0,0,0,0,147,18,0,0,0,0,0,0,0,0,0,0,0,0,0,0,48,0,0,0,0,0,39,0,0,0,0,0,0,0,0,0,0,0,0,0,0,0,0,70,169,0,0,0,0,0,0,0,0,0,0,0,0,41,0,124,0,0,0,0,0,0,0,0,0,0,0,0,71,0,0,0,0,0,0,0,0,0,0,0,0,37,0,97,63,0,0,19,58,0,0,64,0,0,0,0,0,0,20,0,0,25,0,0,0,50,0,168,0,0,0,26,0,0,0,41,0,0,17,0,0,0,0,0,0,0,0,0,16,0,0,0,0,0,0,0,45,0,0,23,0,0,0,0,0,0,0,0,0,32,0,0,41,0,0,0,0,0,0,0,0,22,0,61,66,0,0,0,0,0,0,0,0,0,0,0,0,0,0,0,23,0,0,41,0,0,0,0,0,52,0,89,0,0,0,0,0,0,0,0,0,0,0,52,0,97,50,0,0,0,0,0,0,0,28,0,69,28,0,34,0,0,0,52,43,0,0,0,0,0,50,0,0,0,67,0,0,0,0,0,0,0,0,0,0,102,0,0,0,0,0,0,56,0,117,0,61,0,0,0,0,0,41,97,0,0,46,0,0,0,0,0,0,0,0,0,0,0,0,0,0,64,0,0,0,0,0,0,0,34,0,0,0,0,0,76,0,0,93,72,0,0,0,0,92,0,0,33,0,0,0,0,0,0,62,0,180,0,0,0,0,0,0,0,0,77,0,0,0,0,136,0,0,0,61,21,0,0,0,48,0,0,0,113,0,0,0,0,0,57,0,32,0,153,0,0,0,0,0,0,0,0,0,201,0,0,0,0,0,24,0,0,0,0,0,0,0,0,0,0,0,0,0,0,0,0,0,0,17,14,0,0,60,0,0,0,0,0,0,0,0,46,0,55,0,0,0,38,0,31,0,0,0,0,0,0,0,48,0,0,0,0,0,0,0,36,0,0,30,0,98,0,0,0,0,0,0,0,0,84,0,0,0,0,0,0,0,72,0,0,89,0,0,0,0,0,0,0,57,0,0,0,31,0,0,31,0,0,124,0,0,0,119,0,0,0,0,0,107,0,38,0,0,0,32,59,0,0,70,0,62,28,0,0,0,0,63,32,0,0,0,0,0,0,0,0,0,0,118,0,0,0,361,0,0,0,0,0,0,53,0,0,44,0,0,91,0,91,0,81,0,0,71,0,0,0,0,22,0,0,0,35,0,0,70,0,0,0,0,0,0,0,0,0,0,0,0,0,0,0,0,46,0,0,34,0,0,0,0,0,11,0,0,51,0,0,68,0,0,0,53,29,0,0,0,0,0,0,0,0,74,0,0,0,0,0,0,0,0,0,49,0,0,48,0,0,0,0,0,0,0,0,24,0,0,0,0,0,0,0,74,0,66,0,0,23,45,0,0,0,0,0,0,61,0,0,0,0,0,0,0,0,0,0,0,0,34,0,22,0,0,0,0,0,0,0,0,0,0,0,0,0,44,0,0,0,0,30,0,0,0,0,0,0,0,0,0,0,0,0,0,0,0,0,0,0,0,0,0,0,0,139,0,0,0,0,0,0,0,0,0,0,0,0,0,0,0,0,0,0,32,0,0,0,0,0,0,0,0,0,0,0,22,0,177,0,0,0,0,66,0,0,0,0,54,27,0,0,45,45,0,0,0,0,0,0,0,0,0,0,0,0,13,0,0,0,0,30,0,0,0,0,0,0,36,0,213,0,0,0,0,0,0,0,0,0,0,80,0,0,0,33,0,0,0,0,0,0,0,0,0,0,0,28,0,0,0,0,0,26,0,0,0,0,0,0,0,0,0,62,0,0,35,0,23,0,0,0,0,0,49,0,0,0,0,0,0,0,87,45,0,0,0,0,0,0,0,0,0,0,0,0,0,0,0,22,0,0,0,0,0,0,0,0,0,74,0,0,0,0,0,0,0,0,0,0,0,0,0,0,0,0,0,0,0,0,0,0,0,34,0,0,0
142,0,0,0,0,0,49,40,0,53,0,154,0,0,0,197,120,188,0,0,0,228,50,33,45,98,0,0,0,64,0,0,47,0,46,92,206,0,0,464,130,34,65,0,214,0,97,0,142,0,202,0,115,58,26,123,0,0,0,0,0,67,31,618,0,0,112,42,0,16,156,0,30,0,0,185,79,0,186,0,106,47,24,105,294,73,0,0,36,81,170,23,54,48,106,0,0,0,97,85,0,0,0,176,0,0,96,0,59,0,196,0,101,110,153,56,81,112,0,0,248,0,252,0,0,0,0,0,32,0,78,0,436,0,55,66,213,57,91,72,120,0,230,168,0,0,76,56,85,106,0,45,117,0,49,162,0,52,0,93,319,69,0,143,0,113,28,20,137,155,151,95,51,39,0,0,0,82,135,39,60,568,0,0,0,82,22,630,160,0,0,0,74,68,356,0,69,0,58,112,0,93,222,0,176,0,0,0,84,163,124,99,34,77,0,76,60,40,0,0,112,93,34,0,434,0,0,139,215,0,57,0,0,27,0,0,0,79,222,0,0,71,47,0,49,0,206,0,38,0,38,91,307,0,206,26,53,0,41,45,219,79,50,29,76,0,0,247,55,166,0,23,143,295,32,45,95,0,646,144,114,0,138,172,105,0,0,197,891,120,0,0,84,0,0,88,0,80,0,38,47,0,0,30,0,303,231,124,0,50,0,425,63,0,0,70,0,142,43,40,0,0,25,54,173,67,47,277,0,0,348,0,110,89,31,71,0,36,0,41,0,75,0,130,44,0,37,0,0,568,209,0,0,204,461,0,0,62,328,53,0,37,0,30,61,177,318,181,39,0,151,76,0,0,0,101,165,0,0,203,79,47,83,0,71,651,44,133,43,0,0,39,509,0,69,28,804,41,119,205,0,0,159,0,0,68,82,40,53,0,37,0,138,0,0,31,416,146,261,162,33,134,0,0,64,33,95,31,113,0,0,0,0,0,149,0,0,0,52,264,0,0,339,70,63,40,402,116,0,83,0,0,221,0,67,27,21,47,0,0,234,0,163,18,40,0,0,34,0,49,0,0,443,102,71,0,108,594,40,92,145,43,198,127,144,0,0,140,0,203,78,0,0,0,64,0,160,65,170,0,0,45,0,125,0,0,326,118,0,0,0,0,26,0,34,0,65,38,80,118,58,0,214,39,82,0,62,79,62,0,28,27,26,0,58,75,0,0,0,114,34,112,291,0,62,0,81,0,104,0,138,0,32,75,45,39,0,86,66,0,51,368,0,105,34,257,0,0,0,48,146,131,0,0,0,39,0,215,0,62,80,363,166,0,134,0,391,215,129,0,0,136,0,0,0,0,0,92,0,0,33,0,44,157,106,71,0,95,107,86,0,0,174,544,84,0,68,91,0,62,47,0,0,30,39,0,63,0,0,130,76,0,22,0,51,46,91,0,55,0,0,15,151,0,0,336,0,128,46,57,94,0,0,126,510,0,84,83,0,47,94,16,124,0,0,54,83,69,40,67,113,0,118,0,155,59,97,0,215,51,58,26,91,51,203,0,69,46,78,0,105,41,0,0,0,0,123,64,248,0,0,65,0,133,81,33,41,72,264,130,0,295,106,0,0,0,0,32,229,0,225,49,93,1114,274,176,120,130,0,0,107,86,0,0,77,0,0,51,375,102,197,113,1048,0,0,91,0,0,58,0,50,67,42,0,195,0,0,45,0,61,55,87,42,27,0,125,0,62,0,145,144,119,0,34,27,292,74,0,0,84,116,35,199,0,0,0,66,58,51,181,0,0,88,38,0,0,0,79,78,70,47,44,67,0,215,55,135,54,67,0,100,26,319,190,0,92,12,47,34,0,136,44,195,37,29,29,148,0,0,187,433,0,0,39,26,0,52,64,0,0,0,35,212,22,131,53,0,74,67,0,135,0,51,33,0,0,215,247,84,83,0,50,0,181,40,35,0,0,58,0,0,0,0,36,94,127,0,0,0,0,50,85,214,0,81,89,0,88,0,36,31,345,27,173,136,95,265,50,0,31,42,74,0,0,0,42,0,0,68,198,81,22,35,0,0,384,30,0,39,0,69,137,42,0,38,76,58,0,0,85,0,38,0,0,0,0,0,0,31,0,0,54,0,84,0,92,0,0,49,73,56,16,0,0,44,0,0,0,406,0,0,51,0,34,226,0,0,66,91,213,0,42,0,151,33,0,0,339,0,0,55,84,0,0,111,59,192,0,108,0,462,40,46,0,0,0,0,0,0,71,91,20,0,0,0,72,54,38,280,95,0,0,0,0,0,110,561,252,48,0,0,31,39,0,46,0,104,44,0,0,0,0,0,47,0,220,0,0,850,0,43,43,209,109,30,0,0,76,49,0,49,0,0,0,377,0,0,29,0,74,0,147,95,0,47,253,398,110,384,0,110,75,0,102,0,0,0,44,0,0,0,26,0,0,159,0,47,0,79,0,38,185,0,106,38,0,0,0,0,0,0,0,167,0,40,0,54,0,0,0,37,0,47,320,31,24,200,75,0,367,0,132,120,0,0,0,0,173,0,108,0,0,95,208,0,0,0,93,47,0,42,0,0,0,0,29,39,124,44,72,58,76,89,83,108,0,29,0,329,38,30,0,236,143,136,51,0,0,154,76,70,0,0,92,234,0,49,0,208,0,35,0,0,0,47,309,362,0,0,27,0,154,0,0,204,0,0,0,0,34,0,0,0,36,109,0,50,101,49,0,481,0,0,50,0,31,0,91,0,91,62,0,0,0,0,0,37,0,0,141,0,0,0,128,61,58,75,0,0,61,0,202,0,77,69,0,0,0,97,0,0,0,63,0,0,0,29,0,0,74,0,0,0,0,74,0,0,44,0,0,198,100,0,0,0,0,0,49,62,0,97,51,0,0,33,73,0,45,0,0,65,65,39,54,0,0,98,0,0,0,0,258,0,0,0,0,38,0,109,83,46,0,85,0,143,0,0,201,236,60,100,0,0,799,26,51,0,0,48,0,0,0,0,61,0,62,0,265,114,0,0,0,63,0,28,86,0,0,0,0,32,85,0,0,0,0,0,0,0,0,24,0,52,103,32,0,0,1027,352,0,126,0,94,135,142,62,0,96,0,0,0,0,28,0,0,97,0,45,49,149,0,154,47,0,281,44,0,0,0,0,112,33,0,94,126,104,21,205,0,168,0,0,110,0,0,82,0,50,114,56,0,59,33,60,75,0,0,0,0,121,0,31,0,78,0,0,43,0,0,390,0,0,125,0,0,0,167,0,84,64,49,63,0,96,0,99,73,77,0,48,160,0,32,0,25,0,61,0,24,78,0,117,63,118,117,0,72,0,0,0,0,38,0,166,139,99,0,0,46,36,0,0,159,0,59,202,0,0,0,91,0,0,69,0,0,0,0,0,41,49,0,0,0,0,0,71,0,0,69,0,0,86,0,0,0,92,72,0,70,43,23,0,30,0,0,164,0,83,0,123,80,0,0,70,99,0,0,94,55,160,0,0,0,317,0,203,0,32,53,95,0,0,0,0,0,0,148,592,0,0,137,0,0,0,100,94,0,68,0,32,66,0,0,79,0,28,288,0,68,49,0,0,118,0,43,37,61,0,104,0,0,0,0,0,0,0,0,94,0,0,0,0,0,54,42,0,140,0,0,0,0,0,237,0,0,30,0,0,28,0,108,0,61,89,0,0,61,0,0,50,0,52,50,143,0,135,152,58,52,20,47,146,0,0,0,0,204,0,0,0,0,0,30,46,0,0,0,164,63,67,0,0,0,0,0,274,0,0,0,271,0,513,158,0,28,0,39,93,0,114,46,63,0,40,52,48,28,0,50,0,0,23,0,0,118,172,0,0,0,0,0,0,51,0,0,0,124,41,0,0,0,0,0,85,41,213,103,0,0,123,0,0,0,0,48,0,0,0,0,0,0,0,0,0,0,199,0,187,0,0,0,0,183,0,140,0,0,29,209,48,0,0,0,0,51,0,68,0,0,0,80,0,0,55,0,0,0,0,0,0,0,62,0,0,0,0,0,0,122,0,74,0,60,135,0,0,52,101,0,114,100,0,43,0,0,0,0,27,0,154,36,36,31,0,0,80,0,0,101,0,0,80,0,57,0,0,36,229,157,0,179,47,0,0,0,0,121,72,68,50,82,25,55,48,0,42,0,0,31,0,0,0,83,107,100,0,55,44,0,0,0,0,0,74,47,45,33,289,50,29,27,35,77,677,57,71,73,39,0,292,91,0,0,53,59,52,0,0,60,0,35,0,0,0,0,30,73,0,0,0,170,88,77,0,126,95,0,0,48,47,0,0,67,49,0,0,0,43,30,103,0,0,21,0,0,412,0,0,200,84,0,0,0,54,0,0,119,0,119,0,62,0,59,0,0,84,0,100,106,0,64,178,65,57,817,28,0,0,0,19,94,241,62,0,51,120,0,0,75,0,343,0,222,0,0,0,0,0,30,226,182,126,77,0,0,0,0,0,0,100,0,0,49,0,0,0,0,204,0,0,0,0,59,112,0,0,145,0,105,70,0,0,592,0,0,0,0,32,290,39,57,0,34,0,0,125,43,103,201,0,40,105,274,0,48,0,0,0,84,221,0,0,0,0,121,0,50,0,34,0,0,159,0,98,0,30,0,77,0,0,0,76,0,0,55,145,0,52,0,375,0,0,0,0,0,0,186,76,39,112,496,0,0,70,0,0,0,0,0,0,0,205,0,21,34,0,12,69,0,43,0,57,0,0,0,0,0,37,0,0,181,0,0,39,0,0,0,0,0,0,0,0,17,0,0,0,65,59,0,0,0,0,72,0,0,0,0,36,46,42,52,0,0,0,0,0,0,35,0,92,0,128,0,0,0,0,0,0,82,0,0,31,122,220,46,59,0,0,149,0,43,0,0,0,0,0,0,0,0,0,0,154,0,0,50,0,0,0,0,0,0,85,0,130,0,0,0,0,62,0,0,31,0,0,66,0,91,0,66,0,0,0,0,0,0,103,0,27,38,0,40,40,0,0,0,62,0,0,47,0,0,86,67,0,0,0,0,0,450,0,0,28,0,0,0,0,0,0,0,0,0,0,0,0,27,0,0,0,0,36,0,34,0,0,0,0,0,0,0,0,0,0,57,0,62,75,49,0,0,0,0,0,0,81,0,0,0,0,0,0,153,0,0,80,0,0,39,102,0,49,44,0,0,0,0,0,0,0,0,0,0,0,0,75,0,113,150,0,35,0,0,0,0,41,0,32,0,0,144,0,0,47,0,0,0,0,48,0,98,151,67,76,0,0,0,49,0,0,0,36,0,19,0,0,27,866,18,0,0,0,0,50,51,0,36,0,55,0,0,0,37,0,79,172,0,0,38,0,0,0,0,0,0,0,0,0,42,71,41,56,0,98,108,0,0,0,0,0,0,0,0,0,0,0,0,666,0,0,527,81,0,0,95,0,64,63,0,164,58,0,17,0,0,0,115,0,193,67,0,0,0,0,0,0,0,0,44,0,0,0,537,0,37,75,178,105,0,0,0,64,54,0,0,295,0,0,0,0,255,0,252,43,34,184,0,0,37,0,0,0,0,85,0,144,190,0,0,0,117,0,0,19,0,0,111,41,0,0,147,0,62,0,0,61,0,19,0,0,54,68,56,0,179,0,0,83,0,0,52,135,0,0,0,0,60,0,0,70,0,39,0,0,95,904,108,0,0,71,0,21,0,68,243,0,0,147,0,77,0,76,0,0,0,0,0,0,0,0,0,136,37,0,35,0,31,66,61,113,0,0,181,0,0,99,15,47,0,0,0,49,109,0,0,0,37,31,0,0,266,0,0,0,45,188,84,0,0,107,136,0,232,0,0,504,0,139,0,71,52,134,93,50,0,0,62,0,126,0,52,0,27,294,0,0,0,0,0,0,212,0,0,12,346,0,0,154,38,96,63,239,0,41,97,0,0,366,0,301,66,74,0,29,207,0,20,28,0,23,32,0,0,0,0,0,70,80,0,94,0,0,80,72,0,28,0,0,74,0,0,36,0,39,0,0,242,263,0,118,0,0,0,0,61,121,0,0,0,0,0,0,38,57,160,0,0,0,51,0,0,0,225,0,0,0,67,0,0,0,51,0,85,81,0,135,0,0,0,0,0,27,25,0,0,0,0,0,57,0,0,0,83,0,68,0,0,73,82,0,31,0,0,145,72,407,56,42,0,0,0,0,0,0,0,103,48,0,45,0,33,0,0,0,83,0,0,0,60,0,0,0,0,54,128,0,0,0,0,39,65,0,0,0,0,98,0,26,0,0,0,0,0,0,0,0,95,60,0,40,199,0,0,200,0,147,0,0,62,46,0,0,127,0,0,0,0,41,0,30,0,0,115,0,0,0,0,42,0,85,24,0,0,0,0,660,284,0,0,90,0,147,0,0,0,54,0,0,0,0,138,46,0,0,0,0,0,44,0,38,0,0,0,59,39,474,0,137,0,212,0,0,0,0,0,36,95,0,285,46,0,141,0,0,119,0,0,0,25,112,0,0,0,61,0,0,26,0,0,107,0,43,0,48,38,0,755,0,0,75,0,304,54,38,0,99,144,0,0,0,43,192,0,0,146,0,0,88,0,0,70,36,36,217,33,0,0,0,0,0,359,48,0,0,0,52,0,44,0,0,0,0,0,0,33,0,0,105,0,0,54,36,0,56,0,0,0,274,0,0,0,0,0,0,0,120,44,0,0,52,194,0,187,43,0,0,0,0,21,0,49,266,0,0,0
143,0,0,0,0,0,0,0,0,37,0,133,0,0,0,58,87,96,0,0,0,94,0,0,0,0,0,0,60,0,0,0,0,0,0,0,0,0,66,0,0,0,0,0,141,0,31,0,157,0,87,0,85,35,0,50,0,0,0,0,0,44,29,32,0,0,0,0,0,0,88,0,0,0,0,60,67,0,80,0,62,0,0,31,209,0,0,0,0,0,74,0,0,0,20,0,0,0,0,0,0,0,0,67,0,0,0,0,0,0,78,0,40,57,0,0,0,0,0,0,157,0,114,0,0,0,23,0,52,0,0,0,44,0,0,0,92,0,35,0,0,0,48,141,0,0,0,0,0,73,0,0,94,0,98,0,0,0,0,0,0,36,0,124,0,0,0,0,69,105,89,69,0,32,0,41,0,0,67,43,0,0,0,0,0,0,0,247,86,0,0,0,49,56,0,0,49,0,0,50,0,0,0,0,263,0,0,0,0,31,74,0,0,33,0,0,0,0,0,0,75,81,0,0,37,0,0,0,0,0,0,0,0,0,0,0,0,75,153,0,0,50,0,0,0,0,63,0,0,0,0,0,45,42,30,0,22,0,0,26,0,0,0,21,0,0,0,127,0,174,0,0,0,74,0,0,0,0,351,252,0,0,69,85,0,0,0,169,794,0,0,0,103,0,0,0,0,0,89,0,0,0,0,0,0,114,191,42,0,0,32,0,50,0,0,0,0,70,15,0,0,0,0,0,57,0,0,0,0,0,53,0,0,0,63,25,0,0,0,30,0,85,0,0,0,0,0,0,0,160,58,0,0,138,190,0,19,0,0,76,31,0,37,0,0,118,127,77,0,0,95,0,0,0,0,78,0,0,0,0,0,0,0,0,0,313,0,47,0,0,0,0,117,0,43,0,80,38,74,0,0,0,46,0,0,0,0,0,0,0,0,0,0,0,0,0,86,0,42,0,0,0,0,0,36,0,31,0,0,0,0,0,0,0,49,0,0,46,0,39,0,0,99,0,36,90,100,34,0,0,0,0,0,0,0,0,0,0,0,0,73,0,35,58,0,0,0,0,0,0,0,0,135,0,0,0,0,59,62,0,25,0,0,50,21,0,0,16,73,36,57,0,0,50,0,29,33,60,54,0,0,49,0,221,25,71,0,73,30,0,0,0,0,0,0,0,0,0,0,0,0,0,69,90,52,0,0,22,117,0,0,0,0,0,41,0,0,0,0,58,0,0,0,0,0,0,0,0,30,72,0,32,0,26,43,0,0,0,0,0,64,191,0,20,0,128,0,0,0,0,0,54,0,0,0,0,0,72,0,0,0,42,0,0,145,0,0,57,32,0,0,161,0,0,0,0,0,0,0,0,0,0,0,0,0,45,28,0,0,0,0,0,59,35,158,0,33,0,0,0,0,65,0,0,0,0,0,0,0,94,37,0,0,0,0,0,0,59,0,0,0,0,208,0,0,70,0,0,0,0,0,0,0,0,174,0,53,0,0,0,0,44,0,0,0,67,0,0,0,45,0,0,0,0,57,0,0,0,33,0,0,0,55,0,87,0,0,0,68,0,57,0,54,0,0,0,0,0,91,0,0,0,0,48,31,36,0,0,0,0,0,74,0,0,0,0,0,0,84,0,53,0,80,530,0,112,52,78,0,0,0,0,0,0,0,0,0,0,0,0,158,0,787,0,0,182,0,0,0,0,0,38,0,0,0,0,0,0,0,0,0,33,0,0,0,72,0,0,0,0,236,72,0,0,0,51,0,0,0,0,71,0,0,0,0,0,61,0,0,112,0,0,0,0,0,0,0,63,0,0,0,0,0,0,0,0,78,21,23,0,0,31,31,38,0,0,0,0,0,0,32,0,35,0,0,0,0,0,0,76,41,0,0,0,0,0,0,56,0,0,0,25,32,0,0,0,0,168,0,0,0,0,0,0,0,0,130,91,0,85,0,0,0,96,0,45,0,0,23,0,0,0,0,0,0,65,0,0,0,0,0,31,30,0,0,66,0,115,0,0,0,0,0,0,85,56,295,0,0,0,0,0,0,48,0,0,0,93,117,36,84,0,0,0,0,215,28,58,0,0,19,0,0,0,0,0,0,33,0,0,0,0,0,0,36,0,0,117,74,0,24,0,0,0,0,94,0,0,0,0,39,0,0,42,0,0,0,0,111,0,0,74,0,58,45,28,0,43,0,0,0,0,0,186,29,22,0,153,0,0,0,74,0,0,31,72,90,0,209,0,929,0,0,0,0,0,41,0,0,38,0,0,0,0,0,93,37,43,51,80,0,0,0,54,0,69,109,124,0,26,0,0,0,0,0,0,73,0,0,0,0,0,0,0,0,0,0,0,209,0,213,38,0,0,0,0,88,0,30,22,0,0,13,58,231,0,0,0,148,75,0,59,34,0,0,230,148,0,0,0,27,0,0,62,0,0,0,0,0,57,0,0,0,0,111,0,16,0,0,0,0,206,0,50,31,66,0,0,0,0,0,0,64,0,0,0,63,0,0,49,0,96,68,83,0,0,121,0,0,91,47,0,78,0,46,0,0,0,0,0,0,0,102,176,0,0,0,0,0,0,0,0,0,0,0,0,0,95,0,13,0,0,0,0,0,0,0,0,142,32,0,0,105,0,0,0,0,0,42,0,0,0,0,33,52,0,0,205,0,0,0,0,0,0,0,0,80,0,0,0,0,0,176,0,64,0,0,0,0,24,0,0,0,0,113,0,0,0,0,0,0,0,0,44,50,0,0,0,0,69,0,0,0,0,0,0,0,0,0,0,0,0,0,69,0,0,0,0,0,0,0,0,0,0,0,0,0,0,0,0,0,0,0,0,0,0,0,0,0,0,0,0,40,0,0,0,0,0,0,0,97,0,0,0,0,0,68,0,0,0,30,0,0,0,0,0,0,0,0,0,0,0,0,47,0,0,0,0,0,53,0,67,14,0,0,50,0,0,0,0,0,0,0,0,41,0,0,0,30,0,60,0,0,59,0,34,0,27,0,0,53,0,0,46,0,0,0,0,0,0,0,0,0,0,0,74,0,0,0,0,0,0,0,33,0,0,0,0,0,0,0,0,0,0,0,0,0,434,171,0,54,0,0,0,0,0,0,0,0,106,0,0,0,0,0,238,0,0,0,166,0,162,0,0,0,0,0,0,0,0,0,63,0,68,0,46,0,95,0,127,0,0,77,0,0,0,0,0,0,0,0,44,0,0,35,25,0,0,0,269,0,42,28,70,0,0,51,0,0,0,0,0,30,0,0,0,57,0,0,0,42,0,0,0,0,0,0,75,0,0,37,0,0,0,0,0,0,0,23,0,0,53,0,0,42,0,0,0,0,46,0,0,0,76,93,61,19,0,0,0,0,0,0,0,29,137,0,0,0,0,0,0,0,0,0,0,0,0,0,78,0,0,0,0,0,46,0,0,0,0,0,0,0,0,0,0,0,0,45,0,0,0,0,0,0,0,0,0,0,0,0,0,0,0,0,0,0,0,23,0,0,0,0,0,0,38,0,0,0,0,0,0,0,97,40,0,0,69,0,0,0,0,0,0,0,0,0,0,0,0,0,0,0,63,0,16,0,0,0,0,0,0,0,0,0,0,0,0,0,0,36,0,0,0,0,0,26,33,159,0,0,0,52,0,0,0,0,0,0,0,0,0,0,0,43,0,0,0,0,0,0,52,0,0,0,0,0,0,0,0,0,0,0,0,0,0,87,0,0,0,0,52,0,0,25,0,0,0,0,0,0,0,239,0,0,0,0,51,0,0,0,93,0,0,0,35,0,0,0,35,0,38,34,56,0,0,0,0,0,27,0,52,0,0,0,0,0,0,37,0,0,0,0,0,37,0,0,0,0,0,0,0,0,0,0,31,0,0,0,0,0,0,0,0,0,58,0,0,61,31,0,0,0,0,0,89,0,0,0,0,0,67,0,0,36,26,0,0,0,0,0,0,0,94,0,78,0,0,72,0,201,0,0,0,49,0,0,32,0,0,31,0,0,0,0,0,0,0,0,0,136,0,0,0,0,0,0,0,0,0,0,0,0,0,0,0,0,0,0,0,0,0,0,0,0,60,38,0,0,0,0,0,0,0,0,0,17,0,0,0,0,121,0,0,0,0,0,55,73,0,55,0,0,0,0,0,0,0,0,0,0,0,0,0,0,0,0,0,0,0,0,65,0,0,0,89,0,0,0,0,0,0,0,0,0,27,0,0,0,0,0,0,0,0,0,0,0,80,0,54,0,0,0,0,0,0,55,0,0,0,0,0,0,0,0,0,193,0,0,0,0,38,0,17,21,0,0,0,0,42,0,0,0,0,0,0,0,0,53,0,0,42,0,0,0,117,0,0,127,0,0,0,0,0,0,0,0,0,0,0,0,0,0,0,0,0,0,0,49,0,0,0,0,0,76,0,84,0,0,0,0,0,0,0,0,48,0,0,0,0,0,0,61,83,0,0,0,0,0,0,0,37,191,0,0,59,0,0,0,0,0,0,0,0,117,0,0,160,0,0,0,0,0,0,0,0,0,38,40,0,0,0,52,0,0,0,0,163,105,0,0,0,0,0,0,45,0,71,0,0,0,0,0,0,0,0,0,28,38,45,0,0,0,60,0,39,0,0,0,0,0,0,0,0,0,0,0,0,0,0,85,66,0,0,0,68,103,0,0,0,0,0,0,0,0,0,38,0,0,74,136,0,0,33,0,0,78,43,0,0,0,0,0,0,0,0,0,72,0,69,0,0,0,0,0,0,0,140,0,0,123,0,56,0,0,0,29,0,0,0,0,0,0,0,53,58,110,114,0,0,0,0,0,0,0,0,0,0,58,0,0,0,0,0,0,0,44,0,0,87,0,83,0,0,0,0,0,0,26,0,0,0,71,253,0,40,0,29,68,0,0,0,0,0,0,0,0,0,0,0,161,119,0,0,0,0,0,0,0,0,0,0,0,138,18,15,0,19,22,0,0,19,34,0,0,0,0,0,0,28,0,43,24,0,0,0,0,104,0,0,0,68,0,0,0,0,0,0,88,0,0,44,0,0,0,0,0,0,482,0,0,0,0,0,0,0,0,0,0,18,0,0,0,0,0,0,0,0,0,114,0,0,65,0,0,0,0,37,0,0,0,0,22,0,49,116,0,0,0,0,0,0,0,0,0,0,0,0,0,0,55,0,0,42,0,0,0,0,0,0,0,0,0,0,0,0,0,0,0,0,34,0,0,68,0,0,0,0,0,0,0,107,0,0,0,48,29,0,79,0,0,0,0,0,0,0,0,0,69,0,0,32,0,0,0,0,0,0,0,0,0,0,0,64,56,269,0,0,0,0,0,0,0,0,0,0,57,0,0,0,0,0,35,0,0,0,50,0,0,0,0,0,0,0,0,0,0,0,0,0,0,47,50,0,0,0,0,0,79,0,0,0,0,0,0,363,0,0,203,0,0,0,127,0,73,0,0,0,0,0,0,0,0,0,78,0,0,41,58,0,0,0,0,0,0,157,43,0,0,0,0,0,52,0,0,0,0,0,0,0,0,0,0,164,0,0,0,0,142,0,59,0,0,33,0,0,0,0,0,0,0,0,0,84,33,0,0,0,37,0,0,0,0,0,96,66,66,0,0,0,0,0,0,0,0,0,0,0,91,25,28,0,198,0,0,0,0,0,0,50,0,0,0,0,0,0,0,0,0,0,0,0,0,550,54,0,0,0,0,0,0,0,64,0,0,0,0,0,0,28,0,0,0,0,0,0,0,0,28,14,0,0,0,0,32,0,0,21,0,0,38,0,0,0,0,0,0,0,0,0,0,0,0,0,0,0,0,0,93,0,0,0,82,0,0,33,0,15,0,0,0,0,0,353,0,62,0,0,75,0,0,100,0,0,0,0,0,35,0,0,0,0,0,0,0,0,0,0,168,0,0,32,320,0,0,40,0,72,0,239,0,0,80,0,0,216,0,93,0,0,0,0,31,0,31,0,0,0,0,0,0,0,0,0,78,45,0,30,0,37,0,0,0,0,0,0,0,0,0,0,0,0,0,0,17,64,0,39,0,0,0,0,35,192,0,0,86,0,0,0,0,0,128,0,0,0,33,0,0,0,0,0,0,0,0,0,0,95,0,0,0,50,0,25,0,0,0,0,0,0,0,0,0,0,0,0,20,0,0,0,0,0,0,0,66,0,0,0,0,0,0,28,0,0,0,0,0,0,0,0,0,0,0,78,38,0,0,22,0,0,0,0,0,0,0,0,0,0,0,0,0,144,68,0,0,0,0,0,0,0,0,0,0,0,0,0,0,0,0,0,0,0,0,0,14,0,32,101,82,0,0,91,0,63,0,0,0,0,0,0,20,0,0,0,0,0,0,0,0,0,17,0,0,0,0,0,0,16,0,0,0,0,0,194,320,0,0,0,24,34,0,0,0,0,0,0,0,0,0,0,0,0,0,0,0,0,0,60,0,0,0,0,0,47,0,0,0,26,0,0,0,0,0,0,0,0,118,96,0,0,0,0,0,0,0,0,0,38,0,0,0,0,0,0,53,0,0,0,0,0,0,0,0,0,210,0,0,48,0,0,0,0,0,0,0,0,0,0,0,0,0,0,0,0,0,0,0,0,36,0,32,62,0,0,0,0,0,0,176,0,0,0,0,0,0,0,0,0,0,0,0,23,0,0,0,0,0,0,82,0,0,0,0,31,0,86,0,0,0,0,0,0,0,0,0,0,0,46,52,0,0,0,0,0,0,0,0,0,0,126,0,0,0
144,0,0,0,0,0,0,0,0,0,0,43,0,0,0,40,75,129,0,0,0,0,0,0,0,0,0,0,0,0,0,0,0,0,0,0,0,0,0,0,0,0,0,0,42,0,0,0,0,0,0,0,0,0,0,0,0,0,0,0,0,0,0,0,0,0,0,0,0,0,34,0,0,0,0,0,0,0,0,0,0,0,0,0,0,0,0,0,0,0,0,0,0,0,0,0,0,0,0,0,0,0,0,0,0,0,0,0,0,48,54,0,0,0,0,0,0,0,0,0,0,0,0,0,0,0,0,0,0,0,0,0,0,0,0,0,0,0,0,0,0,0,0,46,0,0,0,0,0,0,0,0,0,0,0,0,0,0,0,0,0,0,0,0,0,0,0,0,0,0,54,0,0,16,0,0,0,0,0,0,0,0,0,0,0,0,0,0,0,0,0,0,0,0,0,0,66,0,0,21,0,0,0,0,125,0,0,0,0,0,0,0,0,0,0,0,0,0,0,0,82,0,0,0,0,0,0,0,121,0,0,0,0,0,0,0,0,0,0,0,0,0,0,0,0,0,0,0,0,0,0,0,0,24,0,0,0,0,0,0,45,0,0,14,0,0,0,0,47,0,0,0,0,0,0,0,0,0,0,0,0,0,0,48,0,0,0,108,0,0,0,0,0,0,0,0,0,0,0,0,0,0,0,0,0,0,0,0,0,0,0,0,14,0,0,0,0,45,0,0,0,0,0,0,0,0,0,109,0,0,0,0,0,0,0,0,0,0,0,0,0,0,0,0,0,0,0,0,0,267,54,0,0,0,0,0,0,0,19,0,0,0,0,0,0,26,115,0,0,0,0,0,0,0,0,44,0,0,0,0,0,0,29,0,0,0,0,0,0,0,0,0,94,0,0,0,0,0,0,0,0,0,0,0,0,0,0,0,0,0,0,0,0,0,0,0,90,0,0,0,0,0,0,0,0,0,0,0,0,0,0,0,0,0,0,0,0,0,0,0,0,0,0,0,0,0,99,0,0,0,0,0,36,0,0,0,0,0,0,0,0,0,0,0,0,0,0,0,0,0,0,0,109,0,0,0,0,106,0,0,0,0,0,47,0,0,0,0,0,53,29,0,0,0,0,0,0,0,0,0,0,0,0,270,0,0,102,0,0,0,0,0,0,0,0,0,0,0,0,0,0,0,0,0,0,0,0,0,0,0,0,0,0,0,0,0,0,0,0,0,0,0,0,0,0,0,31,0,28,0,0,0,0,23,0,0,0,0,0,0,21,0,0,0,0,39,0,0,0,0,0,0,0,0,0,0,0,0,0,0,0,68,0,0,0,0,0,0,0,0,0,76,0,0,0,0,0,0,0,0,0,0,0,0,0,0,0,0,0,0,0,0,0,0,0,0,0,0,0,0,0,0,0,0,0,0,40,34,0,33,0,0,0,0,0,0,0,19,0,0,0,0,0,0,0,159,0,46,0,37,63,0,0,44,92,0,0,45,0,0,0,0,34,0,0,78,44,12,0,0,193,0,0,0,52,0,0,0,0,0,0,0,0,69,0,0,0,0,0,0,0,0,0,0,0,0,67,0,50,0,0,28,0,0,0,0,0,0,0,0,0,53,86,0,0,0,0,0,0,68,186,0,0,33,145,132,0,37,0,0,16,0,0,0,0,0,0,0,202,31,68,0,130,51,0,0,0,0,91,0,0,56,0,0,0,0,0,28,0,0,0,0,0,0,0,0,0,55,0,101,0,0,0,0,0,145,0,0,0,0,39,0,0,0,0,0,0,0,0,36,0,0,0,0,0,0,0,0,0,0,0,0,0,0,175,0,0,0,91,0,0,0,136,52,0,51,0,0,0,0,0,0,41,0,0,0,0,0,0,0,0,0,0,0,0,0,28,39,0,0,0,0,110,0,127,0,0,0,32,0,0,0,47,0,0,0,435,0,0,0,0,0,0,0,0,0,0,0,0,0,0,0,0,0,80,0,0,0,0,0,0,81,70,0,0,73,0,0,0,0,0,84,0,0,42,34,44,0,0,0,0,153,0,28,0,0,0,0,58,65,53,0,0,0,0,115,0,44,0,0,41,0,25,0,0,0,0,0,0,0,0,0,0,0,0,0,0,57,0,0,0,46,0,36,0,0,0,0,34,0,0,0,0,73,0,0,0,0,51,0,0,47,0,0,94,0,0,0,0,101,0,0,0,54,69,0,0,147,0,0,0,59,0,0,33,58,64,31,232,0,602,0,0,0,0,0,0,0,0,0,35,0,81,0,0,0,0,39,0,0,0,0,0,0,0,42,76,46,0,0,0,0,0,0,0,0,231,0,0,0,0,0,0,0,0,0,0,47,133,0,144,0,33,0,0,0,0,0,0,0,0,0,0,0,67,0,0,56,45,32,0,58,0,48,0,89,139,0,83,0,72,49,0,176,0,0,0,0,0,38,0,0,0,0,28,0,0,0,22,0,0,225,0,0,0,39,0,0,0,0,0,0,32,0,0,48,0,0,0,0,0,58,0,147,0,0,298,0,0,85,0,24,46,0,0,0,0,61,0,0,0,0,0,122,0,0,0,0,90,0,0,0,0,0,0,0,0,67,44,0,0,50,48,0,0,0,0,23,0,0,0,0,40,66,71,0,40,0,91,0,0,0,0,25,62,0,0,43,88,0,0,0,0,0,0,78,274,0,0,0,0,86,96,0,0,54,0,0,0,0,0,0,0,30,48,0,0,0,0,0,0,0,0,0,62,0,0,0,0,101,0,0,0,0,0,0,0,0,0,0,0,0,0,0,63,0,0,0,0,0,0,0,0,48,0,0,0,0,0,0,0,0,0,7,36,0,0,0,0,0,0,0,0,0,53,0,0,0,53,71,74,74,0,0,0,0,0,0,0,0,87,131,26,0,0,0,0,0,0,0,0,0,0,52,0,0,0,0,0,38,0,87,0,0,0,0,0,0,63,117,0,0,102,0,54,0,34,103,29,0,132,0,0,663,0,0,0,0,0,0,171,0,0,60,35,54,0,83,0,0,0,0,77,0,44,263,0,0,0,0,0,0,0,59,60,0,0,0,0,0,0,22,0,0,0,0,0,272,383,0,275,40,0,131,49,0,0,0,0,34,0,47,67,75,0,91,0,61,0,61,0,98,73,0,0,0,0,0,0,0,76,54,0,0,0,0,72,74,0,215,0,0,99,0,0,53,40,0,70,0,0,25,43,0,0,0,0,0,18,203,0,0,48,0,0,0,94,0,0,65,0,0,155,0,0,0,37,0,39,53,0,0,0,0,81,0,0,0,0,68,139,0,0,0,0,0,0,0,0,54,0,31,76,31,196,0,0,0,0,137,38,32,0,326,62,123,0,0,0,0,0,0,51,0,75,121,0,0,54,220,0,0,31,0,0,0,0,0,0,0,0,0,0,0,0,82,0,0,0,0,0,57,0,0,0,138,0,0,51,57,0,0,62,0,0,242,0,70,0,61,55,0,0,0,27,0,0,109,0,77,0,0,0,59,0,0,0,18,0,89,0,0,32,85,0,0,113,0,0,0,54,84,0,48,57,61,0,54,0,44,0,53,0,76,0,61,100,0,111,0,0,0,27,26,72,31,0,0,104,0,0,0,0,0,55,0,0,0,32,0,0,45,0,0,51,0,0,89,0,0,34,0,280,0,0,0,0,0,0,0,0,104,0,79,0,0,49,0,0,0,0,67,0,0,0,0,53,126,0,0,0,179,0,0,0,0,369,0,13,0,0,48,0,34,0,0,0,117,0,0,0,0,0,0,0,0,0,0,0,328,0,177,0,0,0,0,0,66,0,0,0,0,0,0,27,0,103,0,72,0,30,19,0,0,139,47,0,0,234,0,0,0,73,50,0,0,90,52,0,44,0,47,0,106,0,178,306,0,0,0,0,0,33,0,37,0,0,0,0,0,0,0,0,0,44,0,0,194,0,0,0,0,0,45,0,0,0,32,287,56,0,0,0,0,0,0,91,0,47,51,85,0,0,0,0,0,0,0,0,0,125,38,0,0,0,0,0,0,36,0,0,0,0,108,0,22,0,32,0,101,0,0,0,0,0,28,0,51,0,44,26,0,0,0,0,34,0,0,0,0,0,142,0,0,0,54,49,0,74,0,49,0,0,0,0,0,33,32,0,0,116,0,47,0,0,0,0,0,0,0,0,0,48,41,0,93,0,0,46,0,0,0,0,47,0,0,0,67,0,22,0,0,0,237,0,0,42,102,0,120,0,0,0,0,196,104,51,0,0,0,40,0,0,0,60,115,87,0,0,0,92,0,40,0,37,0,0,0,0,39,0,0,0,0,0,0,0,0,74,178,0,0,0,0,0,114,0,0,327,0,0,0,0,38,47,0,220,83,124,0,0,0,0,0,0,0,0,0,42,43,0,84,26,0,94,32,0,0,0,0,56,107,60,0,0,102,0,0,124,0,70,0,132,0,53,0,0,0,0,183,68,52,141,0,0,0,0,0,27,72,0,0,90,0,0,0,0,109,0,0,0,0,72,0,0,0,33,0,54,54,0,0,107,0,0,0,0,134,161,0,0,0,0,27,0,48,0,29,109,0,0,0,0,0,0,0,0,0,44,126,0,0,0,0,44,0,0,0,0,59,0,0,0,32,0,0,0,52,0,0,38,64,0,0,0,32,43,0,0,214,0,0,0,0,0,0,87,39,0,44,121,0,0,21,0,0,41,0,35,0,0,34,0,0,75,0,90,123,25,0,0,0,0,0,0,90,0,0,0,0,65,30,67,34,0,0,0,0,0,0,0,0,0,0,0,0,134,0,0,0,0,0,51,46,0,0,0,0,41,43,59,0,0,8,0,0,0,33,0,56,123,261,0,0,0,0,0,0,99,0,0,64,0,120,102,101,0,0,111,0,55,0,56,0,0,0,0,0,0,0,139,86,0,0,26,0,0,0,0,0,42,39,36,134,66,26,0,0,246,0,0,164,31,0,0,0,42,0,74,54,0,75,0,0,88,76,0,172,25,0,0,66,0,49,34,63,39,0,108,0,0,122,73,0,0,0,0,0,0,0,182,0,48,0,0,72,127,0,0,0,0,21,0,0,0,0,0,0,0,95,0,19,245,0,0,0,0,37,0,0,0,0,0,109,0,145,65,0,0,0,49,0,49,0,0,0,0,0,0,0,46,0,0,166,0,0,61,0,0,64,0,158,0,51,0,0,0,0,0,0,38,0,74,28,0,88,66,0,0,0,0,94,0,0,95,69,0,66,120,0,0,0,0,0,41,0,0,0,124,231,99,0,0,0,78,0,0,0,0,0,0,0,0,85,0,305,0,0,0,25,0,0,156,0,100,34,43,0,0,0,0,0,0,120,0,0,223,0,0,98,0,0,0,0,0,0,0,42,0,0,21,189,47,0,0,0,0,0,85,57,0,0,36,0,0,86,0,0,202,45,0,0,74,0,197,66,0,0,33,0,0,0,0,0,127,0,350,80,30,0,0,46,0,0,0,155,0,0,0,0,223,0,51,0,31,147,0,0,46,60,0,0,0,224,0,53,38,0,41,0,84,52,27,272,0,0,0,0,0,0,0,95,0,274,122,0,0,0,0,0,0,73,0,64,119,66,138,0,23,0,0,0,0,0,0,0,0,0,85,0,0,0,137,0,0,45,0,0,0,115,0,71,0,118,0,0,0,0,46,61,0,0,103,62,0,0,28,50,0,0,0,59,133,0,88,0,23,27,0,0,136,0,0,0,0,0,0,0,0,51,0,0,0,0,46,0,72,123,0,32,120,0,0,72,0,45,48,0,73,110,81,0,0,0,0,69,21,37,0,43,0,0,0,0,0,0,27,52,99,0,0,0,33,72,83,66,0,49,0,55,134,56,0,60,25,0,117,61,0,23,0,469,23,0,0,0,0,0,174,0,0,0,257,0,28,148,64,0,0,81,0,72,97,0,0,285,0,152,56,64,0,0,198,0,0,46,0,46,0,0,0,55,0,0,45,0,8,72,0,80,105,43,0,84,25,0,0,0,0,0,0,0,0,0,0,228,0,0,0,0,0,0,0,152,0,86,150,0,0,0,0,42,58,0,0,0,147,0,0,59,0,0,0,0,35,0,0,126,0,62,39,0,56,0,0,0,0,0,0,0,88,0,39,0,0,0,39,0,0,0,116,0,125,0,102,0,0,0,71,0,0,0,0,101,0,120,0,0,0,25,0,0,51,236,127,0,86,84,52,0,59,0,0,0,0,0,0,0,0,0,0,199,0,29,53,0,0,91,0,0,0,0,47,75,104,0,0,0,0,51,0,55,104,0,0,0,78,131,167,0,0,0,31,0,0,0,0,0,0,0,145,0,35,0,0,0,0,0,0,0,0,31,46,0,0,0,0,0,0,0,0,41,110,85,128,0,61,0,0,0,0,100,0,148,42,50,0,0,63,51,0,22,0,0,0,45,0,43,160,0,40,45,78,32,0,0,0,78,0,0,0,0,0,99,138,0,928,165,0,157,0,0,0,0,0,0,36,146,0,0,22,93,0,0,0,0,0,0,0,41,0,116,50,117,141,52,0,0,0,83,0,188,0,71,0,0,0,54,0,104,0,0,0,0,68,97,0,0,0,61,297,105,0,38,0,0,0,0,445,154,0,0,0,117,0,0,0,23,0,0,61,57,33,0,0,61,0,0,188,0,0,130,0,56,0,275,0,0,0,0,0,0,0,0,199,0,0,87,94,0,0,0,0,0,26,0,0,0,0,0,0,0,0
145,0,0,0,22,0,0,0,0,75,0,339,0,0,0,100,325,234,0,0,0,264,19,41,0,60,0,41,0,0,0,23,65,0,0,139,126,0,80,94,90,34,0,0,298,0,28,62,284,0,132,54,48,77,0,346,53,0,0,0,0,0,93,237,0,59,99,0,0,0,299,0,0,50,0,241,0,0,118,0,32,0,44,50,0,30,0,0,64,36,399,0,51,74,85,36,0,0,30,59,0,0,0,51,0,0,34,0,128,51,156,41,50,74,131,40,13,0,0,29,0,0,157,0,0,0,0,0,0,0,97,0,208,0,36,64,114,76,0,0,146,63,104,403,0,0,0,0,0,0,0,0,0,0,126,39,0,94,43,95,81,56,0,37,60,63,33,43,95,0,118,96,23,67,0,0,49,25,88,76,0,186,0,0,0,50,0,297,125,0,0,0,75,0,130,26,119,0,0,148,0,71,84,0,215,0,0,0,0,154,0,116,21,0,0,118,55,54,0,0,196,173,35,0,179,0,0,101,266,0,52,0,0,0,0,0,34,0,84,0,30,0,0,63,51,0,0,0,0,0,31,27,179,133,120,39,113,0,0,76,146,75,72,79,0,0,0,167,76,102,0,0,76,276,0,38,57,38,497,32,0,0,62,0,0,0,36,51,1237,74,53,0,225,0,0,49,21,0,0,53,0,50,85,0,0,289,283,117,18,37,38,461,152,0,0,73,77,344,66,0,0,0,0,0,351,98,61,264,20,0,365,0,49,93,90,60,0,38,0,0,11,110,0,96,134,0,0,28,52,895,277,102,0,296,585,0,56,147,521,154,90,57,89,0,87,314,355,210,74,48,209,80,108,0,119,316,154,0,0,181,46,49,68,46,106,672,93,92,60,0,0,0,385,0,44,45,1007,90,36,147,0,28,244,0,32,114,54,52,55,0,110,0,160,21,0,31,437,222,275,274,43,211,62,37,89,72,116,57,167,49,0,0,31,0,126,0,0,80,35,182,0,0,186,168,125,99,326,140,53,90,0,0,220,0,55,16,36,37,16,49,113,31,243,179,46,0,0,102,0,0,0,26,437,129,73,49,134,381,191,128,0,0,135,156,83,0,0,146,109,294,120,0,0,223,27,0,278,129,147,54,0,164,0,294,103,80,370,154,45,0,35,29,0,0,0,0,194,94,69,186,132,39,138,196,78,28,0,51,273,0,65,46,27,0,211,96,0,0,0,230,0,79,284,0,42,0,81,38,91,217,40,69,44,55,47,41,0,82,0,65,212,315,0,87,101,69,0,0,0,59,108,226,0,0,0,34,0,269,0,23,182,263,192,0,409,0,442,420,61,26,52,326,0,140,0,0,0,135,0,0,35,0,23,132,110,66,111,19,0,64,0,0,323,474,156,29,62,125,0,89,0,65,0,0,68,53,0,64,0,51,0,0,0,0,46,62,75,129,37,0,0,0,214,0,0,262,34,73,0,500,494,41,0,50,526,0,0,50,66,75,61,78,101,0,0,248,55,84,48,0,499,0,274,31,97,100,53,43,96,0,38,0,0,163,40,48,84,0,158,0,75,43,108,0,104,65,0,33,386,0,0,128,0,117,81,49,37,0,200,204,51,141,312,0,0,0,0,0,268,165,252,138,34,231,326,81,186,161,0,0,0,120,49,0,162,0,0,0,273,300,129,109,1348,244,0,144,0,0,240,0,33,101,0,42,233,64,0,24,0,32,28,138,0,0,0,183,0,121,52,195,230,65,110,52,0,209,55,0,33,45,98,0,128,0,0,0,148,128,185,535,0,0,0,81,0,94,0,0,33,75,67,0,92,0,201,0,134,162,247,44,93,30,186,0,69,538,0,69,53,164,180,0,381,0,56,0,118,40,59,166,206,0,0,0,0,0,163,99,0,0,0,15,422,0,283,0,0,152,87,0,177,0,229,0,0,0,971,274,123,200,0,0,0,261,47,89,43,0,45,30,0,45,0,58,401,156,0,0,0,125,44,137,92,0,64,113,0,141,0,0,102,113,38,210,68,0,391,0,0,90,127,404,0,66,0,63,44,249,291,217,244,0,46,0,0,647,172,78,50,0,49,117,121,50,40,189,124,45,45,91,39,0,0,0,118,87,0,202,112,0,58,97,33,119,62,201,0,71,69,88,106,0,147,87,40,0,60,56,450,25,25,108,68,125,250,172,22,156,58,521,67,47,0,371,106,45,0,870,0,0,113,398,31,0,89,114,450,66,360,0,1940,92,64,81,0,0,78,31,0,131,106,0,88,30,0,171,168,99,432,194,124,0,0,133,62,56,300,255,119,61,0,44,122,63,26,0,263,117,0,35,0,76,57,35,78,244,0,329,1164,103,316,55,164,127,0,42,345,243,103,0,88,0,60,131,525,0,184,190,332,243,0,330,69,117,61,344,458,190,327,0,103,110,58,250,0,82,72,64,41,96,0,179,0,47,1313,0,0,0,0,0,48,374,0,153,109,126,68,46,0,71,103,64,198,0,0,0,120,54,0,103,29,207,131,298,38,83,435,60,16,273,143,130,304,61,112,0,47,191,120,338,0,30,207,1184,0,0,0,148,102,0,72,0,120,44,59,0,0,535,104,48,71,77,121,117,312,0,37,68,253,77,0,136,210,136,207,127,165,0,0,84,83,0,65,112,129,0,101,499,230,83,75,53,0,29,49,380,377,102,46,0,0,241,247,0,231,75,39,59,0,94,0,54,55,54,269,40,60,101,73,34,448,37,0,152,134,0,96,86,0,176,163,48,42,94,75,0,99,34,0,306,38,0,60,209,104,0,112,0,0,98,94,233,0,108,136,0,90,0,185,0,32,42,67,58,173,0,0,0,26,96,0,98,131,58,125,0,0,64,43,216,524,177,0,0,20,34,566,47,50,65,169,70,88,86,129,88,0,67,78,0,107,107,55,117,0,0,127,83,77,144,0,149,112,37,51,308,87,98,358,277,52,0,166,40,232,0,0,276,171,96,351,0,0,1569,22,66,0,173,66,35,1023,0,39,232,43,149,56,337,170,15,30,59,182,19,59,257,0,38,36,235,46,123,0,267,198,23,45,0,0,0,0,0,40,157,0,0,86,1226,637,79,448,0,84,123,140,86,45,101,49,265,27,80,134,119,0,560,47,117,81,166,0,634,153,0,308,66,0,0,0,22,278,179,85,92,108,351,72,546,21,398,0,99,322,0,0,66,89,103,133,100,0,140,65,101,172,38,129,247,0,561,398,114,180,90,54,0,220,0,0,574,0,0,229,0,66,0,186,27,89,200,171,54,26,286,88,83,148,103,0,171,136,17,0,74,72,102,80,0,106,105,0,137,172,127,315,0,82,46,0,260,76,52,43,438,367,226,142,92,83,55,0,100,272,51,57,616,0,0,82,350,54,86,168,117,0,33,0,0,215,90,84,0,27,152,85,113,0,61,178,0,90,276,0,36,0,134,51,28,85,82,0,0,64,0,0,161,58,214,0,387,100,0,0,97,149,93,75,270,94,222,0,0,20,766,0,309,37,69,57,234,0,80,232,382,83,91,289,885,52,0,235,117,21,152,321,205,0,149,71,151,103,75,39,134,0,111,534,0,172,64,50,0,169,42,77,96,85,49,399,0,0,0,52,39,89,0,83,214,277,73,57,71,0,71,69,0,161,209,57,0,105,41,372,82,72,49,55,58,70,0,358,668,62,225,107,60,233,0,0,84,135,157,208,173,66,207,267,151,79,54,75,557,0,17,55,102,324,0,85,0,0,59,296,93,55,71,28,274,170,59,91,159,0,210,31,207,0,43,0,371,18,1032,199,110,52,77,102,156,30,203,0,51,56,96,124,70,277,0,163,0,120,62,122,38,260,125,0,0,549,77,0,0,308,168,0,69,211,155,0,44,0,0,0,207,47,447,888,140,107,145,0,47,90,0,67,331,0,0,47,0,0,253,20,0,147,494,0,407,0,42,87,0,95,273,176,68,53,87,472,89,697,0,0,0,266,0,176,34,124,0,206,39,36,0,36,0,0,110,0,86,658,198,116,0,0,0,55,88,124,0,565,0,50,146,0,41,74,70,0,380,179,45,261,31,36,201,177,119,0,247,69,89,44,0,108,225,65,52,154,0,0,581,0,35,37,44,122,353,489,59,183,169,52,0,80,28,222,429,0,120,285,46,68,87,48,52,49,0,61,87,0,265,89,72,158,244,146,63,135,96,0,0,0,166,36,146,157,122,48,104,28,54,70,845,140,108,180,230,0,284,102,0,0,124,522,99,230,0,282,85,133,36,72,22,35,31,180,31,37,44,449,92,169,223,356,268,0,0,75,274,0,0,112,85,0,0,29,82,191,465,49,152,170,0,0,832,65,68,974,79,0,23,37,66,77,0,575,115,158,0,96,45,53,0,0,246,43,139,125,97,124,143,155,58,463,83,257,0,57,128,194,443,62,142,94,719,32,29,265,174,371,39,247,331,73,0,0,56,76,654,390,238,332,0,0,41,0,28,0,106,0,0,176,0,426,0,0,388,33,0,36,0,82,77,70,66,264,153,270,228,49,42,642,88,34,0,0,354,638,0,80,48,93,65,0,203,71,319,377,189,132,132,137,43,109,0,0,211,123,221,27,76,0,213,209,98,157,28,46,334,0,83,20,386,36,94,26,53,0,43,142,359,0,46,186,400,124,154,29,1431,42,60,0,0,0,0,348,111,156,107,674,44,0,84,0,52,324,100,37,72,93,197,41,99,191,52,210,385,77,195,74,96,0,51,38,420,167,637,135,23,585,121,191,67,47,165,186,97,30,29,80,51,80,56,126,91,101,176,58,28,0,62,273,73,0,56,0,62,343,84,205,84,0,49,114,0,95,113,0,343,538,574,145,0,54,0,0,113,150,0,35,375,360,592,189,473,217,94,210,85,157,12,98,85,0,112,64,90,162,0,370,223,0,0,354,31,48,0,35,141,63,288,81,592,164,79,193,124,289,202,0,307,107,90,89,106,166,117,149,72,0,56,45,54,167,177,44,609,95,0,129,349,116,74,67,217,66,40,309,0,18,314,166,123,19,134,0,0,1143,0,563,113,128,77,54,223,312,0,0,62,62,95,127,69,101,64,126,0,51,829,74,66,1007,119,65,0,38,181,67,44,31,52,102,130,175,120,277,25,29,180,114,105,117,142,53,0,89,0,62,0,219,47,33,329,0,0,353,227,0,292,103,264,42,140,194,79,83,0,0,51,204,38,259,252,65,361,470,41,60,0,0,304,43,155,150,95,467,122,218,170,88,308,49,140,216,32,66,67,349,673,400,233,83,0,162,138,0,43,102,106,36,104,112,213,143,1089,99,0,47,143,52,254,397,0,654,80,237,66,0,27,80,47,430,587,202,49,896,36,0,163,149,155,150,30,0,0,87,89,129,81,0,932,197,0,0,0,90,88,354,187,39,53,45,0,63,1567,46,36,1076,243,163,36,515,0,540,180,0,406,208,38,0,163,0,0,372,74,482,226,246,124,120,73,91,46,64,1446,167,0,41,0,939,0,204,137,291,245,47,41,0,211,145,58,0,799,0,63,149,71,673,198,450,206,182,549,0,55,68,129,74,61,101,450,50,1363,447,91,73,32,259,205,80,97,128,34,453,350,188,95,214,38,127,158,43,144,113,0,15,78,214,215,117,54,925,38,0,427,35,21,119,632,0,96,172,181,78,66,0,298,129,88,37,27,319,1518,198,0,28,274,86,73,63,126,550,34,82,326,81,115,90,163,240,100,0,33,60,0,50,0,227,273,65,121,78,0,153,51,114,317,98,60,486,24,49,168,82,106,82,87,348,109,266,87,132,92,0,141,101,182,453,81,0,0,478,207,209,210,58,183,401,156,268,33,52,1086,203,753,74,341,228,441,278,661,28,95,105,107,298,71,137,90,0,1281,83,182,0,38,105,0,627,0,78,88,1818,29,78,664,107,133,95,513,0,245,354,123,136,1123,35,694,138,158,48,102,548,71,274,124,306,170,154,0,59,93,184,59,336,195,77,281,32,351,329,308,34,114,189,61,262,0,31,113,82,68,116,121,364,664,38,201,0,0,95,34,204,489,89,85,101,0,80,24,151,223,409,0,45,104,219,23,48,146,398,0,0,105,157,64,38,575,141,34,129,110,220,94,102,0,137,0,0,28,326,45,51,76,0,111,255,64,0,0,252,0,53,41,288,59,248,92,170,0,18,297,65,856,62,189,164,0,0,0,50,0,0,779,180,42,302,118,212,55,70,0,137,145,0,49,50,61,47,59,44,549,431,0,132,67,0,186,194,0,0,85,82,265,84,54,0,64,51,66,85,85,144,53,314,99,62,209,295,78,0,813,102,232,30,72,98,94,0,0,272,0,135,0,0,32,134,79,0,84,169,56,61,0,105,87,40,342,75,85,0,140,182,519,1577,103,185,122,171,465,65,217,54,195,82,215,43,142,128,128,229,100,66,0,123,146,0,456,218,0,86,112,166,485,28,202,64,483,57,48,0,54,47,174,313,32,790,195,32,459,0,0,223,52,0,116,89,569,0,0,51,277,0,0,159,82,0,171,0,184,61,224,101,220,939,147,0,219,86,506,58,261,0,130,129,29,0,226,66,202,45,0,143,0,159,193,51,52,322,97,608,435,52,56,0,68,0,0,1248,136,0,31,79,148,0,25,40,39,45,33,98,68,98,110,0,128,44,0,274,88,40,177,0,81,38,416,73,0,56,0,0,0,0,99,325,17,96,363,190,83,168,129,0,78,78,0,51,0,97,872,82,42,66
146,0,0,0,0,0,0,26,0,0,0,0,0,0,0,108,74,142,0,0,0,173,57,39,0,85,0,0,50,0,0,0,0,0,0,68,0,0,0,0,77,0,0,0,117,0,0,0,47,0,143,0,99,31,29,59,0,0,0,0,0,78,36,0,0,0,77,0,0,0,100,0,0,0,10,57,79,0,107,0,96,0,0,33,157,0,20,0,0,0,72,56,0,0,98,0,43,0,0,0,0,0,0,76,0,0,62,0,89,33,157,0,71,106,99,0,33,155,0,0,111,0,104,0,0,30,0,0,72,0,118,0,341,0,34,55,73,0,0,58,48,0,0,119,0,0,48,36,63,57,0,0,83,36,20,0,0,85,30,179,0,42,0,171,0,0,52,0,83,174,92,107,41,0,0,36,9,0,128,0,0,0,0,0,0,43,91,426,337,0,0,0,64,105,0,0,47,0,0,52,0,40,0,0,310,0,52,0,0,0,107,84,0,74,0,0,41,0,0,0,64,93,66,0,362,0,0,0,114,0,0,0,0,42,0,0,0,65,162,28,13,34,0,0,31,0,78,0,0,0,44,0,314,23,112,47,0,0,0,84,104,0,0,0,41,0,0,506,90,236,0,0,165,412,0,64,65,0,406,243,0,0,96,136,0,0,0,380,411,65,0,0,126,0,0,0,0,0,49,0,91,0,46,0,0,128,118,141,0,0,0,119,130,0,0,0,22,155,129,0,69,0,0,0,177,180,48,135,0,0,121,0,0,0,45,49,0,0,0,66,0,49,0,0,0,0,0,0,0,675,118,151,45,47,149,0,0,133,199,276,0,63,0,0,110,141,346,0,0,0,0,0,59,0,46,121,102,0,0,222,0,0,48,44,0,811,68,69,0,0,0,0,233,0,37,0,66,36,120,142,0,42,171,0,0,76,0,29,75,0,97,0,67,51,0,0,130,0,0,118,0,74,160,0,84,168,0,28,62,40,0,22,65,0,165,0,0,0,0,102,0,0,253,45,142,56,0,0,0,0,42,0,0,0,0,0,0,0,0,0,138,0,0,212,0,0,0,0,59,0,0,76,0,0,43,0,0,134,156,0,126,0,54,158,53,0,0,46,223,303,127,102,0,227,0,0,86,96,99,0,0,165,48,558,0,48,114,0,0,0,38,0,0,0,32,0,253,77,0,71,182,0,148,272,79,0,40,0,92,47,56,0,0,0,101,63,0,0,0,92,0,339,77,76,0,0,102,0,0,396,117,97,0,45,0,0,0,0,0,0,70,315,0,0,60,0,95,0,0,0,0,187,0,0,38,0,0,0,42,0,240,166,0,0,183,0,0,560,0,20,75,62,0,121,0,0,0,44,0,98,0,28,0,0,0,104,0,124,25,37,0,0,108,217,0,0,0,58,0,52,0,0,0,0,28,0,0,0,0,66,205,0,0,58,0,0,42,20,0,0,0,0,0,0,0,205,0,37,0,0,63,45,0,52,131,0,0,0,97,157,58,22,56,0,0,57,46,0,0,38,0,0,33,0,120,0,0,0,0,0,0,0,0,0,53,0,34,22,12,0,130,0,0,0,45,0,51,0,175,32,0,0,0,0,32,0,0,0,51,44,0,53,128,0,0,0,0,0,0,0,43,48,41,126,88,165,60,0,0,0,0,81,0,0,50,0,0,0,225,32,98,0,239,35,0,0,0,0,0,0,0,0,32,0,51,27,0,0,0,0,0,64,0,0,0,21,0,0,0,79,0,0,0,0,0,186,0,0,0,26,145,37,0,0,0,0,208,0,70,610,0,0,0,0,0,37,0,34,0,0,22,48,0,42,148,49,0,85,0,0,0,0,93,116,0,61,0,0,0,0,154,0,257,43,0,0,33,65,0,96,95,0,0,42,0,0,106,23,0,0,0,0,186,0,109,61,0,0,0,0,137,0,14,16,0,0,0,134,37,336,0,0,0,34,0,178,0,0,0,0,0,63,20,0,46,27,0,28,0,0,0,0,61,0,0,0,0,0,0,0,0,104,0,27,0,150,67,34,0,0,22,0,0,30,0,44,0,82,91,52,27,0,0,0,0,62,102,0,180,0,30,103,0,0,0,0,40,0,0,0,0,0,0,0,0,0,34,36,0,0,0,46,0,87,0,0,0,0,0,40,0,0,0,121,0,0,0,0,65,0,21,0,40,0,213,0,0,0,26,133,0,0,0,0,0,0,0,146,24,0,0,25,0,0,58,39,76,0,271,0,162,45,0,0,0,0,0,0,0,35,38,0,98,0,0,0,26,0,30,35,0,91,0,32,0,0,38,122,0,0,35,0,17,25,0,0,29,41,0,0,0,67,0,0,0,57,0,44,49,0,0,0,0,35,37,0,72,0,0,0,0,0,0,0,66,0,0,0,0,75,0,55,0,0,0,206,519,0,0,0,44,45,24,0,0,0,0,16,0,23,0,38,0,0,114,11,0,0,48,27,0,94,0,0,17,0,0,0,0,0,30,0,44,0,0,0,0,0,0,0,0,104,0,195,0,0,123,0,0,286,0,97,84,0,0,0,0,62,0,44,0,0,0,188,0,0,0,0,57,0,0,0,0,0,0,0,0,195,0,47,0,61,57,83,0,0,0,34,70,0,0,0,53,82,77,0,56,0,102,0,73,0,50,52,44,0,22,37,112,0,0,0,0,0,0,201,228,0,0,76,0,461,93,0,57,0,0,0,0,0,13,0,0,0,44,0,0,0,0,0,73,0,0,59,0,0,0,0,0,44,0,0,0,27,31,0,0,0,0,66,0,0,0,46,74,0,0,0,0,0,0,0,0,59,35,0,29,0,0,0,0,0,0,0,0,0,0,0,0,34,0,0,73,0,106,0,0,0,0,50,79,34,0,0,20,0,43,29,0,0,61,23,0,0,53,0,0,0,0,0,0,44,0,48,0,0,42,0,0,43,0,176,24,0,0,0,30,0,0,200,0,0,94,0,0,0,0,207,0,0,114,0,0,242,22,92,0,0,29,0,172,0,0,40,0,89,0,0,0,0,0,0,42,0,43,74,0,0,0,45,17,0,0,0,101,0,0,0,0,0,0,33,0,74,0,0,0,0,149,0,140,0,0,101,0,0,0,0,0,91,32,0,0,82,0,0,0,52,0,72,0,239,0,0,114,0,0,0,0,0,28,50,49,0,84,46,0,76,0,84,0,47,37,0,0,72,0,0,49,0,0,25,36,0,42,0,0,39,0,171,0,25,24,73,31,0,58,0,0,90,0,0,63,0,0,0,0,26,29,0,27,0,0,193,0,0,46,0,0,0,113,0,0,0,0,0,0,0,0,68,0,0,0,37,97,0,0,0,0,63,44,0,18,83,47,106,0,0,0,0,0,0,59,0,93,190,0,0,0,0,26,0,37,20,0,0,0,0,0,282,66,0,0,73,0,57,0,0,0,18,0,0,0,0,0,0,48,0,0,59,0,0,0,0,0,129,0,61,0,0,98,37,32,101,74,0,0,60,44,69,0,0,0,125,0,113,20,0,0,0,0,0,43,402,85,0,97,0,0,0,108,0,0,62,74,106,0,0,76,0,0,0,0,0,0,0,178,0,0,0,0,33,0,0,0,0,57,0,37,44,50,0,0,27,0,0,0,104,423,0,0,0,128,0,79,0,0,100,0,0,0,0,339,35,77,0,0,0,0,0,92,99,0,0,103,73,87,0,0,0,47,0,0,0,48,0,107,0,0,0,0,200,0,0,80,0,180,0,0,0,0,0,542,42,0,0,0,0,0,54,0,132,0,218,0,180,0,0,0,82,48,82,0,92,0,0,64,88,28,71,0,72,47,0,0,83,178,0,0,0,47,0,78,0,0,129,0,0,92,0,0,0,0,59,0,54,100,0,0,24,0,0,0,0,0,103,178,0,148,0,0,0,0,0,40,89,0,0,0,0,0,309,0,0,0,0,0,76,0,27,0,36,118,209,0,170,0,0,0,49,899,13,32,0,120,0,154,72,0,55,54,0,0,26,0,0,0,0,33,0,621,45,0,0,0,0,0,0,0,0,0,0,46,70,0,0,0,0,0,81,100,0,0,0,0,84,112,56,0,47,0,0,0,0,93,59,37,0,61,0,0,434,0,40,0,0,39,262,175,30,132,38,48,0,0,0,34,67,0,36,169,0,0,0,0,0,0,0,0,0,0,88,0,54,39,76,103,21,94,0,0,0,0,0,0,0,58,80,0,0,18,0,0,51,48,0,0,112,0,191,0,0,0,45,212,0,107,0,130,60,0,0,0,0,31,0,154,0,0,0,68,29,53,65,89,87,0,0,0,220,0,0,31,0,0,0,0,0,141,204,0,104,68,0,0,286,0,0,484,34,0,0,25,0,0,0,340,64,119,0,66,0,0,0,0,66,0,0,52,64,50,38,0,59,120,130,110,0,0,0,0,113,0,71,0,69,0,0,143,0,0,0,0,209,0,0,0,0,52,91,36,44,142,0,0,71,0,0,0,0,0,0,87,0,181,0,0,0,0,0,0,0,0,0,0,0,76,66,100,0,0,33,0,0,0,0,0,247,300,0,63,0,53,0,0,34,23,0,153,0,50,66,0,0,9,0,0,164,0,24,0,0,0,109,0,62,0,0,0,89,0,0,0,94,0,0,0,0,0,0,63,0,0,0,0,82,95,95,0,38,0,0,0,0,0,0,0,0,68,0,49,0,0,24,0,32,175,71,0,26,0,0,0,51,33,0,143,0,0,99,0,0,0,0,69,116,67,174,85,0,430,119,34,49,54,89,46,0,0,0,67,0,21,56,50,0,209,0,0,0,0,114,88,0,0,0,0,74,146,0,46,0,12,0,0,0,50,25,34,0,153,0,38,0,0,0,0,21,27,0,0,54,97,367,87,140,37,57,32,0,33,0,0,69,39,67,0,0,56,0,81,244,0,43,0,0,38,0,0,80,0,85,74,28,37,12,70,53,121,141,0,51,0,0,0,38,125,31,0,54,0,127,0,0,0,165,45,184,133,0,0,79,0,0,0,58,61,0,76,0,0,55,74,23,0,68,0,0,192,0,167,0,39,0,0,82,79,0,0,0,0,37,34,0,133,0,0,0,0,337,0,72,330,0,67,0,50,0,0,35,0,48,125,93,198,229,0,0,0,94,0,0,0,38,0,16,0,82,0,0,77,0,46,54,0,0,0,46,0,98,90,150,0,37,0,0,39,0,0,0,0,0,79,199,0,68,123,0,0,0,0,25,0,62,55,64,247,31,57,0,0,18,0,98,77,0,90,80,0,225,0,55,0,0,119,0,41,0,0,109,0,41,50,0,0,346,53,0,0,72,0,80,74,83,298,0,45,0,0,0,137,0,0,162,64,0,280,0,0,51,42,0,89,0,0,0,44,60,51,117,43,129,35,0,0,0,0,0,100,71,0,0,46,0,32,549,0,0,465,0,27,0,100,0,141,0,0,119,0,0,0,39,0,0,134,0,94,65,58,14,0,26,0,0,0,293,81,0,0,0,332,0,0,77,132,51,0,0,43,0,83,0,0,264,0,0,0,0,125,0,0,94,0,266,0,0,0,0,0,0,0,108,0,463,66,0,0,0,50,35,0,0,0,45,0,31,19,0,71,0,0,0,0,65,0,0,0,0,49,115,25,0,233,0,0,0,0,0,37,0,0,27,0,105,0,0,0,59,35,27,0,0,35,319,0,0,0,67,0,0,0,0,0,0,0,0,0,52,22,61,95,0,0,0,0,0,0,0,32,0,0,0,54,0,42,53,0,149,0,0,36,0,0,88,0,0,39,0,158,76,0,22,59,0,0,54,0,72,310,0,0,0,79,96,100,0,0,56,48,0,107,0,0,224,0,122,0,47,67,0,117,61,0,56,56,0,95,83,40,0,0,107,0,0,0,53,0,0,202,0,0,0,342,0,0,0,52,0,27,0,0,0,225,0,39,467,0,359,0,165,0,0,144,0,0,118,0,0,0,0,0,51,59,0,65,59,0,0,0,117,105,59,0,41,74,0,155,0,0,0,0,30,0,0,150,0,0,0,0,0,0,0,88,113,0,0,214,0,0,0,51,97,133,0,34,0,0,0,0,46,43,0,0,0,0,0,0,27,0,0,123,59,108,147,0,0,0,0,0,0,53,0,66,0,0,26,64,0,0,0,0,0,94,0,99,22,58,0,0,0,0,56,25,55,0,58,31,0,0,0,0,0,0,92,14,0,75,0,0,0,0,0,0,0,0,0,19,0,0,0,0,258,95,0,45,0,0,67,0,0,0,0,0,101,0,38,0,0,0,0,0,67,45,0,0,0,0,0,93,0,0,175,45,58,0,0,92,0,0,0,85,0,38,0,0,0,0,0,0,0,63,0,0,0,32,89,0,20,0,23,0,38,94,310,283,41,80,49,47,109,0,0,0,70,56,47,0,0,39,62,58,0,78,0,0,109,0,89,0,0,55,0,41,216,0,81,0,42,35,0,0,0,0,0,152,0,94,39,0,81,0,0,29,0,0,0,61,278,0,0,0,112,0,0,0,0,0,0,0,0,0,0,57,86,325,38,0,0,0,93,0,46,0,73,0,0,0,35,61,46,0,0,0,0,0,52,0,0,55,39,127,380,49,0,0,0,0,0,406,0,0,0,0,0,0,26,0,0,0,0,75,0,34,32,0,70,0,0,0,81,0,0,0,0,0,444,0,0,0,0,0,0,0,26,64,0,0,98,73,0,50,0,0,0,0,0,41,0,0,205,36,0,43
147,0,0,0,0,0,28,0,0,0,0,51,0,0,0,0,0,85,0,0,0,174,0,0,0,49,0,0,75,0,0,0,0,0,0,0,0,0,0,0,92,0,0,0,0,0,29,0,111,0,0,0,0,47,0,34,0,0,0,0,0,0,0,0,0,0,0,17,0,0,167,0,0,0,0,54,60,0,128,0,0,0,0,50,266,0,0,0,0,0,74,0,0,0,46,0,0,0,0,0,0,0,0,0,0,0,0,0,0,0,70,0,36,0,0,0,0,0,0,0,214,0,0,0,0,0,0,0,37,0,42,0,0,0,0,0,70,0,27,37,0,0,0,44,0,0,0,35,30,109,0,0,95,0,22,0,0,0,0,82,0,42,0,0,0,0,0,0,21,100,0,62,0,0,0,0,0,17,102,0,0,56,0,0,0,0,0,417,0,0,0,0,0,0,0,0,35,0,0,0,0,52,0,0,72,0,45,0,0,0,92,0,0,0,0,0,0,0,0,0,25,0,0,0,0,0,0,0,32,0,0,0,0,0,0,0,0,0,0,0,0,0,0,0,0,0,116,0,0,0,33,0,0,0,0,0,26,0,0,0,0,35,0,0,26,0,0,0,58,0,0,0,66,34,0,0,0,0,157,0,0,0,45,96,49,0,0,138,131,0,0,0,0,0,0,0,0,0,41,0,0,0,0,0,0,0,28,0,0,0,0,79,0,0,0,0,0,0,0,0,0,0,0,0,0,0,0,78,0,0,0,0,0,0,40,0,0,0,0,0,0,7,0,35,41,0,0,0,0,0,122,0,0,62,69,0,0,0,0,0,0,0,0,0,0,123,79,0,0,0,41,0,0,0,0,84,48,0,0,24,0,0,12,0,24,0,0,0,51,0,0,0,0,0,0,0,172,0,35,48,0,0,65,0,0,0,0,0,0,0,0,0,0,0,0,0,113,32,46,0,0,0,30,0,0,0,0,0,52,0,0,0,0,0,0,0,0,0,0,39,0,0,0,0,0,78,115,44,0,0,0,0,49,0,0,0,0,0,0,0,0,0,29,0,0,0,0,0,0,0,0,0,118,0,34,0,52,156,67,0,0,0,49,0,0,0,0,31,0,51,0,0,0,0,0,0,26,0,0,0,0,39,0,0,24,44,0,33,0,0,0,0,0,0,0,0,0,0,0,0,0,0,0,85,49,0,0,0,81,0,0,0,0,0,0,17,0,0,0,0,0,34,56,0,0,0,0,0,0,55,0,0,0,0,0,0,0,0,0,0,61,232,0,40,0,28,0,0,0,0,40,43,0,0,0,0,0,95,0,0,0,68,0,0,124,0,111,79,44,0,0,0,0,37,0,0,0,0,0,0,0,0,0,0,0,0,0,37,0,0,0,0,65,31,0,0,0,0,0,0,0,0,0,0,0,0,0,0,0,0,0,0,0,0,0,0,0,0,0,0,0,0,57,0,0,42,0,0,19,136,110,0,0,0,111,0,50,0,0,0,27,0,0,0,0,67,0,0,0,0,0,0,80,0,0,0,0,0,115,0,0,0,0,0,0,0,0,0,0,0,51,0,0,0,0,0,0,0,0,0,0,24,0,0,48,0,0,35,0,0,0,0,22,0,0,0,0,0,53,0,0,0,0,280,38,0,54,0,0,0,43,0,0,0,0,0,0,0,0,54,0,0,0,73,0,0,0,0,0,0,0,0,0,0,0,0,0,0,0,0,0,0,0,0,0,0,0,0,0,0,0,0,0,0,0,0,0,0,0,0,0,0,0,0,0,0,0,21,0,131,0,0,0,0,0,0,0,0,0,0,0,0,0,0,28,0,0,0,0,0,0,0,0,0,0,108,0,0,0,25,0,0,0,0,0,0,0,0,0,75,48,0,0,0,0,0,0,0,0,0,0,0,0,0,0,0,0,0,0,0,0,0,66,0,0,0,34,0,0,102,0,0,0,0,0,0,0,0,0,0,0,0,0,0,0,0,0,0,0,0,0,0,0,9,26,0,0,0,0,0,0,0,0,34,0,0,31,0,0,0,0,141,0,0,0,32,0,0,20,0,0,0,0,0,0,69,21,0,0,0,0,29,30,0,0,0,0,0,0,0,0,0,0,0,0,0,0,0,84,0,0,22,0,0,0,0,0,0,0,0,38,0,23,0,0,0,0,0,151,0,0,0,0,0,136,0,0,0,0,0,0,0,0,186,21,0,0,278,0,0,0,121,0,0,40,0,0,0,71,0,90,0,0,0,0,0,0,0,0,0,35,0,0,0,0,128,0,0,95,0,0,0,0,77,0,63,143,0,0,74,0,0,42,0,0,0,39,38,49,0,0,0,0,0,0,0,0,0,430,0,0,0,121,0,0,0,50,0,0,0,0,0,0,0,33,0,0,0,0,0,0,63,0,35,0,0,138,0,161,0,0,0,32,0,0,0,0,0,0,0,0,0,0,0,57,0,0,0,0,0,0,0,0,0,0,0,0,0,0,0,0,0,0,0,0,0,0,0,0,0,0,0,42,163,0,0,123,0,0,197,0,70,0,0,0,0,0,87,0,43,0,0,107,292,0,0,0,0,0,0,0,0,0,0,0,0,0,52,43,0,0,66,63,0,74,0,0,0,149,0,0,0,0,72,0,0,0,0,48,0,45,0,0,48,0,0,36,0,78,0,0,0,0,0,0,134,158,0,0,0,0,78,0,0,63,0,0,0,0,0,0,0,0,0,0,0,0,28,0,0,0,0,0,0,0,0,0,0,0,0,0,0,0,0,0,0,0,0,0,22,0,0,0,0,0,39,0,0,0,0,0,70,0,21,0,0,0,0,0,0,0,0,26,0,0,0,0,0,0,48,0,0,0,0,0,0,0,0,0,0,0,36,0,0,0,0,0,0,0,0,0,0,0,0,43,0,0,24,0,0,74,0,0,0,0,0,0,26,0,0,0,52,0,0,0,0,0,0,0,71,0,0,28,0,84,0,0,204,0,35,0,0,0,149,0,0,0,0,0,0,0,0,0,0,0,43,0,55,55,0,0,0,0,0,0,0,0,0,0,0,0,0,0,0,0,0,0,0,0,0,0,0,0,0,0,0,0,0,0,0,42,0,0,55,0,0,0,0,0,0,0,0,0,17,0,50,0,0,0,89,0,59,0,0,52,0,0,0,0,0,0,33,0,0,0,65,0,0,0,0,0,21,0,0,0,0,0,0,56,0,0,0,0,0,48,0,0,0,0,162,0,0,0,0,0,0,0,0,0,232,0,0,0,0,0,0,0,0,29,0,0,0,37,32,0,0,49,0,0,0,69,0,0,0,0,0,0,0,0,54,0,0,14,65,110,0,0,0,0,31,0,0,0,74,0,0,0,0,40,0,0,0,103,0,0,91,0,0,0,40,0,0,0,0,0,0,0,0,0,0,0,0,0,0,0,75,16,0,0,0,0,31,0,0,0,60,19,0,58,0,0,0,0,0,0,42,0,31,0,0,0,0,0,0,0,0,0,38,0,27,0,0,0,0,0,92,0,11,0,0,0,0,0,31,0,0,38,0,0,0,0,37,0,0,0,0,0,0,0,0,0,0,0,73,0,0,0,0,47,0,0,0,0,0,0,42,0,0,76,0,0,0,0,0,0,0,0,0,38,48,0,0,0,0,0,0,0,48,0,0,0,0,58,0,0,0,0,0,53,0,42,48,0,0,0,0,0,0,0,0,0,0,0,0,0,0,42,0,0,0,0,101,0,0,0,0,43,0,0,0,0,0,0,0,0,0,0,58,0,0,0,0,0,0,0,49,0,0,0,63,0,55,0,0,0,0,0,0,0,44,0,0,0,0,38,31,42,0,17,0,0,0,0,0,88,0,0,0,122,0,0,0,0,0,0,0,0,0,0,0,0,0,0,0,0,88,120,42,0,0,0,0,40,0,0,0,0,0,0,0,0,0,0,0,0,38,0,79,0,0,0,0,0,0,0,0,0,0,100,0,32,0,0,0,0,0,0,0,0,0,43,0,0,0,0,0,0,0,0,0,0,0,0,0,0,0,0,0,0,0,305,0,0,0,0,0,0,0,0,75,0,0,0,0,0,0,0,0,0,25,0,0,0,0,0,18,15,0,0,0,0,0,0,0,0,0,0,0,0,0,0,0,0,0,0,0,0,0,0,0,39,0,0,0,0,0,0,0,35,0,0,0,0,0,0,107,0,0,0,0,0,0,0,0,0,0,0,78,0,0,0,0,0,41,0,0,0,0,0,0,0,0,0,0,71,0,0,0,0,0,0,0,0,0,0,0,115,0,0,0,40,0,0,0,0,0,0,0,0,0,0,0,0,0,0,0,0,0,0,59,0,0,0,0,0,0,0,0,0,0,0,0,0,0,0,0,68,0,68,0,0,0,0,0,0,114,0,0,0,0,0,47,0,0,187,0,0,0,17,0,0,87,42,0,0,0,0,0,50,0,58,0,47,0,0,0,0,0,0,0,45,0,147,0,0,0,0,0,0,0,0,0,0,0,0,0,0,23,0,0,0,0,0,26,0,0,28,0,0,0,0,0,91,0,0,0,0,80,0,0,0,0,0,0,0,39,0,0,65,0,55,0,0,0,0,0,0,0,0,85,0,0,0,0,0,0,0,0,0,64,0,29,0,50,0,0,0,0,0,0,57,0,0,0,0,75,0,0,0,0,0,0,0,0,0,0,101,0,0,0,170,0,0,0,0,0,0,0,0,0,0,0,0,89,0,0,0,0,0,46,0,0,0,0,0,0,0,0,0,0,140,0,0,0,0,0,0,0,0,0,0,0,0,0,0,0,21,0,0,0,0,0,0,0,0,0,0,0,0,0,22,0,0,0,0,0,0,0,0,31,0,0,0,0,0,0,0,0,0,0,0,0,77,45,0,0,0,0,0,0,0,0,0,0,0,0,0,0,0,0,0,0,0,0,75,0,0,0,0,0,0,0,0,75,0,0,0,0,41,0,0,0,0,0,0,0,0,0,0,0,0,0,0,0,0,0,0,38,0,0,0,0,0,0,0,0,0,0,0,0,0,47,0,0,0,0,0,0,0,0,25,0,0,0,0,0,0,0,0,0,0,0,0,0,20,0,0,0,0,0,0,0,100,0,0,0,0,0,0,0,0,0,0,19,0,0,16,0,0,0,0,0,0,0,0,0,0,0,0,0,36,0,0,0,0,0,0,48,0,0,0,41,0,0,23,0,0,0,0,0,0,0,0,31,0,45,0,0,0,0,0,0,0,33,0,0,0,0,0,0,0,22,0,29,0,0,0,0,0,0,0,0,0,0,0,0,0,0,0,0,0,0,0,0,0,211,0,0,0,0,0,56,0,0,0,0,0,0,0,0,0,0,78,0,21,0,115,0,0,0,0,0,0,0,0,0,0,0,0,0,0,0,0,0,0,0,0,0,0,0,0,0,0,0,0,313,0,0,251,0,0,0,56,0,46,30,0,75,0,0,0,0,0,0,0,0,52,0,0,0,0,0,0,0,0,0,0,0,0,0,0,0,0,35,132,0,0,0,0,0,0,0,0,0,0,0,0,0,23,0,31,39,48,85,0,0,35,0,0,0,0,0,0,68,78,0,0,0,46,0,0,0,0,0,0,0,0,0,0,0,0,0,0,0,0,0,0,0,0,56,0,0,0,0,0,0,0,0,0,0,0,0,0,103,0,0,0,62,0,0,0,0,0,0,0,0,0,38,0,0,0,0,43,0,0,50,0,49,0,49,76,0,0,0,0,0,0,0,0,48,0,0,0,0,0,34,0,43,0,0,0,0,0,84,0,0,0,0,50,0,0,0,0,0,0,23,0,22,173,0,0,0,0,0,0,0,0,0,0,0,0,0,0,0,0,0,0,77,0,0,36,37,0,47,58,0,51,0,0,0,0,0,0,15,0,0,0,0,0,0,0,0,51,0,0,0,0,0,0,45,0,0,104,0,0,98,0,35,0,85,0,23,80,0,0,0,35,0,0,0,0,0,0,0,0,0,0,0,0,0,0,78,0,0,0,0,0,0,0,0,0,39,0,0,149,0,0,0,0,0,0,0,56,0,0,0,47,0,0,0,35,0,0,0,0,0,0,0,0,0,47,0,0,0,0,0,0,38,0,0,0,0,63,47,0,0,0,0,0,0,42,0,0,0,0,0,0,0,0,0,76,0,0,0,0,0,0,0,0,0,0,25,0,76,0,60,0,0,0,0,0,0,0,0,0,0,99,0,0,0,0,0,31,0,0,0,0,0,0,0,0,0,0,0,32,0,0,0,0,0,0,0,0,0,0,0,0,0,0,0,0,0,0,0,50,0,0,0,0,0,0,67,0,41,0,0,27,0,0,0,0,0,0,0,0,0,0,0,0,0,0,0,0,0,0,0,0,44,0,0,0,0,0,95,84,0,0,0,0,39,0,0,0,68,0,0,0,0,41,52,0,0,0,0,0,0,0,0,0,0,0,29,0,52,0,0,0,0,0,0,0,0,0,0,91,0,120,0,0,43,0,0,0,0,0,0,39,128,0,0,0,84,0,0,0,0,0,22,0,26,0,0,55,0,67,35,0,0,0,0,0,28,0,0,0,0,0,0,0,57,0,0,43,0,0,42,0,0,0,48,108,0,0,0,0,0,0,0,43,0,0,0,0,0,0,0,0,0,0,0,0,0,0,0,0,0,0,0,0,43,0,0,0,0,0,183,0,0,0,0,0,0,0,0,70,0,0,0,0,0,54,0,0,0,0,0,0,0,0,0,0,0,0
148,0,0,0,49,30,37,0,0,38,0,101,0,0,0,0,142,62,0,0,0,284,34,0,19,138,0,0,0,0,0,0,32,0,0,141,133,0,0,129,0,0,37,0,0,0,0,0,114,0,50,0,39,0,0,79,0,0,0,0,0,0,44,69,0,0,29,0,0,0,84,0,0,0,0,52,0,0,135,0,0,0,0,56,28,0,0,0,0,44,120,0,0,0,0,0,0,0,30,16,0,0,0,0,0,0,34,0,0,49,0,0,0,74,0,0,0,56,0,0,0,0,109,26,0,0,0,0,0,0,0,0,0,0,0,0,148,0,0,0,0,0,76,166,0,0,0,0,0,0,0,0,35,0,0,68,0,0,0,62,120,76,0,0,0,61,0,0,93,50,0,163,0,0,0,0,0,0,142,32,33,61,0,0,0,0,0,0,0,0,0,0,0,0,61,0,51,0,0,59,0,95,97,0,79,0,0,0,0,59,0,0,0,41,20,32,0,0,0,0,73,20,0,0,0,0,0,100,296,0,0,0,0,0,0,0,0,20,119,0,0,0,0,0,0,0,0,0,0,0,53,59,0,0,0,0,0,0,0,0,247,0,0,24,0,0,0,0,0,65,0,0,29,0,0,81,0,0,199,111,71,0,0,60,0,0,0,94,215,22,0,0,79,0,0,61,0,0,27,0,0,0,0,0,0,0,64,71,0,0,0,335,0,0,0,0,0,68,0,0,0,0,0,0,67,0,0,99,0,0,227,0,0,77,0,0,0,0,0,0,0,0,0,30,46,0,0,0,0,121,0,36,0,64,0,0,0,33,0,0,0,0,0,0,0,0,202,0,0,0,50,0,0,0,12,0,0,0,0,0,0,0,37,0,0,355,0,0,44,0,0,0,56,0,0,0,137,0,0,99,0,0,32,0,0,14,0,0,0,0,65,0,23,0,0,0,67,0,187,0,0,0,14,0,46,0,70,35,0,0,0,0,0,0,0,0,0,0,0,0,0,0,0,0,55,0,75,0,0,0,0,0,0,0,0,0,0,0,0,0,0,0,0,0,0,0,0,0,0,0,0,0,0,66,0,0,114,38,0,88,130,0,146,70,0,0,0,0,0,95,0,0,0,0,0,0,0,0,0,0,0,0,0,283,53,0,56,0,0,0,22,0,0,0,0,0,77,0,0,0,0,0,0,53,0,0,0,0,84,0,0,0,0,0,0,0,0,0,0,55,0,0,190,0,0,0,56,0,0,0,106,0,0,0,0,0,0,0,0,0,66,0,0,0,0,72,0,0,0,23,28,46,0,0,0,0,0,72,0,0,62,39,0,0,86,0,42,123,0,0,0,159,0,0,0,0,0,0,0,0,0,0,0,0,0,0,0,0,0,0,0,0,87,191,62,0,0,0,0,0,0,0,0,0,0,0,18,26,0,60,27,0,0,0,0,0,58,36,0,0,0,0,84,0,0,197,0,0,0,63,95,0,0,109,191,0,0,20,0,0,0,0,0,0,0,31,90,0,23,23,80,0,37,0,176,27,38,0,32,0,0,0,0,25,0,0,0,25,0,0,0,0,0,0,0,29,108,0,0,0,0,0,0,0,0,0,0,0,0,64,0,160,0,0,0,0,0,0,98,0,124,0,0,241,75,62,79,26,0,0,0,0,0,0,0,0,0,41,368,0,84,0,385,30,0,87,0,0,0,0,0,37,0,0,0,0,0,0,0,0,0,42,0,0,0,44,0,63,0,59,136,45,0,0,0,233,0,0,0,0,61,0,25,0,0,0,35,0,0,0,0,0,0,0,0,0,0,0,0,0,0,0,40,0,89,0,0,0,54,0,0,0,59,93,0,76,0,0,0,0,0,0,0,0,0,0,0,0,0,34,204,0,0,39,0,0,0,0,0,0,0,0,0,0,0,0,0,81,0,0,0,0,25,0,0,0,113,47,0,0,0,0,0,161,0,0,0,0,0,0,0,0,0,0,39,27,0,0,0,0,49,77,149,0,0,83,0,79,0,0,0,48,0,0,58,65,66,0,0,0,46,83,0,0,0,0,0,121,159,131,0,0,0,0,0,147,48,49,0,0,44,0,0,24,17,0,39,0,0,0,0,18,0,0,46,0,0,0,0,0,0,41,0,0,0,0,0,0,0,35,0,0,0,0,0,0,0,0,138,0,0,0,0,0,92,0,0,0,0,226,0,0,0,61,41,0,0,73,0,0,0,0,0,0,0,63,157,0,184,0,659,34,0,0,0,0,0,0,0,0,52,0,52,0,0,0,0,60,37,0,0,0,0,0,0,53,339,94,53,0,0,0,0,0,0,0,146,28,0,0,0,0,0,0,36,50,0,54,273,0,53,0,0,33,0,0,0,162,0,0,0,0,0,55,0,0,0,103,0,123,0,44,0,26,0,107,363,57,0,0,0,59,0,85,0,0,28,0,0,33,0,34,0,0,110,0,0,0,22,0,0,128,0,37,0,0,0,0,0,44,0,0,81,0,0,39,0,0,0,50,0,91,40,66,0,0,192,0,0,66,0,0,114,60,51,0,0,38,22,54,0,0,0,117,0,0,0,50,33,0,38,0,0,0,0,0,0,226,34,0,0,0,0,0,0,0,0,34,88,0,0,0,107,0,41,0,28,0,33,36,0,0,39,0,97,0,0,109,35,0,0,0,0,0,0,75,136,0,0,55,0,72,0,0,62,36,0,0,0,0,0,0,0,63,147,0,0,47,0,0,171,0,0,0,89,0,0,85,0,77,0,0,0,62,0,0,0,0,0,41,0,0,0,0,0,0,20,0,0,0,39,34,0,0,25,0,47,36,53,0,45,0,0,0,25,0,67,0,0,0,0,0,0,31,0,0,0,76,0,0,165,65,0,0,0,0,132,0,0,0,0,56,0,0,0,34,0,0,36,0,0,43,0,69,0,0,54,26,0,86,0,33,36,0,0,79,0,40,59,25,29,0,32,0,127,0,0,82,168,0,0,0,0,1137,0,0,0,47,39,0,187,0,0,0,0,0,0,89,32,0,0,0,76,0,0,135,0,0,0,55,0,0,0,91,55,58,0,0,0,0,67,0,0,77,0,0,37,457,330,0,504,31,32,0,87,0,0,58,0,136,0,66,41,0,0,337,0,75,39,122,0,200,73,0,166,0,0,0,0,0,173,0,0,174,47,61,36,178,0,173,0,0,211,0,25,55,46,40,86,0,0,0,113,0,33,0,45,67,0,283,119,0,68,42,0,44,91,0,0,141,0,0,121,0,27,0,86,0,55,66,90,0,0,49,0,0,0,47,0,66,0,0,0,82,0,0,0,0,65,82,0,63,188,53,287,0,0,0,0,184,0,0,0,357,203,156,0,0,0,0,0,0,75,42,78,0,0,0,0,258,0,0,0,0,0,0,0,0,52,0,0,0,29,86,0,33,0,0,0,0,0,41,0,0,0,94,0,0,33,49,0,0,26,0,0,87,0,0,0,104,32,0,0,94,61,0,0,141,40,0,0,0,40,169,0,134,0,0,0,0,0,0,0,103,0,47,0,169,0,0,117,43,0,52,0,120,0,0,0,0,0,27,0,52,0,65,189,0,55,0,0,0,51,0,31,38,53,0,203,0,0,0,0,22,63,0,52,49,154,0,0,29,0,0,42,0,0,67,0,0,0,0,244,49,0,48,0,0,71,0,163,174,0,60,0,0,82,18,0,57,42,40,45,0,0,0,96,0,0,0,0,98,0,0,0,0,129,0,0,0,0,62,98,64,0,0,0,72,0,40,35,0,0,85,0,109,0,0,0,161,0,225,0,48,0,0,35,68,0,82,0,103,33,0,0,0,128,0,80,0,85,0,0,0,205,105,0,0,0,0,0,0,118,71,0,0,108,70,0,0,0,0,0,42,0,0,518,26,0,28,0,0,32,0,45,0,0,0,0,0,0,65,0,0,111,106,0,443,0,19,33,0,29,79,0,0,0,0,118,56,151,0,0,0,0,0,112,0,63,46,32,0,0,0,0,0,0,83,0,0,165,0,0,0,0,0,0,25,41,0,293,0,28,0,0,0,49,0,0,279,41,0,0,0,0,0,0,52,25,0,0,0,34,0,30,87,0,0,0,0,0,145,0,0,0,0,42,72,146,32,38,35,0,0,0,0,0,30,0,0,84,0,0,38,0,23,0,0,0,0,0,0,55,114,0,108,0,42,0,0,25,0,0,0,0,30,0,137,36,0,53,0,0,108,33,25,0,90,0,302,45,0,0,62,202,187,0,0,0,0,57,0,0,0,0,119,0,0,0,0,0,0,57,0,121,166,0,0,8,37,0,0,0,0,0,0,0,0,68,100,62,48,50,0,0,214,27,0,85,45,0,0,0,0,0,0,209,0,225,0,0,0,0,0,0,123,0,0,92,0,0,96,63,0,68,0,50,0,0,0,133,0,104,33,0,107,0,0,82,23,0,0,64,53,0,64,0,0,0,41,149,0,0,21,0,0,0,0,0,97,0,0,51,0,73,0,40,98,0,0,0,0,45,65,0,0,39,0,100,34,0,0,0,56,20,0,0,124,286,0,0,9,0,0,0,0,0,197,122,100,67,125,0,0,0,0,0,45,0,74,0,0,0,60,179,0,140,0,0,0,0,66,0,100,0,0,0,0,0,0,0,98,0,0,0,161,0,30,0,345,0,0,0,0,0,0,48,0,0,75,98,0,0,48,0,0,0,32,0,0,33,0,0,61,0,0,119,127,0,59,0,0,0,0,0,191,0,102,0,0,370,0,0,0,0,0,0,27,0,0,0,0,25,0,43,0,49,0,0,0,0,55,98,31,0,39,0,0,54,40,0,0,0,0,35,0,0,57,36,165,250,125,0,0,0,0,0,54,0,20,0,0,96,103,0,179,64,76,14,0,42,0,41,0,0,0,0,0,47,0,115,0,0,0,31,0,0,0,0,0,0,100,39,0,74,47,0,33,152,27,0,255,0,0,0,0,55,0,28,40,0,26,41,0,0,82,0,183,0,0,0,0,0,0,0,0,0,0,145,0,0,119,69,35,0,27,0,0,325,0,103,50,0,0,0,46,120,0,0,0,0,47,0,0,64,0,0,0,24,181,0,17,119,52,0,0,0,0,0,0,0,0,0,115,59,0,41,0,0,0,41,0,56,28,0,0,0,0,35,0,70,0,0,85,0,0,56,62,0,96,0,182,0,0,72,37,0,0,0,0,110,0,0,108,16,7,108,0,0,0,0,68,0,136,94,41,0,54,20,67,0,0,0,96,71,0,0,0,120,0,82,22,0,0,98,0,0,0,0,34,0,0,0,94,38,0,39,0,28,0,0,83,161,0,108,46,0,22,0,0,0,0,0,154,109,0,116,0,0,47,25,83,0,0,0,0,0,0,49,0,0,42,0,0,0,0,0,0,43,0,0,0,36,0,0,341,0,0,227,35,59,0,56,0,80,44,0,84,51,0,0,63,0,0,44,0,118,0,0,0,0,0,0,0,0,456,0,0,0,0,44,0,123,47,0,179,0,0,63,29,0,0,0,106,0,52,0,66,60,35,75,58,0,45,0,0,0,0,0,0,0,61,0,650,94,0,0,0,63,0,0,0,28,75,339,158,156,0,0,0,0,0,0,35,0,0,0,0,148,0,0,0,97,0,0,0,0,0,0,57,0,36,0,89,0,0,0,28,0,0,0,0,232,158,0,0,0,47,0,0,0,0,46,0,0,57,0,19,0,32,86,0,0,28,0,26,54,0,64,0,0,0,26,0,0,28,93,0,0,0,155,0,0,27,0,0,0,28,91,31,0,0,0,0,0,31,98,82,116,28,0,0,37,0,64,0,39,0,40,37,0,0,0,113,21,105,97,33,39,0,0,50,0,0,0,0,103,40,0,0,0,1041,0,50,0,0,43,0,148,0,0,0,159,0,64,85,37,70,0,96,0,156,146,47,34,308,0,209,0,102,65,0,130,0,0,0,66,0,29,0,0,51,44,0,38,0,23,0,0,132,133,52,0,26,91,0,68,0,0,0,0,38,88,39,32,92,0,26,0,0,0,0,47,298,0,77,88,0,0,0,0,72,49,0,0,0,246,0,0,28,0,0,0,48,37,0,34,311,0,47,23,34,105,0,0,0,55,0,0,0,83,0,22,0,0,0,76,0,0,0,92,0,0,50,51,0,0,66,119,0,0,188,35,185,0,122,30,0,0,0,0,0,0,96,0,0,142,0,0,0,52,0,47,0,0,38,0,33,0,0,0,110,85,33,53,0,0,27,156,0,0,0,44,80,0,0,0,0,28,0,0,0,91,0,87,0,97,143,139,0,0,139,47,0,31,29,0,0,0,0,71,0,45,0,0,0,0,51,0,0,61,0,0,0,0,0,0,90,0,0,0,0,146,169,706,21,91,0,30,93,0,141,0,135,0,27,0,36,40,87,27,54,0,0,0,0,0,68,236,0,60,0,0,81,0,44,0,106,0,0,0,0,0,108,119,0,0,129,0,85,0,0,0,65,0,77,0,361,0,0,0,65,0,0,39,29,0,0,0,72,0,124,83,22,206,83,0,100,0,83,0,81,0,0,0,0,0,52,0,40,0,0,30,0,71,49,0,0,0,53,289,150,18,0,0,0,0,0,117,0,0,0,0,120,0,0,0,36,0,0,0,59,78,0,0,0,0,0,243,43,0,30,0,92,0,145,0,0,0,0,0,0,0,0,60,0,43,64,89,0,23,0,0,0,0,0,0,0,31,246,0,0,44
149,0,0,0,0,0,0,0,0,0,0,53,0,0,0,43,89,77,0,0,0,201,0,0,0,73,0,0,75,0,0,0,36,0,0,84,0,0,0,38,0,0,0,0,161,0,0,0,149,0,87,15,123,39,0,0,0,0,0,0,0,78,0,0,0,0,0,0,0,0,51,0,0,0,0,54,50,0,103,0,65,0,0,0,246,0,0,0,29,0,51,0,0,47,0,32,0,0,0,0,0,0,0,50,0,0,0,0,0,67,189,25,0,49,84,0,0,37,17,0,217,0,155,0,0,35,0,0,60,0,0,0,164,0,0,51,102,39,0,0,101,0,67,48,0,0,0,48,0,106,0,0,127,30,0,0,0,0,0,152,0,47,0,72,0,39,0,0,83,173,73,88,0,0,0,31,0,0,112,0,0,24,0,0,0,0,0,82,77,0,0,0,85,51,0,0,0,0,0,29,0,58,58,0,294,0,0,0,0,101,115,99,0,0,0,22,0,54,0,0,45,101,0,0,171,0,0,0,212,0,0,0,0,0,0,0,0,81,107,0,0,45,0,0,31,0,98,0,38,0,48,0,154,0,74,0,12,0,37,22,179,48,0,0,0,0,0,99,91,216,0,0,0,127,0,42,33,0,0,96,0,0,20,164,0,0,0,291,680,0,25,0,86,0,0,0,0,0,77,0,0,18,54,0,0,88,152,90,0,21,0,510,87,0,0,0,0,66,73,0,22,0,0,0,93,71,0,0,0,0,266,0,0,57,93,0,0,0,0,43,0,64,0,0,41,19,0,0,0,856,163,0,0,79,197,0,18,55,141,0,97,73,44,0,119,111,198,84,59,0,54,32,0,0,0,37,87,0,0,163,32,0,0,0,30,398,0,0,0,0,0,0,319,3,33,0,134,24,64,86,0,0,51,0,0,93,0,0,0,0,63,0,0,0,0,0,121,0,140,79,0,53,57,0,56,76,47,0,103,0,0,0,56,0,91,0,0,77,0,0,0,0,166,0,0,95,84,50,0,0,0,0,96,0,84,0,0,38,0,0,90,0,135,33,0,0,0,0,0,0,0,0,91,96,48,33,64,0,122,130,75,0,72,125,48,0,0,39,51,128,55,34,26,66,0,34,47,0,74,21,0,124,0,721,0,67,153,22,0,0,0,0,0,0,0,0,59,0,50,37,0,41,109,272,65,0,30,0,354,0,59,0,0,0,43,69,0,0,0,39,0,91,302,32,0,0,76,0,0,180,89,109,0,0,0,0,0,41,67,0,261,194,0,0,0,244,0,0,0,0,79,79,0,0,0,0,0,0,0,0,0,56,116,0,372,0,191,83,0,28,38,255,0,83,0,0,0,103,0,0,0,0,41,99,36,183,47,114,0,0,0,0,139,276,65,0,0,0,0,0,0,0,0,0,0,0,62,0,0,123,132,0,0,65,28,0,67,0,25,0,0,0,49,0,0,204,0,0,0,77,35,0,0,57,99,0,61,0,0,180,35,0,69,0,0,99,54,0,0,95,0,0,41,0,91,0,0,88,114,0,0,0,0,0,0,0,0,0,65,0,0,0,0,0,0,0,88,0,162,0,0,34,0,0,0,0,0,0,98,0,0,180,124,0,0,0,0,33,66,0,83,0,92,438,0,182,0,0,0,0,0,0,0,0,90,0,0,38,301,26,83,44,411,0,0,47,0,0,0,0,0,0,0,0,164,0,0,36,0,0,0,0,31,0,0,44,0,0,0,0,76,99,0,0,0,178,0,0,0,70,139,0,0,0,0,0,0,72,0,0,0,0,56,0,0,0,0,52,0,0,53,0,0,0,229,72,0,55,0,0,65,0,0,126,0,0,0,0,0,0,0,0,0,0,0,39,0,59,0,67,228,0,0,0,0,0,53,0,0,0,0,35,83,0,0,28,0,40,0,0,0,0,90,0,0,0,0,44,51,330,20,0,0,46,0,0,0,0,0,0,0,0,26,0,142,119,0,0,0,0,0,0,87,41,0,0,0,0,0,0,0,0,0,86,100,86,54,24,0,0,0,266,0,67,0,34,0,174,260,291,71,0,51,0,0,0,84,83,0,0,0,125,0,27,17,0,56,92,45,85,43,57,0,21,95,0,99,241,74,22,34,0,33,60,0,73,0,0,0,81,35,0,0,121,25,0,76,0,559,0,51,154,0,97,182,0,0,0,36,273,0,0,0,225,0,0,0,143,0,0,0,168,0,0,88,98,492,77,399,0,1503,128,34,42,0,0,98,0,0,58,78,0,41,0,0,358,63,70,80,108,0,0,0,163,0,100,862,0,54,110,0,40,48,56,75,0,123,35,60,0,0,112,0,32,67,214,0,75,304,105,322,0,51,50,0,0,107,97,35,0,50,0,98,85,220,0,0,62,304,147,0,170,37,66,57,38,383,83,113,0,29,107,0,63,0,0,61,64,0,91,0,54,0,0,0,0,0,24,0,29,0,416,0,0,57,100,67,0,0,73,60,0,61,0,0,94,37,28,0,113,0,160,73,197,0,0,139,0,0,136,85,23,89,0,69,0,45,91,0,0,0,0,149,243,0,0,0,0,51,0,84,0,28,0,0,0,0,335,101,0,0,0,124,158,0,0,33,72,285,32,0,44,0,128,0,0,59,0,74,50,0,0,32,51,153,0,0,410,163,0,0,0,0,0,0,230,0,0,0,129,15,116,391,0,167,0,0,0,0,38,0,0,0,0,186,0,26,80,36,0,240,0,0,52,87,0,0,79,31,82,66,0,0,52,0,0,0,0,0,44,0,0,0,0,0,57,31,0,0,0,0,91,0,93,83,0,0,0,0,0,0,0,52,0,42,0,28,0,0,56,0,0,70,0,85,0,0,0,0,105,110,75,0,44,0,0,138,41,58,0,137,56,0,0,0,34,0,0,0,0,66,40,0,85,0,0,62,31,0,87,0,203,0,0,42,81,0,27,112,30,46,0,74,25,57,0,0,199,192,42,147,0,0,1114,52,0,0,42,59,0,253,0,0,97,48,136,0,110,94,0,0,39,0,0,37,99,0,0,0,0,0,0,0,0,0,0,0,0,0,0,0,0,0,109,0,0,0,751,243,37,140,0,0,133,110,48,0,84,0,35,27,0,0,0,0,491,0,92,54,0,0,191,80,0,246,0,0,0,28,0,143,71,0,29,92,172,0,85,0,183,0,52,152,0,0,155,0,0,116,0,0,59,71,0,0,0,82,48,0,412,82,54,74,0,0,29,105,36,0,290,0,26,82,0,0,0,104,0,72,57,91,0,32,0,0,51,0,60,0,68,146,0,0,41,28,0,27,0,54,106,0,91,28,125,59,0,0,0,0,155,0,0,0,397,128,0,0,27,41,37,0,32,138,0,104,193,0,0,39,116,0,0,98,0,0,67,0,0,99,182,73,0,37,182,59,70,0,97,101,0,35,278,0,0,0,120,32,0,88,39,55,0,35,0,22,167,0,150,0,71,54,0,0,76,200,34,0,77,45,82,0,50,78,362,0,209,0,37,126,131,0,46,0,131,41,0,91,292,0,0,252,71,0,0,173,307,0,101,0,65,40,0,0,93,0,37,541,0,0,97,42,0,133,0,62,0,0,0,132,0,34,0,0,0,90,0,0,115,125,108,0,56,42,46,0,39,85,107,60,0,0,69,123,0,0,0,39,0,68,35,196,33,80,121,0,0,117,0,28,144,0,106,73,63,0,101,106,49,0,36,145,57,23,0,0,80,183,36,74,0,0,0,393,138,63,0,0,391,71,43,0,65,0,31,29,164,0,0,0,268,31,258,112,0,0,0,35,0,0,72,29,155,71,0,74,33,173,0,0,0,0,54,0,0,172,204,0,0,216,0,0,18,0,72,0,22,210,39,0,0,0,0,31,42,42,181,183,78,0,74,0,0,69,0,69,231,0,18,72,0,46,62,0,0,0,258,48,186,0,73,0,0,141,0,107,119,0,0,257,113,140,43,0,0,55,0,44,55,0,0,100,50,0,0,0,0,0,30,0,0,282,87,31,0,0,0,0,42,211,0,577,29,0,47,0,0,53,0,0,94,65,0,61,0,0,0,0,95,0,91,56,43,0,0,0,0,0,0,109,0,0,132,0,68,0,26,60,138,0,21,72,0,0,0,33,0,88,127,71,76,181,0,51,17,0,0,0,0,0,0,0,110,30,54,75,109,0,70,53,64,34,0,0,70,0,44,58,134,0,0,31,0,0,458,47,51,95,164,0,238,0,0,0,0,248,45,103,0,109,40,36,0,29,0,39,76,181,0,0,0,163,74,74,92,137,30,0,0,59,98,0,0,132,46,0,0,0,0,91,247,0,0,33,0,0,339,0,39,383,0,0,0,0,103,58,0,357,72,159,0,33,0,0,0,0,119,0,0,176,43,86,28,69,110,318,108,0,0,0,0,60,227,74,0,0,345,0,0,204,76,121,0,306,0,54,0,0,0,60,315,201,0,211,0,0,79,0,0,0,0,0,0,120,0,23,0,61,90,0,0,0,0,0,36,0,0,158,0,76,89,0,47,174,0,0,13,0,269,228,0,78,0,32,34,0,172,52,142,257,60,60,136,87,0,0,0,0,52,129,130,0,0,26,0,25,78,53,0,0,147,0,0,0,76,0,0,0,71,0,0,64,145,25,0,46,121,99,67,0,812,21,0,0,0,0,0,73,51,51,97,110,0,0,69,0,0,0,82,39,49,0,0,0,68,0,0,117,331,38,100,0,39,0,102,46,159,0,117,0,0,381,89,91,0,80,0,0,30,30,0,58,0,0,0,49,44,173,87,0,0,0,131,122,76,0,55,0,60,67,62,50,111,35,0,0,0,93,74,71,204,120,621,73,0,0,0,0,72,100,0,26,44,119,485,44,185,0,107,175,0,78,0,56,41,0,87,0,0,59,0,173,334,0,48,0,0,0,0,0,50,47,118,73,241,50,0,53,0,319,33,0,195,0,0,44,72,148,42,144,45,0,106,58,0,162,118,0,322,156,47,45,75,0,85,32,139,99,0,75,35,0,115,136,0,43,75,0,0,448,0,83,70,0,0,0,0,122,46,0,0,45,49,0,0,178,0,48,0,0,112,30,67,175,0,59,0,0,0,0,31,0,65,101,125,215,245,43,0,0,44,53,71,0,72,0,0,34,74,39,0,128,48,31,364,0,0,37,69,0,124,107,215,0,0,16,0,0,0,0,0,32,0,48,150,0,206,246,31,0,0,0,126,0,47,146,42,164,102,159,117,28,0,0,92,76,0,80,103,113,28,35,34,0,13,88,98,46,0,0,88,0,0,0,114,47,786,47,0,47,51,0,103,175,82,177,0,104,32,0,0,78,0,61,332,70,0,145,30,0,122,43,36,0,46,0,0,102,85,68,77,52,132,95,0,0,0,0,0,105,27,0,0,65,0,0,1387,0,0,860,135,33,0,131,0,263,108,0,255,85,30,0,0,0,0,0,0,38,0,65,85,0,0,51,0,0,845,97,0,0,0,429,0,163,118,172,0,0,0,35,124,121,37,0,68,0,23,104,0,208,115,300,0,131,64,0,43,59,0,0,0,37,34,0,120,340,0,29,0,110,123,0,64,0,39,164,398,96,57,108,0,40,92,0,61,53,64,0,0,191,122,52,41,288,52,0,0,0,0,71,87,0,0,0,146,0,0,0,135,73,17,0,0,121,784,145,15,0,174,43,46,0,0,307,36,0,170,0,100,0,105,163,39,0,0,45,0,32,22,183,200,64,0,0,0,69,45,0,0,45,0,97,0,0,172,0,100,54,47,0,64,73,33,58,0,68,0,0,0,512,60,0,0,282,116,0,71,0,110,256,0,143,32,39,556,79,96,0,243,53,50,27,112,0,49,81,45,236,81,45,0,0,371,0,52,0,0,97,0,112,0,72,34,82,0,57,71,45,107,0,399,0,52,61,29,0,693,0,420,35,178,0,81,371,27,58,50,88,80,0,0,0,100,0,0,0,61,0,59,0,33,150,197,0,76,0,26,86,0,0,71,59,66,28,104,204,105,0,120,0,10,0,21,136,424,59,47,221,0,62,0,0,0,146,0,30,0,149,22,0,0,136,0,0,128,51,30,56,295,98,116,162,239,186,149,114,0,68,0,0,0,257,0,59,20,0,82,0,26,0,17,258,0,113,59,59,90,136,53,195,0,30,573,58,377,0,138,33,0,83,62,0,0,75,277,69,47,78,0,132,0,67,0,173,0,47,21,34,0,31,32,47,186,66,67,0,35,0,144,94,0,0,14,0,516,41,128,0,22,81,44,70,75,84,88,91,38,162,203,129,38,0,276,56,257,67,64,48,0,0,31,172,0,98,0,0,0,38,0,0,0,230,51,0,0,27,70,32,105,0,77,0,91,181,682,450,0,123,35,56,338,70,196,0,154,96,129,0,128,200,233,65,74,0,0,141,111,0,127,126,27,70,121,98,196,60,161,0,223,0,23,0,90,0,31,189,0,770,213,0,276,0,0,0,127,21,96,69,355,0,0,78,134,0,0,206,0,0,173,0,89,0,0,235,170,606,79,0,371,26,295,0,93,0,118,0,0,0,90,53,246,30,0,49,0,172,117,34,40,126,89,418,311,66,43,67,0,40,0,1103,157,0,0,111,53,0,34,0,82,37,0,99,112,91,0,0,98,0,0,557,99,95,79,0,122,0,757,0,0,31,0,0,0,0,21,325,0,70,71,174,37,39,67,0,0,97,71,68,0,47,303,56,0,38
150,0,0,0,0,0,0,0,0,0,0,0,0,0,0,0,0,0,0,0,0,0,0,0,0,0,0,0,0,0,0,0,0,0,0,0,0,0,0,0,0,0,0,0,21,0,0,0,0,0,0,0,0,0,0,0,0,0,0,0,0,0,0,0,0,0,0,0,0,0,0,0,0,0,0,42,0,0,0,0,0,0,0,0,0,0,0,0,0,0,0,0,0,0,0,0,0,0,0,0,0,0,0,0,0,0,0,0,0,0,0,0,0,0,0,0,0,0,0,0,0,0,0,0,0,0,0,0,0,0,0,0,0,0,0,0,0,0,0,0,0,0,0,57,0,0,0,0,0,0,0,0,0,0,0,0,0,0,0,0,0,0,0,0,0,0,0,0,0,0,0,0,0,0,0,0,0,0,0,0,0,0,0,0,0,0,0,0,0,0,0,0,0,0,0,0,0,0,0,0,0,0,0,0,0,0,0,0,0,0,0,0,0,0,0,0,0,0,0,0,0,0,0,0,0,0,0,0,0,0,0,0,0,0,0,0,0,0,0,0,0,0,0,0,0,0,0,0,0,0,0,0,0,0,0,0,0,0,0,0,38,0,0,0,0,0,0,0,0,0,0,0,0,0,0,0,0,0,0,0,0,0,0,31,0,0,0,0,0,0,0,0,0,0,0,0,0,0,0,0,0,0,0,20,0,0,0,64,0,0,0,117,0,0,0,0,0,0,22,0,32,0,0,0,0,25,0,0,0,0,74,0,0,26,0,0,0,0,0,0,0,0,0,0,0,0,0,0,0,33,36,0,0,57,48,0,0,0,45,0,0,0,0,0,0,0,120,0,0,0,27,0,0,0,0,0,0,0,0,18,0,0,0,0,0,215,0,0,0,0,0,0,0,0,0,0,37,0,0,0,0,0,0,0,0,0,0,0,0,0,0,0,0,0,0,0,0,0,0,0,0,0,48,0,0,0,0,0,0,0,0,0,0,0,0,0,0,0,0,0,0,0,0,0,0,0,0,0,0,0,0,0,0,0,0,0,0,0,0,0,0,0,0,0,0,0,0,0,0,0,0,0,31,0,0,0,0,0,0,0,0,0,66,0,0,0,0,0,0,0,50,0,0,28,0,0,0,0,0,0,0,24,0,40,0,0,0,0,0,0,0,0,0,0,0,0,0,0,0,0,0,0,0,113,0,0,0,0,0,0,0,0,0,0,0,0,0,0,0,0,0,0,66,0,0,0,0,0,0,29,0,41,0,30,0,0,0,0,0,0,0,69,0,0,0,0,0,0,0,0,0,0,0,0,0,0,0,0,0,0,0,0,0,0,54,0,0,67,0,0,0,0,0,42,0,0,0,0,0,0,0,0,0,0,0,0,0,44,0,0,0,0,0,0,46,0,0,0,0,0,0,0,0,0,0,0,0,0,0,70,31,0,0,0,0,0,43,0,0,0,0,0,60,0,0,165,0,0,0,0,0,0,0,18,0,0,0,0,0,30,0,0,0,0,0,53,0,0,0,0,61,0,0,0,35,0,0,0,0,0,0,0,0,0,0,0,0,0,0,0,47,0,0,0,0,0,0,0,32,0,0,0,0,0,0,0,0,0,0,0,0,94,0,0,0,0,0,0,0,0,0,0,55,123,0,44,0,0,0,0,0,0,0,0,30,0,0,0,132,0,114,0,64,0,0,40,0,0,0,0,0,0,0,0,45,0,0,0,0,0,0,46,0,0,0,0,0,0,0,6,56,66,0,0,0,134,0,0,0,0,0,0,0,0,0,0,0,0,0,62,0,0,0,0,0,0,0,0,0,0,0,0,0,0,82,0,0,0,0,0,0,0,0,0,0,0,0,0,0,0,0,0,57,0,0,0,0,0,0,0,150,0,0,0,0,0,0,0,0,0,0,0,0,0,60,0,0,0,0,0,20,0,0,0,0,0,107,0,0,62,0,0,0,0,0,0,0,0,0,0,0,0,0,0,49,43,0,0,0,0,29,0,0,0,0,0,0,45,0,0,0,0,0,0,82,0,36,0,0,0,0,112,0,0,0,0,0,0,0,0,0,0,0,0,0,96,0,0,41,0,0,26,0,0,0,0,0,0,0,26,0,0,0,0,0,0,0,0,30,0,0,0,0,0,0,0,0,0,0,39,0,0,0,0,0,0,0,0,160,0,0,33,0,32,0,0,0,0,0,182,0,0,0,71,0,0,0,99,0,0,0,88,0,0,28,0,207,0,103,0,273,0,0,0,0,0,0,0,0,31,0,0,0,0,0,86,0,0,79,43,0,0,0,0,0,26,122,0,0,38,0,0,0,0,0,0,64,0,0,0,0,0,0,0,0,86,0,33,510,56,57,0,67,49,0,16,49,37,0,0,0,0,0,0,0,0,0,0,42,0,0,57,0,0,0,137,159,51,168,0,43,0,0,33,0,0,0,0,0,0,0,0,0,0,103,0,0,0,0,19,0,95,0,0,0,0,0,0,0,0,0,0,99,0,0,0,0,0,0,0,0,0,57,52,0,0,74,0,0,23,0,0,111,0,0,0,0,55,0,0,0,0,75,45,0,0,0,0,0,0,0,0,0,0,0,0,0,23,0,0,0,0,0,0,0,0,0,0,82,0,0,0,41,49,52,0,36,0,0,0,0,0,0,30,0,0,0,61,99,0,0,0,0,0,0,139,139,0,0,0,0,192,53,0,62,0,0,0,0,0,0,0,30,0,0,0,0,0,0,0,54,0,0,29,169,0,35,0,0,0,0,0,0,0,0,0,0,0,0,45,0,0,0,90,0,0,0,0,0,0,0,0,0,37,0,0,0,0,0,0,0,0,0,0,21,0,51,0,0,0,0,0,41,0,54,0,0,0,0,59,143,148,0,0,0,0,0,0,0,0,54,0,0,0,50,0,0,0,0,0,0,0,0,33,0,0,0,0,0,5,0,69,0,0,21,0,28,0,37,125,0,0,105,0,0,0,0,151,0,0,91,0,0,1093,0,38,0,0,0,0,0,0,0,0,0,36,0,0,0,0,0,0,0,0,0,0,0,0,0,0,0,42,0,10,84,0,0,0,20,0,0,0,0,120,0,0,0,72,114,0,143,0,0,89,0,0,0,0,0,39,0,0,0,48,0,0,0,61,0,63,0,132,155,0,0,0,0,0,0,0,172,0,29,0,0,69,0,147,0,65,0,26,0,0,0,43,74,0,0,0,0,0,0,37,0,0,0,0,0,75,0,0,0,0,0,0,180,0,0,0,0,0,0,0,0,0,0,0,0,150,0,0,0,123,0,0,60,0,0,148,138,0,0,41,29,0,0,0,0,47,0,0,0,0,50,0,0,0,0,0,0,0,0,40,0,0,0,0,0,0,0,0,0,0,29,59,0,0,0,0,0,0,0,0,0,0,0,0,0,81,0,0,0,0,0,0,0,0,0,0,0,30,0,0,0,46,0,0,0,0,0,0,0,0,0,99,0,0,0,58,0,0,0,0,32,0,0,0,0,0,0,0,22,0,0,44,0,0,0,68,0,0,0,0,0,0,0,120,0,0,58,0,0,0,0,148,0,35,24,0,20,0,0,0,0,0,120,0,0,0,0,0,72,0,0,0,33,0,24,0,0,0,0,0,70,0,0,43,87,0,0,0,23,32,0,0,0,27,0,0,0,0,38,0,0,0,0,0,0,0,32,53,0,0,0,0,0,0,0,0,0,0,35,0,0,0,0,0,36,0,33,17,0,0,0,0,134,0,0,0,0,0,139,36,0,0,0,60,28,28,0,0,0,0,0,95,0,0,0,85,0,172,46,0,0,0,0,39,0,0,0,41,0,18,37,0,34,0,0,0,0,0,0,0,30,52,0,0,118,0,0,0,45,0,0,0,0,0,0,0,0,0,0,0,0,0,119,0,32,65,0,0,59,0,0,76,0,0,0,0,0,0,0,0,0,138,0,20,0,0,0,0,94,0,0,57,0,0,66,0,99,0,0,0,0,0,0,0,0,0,0,0,0,0,0,0,0,0,0,0,59,0,23,0,0,0,0,0,40,0,174,0,0,17,0,0,0,56,0,0,0,0,49,0,0,0,0,0,0,91,20,0,0,0,0,44,0,0,60,0,0,45,0,30,0,30,0,0,121,26,0,0,0,0,0,0,55,133,0,0,42,0,44,0,0,0,0,0,0,0,0,0,0,49,31,56,0,0,0,36,0,0,0,57,0,0,56,125,26,0,0,0,0,221,35,0,23,117,0,125,0,0,0,28,69,0,0,0,46,0,0,0,0,0,35,0,74,0,0,0,76,0,0,60,35,74,0,0,0,80,0,0,0,0,0,0,0,0,75,0,0,0,62,0,0,200,0,25,45,0,0,0,0,29,37,0,94,43,35,0,0,0,0,0,0,0,0,53,0,0,17,59,0,58,343,50,0,0,0,0,0,95,0,0,0,87,0,0,46,0,85,0,136,0,0,0,0,0,0,91,0,98,70,0,0,0,0,0,0,0,0,0,0,0,0,0,0,100,0,0,0,0,32,31,0,0,83,0,0,0,0,0,118,0,0,0,0,178,74,0,0,0,0,0,0,26,0,57,92,0,0,0,94,0,0,0,0,49,45,182,0,0,0,0,0,58,0,0,0,0,0,80,0,52,0,0,0,28,0,0,0,133,0,0,0,0,0,0,0,47,0,0,0,0,0,0,118,56,0,0,250,0,0,0,0,0,0,0,0,0,0,69,0,29,0,0,74,0,0,102,0,0,0,0,0,0,0,95,48,0,0,0,0,0,40,44,0,0,0,0,0,0,0,0,0,0,45,0,0,0,0,106,43,0,0,0,0,0,42,0,0,59,0,0,0,0,39,24,0,66,0,188,0,0,0,0,0,30,55,0,0,40,0,254,0,0,0,27,117,0,0,0,0,0,0,0,0,0,0,0,0,130,0,29,0,0,53,0,0,36,11,49,39,103,0,0,0,0,121,64,0,77,0,0,0,0,0,0,63,49,0,31,0,0,61,61,0,20,47,0,0,27,0,0,0,23,98,0,89,0,0,73,0,0,0,54,0,0,308,0,73,0,0,0,0,78,114,0,0,0,0,0,0,0,79,0,0,0,0,61,0,0,260,0,0,0,0,0,0,0,0,0,0,75,81,0,42,0,0,83,49,0,50,0,0,0,0,44,0,0,46,0,0,113,0,0,77,0,0,36,50,106,0,0,0,0,0,0,0,0,0,0,0,0,0,78,118,0,20,0,0,0,0,44,75,59,106,22,133,21,0,0,0,0,0,0,0,0,88,0,92,26,0,0,63,0,0,0,0,62,0,0,0,0,0,614,0,0,0,0,0,0,131,0,30,0,38,0,0,0,0,0,24,134,31,0,211,0,0,45,35,0,48,0,0,0,38,0,41,0,0,109,95,0,0,0,0,0,45,0,0,27,0,0,0,295,0,0,202,88,115,0,134,0,126,0,0,56,37,0,0,0,0,0,94,29,71,58,57,0,0,0,0,0,0,249,32,0,0,0,337,0,39,81,91,79,0,0,29,82,0,0,0,180,0,0,0,0,86,42,55,0,94,36,0,0,0,53,0,0,0,0,0,369,90,0,0,0,57,95,0,0,0,0,61,65,0,0,59,38,0,41,0,54,0,23,0,0,27,0,39,0,226,0,0,24,0,0,38,46,0,0,114,0,34,0,0,45,46,0,0,0,88,435,38,0,0,0,0,0,0,0,55,0,0,109,0,17,39,0,0,0,0,0,0,0,0,0,45,114,0,24,0,0,44,0,0,0,0,0,243,0,0,71,0,0,0,0,52,0,0,0,54,0,0,0,0,47,245,53,0,0,127,79,62,56,0,71,175,100,80,0,0,362,44,291,0,167,81,113,0,81,0,0,0,0,0,0,42,0,0,302,0,144,0,0,17,0,273,0,0,22,213,0,0,92,46,25,0,69,0,75,0,93,0,380,0,240,0,43,0,60,56,17,25,76,231,0,56,0,0,0,0,0,47,59,64,0,0,78,170,185,0,0,36,0,67,0,0,37,0,40,33,0,118,32,0,27,0,0,29,0,42,47,0,0,76,0,0,0,0,0,165,0,0,81,64,0,0,60,143,34,0,29,0,0,0,147,0,53,131,95,83,0,70,0,37,0,0,0,68,0,0,0,0,54,50,32,0,0,102,0,67,76,127,0,0,22,68,0,0,232,26,261,0,64,34,0,0,0,0,0,0,253,50,0,0,0,167,0,34,0,63,0,0,0,0,43,38,0,35,261,91,0,0,0,0,72,0,0,0,0,0,128,0,0,0,0,0,0,96,32,0,0,0,0,0,22,0,0,0,186,32,39,0,0,0,0,0,0,83,0,109,0,43,0,0,0,0,0,83,0,0,0,0,0,0,0,0,0,0,0,94,306,199,0,103,69,109,0,30,133,21,60,0,36,0,66,0,78,51,0,38,0,70,74,0,102,64,0,83,41,33,275,0,20,0,124,0,0,0,24,0,62,0,0,301,0,0,59,0,0,41,0,0,33,0,42,2,0,0,0,0,0,93,0,0,0,0,38,0,0,59,82,301,0,0,130,65,141,0,123,0,158,32,0,0,178,30,0,0,0,73,0,66,51,0,0,54,32,114,209,48,0,0,0,0,0,573,0,0,0,50,70,0,50,0,0,0,0,66,26,55,0,0,111,0,0,50,0,0,50,0,0,0,51,0,0,0,0,0,0,0,39,85,0,0,134,68,0,63,0,0,0,0,39,0,0,0,152,0,46,0
151,0,0,0,32,0,0,0,0,182,0,117,0,0,0,0,96,173,0,0,38,446,0,113,0,174,0,0,39,0,0,0,40,0,24,0,70,0,0,97,94,0,31,0,62,0,0,32,466,0,26,0,164,0,0,301,0,0,0,45,0,99,42,0,0,0,60,0,0,0,108,0,0,0,0,101,0,0,54,0,0,0,0,50,82,0,22,0,0,0,348,97,42,45,105,31,0,0,0,0,0,0,0,40,0,0,0,0,62,0,152,38,0,220,83,0,0,0,0,0,107,20,444,0,0,70,0,0,32,46,131,0,456,0,20,55,272,0,53,50,67,0,0,107,0,0,0,0,0,48,0,0,67,37,41,53,0,69,0,76,74,109,0,175,0,76,0,0,173,135,103,213,0,33,0,31,0,28,384,28,0,0,0,44,0,0,0,119,247,0,0,0,109,94,0,0,60,0,0,28,0,123,64,0,190,0,0,0,0,118,61,77,0,0,75,0,32,34,0,0,72,69,47,0,406,0,0,80,149,0,0,0,0,0,0,0,27,116,296,0,0,0,69,0,77,0,55,0,0,0,77,41,392,37,97,0,0,0,0,0,58,38,0,0,0,0,0,383,0,336,0,0,80,401,0,115,0,0,190,356,0,0,61,94,0,0,61,139,97,0,39,0,164,35,45,0,0,0,47,32,70,0,0,0,0,312,157,109,0,25,0,402,0,0,0,31,71,72,70,0,0,0,0,32,0,71,0,149,0,0,253,0,72,88,45,76,0,38,35,0,0,51,0,40,0,39,0,0,40,443,127,0,0,281,265,0,60,0,386,171,0,0,103,0,0,137,202,101,81,0,203,44,0,0,34,128,168,0,0,102,119,27,63,0,0,214,49,86,84,0,0,0,279,0,37,34,115,38,69,106,0,0,155,0,42,19,0,49,31,25,72,0,91,0,0,0,319,0,335,84,0,166,72,0,0,77,119,0,213,14,0,0,51,0,0,0,19,0,38,107,0,0,194,54,0,0,161,49,0,0,0,0,68,0,134,0,43,60,0,0,142,0,131,69,34,24,30,0,0,0,0,0,126,106,40,92,104,314,67,112,112,0,133,62,161,0,0,89,115,178,155,41,0,68,37,60,88,137,89,0,0,87,0,437,62,0,195,123,88,0,0,43,0,0,0,0,0,0,94,61,0,44,132,185,0,0,0,50,171,0,0,40,0,0,97,88,0,0,0,34,43,137,236,30,40,0,66,0,0,140,145,61,0,51,74,0,0,47,105,74,97,181,0,57,0,282,48,0,0,0,256,146,0,0,0,0,0,75,0,0,0,225,65,0,156,0,56,96,41,0,0,564,0,78,0,0,0,158,0,0,0,0,0,63,28,178,0,191,0,38,0,0,267,330,24,0,0,0,0,0,0,0,0,0,0,0,0,0,0,53,193,0,0,71,0,0,23,50,0,0,0,0,27,0,0,130,0,70,0,0,38,0,0,41,436,0,37,0,0,178,63,46,59,0,0,41,25,0,36,82,114,0,164,28,264,0,0,75,219,0,0,0,0,52,0,0,34,40,53,0,120,0,65,0,48,0,181,0,225,0,0,0,0,98,46,0,0,79,113,122,30,100,60,0,0,0,0,65,283,45,111,0,35,255,121,307,121,53,0,0,81,0,23,22,0,0,0,0,169,131,147,0,1199,103,0,24,0,0,71,0,17,39,0,0,55,0,0,0,0,0,0,80,26,0,0,114,0,0,0,0,25,38,0,0,0,98,0,0,0,88,147,63,93,0,0,0,55,0,128,158,0,0,93,38,0,72,0,0,25,0,53,50,64,77,49,82,0,40,70,0,39,0,119,183,0,0,35,0,0,0,37,0,45,28,0,0,57,79,0,103,80,0,0,46,0,0,117,52,0,0,0,0,120,0,111,98,0,0,0,0,45,0,35,46,0,0,255,312,0,490,29,53,0,287,48,0,34,0,26,0,0,0,0,0,0,62,0,23,0,0,0,62,64,31,0,69,0,49,0,0,0,116,0,0,71,160,138,50,0,37,0,0,0,0,0,0,0,181,128,153,57,29,116,23,0,379,0,62,69,0,72,169,39,0,0,69,41,0,0,59,0,74,27,0,0,0,36,86,63,0,0,50,39,135,0,60,0,43,0,49,0,0,0,124,37,0,0,0,330,0,0,127,28,34,97,62,0,101,100,191,0,0,0,103,0,0,0,491,20,0,0,132,0,0,50,46,418,0,394,0,692,46,35,0,0,0,0,0,0,60,44,0,73,0,0,76,103,0,274,54,41,0,0,33,0,154,1186,107,46,0,0,0,0,0,125,0,113,0,24,0,0,84,0,0,37,132,0,77,716,79,274,0,0,60,37,28,93,127,0,0,0,0,0,0,214,0,105,53,112,94,0,0,96,0,75,119,310,69,87,0,89,62,0,87,0,0,42,47,0,85,0,43,0,0,526,0,0,0,52,59,0,362,33,94,27,96,47,0,0,22,42,0,132,0,61,0,48,33,0,51,27,131,61,56,0,0,154,0,0,328,0,99,100,0,0,0,0,78,58,185,0,0,75,846,0,0,0,95,53,0,0,0,13,0,0,0,0,182,0,59,62,0,81,132,177,0,0,24,184,0,0,45,139,145,49,80,69,0,85,45,56,0,0,0,168,0,0,148,125,0,0,0,0,0,0,169,180,39,0,112,0,419,225,0,348,0,0,0,0,0,0,48,0,0,69,0,0,69,0,0,224,0,0,0,0,0,0,0,0,0,0,0,0,0,0,0,43,0,0,55,0,0,34,104,0,0,55,0,0,43,0,86,0,0,35,0,0,0,0,0,0,0,32,0,0,0,44,0,0,79,0,0,0,0,0,0,0,0,0,0,50,0,0,27,0,0,0,0,38,0,0,44,0,0,0,29,0,0,0,0,88,0,23,0,0,0,0,0,0,0,0,157,0,0,0,0,27,0,166,0,0,0,0,0,35,0,0,45,40,0,0,31,0,477,0,0,0,0,0,0,0,0,25,0,0,0,0,82,56,0,0,0,0,0,0,127,0,0,0,0,27,61,0,0,0,52,0,17,0,0,0,0,0,0,0,0,0,442,0,0,191,0,0,0,78,0,0,0,0,99,16,0,0,0,0,147,21,0,29,170,0,107,0,0,72,0,0,0,0,0,81,0,0,51,0,70,0,0,0,0,0,0,110,0,0,135,0,0,0,0,0,0,93,54,103,0,0,0,0,119,33,0,0,104,0,43,0,32,0,121,0,0,104,0,0,0,111,0,0,30,59,33,0,61,0,66,93,0,0,0,0,0,0,45,0,0,0,0,0,69,0,51,41,58,29,0,36,0,0,140,0,0,0,127,0,0,0,0,0,25,0,0,78,0,100,0,0,0,34,0,0,0,36,0,0,74,0,0,41,375,79,0,0,125,104,117,0,100,27,0,0,344,0,0,0,0,44,0,0,0,0,0,0,0,0,73,0,75,0,73,0,50,0,56,214,0,38,169,38,79,0,0,66,143,0,187,14,0,101,84,0,19,0,139,134,91,68,939,0,0,177,40,47,29,80,46,39,68,0,0,102,0,0,75,0,0,692,0,43,93,0,0,115,0,0,25,121,0,62,56,90,0,0,0,0,0,118,47,0,76,0,0,0,44,0,0,231,37,63,0,0,65,137,71,106,0,0,0,122,0,0,89,103,59,0,0,196,0,0,66,144,63,0,224,24,211,80,0,90,0,89,202,0,0,0,75,101,0,65,0,0,0,744,75,69,63,32,373,0,69,0,236,0,40,39,159,0,0,0,112,64,299,148,0,64,0,0,198,66,71,28,112,54,0,34,34,68,0,0,0,129,32,0,0,0,172,0,0,113,0,0,0,47,135,0,89,181,101,67,0,0,0,54,77,53,137,640,0,0,89,0,0,0,0,42,324,0,0,86,0,65,49,0,0,121,78,0,0,0,30,0,36,298,61,206,188,0,0,175,67,149,0,0,31,266,0,114,106,0,88,57,42,0,46,0,0,0,85,0,50,242,76,0,0,0,0,0,0,221,0,852,0,66,64,0,0,36,0,0,99,84,0,44,0,0,53,64,89,0,71,0,49,34,0,35,150,0,17,61,0,0,205,0,0,0,0,89,88,384,0,57,90,0,0,27,22,35,113,0,61,228,0,0,89,0,48,0,0,0,0,0,33,50,0,58,142,20,84,65,0,41,0,0,0,0,0,91,0,0,0,36,0,0,49,46,40,72,73,0,0,0,0,0,74,305,0,37,0,101,41,57,27,0,0,45,0,254,0,0,0,101,122,72,74,225,151,0,0,0,147,0,0,0,0,29,0,0,0,126,281,0,76,103,0,0,282,42,0,450,41,36,0,0,0,0,0,372,31,194,0,27,33,0,0,0,115,0,0,175,0,58,108,119,0,161,96,57,0,0,53,59,105,92,0,0,83,0,0,167,38,96,37,63,116,52,0,0,27,71,210,116,29,221,67,0,84,0,0,0,107,0,0,129,0,125,0,41,90,0,0,0,0,73,0,0,0,121,24,42,89,0,0,214,0,0,0,13,204,122,0,31,0,0,0,0,0,0,282,177,122,53,71,69,0,0,0,0,72,0,0,24,0,0,90,0,69,62,0,0,96,0,0,0,270,0,0,0,0,0,0,84,61,0,0,43,303,84,0,0,467,0,0,0,0,0,0,0,0,0,177,50,0,0,105,0,34,78,72,0,0,31,50,0,72,0,33,0,164,0,96,0,0,0,50,36,0,0,113,34,55,842,67,94,38,0,0,38,0,0,0,56,0,0,0,32,53,102,78,0,0,0,87,0,58,0,0,0,49,68,33,131,90,0,0,39,0,94,55,93,675,0,355,153,0,0,0,0,65,83,0,0,35,215,562,0,0,97,153,211,0,51,0,0,0,0,0,0,0,0,0,213,167,0,60,162,0,57,0,0,30,55,40,0,204,0,38,38,0,303,79,0,137,49,58,0,0,105,0,92,0,0,65,92,0,95,136,0,56,44,0,64,36,79,68,0,58,109,0,100,0,0,35,69,68,0,0,35,0,448,0,0,52,0,68,0,61,123,0,0,78,0,0,0,30,68,0,83,30,0,135,104,46,355,63,0,0,0,0,0,0,0,0,83,0,154,150,101,0,0,41,0,105,52,81,0,0,64,38,104,16,129,37,0,243,0,0,113,145,0,62,111,42,0,0,83,0,0,0,0,0,109,0,44,304,0,84,179,0,51,0,0,136,0,59,161,0,118,87,221,96,58,254,0,194,0,0,0,63,37,52,164,145,0,0,0,28,67,0,0,48,27,0,0,96,0,817,122,0,71,0,0,156,136,41,76,67,42,0,0,0,32,0,310,263,75,0,241,0,0,73,52,62,42,34,0,0,128,97,0,57,40,75,118,0,0,0,0,0,57,0,0,0,0,0,24,997,0,0,949,0,0,0,103,0,69,135,0,177,43,0,0,189,0,0,0,0,91,0,33,0,0,0,0,0,0,310,161,0,0,0,117,0,31,149,0,125,0,0,0,0,86,0,0,83,0,0,0,0,202,64,154,162,46,0,45,0,15,51,0,0,22,0,0,304,76,0,55,59,139,0,0,0,35,0,143,131,0,0,0,94,25,0,0,0,26,0,0,0,57,176,62,0,187,0,0,64,0,0,65,45,0,0,74,271,0,0,0,132,0,35,0,0,59,694,60,0,0,116,0,0,0,0,197,0,39,0,51,0,0,136,392,0,0,0,0,65,0,0,60,5,22,43,0,0,0,37,39,19,0,0,319,0,62,63,0,103,0,63,192,63,85,0,54,0,0,31,47,65,511,194,0,0,156,0,36,0,0,39,32,40,0,0,0,381,0,153,0,29,0,145,0,72,0,151,0,0,295,0,0,0,0,284,37,53,0,0,34,0,0,0,0,0,61,0,0,56,202,83,0,173,0,0,87,0,0,521,0,306,0,143,0,0,469,0,56,27,84,55,0,0,0,124,0,0,0,0,0,0,0,45,157,99,0,47,0,0,0,0,0,58,0,58,0,36,0,68,45,0,0,0,141,0,128,105,0,0,0,0,0,0,0,151,29,0,0,51,0,0,0,36,130,28,0,86,133,0,0,287,0,56,155,164,138,226,72,0,43,0,0,0,104,0,94,51,0,90,53,0,0,0,204,35,127,0,69,20,105,0,134,0,0,613,24,253,0,0,54,0,85,0,0,11,82,115,0,47,295,0,71,0,55,0,85,40,0,0,48,34,0,44,0,130,52,38,86,0,0,39,0,0,0,20,19,568,0,63,0,22,0,51,0,132,118,60,0,0,84,152,0,37,0,127,82,106,26,54,128,0,0,0,221,0,66,0,0,57,85,0,0,22,91,48,0,0,0,52,70,27,0,73,0,53,112,606,597,86,84,94,76,241,0,149,0,77,129,40,0,215,83,79,0,73,0,0,0,56,0,154,0,0,47,91,36,454,0,148,34,94,41,0,0,47,0,66,272,0,175,140,0,210,0,0,0,56,0,106,83,818,0,0,46,212,0,0,120,27,0,70,0,88,0,79,63,0,710,75,0,325,0,135,0,54,0,177,72,0,0,107,0,116,0,0,48,0,158,175,0,0,0,44,140,157,87,0,64,41,0,0,100,0,0,0,57,0,37,56,0,63,64,0,0,116,73,0,0,161,0,0,427,105,0,0,0,76,0,671,0,0,0,0,0,0,0,55,250,0,0,57,53,0,96,48,0,0,99,89,60,31,108,409,41,0,64
152,0,0,0,0,0,0,0,0,0,0,0,0,0,0,0,93,57,0,0,0,0,0,0,0,0,0,0,0,0,0,0,0,0,0,0,0,0,0,119,22,0,0,0,0,0,0,0,109,0,18,0,0,0,0,33,0,0,0,0,0,24,0,66,0,0,0,0,0,0,57,0,0,0,0,66,33,0,51,0,0,0,0,57,69,0,0,0,0,0,66,0,0,18,0,0,0,0,0,0,0,0,0,50,0,0,0,0,0,0,51,0,0,0,0,0,0,0,0,0,91,0,0,0,0,0,0,0,25,0,0,0,0,0,0,0,0,0,0,0,0,21,0,109,0,0,0,0,0,55,0,0,43,0,41,0,0,18,0,94,58,0,0,0,0,0,0,0,0,65,0,41,0,0,0,0,0,0,0,0,0,0,0,0,0,0,0,82,0,0,0,0,0,0,0,0,0,0,0,0,0,0,0,0,73,0,0,0,0,0,51,0,0,0,0,0,0,0,0,0,57,0,0,0,0,0,0,0,0,0,0,0,0,0,0,0,0,0,0,0,0,0,0,0,0,0,62,0,0,0,0,0,0,0,0,0,0,0,0,0,0,0,0,0,0,0,0,0,0,51,0,0,0,0,0,0,0,0,71,0,0,0,0,51,0,0,0,108,128,0,0,0,58,0,0,0,0,0,0,0,0,0,0,0,0,0,41,0,0,0,0,24,0,0,0,0,0,0,0,0,0,0,0,0,0,0,0,0,0,0,0,0,0,0,0,0,0,0,0,0,0,0,0,0,0,0,0,0,0,70,41,0,0,0,180,0,0,0,164,0,0,19,0,0,0,53,74,77,0,0,0,0,0,0,0,37,75,0,0,58,17,0,0,0,0,70,0,0,0,0,0,0,35,0,0,0,80,0,0,0,0,0,85,0,0,0,0,0,0,0,0,0,0,0,0,0,0,0,0,0,0,82,0,0,0,0,0,0,69,0,0,0,0,0,0,0,0,0,0,93,0,0,89,0,45,31,21,41,0,0,0,0,92,0,0,0,0,0,0,0,0,0,0,0,0,0,0,0,0,0,0,0,45,0,0,0,0,164,0,0,0,0,0,56,21,0,0,0,0,59,0,0,0,0,0,0,0,0,0,0,0,0,0,117,0,0,0,0,0,0,0,0,0,0,0,0,42,0,45,0,37,0,0,0,26,0,0,0,43,0,0,0,0,0,0,0,0,0,0,0,0,0,0,0,0,0,0,0,0,0,0,0,0,0,0,0,0,0,0,0,32,47,0,0,0,80,0,0,0,0,45,57,0,0,0,0,0,138,0,0,55,31,74,0,66,0,102,159,0,0,0,94,0,0,0,0,0,30,0,0,0,0,0,0,9,0,0,0,0,0,0,0,0,0,0,0,0,0,0,0,0,0,0,0,0,0,0,0,0,0,0,0,0,0,0,0,0,0,0,0,0,0,0,0,0,48,0,0,0,89,0,0,0,0,115,0,0,0,30,0,34,0,0,0,0,0,0,0,0,0,0,0,0,0,0,0,0,0,68,0,0,0,0,0,0,0,0,0,0,0,0,0,0,0,0,0,0,0,108,0,0,0,0,0,37,0,0,0,0,0,0,0,52,0,0,0,0,0,0,0,35,0,0,98,0,0,0,0,0,0,0,0,0,0,0,0,0,0,0,0,0,0,194,25,0,0,0,0,0,0,0,0,0,0,0,0,0,0,0,0,0,0,0,0,0,0,0,0,0,0,0,0,31,0,0,51,0,0,0,0,0,0,0,0,0,0,96,0,0,192,0,0,0,0,0,0,0,0,0,0,0,0,0,0,0,0,0,0,47,0,0,0,0,0,0,0,0,0,0,0,127,0,190,0,0,0,0,0,0,81,0,0,0,0,0,0,38,0,0,0,0,0,70,0,0,0,0,0,0,0,118,0,0,0,0,0,148,0,11,0,0,0,0,43,0,62,0,0,0,0,0,0,0,0,42,0,0,0,0,0,0,0,0,0,0,0,0,0,0,0,0,0,0,0,0,0,0,0,0,0,0,80,0,38,0,0,0,32,0,0,49,0,0,0,0,0,0,28,0,0,0,0,0,0,0,0,0,0,0,0,0,0,0,0,0,0,0,0,0,0,0,0,0,72,0,53,0,0,0,67,35,0,0,66,0,0,0,0,0,0,0,0,0,0,35,0,0,16,0,0,0,0,0,0,0,0,0,207,0,0,0,51,0,0,47,0,0,0,185,0,388,25,0,0,0,0,0,0,0,0,0,0,49,0,0,0,54,38,65,60,0,0,0,0,0,0,43,0,0,0,0,0,0,0,0,0,90,0,0,0,0,0,0,0,0,0,0,0,207,0,41,0,51,0,0,0,0,0,31,0,0,0,0,0,112,0,0,26,23,0,0,0,0,0,62,86,0,0,122,0,0,0,0,68,0,0,0,0,0,0,0,0,0,0,46,0,0,0,0,0,0,0,0,0,22,0,0,0,0,0,28,0,0,0,0,0,0,0,0,67,0,50,0,0,0,0,112,0,0,0,0,0,0,0,0,0,0,93,0,0,0,0,0,342,0,0,0,0,36,0,0,0,0,0,0,0,0,0,34,0,0,0,80,0,0,0,0,39,0,0,0,0,0,101,75,0,0,0,109,0,0,0,0,0,0,0,0,0,153,0,0,0,0,0,0,202,60,0,0,0,0,0,28,0,29,0,0,0,0,0,0,0,0,0,0,0,0,0,0,0,0,0,0,33,51,0,0,0,0,56,0,0,0,0,0,0,0,0,0,0,0,0,0,41,0,0,0,0,0,0,0,0,0,0,34,0,0,0,0,0,0,0,0,0,56,0,0,0,0,0,0,0,99,0,0,0,0,0,0,96,69,32,0,0,0,0,0,0,0,0,81,0,0,0,0,0,0,0,0,0,0,0,0,0,0,0,0,0,18,0,0,0,0,0,27,0,0,0,0,0,0,0,0,0,0,0,0,179,0,0,106,0,0,287,0,38,0,0,0,0,172,0,0,0,0,42,0,0,0,0,0,0,0,0,0,71,0,0,0,33,0,0,0,23,0,0,0,0,0,0,0,0,0,0,0,0,0,81,198,0,91,0,0,33,0,0,0,0,0,53,0,0,0,0,0,63,0,34,0,77,0,129,46,0,60,0,0,0,0,0,76,0,0,0,0,81,0,62,0,166,0,24,51,0,0,0,0,0,0,0,0,0,0,0,0,0,0,0,0,103,52,40,39,35,0,0,65,0,0,140,0,0,27,0,0,0,0,0,0,64,0,0,0,0,25,0,0,33,0,97,51,0,0,0,0,0,0,0,0,0,0,0,44,0,127,0,0,0,0,54,0,0,0,147,0,83,0,23,0,0,0,0,31,0,0,79,0,0,0,56,0,0,18,0,0,0,0,0,21,0,0,0,0,0,0,0,0,0,0,0,0,0,0,0,0,31,0,0,0,0,0,0,0,0,0,56,0,0,0,52,19,0,0,0,0,0,0,26,0,49,0,0,0,81,0,59,0,0,0,30,0,0,0,43,0,0,41,0,0,0,92,0,0,0,51,0,0,0,0,0,0,0,0,0,0,0,0,0,0,0,0,0,0,0,0,0,39,0,0,0,0,0,0,0,0,0,0,0,84,0,0,0,23,0,0,0,0,31,0,0,0,0,55,0,0,0,0,0,14,0,38,62,0,62,0,0,0,0,0,27,0,64,0,0,0,0,0,0,0,0,15,39,0,0,0,0,66,0,0,0,0,0,0,0,0,0,0,27,0,0,0,0,0,33,0,0,0,0,0,53,0,82,0,0,0,0,0,53,0,0,0,0,0,0,0,0,57,0,0,0,0,0,0,0,59,50,0,0,0,0,0,0,0,0,0,0,73,0,0,0,0,0,0,0,0,143,99,0,47,0,0,0,0,0,0,0,0,0,0,0,0,54,0,0,0,74,0,52,0,0,0,0,41,85,0,0,0,0,113,0,189,0,0,0,0,0,29,0,0,25,71,0,0,0,0,0,0,0,0,0,37,48,0,0,0,0,0,0,0,0,234,0,0,55,0,0,0,0,0,0,63,0,0,0,0,0,0,0,0,0,0,0,0,0,27,58,37,0,70,0,0,192,0,0,0,45,0,0,164,0,32,0,0,0,0,0,0,0,55,0,0,0,0,0,0,0,0,0,0,34,0,0,0,0,0,75,0,24,0,57,0,0,0,0,0,0,50,0,0,0,0,0,0,103,0,0,0,173,0,0,0,0,0,0,0,33,0,0,123,0,32,0,0,0,0,36,48,0,0,0,22,36,45,21,0,87,0,0,0,85,0,0,0,26,0,0,0,0,65,57,0,30,0,0,0,154,0,0,141,0,0,0,0,0,0,0,0,49,33,0,0,0,0,0,0,0,0,0,0,0,39,0,0,0,0,54,38,0,0,0,0,0,0,0,0,89,0,0,43,0,0,0,43,61,0,0,0,0,0,33,101,43,37,0,0,0,0,0,0,0,0,0,0,0,63,0,0,41,0,0,0,0,0,0,0,0,88,0,44,0,0,0,76,0,0,0,0,75,0,0,37,0,0,0,0,0,24,0,49,0,0,25,0,0,0,0,0,38,0,0,0,0,0,50,0,29,0,0,0,34,0,0,0,120,0,0,0,0,0,0,0,42,0,0,0,0,12,0,0,152,0,0,0,0,0,0,0,0,0,62,99,0,0,0,0,0,28,0,0,0,0,0,0,37,0,0,0,215,0,56,0,0,0,0,0,0,0,0,0,0,100,59,80,0,0,0,0,0,0,0,0,0,0,0,0,56,0,0,0,0,0,31,0,0,0,28,0,0,0,0,0,0,0,0,0,0,0,0,0,154,38,93,0,0,0,0,0,0,48,0,0,0,72,86,0,77,0,29,128,0,0,0,0,0,0,0,0,0,0,0,237,0,0,0,84,0,0,0,0,0,0,14,0,0,0,0,0,0,0,0,0,45,63,0,40,0,75,0,0,0,0,0,0,0,0,84,0,67,49,0,0,0,55,0,0,26,13,0,0,0,0,34,0,0,0,0,0,0,0,0,0,0,0,28,0,0,0,0,0,0,0,0,0,0,64,0,32,0,0,59,0,0,0,0,26,0,0,0,0,0,0,0,0,25,60,0,56,0,0,0,0,0,0,50,0,0,32,0,0,0,106,0,0,62,0,0,0,39,0,36,0,0,0,0,0,0,0,0,0,0,0,0,0,81,0,51,108,0,0,0,0,90,0,0,0,52,53,0,118,0,0,138,0,0,0,0,0,0,42,0,74,0,0,0,0,0,0,0,0,0,0,0,0,45,24,101,0,0,31,0,0,0,0,0,44,0,0,0,0,0,0,0,193,92,0,0,50,0,0,0,0,0,0,0,0,0,0,0,0,0,0,55,0,0,0,0,0,0,49,0,0,0,0,0,0,297,0,0,377,0,0,0,79,0,70,67,0,44,0,0,0,60,0,0,35,0,0,0,38,0,0,0,0,0,0,317,77,0,0,0,57,0,0,62,0,34,0,0,0,0,0,0,0,0,0,0,0,0,98,87,94,47,0,52,0,0,0,19,0,0,0,0,0,283,46,0,0,0,0,0,0,0,0,0,0,94,33,0,0,0,0,0,0,0,0,0,0,0,0,75,0,0,191,0,0,73,0,0,34,0,0,0,0,96,0,0,0,0,0,0,0,0,0,322,0,0,0,0,0,0,0,0,147,0,0,0,0,0,0,53,157,0,0,0,0,0,0,0,67,0,0,0,0,0,0,33,0,0,0,0,68,0,0,0,0,0,0,0,72,0,0,0,0,0,0,0,0,38,257,63,0,0,149,0,48,48,0,0,0,0,0,0,0,312,0,0,0,0,49,70,0,0,0,49,0,0,115,0,0,0,0,129,0,0,0,0,0,0,0,0,0,0,25,0,0,54,33,0,0,0,0,0,44,19,0,174,0,109,0,118,0,0,179,0,0,0,0,0,0,0,0,50,0,0,0,0,0,0,0,77,38,0,0,0,35,0,72,0,0,31,0,0,0,0,0,0,0,38,0,0,54,0,98,0,0,0,31,0,0,0,0,59,27,0,0,0,0,0,18,0,169,0,0,37,40,0,0,0,0,0,47,57,87,0,55,0,0,0,0,0,55,0,0,0,0,49,0,0,0,0,153,0,0,0,53,0,38,0,0,0,0,100,0,244,0,28,0,0,0,16,0,0,0,148,0,0,0,23,86,0,0,0,0,0,0,0,0,0,0,0,0,115,0,0,0,0,0,21,0,0,0,0,0,0,0,0,0,0,0,0,0,0,0,0,0,0,0,35,0,0,0,67,0,0,0,0,25,0,0,0,53,0,14,0,0,0,0,13,0,0,0,0,0,0,0,0,0,0,0,0,0,54,63,0,53,0,0,0,0,83,0,34,0,32,23,0,0,0,45,95,13,0,35,0,47,44,0,48,0,0,0,46,0,0,0,49,0,147,0,0,0,22,0,0,0,0,155,0,0,0,0,0,60,43,0,0,0,29,0,0,0,0,0,0,76,0,0,0,0,39,0,0,56,0,79,0,0,99,0,219,0,0,0,84,0,0,0,105,0,71,0,0,0,0,60,42,0,0,33,0,148,152,0,0,0,0,0,0,231,0,0,0,0,0,0,0,0,0,0,0,0,0,46,0,0,68,0,0,0,0,0,20,0,0,0,112,0,0,0,0,0,0,0,0,134,0,0,58,0,0,0,0,0,0,0,0,0,0,0,0,0,0,0
153,0,0,21,81,0,86,0,0,56,0,158,0,18,0,214,168,104,0,71,0,282,65,83,57,128,0,0,0,49,0,0,138,0,0,317,181,0,48,183,47,61,102,0,216,0,53,0,217,0,100,24,91,46,0,182,22,0,0,0,0,43,75,334,0,0,65,0,0,0,147,0,0,0,0,113,58,0,307,0,64,0,33,114,90,48,0,41,69,86,165,48,56,66,69,37,0,0,65,51,0,0,0,59,0,0,55,0,80,146,166,52,0,146,76,0,0,88,38,0,107,0,279,37,0,47,0,31,0,22,23,0,185,0,69,47,147,61,56,0,106,75,174,163,0,0,69,0,0,61,12,50,44,0,94,188,0,43,0,102,186,59,0,60,0,106,44,0,108,0,150,161,31,40,0,37,0,62,158,0,50,261,0,0,0,39,0,277,107,0,0,0,215,50,174,0,54,43,0,107,0,87,232,0,312,0,0,0,46,134,0,60,92,72,24,119,27,59,0,0,76,119,29,0,222,0,0,162,675,0,0,0,0,0,0,0,0,54,174,0,0,0,43,36,55,0,124,0,40,0,69,64,146,0,79,53,48,0,0,68,554,113,78,0,52,0,0,223,97,200,0,0,58,251,63,81,51,0,372,177,79,0,50,30,0,0,0,79,713,73,34,0,156,0,0,91,0,32,79,41,0,53,0,0,0,182,139,188,0,93,49,327,62,0,0,56,42,128,85,0,0,0,28,0,162,144,27,148,0,0,211,0,35,57,58,0,0,0,38,74,0,46,0,113,116,0,0,0,118,492,112,140,0,112,457,29,0,39,172,69,0,0,121,39,29,174,517,188,44,0,113,63,0,39,62,120,133,0,0,0,64,0,45,0,51,545,0,0,57,0,44,0,273,31,0,51,565,46,125,71,0,0,100,0,41,0,78,0,0,0,47,0,68,0,0,0,284,125,183,137,0,53,78,0,59,113,91,0,151,0,0,0,0,0,0,0,30,56,0,178,0,0,346,80,189,59,217,97,0,48,0,0,206,0,115,0,43,0,0,31,179,0,250,121,0,0,40,30,30,48,46,51,311,71,47,0,145,294,166,95,0,0,114,35,122,0,0,81,96,204,193,0,33,107,0,59,111,149,164,25,0,165,0,149,45,0,209,91,57,0,72,0,0,0,0,0,344,18,68,99,189,0,159,112,48,30,0,0,140,26,0,0,0,0,75,36,0,0,0,106,0,122,175,37,0,0,0,0,88,309,54,57,0,51,45,0,0,59,85,0,78,41,0,42,55,328,38,0,0,0,169,81,0,0,31,0,0,173,0,54,271,137,195,0,223,0,376,618,76,0,0,528,0,40,31,0,0,123,0,0,0,0,0,19,0,65,34,0,0,0,0,0,142,99,52,0,64,62,0,70,0,0,0,0,48,0,0,0,0,80,0,0,35,0,0,0,0,0,0,0,0,0,28,0,0,130,0,0,0,106,24,0,0,75,0,0,0,0,0,0,0,0,40,0,0,84,57,94,0,39,74,0,60,0,53,57,41,0,116,0,0,0,0,0,0,0,0,0,154,0,0,0,0,0,0,0,54,0,297,16,0,0,0,98,0,0,0,27,53,0,0,0,156,0,0,0,0,37,58,0,69,85,52,114,128,174,0,162,0,0,33,84,0,0,66,0,0,0,150,0,47,0,209,0,0,57,0,0,28,0,0,0,0,0,0,0,0,0,0,0,0,36,0,0,0,0,0,0,0,45,54,51,0,41,0,81,0,0,29,0,136,0,82,0,0,0,66,53,0,315,0,0,32,0,0,0,0,0,0,0,52,0,0,0,67,42,114,0,42,0,0,0,59,55,0,0,0,0,0,0,121,0,252,0,0,0,41,0,0,43,0,0,0,0,0,0,38,51,0,0,0,0,240,0,68,0,0,0,37,0,132,0,57,0,0,0,154,52,0,88,0,26,0,66,28,44,0,0,0,0,0,46,0,0,110,0,0,0,0,0,0,0,115,0,0,0,0,0,0,0,0,0,27,43,51,72,329,0,0,37,0,88,0,44,0,0,0,186,194,100,0,64,81,30,0,0,64,95,87,0,100,208,0,0,0,0,59,0,0,48,53,0,0,0,58,0,53,119,0,0,0,91,0,186,0,136,0,0,25,89,0,0,34,99,0,0,0,0,310,0,0,0,0,0,93,0,0,132,24,181,0,48,0,91,119,0,0,0,63,0,0,0,0,0,76,107,324,0,304,0,786,69,0,0,0,0,0,0,0,0,64,0,183,0,0,0,0,84,381,99,0,57,0,0,0,111,293,131,22,0,0,28,0,0,0,0,413,0,0,0,0,68,0,0,0,110,0,74,698,44,106,0,174,28,68,0,84,83,0,0,0,0,60,50,163,0,0,82,154,101,0,0,40,0,143,137,309,141,292,0,171,44,0,234,0,0,0,0,0,44,0,38,0,0,51,0,0,0,0,65,0,201,0,0,47,53,0,0,0,0,21,44,60,0,0,0,0,14,0,65,63,121,0,197,0,0,544,0,0,154,0,36,80,59,0,0,0,152,0,13,0,0,53,105,0,0,0,0,178,0,0,0,0,0,10,31,47,133,58,24,0,63,262,65,0,0,89,49,109,30,0,22,59,381,51,59,0,0,271,59,0,0,0,66,108,0,0,289,227,0,54,0,0,0,56,280,417,0,0,73,38,310,169,0,131,69,0,0,0,73,0,0,53,91,144,37,71,128,42,0,391,0,0,115,105,0,58,0,0,86,51,0,0,0,34,0,22,0,0,210,0,0,0,68,103,56,19,0,0,72,0,114,0,0,118,0,0,0,0,0,0,0,36,40,23,0,0,0,0,52,0,0,64,0,57,0,0,46,0,76,110,192,0,0,0,51,165,41,0,36,50,0,0,0,103,54,0,0,41,15,51,42,54,0,0,0,0,0,0,0,0,183,0,0,38,56,57,0,247,176,0,0,165,0,136,0,0,296,61,55,89,0,0,637,0,26,0,58,36,18,217,0,44,102,53,92,0,182,46,0,0,0,61,0,0,0,0,0,0,72,0,109,0,90,113,0,0,0,0,0,37,0,42,146,0,0,0,368,286,38,188,0,43,131,104,48,0,51,0,177,0,26,0,78,0,270,37,45,0,179,0,399,0,0,142,24,0,0,0,0,110,129,32,82,0,241,0,112,0,149,0,75,89,0,0,0,38,0,47,22,0,89,25,85,135,40,0,59,30,151,70,51,68,67,0,0,93,0,0,310,0,0,0,0,0,26,87,0,45,101,51,68,0,162,0,70,108,110,0,99,194,0,16,0,20,49,35,0,0,52,0,0,74,119,146,0,0,0,21,0,0,82,0,0,53,65,0,0,44,50,0,0,195,35,0,297,0,0,0,105,28,0,0,0,0,0,0,0,76,189,53,0,0,73,0,136,0,0,98,0,0,81,0,17,0,127,113,0,0,0,0,0,0,0,0,173,0,33,0,159,143,26,0,105,72,0,0,152,18,37,0,0,21,313,0,86,0,26,0,76,0,0,52,82,77,0,0,333,0,0,159,0,30,0,76,179,0,62,47,0,0,0,0,97,0,0,301,0,0,0,0,33,67,0,63,0,73,0,107,34,62,0,0,0,89,0,0,97,136,0,14,0,32,51,0,0,55,78,16,33,0,0,184,0,92,40,0,42,38,0,209,58,0,45,0,0,36,30,0,52,72,38,95,62,0,68,83,72,0,0,0,280,0,0,54,56,186,0,95,0,0,0,332,56,0,0,0,54,92,107,33,191,0,0,0,321,0,0,0,155,47,262,50,47,0,0,65,122,18,48,0,54,58,46,38,153,74,0,44,0,47,0,74,0,82,113,0,0,480,0,0,0,115,110,0,70,165,82,0,0,0,0,22,96,70,54,569,0,0,49,0,0,51,0,35,229,0,0,0,0,0,0,0,0,0,261,0,149,0,41,23,0,38,203,54,104,37,0,134,77,86,0,22,0,78,0,150,61,0,78,20,0,0,0,0,0,0,67,0,0,112,0,0,0,0,0,0,0,51,0,271,0,93,27,0,0,0,0,0,109,0,0,52,42,15,0,26,74,0,0,0,0,0,0,0,0,0,0,61,0,0,84,0,0,0,48,52,248,0,0,149,0,0,0,0,0,42,104,0,56,118,0,50,0,0,0,0,0,0,0,0,40,35,0,36,0,76,0,35,0,0,0,0,57,0,55,51,41,0,0,0,0,0,191,40,0,0,57,0,117,0,0,0,0,112,0,49,0,48,0,0,0,0,0,0,0,41,0,0,0,41,0,52,91,96,0,0,0,0,44,0,0,72,54,0,0,0,0,0,245,0,0,61,0,0,188,0,0,137,0,0,0,0,66,59,0,154,60,127,0,60,0,0,0,0,46,0,0,0,0,0,0,49,64,48,43,0,0,0,0,72,26,52,0,0,87,0,0,118,38,65,0,195,42,38,0,0,0,0,92,115,0,53,0,0,0,0,0,0,41,0,0,129,0,0,0,0,102,0,0,0,0,0,0,0,0,93,25,137,36,0,0,138,0,0,0,0,0,416,0,0,0,0,0,0,119,39,0,213,59,0,67,23,0,0,0,0,0,95,0,0,0,0,0,45,0,32,0,0,127,0,0,0,11,0,46,0,55,0,0,0,71,0,0,0,0,0,65,0,629,0,0,0,0,0,0,41,39,51,0,55,0,0,0,0,0,0,0,28,0,0,0,0,0,79,0,0,117,0,40,0,0,0,22,35,0,0,68,0,0,105,90,27,0,28,0,0,0,0,0,19,0,0,0,0,24,45,0,0,0,0,66,0,0,0,0,0,0,0,0,46,63,0,0,0,0,40,0,66,123,58,43,0,0,0,0,0,0,0,0,0,72,0,153,39,0,0,27,0,0,0,0,33,0,0,26,0,0,0,0,74,0,0,66,0,0,0,0,0,0,0,0,0,0,0,0,35,0,60,43,0,129,0,0,0,0,108,0,0,0,0,0,0,0,0,78,0,0,61,0,0,0,0,0,0,0,32,0,0,0,0,0,31,0,0,0,0,0,375,0,127,0,0,38,0,89,0,0,0,0,0,0,53,0,79,0,42,0,0,166,0,0,271,0,50,0,0,0,0,0,0,18,36,0,0,56,0,0,0,0,0,0,0,0,0,0,0,0,0,0,41,0,0,0,0,0,0,0,0,0,0,0,0,0,0,0,0,0,0,0,0,0,46,46,0,52,86,0,0,0,0,33,0,0,34,0,0,0,58,34,34,66,0,0,0,0,0,89,0,151,0,32,0,0,0,19,0,0,0,0,0,0,0,37,36,110,0,0,0,35,0,0,42,0,61,0,0,22,0,0,26,0,0,90,35,0,233,0,0,23,35,0,0,0,0,0,47,23,0,0,0,151,0,0,0,0,0,0,45,0,0,0,0,0,0,81,0,0,0,0,78,0,70,0,0,0,0,0,0,0,0,68,0,0,0,0,51,0,0,0,0,33,0,0,0,189,0,0,0,0,89,0,76,0,78,32,0,0,23,0,0,0,0,0,0,28,0,0,35,0,115,100,74,0,0,0,0,0,0,0,0,0,0,221,0,0,0,0,0,0,0,0,0,0,143,47,81,0,0,0,0,0,0,0,0,0,0,0,60,0,0,0,109,0,0,0,0,0,0,145,0,0,23,60,0,0,0,0,0,0,0,0,123,364,53,0,0,0,0,0,0,51,120,0,0,0,0,0,0,0,61,0,0,0,0,0,0,0,0,0,26,0,0,0,0,0,0,0,0,0,31,0,0,33,0,0,0,0,156,0,104,0,0,0,0,22,28,48,57,0,0,0,0,28,0,0,0,0,27,28,0,0,0,197,0,21,0,65,0,41,9,0,0,0,0,0,0,0,0,0,0,392,0,46,0,0,0,0,39,0,12,0,0,0,0,127,0,67,0,137,0,82,131,56,0,297,0,288,44,117,0,33,0,0,0,0,74,0,0,0,0,30,0,0,0,0,0,53,0,39,0,119,0,0,16,0,0,0,0,0,0,0,40,0,114,212,0,45,0,0,0,0,0,124,0,35,0,0,0,0,0,99,0,0,0,0,0,0,0,0,0,0,0,70,52,0,34,145,0,32,0,50,49,43,32,0,0,0,0,0,21,0,30,0,0,0,0,0,0,0,0,0,85,0,0,41,57,0,74,0,0,237,0,134,0,0,0,0,0,0,0,0,0,125,23,0,59,0,20,0,0,0,40,0,0,0,46,0,0,0,0,0,0,54,0,0,0,0,39,0,0,0,0,225,0,0,0,0,0,0,0,60,0,0,0,0,75,201,0,0,0,50,0,135,0,0,0,0,0,0,140,0,0,0,0,0,0,0,0,0,68,0,0,0,0,36,0,0,0,0,0,0,24,628,174,0,0,65,0,76,0,0,0,0,38,0,0,48,94,99,0,0,0,0,35,0,0,0,0,0,0,0,0,259,0,60,0,84,0,0,0,0,0,0,0,0,86,171,0,111,0,0,0,0,0,68,0,85,0,0,0,0,0,0,46,0,0,34,0,0,0,29,66,0,644,0,0,127,25,0,0,30,0,0,0,0,0,97,0,102,0,0,56,0,0,129,0,0,23,0,141,99,0,30,0,0,0,0,44,0,0,0,0,0,0,0,0,49,0,0,0,87,0,0,0,0,0,0,254,44,0,0,0,87,0,235,0,0,0,0,0,0,0,0,0,0,0,43,34,0,0,0,0,0,0,0,0,0,0,0,0,0,0
154,0,32,0,0,0,107,49,0,123,17,357,42,43,0,117,177,275,0,0,0,478,60,76,97,173,0,0,95,0,40,0,34,0,87,27,192,0,92,258,136,66,0,0,395,0,77,36,498,0,168,64,177,92,28,312,0,0,0,37,0,112,93,143,0,51,106,45,0,53,315,0,54,55,0,327,76,21,515,46,214,0,0,239,442,85,47,0,85,0,310,127,0,84,126,28,38,0,67,0,0,42,41,250,31,53,61,0,132,0,218,0,128,195,188,0,72,148,28,31,414,0,416,70,48,56,32,63,52,49,160,0,537,0,138,66,309,134,110,73,173,62,164,469,0,0,49,92,84,176,0,40,144,54,166,0,0,132,19,101,291,109,0,123,57,74,97,42,236,221,190,180,43,120,0,0,40,85,320,93,0,127,0,84,57,38,36,577,326,0,0,0,132,89,100,0,160,0,0,197,0,152,35,0,663,71,58,0,25,77,264,165,0,53,50,148,134,120,31,0,139,319,73,0,523,0,0,34,153,0,100,39,0,46,0,0,58,130,336,48,0,110,91,93,101,0,117,30,48,0,70,43,479,67,252,70,117,0,56,145,43,273,132,41,55,0,0,564,236,382,35,0,174,458,117,93,96,0,742,427,114,0,106,188,120,96,49,414,2626,66,99,68,234,34,30,70,36,39,74,88,57,0,0,0,0,414,244,220,0,59,45,753,106,0,0,56,84,320,106,72,0,0,0,0,239,144,87,240,0,47,666,0,113,107,29,107,0,29,0,115,0,86,44,119,151,0,29,0,32,1585,384,200,30,238,780,0,78,83,370,138,0,149,205,24,219,164,496,318,63,59,214,48,64,71,150,63,184,0,0,218,67,0,89,34,53,729,102,185,126,0,54,77,388,56,90,45,517,0,185,187,0,0,342,0,0,208,74,0,52,54,263,0,155,41,0,0,395,122,244,433,0,121,76,45,109,74,94,98,174,54,0,0,45,46,173,0,0,34,58,320,25,26,317,213,306,54,353,69,63,56,0,0,97,25,136,52,69,0,32,0,240,25,145,77,0,0,33,106,42,0,70,42,348,161,151,61,238,455,128,179,63,29,137,293,147,0,0,163,158,300,134,76,0,95,51,63,361,115,183,64,0,130,0,1160,165,0,373,150,58,0,128,63,0,0,0,0,357,80,93,261,231,29,243,242,36,0,94,91,186,52,94,40,0,0,28,48,0,0,0,249,50,237,468,47,76,0,175,94,107,241,0,63,56,102,53,80,31,66,95,69,133,88,0,89,131,382,69,31,0,71,250,314,29,0,41,49,22,317,37,43,290,373,88,0,247,39,284,807,143,45,50,861,0,66,0,0,0,104,0,0,0,62,75,150,61,226,71,235,0,0,0,50,274,196,170,0,102,100,0,75,0,51,0,50,54,36,114,37,0,202,119,20,54,46,0,93,125,0,77,0,0,0,299,0,0,324,0,0,53,258,244,0,0,119,231,0,142,57,55,117,173,0,69,0,37,182,71,124,35,151,173,70,177,26,217,71,106,84,298,0,29,48,101,0,173,51,57,99,111,0,146,56,38,0,0,0,202,46,255,0,0,89,0,112,183,85,35,105,88,53,0,323,295,0,30,50,0,150,280,62,212,116,148,846,68,672,118,132,0,0,156,96,0,76,138,0,0,72,321,140,416,74,1510,134,0,164,0,0,59,0,77,69,69,0,243,0,0,61,0,82,0,62,74,76,0,169,0,63,0,81,197,128,69,44,67,300,0,29,0,78,326,51,139,48,0,0,123,126,70,616,0,0,60,22,0,0,0,122,71,0,54,64,0,55,452,141,144,0,71,22,69,26,82,208,0,335,30,49,46,65,182,55,300,71,54,76,46,42,31,278,481,0,43,60,0,0,93,102,27,0,0,56,369,29,116,74,0,123,35,0,153,0,113,0,0,0,301,192,76,270,36,58,0,318,59,90,35,0,97,29,0,51,0,0,234,190,69,23,0,55,77,90,165,0,109,140,0,216,0,70,0,42,0,184,177,235,471,47,38,58,99,398,0,64,0,59,39,174,213,444,232,33,110,0,48,351,56,101,127,0,45,275,115,0,0,84,88,0,37,109,66,0,55,0,0,51,65,119,166,0,0,80,0,211,0,162,0,32,75,72,185,0,103,211,54,28,85,78,490,30,49,152,78,117,311,109,0,160,82,277,63,44,0,351,99,50,0,263,59,0,81,281,0,0,109,139,400,110,726,41,392,131,84,88,0,0,0,43,0,99,60,52,178,24,0,279,83,113,210,214,36,30,0,176,32,130,534,142,71,121,0,57,119,0,69,0,302,245,60,0,0,114,59,17,0,294,0,250,617,75,229,0,145,167,37,38,220,149,155,0,61,0,83,0,596,0,83,158,68,0,0,643,95,107,84,130,344,122,342,0,60,169,65,188,0,47,27,111,0,113,0,247,0,0,398,55,0,58,69,82,114,441,46,92,118,118,75,62,0,82,149,38,242,0,0,128,110,52,0,87,0,192,155,442,0,169,398,49,0,409,0,114,251,66,0,0,58,122,78,209,0,0,194,827,0,46,37,104,90,0,114,0,0,0,82,0,0,157,114,74,44,127,106,156,140,0,51,64,351,103,0,95,188,185,374,116,191,22,248,53,103,25,0,110,324,0,205,108,195,47,55,0,0,0,43,295,296,60,56,144,0,482,194,0,57,56,50,85,0,62,0,102,116,94,222,0,34,77,55,0,863,50,54,145,215,0,176,62,35,149,104,0,39,56,29,0,118,0,0,553,0,0,116,379,167,65,133,31,0,144,69,232,43,123,261,0,69,55,91,0,0,0,66,47,90,36,80,27,0,112,0,107,103,0,161,0,0,0,0,135,263,238,0,0,0,27,332,99,50,31,154,71,28,36,264,92,0,55,93,26,158,108,173,123,0,0,44,44,0,98,37,547,65,0,75,133,178,53,593,139,0,0,223,43,127,38,27,650,147,54,231,0,0,718,39,172,0,81,67,0,269,0,44,113,82,182,0,242,103,0,0,52,125,17,90,204,34,62,0,225,0,167,43,178,113,0,58,0,0,65,42,0,85,155,0,0,50,1126,692,45,698,0,84,220,173,0,0,85,0,344,111,86,55,40,0,439,90,116,112,467,0,567,300,0,290,45,0,0,0,24,134,160,0,87,85,476,56,268,0,427,0,92,361,0,60,135,178,45,83,137,0,97,56,143,390,50,108,170,0,523,186,76,117,274,86,0,283,102,0,424,0,0,84,0,44,48,170,0,53,238,181,135,0,160,82,179,217,171,0,323,275,0,0,47,44,108,65,69,91,133,0,125,217,108,419,84,138,42,40,161,95,87,36,313,247,203,83,36,82,51,0,97,204,46,87,370,48,14,63,220,65,71,155,61,0,64,0,0,142,346,125,0,108,130,122,297,57,71,200,50,58,370,0,48,0,133,145,43,259,197,69,0,76,0,0,257,0,269,0,399,277,41,0,482,259,70,73,189,75,268,0,64,141,611,0,478,51,53,85,95,0,65,120,438,164,0,319,1974,27,0,284,144,0,83,331,337,52,69,186,111,208,41,0,365,0,68,885,0,147,85,46,119,190,50,79,60,195,38,198,54,96,0,54,59,153,0,54,398,618,109,50,78,186,98,212,33,398,152,129,71,68,51,1122,0,100,81,37,76,106,0,306,263,104,165,110,62,145,71,0,133,86,131,193,410,44,402,208,110,158,35,96,643,73,0,168,160,359,0,143,0,38,40,837,96,99,93,0,431,204,121,115,244,88,206,0,439,0,0,35,307,94,790,210,173,100,38,219,322,74,206,27,316,70,171,60,143,226,0,79,0,0,56,161,56,106,575,0,0,674,67,0,0,248,153,0,53,266,102,61,48,0,48,64,239,122,537,527,106,227,226,0,64,115,0,82,518,0,28,88,0,83,382,50,0,94,562,0,377,0,44,85,0,268,644,404,263,88,114,582,107,1180,0,75,50,51,0,532,76,63,145,251,59,32,0,49,33,0,86,0,119,578,173,87,28,0,0,37,70,196,0,1241,20,124,245,0,64,85,204,0,327,87,0,69,0,49,76,106,103,28,211,48,53,59,0,87,159,86,34,69,0,0,415,0,136,0,116,88,213,266,0,97,120,67,0,0,40,256,174,0,82,208,28,110,118,0,27,0,71,78,0,23,65,103,180,264,290,40,31,105,139,0,0,0,179,92,129,103,525,65,116,84,74,115,1077,51,113,136,457,43,399,153,0,28,87,264,165,53,0,207,46,85,50,29,41,114,108,277,42,26,31,265,58,91,356,195,170,0,0,91,351,17,0,115,55,0,21,85,83,260,273,50,102,55,47,0,1325,49,67,378,116,0,0,0,132,110,0,398,247,469,0,91,0,91,33,0,199,68,180,72,41,58,236,126,166,1457,183,135,33,69,45,125,363,203,108,96,754,0,0,141,105,630,0,440,196,46,33,0,0,0,492,236,138,345,64,0,132,0,0,41,192,39,27,96,0,244,0,0,426,35,0,0,0,113,221,100,0,118,68,359,106,41,0,819,103,50,0,36,462,800,42,83,26,29,91,0,183,38,202,531,93,106,107,406,49,44,0,23,195,196,537,0,77,17,99,135,135,283,0,54,95,28,286,0,292,0,121,48,162,0,0,124,349,0,0,112,437,120,43,0,867,0,45,0,0,0,0,334,112,40,106,659,47,0,61,0,49,117,106,72,32,45,391,66,145,126,58,80,299,0,217,55,108,86,182,139,206,205,492,160,50,747,172,105,82,157,186,93,0,61,42,81,39,84,146,143,101,364,244,22,0,0,380,124,109,0,41,46,164,329,50,224,294,0,0,83,0,132,65,209,813,183,608,103,0,0,46,0,70,116,53,29,202,330,857,149,141,204,212,307,0,123,0,65,83,30,101,0,79,0,38,261,650,0,156,0,0,121,0,41,110,86,201,90,417,78,131,153,101,360,240,0,255,75,69,130,67,297,0,122,0,0,252,100,38,134,243,134,169,284,76,110,167,0,102,41,185,302,0,306,74,0,162,123,82,102,66,0,32,1752,0,313,54,79,43,36,155,159,88,0,137,0,73,110,39,360,35,45,41,0,1155,94,130,602,110,111,0,110,41,46,99,0,129,292,47,215,407,0,0,19,145,97,95,131,203,38,0,52,0,123,0,391,0,106,418,0,0,65,192,47,182,171,128,59,76,158,0,73,44,0,0,166,0,124,365,58,280,278,30,49,0,0,116,41,262,172,66,394,73,344,62,0,58,46,196,106,51,198,154,181,424,0,306,0,32,43,130,65,0,105,241,50,68,168,105,173,1384,128,0,113,152,41,250,160,128,429,91,159,78,81,0,299,0,83,352,242,0,493,0,0,86,106,126,89,0,0,51,270,109,127,246,110,564,199,0,0,0,40,29,161,127,54,0,69,0,97,1150,27,0,610,112,133,0,305,0,228,111,0,198,84,51,0,245,61,21,257,0,374,148,110,135,47,78,60,0,0,650,101,0,0,0,458,0,134,241,360,365,0,0,59,112,114,53,0,615,0,31,99,76,290,301,347,143,220,640,42,0,0,57,40,24,0,322,0,786,331,22,32,0,120,172,46,195,55,64,312,216,100,53,91,67,62,135,0,90,0,103,0,0,168,131,132,0,519,60,0,127,0,24,139,243,0,76,128,213,76,38,10,135,0,81,0,0,166,1308,122,0,0,0,95,45,41,65,198,58,149,371,59,178,57,87,265,49,0,42,64,41,60,49,125,200,42,38,35,0,67,76,89,302,34,41,305,0,34,238,0,71,89,131,31,314,112,0,193,42,46,142,78,69,778,82,0,0,611,114,138,100,0,134,196,90,99,34,82,810,63,288,119,215,140,104,294,270,0,80,0,32,200,101,56,129,54,669,37,161,33,0,85,13,233,0,37,68,1119,27,63,271,119,132,39,260,31,201,161,105,52,562,81,442,49,220,0,79,333,0,99,106,211,166,120,0,0,102,120,0,215,61,64,75,0,156,189,332,0,196,107,40,175,0,0,139,65,102,55,119,450,244,41,106,0,0,76,58,136,404,0,84,220,0,103,0,118,169,158,0,0,64,305,47,0,62,57,0,0,64,261,44,0,63,80,119,116,192,266,139,57,0,33,0,0,18,377,0,49,105,0,178,112,0,54,0,346,0,77,70,160,158,181,152,0,11,40,170,71,330,0,48,78,0,52,42,0,90,84,319,116,20,210,115,239,0,77,0,113,97,38,36,37,58,59,36,41,323,310,0,84,49,0,151,99,0,0,101,48,342,61,0,0,0,79,51,99,54,112,64,146,0,0,64,318,61,33,481,121,200,83,117,65,0,0,24,183,0,146,0,69,0,158,0,0,63,197,0,35,53,66,0,0,166,0,64,0,123,195,635,2141,52,130,87,141,288,58,161,30,38,114,76,0,84,249,184,137,109,0,0,82,0,0,284,240,0,100,125,74,397,27,219,81,155,23,75,0,58,94,84,226,0,849,42,0,283,0,0,40,136,0,30,0,376,0,0,98,230,0,0,99,0,0,101,0,156,0,102,235,119,739,170,0,99,41,138,35,145,0,118,90,0,0,133,0,274,41,0,89,0,166,236,35,0,210,37,194,104,57,0,53,120,21,0,539,173,0,37,63,120,79,33,0,0,55,0,95,0,127,45,0,102,0,0,140,113,36,119,64,47,0,894,0,0,0,0,29,0,0,64,315,0,82,127,171,46,99,81,0,36,47,0,50,0,199,368,0,0,0
155,0,0,0,51,45,33,46,0,104,21,165,36,0,0,63,165,145,0,49,0,424,0,66,92,208,0,19,94,0,0,0,81,0,0,132,101,0,40,245,162,0,58,0,116,0,99,35,308,0,111,33,111,71,51,222,0,0,0,55,0,97,49,231,28,92,131,48,0,0,142,0,49,0,0,313,59,32,66,0,95,0,49,176,294,78,54,0,0,28,240,56,0,59,101,0,67,0,48,30,0,0,0,123,0,0,54,74,113,94,105,66,126,103,161,100,63,180,0,0,284,46,281,0,0,71,0,22,71,0,187,0,382,0,94,103,256,54,123,114,85,37,126,237,0,0,0,56,82,186,0,27,102,0,87,142,0,124,51,252,228,96,0,134,0,60,65,28,185,229,70,311,0,0,0,59,0,121,265,44,0,125,0,38,0,37,72,683,332,0,0,27,97,95,79,0,94,45,0,99,38,116,113,31,389,30,55,0,29,0,172,79,51,30,46,147,51,0,0,0,121,102,0,0,344,0,0,101,334,0,78,0,0,0,0,0,38,65,347,59,0,0,48,0,55,0,168,0,18,0,84,0,343,57,131,67,57,0,0,89,298,94,92,0,83,0,0,541,115,382,0,0,220,470,43,126,47,32,622,166,77,0,172,164,136,0,36,272,1129,0,72,37,147,0,26,63,0,57,60,50,66,0,0,0,32,454,263,255,0,71,56,614,69,0,0,75,98,122,75,56,46,18,0,0,98,72,52,130,0,67,414,0,116,102,104,97,34,0,28,108,0,92,48,71,160,26,0,36,89,1219,135,76,32,250,448,0,113,73,163,218,95,95,154,61,148,175,522,222,0,48,188,44,0,0,43,90,240,0,0,173,90,87,40,0,0,369,67,124,108,0,31,61,925,52,72,68,363,33,200,104,0,47,136,0,80,154,0,0,55,40,78,0,0,52,0,0,100,86,378,82,0,0,118,32,0,65,127,55,186,63,0,0,55,49,185,36,26,87,0,230,0,0,580,85,216,110,347,59,0,26,0,0,182,0,138,52,65,55,0,0,354,0,71,120,0,18,28,0,0,39,36,0,268,120,46,66,224,267,162,160,100,65,174,250,196,0,0,43,184,466,238,88,0,149,40,116,185,175,286,49,0,95,0,941,73,85,147,165,93,0,58,56,0,23,0,0,133,106,110,106,92,60,359,312,0,0,119,96,326,0,73,0,0,0,66,100,0,0,0,103,58,151,397,32,18,0,156,30,81,136,73,86,27,57,60,53,0,56,53,82,224,58,0,29,0,286,79,0,0,46,207,186,0,0,0,0,0,149,31,89,129,78,138,0,423,0,181,345,77,46,48,725,0,85,43,34,0,101,0,71,0,0,0,67,54,143,104,161,57,50,0,0,115,253,48,0,48,68,19,71,0,0,0,0,49,72,53,0,0,291,159,0,0,50,0,65,73,43,0,0,0,0,67,0,0,160,0,90,0,284,341,58,0,81,414,0,0,59,58,191,94,46,13,0,50,273,48,54,0,106,276,0,140,0,390,27,45,58,109,0,0,0,0,71,0,39,42,84,88,0,218,30,66,0,35,0,239,0,222,0,0,180,0,54,0,0,56,40,94,103,0,193,213,0,22,25,0,85,208,82,217,85,201,261,184,413,149,0,0,0,56,95,37,0,189,0,0,42,245,100,297,0,769,109,0,42,0,0,119,0,0,44,43,0,131,0,0,44,0,0,29,78,73,0,0,103,0,0,0,119,135,208,68,0,47,181,44,58,0,0,216,63,0,0,0,0,107,161,38,237,0,0,0,0,0,0,0,119,0,0,72,73,45,75,264,106,52,59,96,0,48,0,177,316,64,290,42,33,25,122,210,0,277,38,33,0,61,62,35,80,280,0,0,90,0,0,120,78,0,0,0,62,278,0,167,100,0,87,44,12,150,0,161,0,0,0,488,89,79,376,47,0,0,186,0,82,34,0,55,0,0,0,0,24,333,197,45,53,0,112,38,0,120,27,0,59,0,83,0,0,49,177,0,51,257,221,226,42,66,0,113,254,0,0,0,0,53,317,317,165,45,48,0,62,54,476,170,0,154,0,145,118,42,39,0,123,28,0,0,103,24,27,50,0,0,54,91,38,178,0,0,167,0,108,0,80,0,0,0,0,61,0,117,235,72,0,61,19,483,0,68,0,0,78,0,134,0,113,66,94,18,0,0,283,119,76,0,240,0,0,63,80,0,0,0,38,430,0,647,0,91,185,0,0,57,23,0,0,0,19,0,0,217,0,0,193,0,0,162,135,74,74,0,87,0,209,518,247,0,77,0,0,0,66,49,0,320,75,0,0,0,168,0,0,78,273,21,283,642,66,143,0,109,130,102,0,331,53,57,0,35,0,100,0,181,0,120,75,0,236,0,137,48,97,78,184,908,97,222,0,242,80,34,196,0,85,94,43,0,35,0,84,0,51,806,0,0,0,91,39,0,156,54,89,80,45,0,42,0,0,69,21,217,0,0,58,100,0,0,0,112,225,129,58,0,50,575,84,0,453,0,153,295,36,0,0,0,0,51,277,0,0,187,471,0,0,0,101,133,0,37,0,82,0,0,0,85,499,62,67,68,0,119,116,195,0,53,0,305,54,28,109,203,187,213,59,41,0,178,0,146,0,81,40,294,0,80,39,0,0,36,64,0,0,40,44,624,0,0,176,0,410,104,0,197,52,34,30,0,0,0,0,0,0,0,0,21,55,0,0,889,0,11,51,56,0,31,40,0,41,100,0,0,0,0,0,44,0,0,90,0,0,0,139,28,50,63,0,0,0,0,133,43,0,82,0,23,0,0,0,0,0,29,0,106,0,88,0,0,54,0,0,0,0,0,0,0,0,0,109,0,136,0,25,0,0,214,75,0,0,95,70,19,0,34,0,0,0,0,0,66,53,54,39,0,0,0,0,24,0,33,416,0,0,0,93,0,0,262,0,0,0,37,0,109,0,0,129,143,0,200,0,0,627,0,0,0,0,0,0,436,0,0,0,0,0,0,44,104,0,0,0,0,0,0,192,0,43,0,0,0,45,0,0,28,0,0,0,0,38,0,0,105,115,0,0,0,545,192,0,45,0,0,0,74,0,0,34,0,69,71,0,57,0,0,0,28,0,122,273,0,212,72,0,124,0,0,0,0,0,87,36,0,21,0,100,48,0,0,127,0,0,43,0,0,88,0,0,22,76,0,29,61,27,0,0,0,49,0,253,48,0,42,102,0,0,77,45,0,221,0,0,175,0,0,0,78,0,22,121,0,125,0,51,57,200,31,0,0,112,0,0,42,59,30,0,0,49,0,0,0,71,0,66,93,0,55,0,0,103,0,0,0,273,0,40,27,28,0,0,0,0,102,0,55,109,0,0,23,30,24,56,38,0,0,52,0,0,0,61,0,0,0,105,56,220,0,0,0,0,0,192,0,0,0,0,40,0,188,24,0,0,0,0,0,60,0,68,0,105,0,0,0,146,147,0,0,193,84,61,0,0,0,0,0,204,0,0,0,0,0,0,0,0,45,56,84,76,0,0,59,43,0,0,70,90,0,23,39,0,0,0,0,235,0,0,212,0,51,0,0,39,0,0,0,0,66,31,97,0,0,0,0,0,38,0,63,236,129,76,0,0,36,0,0,0,22,0,46,22,0,0,58,53,0,48,0,0,59,0,151,87,61,67,0,0,229,0,0,0,134,0,57,0,0,44,245,46,0,0,55,260,0,0,40,0,86,0,35,0,0,0,111,0,44,0,41,234,39,70,0,48,0,45,0,194,0,0,0,94,0,343,0,45,0,0,92,157,0,133,0,0,37,0,0,53,0,0,0,0,96,0,54,0,30,132,0,0,373,0,0,0,0,148,0,0,157,100,0,0,0,0,0,76,94,120,666,28,0,0,0,0,55,24,0,136,0,0,35,0,0,46,0,0,73,121,0,89,0,0,0,0,156,137,0,32,48,0,96,76,187,0,0,0,172,0,57,29,0,68,52,0,0,0,0,26,0,82,0,0,0,51,0,0,0,0,0,0,57,0,419,0,77,0,0,0,48,39,0,215,76,0,0,0,0,68,72,75,0,50,0,0,0,0,76,101,35,0,40,0,0,366,0,50,0,0,65,60,347,0,0,53,42,0,51,10,0,33,66,0,100,0,0,0,0,0,0,0,0,0,0,97,0,96,0,150,0,0,85,39,0,0,0,0,0,30,0,106,64,36,35,0,37,87,0,0,0,123,0,314,0,0,0,83,189,54,96,0,89,75,41,0,0,0,0,58,115,0,0,0,36,0,41,0,0,131,0,0,0,146,0,0,0,0,0,0,0,0,126,224,41,106,55,0,0,62,0,16,909,48,24,0,0,0,0,0,270,59,208,0,0,19,0,0,0,99,0,0,48,112,50,0,0,42,255,48,115,0,46,0,147,81,67,68,29,234,0,0,150,48,132,0,45,114,38,0,0,0,0,69,89,75,138,0,0,53,0,0,0,0,0,0,75,0,151,0,0,131,0,0,0,0,0,37,0,43,43,50,53,121,0,0,229,0,0,0,0,146,47,0,44,0,0,50,0,0,0,0,55,0,66,75,54,0,0,0,0,114,60,161,0,0,0,112,105,44,84,0,0,171,0,55,0,199,0,0,0,0,0,0,56,76,0,0,25,362,89,0,0,855,0,0,0,0,0,0,90,25,0,0,232,0,0,0,0,40,122,41,0,12,0,81,0,72,0,0,22,74,0,14,25,36,0,29,0,0,0,65,0,0,389,44,68,27,0,0,0,0,0,0,0,0,0,0,0,36,92,28,0,0,0,131,0,0,0,0,0,42,0,0,48,62,0,0,52,0,38,0,40,162,32,548,85,0,0,0,0,0,100,0,0,0,142,199,0,0,0,55,239,0,58,0,0,0,0,0,0,0,0,0,156,149,0,40,76,0,0,0,0,0,55,0,0,58,0,16,0,0,19,44,0,35,0,0,29,0,81,21,100,0,0,51,0,0,129,101,0,36,38,0,40,52,0,93,0,0,43,0,68,0,0,42,41,0,0,0,0,0,202,0,0,30,0,0,0,0,0,0,0,0,0,0,0,0,88,0,59,0,0,118,0,0,46,26,0,0,0,0,0,0,0,0,45,0,109,78,33,0,0,0,0,56,0,0,0,0,63,49,0,0,78,0,0,322,0,0,55,84,0,0,42,58,0,0,35,0,0,0,0,0,119,0,40,123,0,0,52,0,27,0,0,66,0,110,0,0,57,0,262,27,72,181,0,106,0,0,37,0,27,0,49,66,0,0,0,0,25,0,0,71,0,0,0,0,0,846,0,0,55,0,0,107,0,22,82,0,0,0,0,0,68,0,114,98,148,0,49,0,0,0,0,100,0,0,0,0,58,51,0,44,0,63,121,0,0,0,0,19,97,0,0,0,0,0,0,561,0,0,313,0,0,0,93,0,133,0,0,127,52,0,0,0,0,0,103,0,92,0,65,30,0,0,0,0,0,460,59,0,0,0,77,0,24,68,132,114,0,0,0,32,0,0,0,161,0,0,0,0,114,44,115,87,0,158,0,0,0,0,0,0,0,45,0,342,35,0,0,0,0,73,0,46,0,0,129,114,0,0,0,52,0,0,0,86,22,35,0,0,0,82,0,0,187,0,0,0,0,0,0,0,0,0,0,143,0,0,0,0,0,0,0,0,0,316,0,0,0,104,0,0,0,0,55,0,32,41,0,0,0,44,147,25,0,0,0,0,0,0,90,0,0,0,0,0,0,0,73,69,0,0,0,0,0,31,0,0,23,0,159,66,0,0,0,0,0,0,0,31,85,62,0,0,214,0,107,0,25,0,44,0,62,0,0,224,47,124,0,0,0,0,68,0,0,63,0,0,0,48,0,0,0,237,0,34,0,0,0,0,168,0,0,0,275,0,0,0,0,0,0,49,0,110,126,0,0,460,0,358,0,108,0,0,93,0,0,106,38,0,32,0,0,46,33,0,69,0,0,0,0,83,123,0,0,30,39,0,133,0,0,0,0,55,0,0,134,79,0,47,0,0,0,0,93,56,0,0,72,0,0,0,16,97,78,0,0,54,94,0,0,0,59,33,0,0,103,0,34,173,0,75,155,51,80,0,0,0,0,0,0,0,35,0,29,46,0,0,13,0,0,0,214,0,112,0,0,0,0,0,114,0,0,69,0,117,0,0,0,0,0,39,0,0,0,107,0,0,0,0,72,0,36,0,72,0,0,21,30,0,0,0,0,60,70,0,0,0,0,0,0,0,0,0,0,85,0,0,0,0,0,0,25,47,0,0,55,0,80,97,0,0,0,113,37,101,0,41,0,0,0,0,29,0,74,0,21,0,51,0,0,0,123,10,0,0,34,0,0,52,0,0,0,39,72,466,159,0,91,0,86,51,0,83,0,0,46,0,0,0,0,127,64,0,0,0,0,0,0,0,69,0,58,0,0,110,0,41,0,73,0,0,0,0,0,0,0,0,0,90,0,36,0,0,0,0,0,43,0,82,0,0,0,0,0,0,0,0,0,83,0,0,0,0,94,0,492,40,0,49,0,56,0,0,0,142,0,0,0,167,0,71,0,0,0,0,121,0,0,0,86,0,26,72,71,0,0,0,0,0,149,0,0,0,0,22,0,52,0,0,0,0,0,63,57,0,0,146,0,0,293,0,48,0,0,50,0,70,0,0,0,0,0,0,0,0,129,0,36,49,0,0,0,0,0,0,0,0,0,0,101,0,0,0,0
156,0,0,0,44,0,0,0,0,40,0,59,0,0,0,103,111,49,0,0,0,0,40,0,0,0,0,0,0,35,0,0,0,0,0,67,258,0,0,313,0,0,53,0,0,0,0,0,123,0,126,0,0,0,0,62,0,0,0,0,0,88,0,152,0,0,25,0,0,0,0,0,0,0,0,0,47,0,42,0,0,0,0,0,79,0,0,0,0,0,41,73,56,0,0,0,27,0,66,0,0,0,0,0,0,0,37,0,78,0,46,0,35,0,54,0,0,103,0,0,73,0,0,0,0,0,0,0,46,0,0,0,59,0,0,0,0,0,0,0,0,0,88,166,0,0,29,0,0,52,0,49,0,0,0,114,0,70,15,53,290,0,0,46,0,0,0,0,0,0,0,0,0,0,0,0,0,0,0,0,0,116,0,60,0,38,0,159,0,0,0,0,0,0,81,0,50,0,0,38,0,0,30,48,0,0,0,0,0,0,0,0,32,23,0,0,0,0,0,0,47,0,0,0,0,0,0,142,104,0,0,0,0,24,0,0,0,0,115,0,0,18,0,0,0,0,37,0,0,0,0,0,41,0,77,0,0,0,0,0,124,0,0,0,0,0,0,48,0,289,0,0,0,93,0,0,0,0,841,139,124,0,0,53,0,0,42,135,109,0,37,0,23,0,0,52,0,0,57,0,0,0,0,0,0,82,57,0,0,105,62,157,0,0,0,37,40,123,69,0,30,0,0,25,48,101,0,131,0,0,117,0,0,0,0,0,0,0,0,0,0,0,0,77,55,0,0,0,107,614,207,0,0,0,0,0,41,0,111,241,23,43,102,0,102,41,45,0,54,0,0,0,0,0,56,85,150,0,0,88,99,0,0,0,44,241,0,48,50,0,27,39,432,0,0,0,268,0,50,65,0,0,0,0,23,95,46,0,31,0,78,0,54,0,0,0,135,46,129,128,0,44,54,0,48,119,49,0,177,59,0,0,78,0,54,0,0,0,0,0,0,0,105,88,0,0,219,62,0,0,41,0,86,0,85,0,0,0,0,0,81,0,121,154,0,24,24,53,0,0,0,26,175,32,38,42,114,110,179,42,95,0,36,175,151,0,0,70,174,0,67,111,0,260,0,49,79,51,56,0,0,171,0,622,0,0,160,0,0,0,0,0,0,37,0,0,0,66,69,70,0,49,84,364,0,0,35,0,68,0,46,0,0,0,44,0,51,0,0,105,50,153,83,0,0,23,107,0,48,261,129,113,0,0,51,0,0,0,67,0,52,138,0,0,37,278,70,0,0,0,199,26,30,0,0,0,0,169,45,0,0,41,96,0,47,0,204,0,60,0,0,449,0,94,0,0,0,149,0,85,36,0,0,0,0,115,0,0,61,42,0,0,0,143,113,23,33,73,0,41,0,43,0,0,49,0,105,35,0,89,0,0,49,0,0,53,62,0,0,0,0,0,166,0,0,265,0,79,0,115,75,0,0,97,425,0,0,0,39,99,0,0,38,0,0,48,57,49,29,94,206,0,77,0,0,0,95,57,0,0,0,59,0,0,35,0,56,0,0,0,108,27,0,0,49,61,0,0,189,0,0,0,0,78,0,48,0,0,94,107,0,166,205,0,0,0,0,58,73,52,83,78,47,79,102,262,126,77,0,0,0,66,0,0,0,0,0,0,239,70,0,37,398,36,0,121,0,0,113,0,0,44,0,0,78,0,0,64,0,0,22,165,37,0,0,51,0,0,0,94,164,69,0,0,0,225,31,0,0,43,198,0,40,23,0,0,63,0,0,254,0,0,0,0,0,0,0,25,42,0,0,36,74,0,349,86,0,66,95,0,0,0,206,0,0,88,0,0,0,0,141,0,244,0,0,0,66,46,0,0,156,0,0,0,0,0,0,79,0,0,0,0,191,0,278,0,0,103,0,0,115,0,41,0,0,0,455,0,42,269,0,0,0,51,0,0,0,0,0,0,0,24,0,0,81,83,41,0,0,0,38,40,143,0,0,50,0,125,0,0,0,184,0,73,84,152,237,0,0,0,0,211,0,20,0,0,0,101,134,0,52,0,0,0,0,94,78,50,0,0,32,76,29,22,0,94,48,56,0,40,0,0,0,0,112,36,0,154,85,0,0,0,0,0,0,0,0,55,0,0,0,0,73,48,0,0,34,0,148,0,0,77,68,37,72,77,0,73,46,196,0,48,0,93,0,0,0,300,0,0,65,95,0,0,0,58,131,62,224,0,1139,17,0,0,0,0,41,0,0,67,42,0,72,0,0,65,63,34,181,0,56,38,0,41,0,0,258,118,50,41,0,0,0,0,0,0,98,112,34,0,0,0,39,0,0,54,0,182,1243,32,182,35,86,24,0,0,155,73,0,40,0,0,0,34,0,0,83,73,255,83,0,85,60,62,0,276,372,51,216,0,51,0,0,57,0,0,0,0,0,69,0,98,0,0,548,0,0,0,0,0,25,227,0,40,0,88,0,0,0,33,107,0,0,0,0,98,0,0,0,67,0,97,42,193,0,110,158,0,0,195,105,83,125,0,38,0,0,0,110,155,0,0,59,439,0,0,0,16,55,0,0,0,0,0,38,0,0,183,86,45,0,48,0,0,152,0,0,0,131,38,0,45,65,44,37,49,150,0,72,0,0,0,0,40,0,0,107,506,98,0,0,0,0,0,0,139,225,80,0,37,0,193,213,0,117,0,0,0,0,42,0,68,41,74,108,0,58,88,51,0,170,21,49,53,117,44,61,78,0,186,85,0,41,98,18,0,71,0,0,110,0,0,0,162,86,90,98,43,0,102,37,160,0,110,0,0,0,0,93,0,0,0,78,0,81,0,0,0,0,105,0,0,210,0,90,0,0,59,45,132,198,243,0,0,0,36,254,0,0,0,81,110,35,0,53,79,0,61,32,0,137,89,0,124,0,0,0,0,0,145,0,107,0,22,95,153,51,72,64,216,42,60,143,28,55,35,30,676,178,58,147,0,0,1261,0,85,30,96,64,50,565,0,0,166,74,125,0,220,94,0,0,55,123,35,57,290,0,33,0,95,62,138,0,145,77,0,33,0,33,0,38,0,30,164,0,0,0,1014,708,0,289,0,63,160,87,67,0,66,0,132,0,60,76,89,0,277,0,48,52,241,0,256,119,0,246,0,0,0,0,0,228,136,0,94,28,38,85,226,0,423,0,117,80,0,0,53,67,47,124,70,0,104,88,85,129,51,110,70,33,498,169,142,112,71,0,29,130,0,0,304,0,31,248,0,33,45,121,0,85,113,39,41,47,107,92,44,93,149,0,105,176,0,0,0,0,61,44,0,0,71,0,113,84,132,311,33,61,25,37,245,66,95,13,545,213,186,49,50,64,0,0,0,183,0,64,528,0,0,50,256,63,60,68,0,0,35,0,0,149,95,59,0,0,111,36,190,0,37,170,35,62,147,0,0,0,192,68,0,60,102,0,27,68,0,0,221,0,119,0,308,161,0,0,153,195,45,44,276,0,67,0,0,21,690,0,262,25,47,50,227,0,38,0,121,73,54,51,399,0,0,250,65,0,0,153,154,0,164,0,93,0,51,0,112,0,85,343,0,93,58,0,43,96,0,103,95,123,45,341,0,0,0,43,0,75,0,0,205,174,33,0,46,40,34,84,28,86,0,41,0,71,0,360,57,58,0,0,0,88,0,304,75,66,89,0,0,223,0,0,122,157,61,153,54,0,90,132,128,0,45,77,368,0,0,0,73,319,0,83,0,0,38,348,99,0,0,0,226,159,58,54,148,0,76,0,220,0,44,0,341,0,803,72,31,52,0,103,208,30,139,89,72,60,80,144,80,94,0,114,25,66,0,0,0,279,257,0,0,641,58,0,0,89,155,0,46,268,152,0,48,0,0,0,155,91,223,1162,127,59,69,0,0,64,0,38,280,0,0,0,0,0,72,0,0,0,455,0,455,0,61,32,0,156,68,79,93,85,42,320,126,367,0,0,0,250,0,164,50,72,136,92,0,0,40,0,0,0,163,0,0,129,86,63,0,0,0,0,84,116,0,695,36,59,94,0,0,65,53,0,266,182,56,213,65,0,68,25,73,0,113,60,66,0,8,39,153,46,0,87,0,0,153,0,108,0,65,65,166,313,0,115,160,0,32,0,41,169,405,142,67,158,0,54,63,0,0,43,32,0,88,0,0,66,152,119,112,0,87,48,60,0,0,27,117,0,110,161,348,67,0,75,32,0,726,101,90,43,160,0,415,109,0,40,88,262,48,0,0,144,35,125,0,0,0,64,107,197,0,23,0,77,86,103,120,210,213,0,0,102,193,40,0,129,39,0,0,49,42,145,237,55,0,76,0,0,625,42,0,482,83,53,0,0,103,54,0,329,87,369,0,0,36,76,0,0,78,54,156,127,68,135,148,108,122,315,167,60,0,0,99,144,158,152,0,66,267,0,0,164,145,114,36,256,49,59,0,0,31,56,127,257,67,74,79,0,77,0,0,34,99,0,0,113,9,99,0,44,308,0,32,0,0,50,134,27,79,134,0,119,258,0,40,232,60,0,0,0,205,156,0,105,27,39,0,0,192,27,156,238,114,50,55,71,43,0,0,0,55,120,330,24,0,0,42,124,54,152,37,0,113,19,148,0,395,0,22,0,92,0,0,40,289,0,0,0,275,61,83,0,1581,0,31,0,0,0,0,181,95,70,136,330,0,0,65,0,0,72,63,51,0,60,63,0,60,97,48,211,193,0,115,34,77,47,83,69,277,145,364,71,0,602,97,36,105,125,0,127,70,29,0,0,28,46,32,96,46,179,142,0,0,0,178,148,0,0,0,0,43,197,43,114,210,0,0,0,0,94,47,121,335,278,548,138,0,47,27,0,114,167,0,0,146,172,578,88,310,46,134,273,41,65,0,89,68,0,53,40,0,147,0,147,199,0,122,187,0,73,0,0,80,60,151,107,378,113,59,135,67,669,167,0,289,31,0,54,60,157,0,214,80,0,101,60,23,185,240,31,434,149,32,79,181,110,93,35,211,97,0,180,0,0,105,92,0,28,77,0,0,901,0,170,48,64,89,0,127,319,0,0,44,41,70,69,48,217,0,73,0,47,806,52,87,397,0,51,0,47,0,0,33,0,57,138,170,227,250,180,0,0,127,59,95,66,73,0,0,52,61,53,0,153,0,0,332,0,0,122,123,0,167,141,291,0,68,39,0,40,0,0,0,142,0,97,154,41,391,240,47,58,0,0,64,0,151,325,101,239,75,293,83,98,208,0,139,126,26,96,84,114,219,255,76,51,0,182,145,0,0,49,68,0,57,122,67,106,950,48,0,42,124,0,160,364,36,384,59,106,34,61,0,95,0,293,291,150,34,318,0,0,202,48,89,110,70,0,0,178,148,92,89,32,309,138,0,0,0,59,55,223,94,46,30,64,0,90,2292,61,65,965,95,0,0,285,0,89,158,0,471,30,0,19,175,0,0,152,35,520,68,162,149,0,59,39,48,0,1052,136,30,38,0,473,0,71,310,163,196,0,0,55,107,233,0,0,348,0,0,57,0,412,166,237,210,60,363,40,80,41,23,46,85,46,250,44,1575,261,0,62,42,235,113,45,140,89,63,167,509,102,101,123,57,72,78,0,71,84,0,0,102,61,157,111,67,450,0,0,60,0,0,148,59,0,86,46,210,67,0,0,239,0,88,0,0,110,1200,217,0,0,283,44,29,0,71,276,0,114,209,34,45,45,114,278,31,0,29,48,59,0,26,151,177,88,0,40,0,21,0,97,199,52,73,153,0,0,80,0,101,110,152,469,232,142,0,140,33,48,118,0,236,612,82,0,0,331,155,118,286,50,160,195,35,159,0,54,973,0,420,0,142,122,40,200,342,0,104,43,72,324,81,104,55,0,388,79,87,0,0,78,0,373,0,62,77,786,0,0,58,122,112,81,462,0,161,169,0,93,89,68,0,50,131,0,52,499,0,100,105,124,123,229,0,0,102,208,43,171,142,0,76,0,336,194,0,0,135,139,0,124,0,0,136,95,135,43,99,175,123,44,67,0,0,79,0,174,120,95,66,166,0,42,0,105,214,247,0,31,90,130,0,31,114,241,48,0,333,186,0,0,297,0,102,129,211,188,194,195,0,61,0,0,0,376,0,88,100,0,128,167,72,0,0,393,0,113,121,311,70,183,188,133,0,0,1419,67,461,51,190,105,0,117,49,0,56,110,532,199,59,330,161,132,0,130,47,0,68,25,41,0,0,0,75,0,669,64,42,143,75,24,107,159,0,0,85,0,838,67,90,16,44,100,96,63,98,0,48,0,67,99,192,348,42,0,284,56,59,92,104,93,53,0,43,286,0,74,0,34,56,134,72,31,62,52,86,51,24,32,99,0,35,47,190,44,97,227,342,1617,49,74,49,233,201,69,285,0,165,58,87,43,77,181,204,105,159,70,0,234,132,0,275,97,0,48,191,122,272,60,147,56,272,90,65,0,151,47,81,352,0,748,162,0,376,0,0,169,171,0,72,75,543,0,0,110,261,0,0,362,0,0,55,0,269,43,77,249,96,423,61,0,821,59,391,0,196,27,161,113,0,24,197,69,180,0,0,152,0,233,252,0,0,125,92,476,469,56,60,77,71,44,0,893,132,0,0,140,105,34,0,0,50,69,86,75,88,67,99,0,118,0,0,391,111,0,189,62,114,31,542,64,25,0,0,28,28,0,106,429,0,112,377,157,0,140,85,0,0,122,205,49,0,106,691,121,40,62
157,0,0,0,0,0,0,0,0,0,0,0,0,0,0,0,0,0,0,0,0,55,0,0,0,0,0,0,0,0,0,0,0,0,0,0,0,0,0,0,0,0,0,0,102,0,0,0,0,0,0,0,0,0,0,0,0,0,0,0,0,65,0,0,0,0,0,0,0,0,91,0,0,0,0,26,0,0,76,0,0,0,0,0,0,0,0,0,21,0,0,0,0,0,0,0,0,0,0,0,0,0,0,0,0,0,0,0,16,0,0,0,0,46,0,0,0,0,0,0,0,0,80,0,0,0,0,0,0,0,0,0,94,0,0,0,34,0,0,0,0,31,0,0,0,0,0,0,0,0,0,0,0,0,0,0,0,40,0,0,0,0,0,37,0,0,0,0,0,0,0,41,0,0,0,0,0,0,43,0,0,0,0,0,0,0,0,0,134,0,0,0,0,38,0,0,0,0,0,33,0,0,0,0,110,0,0,0,0,0,0,0,0,0,0,0,0,0,0,0,0,0,0,0,95,0,0,0,0,0,0,0,0,0,0,0,0,0,98,0,0,0,0,0,0,0,0,0,0,0,0,0,103,0,0,0,0,0,0,0,0,34,0,0,0,0,0,182,0,227,0,0,0,0,0,0,0,0,0,77,0,0,0,36,0,0,52,47,124,0,0,0,0,0,0,0,0,0,0,0,0,0,0,0,0,0,0,0,0,0,0,0,0,0,0,0,0,0,0,0,0,0,0,0,0,0,0,0,0,0,0,0,0,0,0,0,0,0,0,0,0,0,0,0,0,0,0,0,0,242,0,0,0,0,62,0,0,0,66,28,0,0,0,0,38,0,0,0,0,0,0,0,0,0,0,0,0,0,0,0,0,0,0,0,0,0,0,0,0,0,0,0,0,0,0,0,0,0,0,0,0,0,0,0,0,0,0,0,0,0,0,0,0,0,0,0,0,0,0,0,0,0,0,0,0,0,0,0,0,0,0,0,0,0,43,0,0,0,0,0,0,0,0,0,0,0,0,0,0,0,0,0,26,0,0,0,0,0,0,0,0,0,0,30,0,0,0,0,0,0,0,0,0,0,0,0,20,34,0,0,0,0,0,17,0,0,0,0,36,0,0,0,0,0,0,0,0,0,0,0,0,0,0,159,0,0,0,0,0,0,0,0,0,0,0,0,0,0,0,0,0,0,24,0,0,0,0,0,0,0,0,0,0,0,0,0,0,0,0,0,0,26,0,0,0,0,0,0,0,84,0,0,0,0,0,0,0,0,0,0,0,0,0,0,0,0,0,0,0,0,0,0,0,0,0,0,0,0,0,0,0,0,0,0,54,0,60,0,0,0,0,66,0,0,0,0,0,26,0,0,0,0,32,0,0,32,0,0,0,0,0,0,0,0,0,0,0,0,0,0,0,0,0,0,0,0,0,0,0,0,51,0,0,0,0,0,0,0,0,0,0,0,0,0,0,0,0,0,0,0,0,0,0,0,74,0,40,0,0,32,52,0,0,0,0,0,0,0,0,0,0,0,0,0,114,0,0,0,86,0,0,0,0,0,0,0,0,0,47,0,0,0,0,0,0,0,68,0,129,0,0,0,0,0,41,0,0,34,29,0,0,116,0,0,0,0,0,0,0,0,104,0,0,178,69,57,0,0,0,0,70,0,0,0,0,0,0,0,0,0,78,0,0,0,0,0,0,0,0,0,0,0,0,0,0,0,0,0,0,0,0,0,0,0,0,0,0,0,0,0,23,50,0,0,0,0,0,0,0,0,0,0,0,0,0,0,0,0,0,0,0,0,0,0,0,0,0,0,0,0,0,0,0,0,142,37,26,0,0,0,0,0,0,56,0,0,0,0,0,0,0,0,0,0,0,0,0,0,0,92,77,0,0,0,0,0,56,0,0,0,0,0,0,0,0,0,0,0,0,0,0,0,0,0,0,0,0,0,24,85,0,0,0,0,0,0,0,0,0,0,0,0,0,0,0,26,0,0,0,0,0,0,0,0,40,0,0,0,0,0,0,0,0,0,52,0,0,0,0,0,67,30,0,0,0,0,29,60,86,64,0,0,48,0,0,269,0,46,0,0,0,67,0,0,0,0,35,0,0,0,0,0,0,0,0,0,22,43,45,0,0,0,0,52,0,83,0,0,0,30,0,0,0,61,0,0,37,0,222,0,0,0,0,0,0,0,0,102,0,142,0,0,0,183,0,0,0,98,0,0,0,0,0,0,0,65,44,0,282,0,346,46,0,29,0,0,0,0,0,0,26,0,0,0,0,59,0,45,238,0,0,0,0,0,0,80,123,64,33,51,0,0,0,0,0,0,0,0,0,0,0,0,0,0,0,102,0,0,354,0,51,0,45,104,0,0,40,57,0,0,0,0,0,24,336,0,0,0,78,0,0,0,0,0,12,119,64,52,132,0,0,0,0,0,0,0,0,0,0,0,0,0,0,0,0,0,0,0,0,0,0,96,0,78,0,0,0,32,0,0,31,29,102,0,0,0,61,0,0,0,0,50,66,69,0,0,0,29,0,69,0,0,173,0,0,0,34,75,0,48,0,0,129,222,0,0,0,62,0,0,21,0,0,0,0,0,0,58,0,0,0,0,0,47,0,0,0,0,208,40,0,0,72,46,0,73,29,0,0,0,0,0,0,33,24,0,0,107,80,0,0,0,0,0,0,86,32,0,0,68,0,55,81,0,0,0,0,0,0,44,0,0,0,75,59,0,0,0,0,0,251,0,0,0,0,0,0,0,0,0,60,0,0,0,0,0,31,0,0,0,0,0,0,0,0,0,35,0,0,0,0,61,0,60,0,0,0,0,0,0,0,0,0,0,20,0,0,0,0,52,0,0,37,0,55,0,0,0,0,0,0,61,0,0,0,43,102,0,0,0,0,0,0,0,0,0,0,0,0,0,47,0,0,0,0,0,0,0,0,0,0,137,0,0,0,17,0,0,0,0,0,0,58,0,95,0,0,57,0,0,0,0,0,87,0,0,0,0,0,0,259,0,0,149,0,72,0,62,55,0,0,43,0,0,0,0,0,0,0,0,0,0,0,0,13,0,0,0,0,0,0,0,0,60,0,0,0,0,51,0,158,0,22,72,0,0,0,0,0,57,0,0,0,0,0,97,0,0,0,0,0,156,14,0,65,0,0,0,0,0,0,98,0,110,0,0,0,0,0,55,0,67,60,0,0,62,0,0,0,0,0,76,0,0,0,57,0,37,0,113,31,41,0,0,0,0,0,0,0,136,0,0,0,0,0,0,0,0,0,38,34,0,0,0,0,42,0,157,0,43,86,0,0,0,0,0,0,19,0,0,0,0,49,65,127,0,0,0,0,0,0,84,0,72,0,48,0,0,35,0,0,24,81,0,16,367,0,0,0,0,0,0,0,0,0,0,0,0,0,0,0,0,0,34,39,109,0,0,0,0,0,130,0,0,0,0,38,0,87,32,0,0,0,0,0,0,0,0,0,63,104,0,0,112,0,0,0,0,0,0,0,0,42,0,0,0,0,0,48,0,0,0,0,33,0,33,0,221,0,0,77,0,0,0,0,26,0,0,0,0,0,0,0,129,0,0,157,0,0,38,0,38,49,0,0,0,0,0,0,0,0,0,0,0,0,0,0,209,148,0,0,0,52,0,41,0,41,0,0,0,0,0,161,0,0,0,0,0,0,0,0,0,25,0,0,0,0,0,0,45,0,0,25,59,0,46,73,0,31,0,46,163,0,0,0,0,43,0,0,0,0,0,0,39,0,0,0,168,0,42,0,0,0,27,0,146,0,0,0,215,0,88,48,24,0,0,92,0,0,0,0,83,0,75,0,39,73,0,0,0,0,0,29,0,0,223,0,0,219,0,0,0,0,0,0,0,52,0,0,0,0,0,0,53,63,55,12,0,0,42,0,0,0,0,0,0,0,0,0,0,0,68,0,0,0,44,0,53,0,0,0,0,0,95,35,0,0,0,0,0,180,0,0,0,86,0,134,0,0,0,0,0,0,0,0,0,0,0,0,0,62,0,0,0,0,0,0,0,92,0,166,0,39,59,0,0,0,49,0,52,74,0,22,0,0,0,0,0,0,80,41,0,31,0,0,94,0,0,0,0,0,0,0,49,0,74,0,68,257,0,50,44,42,0,0,0,51,40,63,0,0,0,0,26,0,33,0,0,0,0,0,0,54,0,56,0,0,0,0,72,0,0,0,0,0,0,0,152,0,33,0,0,35,138,0,43,0,201,0,100,43,0,0,58,23,0,0,0,146,0,0,0,0,0,54,38,0,0,0,0,101,48,0,165,98,102,0,0,0,0,0,0,0,0,0,0,0,0,0,0,0,0,0,0,0,291,0,0,88,0,0,0,0,47,0,0,0,111,78,0,34,0,0,0,0,0,0,51,72,0,46,63,57,69,399,71,0,0,0,0,0,179,0,0,0,154,0,0,57,0,194,0,82,0,0,0,0,0,0,127,48,0,0,0,0,0,0,0,0,66,0,0,0,0,0,0,0,39,0,0,0,0,51,63,20,0,0,0,108,61,0,0,243,0,0,0,0,0,296,0,30,0,0,0,0,58,0,152,189,82,0,0,97,0,25,0,0,0,53,107,0,0,0,0,0,0,0,0,0,45,0,68,0,102,0,0,0,28,0,0,0,46,0,0,39,143,0,0,0,129,0,0,0,0,0,0,101,0,0,86,113,20,0,0,0,0,0,0,0,0,0,105,0,0,33,0,31,139,27,0,0,0,0,0,50,0,26,0,0,0,151,0,128,0,0,0,0,0,0,0,0,0,28,58,0,38,62,0,0,0,0,94,60,0,0,0,0,78,41,0,95,0,0,0,0,0,0,0,57,392,0,0,0,0,0,0,0,0,0,0,0,0,58,200,0,0,50,0,0,0,0,0,0,0,0,0,0,0,0,0,255,316,0,50,34,0,43,0,0,0,0,121,39,32,0,0,0,0,0,0,0,46,60,22,55,0,0,0,0,0,0,47,0,0,0,0,56,0,0,0,18,0,0,0,0,0,98,0,41,0,0,0,0,42,41,0,0,0,0,0,0,0,0,0,0,0,0,0,0,49,0,0,0,0,0,0,0,0,0,161,0,0,0,0,0,0,41,0,0,0,0,0,87,0,47,65,0,0,0,0,0,0,0,90,0,0,0,0,55,0,176,0,0,0,0,0,37,28,0,0,0,27,0,21,50,33,0,0,0,0,0,0,0,71,0,0,184,0,0,0,0,120,0,58,0,0,89,0,0,0,0,0,0,44,0,0,0,0,51,189,0,90,0,0,26,0,0,0,0,101,0,0,0,94,0,196,0,0,0,0,0,66,64,45,80,0,0,0,0,0,84,0,74,225,52,0,0,0,0,0,0,0,0,0,0,0,0,0,0,88,0,0,0,0,0,0,0,0,0,0,0,0,0,0,0,600,0,0,158,39,29,0,79,0,70,0,0,95,67,0,0,0,0,0,0,0,77,0,0,0,0,0,0,0,0,255,0,0,0,0,205,0,0,0,103,42,0,0,0,0,43,0,0,62,0,0,0,0,74,35,129,65,74,180,0,0,38,0,0,0,0,76,0,47,0,0,0,0,0,51,0,83,0,0,0,163,59,0,65,0,0,0,0,0,0,0,0,0,0,23,49,0,159,0,0,50,0,0,33,156,0,0,0,83,0,0,0,39,0,0,0,0,0,456,0,0,0,65,20,0,0,53,181,0,56,55,0,59,0,0,84,0,0,0,0,0,0,0,65,90,0,0,0,0,24,0,0,53,0,0,33,0,0,101,0,0,0,0,112,98,74,0,33,0,0,0,0,0,41,31,0,0,217,71,0,0,0,0,70,0,121,0,0,404,31,94,0,131,40,59,67,0,0,0,57,0,52,0,0,0,0,0,0,20,0,0,0,0,62,0,0,0,289,0,0,134,44,0,0,75,0,0,50,0,0,447,0,329,52,74,0,60,52,0,0,49,30,0,0,0,0,0,0,0,30,0,0,50,0,0,0,108,0,57,0,0,0,0,0,0,0,0,0,0,163,203,0,37,0,0,0,0,0,0,0,0,45,0,0,0,33,70,0,0,0,0,43,0,0,0,0,0,0,0,0,0,0,41,0,0,58,0,0,0,54,0,0,0,0,0,25,0,0,0,0,34,52,0,0,0,0,0,0,0,0,0,0,18,0,0,0,47,0,116,0,0,0,0,0,0,0,0,0,42,33,0,0,0,26,0,0,0,27,0,0,0,0,0,0,0,0,94,86,0,0,0,0,0,33,0,0,0,0,31,0,0,0,0,0,0,0,0,0,0,0,0,0,0,50,0,0,289,0,63,43,0,0,0,0,0,25,0,0,0,0,0,25,0,0,0,34,0,0,0,52,0,0,0,0,0,0,0,13,356,502,0,38,0,54,0,0,0,0,0,0,42,0,0,0,56,67,0,0,0,54,0,0,125,36,0,0,0,78,79,0,0,0,33,0,0,0,0,0,0,63,0,397,0,0,103,0,0,0,64,0,0,0,104,0,0,42,48,0,0,64,0,0,0,0,0,0,0,38,0,405,0,0,36,0,39,0,0,0,67,0,0,0,44,0,0,0,0,0,0,0,0,0,0,126,0,34,0,25,0,0,0,0,0,174,63,0,0,0,0,0,0,0,0,0,0,0,0,0,0,0,57,0,0,66,0,0,36,0,0,0,119,0,0,0,0,0,0,0,0,34,0,0,0,57,0,0,0,0,0,0,0,0,0,0,393,0,0,0
158,32,136,101,383,219,435,327,51,492,74,1631,87,162,125,1212,1252,966,142,207,89,1760,331,344,388,873,78,112,378,213,163,118,318,0,303,827,808,66,506,1383,837,295,283,157,1308,56,341,215,1662,82,785,183,590,523,173,1133,150,58,58,214,95,633,459,1402,146,370,737,225,115,129,1500,66,194,195,71,1876,607,123,2097,124,644,131,169,708,1378,309,202,85,382,272,1329,370,235,522,748,129,223,69,342,249,34,101,171,691,116,115,408,192,340,355,1680,274,410,916,849,307,303,812,184,124,1558,190,1650,281,119,309,192,170,536,171,1000,62,1915,163,373,460,1041,581,469,299,806,315,560,1445,58,141,404,281,368,784,69,192,590,266,832,577,87,335,192,1022,1249,387,112,634,306,421,317,180,900,945,1306,1095,268,484,91,325,210,329,1153,446,190,1378,72,225,150,296,264,2393,1526,62,74,74,631,389,848,99,431,167,153,796,168,563,882,163,2033,228,269,153,244,646,745,784,297,485,177,803,310,289,92,150,646,752,258,104,1840,118,103,596,1691,122,491,114,162,180,135,77,152,393,1496,331,102,514,244,350,320,37,801,124,341,85,402,319,1679,384,810,360,515,76,263,494,1688,954,609,197,332,93,130,2567,603,1987,170,124,850,2017,421,482,377,155,3108,1371,525,49,525,806,443,358,277,1547,8244,598,319,147,1247,102,144,358,144,364,432,372,263,169,361,217,154,1860,969,1393,134,531,415,1850,589,47,82,355,438,1275,430,317,285,230,129,209,1265,505,398,869,82,215,1165,32,628,421,511,425,129,171,132,414,172,345,153,588,484,185,136,99,543,4879,1262,701,158,957,3046,91,399,506,2054,1121,424,404,604,170,534,1119,3150,1204,332,242,803,285,377,331,642,794,761,80,54,922,408,229,331,201,303,2890,528,745,427,130,181,224,3578,138,509,234,2572,295,768,1266,62,209,1457,98,219,599,347,242,401,227,731,81,644,148,66,117,1495,595,985,1722,120,889,441,99,436,607,386,364,879,254,90,137,295,129,781,150,203,387,230,1185,167,119,2035,965,1465,581,1705,438,272,269,135,0,838,77,472,182,309,328,70,146,1302,194,943,943,163,235,144,465,129,208,335,173,1500,378,453,286,817,2109,986,465,884,229,700,1311,728,81,89,609,828,1700,1234,305,153,1182,305,477,1551,994,1045,177,40,862,252,4065,558,508,1423,635,295,85,592,217,113,239,141,180,1472,385,376,1046,849,191,1283,1315,426,98,397,433,1528,204,285,134,71,100,515,539,148,92,0,1059,193,546,1276,132,263,94,772,220,386,1459,862,455,201,467,285,257,159,284,393,316,1110,1622,31,450,526,1376,308,127,84,232,1081,1417,181,74,136,212,58,1416,180,305,1307,1392,674,131,1971,101,1451,3164,508,155,216,2790,48,539,161,102,82,682,107,308,129,268,381,648,406,980,404,1113,368,313,91,149,1759,2069,680,115,359,394,108,315,138,246,59,148,245,143,284,138,0,1041,1243,163,167,346,160,195,343,565,166,45,129,105,948,80,149,1621,99,494,184,1338,847,208,77,483,2823,0,410,424,330,1114,538,395,345,81,294,962,375,367,142,372,956,175,620,140,1916,214,443,395,1545,145,159,157,434,353,915,138,365,252,548,42,813,236,479,76,316,184,1369,149,1536,64,160,346,78,463,575,240,355,444,780,286,178,921,930,81,185,125,108,306,1119,305,1757,378,612,4546,1107,1437,486,381,52,83,549,386,256,236,610,70,100,228,1839,339,978,251,4701,567,40,652,120,85,517,52,172,319,199,179,1132,159,80,243,68,156,159,526,139,324,126,553,0,295,80,756,1061,786,317,115,157,1171,216,211,181,321,670,239,565,154,79,67,602,553,534,1638,56,0,241,185,66,277,48,427,388,236,375,341,200,364,1210,373,668,515,509,102,458,166,1157,1854,215,1042,181,163,201,290,590,105,1027,333,157,253,573,410,107,903,1286,80,137,429,93,75,594,326,121,51,0,274,1322,138,998,401,44,636,283,179,533,149,720,254,133,69,2102,1593,547,2421,344,322,139,1068,275,401,168,37,221,121,82,168,187,223,1186,1109,250,124,0,231,254,392,864,243,367,476,39,643,57,179,407,1108,144,378,1013,531,1301,350,181,311,406,918,0,293,78,176,180,1041,1198,1254,889,367,649,227,190,3071,796,393,622,91,530,1487,425,238,175,384,576,129,162,541,223,170,216,88,228,221,370,299,609,157,114,742,117,1105,117,822,101,257,256,323,452,65,339,723,223,92,318,181,2632,134,232,399,283,471,799,459,175,660,362,2641,229,221,98,1619,637,208,88,2086,277,56,268,1111,106,96,483,444,1706,237,2501,93,3662,683,335,294,279,119,109,100,90,428,463,244,980,151,140,1095,384,362,1723,770,232,383,0,585,163,1156,2471,1312,549,384,102,180,349,246,243,34,1908,476,230,93,119,653,216,200,339,1263,68,772,4282,299,734,253,832,656,406,289,773,1156,427,79,450,0,489,239,1971,33,524,690,578,730,0,1536,439,291,754,1767,4553,935,1351,143,989,520,254,1190,104,238,230,325,79,306,46,505,61,369,2629,209,118,134,481,427,290,1373,189,666,363,385,217,241,84,177,358,189,884,71,196,318,507,240,35,363,350,1001,472,1314,153,320,3196,385,53,2004,237,704,1087,297,210,29,260,511,305,900,42,106,955,2683,84,160,145,782,840,124,332,120,266,205,180,128,249,1462,399,405,422,392,1246,538,902,67,418,257,1735,312,220,378,1183,1533,1533,458,586,91,1272,341,623,113,311,329,988,104,432,943,776,131,352,121,64,121,322,1076,2712,285,194,674,171,2156,536,0,1154,405,164,292,0,193,63,316,387,238,568,97,194,505,282,88,2177,152,138,715,827,153,477,394,161,442,278,155,133,232,216,111,417,161,41,1165,84,33,334,1059,526,330,560,127,0,470,156,1096,97,400,705,103,191,66,295,80,188,106,292,269,401,79,437,68,57,390,147,175,446,132,410,76,46,341,91,807,1041,951,59,200,55,107,904,300,322,242,831,257,171,94,596,366,52,225,304,101,492,355,401,299,0,124,315,246,126,327,132,1641,208,57,208,435,435,222,1528,1245,209,112,840,118,770,219,66,1384,832,387,1368,149,102,5182,220,875,65,269,260,155,2041,47,245,329,210,520,127,1093,706,91,63,129,296,58,182,513,107,265,108,442,158,592,132,443,1022,159,226,150,123,250,244,152,279,745,94,0,146,4922,1466,234,1139,177,440,575,864,309,129,502,134,978,277,161,228,561,74,1110,265,608,319,2022,96,2999,735,74,1782,237,54,164,111,55,819,315,360,552,389,1248,195,1006,153,870,69,220,559,30,242,551,467,178,477,542,116,304,328,510,957,126,302,514,154,1758,496,282,318,914,271,127,1002,193,46,2097,0,132,441,0,140,107,884,89,330,901,271,314,186,1237,148,489,711,439,49,932,810,114,159,336,191,235,283,196,184,653,78,584,367,694,784,252,500,90,208,693,178,169,91,1111,652,512,283,204,281,174,83,318,1169,234,364,1394,145,37,279,497,253,373,476,245,102,330,79,0,401,1200,322,75,233,654,387,1269,128,307,575,149,165,1146,63,99,69,519,483,130,781,433,298,119,279,34,103,871,132,792,55,989,622,142,62,956,1262,132,228,925,342,755,56,194,473,1197,34,1078,170,139,322,548,63,212,413,1227,372,276,900,2865,67,42,1316,415,160,326,929,1149,108,414,295,394,330,140,80,953,54,144,2933,25,598,323,227,264,487,142,244,186,335,112,1560,138,271,0,123,149,468,88,273,1059,1231,349,125,210,350,306,412,128,537,435,264,222,205,252,2359,251,369,194,120,167,384,128,868,1213,402,717,283,158,701,161,102,631,431,446,494,594,152,528,736,480,299,151,356,2254,169,109,217,272,1355,116,264,48,98,88,2374,600,280,218,102,1581,440,532,312,797,110,555,137,1784,0,101,123,1398,263,2751,639,380,155,168,517,534,194,461,134,828,276,419,292,411,660,94,250,77,415,205,227,175,441,1295,0,63,3215,190,70,100,723,602,119,249,1135,473,221,215,92,194,138,849,569,1438,3093,250,456,558,44,147,385,91,316,1155,59,128,261,79,178,780,105,95,383,1565,169,769,136,269,226,129,1160,791,562,720,386,269,1628,580,2126,154,174,70,929,85,1078,309,377,357,689,209,111,278,118,124,71,460,104,232,2026,552,180,83,39,52,94,137,680,78,2614,99,406,681,66,188,225,274,0,1405,566,120,504,242,102,455,429,356,91,525,245,271,153,77,192,538,163,76,480,58,79,966,99,377,118,429,275,958,1162,201,565,394,290,127,122,170,589,1056,428,382,640,126,334,279,129,144,148,163,202,217,73,384,275,583,573,795,356,218,340,413,108,0,91,436,170,455,425,1206,291,332,258,167,206,2079,353,230,376,1284,50,1549,304,85,221,356,788,578,325,51,820,207,354,125,176,73,401,553,789,111,138,62,817,323,472,596,738,718,119,74,264,449,100,25,516,366,97,46,191,183,392,839,223,240,311,115,46,2798,139,140,1911,295,171,59,122,421,371,67,1026,754,1211,0,194,166,155,80,100,670,203,409,397,188,490,472,378,445,2245,600,351,57,156,301,746,1067,519,186,250,1726,45,100,628,472,1229,94,1166,513,192,199,67,149,191,1305,1039,646,1134,268,78,325,152,84,162,391,100,107,382,36,524,67,157,1390,87,109,72,54,264,403,223,227,771,315,694,775,98,166,1678,270,130,49,94,885,1911,84,348,120,239,171,48,769,312,729,1143,388,426,405,550,149,150,0,77,275,577,984,65,250,116,311,749,269,696,105,86,373,72,500,48,985,105,203,118,452,81,73,384,936,70,68,250,1805,276,318,0,4615,74,197,0,68,46,45,750,339,322,451,1641,137,0,246,111,192,741,174,310,143,238,706,112,440,284,154,501,1525,265,477,264,268,136,342,306,751,434,1186,526,179,2843,485,776,347,293,597,329,173,136,130,284,85,245,292,433,509,757,662,202,121,108,711,630,236,0,262,159,415,730,286,726,623,101,114,365,56,393,368,470,2444,841,1797,546,0,119,117,90,335,497,213,126,304,1138,2167,292,894,652,583,935,122,466,0,180,194,223,309,107,159,362,133,1947,1632,70,399,389,159,240,0,156,389,242,827,314,1690,287,320,407,194,1142,1057,0,916,467,263,399,277,828,234,586,338,67,486,308,91,475,975,272,1361,495,150,377,342,170,259,159,476,381,74,968,132,59,994,605,313,248,458,142,98,4176,91,706,268,199,263,162,396,807,159,100,365,164,276,195,175,812,100,286,125,141,2359,328,348,1489,417,255,87,213,360,67,300,109,188,580,400,1122,849,381,60,119,413,322,305,355,613,159,80,264,413,411,48,1113,224,203,1249,82,0,626,728,97,732,430,888,179,191,534,293,218,93,0,130,873,57,328,1134,227,830,1259,93,198,0,151,1081,100,758,579,397,1403,412,935,451,311,731,72,596,313,142,449,461,1008,807,655,769,232,72,451,319,219,110,194,667,113,187,334,814,350,3922,341,46,299,373,127,784,1055,362,1079,322,525,141,176,72,465,87,669,1740,793,185,1379,72,0,468,296,475,448,131,0,0,573,395,433,421,185,785,552,65,46,0,168,121,591,233,118,125,263,0,258,3849,113,109,2579,365,492,85,998,143,1060,479,82,767,448,133,125,478,70,44,479,144,1153,294,402,217,159,364,135,149,62,2682,343,100,86,76,2020,63,378,670,1345,875,72,138,291,324,380,211,45,1113,0,219,251,133,1744,612,1440,508,657,934,124,111,286,336,198,147,244,518,80,3516,845,155,119,135,603,454,144,433,237,307,1204,716,673,223,408,176,309,281,96,242,157,209,0,143,413,482,434,77,1780,284,0,422,124,55,447,930,84,250,517,818,271,200,36,453,336,313,116,71,851,4926,235,66,187,510,188,185,90,479,1392,227,375,577,243,572,138,322,1051,244,0,105,80,144,96,205,465,549,120,188,293,51,318,368,412,451,184,145,1422,63,149,945,198,300,338,272,924,639,797,192,524,125,194,292,237,478,2227,316,35,0,1318,452,391,433,159,395,665,349,608,132,205,3661,315,1433,203,1171,414,615,410,817,64,352,528,179,788,338,319,234,194,3060,165,529,106,159,172,58,1461,41,171,247,1872,87,151,831,458,245,274,696,90,631,1016,342,169,3527,200,2021,437,907,155,453,1263,153,449,408,659,443,420,83,96,346,406,106,395,483,176,608,68,692,517,1112,59,443,385,116,520,47,82,336,284,397,307,203,1349,1052,140,512,24,63,300,148,633,890,184,350,845,79,156,83,206,573,1023,77,76,302,578,110,185,212,875,113,38,444,346,128,146,1323,308,356,650,886,670,847,536,0,214,47,69,152,902,72,241,174,24,257,260,132,132,69,1401,70,500,387,474,299,547,438,430,42,61,2541,527,1226,163,468,194,60,279,143,51,239,206,1396,778,170,811,573,799,112,259,103,433,239,110,135,216,210,178,247,169,1275,749,107,371,159,84,416,396,40,0,244,136,1866,454,320,49,122,136,282,312,360,467,161,391,304,322,592,1606,155,79,1630,258,414,134,369,415,214,26,156,1163,32,385,35,242,169,307,167,106,111,577,257,171,146,246,346,163,442,166,367,62,341,648,2116,4583,186,548,352,519,1123,234,684,100,625,358,333,200,511,554,654,551,432,213,67,549,361,0,728,452,69,326,619,358,1533,190,617,138,756,231,168,102,301,122,405,1102,0,5450,520,81,1438,98,25,485,228,68,313,183,2144,81,73,166,881,55,57,882,144,40,354,61,700,110,420,522,480,2561,470,77,1336,210,1094,181,880,103,695,408,132,102,724,193,823,121,141,665,141,799,1062,163,144,825,257,1665,1250,287,148,299,131,166,83,2869,996,63,81,356,384,198,283,69,145,173,206,326,259,409,212,35,540,108,55,1238,308,198,666,150,285,114,1900,103,103,92,0,47,80,85,431,1369,0,306,609,1319,141,635,258,0,104,378,313,224,67,361,1683,304,129,141
159,0,0,0,0,0,0,0,0,67,0,0,0,0,0,0,45,0,0,0,0,322,0,0,0,100,0,0,0,0,0,0,0,0,0,54,0,0,0,0,27,0,0,0,0,0,28,0,202,0,55,0,56,16,0,102,0,0,0,0,0,148,37,0,28,0,26,0,0,0,0,0,0,0,0,0,47,0,0,0,0,0,0,52,75,31,0,0,0,0,152,42,0,32,46,0,0,0,0,0,0,0,0,0,0,0,0,0,0,27,120,24,0,66,0,0,0,0,0,0,52,0,91,0,0,0,0,0,38,0,26,0,84,0,0,0,207,0,0,0,64,0,0,0,0,0,0,0,0,0,0,0,0,51,75,44,0,21,0,88,0,74,0,48,0,45,0,0,48,37,172,150,0,0,0,0,0,0,212,0,0,0,0,0,0,0,0,0,0,0,0,0,0,46,0,0,0,0,0,0,0,103,0,0,50,0,0,0,0,0,0,52,22,0,0,0,0,61,0,0,0,118,0,0,68,0,0,0,112,0,28,0,0,0,0,0,0,0,143,0,0,0,0,0,0,0,44,0,0,0,57,0,86,0,0,0,0,0,0,0,118,0,0,0,0,0,0,149,35,422,0,0,0,142,0,70,0,0,53,130,0,0,0,38,0,0,53,52,575,21,69,0,152,0,0,0,0,0,42,0,0,0,77,0,0,226,98,0,0,0,0,91,0,0,0,0,0,0,0,0,0,0,0,0,0,0,0,137,0,0,0,0,0,57,67,53,0,0,0,0,0,0,0,0,0,0,0,0,0,242,0,0,0,119,48,0,22,0,103,0,41,54,0,0,58,163,34,0,0,0,98,0,0,0,0,52,0,0,0,48,0,0,34,0,0,176,0,38,0,0,0,0,167,0,0,0,0,30,0,0,0,0,0,0,0,0,0,14,0,0,0,0,60,0,0,0,160,0,143,0,0,63,0,0,0,0,66,0,0,0,0,0,0,0,0,0,0,61,18,64,0,0,0,0,0,91,0,0,0,0,0,0,0,0,0,0,0,0,0,0,0,0,0,0,0,0,0,0,0,0,0,0,0,0,0,0,66,206,0,0,35,0,129,50,0,0,0,43,0,0,0,0,0,0,0,0,0,0,35,0,0,0,0,202,0,80,131,80,0,0,0,0,0,0,0,0,39,0,0,0,0,0,0,0,82,0,27,47,165,0,0,0,0,0,31,0,0,0,0,0,0,0,51,0,17,0,0,0,0,0,35,0,0,0,8,0,16,0,0,0,139,229,0,0,0,80,0,0,0,0,0,0,0,0,0,0,0,0,0,0,39,59,0,0,181,0,0,74,0,0,0,76,0,0,0,0,0,0,0,0,0,17,26,49,19,74,0,87,0,0,0,0,83,77,0,0,0,0,0,0,0,0,0,18,0,0,92,0,0,0,104,0,0,0,0,0,0,0,0,0,0,0,0,0,0,83,0,0,0,0,0,0,0,0,0,0,44,50,0,57,0,0,0,0,0,0,0,0,0,49,0,0,0,0,211,0,33,0,214,0,0,0,25,0,0,0,0,0,0,0,31,0,0,0,0,0,107,0,195,0,0,0,0,0,31,0,0,64,49,0,0,164,0,0,0,0,0,0,0,0,206,0,0,236,0,0,0,0,0,0,87,0,0,0,0,0,0,0,104,0,0,0,351,31,0,0,0,0,0,0,0,0,0,0,0,0,0,0,0,0,0,0,0,0,0,29,0,0,0,0,0,0,0,0,0,61,0,0,0,0,48,0,0,0,0,0,0,0,0,58,0,0,0,0,0,0,0,0,40,0,0,0,0,0,297,34,0,0,0,0,0,0,0,86,0,0,0,0,0,0,0,0,0,24,0,21,0,0,0,0,80,0,0,46,0,0,0,0,0,0,0,0,0,0,0,0,0,12,0,0,0,0,0,0,0,0,0,105,0,104,0,0,0,0,0,0,0,0,0,0,0,0,0,0,0,0,0,0,0,0,0,0,60,0,0,0,0,0,0,0,0,0,0,0,24,62,0,0,0,0,0,129,0,0,0,0,0,0,47,43,26,0,22,0,0,154,0,0,36,0,0,0,0,0,0,24,0,0,0,0,0,0,0,0,41,0,0,90,0,0,0,0,0,55,0,0,0,0,0,0,0,0,0,47,0,0,0,0,126,0,0,91,0,0,0,0,0,51,29,29,0,0,0,0,0,0,0,0,0,0,0,49,0,0,42,35,0,43,194,0,812,0,0,0,0,0,0,0,0,0,0,0,64,0,0,35,0,24,0,0,0,25,0,0,0,0,227,77,0,0,0,0,0,0,0,0,57,0,0,0,0,0,0,0,0,46,0,0,99,0,102,0,49,0,0,0,0,0,0,0,0,0,0,20,0,0,0,23,138,0,0,45,31,0,66,126,158,34,86,0,0,0,0,38,0,0,0,0,0,45,0,0,0,0,75,0,0,0,0,0,0,171,0,57,0,44,0,0,0,0,0,0,0,0,0,0,0,0,0,40,0,36,0,0,0,0,91,0,0,105,0,0,0,0,25,0,0,0,0,94,0,0,0,151,0,0,0,0,0,0,0,0,0,0,0,0,0,0,51,0,0,0,75,22,0,0,40,0,93,0,0,0,117,110,0,32,39,0,102,0,0,0,0,0,80,0,0,221,0,0,0,0,0,0,0,0,12,0,0,75,0,64,70,0,153,0,0,0,0,0,0,0,0,0,69,0,0,0,0,0,150,0,0,0,99,0,0,0,0,0,0,0,0,0,0,0,0,0,0,44,0,0,0,62,22,0,0,0,0,0,0,59,0,0,0,0,0,0,0,0,0,0,0,0,0,0,0,0,0,31,0,0,0,0,0,0,0,0,0,0,0,63,0,0,0,0,0,0,0,0,0,0,0,0,0,0,0,0,0,0,34,22,0,0,0,0,0,0,0,0,0,101,0,0,0,0,0,0,70,55,0,0,0,0,34,0,0,31,0,0,0,0,0,620,0,0,0,0,0,15,64,0,0,0,0,0,0,60,0,0,0,0,0,0,0,0,0,0,0,0,0,0,0,0,39,0,0,0,0,0,0,0,0,0,0,0,0,0,0,0,0,0,0,51,28,0,0,0,0,0,0,0,0,0,0,106,0,0,29,0,0,0,66,0,0,0,0,0,0,0,74,0,0,0,51,0,0,0,0,25,0,0,0,0,0,38,0,0,0,0,0,0,35,0,0,0,0,0,0,123,0,0,0,0,0,0,99,0,0,106,0,0,0,0,0,0,0,0,0,45,0,0,0,84,0,0,0,0,0,50,25,0,0,0,0,0,0,0,0,0,0,0,0,65,0,0,0,0,0,0,0,0,0,80,31,0,0,0,0,0,0,0,86,0,0,0,0,0,31,0,0,0,0,0,0,0,0,0,0,150,47,0,0,0,0,0,0,0,44,0,0,31,0,0,0,46,0,0,0,0,0,0,0,0,0,29,0,22,0,161,0,0,0,37,0,43,0,111,41,0,0,0,0,118,0,131,0,0,0,71,0,0,0,0,0,0,0,229,0,0,42,0,0,0,0,215,0,0,0,0,36,0,0,0,0,0,62,0,0,15,0,0,46,0,0,0,28,0,99,0,35,0,0,0,77,0,0,23,0,0,0,0,0,0,0,0,0,0,0,0,0,0,58,0,0,24,0,0,0,0,146,0,0,34,0,0,0,0,0,0,29,0,49,0,0,62,145,0,0,0,0,22,0,0,0,0,51,0,0,0,0,0,220,0,0,0,0,77,53,34,0,56,0,0,0,104,0,0,0,240,33,135,0,0,0,0,0,0,0,57,0,0,0,0,0,0,0,0,0,0,0,0,0,0,0,0,0,0,69,0,0,0,0,52,0,0,0,59,0,0,0,0,0,0,0,43,346,75,0,0,0,0,55,0,46,91,0,0,0,0,0,0,0,0,47,108,0,0,0,0,0,0,0,0,53,73,0,0,166,0,45,0,0,0,85,0,39,0,0,0,0,0,0,0,0,0,0,44,0,0,0,0,50,0,0,0,0,0,39,0,175,0,23,0,0,19,30,0,0,25,0,0,0,0,0,56,0,53,0,0,0,0,0,0,0,0,0,0,0,0,0,83,0,0,0,44,0,0,0,0,0,0,0,0,0,0,0,37,0,0,103,0,0,0,0,0,0,0,0,0,0,32,0,0,19,55,0,28,25,0,0,0,0,0,0,0,23,0,0,0,0,0,0,0,0,0,0,77,0,70,0,0,0,0,114,0,0,0,40,0,0,0,0,0,0,44,58,0,0,0,43,41,0,55,72,0,0,0,0,29,0,0,0,0,0,0,0,0,0,160,0,0,28,0,0,123,0,0,189,0,0,0,0,0,0,0,112,56,56,0,0,0,0,0,0,0,0,0,72,0,0,0,45,0,0,0,0,0,0,0,0,0,36,0,0,90,0,0,75,0,0,0,0,47,0,0,0,0,0,58,0,0,87,0,0,25,0,0,0,0,0,0,76,0,49,0,0,49,0,0,0,0,0,0,0,0,23,0,48,58,0,0,0,0,0,0,0,47,61,0,0,0,0,0,0,0,0,93,58,70,0,0,0,0,0,0,0,0,0,0,0,0,0,0,12,0,0,0,0,26,0,0,0,0,0,0,0,0,0,0,0,0,0,0,0,168,0,0,0,196,0,0,0,0,0,0,0,0,0,66,0,0,0,37,0,0,81,0,0,0,0,0,0,19,0,0,0,73,0,0,0,0,0,0,0,0,0,0,0,0,21,0,33,0,0,0,0,0,0,0,0,0,0,29,0,0,22,0,0,0,0,85,0,0,0,0,0,45,0,0,0,0,0,0,0,0,0,0,37,52,59,115,35,0,0,0,0,0,0,0,0,0,0,56,0,0,0,27,0,0,0,0,21,0,0,62,0,0,0,0,76,189,0,0,65,0,0,0,0,0,0,0,0,191,35,0,0,0,101,0,0,63,0,0,0,0,93,0,0,27,0,0,0,0,0,100,20,29,0,0,0,0,30,0,0,35,57,0,0,0,0,0,0,0,0,0,0,0,122,0,0,0,0,0,0,0,0,0,0,0,0,0,0,0,40,0,0,0,0,0,0,0,124,0,0,0,0,0,0,33,0,0,51,0,0,0,41,0,0,0,29,0,0,0,0,0,0,0,0,0,67,0,0,87,0,0,0,0,0,87,0,0,0,0,0,0,0,0,0,0,0,0,0,78,0,115,0,0,0,0,0,0,0,0,0,64,80,0,0,0,0,96,0,0,0,0,45,0,0,0,77,59,0,0,0,40,0,0,0,61,0,0,0,0,0,63,0,0,0,0,0,0,45,34,0,0,69,0,0,0,66,0,129,0,0,0,109,0,0,54,0,0,0,0,0,0,0,0,0,0,0,0,0,0,0,0,0,0,0,0,0,0,0,0,0,105,0,0,208,0,0,0,0,0,126,0,0,0,45,0,0,0,0,0,19,0,74,0,0,0,0,0,0,0,0,0,46,0,0,0,0,0,23,109,0,56,0,0,0,0,0,0,0,74,0,0,0,19,45,23,0,31,32,0,0,0,0,0,0,0,0,0,0,161,56,0,0,0,39,0,0,45,0,0,63,0,0,0,0,0,0,0,0,0,0,0,0,0,63,45,0,0,0,0,0,37,0,0,0,0,0,0,0,0,0,0,0,0,0,0,0,0,87,66,0,0,0,0,0,0,0,0,0,0,34,0,0,0,0,31,0,0,0,0,0,0,0,0,0,0,0,0,0,0,0,0,0,0,0,0,54,0,0,46,0,0,0,0,74,52,0,0,0,0,0,0,0,0,128,0,0,0,0,0,0,0,0,0,0,0,0,0,0,71,32,145,0,88,0,55,0,94,0,0,0,0,41,0,0,0,0,281,0,0,0,0,0,0,0,0,0,0,118,0,0,0,0,0,0,0,0,55,28,0,0,254,0,91,0,0,0,47,87,0,32,0,0,0,0,0,0,0,0,0,0,0,0,0,0,0,43,80,0,36,0,0,0,0,0,0,0,0,0,0,0,0,0,0,0,0,0,0,32,136,0,0,61,0,0,0,0,0,0,0,0,0,0,0,0,0,0,0,0,0,0,0,0,0,0,0,0,0,116,0,0,0,0,0,0,0,70,0,0,0,0,37,0,0,0,0,0,0,0,0,0,0,0,0,0,0,0,171,0,232,0,50,0,0,0,0,0,0,43,207,35,14,37,0,38,0,0,0,31,0,0,0,27,0,0,0,0,0,28,0,0,0,0,0,0,0,0,0,0,110,0,38,0,0,0,0,0,0,0,0,73,0,0,0,79,0,0,0,47,51,0,0,0,0,0,0,0,0,0,0,0,0,0,0,0,0,0,0,0,0,0,0,28,59,0,0,0,0,37,287,278,0,0,56,73,0,0,44,0,75,37,0,0,70,101,0,0,0,0,0,0,8,0,0,46,0,0,0,0,250,0,43,0,118,0,0,0,0,0,0,90,0,222,0,0,81,0,0,0,0,0,0,24,84,0,0,0,45,0,0,0,0,0,0,0,0,0,0,0,48,346,38,0,48,22,99,0,44,0,30,68,0,0,42,0,139,0,0,74,0,0,0,0,0,0,0,125,0,0,0,0,0,0,0,204,34,0,0,8,0,0,0,0,0,0,0,0,0,34,0,0,0,0,0,0,95,0,32,0,0,0,350,0,0,0,0,0,0,0,55,57,0,0,0,51,0,100,0,0,0,0,0,0,0,0,0,0,0,0
160,0,0,0,31,0,66,14,0,73,13,287,32,0,0,136,258,219,39,0,24,197,41,0,39,140,0,0,113,0,0,0,36,0,0,56,0,0,97,94,50,0,0,0,289,0,42,41,265,0,88,28,0,93,0,212,0,0,0,0,0,97,116,49,0,0,46,0,32,0,244,0,0,0,0,36,137,0,365,0,130,0,0,105,298,47,0,0,63,0,243,31,0,110,99,0,57,0,23,0,0,0,0,92,0,0,0,0,87,42,194,0,0,153,82,0,0,106,24,0,231,0,327,53,0,31,0,0,112,0,0,0,422,29,62,0,174,0,25,0,93,61,0,425,0,0,37,58,0,119,0,0,161,42,134,43,0,102,0,191,133,42,0,43,57,77,0,43,165,191,158,145,0,91,0,59,50,26,152,70,12,70,0,39,24,51,46,191,177,0,0,0,26,0,47,0,64,0,0,172,0,83,59,0,174,0,0,0,0,90,117,99,21,62,0,0,0,65,0,26,107,122,66,0,364,0,0,0,258,0,65,0,0,0,0,0,0,0,0,61,0,150,55,75,76,0,120,0,0,0,0,40,390,61,121,0,72,0,37,0,136,42,0,0,0,0,0,251,41,291,0,0,0,409,53,88,43,0,476,111,28,0,0,153,49,36,43,365,1553,50,83,0,225,0,0,39,24,50,90,0,0,0,43,39,0,189,0,110,0,78,47,471,73,0,0,27,81,0,0,34,0,0,0,0,140,47,0,99,0,0,340,0,36,47,39,39,0,0,0,77,0,0,0,73,109,0,0,0,52,386,133,33,20,71,291,0,53,54,362,130,54,28,54,0,39,208,276,107,56,0,45,0,45,0,0,133,188,0,0,0,51,0,48,0,0,688,0,69,102,0,32,0,325,0,82,43,487,39,133,246,0,0,76,0,36,58,33,44,0,0,45,0,49,0,0,0,147,92,189,107,0,155,28,0,97,49,70,0,205,0,0,0,0,0,52,0,0,33,0,101,0,0,244,47,78,76,144,0,0,0,0,0,130,0,54,0,68,0,0,19,270,0,167,101,0,47,0,27,0,0,0,0,124,75,29,73,136,52,100,104,172,0,119,68,95,0,0,44,67,166,147,0,9,122,0,0,67,137,108,0,0,79,56,325,0,55,140,0,0,0,52,0,0,0,0,0,86,0,85,52,31,0,240,112,71,0,0,49,116,0,0,0,0,0,77,0,0,0,0,0,40,42,283,0,0,0,55,0,34,152,162,0,0,50,0,60,0,0,0,41,95,291,0,0,0,111,0,0,0,44,104,104,0,0,0,0,0,63,0,44,29,74,83,0,73,0,179,54,0,0,0,211,0,0,0,0,0,137,0,52,35,0,0,77,43,45,60,114,54,50,0,0,134,317,91,0,0,53,0,75,0,0,0,0,31,0,25,0,0,56,119,0,0,0,0,41,0,0,28,0,0,0,106,0,39,185,0,58,0,194,141,0,0,0,270,0,50,57,0,87,36,0,33,0,0,160,32,33,0,32,116,0,114,0,107,0,34,0,122,0,0,0,0,0,103,0,57,0,31,0,34,0,0,0,71,0,112,27,0,0,0,85,0,71,58,0,52,0,83,0,45,58,225,0,0,0,0,0,0,0,185,88,0,192,118,58,35,45,0,0,96,66,0,0,79,0,0,0,163,61,25,47,191,105,0,65,0,0,65,0,43,67,0,0,143,0,0,0,0,60,0,71,0,0,0,0,0,0,0,86,97,61,76,0,0,165,39,0,0,0,54,0,72,0,0,0,0,74,90,241,0,0,0,0,0,41,0,26,57,24,0,0,20,0,135,0,0,71,58,0,50,0,194,69,0,191,0,0,0,37,123,0,187,0,0,0,39,0,0,84,97,0,0,0,0,0,52,34,0,0,0,0,321,0,121,0,0,59,0,0,120,0,138,0,0,0,272,84,48,132,0,0,0,46,0,0,0,0,0,0,0,0,0,0,307,47,32,0,0,21,0,0,39,0,0,0,0,81,0,0,34,172,0,120,75,0,128,0,0,0,49,138,0,0,0,41,20,0,58,208,0,0,81,0,0,366,0,55,0,0,48,105,0,0,40,65,0,0,0,85,0,40,0,0,77,0,0,148,81,0,0,52,0,139,0,0,0,0,0,62,0,0,56,76,0,0,71,0,312,0,33,41,0,73,212,78,0,75,0,134,0,54,0,213,0,0,0,62,0,0,0,109,0,0,67,83,273,0,324,0,825,96,0,0,0,0,0,0,0,0,84,0,100,0,0,179,0,68,211,0,32,0,0,135,0,80,394,153,24,61,0,0,36,0,27,0,82,52,52,0,0,61,0,0,0,151,0,149,852,50,116,0,111,88,0,0,86,32,13,0,0,0,0,71,205,0,0,0,185,0,0,130,49,50,34,285,68,0,239,0,98,89,0,57,0,56,0,47,0,93,0,0,0,0,297,0,0,0,60,66,0,195,0,70,0,86,0,43,0,0,0,0,125,0,21,0,0,0,0,59,31,0,63,344,0,0,83,43,0,242,59,60,168,0,62,0,0,68,0,52,0,0,148,0,0,0,0,90,80,0,78,0,32,0,0,0,0,34,46,0,51,113,104,71,90,0,0,33,82,43,0,45,98,108,122,0,0,0,103,58,77,0,0,88,119,0,51,277,99,0,0,0,0,0,0,197,211,0,0,79,0,248,80,0,139,0,28,0,0,0,0,0,45,46,118,0,0,34,36,0,131,0,0,77,52,0,55,0,0,0,0,0,0,0,0,0,0,0,0,136,0,0,31,0,57,0,45,0,0,37,0,98,0,83,70,0,0,0,46,0,0,0,31,0,0,0,0,0,0,45,0,0,43,0,78,0,0,54,0,0,98,129,0,0,0,0,0,0,0,31,56,55,0,0,71,37,0,0,0,0,59,0,0,40,0,0,0,0,0,0,0,58,0,0,0,29,60,0,40,148,0,0,87,0,105,0,0,183,0,0,103,0,0,86,0,52,0,0,45,0,182,0,0,56,44,95,0,104,52,0,0,0,0,0,34,150,0,0,0,0,0,33,0,0,127,63,0,0,0,0,62,0,0,149,0,0,0,104,91,28,112,0,0,153,30,0,0,29,0,59,0,0,0,48,0,198,0,0,0,103,0,319,64,0,100,0,0,0,0,0,0,36,37,97,52,81,42,85,0,50,0,0,121,0,0,96,50,0,0,0,0,0,109,49,80,36,0,0,0,183,41,0,0,37,0,37,0,0,0,196,0,0,112,0,0,0,0,0,36,93,43,0,0,195,64,0,78,75,0,102,206,0,0,0,0,0,55,0,28,34,0,0,55,66,61,0,0,0,0,71,34,69,0,164,145,0,0,0,47,0,0,0,136,33,84,126,0,0,0,100,0,28,95,0,0,40,0,0,39,148,32,0,69,48,23,159,0,56,0,0,0,99,0,0,0,62,78,0,80,119,0,0,0,0,0,47,0,141,0,145,152,0,0,251,121,0,0,0,47,194,0,0,127,219,0,82,46,0,33,45,0,49,0,214,0,0,231,269,0,0,91,50,0,65,219,78,0,41,46,24,0,23,0,102,0,0,272,0,0,34,0,60,75,0,0,0,0,0,115,0,27,0,0,0,29,0,23,257,277,0,0,0,85,36,80,0,73,47,0,33,0,0,525,0,0,28,0,0,26,0,53,87,68,130,68,0,45,0,0,66,39,55,32,52,26,50,101,0,0,0,31,89,32,0,55,27,77,0,0,0,0,0,275,62,0,0,0,189,0,133,0,30,0,145,0,411,0,13,39,40,0,245,63,84,0,0,170,0,0,66,0,224,28,137,30,89,110,0,0,0,0,34,47,30,40,448,0,0,286,0,0,0,66,50,0,0,95,32,0,0,0,0,0,0,52,338,263,0,102,66,0,22,0,0,34,114,0,0,0,0,0,196,0,0,0,102,0,134,0,25,0,0,91,121,52,82,0,65,195,66,609,0,18,0,47,0,202,39,0,0,145,0,0,0,0,0,0,0,29,0,463,110,0,0,0,0,0,0,91,0,0,0,90,208,0,0,0,0,0,0,0,0,0,0,0,0,0,0,0,49,27,0,0,0,43,0,61,0,0,0,0,186,0,81,0,0,0,195,0,0,183,0,0,0,0,0,42,0,23,46,42,0,0,0,0,0,0,0,0,0,0,0,0,0,31,109,67,0,0,0,0,0,0,32,0,81,0,102,0,56,46,0,0,175,0,0,43,62,0,56,32,0,0,0,57,45,0,0,77,0,52,23,0,0,36,43,308,0,0,0,128,0,39,77,0,0,0,0,49,198,0,0,106,0,0,0,0,0,160,68,0,35,0,0,0,199,0,24,78,0,39,0,0,60,29,0,60,40,107,0,87,0,0,0,0,59,0,0,0,0,0,77,0,135,256,33,35,0,0,0,0,125,55,43,0,218,0,0,0,80,94,0,241,58,0,0,0,0,0,161,148,0,189,43,0,92,0,0,0,42,0,0,0,0,68,0,0,229,27,0,0,0,37,0,0,0,0,27,171,97,0,0,224,0,0,0,0,193,530,0,0,0,0,0,0,160,0,0,251,0,48,0,83,0,0,0,0,73,85,89,0,0,0,33,0,60,0,0,0,0,0,43,0,0,0,0,0,82,0,0,79,169,0,0,0,224,80,0,0,627,0,25,0,0,0,0,0,33,0,0,0,0,0,0,0,0,34,35,0,0,0,55,0,43,0,0,0,105,19,72,0,84,0,38,66,93,0,115,34,0,0,54,81,40,57,0,0,0,0,0,0,0,0,59,116,58,125,148,0,0,0,0,25,59,0,0,0,84,37,45,31,44,28,0,0,0,65,50,0,107,64,511,42,0,0,0,0,96,123,0,0,0,0,561,75,78,0,0,314,0,58,0,0,0,0,0,0,37,25,0,299,455,0,0,145,0,0,0,0,107,51,0,0,182,0,0,46,0,433,22,0,76,53,0,0,0,120,0,160,0,0,54,0,0,136,135,44,96,106,23,0,0,45,72,0,0,0,0,52,0,0,92,79,0,0,66,0,0,1190,0,181,51,40,43,0,116,215,0,0,0,0,0,0,0,128,0,0,26,0,169,0,0,453,0,23,0,0,0,0,57,0,0,128,0,110,149,63,0,0,80,0,0,0,0,0,0,26,0,0,0,74,0,64,297,0,0,145,0,0,0,108,27,0,43,0,0,0,0,0,0,0,15,14,0,0,59,0,0,67,0,0,102,0,0,226,0,200,45,325,44,33,109,0,0,0,0,76,62,94,155,174,0,0,0,0,0,0,0,0,57,0,41,0,52,71,1733,0,0,0,0,0,0,285,95,110,0,39,33,0,0,88,0,191,0,0,0,417,0,0,133,75,0,0,45,0,0,51,42,0,97,55,0,206,0,0,0,0,0,129,0,0,0,86,0,0,344,0,0,532,111,126,0,335,0,150,66,0,69,65,0,0,126,0,0,0,0,101,0,55,52,0,0,0,0,0,449,105,0,0,0,577,0,133,119,101,49,0,0,55,70,0,0,0,0,0,0,0,0,115,76,138,60,180,195,40,0,68,76,0,0,0,39,0,233,125,0,0,30,38,21,63,89,61,51,149,224,126,43,95,50,25,64,0,26,0,0,0,0,113,126,51,0,657,34,0,24,0,0,46,77,0,32,167,213,0,0,0,0,45,36,0,0,102,641,75,0,0,63,0,0,0,32,144,54,67,108,54,33,0,72,272,25,0,0,0,46,28,0,75,176,38,0,50,0,0,101,0,75,0,0,362,0,52,107,0,58,39,81,130,124,73,0,66,0,0,34,47,0,494,77,0,0,147,135,48,0,0,48,155,118,181,0,0,328,50,239,60,242,0,0,118,277,0,106,89,0,148,103,0,50,0,275,0,161,0,0,58,0,69,0,0,72,103,0,37,51,113,49,0,250,0,76,185,100,0,537,0,267,34,229,0,57,208,0,81,0,179,0,43,0,0,104,0,0,0,0,39,64,0,61,69,337,0,99,0,0,54,0,0,76,0,51,0,68,175,147,0,64,0,0,83,0,126,215,0,77,260,0,0,0,0,0,0,0,0,0,0,0,0,31,75,0,0,0,0,0,0,0,0,0,0,28,52,0,0,0,0,0,0,0,141,0,33,0,0,34,54,0,0,0,188,0,113,125,73,0,0,38,0,0,0,112,0,107,0,47,34,0,0,0,0,41,27,231,73,0,45,0,63,0,122,0,66,0,0,0,0,0,30,0,93,160,0,0,0,0,0,0,0,0,0,0,0,176,0,0,0,0,23,0,0,60,0,0,0,0,0,72,66,0,0,0,30,117,0,22,0,0,0,0,0,0,0,0,50,0,52,0,0,0,53,0,0,0,0,0,0,0,0,0,0,102,227,325,395,33,0,0,140,0,0,256,0,47,38,0,0,0,41,47,0,0,0,0,0,0,0,81,0,0,0,0,42,179,0,0,0,65,0,16,0,0,0,12,75,0,220,62,0,53,0,0,47,0,0,0,0,217,0,0,0,67,0,0,43,0,0,0,0,0,0,0,50,0,393,0,0,40,0,105,0,97,0,34,0,0,0,71,0,0,0,0,33,0,119,0,0,0,0,0,91,80,0,0,0,0,0,0,92,51,0,0,0,0,0,0,0,0,0,0,0,0,0,27,0,44,0,0,0,0,0,55,0,0,0,0,0,0,0,0,0,0,0,0,291,0,133,59,0,0,0,0,0,0,0,0,0,0,41,139,0,0,0
161,0,0,0,87,76,77,30,0,126,0,193,51,27,35,141,150,159,0,52,0,346,0,97,139,221,0,0,53,29,0,0,76,0,0,240,234,0,76,217,50,41,104,0,291,0,0,38,428,27,189,0,168,100,0,314,0,0,0,30,0,106,130,264,0,0,93,0,0,0,361,0,78,51,0,108,154,0,322,49,206,0,58,267,132,136,0,0,78,70,403,43,95,126,179,0,0,0,56,47,0,0,0,186,38,0,59,0,219,80,350,54,68,201,114,46,40,62,0,0,152,0,282,49,38,96,0,51,100,0,64,0,281,0,138,104,276,54,51,42,235,89,154,203,0,0,41,0,59,93,0,64,73,55,151,190,0,181,66,138,280,90,0,110,55,126,73,0,295,126,252,344,0,57,0,0,41,65,256,52,50,229,0,56,59,65,61,601,202,0,0,0,123,66,143,0,123,33,0,115,0,128,255,0,602,0,73,34,71,96,74,180,79,71,42,89,69,87,0,30,145,229,0,28,225,0,17,206,410,0,78,0,0,0,0,0,73,108,190,39,0,128,87,52,93,0,186,26,49,0,103,99,193,77,221,69,93,0,0,106,533,99,54,56,0,0,0,246,148,344,0,0,135,211,69,144,74,0,846,256,129,0,88,95,61,59,84,176,1735,0,87,79,273,0,0,56,0,88,65,21,0,36,35,46,46,642,56,289,0,155,130,429,106,0,19,103,96,142,134,114,64,58,38,0,222,149,46,56,0,25,300,0,204,96,44,158,0,0,34,45,0,0,0,97,139,0,0,32,139,568,264,98,0,84,261,30,77,81,199,95,0,68,123,0,82,70,615,56,54,0,82,59,56,64,61,98,137,0,0,126,95,0,0,0,88,573,102,277,115,0,40,0,723,30,71,86,827,0,73,115,0,0,217,24,0,85,64,0,40,62,150,34,0,54,0,0,28,143,253,158,0,80,142,0,72,131,107,44,141,33,0,0,37,0,111,38,50,51,0,95,27,0,277,110,228,0,536,133,0,68,0,0,300,0,123,0,93,50,0,30,161,52,212,82,0,38,65,57,46,78,40,68,554,85,86,30,247,35,305,105,138,0,153,61,132,0,0,0,98,347,388,33,38,89,51,87,102,286,185,0,0,256,0,200,79,0,56,48,111,0,73,77,39,55,0,0,242,64,69,98,124,43,185,214,42,0,73,170,97,0,0,0,0,0,64,73,0,0,0,111,37,206,245,33,0,0,0,0,148,400,217,75,21,81,106,30,0,49,131,121,90,161,0,0,38,465,31,0,21,62,337,228,0,0,41,66,0,296,0,80,171,0,253,0,197,0,578,483,65,0,42,642,0,92,0,0,0,98,0,25,18,44,54,70,63,148,84,212,80,63,0,0,399,402,152,0,0,156,0,125,50,40,0,21,117,18,114,0,0,149,219,0,36,0,0,0,71,137,0,0,0,0,222,0,0,274,0,98,0,219,240,41,0,0,483,0,93,86,77,135,128,95,56,17,38,231,0,72,0,48,212,39,189,0,232,39,58,69,259,0,0,0,0,0,66,0,55,0,149,0,197,0,104,0,46,0,167,0,390,35,25,61,0,83,98,31,45,133,106,81,0,295,359,24,0,0,0,52,21,56,295,158,95,511,364,253,103,116,0,0,157,175,63,48,98,0,0,55,308,100,159,0,264,198,0,150,0,0,115,0,0,51,52,36,60,0,0,61,0,0,61,75,0,47,0,32,0,33,0,314,217,182,54,0,0,350,79,48,35,80,135,74,146,0,0,0,168,95,56,653,0,0,55,23,0,0,0,65,48,95,44,92,49,73,371,68,103,0,93,0,52,31,278,221,32,245,39,0,0,81,300,0,424,57,0,0,0,0,0,171,310,0,23,65,0,0,105,0,0,0,0,45,520,0,142,92,0,107,103,0,244,0,103,44,0,0,422,424,0,243,49,0,49,0,61,97,0,0,42,0,0,60,0,88,222,263,31,39,0,69,65,59,63,0,50,79,0,138,0,54,133,214,54,63,229,101,259,45,35,39,74,175,0,87,0,0,0,173,111,147,202,0,36,55,0,374,112,109,121,0,126,81,119,0,0,99,68,0,0,0,82,59,0,21,0,0,87,69,155,0,0,113,0,84,24,250,0,39,74,41,51,0,82,82,25,0,86,0,290,0,0,38,32,96,82,76,0,155,0,217,83,53,0,268,55,62,0,436,44,0,0,338,0,0,0,146,351,0,236,0,331,92,44,97,87,0,0,0,17,76,0,0,109,0,0,294,69,90,367,284,0,59,0,181,0,265,692,243,55,104,0,0,106,0,60,0,203,62,67,0,20,97,0,0,50,115,0,115,1022,72,67,61,225,74,81,37,186,93,58,0,0,0,75,0,512,0,82,119,57,78,0,226,64,36,114,345,805,126,381,0,213,45,51,154,0,22,34,0,0,0,0,71,0,99,206,0,0,55,66,27,0,52,43,105,120,0,48,90,0,0,47,37,72,0,0,38,157,25,0,68,82,172,102,168,0,86,312,59,0,360,0,106,196,0,0,0,34,77,57,138,0,0,180,410,0,0,0,78,70,0,33,0,0,0,0,15,51,216,0,77,61,55,147,89,158,0,63,65,215,66,0,51,228,212,161,74,62,0,213,25,97,0,0,39,236,22,65,79,139,0,49,0,0,15,80,224,584,60,0,100,0,437,85,0,233,38,52,0,0,23,0,46,66,0,89,0,39,151,0,0,161,0,64,112,101,32,79,104,0,177,61,30,0,0,0,0,0,0,0,200,0,0,49,103,88,0,39,0,0,57,79,121,0,89,158,0,41,0,0,0,39,0,0,30,0,0,104,0,0,0,0,38,64,0,78,0,0,44,48,135,149,98,0,25,0,0,33,0,50,0,96,88,0,0,82,51,0,0,32,0,0,70,78,145,0,0,29,43,0,68,0,301,32,0,17,70,53,0,326,176,71,0,152,0,125,41,0,166,211,48,182,35,0,519,0,118,0,38,47,0,177,0,65,55,43,92,0,144,87,0,0,0,95,0,0,348,0,0,0,81,0,101,0,84,131,0,0,28,0,56,44,0,34,117,0,0,0,783,517,0,170,0,62,149,218,0,0,93,36,169,34,0,73,68,0,267,46,92,66,484,0,364,161,0,275,0,0,31,0,0,81,47,48,97,52,321,79,213,29,325,0,0,101,0,0,74,85,28,116,59,0,0,63,61,148,0,50,76,37,617,99,45,78,157,0,0,166,0,0,244,0,0,152,0,0,46,157,0,64,149,51,0,0,156,97,61,122,32,0,165,172,0,0,77,0,34,34,0,32,90,0,91,27,56,132,45,45,0,33,139,33,0,0,196,154,114,42,0,0,31,0,0,114,48,106,175,27,0,41,79,0,40,50,29,0,78,0,0,79,0,0,0,0,88,66,137,0,65,117,0,32,199,0,0,0,102,59,0,112,26,38,0,0,0,18,149,0,100,0,215,136,0,0,179,262,0,32,65,79,25,0,50,0,290,0,162,29,19,72,96,0,66,76,142,0,42,0,303,0,0,139,95,0,60,119,292,0,60,0,46,0,0,0,135,0,37,637,0,107,44,0,37,54,0,50,47,0,0,156,0,0,0,26,0,110,0,42,181,156,48,0,70,0,0,36,0,74,90,56,0,0,38,191,29,0,31,32,38,70,0,187,179,109,90,50,0,68,21,0,49,0,53,121,54,0,68,222,70,0,0,72,247,25,0,0,0,244,0,0,0,0,0,30,59,43,0,0,271,92,63,31,0,18,88,33,212,0,0,0,269,0,509,40,40,34,0,72,63,0,49,0,0,45,74,69,60,144,0,0,0,50,26,0,0,85,371,0,0,423,40,0,0,154,0,0,0,143,0,30,25,0,0,0,106,80,151,263,59,54,57,0,40,60,24,52,22,0,0,44,0,0,156,0,0,39,288,0,97,25,33,45,0,185,0,73,0,39,0,339,60,399,0,0,0,101,0,137,0,54,66,90,42,0,48,0,0,0,41,0,0,294,61,37,0,0,0,0,0,158,0,748,0,58,0,0,45,0,44,0,219,63,0,0,0,0,0,0,94,0,110,0,0,0,0,0,0,32,0,127,0,0,63,0,84,0,0,63,111,75,0,31,30,0,0,0,0,110,0,49,80,87,0,43,38,0,37,35,0,52,0,0,39,51,49,61,133,0,77,0,34,0,0,0,69,0,0,0,110,0,13,53,0,0,371,0,37,40,113,0,175,0,0,0,0,103,77,31,0,72,0,0,0,49,0,0,87,77,0,0,0,107,56,99,62,170,0,0,0,72,61,0,0,100,89,0,0,0,31,77,132,27,39,51,0,0,335,0,0,225,0,0,0,0,72,62,0,149,83,316,0,0,38,0,0,0,106,0,46,125,31,37,93,81,88,354,0,0,0,0,0,106,136,133,0,61,138,0,0,173,110,120,0,266,0,48,0,0,0,28,124,310,177,124,0,0,42,19,0,0,63,0,0,58,0,44,0,0,0,0,0,0,0,40,26,0,0,216,0,0,143,0,39,309,42,0,0,0,103,37,0,0,0,0,0,0,140,60,183,0,108,67,99,71,0,0,0,0,42,104,185,0,0,34,0,123,36,141,0,0,73,0,43,0,88,0,0,0,99,0,0,40,62,0,0,0,159,0,0,0,899,0,41,0,0,0,0,145,66,0,122,376,0,0,52,0,0,0,16,0,0,28,81,0,71,0,43,109,333,40,44,0,59,0,0,0,169,0,136,0,0,149,59,133,46,0,0,39,41,0,0,56,0,51,0,64,61,47,128,32,0,0,0,156,35,0,67,0,51,38,0,111,0,0,0,0,0,0,0,0,143,229,339,98,0,0,0,0,0,122,23,0,0,0,172,45,196,0,37,270,0,46,0,38,0,44,59,0,0,56,0,272,195,0,0,28,42,0,0,0,0,38,172,47,408,78,56,0,0,48,0,0,148,66,0,37,26,113,14,143,43,0,37,0,8,99,148,0,302,70,0,0,0,27,57,28,113,34,0,0,0,0,31,50,0,43,100,0,0,898,0,55,0,33,0,0,36,0,0,25,41,21,54,0,36,78,0,0,0,0,130,41,52,138,0,0,0,28,0,0,0,0,0,73,102,158,0,0,0,0,0,43,82,0,87,25,0,39,45,26,0,160,38,0,223,0,0,0,68,0,110,0,179,0,0,0,44,0,0,0,0,94,0,0,87,26,194,204,0,51,0,0,156,0,73,30,46,20,83,286,90,0,105,0,0,0,0,40,57,0,98,33,71,0,0,114,82,0,0,0,0,35,24,24,105,50,1788,0,0,0,0,45,42,0,61,87,53,134,0,0,0,0,0,115,276,79,0,120,0,0,52,0,58,0,0,0,0,0,62,68,51,0,0,213,0,0,0,0,0,0,57,0,0,0,0,56,759,0,0,299,0,0,0,39,0,0,61,0,172,36,0,0,92,0,0,150,0,285,51,0,0,0,0,0,0,15,114,31,0,0,0,66,0,97,102,162,56,0,0,0,0,50,0,0,306,0,0,45,0,102,78,76,89,0,250,0,0,0,0,0,0,0,140,0,431,181,0,16,0,62,74,0,70,0,0,171,50,0,0,0,0,0,27,0,87,0,0,0,25,77,29,0,0,85,0,0,0,0,0,21,37,0,54,0,120,0,0,0,42,0,67,0,0,0,268,39,0,0,47,0,0,22,0,124,0,74,167,0,0,0,33,180,0,0,0,0,29,0,0,0,37,0,0,43,0,0,93,0,88,0,0,47,0,0,0,0,38,61,44,132,76,76,0,85,0,30,87,53,67,304,85,0,0,79,0,118,0,0,54,0,0,0,0,0,210,0,293,43,0,56,79,103,121,0,60,0,0,106,0,48,0,0,159,0,0,0,0,0,21,185,0,0,0,566,0,0,45,28,57,0,144,0,33,125,0,0,352,0,188,0,168,0,0,174,0,65,79,31,32,0,0,0,39,27,0,114,69,0,34,0,104,67,16,0,68,59,0,167,0,0,19,31,44,0,0,233,67,0,24,0,0,45,33,49,122,0,0,0,0,0,0,56,100,179,0,0,80,95,0,44,29,142,26,0,0,95,0,38,216,71,0,73,107,165,58,0,0,47,0,0,0,0,0,43,40,0,70,106,0,31,0,76,0,113,45,75,89,106,94,144,0,0,0,48,367,30,82,54,0,0,0,0,0,67,265,50,0,36,42,95,16,81,0,68,36,0,0,36,0,26,0,0,205,144,0,23,0,0,0,83,0,0,58,0,31,75,63,0,0,35,0,45,79,22,37,79,33,72,69,153,36,0,281,73,118,0,0,0,28,0,0,268,0,42,0,32,0,77,34,0,46,81,20,0,0,42,70,0,90,0,0,0,53,119,503,1343,27,126,56,113,213,0,167,0,109,55,0,0,90,118,121,73,0,0,0,24,0,0,162,48,0,78,67,0,246,0,156,0,223,0,0,0,0,27,46,49,0,415,66,0,25,0,0,0,53,0,93,73,117,0,0,0,46,0,0,47,0,0,42,0,0,0,87,157,0,589,88,0,106,42,195,23,118,0,0,62,0,0,191,0,166,31,0,80,0,58,238,0,0,87,40,334,34,0,0,0,23,0,0,53,67,0,0,0,52,0,0,0,49,51,0,0,0,117,0,0,0,0,0,241,63,0,78,45,39,0,407,0,0,0,0,0,0,0,72,192,0,63,105,124,0,81,61,0,23,0,0,55,0,77,460,27,0,39
162,0,0,16,61,60,52,39,0,0,0,285,0,0,0,177,496,279,0,56,0,0,65,71,53,0,0,0,95,0,0,0,99,0,48,229,161,0,0,186,216,0,94,0,127,0,43,0,98,0,210,53,114,61,0,101,63,0,0,27,0,77,47,388,0,88,124,50,0,0,230,0,38,0,0,532,87,0,245,50,131,0,14,112,318,48,0,0,44,48,121,44,61,59,106,54,71,0,61,0,0,0,0,137,0,0,39,51,146,84,218,95,54,73,127,77,37,218,0,0,303,38,154,0,0,0,0,0,72,0,187,28,315,0,97,35,0,65,54,0,114,59,156,396,0,0,53,77,86,124,0,41,154,29,51,140,33,141,0,229,183,0,0,122,42,101,62,44,0,232,167,55,46,73,0,43,0,37,0,69,47,383,0,0,0,32,104,429,161,0,0,0,77,57,305,49,121,56,35,108,60,0,211,0,289,44,31,20,53,232,211,75,59,67,0,213,0,87,0,0,224,187,42,0,308,0,0,161,332,14,70,0,0,0,0,0,39,72,107,70,0,115,0,45,0,0,145,0,44,0,0,56,273,93,124,52,47,0,40,79,410,161,130,47,30,0,0,254,137,216,0,0,113,229,81,0,66,0,387,111,110,0,84,236,112,67,58,352,1645,0,47,23,148,0,0,51,0,33,69,64,27,40,140,98,0,381,311,70,46,78,61,348,328,0,0,82,70,122,60,42,0,0,0,56,589,87,46,171,0,55,284,0,79,84,85,84,0,0,41,113,0,124,37,78,127,0,0,0,0,816,120,128,0,303,530,0,73,219,403,46,82,0,205,36,58,341,164,237,83,0,211,77,181,0,98,247,172,0,0,376,0,43,0,98,72,1424,74,89,76,0,0,0,660,58,32,37,442,93,221,172,0,72,266,0,0,75,49,42,71,0,104,0,56,0,0,0,161,108,299,205,0,164,50,0,233,54,90,44,179,0,0,31,42,36,267,0,0,73,0,159,0,0,360,143,204,171,381,105,50,101,0,0,157,0,128,39,61,62,0,31,305,28,174,0,0,110,30,65,0,40,40,0,439,102,30,83,169,281,131,86,284,38,192,0,89,0,0,38,0,186,153,70,45,29,39,61,74,131,139,0,0,119,50,0,73,151,211,175,39,0,0,48,28,33,58,0,221,0,83,67,116,28,283,200,141,0,85,49,307,31,30,0,0,34,203,121,0,0,0,99,0,118,192,0,0,0,0,0,99,197,380,73,0,30,76,100,29,69,96,81,256,513,0,50,56,268,0,0,0,42,158,246,40,0,0,0,0,145,0,73,187,141,138,18,505,0,299,562,54,0,90,860,0,64,55,0,0,181,0,0,0,0,81,78,0,144,51,62,0,27,0,0,145,208,111,0,88,42,0,67,0,0,0,0,40,0,110,0,0,153,85,26,0,0,0,35,129,63,0,0,0,0,108,0,21,135,0,50,54,250,219,0,0,58,461,0,82,40,27,75,111,0,104,0,46,132,54,79,0,95,108,37,0,0,344,61,0,0,286,0,37,44,81,32,204,0,39,51,194,0,71,59,36,0,0,0,249,0,476,0,0,70,0,0,145,46,32,112,124,72,41,355,204,0,0,0,0,75,224,40,180,100,138,769,187,376,59,100,0,0,141,39,29,41,96,0,0,0,193,88,176,57,740,146,0,104,0,0,70,0,39,0,38,0,150,0,0,66,0,38,0,79,0,66,0,99,0,0,0,105,149,102,85,35,20,152,22,35,0,71,166,0,50,0,0,0,57,60,108,150,0,0,59,42,0,65,0,68,43,29,114,47,25,0,476,94,238,72,31,0,0,0,141,272,41,201,0,45,0,63,59,23,102,0,61,63,90,51,0,232,321,0,0,82,26,0,52,121,29,0,0,43,301,0,130,38,0,84,46,28,69,0,131,0,0,0,227,161,47,314,36,65,0,180,0,0,0,0,58,0,0,0,0,0,306,162,30,0,0,0,60,0,117,0,93,41,0,78,0,0,52,130,29,74,139,130,333,0,14,0,93,325,0,78,0,64,72,135,75,404,148,34,142,45,36,413,0,122,49,0,145,174,80,0,64,106,54,0,48,93,65,46,54,0,69,38,137,113,65,0,0,117,38,154,0,135,0,67,43,87,91,0,54,152,30,0,35,47,489,0,38,98,88,63,301,67,38,0,61,201,42,47,18,226,101,0,0,333,42,0,65,259,0,0,136,182,574,51,677,0,798,118,0,63,0,0,0,0,0,67,117,51,173,34,0,192,52,129,134,132,60,23,0,63,0,224,570,306,36,56,0,63,63,0,0,0,250,35,0,0,0,134,35,55,0,270,0,100,790,101,180,71,149,149,74,0,110,60,75,0,54,0,150,56,272,0,91,75,148,32,0,365,65,83,105,553,90,201,283,0,229,137,45,267,31,46,0,99,28,81,0,89,0,70,556,29,33,0,73,58,0,193,0,178,56,79,86,0,0,33,75,0,230,0,0,98,0,0,0,123,91,87,69,300,42,33,472,102,0,239,57,88,204,32,58,0,46,230,106,186,0,0,107,520,0,0,0,119,115,0,99,0,65,0,0,0,60,80,107,0,104,100,180,186,173,0,77,90,277,66,36,89,358,260,220,68,174,24,248,121,95,0,14,0,343,0,28,229,311,0,76,0,0,37,54,493,525,80,0,125,0,345,150,0,215,72,42,61,0,66,0,0,0,73,0,32,0,72,48,0,185,25,0,100,129,49,0,100,22,69,84,53,39,0,0,0,46,0,0,65,0,0,0,102,57,48,43,0,0,29,0,129,0,0,49,0,77,0,0,0,56,0,0,41,107,0,218,0,0,53,0,38,96,0,0,0,0,60,37,219,98,194,0,39,0,53,507,0,0,0,235,90,56,0,0,60,0,0,81,0,0,42,18,48,0,0,77,56,32,63,0,265,50,0,29,245,0,53,105,69,61,0,105,0,97,61,41,171,237,59,359,0,0,1485,34,176,0,128,62,0,538,0,27,97,0,0,0,176,75,0,0,0,46,0,0,248,0,0,0,86,19,0,0,284,87,53,0,0,33,103,59,0,0,145,0,0,0,1218,246,45,131,39,48,0,146,0,0,0,0,203,41,0,0,0,0,0,0,136,64,804,0,376,129,0,183,0,0,0,0,0,220,91,0,125,42,108,0,111,0,158,0,0,89,0,51,146,97,0,105,0,0,102,91,0,0,48,0,132,14,225,332,86,219,273,72,34,210,27,0,326,0,0,175,0,0,0,229,0,64,172,0,44,0,116,91,44,34,127,0,183,0,0,0,129,41,47,49,0,0,137,0,134,30,145,97,58,52,0,0,181,0,40,30,323,57,51,55,60,37,9,0,0,220,40,107,443,61,0,41,170,28,42,64,57,0,0,0,0,114,216,66,0,70,156,54,127,0,0,106,26,0,191,0,0,0,44,0,0,61,34,24,0,46,0,0,82,0,78,0,164,59,43,0,234,72,45,32,127,47,71,0,0,113,483,0,330,0,58,0,82,33,37,104,117,177,76,123,777,0,0,194,57,54,31,95,214,0,49,66,59,91,44,0,100,0,51,250,0,105,0,32,57,95,0,0,31,140,0,280,0,67,0,0,0,99,0,58,193,347,54,0,0,64,0,0,0,187,81,74,0,0,0,153,68,123,34,0,35,87,0,181,190,46,90,81,0,213,0,0,85,97,66,77,187,0,148,151,69,85,73,0,355,43,10,83,111,164,0,119,0,0,0,592,88,0,54,0,161,70,36,0,296,0,118,0,148,0,0,0,259,71,474,105,137,66,0,92,272,43,122,33,198,68,83,64,44,78,0,73,14,98,29,91,0,147,256,0,0,336,0,0,0,107,113,0,114,268,83,45,0,0,32,49,137,0,105,653,120,66,97,0,0,99,0,51,442,0,44,0,0,0,218,0,20,102,257,0,198,0,54,44,0,0,317,153,180,51,0,228,137,670,0,0,0,311,39,41,101,76,83,0,0,0,0,0,0,0,100,0,44,196,47,67,0,0,0,0,39,0,0,518,0,30,58,0,0,64,0,0,106,61,0,42,32,0,37,81,94,22,158,108,61,0,0,67,0,98,35,93,0,0,467,0,24,0,90,54,216,28,0,127,0,86,0,0,48,97,110,56,96,133,58,49,0,0,0,0,0,51,33,0,89,39,188,127,285,51,52,67,76,0,0,0,39,0,75,0,286,68,46,30,51,33,305,0,56,93,213,0,256,97,0,22,0,262,67,82,0,259,44,0,0,57,0,99,66,264,0,0,0,173,67,92,157,191,0,0,0,0,285,0,0,56,65,0,0,0,0,190,283,0,113,85,19,0,566,0,85,467,64,0,0,0,72,0,0,307,123,199,0,50,41,53,0,0,142,58,86,111,45,75,87,81,0,377,199,111,0,0,0,53,351,75,70,110,378,42,0,127,77,118,0,216,241,46,26,0,22,37,325,163,160,367,31,0,113,46,0,0,0,0,0,110,0,229,0,39,263,0,0,0,0,24,109,37,0,158,47,204,105,0,0,218,0,43,47,0,485,485,0,62,0,0,61,0,91,69,185,392,125,55,91,86,0,0,0,0,112,67,219,0,46,0,141,44,161,117,0,0,99,0,106,0,35,0,75,0,75,14,24,122,192,0,0,70,346,139,62,31,750,0,0,0,0,0,0,321,64,44,101,520,44,0,56,30,31,0,135,37,31,47,75,39,98,70,0,62,282,51,0,96,0,32,96,0,72,101,326,64,31,237,52,162,0,34,118,101,17,0,46,61,31,0,33,0,51,162,0,0,0,0,223,135,93,0,66,0,58,129,118,115,68,0,51,84,0,34,137,76,482,67,553,60,0,0,0,0,39,85,95,37,79,107,134,96,95,0,108,177,0,157,0,0,17,0,85,0,55,0,40,326,265,0,81,167,27,46,0,0,81,32,112,90,194,0,92,56,0,247,213,7,125,80,0,52,67,79,104,104,125,0,77,61,28,118,0,33,78,54,0,0,82,66,87,0,59,102,0,296,0,0,251,225,0,31,0,0,0,226,0,265,112,58,52,33,139,142,0,16,73,0,51,42,55,88,0,61,0,0,540,0,55,508,59,0,0,0,153,0,47,0,0,46,77,174,168,106,0,43,89,53,39,136,73,0,0,50,65,76,0,117,0,0,413,0,0,195,47,0,119,0,172,0,57,0,66,55,27,0,58,166,0,65,194,53,72,320,0,29,0,32,250,0,191,99,127,192,70,182,53,80,120,0,67,64,0,45,0,349,131,175,0,52,0,68,28,40,36,55,109,34,51,114,127,0,869,64,0,45,60,0,56,182,52,228,87,69,0,0,37,43,45,195,414,177,72,349,0,0,80,66,150,116,19,0,0,109,0,62,0,0,225,120,0,0,0,0,25,67,0,0,0,62,20,52,753,0,0,322,86,55,0,168,0,364,69,0,126,112,0,21,110,0,0,0,0,224,0,63,92,39,104,32,0,0,884,41,0,0,0,420,0,0,60,128,43,0,0,64,86,78,0,0,47,0,56,0,31,238,84,194,0,121,161,0,0,0,59,0,0,40,0,0,282,123,36,0,0,77,64,29,101,47,87,173,295,229,0,87,0,44,0,0,55,0,0,0,0,35,53,0,0,388,0,0,122,0,0,89,138,0,66,115,73,42,0,0,45,111,63,0,0,191,729,82,0,81,46,0,61,0,92,225,0,94,101,58,54,31,42,94,27,0,0,37,45,19,63,131,141,0,50,0,0,89,0,47,77,26,0,362,0,0,98,58,35,87,41,76,160,165,44,103,0,0,57,25,33,220,0,0,0,241,85,60,0,0,55,165,56,115,0,27,460,97,395,0,194,112,179,53,224,0,37,56,38,135,67,40,0,0,710,0,107,0,0,100,0,247,0,30,40,187,0,0,175,49,31,58,141,0,75,0,0,0,474,42,222,73,114,0,43,194,0,0,34,193,49,0,0,0,0,0,13,39,37,51,131,0,0,47,263,0,91,27,0,108,0,0,37,68,61,59,88,174,268,24,58,0,0,54,0,55,89,0,98,135,0,0,0,64,0,135,0,0,39,168,0,0,29,93,0,0,94,142,45,17,132,53,0,190,90,137,67,56,0,0,0,0,33,219,0,74,68,0,64,103,0,0,18,143,0,158,66,96,109,38,99,63,0,0,452,65,162,0,63,54,0,49,0,0,60,50,173,109,0,183,57,235,0,47,0,121,66,0,33,0,55,51,0,43,113,122,0,103,34,0,76,106,0,0,48,0,277,68,112,0,0,32,0,90,89,37,0,172,62,35,106,185,0,0,900,53,147,0,0,0,21,0,0,235,0,77,0,51,0,102,0,0,44,126,0,0,0,139,52,27,176,48,0,0,45,107,256,1102,48,106,34,79,181,24,138,0,74,120,70,0,77,273,108,232,64,72,0,61,114,0,146,138,0,0,76,0,134,0,119,45,90,25,31,0,44,46,105,205,0,614,97,0,162,0,0,92,0,0,48,59,461,0,0,40,169,0,0,93,0,0,72,0,102,0,114,109,51,343,63,0,227,26,177,0,169,0,156,37,0,0,127,52,413,0,0,60,0,96,162,66,44,338,37,148,289,99,0,52,57,0,0,590,130,0,0,43,117,29,0,0,30,0,0,0,0,71,0,0,168,0,0,172,0,64,106,58,43,34,170,0,0,0,0,0,0,0,42,183,0,49,62,164,0,68,0,0,43,32,55,0,0,110,464,36,0,57
163,0,0,0,77,0,36,58,0,0,0,125,0,0,32,150,132,31,0,0,0,180,33,87,0,69,0,0,0,0,0,0,0,0,47,95,186,0,0,221,61,0,46,0,0,0,0,0,154,0,124,0,0,0,0,41,0,0,0,0,0,49,0,191,0,0,113,0,0,0,91,0,0,0,0,108,95,0,189,0,99,0,0,54,114,0,41,0,0,0,56,0,47,0,101,0,0,0,41,0,0,0,0,104,0,0,51,11,0,0,28,0,42,42,154,0,0,72,0,0,145,0,104,0,0,0,0,0,48,0,60,0,139,0,0,89,118,112,31,38,31,0,109,0,0,0,54,0,0,74,0,0,0,0,30,133,0,0,0,60,196,50,0,0,0,47,36,0,73,42,50,67,20,0,0,29,0,0,149,32,0,141,0,0,0,35,0,273,76,0,0,0,113,0,97,0,39,0,0,29,0,66,40,0,0,0,32,0,0,38,95,0,58,41,0,58,73,0,0,0,67,0,0,0,115,0,0,138,187,0,0,0,0,0,0,0,0,0,51,0,0,52,0,0,24,0,73,0,0,0,0,0,122,0,196,41,0,0,0,43,198,128,53,0,0,0,0,122,0,174,0,0,131,120,47,41,75,0,548,109,78,0,29,0,44,27,39,43,123,81,52,0,32,0,0,48,0,0,47,45,0,0,0,0,0,0,53,145,0,0,0,342,67,0,0,52,61,197,0,0,0,0,0,0,86,0,89,137,0,0,183,0,0,0,0,0,0,0,0,0,0,0,0,57,39,0,0,0,0,683,295,96,0,75,268,0,0,0,136,50,0,0,0,0,77,68,465,117,0,0,0,0,48,40,86,0,40,0,0,80,0,0,33,0,0,396,91,0,0,0,0,0,273,0,0,0,477,0,0,62,0,0,255,0,0,92,36,0,0,0,115,0,30,0,0,0,131,90,55,134,0,44,7,0,0,0,39,50,0,0,0,0,0,0,45,0,0,0,0,74,21,0,0,98,223,0,227,28,0,0,0,0,0,0,0,0,0,0,0,0,46,0,50,41,0,0,0,0,0,0,34,0,311,69,93,0,106,82,0,69,46,0,64,125,0,0,0,0,38,347,58,0,0,0,0,49,132,37,98,0,0,0,0,503,88,0,162,0,0,0,90,0,0,0,0,31,243,60,0,90,134,0,56,73,0,0,0,0,52,34,0,0,0,0,0,47,0,0,0,168,0,0,170,0,0,0,95,51,51,0,45,33,0,68,0,0,0,0,0,0,28,217,0,0,38,66,0,0,0,0,81,237,0,0,0,37,0,203,0,30,172,85,46,0,84,0,119,396,55,0,0,36,0,0,0,0,0,32,0,0,0,0,40,38,41,125,0,83,0,42,0,0,181,190,49,0,37,70,0,0,0,0,0,0,44,0,44,0,0,104,101,0,0,26,0,0,0,60,0,0,0,0,75,0,0,106,0,60,0,109,137,0,0,44,279,0,46,49,30,121,0,0,0,0,0,74,0,94,0,20,0,0,59,0,123,110,46,56,66,20,13,0,0,0,0,0,37,0,51,0,106,0,0,0,62,0,92,0,73,0,0,0,0,115,0,0,33,0,69,57,35,70,66,0,0,0,0,0,114,0,200,31,63,242,127,81,88,161,0,0,0,47,0,0,45,0,0,0,148,69,92,0,714,106,0,46,0,0,0,0,0,0,0,0,0,0,0,32,0,0,0,43,0,26,0,51,0,0,0,92,62,114,33,51,0,96,0,32,0,0,0,0,122,0,0,0,108,0,76,322,0,0,0,0,0,44,0,33,54,34,0,0,0,0,85,29,56,55,0,0,29,0,164,135,31,176,0,0,0,51,56,0,162,0,0,0,47,44,0,0,39,0,0,37,0,0,49,63,0,0,0,37,98,0,55,0,0,0,38,0,74,22,83,0,0,0,81,214,43,252,0,0,0,128,0,66,0,0,0,16,0,0,0,0,120,108,0,0,0,0,31,24,60,0,0,0,0,83,0,0,0,136,0,79,127,26,369,0,0,0,0,0,0,0,0,33,0,92,163,70,45,0,0,0,31,290,80,25,95,0,0,63,0,0,28,92,0,0,0,34,0,0,0,0,0,0,0,0,0,0,0,0,0,44,0,51,0,0,0,52,72,0,0,90,52,0,0,0,88,0,0,48,0,0,156,0,0,53,57,91,0,0,0,93,0,0,0,0,0,0,62,73,0,0,79,28,73,25,283,0,84,55,0,0,0,0,0,0,0,0,76,0,0,0,0,62,0,0,175,0,66,33,0,34,25,101,210,136,0,0,0,0,0,0,0,0,50,69,0,0,0,49,0,27,63,80,0,0,287,0,54,0,78,45,0,0,0,41,70,0,0,0,0,0,150,0,133,0,0,102,0,311,48,0,54,214,514,52,169,19,51,49,0,0,0,0,48,0,0,0,0,74,0,0,652,0,0,0,35,0,48,140,0,63,0,0,0,0,0,0,29,19,47,0,0,45,29,0,0,0,0,98,0,178,0,44,0,0,0,311,0,112,126,0,0,0,0,122,0,157,0,0,43,40,0,0,0,55,0,0,36,0,0,0,0,0,0,218,0,59,0,68,77,0,211,0,0,0,110,0,0,0,113,77,235,33,0,0,74,59,79,0,0,0,0,0,81,0,147,0,0,0,0,0,0,183,108,0,15,60,0,332,0,0,137,0,0,0,0,0,0,0,0,68,111,0,16,0,48,0,98,0,0,53,67,0,0,0,0,0,0,0,0,0,0,0,53,0,0,93,0,0,0,84,68,67,56,0,0,0,0,0,0,31,58,0,0,0,24,0,0,0,0,0,0,0,0,0,0,90,0,0,56,0,0,0,0,48,0,31,52,169,0,26,0,0,0,0,0,0,38,0,0,0,0,37,0,0,0,0,86,0,0,0,0,0,0,26,0,56,0,99,0,0,25,0,0,0,145,107,0,0,81,0,113,0,0,265,55,0,67,0,0,919,48,0,0,0,37,0,67,0,0,47,0,35,0,110,67,0,0,0,0,0,0,39,0,0,0,0,0,12,0,0,78,26,31,0,20,0,0,0,0,119,0,0,0,459,39,40,94,42,28,0,51,62,0,0,0,0,0,0,0,56,0,211,0,81,0,0,0,279,56,0,88,0,0,0,0,0,119,55,50,70,47,41,0,64,0,0,0,0,85,0,0,114,28,0,0,57,0,0,54,0,0,0,52,0,0,111,0,34,0,25,0,41,74,0,0,290,0,0,52,0,0,0,56,0,0,52,48,0,0,86,0,0,0,62,0,81,71,0,0,0,0,0,0,0,0,90,0,41,50,109,0,0,42,0,0,0,0,38,0,54,119,0,0,0,76,26,0,54,166,0,95,133,0,0,32,63,0,0,58,0,0,0,0,0,32,57,24,0,0,51,50,47,0,34,77,0,0,173,0,0,0,85,48,0,0,22,38,0,0,0,0,155,0,79,0,149,65,0,0,45,137,0,0,179,0,38,0,0,0,181,0,123,0,0,42,107,0,0,43,121,0,0,0,493,0,0,79,28,0,46,123,62,0,84,0,0,39,0,0,0,0,0,346,0,0,0,0,0,0,0,0,18,80,0,95,0,0,0,19,0,42,0,0,76,56,48,0,0,0,0,0,0,82,58,0,0,0,0,73,0,0,0,0,0,59,0,112,65,67,113,0,0,0,0,17,66,52,86,86,94,0,79,74,80,45,0,0,44,0,0,0,0,225,0,16,0,0,0,42,59,30,49,0,208,90,0,0,0,0,92,0,145,0,0,0,112,0,577,80,0,0,0,0,139,0,31,0,0,0,34,57,39,117,0,0,0,29,27,0,0,52,0,0,0,153,38,0,0,72,105,11,0,104,80,34,0,0,25,0,0,0,200,257,0,0,0,0,0,39,0,0,41,0,0,34,0,0,131,0,0,0,207,0,113,0,0,0,0,66,37,101,0,0,33,269,47,342,0,0,0,115,0,83,0,33,79,65,0,0,0,0,0,0,55,0,49,217,45,0,0,0,0,0,0,91,0,571,0,22,0,0,20,0,0,0,186,28,0,0,0,0,38,41,0,0,0,0,0,0,0,0,0,0,0,0,0,0,76,0,44,0,51,0,54,43,0,46,0,0,0,0,0,29,57,25,0,0,0,0,27,0,0,0,0,0,0,0,0,64,0,0,78,0,80,0,0,0,0,0,0,0,33,0,52,0,0,0,0,42,175,0,0,52,79,0,152,0,0,0,0,0,38,29,0,52,0,29,0,0,0,47,43,92,0,0,0,99,80,0,44,0,0,0,0,0,56,0,0,0,0,0,0,0,0,0,0,0,0,0,0,0,251,0,0,50,0,0,0,0,0,0,0,72,0,168,0,0,0,0,0,0,0,0,0,142,0,0,84,0,46,280,82,30,0,0,0,104,87,53,0,0,87,0,0,0,39,162,0,79,52,0,0,0,0,77,132,70,0,77,0,0,0,0,0,0,95,0,0,0,0,47,0,61,75,0,0,0,0,63,28,14,0,0,0,69,0,0,29,351,0,0,0,0,70,89,0,34,0,0,0,0,0,0,59,184,0,51,75,95,0,0,0,0,49,0,75,0,0,0,0,67,0,0,0,0,0,0,0,0,0,0,0,0,0,0,0,0,72,0,0,0,174,0,0,0,246,0,0,0,0,0,0,39,0,0,128,66,0,0,65,0,0,68,0,37,0,0,86,0,34,0,0,34,0,0,88,0,36,0,0,0,0,0,57,0,0,135,0,0,0,0,0,0,0,0,0,0,0,0,0,65,0,0,92,0,0,0,76,65,0,0,0,0,0,45,0,0,44,0,0,0,0,0,0,0,272,33,239,0,0,0,0,0,0,50,0,0,0,61,192,0,0,0,0,95,0,0,0,0,0,0,0,0,0,0,0,118,0,0,0,72,0,0,0,0,0,0,60,0,69,0,0,0,0,144,0,0,0,0,0,30,0,0,0,58,0,0,0,0,0,0,0,0,0,45,0,23,0,0,34,0,21,48,0,46,0,0,0,40,0,0,0,0,0,663,0,0,0,0,0,0,37,118,0,0,39,0,0,0,0,0,0,0,0,0,83,0,0,123,0,0,0,0,0,0,0,0,0,0,43,0,50,43,0,0,0,0,0,0,48,0,0,0,0,38,0,73,0,0,156,0,0,77,0,0,0,0,83,0,0,0,0,0,0,0,0,0,0,0,57,0,55,125,0,0,0,0,29,0,0,95,0,0,0,84,0,0,0,0,0,0,0,0,0,0,0,105,70,0,0,35,0,0,0,0,0,0,0,0,0,46,229,0,0,0,0,0,38,161,0,38,0,0,25,0,0,0,0,0,196,0,0,78,0,0,63,0,0,0,0,0,0,33,0,33,0,0,0,44,0,0,0,16,0,40,0,0,0,0,0,0,429,0,0,122,0,0,0,96,0,83,43,0,48,43,0,0,47,0,0,0,0,223,0,0,0,0,0,0,0,0,90,37,0,0,0,0,0,60,93,0,68,0,0,0,0,44,0,0,53,0,0,0,0,57,46,0,0,0,124,0,0,0,0,0,0,0,29,0,259,106,0,0,0,62,0,0,31,54,0,32,0,0,0,0,0,0,32,0,31,0,0,0,0,45,38,37,0,201,0,0,0,0,0,26,42,0,41,0,60,0,0,0,59,0,33,0,0,97,292,93,0,0,88,0,0,0,0,46,0,0,46,0,0,0,0,70,0,0,0,0,0,0,0,0,0,0,0,30,0,0,0,24,43,0,0,0,0,0,0,0,0,0,41,104,0,0,0,0,0,38,30,0,46,279,0,0,0,36,0,55,0,22,73,0,0,34,0,0,139,0,327,0,0,0,77,33,216,0,0,0,0,70,0,0,45,0,308,0,0,0,0,0,0,66,0,0,19,138,0,0,43,0,54,0,136,0,0,111,0,0,310,0,193,0,75,0,0,130,0,54,0,0,72,0,0,0,13,0,0,0,0,0,0,0,0,138,0,0,28,0,0,66,0,0,55,0,0,0,18,25,33,0,0,0,0,0,0,80,85,18,0,31,0,0,0,0,53,0,0,0,37,44,0,0,35,138,0,0,0,0,0,0,20,56,0,53,0,142,0,0,0,0,0,0,0,0,0,0,0,0,54,0,0,0,0,0,0,93,0,106,61,116,45,0,0,0,55,0,221,0,66,0,0,0,0,0,23,0,196,0,0,0,0,74,0,35,0,0,0,0,0,0,0,0,0,0,205,0,0,0,0,0,0,0,0,0,0,0,0,0,46,0,0,0,0,46,32,35,0,0,0,0,0,0,0,0,100,64,0,0,0,0,0,0,0,103,0,69,0,0,0,40,0,0,0,0,0,0,0,0,0,0,0,0,0,0,0,41,109,357,0,65,0,55,142,0,86,0,72,67,0,0,0,126,76,0,0,0,0,0,0,0,107,36,0,44,0,0,0,0,64,0,122,0,0,0,0,0,0,0,0,310,0,17,89,0,0,42,45,0,0,40,76,0,0,27,0,0,0,0,0,0,0,0,0,0,62,136,0,118,56,0,38,39,123,0,0,0,86,0,0,0,109,0,125,0,0,46,0,0,85,0,27,0,0,69,69,0,0,0,0,0,0,50,55,0,0,0,0,0,33,0,0,0,0,0,0,68,36,0,88,0,0,0,0,0,0,0,0,0,168,0,0,0,0,0,0,0,35,0,0,34,130,0,0,67,54,0,0,0,0,0,0,0,204,0,0,29
164,0,27,0,95,51,112,49,0,139,0,194,59,43,0,105,84,184,28,50,31,210,44,96,158,162,21,0,79,55,0,0,60,0,78,177,113,0,111,219,150,77,59,0,261,0,74,55,551,0,141,52,66,159,0,298,0,18,0,42,0,60,148,340,0,83,161,28,60,0,500,0,77,0,0,390,156,0,543,48,279,27,0,224,274,75,0,0,75,0,387,0,48,133,164,44,56,0,83,0,0,24,33,270,59,0,39,62,83,85,119,51,101,142,145,82,69,132,56,0,260,66,422,39,41,68,47,0,149,0,259,0,620,0,130,81,233,155,88,61,56,108,176,108,0,0,42,62,60,140,0,23,147,0,211,154,0,48,0,293,230,0,0,143,92,111,116,0,176,231,205,174,0,80,0,96,0,72,170,73,0,375,0,0,78,0,58,670,407,0,0,0,132,75,239,0,43,0,38,112,0,62,106,0,207,48,64,39,0,114,159,91,58,55,50,185,63,60,0,31,53,241,85,25,584,24,23,146,340,0,126,0,43,0,0,0,25,0,289,104,0,158,63,50,73,0,96,0,26,0,69,59,552,0,157,114,92,0,42,176,377,241,136,0,52,0,48,662,81,219,43,59,148,615,149,98,55,36,778,50,72,0,137,183,82,0,0,276,1725,62,0,76,341,45,48,82,0,119,154,102,40,38,66,30,0,367,345,267,0,103,76,227,107,0,16,38,0,288,122,34,74,34,0,78,244,145,72,0,0,29,236,0,98,90,74,80,0,0,42,56,0,142,0,74,76,36,0,0,110,1539,325,99,0,182,553,0,42,80,196,239,79,117,101,0,144,152,653,216,56,0,221,71,74,60,93,101,77,0,0,169,0,0,0,58,63,945,113,84,0,0,50,32,220,0,83,0,389,0,58,36,0,0,310,0,0,203,33,0,45,0,90,0,42,43,0,13,118,94,282,263,28,81,149,0,129,127,144,0,108,0,0,0,85,0,107,34,31,49,43,224,0,0,226,131,97,62,182,93,54,0,0,0,181,0,68,0,0,50,0,0,163,37,215,209,0,0,0,0,40,24,0,47,141,69,107,37,89,438,146,72,139,0,152,197,62,0,0,0,196,431,96,94,54,215,34,32,283,95,75,0,0,151,0,798,134,49,69,162,0,0,88,0,0,47,0,44,196,45,36,174,118,99,155,423,0,0,0,54,283,26,0,0,0,0,77,64,28,0,0,256,0,154,191,0,34,0,160,0,0,361,125,179,38,121,37,37,0,80,48,56,205,152,0,68,111,78,89,0,0,0,81,277,56,0,46,44,0,346,0,29,176,147,105,0,459,34,263,467,66,45,29,551,0,144,0,0,0,120,0,78,0,51,60,87,39,134,84,194,0,37,0,37,239,242,196,0,77,114,0,71,0,63,0,30,64,33,0,58,0,94,173,0,0,47,0,33,42,67,0,0,0,0,247,0,0,199,0,42,0,189,168,61,0,58,305,0,110,40,44,174,101,59,45,0,0,181,41,87,0,0,155,32,204,0,212,0,26,91,251,0,0,0,0,62,154,0,46,0,134,0,114,0,47,0,30,70,133,0,371,0,43,104,0,41,127,56,0,88,97,85,0,248,263,0,0,0,0,0,168,61,201,86,69,571,192,109,136,79,0,0,108,60,0,60,117,0,0,22,267,175,70,52,713,120,0,182,0,0,104,0,0,114,0,16,145,0,22,0,0,0,0,78,0,0,0,81,0,104,22,138,270,77,58,0,0,177,0,0,47,0,88,36,47,0,35,0,77,134,85,188,0,0,30,0,0,49,0,42,0,34,58,0,59,66,210,43,107,0,91,0,0,45,127,273,41,264,0,0,0,77,113,0,162,52,0,0,61,60,0,198,118,0,0,53,0,0,98,53,0,0,0,0,429,0,161,69,0,124,46,0,103,16,135,0,0,0,411,141,38,387,42,41,0,140,0,57,44,0,0,0,0,0,32,38,155,113,54,18,0,59,0,118,79,0,53,216,0,141,0,60,69,93,32,88,79,73,329,74,0,32,94,0,0,0,0,35,32,230,331,251,83,51,64,40,0,261,178,84,141,0,121,120,0,47,0,93,0,0,0,63,46,42,25,0,0,61,0,64,75,0,0,183,0,147,0,145,0,0,0,44,99,0,55,115,0,0,63,0,207,0,0,58,31,116,263,66,0,0,64,254,0,0,0,238,122,0,0,75,91,0,0,99,0,0,140,123,255,42,328,0,788,0,38,59,49,0,0,0,0,0,66,72,296,0,42,163,0,93,88,220,38,90,0,89,42,117,507,170,45,108,25,0,0,58,53,0,386,82,0,0,0,0,0,60,60,124,0,100,217,59,150,23,92,51,0,0,136,124,66,12,0,0,0,29,326,0,78,81,56,193,0,240,36,0,107,227,850,68,119,0,157,84,0,282,0,0,56,51,0,28,0,45,0,47,439,0,36,38,0,32,71,95,32,73,86,42,0,42,0,33,0,0,86,0,0,34,85,0,0,61,58,204,109,260,0,74,590,50,0,378,0,108,238,41,46,0,0,64,30,213,0,0,177,193,0,25,0,80,244,0,61,0,0,0,0,0,0,426,0,72,66,76,143,72,144,0,47,50,150,65,0,57,176,244,227,0,62,0,412,68,111,0,89,41,136,0,77,135,102,22,0,14,0,0,41,129,491,19,0,46,0,414,149,0,149,62,45,63,0,0,0,61,42,0,83,0,0,152,50,0,164,0,0,0,84,54,46,127,0,100,34,0,0,0,38,0,80,28,0,105,0,0,27,154,96,0,114,0,0,83,0,153,0,30,41,0,84,0,61,0,0,0,0,0,0,0,90,0,0,19,0,52,0,19,0,0,0,0,0,0,87,90,0,43,0,29,133,0,63,0,0,46,0,0,48,57,12,0,69,0,0,46,0,52,0,25,60,0,0,0,0,135,65,0,0,37,43,43,81,223,64,0,144,16,125,0,0,79,224,65,30,53,0,1292,52,235,0,0,79,0,92,0,88,60,0,31,0,167,175,0,0,0,72,0,0,112,0,0,0,122,0,77,0,86,145,0,50,42,0,0,0,0,0,29,0,0,0,1528,380,45,0,44,77,78,264,60,0,88,0,204,0,0,42,82,28,82,0,110,0,164,0,0,49,0,268,0,0,52,0,0,213,39,49,45,49,0,52,66,0,226,0,22,17,0,57,126,0,0,138,94,0,28,33,59,128,0,68,133,0,339,116,0,88,91,67,0,95,0,0,377,0,0,0,0,24,0,305,0,98,97,0,0,0,171,37,30,88,80,0,75,65,0,0,129,56,69,42,0,0,97,0,165,0,97,31,63,94,0,32,168,0,45,0,277,149,0,78,0,0,0,0,59,201,0,100,133,0,0,0,0,0,0,0,0,0,0,0,0,0,134,44,0,0,0,0,96,0,0,65,0,0,0,0,0,0,0,124,0,0,65,0,0,0,0,0,27,0,0,0,226,163,0,0,158,58,0,0,85,0,0,0,0,0,82,0,74,0,0,28,0,0,0,66,0,19,0,0,345,0,0,54,35,0,0,36,78,0,0,0,0,46,0,0,70,0,0,200,0,0,0,23,30,80,0,0,0,0,0,154,0,42,0,0,0,32,0,0,142,132,0,33,0,64,30,89,0,59,0,0,38,0,0,539,0,34,0,0,0,0,0,117,227,0,59,0,0,55,25,0,26,70,52,68,93,0,90,55,0,0,0,0,50,0,0,0,0,74,0,41,0,0,0,293,23,0,48,0,0,58,124,36,50,0,0,0,367,0,0,0,41,0,583,86,43,0,0,77,31,0,0,0,65,0,52,18,94,0,0,0,0,0,0,0,0,0,199,0,0,0,0,0,0,84,0,0,0,29,46,0,0,0,0,0,0,0,98,354,0,69,57,0,0,50,0,0,169,0,0,0,0,0,56,0,0,23,176,0,0,0,0,0,0,197,112,94,106,0,0,222,0,200,0,0,0,0,0,151,36,39,0,43,0,0,32,0,0,0,32,0,0,29,33,0,0,0,0,0,0,80,0,169,0,83,54,0,0,0,50,0,131,0,0,78,0,0,78,78,0,0,42,41,0,0,0,63,0,0,19,75,0,0,377,0,32,0,98,0,126,0,0,148,0,52,0,0,48,160,171,0,75,0,0,0,25,16,0,0,0,28,0,0,50,67,46,166,324,0,0,45,54,0,24,0,108,0,52,68,345,0,35,94,66,0,647,0,0,40,190,0,106,94,0,0,0,0,0,48,0,95,0,58,0,0,23,132,48,124,0,0,0,77,0,80,159,93,0,0,0,0,123,0,0,35,48,0,0,0,51,60,0,0,55,0,0,0,841,0,0,130,0,0,0,0,0,54,0,0,107,407,0,50,44,0,0,0,106,42,130,13,0,37,102,45,0,126,131,94,0,0,0,69,85,128,84,64,93,0,0,47,48,66,0,78,142,0,0,0,0,0,128,150,98,369,0,0,60,0,0,0,87,0,0,0,0,159,0,0,149,0,0,0,0,0,143,0,0,169,55,268,99,0,0,85,49,0,0,0,215,577,0,33,0,0,0,0,75,42,0,481,0,64,49,0,0,0,0,0,139,33,280,0,0,0,83,63,0,148,0,0,0,0,143,0,55,0,73,0,0,0,0,158,124,0,0,0,106,54,52,0,556,0,0,0,0,0,0,233,91,0,33,369,0,0,0,0,0,135,72,82,0,0,36,33,177,0,0,109,197,43,61,0,0,41,82,54,97,0,153,66,0,1018,63,144,0,38,0,55,29,0,0,0,0,0,42,40,76,59,0,40,0,0,106,0,0,0,0,27,98,71,0,114,117,0,0,33,0,0,0,101,473,93,157,79,0,0,0,0,0,59,0,0,0,410,200,25,170,59,193,103,0,0,0,0,0,0,0,0,0,55,0,308,221,0,60,79,0,31,0,20,50,31,0,24,312,0,0,0,0,181,234,0,102,70,89,61,0,84,0,73,0,0,37,97,0,33,76,44,209,88,17,156,0,0,23,0,155,0,0,123,0,0,0,0,0,29,0,0,0,324,0,108,0,0,36,0,42,70,0,0,63,0,0,0,0,92,0,55,0,0,234,65,56,201,0,0,0,0,64,0,30,0,75,123,65,0,48,40,0,0,79,0,48,0,64,0,0,0,52,43,0,138,0,47,121,0,0,67,317,0,0,26,0,0,0,58,77,0,18,0,0,74,0,0,408,0,241,112,0,0,0,0,228,0,59,65,0,159,56,99,37,0,179,0,265,0,0,76,66,0,68,98,248,0,0,76,103,68,0,0,99,0,0,32,143,28,251,102,0,92,41,0,304,77,42,88,0,116,0,0,0,152,0,88,93,72,0,126,0,0,70,46,49,81,0,0,0,135,83,0,73,0,0,0,0,0,0,36,0,0,0,0,0,0,0,0,1073,0,0,115,0,35,16,113,0,229,0,0,259,104,0,0,44,0,0,0,0,24,0,0,43,0,0,0,0,0,348,0,0,0,0,205,0,48,101,243,61,0,0,0,0,95,0,0,0,0,0,26,0,38,53,62,0,0,0,0,34,68,0,0,0,0,0,0,375,114,0,57,0,234,92,18,0,0,0,0,136,0,26,89,0,0,0,0,0,34,36,0,0,50,27,0,0,255,0,0,0,0,0,0,0,0,0,0,93,0,0,0,193,62,0,0,0,52,41,0,0,0,101,0,0,0,0,34,48,0,50,0,91,0,21,63,0,0,0,0,0,0,0,51,76,0,0,0,0,75,0,0,0,31,34,31,0,0,173,0,0,0,49,27,0,48,0,0,0,0,0,0,0,0,28,0,0,201,97,54,92,0,88,54,0,0,0,0,138,71,103,0,0,0,56,0,0,0,34,130,0,34,0,0,0,0,208,0,44,0,0,31,0,0,0,0,0,0,0,0,0,0,0,0,34,0,0,0,0,0,612,0,360,0,42,0,0,57,30,0,37,38,42,90,0,0,23,82,0,0,0,0,41,0,91,0,0,0,0,0,0,119,0,0,49,0,49,0,51,288,77,0,0,0,0,26,33,0,93,0,0,70,0,0,0,0,0,0,0,0,0,67,43,82,0,82,0,0,0,42,0,0,132,0,0,176,0,189,77,0,0,0,0,0,0,93,0,39,43,0,46,42,0,0,0,89,0,111,0,0,156,0,92,89,0,0,157,59,103,30,0,0,0,0,0,0,0,0,66,95,0,101,82,142,0,0,0,135,0,0,0,54,0,0,53,0,70,204,0,0,0,11,56,32,0,0,0,0,163,12,95,0,0,0,0,53,48,58,0,105,0,112,159,242,0,0,266,84,118,0,0,30,0,0,0,0,0,71,0,0,0,63,0,0,0,167,57,0,0,0,0,0,104,0,0,0,47,101,587,303,0,0,94,56,0,0,64,0,0,124,0,0,59,295,74,67,0,45,0,33,66,0,30,0,0,0,0,0,418,0,0,0,62,56,31,0,0,0,51,139,0,341,163,0,49,0,0,62,39,0,40,0,223,0,0,0,123,0,0,56,0,0,117,0,0,0,74,84,52,704,234,0,58,0,63,0,0,0,122,104,0,0,0,41,316,0,0,97,0,61,0,0,0,102,0,0,265,77,48,0,0,0,0,318,47,0,0,0,47,0,48,0,38,0,0,0,76,176,0,0,101,0,0,365,0,46,83,0,82,30,149,0,0,0,0,0,0,0,97,58,0,0,50,147,0,122,0,0,0,44,0,0,0,47,179,57,0,0
165,0,0,0,0,50,57,0,0,71,0,164,0,0,0,135,141,133,0,0,0,218,0,0,27,109,0,0,98,56,0,23,64,0,55,103,169,0,51,292,71,33,49,0,116,0,0,80,312,0,31,0,39,112,24,105,0,0,0,0,0,81,0,255,0,49,54,18,0,0,300,0,0,0,0,174,36,0,237,24,68,0,31,82,336,0,0,0,39,0,96,55,62,61,75,51,40,0,86,16,0,0,0,40,0,0,0,0,97,50,178,64,0,61,79,31,0,145,0,0,348,0,153,0,0,23,0,0,0,0,44,0,271,21,0,30,144,107,0,34,55,54,137,247,0,0,43,63,59,152,0,36,124,0,116,143,0,77,23,104,247,48,0,53,64,0,0,0,88,209,143,132,36,50,0,46,0,19,125,0,0,187,0,0,0,0,48,151,210,0,0,0,27,0,182,0,78,56,0,69,0,62,91,0,133,0,0,0,0,166,170,58,37,69,0,129,41,50,0,0,135,110,0,0,243,0,0,127,195,0,82,0,0,33,0,0,0,0,116,0,0,42,33,34,28,0,134,0,33,0,34,55,232,56,87,0,55,0,55,0,265,116,79,44,0,0,0,338,0,254,0,0,142,198,71,64,0,0,214,142,123,0,54,154,58,49,30,174,1631,20,39,0,171,0,0,127,0,61,60,55,0,0,0,0,0,165,101,193,0,117,89,285,56,0,0,23,36,182,109,0,52,27,0,84,90,110,0,128,0,0,131,0,37,54,33,51,0,0,0,0,0,0,19,51,0,52,0,0,136,597,63,200,0,0,247,0,28,0,139,215,35,0,165,0,0,107,409,90,0,49,0,24,42,100,78,98,70,0,0,57,0,0,38,27,0,379,77,58,50,0,53,53,428,28,70,38,32,21,34,119,12,0,259,0,0,66,20,0,0,0,205,0,0,33,0,0,66,0,145,174,0,71,133,0,66,81,46,71,75,33,0,0,0,0,58,0,0,0,16,55,31,0,181,87,468,0,165,34,34,0,0,0,0,0,101,0,23,0,14,0,121,0,81,120,0,0,19,42,0,0,110,56,62,52,29,0,52,174,159,73,43,0,111,135,53,0,0,0,179,204,91,100,32,208,0,42,166,79,80,0,0,158,0,178,117,32,146,0,62,0,160,0,0,56,0,0,447,91,0,99,240,58,82,288,0,0,49,0,120,35,0,0,0,0,0,25,0,0,0,138,0,211,130,27,0,0,89,46,0,241,89,115,0,73,48,28,0,28,64,0,112,251,0,0,54,199,99,29,0,0,37,126,0,0,0,0,0,110,0,0,307,65,0,0,147,0,0,706,34,0,0,680,0,94,0,0,0,100,0,72,0,0,0,63,0,124,87,141,48,0,0,0,76,126,0,0,76,48,0,46,0,0,0,0,33,0,173,0,0,0,166,0,0,53,0,22,111,0,0,0,0,0,44,0,0,243,0,106,0,239,201,58,0,61,271,0,40,34,76,103,101,0,0,0,29,242,34,28,0,61,100,0,0,0,272,0,71,31,119,0,0,79,34,0,93,31,0,0,16,0,194,0,0,0,26,0,142,0,95,0,0,111,0,40,106,0,0,0,36,48,0,424,97,0,0,37,0,36,213,0,122,26,0,609,184,240,77,12,0,0,30,66,0,0,154,0,13,40,228,0,32,0,963,60,0,31,0,0,42,0,0,0,41,0,132,0,0,113,0,0,0,0,0,0,0,75,0,0,9,74,0,0,89,0,0,226,29,0,0,0,73,74,0,0,0,0,136,121,33,394,0,0,0,33,0,22,0,0,0,0,0,67,37,0,512,61,21,33,61,0,0,0,198,205,0,299,0,0,37,66,116,0,202,0,0,0,40,35,28,135,487,0,0,0,0,0,89,0,0,0,0,0,137,0,81,99,0,0,36,0,84,0,185,0,0,0,221,59,21,206,0,41,0,221,0,68,0,0,0,0,0,40,0,0,369,0,0,34,0,57,49,0,109,0,56,0,0,0,0,0,0,191,23,0,0,56,114,36,44,54,37,246,0,58,0,78,0,167,124,480,165,42,78,0,0,561,58,81,60,0,32,168,78,0,44,152,85,83,81,39,42,63,35,0,82,68,85,257,191,19,0,63,0,157,34,156,0,0,59,37,130,0,158,266,0,0,93,63,204,0,53,178,0,105,331,163,0,104,42,534,59,0,0,367,107,76,0,233,0,0,86,231,0,0,109,86,634,0,870,0,895,175,0,42,0,0,70,37,0,34,57,28,44,0,0,404,0,93,390,91,66,37,0,214,44,41,846,167,112,162,0,72,49,0,87,0,295,129,86,0,0,145,0,96,37,116,0,322,611,106,391,43,83,49,0,50,313,205,140,39,83,0,89,0,321,0,110,65,321,57,0,513,60,58,124,278,209,146,153,0,70,242,66,150,0,101,0,138,0,119,0,77,0,27,655,37,47,0,0,59,70,549,32,122,63,146,88,112,0,0,58,46,80,0,0,0,89,54,0,67,0,144,100,332,0,72,477,76,0,167,115,82,158,0,50,0,0,127,0,207,0,0,219,204,18,28,0,170,33,0,117,0,78,0,0,0,0,86,48,25,0,92,118,169,253,0,55,56,56,56,49,122,206,238,271,65,124,34,124,86,39,0,0,85,371,0,127,466,176,30,47,61,0,0,0,205,295,0,0,180,0,261,325,0,165,54,27,83,0,46,45,0,0,0,159,0,0,87,52,29,623,46,0,81,184,25,34,0,0,103,124,0,0,86,0,0,0,0,0,138,0,0,0,177,91,80,80,0,0,49,0,106,52,74,57,0,68,0,93,0,0,0,42,0,102,0,116,0,26,121,0,82,61,0,97,0,0,0,33,286,461,244,0,0,0,0,209,16,94,27,305,79,89,0,48,0,0,0,45,0,107,75,24,95,0,0,82,0,36,141,0,81,78,0,0,100,32,90,105,151,0,0,133,0,46,64,0,181,66,0,508,0,0,1796,0,142,0,44,0,0,571,0,0,71,31,102,50,84,177,41,0,0,79,19,0,240,40,36,0,160,40,91,0,122,152,18,47,0,0,54,0,75,62,218,0,0,28,891,387,0,290,0,0,106,142,62,46,120,0,174,0,0,57,89,0,268,0,42,114,544,0,366,195,0,427,27,0,0,0,0,319,74,49,49,111,135,63,355,0,180,0,51,152,0,0,48,85,37,33,90,0,53,58,54,76,0,119,163,33,400,230,74,96,255,95,0,227,0,0,310,0,0,126,0,54,0,102,47,0,203,92,90,0,160,61,135,52,63,0,201,152,0,0,65,69,96,0,0,63,0,0,109,125,133,223,32,66,0,0,118,37,49,0,261,152,148,88,37,79,0,0,29,207,0,43,272,35,19,0,110,94,93,42,46,0,46,0,0,109,392,107,0,52,149,41,323,0,54,166,40,30,143,0,0,0,117,0,0,181,67,0,0,88,0,0,215,27,69,0,279,103,0,37,93,192,41,61,166,74,82,0,28,88,448,0,222,0,68,49,0,25,48,69,205,134,69,85,1016,0,0,370,0,0,52,82,203,0,68,44,72,111,25,0,304,0,31,457,0,186,0,47,0,150,0,57,0,117,0,201,43,30,0,0,0,0,0,86,160,193,51,0,0,0,79,76,40,194,60,44,0,41,39,365,90,63,0,0,0,64,0,159,294,0,0,82,0,177,0,0,154,57,0,158,252,0,168,200,92,110,64,64,761,0,0,50,146,399,0,151,0,0,0,985,136,0,55,0,231,142,67,75,185,27,166,0,220,0,0,0,353,64,760,133,67,37,0,81,170,53,71,0,179,65,66,0,84,115,0,0,33,126,0,72,0,102,153,0,0,859,74,0,0,144,95,0,0,244,74,0,51,0,0,65,337,102,26,493,90,0,177,0,0,0,0,88,542,0,0,0,0,0,223,32,0,106,465,0,191,0,50,0,37,268,180,211,280,89,0,94,129,720,31,30,0,253,49,152,58,67,75,0,0,0,70,0,0,0,66,0,78,333,0,0,0,0,0,34,44,113,0,372,0,46,65,0,0,31,0,0,330,98,8,143,62,64,139,90,138,0,88,92,66,40,0,88,73,100,17,126,0,0,418,0,87,26,74,106,432,205,0,335,0,63,33,43,30,195,248,70,99,246,19,71,48,43,54,40,0,0,45,0,172,76,105,118,208,95,83,108,135,27,0,0,105,0,57,107,282,0,55,57,61,0,664,106,56,0,433,0,161,85,0,0,62,302,184,142,13,195,66,127,0,79,0,49,191,87,42,0,0,146,123,129,167,240,103,0,0,69,355,0,0,115,119,20,0,35,67,275,240,0,61,106,0,0,585,43,52,631,81,46,0,50,77,75,0,444,162,302,0,162,40,59,0,0,135,52,148,151,53,32,127,131,138,307,89,74,0,0,51,190,165,135,62,92,124,0,0,258,114,81,56,271,113,75,47,0,47,61,281,247,248,220,69,0,0,0,10,63,118,0,41,145,0,161,0,40,252,73,0,0,0,59,120,0,0,186,115,368,197,0,0,151,59,0,0,0,285,1059,0,48,0,48,0,0,191,91,228,495,158,61,86,90,0,0,0,38,150,98,160,0,43,39,53,162,99,145,0,0,159,0,117,0,95,0,119,0,87,0,0,88,197,0,0,56,201,95,102,0,1523,0,52,0,0,0,0,281,79,91,162,729,0,0,78,0,55,233,128,39,43,54,53,62,72,83,0,100,281,0,174,46,0,20,97,105,177,141,555,67,55,538,113,182,86,95,113,168,0,42,0,59,45,44,75,92,88,293,128,34,0,0,219,182,63,0,77,0,114,229,61,168,115,48,23,0,0,102,58,119,675,256,719,203,0,60,0,0,145,174,63,0,176,102,800,133,168,34,161,344,47,118,0,62,65,57,0,0,97,86,25,621,468,0,103,313,0,88,0,46,74,74,163,98,364,102,72,100,62,513,273,0,171,93,0,90,41,261,57,206,82,0,201,62,0,209,265,0,249,204,61,33,169,132,104,0,231,140,0,250,41,0,175,127,0,67,98,23,0,931,0,358,33,59,66,31,151,337,0,20,61,34,50,82,47,205,23,131,41,30,818,80,83,534,0,76,0,60,115,0,80,0,65,167,54,316,383,240,0,47,81,59,98,102,137,0,0,123,105,80,0,258,62,74,420,18,0,297,74,15,122,138,122,37,97,0,60,0,0,0,0,39,63,156,192,0,363,253,47,43,0,41,270,0,76,278,135,301,129,364,86,106,256,0,113,114,30,104,101,208,173,398,31,59,0,0,142,0,0,68,233,0,73,124,113,108,795,72,0,58,115,36,88,442,85,405,73,161,59,70,0,145,28,453,435,82,0,389,0,0,206,112,0,130,56,0,18,93,132,73,145,62,443,143,0,0,0,0,52,293,78,0,36,139,0,0,1971,44,46,929,61,142,39,504,34,384,183,0,369,240,0,0,229,0,0,185,63,282,120,191,100,61,96,0,0,0,1162,109,0,0,0,342,0,252,271,102,419,0,0,109,54,164,0,0,478,0,90,79,89,210,159,228,348,118,273,67,60,0,90,26,156,0,145,0,1610,307,0,43,0,154,87,97,121,120,116,229,379,284,64,84,101,58,74,71,113,0,40,0,86,266,209,44,37,1019,60,0,158,0,0,60,272,0,78,170,429,0,34,0,143,113,80,0,64,234,251,165,0,0,193,50,73,33,0,230,28,95,173,83,0,64,137,429,45,0,68,32,79,77,56,163,130,56,55,102,13,99,131,142,150,39,78,360,31,59,48,72,128,0,138,783,171,91,70,0,71,64,101,0,241,508,218,0,0,366,203,182,206,58,189,128,112,235,43,42,245,118,642,74,190,145,180,129,423,0,178,49,74,356,148,59,92,0,976,160,202,0,42,53,0,441,0,79,122,895,0,94,266,163,139,0,356,33,236,408,109,148,1343,0,634,0,423,16,130,546,71,116,128,254,172,145,0,22,191,164,43,176,101,39,67,0,297,245,168,41,90,192,27,181,0,43,166,0,83,89,91,138,287,67,96,0,36,137,0,202,530,66,166,280,0,0,0,105,425,205,21,0,139,242,0,53,132,254,58,0,141,145,48,0,339,120,41,102,163,195,237,91,0,0,17,0,0,294,44,116,66,0,77,211,53,0,0,406,0,183,143,353,115,206,146,102,0,0,846,128,489,0,176,173,0,94,22,0,73,89,648,227,0,422,170,224,32,122,26,64,195,52,0,49,82,73,0,56,664,328,40,199,42,35,239,135,0,0,91,73,684,141,154,0,43,47,127,0,147,197,64,186,0,83,103,589,71,0,686,54,103,52,94,134,53,0,57,438,0,129,0,81,0,117,66,0,79,96,60,72,0,101,119,89,189,0,104,32,146,314,465,1561,94,185,71,185,410,102,262,52,210,128,193,51,286,272,0,173,117,0,0,93,117,0,592,206,19,97,99,226,263,0,277,0,251,59,59,0,78,43,172,494,41,1409,134,26,617,0,0,91,81,0,61,84,1001,0,0,65,411,0,0,150,74,0,89,0,201,91,240,75,182,811,118,28,436,95,350,0,354,0,215,79,37,0,307,55,381,28,79,118,49,252,428,56,44,275,110,599,332,51,0,76,66,55,0,934,236,0,36,63,247,66,85,21,41,85,41,112,70,109,111,0,171,0,0,377,127,0,199,39,69,0,684,66,0,0,0,0,0,31,74,501,0,148,419,307,78,120,115,0,0,91,109,0,0,117,1505,0,52,68
166,0,51,46,225,192,181,129,0,252,43,682,63,96,79,616,480,496,66,132,38,684,160,157,150,364,51,96,202,135,82,66,224,0,90,601,571,33,156,1153,448,111,178,108,578,0,237,160,881,48,424,100,457,240,152,508,74,40,0,98,0,551,257,830,109,183,291,181,80,54,646,0,98,80,31,819,384,50,893,110,460,75,162,260,691,151,118,60,144,108,657,343,168,227,399,132,42,0,249,131,0,61,132,598,84,116,271,91,309,226,457,185,210,332,311,183,151,268,118,46,671,98,742,132,56,89,102,60,317,135,383,61,928,84,212,198,541,208,240,283,305,179,539,666,0,37,225,131,292,366,46,150,324,209,304,354,45,295,99,334,940,142,33,485,143,171,208,68,436,457,466,471,115,209,44,202,75,210,450,182,89,669,29,194,122,231,72,1380,720,20,35,41,406,260,471,39,198,115,72,395,79,185,361,144,566,55,171,49,81,364,365,301,184,223,107,413,115,176,71,108,398,429,116,94,955,39,0,452,1248,0,282,83,90,40,73,50,107,282,958,119,45,314,121,172,127,28,406,65,96,0,113,147,854,153,341,210,159,45,98,301,1059,430,228,91,173,0,92,1149,278,1666,0,81,559,908,212,212,193,53,1977,1055,320,0,346,407,383,174,203,590,4297,369,271,103,624,71,80,292,51,151,240,147,139,64,257,121,84,1099,534,417,96,152,157,801,213,29,0,102,99,321,276,127,88,93,32,115,376,341,113,401,59,0,670,23,260,209,278,252,54,72,65,202,41,219,88,193,262,103,0,42,138,2052,799,225,70,420,838,37,88,199,599,259,226,203,293,110,287,343,1097,383,160,0,269,195,112,59,153,225,355,0,0,334,129,165,152,86,234,1630,158,264,217,48,72,89,1423,75,190,99,919,76,398,581,0,65,493,0,78,273,134,86,102,73,135,0,227,99,0,41,668,234,661,370,83,287,171,68,230,253,246,0,443,123,0,33,105,69,275,43,71,208,80,288,15,63,1236,251,289,290,499,346,72,192,43,0,482,41,270,90,127,93,0,88,535,108,407,306,52,151,105,144,102,101,68,82,550,189,255,156,389,625,376,191,371,108,390,454,280,44,0,259,124,622,397,73,95,347,97,107,341,309,578,82,0,411,128,1839,61,260,501,204,199,64,125,151,49,62,77,60,391,186,165,144,290,98,491,585,312,56,161,207,686,59,139,55,0,33,157,100,59,25,18,221,90,464,471,65,76,41,257,0,118,691,414,202,34,167,179,109,58,205,235,170,517,936,0,157,77,940,48,0,46,162,398,391,0,0,68,102,0,804,90,148,354,429,366,0,617,45,680,1012,196,87,113,1433,0,252,69,0,34,356,71,124,105,105,166,205,162,762,216,430,131,112,44,105,836,915,351,0,266,322,35,178,85,105,0,121,174,133,193,187,0,517,695,0,85,142,85,52,129,134,28,0,126,32,507,38,80,598,43,186,108,678,694,109,66,211,968,0,273,133,238,711,303,88,72,49,85,551,146,246,104,229,748,133,479,63,702,144,163,268,634,100,35,94,280,335,450,89,124,131,203,0,451,0,134,0,104,142,426,34,687,56,89,302,33,293,304,92,108,200,278,298,70,467,404,49,51,38,52,148,503,240,499,173,296,2760,802,697,351,361,0,0,311,210,43,104,415,0,73,78,662,362,550,43,1959,431,0,333,74,32,368,0,41,320,148,38,341,65,38,84,52,40,98,377,96,143,51,264,0,303,78,436,517,383,191,107,100,506,112,114,78,94,449,117,326,65,70,37,369,360,174,1167,25,0,86,54,43,86,0,190,157,147,159,186,175,154,429,215,266,166,474,87,135,92,414,854,106,910,78,112,97,246,387,40,712,107,126,67,180,215,79,528,365,40,91,148,55,54,211,273,102,0,0,104,990,50,632,183,36,303,193,74,338,69,346,102,64,20,1425,689,162,1135,155,134,59,499,114,238,114,0,121,81,68,138,123,124,627,542,106,54,0,201,103,352,375,132,212,365,0,268,36,103,96,397,72,150,449,390,909,143,110,158,89,696,0,55,0,93,46,488,642,722,576,160,294,69,57,1739,389,106,212,38,195,699,336,78,90,133,193,89,114,166,45,67,78,0,138,108,215,204,215,0,32,197,60,492,54,117,34,130,135,223,294,34,176,451,71,75,77,128,702,62,145,239,123,109,434,183,54,415,169,872,205,168,48,311,220,66,0,1189,126,39,90,1166,0,70,265,115,1063,185,1623,35,1757,330,177,0,119,0,59,71,0,266,232,117,394,71,47,170,245,106,1215,190,101,152,0,83,62,496,802,682,158,97,33,106,330,133,79,0,650,126,62,57,31,361,136,92,111,396,0,411,3695,171,477,161,416,191,170,98,372,422,239,44,192,0,269,107,313,0,136,250,298,417,0,1037,163,213,377,946,1504,370,828,69,298,317,94,452,64,111,115,192,51,234,0,192,33,169,1241,90,84,0,138,195,184,771,59,393,96,232,145,50,45,131,171,104,251,0,77,236,67,84,18,82,139,389,111,600,91,101,977,169,44,439,125,186,302,128,116,0,97,469,178,501,0,45,196,1577,56,54,44,459,305,32,221,40,104,96,73,102,120,768,299,114,192,163,577,309,319,0,217,68,579,60,99,170,641,550,474,252,319,43,554,144,144,62,121,194,565,55,119,577,599,83,128,74,0,63,115,893,810,157,148,362,73,533,359,0,505,122,0,223,62,102,44,77,141,198,191,53,70,116,130,0,955,69,143,244,247,33,197,114,0,408,209,39,0,125,69,84,79,65,45,431,0,0,115,262,157,122,136,44,0,98,175,390,39,148,201,36,198,39,152,0,117,45,72,87,146,16,241,64,55,100,0,136,184,36,179,74,0,173,86,297,641,454,40,115,30,101,347,102,74,76,341,234,67,53,191,147,32,37,107,0,139,192,103,338,0,35,211,112,60,182,0,509,156,77,51,175,131,115,344,334,47,0,248,92,232,108,73,411,220,148,502,0,0,2646,103,268,0,114,112,65,711,0,36,333,60,153,72,446,215,0,47,110,302,42,73,565,0,69,59,344,0,122,48,209,288,99,79,0,162,107,130,77,103,408,0,0,83,531,1599,118,510,95,155,181,102,155,49,131,55,493,64,126,217,130,0,690,50,225,174,985,0,990,333,0,479,96,0,14,60,42,383,229,57,292,235,576,176,632,43,948,0,122,243,0,44,345,210,90,131,158,25,163,173,118,314,100,146,372,58,1573,272,137,147,305,101,93,264,75,0,847,0,27,472,0,87,110,151,41,81,443,134,172,65,356,160,163,246,293,0,423,173,0,39,185,102,169,140,58,102,218,48,65,177,351,392,66,176,54,0,435,97,194,71,929,372,497,187,57,94,48,0,73,532,109,288,569,77,0,60,299,63,80,158,96,0,125,42,0,262,876,285,0,114,193,147,309,65,200,164,105,98,593,12,50,49,185,168,0,226,170,65,31,88,0,65,232,0,307,0,513,422,120,0,311,509,84,87,262,87,242,0,107,173,1121,0,456,0,82,174,179,55,65,198,460,219,127,188,1979,0,0,547,93,101,85,341,610,39,111,155,158,226,80,0,282,42,168,1370,0,196,137,96,56,254,35,94,147,225,66,485,97,115,17,46,0,224,0,149,313,300,160,72,84,100,117,154,81,423,107,137,118,88,124,884,105,225,86,28,91,213,56,503,602,243,157,76,61,407,74,0,301,186,146,176,409,48,396,223,196,181,94,182,793,81,48,78,139,449,67,221,15,0,0,1250,285,119,141,55,850,145,200,116,429,84,160,96,674,0,0,55,690,108,1004,235,96,91,77,142,358,172,196,50,393,118,141,91,237,94,38,202,40,225,55,114,33,318,557,0,0,804,60,0,0,328,218,47,151,502,149,132,76,60,41,77,257,176,353,907,155,114,240,0,43,196,0,52,699,0,74,125,0,84,202,56,51,207,444,119,593,76,98,102,74,498,346,406,386,92,41,177,230,724,68,65,50,342,42,559,138,157,204,165,99,44,85,58,56,0,98,0,151,585,158,81,38,0,0,62,138,402,0,1760,0,132,198,27,0,87,156,0,522,99,0,306,129,53,173,195,305,0,227,111,161,104,0,197,179,90,71,316,40,0,925,30,129,74,268,247,444,314,111,253,127,96,0,63,94,332,557,97,216,398,75,164,160,52,0,99,70,102,127,0,215,183,54,173,382,151,183,196,261,77,0,45,185,49,160,231,614,0,109,134,66,131,1236,241,0,94,740,0,200,199,0,92,92,745,252,203,0,468,115,129,76,78,31,183,293,299,0,55,0,376,190,276,256,215,236,45,0,81,471,0,0,125,199,45,0,113,102,304,646,43,244,194,52,35,914,57,51,1243,50,96,0,47,251,168,0,932,442,672,22,0,88,104,26,58,440,74,287,346,133,137,325,193,133,1230,272,344,0,0,156,303,379,315,183,172,728,60,59,548,325,516,79,600,470,174,57,0,72,134,556,509,362,455,184,45,121,61,0,70,247,49,52,294,0,553,0,108,712,46,0,46,0,144,258,87,71,533,122,262,354,53,89,989,125,57,32,0,365,664,44,119,0,100,78,0,212,150,423,439,223,206,358,318,62,80,0,78,283,257,533,50,120,63,259,319,100,280,35,38,347,0,310,0,294,45,75,58,241,36,39,156,408,79,51,66,750,139,232,36,2754,58,113,34,0,0,0,578,144,209,223,1186,55,0,154,0,85,268,87,173,108,97,246,27,140,157,0,209,745,120,229,100,77,54,158,105,395,153,462,108,79,1057,125,370,113,62,152,120,102,0,65,101,0,80,94,158,167,279,168,77,59,50,285,264,59,0,115,49,133,276,120,204,282,62,54,161,0,229,101,160,1129,423,546,270,0,70,30,0,174,154,56,0,254,704,1268,134,494,421,281,385,72,71,0,104,100,44,150,46,72,180,73,858,570,0,144,438,67,84,0,34,61,59,241,72,934,108,163,173,142,649,438,0,331,210,177,135,129,309,90,128,146,0,144,124,41,142,394,80,607,117,48,256,274,173,84,65,294,214,0,308,36,0,419,170,185,69,172,58,67,1184,0,313,51,90,157,54,104,466,45,41,102,97,115,102,71,135,56,174,68,60,1090,134,101,518,265,57,0,69,185,43,110,0,66,238,101,244,320,348,0,58,93,154,174,131,201,72,0,119,0,194,0,422,57,69,338,0,0,474,431,0,329,263,238,61,69,348,156,0,38,0,56,462,63,223,399,98,488,532,61,55,0,66,547,60,394,318,238,190,218,476,217,208,420,37,258,206,43,146,132,472,346,533,455,52,0,145,188,88,0,70,281,59,68,170,386,177,1444,129,0,100,140,59,478,569,119,575,146,289,72,38,0,188,65,654,655,372,76,397,0,0,247,107,209,203,63,0,28,244,206,151,132,0,593,200,0,0,0,0,0,340,141,0,112,121,0,107,1184,27,0,1006,149,245,41,556,53,537,150,0,224,184,0,80,255,0,20,520,0,633,287,239,121,106,135,79,55,0,1197,195,0,0,0,508,22,368,195,116,678,0,40,133,161,102,90,0,1125,22,97,72,123,702,142,523,395,102,499,53,0,62,128,88,205,100,318,0,1383,260,118,0,46,104,100,70,226,71,145,656,449,328,95,129,108,173,138,13,188,39,0,0,90,526,235,204,67,1082,0,0,407,46,0,183,629,38,143,202,424,150,79,0,86,156,160,0,100,568,2213,265,40,83,145,50,103,73,183,501,0,235,179,106,63,118,148,412,82,27,143,37,94,124,90,186,291,128,157,137,0,145,183,266,214,0,88,511,0,64,121,81,101,151,108,883,366,276,81,217,0,65,154,140,256,728,221,0,0,336,159,225,137,131,140,267,179,174,0,83,1590,180,301,169,164,386,559,263,350,0,182,94,103,275,191,208,38,0,2210,222,295,0,66,73,43,1013,0,69,111,2051,0,149,665,179,299,164,899,66,446,524,176,192,1576,74,942,193,556,108,72,430,56,79,240,366,72,151,50,73,203,221,60,399,274,81,281,47,404,426,246,62,268,164,0,335,51,44,105,98,108,218,91,163,800,77,148,0,58,107,19,227,958,36,170,304,38,54,36,78,436,734,47,0,114,381,36,66,100,244,56,0,303,286,54,32,355,155,217,402,399,379,259,296,14,95,24,39,0,584,45,189,111,0,194,137,61,51,0,704,60,231,121,158,131,225,239,170,0,0,1565,101,685,82,188,61,0,219,101,0,0,130,653,165,110,585,114,92,37,128,0,252,70,45,0,112,92,0,24,47,359,577,0,241,85,33,275,168,0,0,97,121,1318,153,113,46,0,73,114,0,184,207,50,279,114,67,119,341,53,0,1242,165,404,66,169,145,48,0,69,720,0,186,0,45,65,193,77,47,63,356,0,88,0,157,131,130,291,50,163,20,145,241,1097,1763,162,262,161,241,517,88,217,62,237,159,215,0,386,280,347,320,244,39,25,286,128,0,207,307,14,141,259,245,625,121,402,91,339,37,87,33,164,106,278,465,0,1228,125,0,576,33,0,120,123,0,100,126,1249,45,48,101,356,28,0,416,105,0,212,0,312,33,262,322,219,1547,155,46,957,34,354,84,276,0,456,198,38,42,270,0,308,66,0,237,0,361,539,69,0,423,127,578,171,153,0,112,112,61,0,1107,241,26,41,182,280,66,144,22,41,122,100,122,76,159,78,0,380,40,0,226,111,113,157,0,0,36,849,0,59,42,32,0,0,26,176,522,35,97,210,298,83,282,113,0,62,247,217,83,0,269,577,38,39,76
167,0,0,0,0,0,0,0,0,0,0,0,0,0,0,93,84,128,0,0,0,40,0,0,0,0,0,0,0,0,0,0,0,0,0,0,137,0,0,193,0,0,0,0,0,0,0,0,0,0,66,0,0,0,0,0,0,0,0,0,0,0,0,98,0,0,0,0,0,0,21,0,0,0,0,0,0,0,0,0,42,0,0,0,0,0,0,0,0,0,0,0,33,0,0,0,0,0,44,0,0,0,0,0,0,0,0,0,0,0,0,0,0,0,0,0,0,0,0,0,0,0,50,0,0,0,0,0,0,0,0,0,76,0,0,21,0,0,0,0,0,0,87,184,0,0,0,0,0,0,0,0,0,0,0,20,0,0,0,0,252,0,0,0,0,44,0,0,0,0,0,0,0,0,0,0,0,0,43,0,0,140,0,0,0,28,0,59,41,0,0,0,0,0,109,0,65,0,0,0,0,0,54,0,0,0,0,0,25,0,0,0,0,0,0,0,0,0,0,0,90,0,0,0,74,0,0,38,0,0,0,0,0,0,0,0,0,0,0,0,0,0,0,0,0,0,0,0,0,0,0,0,0,58,47,0,0,0,0,0,0,0,0,0,0,0,0,61,0,0,0,0,0,62,0,0,0,0,316,0,97,0,0,0,0,0,0,0,89,0,0,0,0,0,0,54,0,0,0,0,0,0,0,0,0,125,0,26,0,0,0,0,0,0,0,0,0,51,0,0,0,0,0,0,0,0,18,60,0,0,0,0,39,0,0,0,0,0,0,0,0,0,0,0,0,0,0,0,0,0,57,0,0,0,216,0,0,0,108,0,0,0,0,0,0,0,0,76,0,0,0,0,0,0,0,0,0,0,0,0,0,0,0,0,29,0,0,50,0,0,0,0,59,0,0,0,179,0,15,0,0,0,114,0,0,0,0,0,0,0,0,0,51,0,0,0,133,0,0,77,0,0,0,0,0,0,0,0,67,0,0,0,0,0,0,0,0,0,0,70,0,0,82,45,48,0,97,29,0,0,0,0,84,0,0,0,0,0,0,0,0,0,43,46,0,0,0,0,0,0,0,0,111,0,0,0,0,299,0,0,0,0,0,0,0,0,0,41,33,0,0,0,0,56,0,0,50,33,46,0,0,9,0,41,0,0,113,0,0,0,0,0,0,0,0,0,26,0,23,23,0,0,0,94,0,0,0,19,61,0,0,0,0,0,0,0,0,0,0,42,0,0,0,0,28,0,0,0,31,50,0,0,0,0,0,0,0,0,0,0,50,0,0,0,0,0,0,0,0,0,0,84,0,0,0,0,0,41,0,0,0,150,91,0,47,0,156,88,0,0,0,147,0,0,0,0,0,84,0,0,0,0,0,0,0,121,0,129,0,0,0,0,159,250,0,0,0,0,0,0,0,0,0,0,0,0,43,0,0,0,204,0,0,48,0,0,81,0,0,0,0,0,0,0,0,65,0,0,0,0,159,0,0,21,139,0,0,53,0,186,76,0,47,0,35,0,0,0,0,0,107,0,77,0,275,0,0,44,199,0,0,32,0,34,0,0,0,0,0,0,71,0,0,0,0,0,158,0,67,0,0,0,0,53,30,0,32,48,0,0,0,199,26,0,0,11,0,0,81,32,222,0,0,162,0,70,0,32,0,0,102,0,0,0,0,0,0,0,86,66,0,0,252,85,0,0,0,0,61,0,0,0,0,0,0,0,0,0,0,0,0,0,0,0,0,18,0,0,0,0,0,0,0,0,0,53,0,0,0,0,28,0,51,0,0,0,39,0,0,38,0,0,0,0,0,0,0,0,33,0,0,0,0,57,205,0,0,0,66,0,0,0,0,331,0,179,0,0,0,52,0,0,0,44,0,0,0,48,0,52,215,0,0,45,0,0,69,0,0,0,0,0,0,0,76,41,0,0,0,0,0,0,0,0,0,0,204,113,0,284,65,0,0,76,0,0,0,0,0,0,0,0,0,0,0,44,0,0,0,41,0,0,29,0,0,0,0,0,0,0,0,52,0,58,0,43,102,53,0,0,0,61,0,36,0,0,0,155,170,187,0,0,0,0,0,146,76,42,60,0,0,38,0,0,0,38,0,0,0,32,0,0,0,0,0,0,0,50,0,0,0,0,0,0,0,166,0,0,0,0,17,0,0,81,0,0,0,0,135,0,0,46,0,0,0,0,0,62,0,66,0,0,0,0,0,0,0,0,0,0,0,65,0,0,0,61,374,14,313,0,306,79,0,67,0,0,0,0,0,0,0,0,0,0,0,19,0,49,103,142,0,0,0,0,0,98,361,0,0,0,0,0,36,14,0,0,0,0,0,0,0,84,0,0,29,51,0,0,328,63,29,0,0,0,0,0,0,0,25,0,0,0,50,31,219,0,34,0,40,0,0,58,0,0,0,86,375,54,36,0,52,96,0,0,0,0,0,57,0,0,0,33,0,0,252,0,0,31,27,0,0,134,0,0,75,28,0,0,0,0,43,19,38,0,0,0,70,0,0,56,0,154,0,0,0,0,46,0,0,164,0,45,74,0,27,0,0,22,0,61,0,0,48,0,0,0,0,35,23,0,0,0,0,0,0,0,0,118,40,0,0,0,0,73,0,0,0,0,57,0,0,0,0,0,86,0,77,0,0,0,0,0,0,0,110,0,0,79,0,0,0,0,0,0,0,43,0,0,0,65,0,138,0,0,0,0,0,0,0,0,0,0,0,0,98,0,0,0,0,0,197,0,0,39,56,0,0,0,0,0,0,0,0,0,0,0,0,0,0,111,0,0,0,0,0,18,0,0,0,0,0,0,0,0,0,0,0,0,0,0,0,0,0,0,0,0,83,0,0,0,0,0,41,0,39,0,0,0,0,53,45,73,0,0,0,0,67,0,0,0,50,0,0,0,0,0,0,0,0,0,0,0,0,0,0,0,0,27,0,55,0,75,0,0,0,0,0,0,0,0,0,0,25,0,0,0,0,186,77,0,68,0,0,1202,0,0,0,0,0,0,200,0,0,59,0,33,0,27,54,0,0,0,0,0,0,50,0,0,0,0,0,0,0,44,0,0,0,0,0,38,0,0,0,37,7,0,0,371,0,0,81,0,0,0,62,0,0,36,0,0,0,0,0,0,0,263,0,38,0,309,0,124,39,0,101,0,0,0,0,0,153,66,0,0,0,0,0,0,0,0,0,0,38,0,0,61,0,0,61,0,0,33,0,0,0,0,0,0,0,130,111,37,0,74,0,0,61,0,0,0,0,0,61,0,16,0,0,0,0,44,29,0,0,0,22,43,0,46,0,46,0,0,0,0,24,0,0,0,44,0,0,48,50,0,0,0,0,0,0,97,0,0,0,110,77,0,0,0,0,0,0,0,0,0,36,210,14,0,0,42,0,46,59,0,0,39,0,0,38,49,0,0,0,31,93,127,35,53,58,0,0,234,0,0,0,0,0,0,45,43,0,0,0,0,0,0,0,85,0,113,57,0,0,0,129,0,0,46,0,79,0,0,0,135,0,0,0,0,0,0,0,0,0,60,0,0,103,299,0,0,48,60,0,0,77,90,0,0,0,0,0,0,0,109,0,0,210,0,0,0,0,0,53,0,0,0,72,0,39,0,0,0,0,0,0,0,0,0,52,82,0,0,0,0,28,0,70,40,68,0,0,42,201,0,0,24,0,0,81,0,40,0,66,68,0,0,68,0,0,25,0,50,74,72,0,49,0,0,0,0,0,73,0,0,0,0,0,0,0,0,0,0,80,22,0,0,0,297,40,0,0,52,0,0,25,0,0,0,0,0,0,256,72,0,0,0,0,108,0,0,0,16,0,0,0,0,0,0,0,0,0,0,0,0,66,0,0,0,266,0,0,0,0,49,0,0,113,0,40,0,0,0,0,0,44,131,86,0,0,53,0,0,48,0,0,58,0,0,50,0,0,0,0,0,0,135,0,116,31,0,0,0,32,32,68,0,0,0,239,51,81,0,0,0,64,0,114,0,0,87,61,36,0,0,0,11,0,0,0,0,58,51,0,0,0,0,0,0,40,0,804,0,0,75,0,0,0,41,0,147,71,0,76,0,0,0,0,34,0,118,44,46,0,0,0,37,0,0,111,0,0,0,0,47,0,51,30,203,68,0,146,48,32,0,0,0,86,161,0,105,97,0,44,0,0,0,0,0,0,0,0,0,0,0,92,105,71,0,0,0,0,0,0,0,0,0,45,313,0,0,0,0,0,214,55,0,85,176,0,132,84,0,0,0,145,0,0,0,113,0,45,0,25,0,45,0,67,0,0,0,187,0,92,145,116,59,0,0,0,0,0,0,79,65,0,0,53,0,0,142,0,0,65,0,0,434,0,0,0,0,15,0,0,57,0,0,159,96,143,0,67,35,51,0,17,40,0,113,0,0,37,0,0,69,260,45,0,0,0,0,84,254,59,0,91,141,0,0,76,71,146,0,141,0,0,0,0,0,0,328,158,165,56,29,0,0,0,0,0,28,0,0,62,0,0,0,0,79,0,0,0,0,0,135,0,0,136,0,162,95,0,0,206,0,0,0,0,37,329,0,53,0,0,0,0,113,35,38,170,27,0,37,72,0,0,0,0,0,59,240,0,0,0,0,68,0,47,0,0,0,0,171,0,99,0,41,0,54,0,0,0,73,0,0,61,203,0,57,0,547,0,0,0,0,0,0,262,0,56,0,434,0,0,0,0,0,0,0,35,0,55,70,0,28,0,0,57,235,0,0,0,0,0,0,58,135,35,141,0,0,93,0,0,62,0,0,0,0,0,0,16,0,0,56,44,0,44,47,0,0,0,113,0,0,0,38,0,54,0,0,0,0,0,0,0,0,43,0,0,94,180,68,43,0,0,0,0,0,0,0,0,0,89,208,42,144,83,0,34,0,0,0,0,0,0,0,0,0,93,0,74,221,0,0,67,21,44,0,0,0,0,32,0,160,47,0,0,0,36,35,0,61,0,0,0,0,91,0,0,0,0,0,0,0,0,147,0,229,70,0,0,0,0,0,0,73,51,0,78,0,0,0,23,41,0,0,0,0,342,0,66,0,0,0,0,48,64,0,0,0,0,0,0,0,95,0,0,0,0,168,0,0,172,0,0,0,34,0,0,30,0,0,103,0,0,64,82,0,0,0,0,29,0,0,0,0,0,0,0,0,0,0,29,75,0,0,81,52,0,51,49,0,0,0,59,33,0,0,0,0,124,0,0,75,0,155,77,0,0,0,0,72,0,117,0,0,0,0,27,0,0,64,0,0,0,0,73,0,0,110,145,40,0,0,43,63,0,0,0,58,0,31,0,77,0,343,0,0,0,0,0,54,104,30,0,0,59,0,0,0,66,0,140,129,130,0,159,0,0,0,0,85,0,0,0,0,0,61,0,72,28,0,47,0,0,0,0,0,0,0,0,0,29,0,0,352,0,0,153,0,0,0,0,0,90,42,0,77,48,0,0,0,0,0,0,0,105,0,0,0,0,0,0,0,0,145,0,0,0,0,249,0,0,37,0,144,0,0,0,0,34,0,0,25,0,0,0,0,77,51,0,0,0,120,0,0,0,0,0,0,0,48,0,0,99,0,0,0,84,48,0,22,46,0,0,99,0,0,37,0,0,0,0,0,0,0,0,0,0,0,0,0,86,0,0,67,0,0,0,100,0,26,0,27,0,16,0,49,0,0,0,0,0,162,45,0,0,67,0,0,0,0,59,0,0,0,0,0,0,0,0,0,0,0,0,0,0,0,0,28,0,0,0,0,0,0,60,77,0,0,39,0,0,0,0,0,0,0,57,55,25,0,34,0,0,0,0,0,0,0,0,0,99,44,53,21,34,44,0,0,64,0,0,124,0,194,0,54,0,62,68,172,0,0,0,0,69,0,28,24,0,164,0,41,0,0,0,0,85,0,0,0,124,0,0,81,59,0,0,90,0,40,0,0,0,417,0,313,0,0,0,0,140,0,86,0,67,49,0,0,0,0,0,0,0,0,0,0,0,47,129,79,0,0,0,0,75,0,0,0,0,0,0,44,33,46,0,0,0,0,39,0,0,67,0,0,83,0,0,0,0,0,92,0,0,53,162,0,0,0,88,0,0,26,106,64,0,220,0,82,156,88,85,59,48,0,37,21,0,0,70,0,27,43,0,0,63,0,0,0,129,22,95,56,109,63,38,95,73,0,0,298,95,83,0,0,25,0,0,41,0,0,0,345,190,32,72,151,83,0,0,0,0,0,0,57,21,67,0,0,0,312,218,0,0,0,0,162,156,0,0,0,37,420,76,0,0,0,0,52,0,0,96,0,141,0,32,119,343,0,0,430,0,67,0,0,51,0,0,0,261,0,144,0,0,0,74,86,0,0,42,38,0,0,86,0,31,162,0,0,0,38,61,392,536,0,155,76,109,101,55,46,0,0,47,131,0,105,89,132,112,25,28,0,63,32,0,72,176,0,95,58,140,207,0,74,0,0,0,0,0,0,0,119,138,0,964,97,0,424,0,0,0,0,0,62,0,317,0,0,0,121,0,0,71,0,0,20,0,51,0,115,38,120,400,80,0,104,0,98,0,82,0,220,47,0,0,154,29,108,0,41,38,0,99,205,33,0,165,0,0,138,47,0,35,37,0,0,479,188,0,0,32,147,0,94,0,24,53,0,77,0,54,55,0,169,0,0,181,25,0,187,0,40,0,84,0,0,0,0,0,0,0,45,191,0,25,143,245,51,58,0,0,27,57,45,0,0,81,181,47,0,0
168,0,33,0,65,57,253,97,0,181,0,723,58,62,0,231,336,353,58,43,65,521,79,85,109,325,0,77,127,99,78,50,84,0,126,159,368,0,168,799,232,153,79,0,722,0,108,82,744,0,336,66,244,204,51,399,48,27,0,59,0,269,178,506,67,119,253,68,57,25,716,0,61,66,0,577,239,39,1155,0,268,41,112,213,439,107,55,0,160,85,502,151,84,202,227,64,68,0,200,82,0,69,56,293,48,52,58,51,260,73,363,127,99,315,320,110,80,183,69,0,450,48,662,93,35,64,74,55,183,85,226,0,445,59,199,142,268,199,160,103,191,191,283,363,0,0,73,84,143,244,0,91,189,93,268,136,28,196,88,392,512,114,0,183,150,124,114,0,404,274,412,392,67,177,0,109,96,130,270,209,95,407,0,68,65,78,72,828,447,0,0,0,129,116,264,33,148,0,38,306,35,156,197,58,597,83,114,80,102,287,237,214,71,100,78,315,129,123,38,63,229,300,43,49,420,22,27,201,350,72,159,38,0,61,0,25,55,138,451,89,0,240,149,175,157,0,225,0,72,0,115,115,360,116,360,109,109,50,64,143,366,403,201,72,101,40,37,768,206,735,115,41,245,369,216,183,133,53,1385,603,247,0,115,218,156,179,79,480,2449,100,119,83,439,44,29,168,55,133,178,118,71,73,99,62,55,579,226,172,0,210,212,738,278,0,38,114,125,470,158,111,74,91,49,92,422,192,0,275,34,0,337,0,228,138,68,175,0,20,40,101,19,91,49,168,174,73,0,63,177,1230,304,190,42,268,485,40,97,230,510,456,66,101,226,45,152,359,525,214,163,73,186,103,114,70,157,257,375,0,0,332,126,80,104,89,121,1341,113,266,83,0,62,48,1140,61,169,104,925,90,224,136,0,84,180,21,77,97,105,67,119,72,149,0,86,46,0,0,277,169,305,420,56,176,160,0,191,190,133,125,379,53,0,35,157,43,320,22,84,81,0,144,22,0,389,213,337,136,569,169,0,126,0,0,348,0,200,42,146,78,0,71,290,70,398,275,0,89,50,110,55,87,62,90,490,175,99,134,221,302,328,196,255,0,218,233,279,0,23,83,281,317,380,186,55,391,0,128,430,287,120,44,0,288,49,947,151,113,343,149,144,38,119,99,52,87,36,30,455,123,178,281,261,114,246,614,143,46,113,156,289,29,50,0,26,22,146,134,44,0,0,358,83,240,449,40,39,61,203,0,120,588,279,217,84,108,89,58,0,127,120,125,244,453,0,61,151,589,124,53,0,43,396,232,81,0,51,61,0,286,42,92,291,252,250,0,378,0,475,803,172,0,123,908,0,189,34,0,0,323,27,88,0,42,54,243,120,283,156,174,113,99,0,61,684,769,202,0,135,151,22,85,0,61,0,73,125,74,93,33,0,151,269,55,35,83,52,89,38,181,0,0,37,36,324,0,81,278,71,142,60,540,533,67,0,89,601,0,210,84,162,249,196,89,75,0,49,329,0,113,55,82,265,68,198,28,491,83,86,160,660,0,34,44,156,88,341,87,138,96,233,0,357,91,116,0,154,0,258,37,467,0,68,135,29,146,224,86,70,191,268,135,86,55,319,0,0,0,0,73,289,95,465,110,110,1622,260,330,225,131,0,0,271,174,44,103,220,0,0,36,236,166,367,61,1471,264,0,173,0,0,161,0,47,60,100,41,348,56,0,35,0,47,0,116,44,51,41,170,0,58,47,166,275,203,139,50,0,202,69,55,42,78,191,96,176,64,0,0,344,159,252,705,0,0,60,41,0,132,0,84,75,65,134,112,95,76,230,93,191,191,111,32,135,33,361,413,114,642,63,54,54,150,319,0,461,57,0,84,140,116,46,338,152,0,51,96,42,0,159,73,48,0,0,64,538,0,283,156,0,154,53,58,325,0,374,108,0,0,577,568,160,614,62,57,0,307,83,246,67,0,62,0,0,74,54,63,713,214,70,43,0,149,29,63,117,85,134,96,0,230,0,82,98,316,43,133,206,214,347,79,71,70,182,293,0,106,0,57,78,78,184,70,171,45,80,59,98,576,57,126,153,0,221,272,99,0,46,204,80,58,0,111,68,70,67,47,66,76,57,97,118,0,34,170,0,155,0,240,0,41,70,84,48,0,0,95,144,0,79,0,592,0,0,119,30,184,271,70,0,210,116,329,49,96,0,426,109,0,0,592,72,0,148,367,0,0,79,147,306,0,243,0,1484,67,79,89,113,37,35,0,0,82,96,63,204,0,0,250,121,146,776,291,66,49,0,135,0,572,1122,383,54,140,0,0,138,0,108,0,298,111,75,0,0,73,41,0,33,344,0,136,1610,62,177,99,133,216,104,0,141,128,75,0,65,0,51,69,869,0,200,115,209,74,0,290,112,90,127,596,312,170,311,0,288,41,63,181,0,60,0,16,0,75,0,86,0,128,1042,0,30,69,53,0,51,301,117,156,160,70,40,63,0,0,34,78,381,0,77,78,186,29,0,135,134,97,192,373,0,57,470,71,0,393,72,152,526,45,67,0,55,160,59,301,0,0,284,800,0,38,0,148,138,0,0,0,43,35,23,82,100,173,126,95,88,108,170,99,377,0,80,108,398,104,30,73,315,319,105,124,110,0,344,56,68,0,0,69,183,34,89,322,228,37,70,0,0,0,65,315,555,45,48,62,0,440,252,0,348,86,53,45,0,52,0,49,0,133,139,0,77,195,48,17,626,0,0,123,132,0,37,105,0,88,67,0,0,0,79,0,88,38,32,139,0,0,0,119,168,76,129,0,0,70,40,241,0,136,180,41,37,0,77,0,28,0,108,45,80,0,163,39,0,184,0,40,141,0,192,51,0,68,0,158,144,209,0,63,0,74,291,82,0,72,186,70,43,25,60,93,0,77,51,0,187,81,103,128,0,32,130,61,0,108,41,482,0,0,69,125,38,51,343,444,22,46,290,0,185,0,0,506,173,76,274,21,0,1094,87,115,0,67,51,67,314,0,74,196,103,230,0,232,100,0,0,0,56,0,84,204,0,47,0,89,70,109,0,88,324,49,48,0,55,63,50,0,52,167,0,0,0,1083,314,34,340,72,88,260,191,48,30,130,0,111,70,20,113,160,30,314,63,91,67,565,0,488,139,0,366,31,0,0,0,0,158,112,106,134,94,357,0,120,0,204,24,89,128,0,43,207,75,0,105,93,0,81,123,96,82,63,88,81,52,332,128,81,39,182,64,54,175,66,0,369,0,66,204,0,34,0,168,0,85,177,57,91,30,417,52,117,89,202,0,151,401,0,42,124,42,47,49,51,57,152,0,129,101,115,141,0,97,0,54,146,73,117,0,406,158,123,0,37,125,75,0,68,159,53,229,311,58,0,0,83,84,130,92,0,0,92,0,0,61,215,99,0,71,120,64,362,0,105,78,0,0,299,0,0,0,87,123,0,225,120,0,41,61,0,0,187,0,153,0,186,216,0,0,411,250,42,37,42,93,153,0,44,113,322,0,258,0,0,79,94,0,38,73,309,0,0,215,903,0,0,300,80,0,87,187,239,0,75,60,65,72,0,0,229,0,0,683,0,171,73,68,104,103,0,40,0,137,0,107,38,54,0,0,0,98,0,0,350,393,0,0,46,107,43,132,37,177,107,56,68,41,76,716,0,0,43,0,47,88,0,178,295,111,92,100,52,80,74,0,204,0,39,123,150,49,202,205,100,58,0,0,726,53,0,86,0,299,0,48,0,21,0,581,200,37,51,0,323,95,144,62,71,0,192,33,550,0,0,26,94,55,683,73,84,48,47,215,215,52,103,0,223,40,145,40,184,162,30,0,0,61,0,125,41,29,563,0,0,1148,23,0,0,183,37,0,0,184,0,53,0,0,0,0,239,205,247,259,57,103,71,0,23,85,0,71,150,0,27,0,0,37,273,0,0,67,298,48,76,0,30,46,23,189,313,169,177,124,34,206,68,830,41,50,28,87,22,534,91,0,142,143,44,0,57,0,0,0,32,0,0,500,89,43,0,0,0,0,35,143,0,874,0,151,125,0,0,44,42,0,206,119,0,87,84,0,130,167,0,37,58,58,44,64,0,148,167,112,43,74,0,0,688,0,57,0,56,0,116,252,0,141,68,82,0,0,0,180,156,80,0,73,0,58,75,0,0,53,28,100,0,0,93,114,183,122,301,41,128,47,0,55,0,0,104,0,83,36,312,96,80,64,19,0,524,53,84,65,102,0,451,85,0,44,107,172,63,67,0,229,0,73,45,0,0,98,83,308,0,0,0,149,140,41,124,195,180,0,0,0,395,35,0,47,24,0,0,52,46,276,74,56,129,0,0,17,585,0,49,254,83,0,0,0,59,83,0,227,42,304,0,57,0,0,0,22,231,67,69,241,30,75,264,121,75,513,176,192,0,55,0,114,174,149,134,47,157,46,0,58,152,124,0,165,349,0,0,0,0,86,211,167,80,267,60,20,91,0,24,0,169,0,0,40,0,305,0,82,275,0,0,0,0,87,109,47,48,95,103,118,185,0,44,218,64,26,0,39,294,574,0,73,22,36,40,0,77,0,267,241,117,140,207,112,32,21,0,0,232,64,315,0,63,0,174,166,91,135,0,0,77,0,137,0,203,0,38,0,47,0,0,123,183,36,0,0,374,123,29,36,1256,0,0,21,0,0,0,130,83,0,126,225,0,0,129,0,0,166,81,52,0,0,89,0,131,110,93,142,257,37,139,0,132,40,98,81,238,56,79,108,0,239,169,82,66,91,133,0,91,0,18,38,0,85,99,274,39,222,334,18,0,0,211,223,88,0,53,0,122,73,76,75,132,40,0,0,0,98,104,116,268,320,979,102,0,0,0,27,103,253,0,0,118,184,673,70,375,75,78,518,0,135,0,88,0,72,44,31,38,115,0,283,394,0,79,233,0,46,0,0,72,113,273,99,460,98,46,0,31,553,191,0,345,50,0,65,0,233,35,255,60,0,71,54,0,234,178,67,458,109,0,37,113,80,157,53,120,120,0,185,43,23,178,162,0,76,188,17,0,1869,0,196,84,54,107,28,112,264,24,0,40,55,57,88,63,168,0,109,0,40,285,0,113,241,0,55,29,62,52,0,72,0,65,160,77,485,169,165,0,25,83,52,82,61,94,0,0,76,124,43,0,186,92,50,468,0,0,219,79,43,94,163,214,0,55,46,50,69,0,0,22,67,36,75,198,0,170,262,0,103,0,0,127,67,49,315,49,298,128,560,138,115,260,0,96,71,49,113,143,155,283,272,61,74,0,83,88,46,0,19,166,32,45,32,133,243,2502,67,0,58,0,36,118,341,82,128,48,138,97,50,0,133,0,298,375,59,0,279,0,28,158,44,52,106,64,0,0,114,54,165,112,33,326,336,0,0,0,57,0,130,0,34,0,13,0,0,2048,0,44,780,82,165,0,313,0,125,110,37,419,41,0,0,123,0,0,61,47,225,44,95,0,31,25,0,0,0,250,123,0,0,0,685,0,65,195,180,216,0,0,22,81,217,0,0,181,0,0,54,0,53,147,34,244,99,110,0,77,0,95,0,105,0,65,0,1029,244,52,76,34,308,0,72,79,93,16,344,63,85,0,126,42,0,0,0,55,78,0,0,41,111,134,0,0,664,0,0,146,0,0,0,202,0,46,151,283,0,0,0,196,39,64,0,47,247,115,127,0,0,194,30,0,0,0,61,0,53,160,70,67,0,83,336,0,0,0,0,46,0,0,39,235,0,51,110,0,23,96,75,60,60,82,488,0,27,122,0,100,46,71,592,138,0,0,60,58,0,45,62,138,449,100,0,0,207,147,101,172,0,59,132,104,171,0,37,127,35,492,54,121,49,156,55,315,17,109,0,0,183,0,0,44,24,1034,134,209,0,27,41,0,69,0,0,63,275,0,43,165,102,58,0,265,0,146,475,116,95,423,0,295,27,327,0,68,267,0,142,75,274,78,135,0,0,126,193,0,65,0,68,51,0,206,185,199,0,81,108,0,81,0,0,136,0,75,84,0,263,186,26,15,0,0,70,0,124,237,65,39,50,0,0,0,0,291,23,0,0,74,265,41,61,102,226,48,0,88,160,65,19,247,113,67,292,169,190,109,95,0,55,0,0,0,249,0,0,57,0,127,100,40,42,0,407,0,113,81,213,99,230,103,87,0,0,304,33,292,63,93,74,0,36,31,0,53,0,347,122,0,154,87,122,0,70,0,197,92,29,50,71,43,50,44,38,396,393,0,66,29,0,116,129,0,0,47,0,224,67,83,0,0,49,74,71,60,0,0,188,44,56,105,258,56,0,590,108,205,42,71,54,59,0,53,280,0,106,0,69,0,75,75,0,0,202,0,0,0,67,99,44,208,38,70,0,105,161,1109,788,67,124,225,132,344,0,144,25,65,92,112,0,123,204,123,143,90,32,0,105,96,0,266,207,0,102,98,128,895,0,172,45,109,0,0,34,63,57,137,95,0,778,77,0,303,0,0,102,64,0,67,29,165,0,0,34,90,0,0,143,32,0,108,0,202,39,129,134,110,1053,135,0,219,62,289,74,194,0,231,155,0,25,213,0,227,32,0,184,0,225,245,27,35,190,53,232,191,94,0,50,63,0,0,842,141,27,0,60,200,62,78,0,0,0,0,83,49,150,0,0,203,33,0,162,105,77,128,0,38,0,610,0,0,0,0,0,0,0,169,383,0,72,160,97,50,216,55,0,42,60,0,58,0,118,468,0,0,0
169,0,0,0,0,0,0,0,0,0,0,0,0,0,0,50,58,74,0,0,0,41,0,0,0,41,0,0,0,0,0,0,0,0,0,72,27,0,0,69,0,0,0,0,0,0,0,0,34,0,0,0,0,0,0,32,0,0,0,0,0,0,0,0,0,0,0,0,0,0,38,0,0,0,0,0,0,0,0,0,0,0,0,0,0,0,0,0,0,0,46,0,0,20,0,0,0,0,0,0,0,0,0,0,0,0,0,0,0,0,0,0,0,0,0,0,0,0,0,0,0,0,0,0,0,0,0,0,0,0,0,0,0,0,0,0,0,0,0,0,0,0,0,127,0,0,0,0,0,0,0,0,0,0,0,19,0,0,0,20,93,0,0,0,0,0,0,0,36,0,20,65,0,0,0,0,0,0,0,0,0,0,0,0,0,0,21,50,0,0,0,0,0,0,0,0,55,0,0,0,0,0,34,0,48,0,0,0,0,39,0,0,34,0,0,0,0,0,0,0,78,0,0,0,0,0,0,0,122,0,0,0,0,0,0,0,0,0,0,0,0,0,0,0,0,0,0,0,0,0,0,0,0,39,0,0,0,0,0,0,133,0,0,0,0,0,0,0,0,0,0,0,0,0,0,0,0,0,120,0,0,0,0,0,0,0,0,85,0,43,0,0,63,0,0,0,0,0,0,0,0,0,0,0,0,60,58,23,0,0,0,85,0,0,0,0,0,19,0,0,0,0,0,26,0,0,0,44,0,0,30,0,30,0,0,23,0,0,0,0,0,0,0,52,0,0,0,0,0,246,147,0,0,38,57,0,0,0,207,70,0,0,0,0,0,76,77,0,0,0,34,0,0,0,0,70,0,0,0,0,0,0,0,0,30,62,0,37,0,0,0,0,118,0,0,0,138,0,0,0,0,0,0,0,0,54,18,0,0,0,33,0,0,0,0,0,55,0,0,0,0,91,0,0,0,0,0,0,0,0,0,0,0,0,0,0,0,0,0,17,0,0,0,0,0,42,109,64,0,0,0,0,74,0,0,0,0,0,0,0,0,0,0,0,0,0,16,0,0,0,0,0,102,0,44,0,0,136,0,0,0,0,0,0,34,0,0,0,0,69,0,0,0,45,0,0,0,0,0,0,0,0,0,121,0,0,46,45,0,0,0,16,0,0,0,0,0,0,0,0,0,0,0,0,33,0,0,0,80,0,0,0,0,0,44,0,0,0,0,0,0,0,45,0,0,0,0,0,0,0,0,0,0,0,0,0,0,0,39,0,73,104,0,0,0,157,0,0,0,0,66,0,0,0,0,0,0,79,0,0,0,76,0,0,0,0,85,0,0,0,0,0,0,0,0,0,0,0,0,0,0,0,0,84,33,0,51,47,53,46,0,0,163,182,0,0,0,63,0,0,0,0,0,0,39,0,0,7,0,0,104,0,0,0,0,0,0,43,28,0,0,0,59,0,0,144,0,89,0,137,117,0,0,38,526,0,0,0,0,116,0,0,46,0,0,79,35,0,21,0,66,0,62,0,174,0,28,0,25,0,0,0,0,29,0,0,0,0,75,0,0,25,35,0,0,33,88,29,239,0,0,74,0,0,0,0,0,0,38,49,0,91,95,0,0,0,0,25,61,0,0,0,0,95,121,117,91,0,0,0,0,0,0,0,60,0,0,0,214,0,30,38,54,92,0,0,0,0,0,0,0,61,0,0,116,0,0,23,0,38,0,0,0,0,0,0,0,60,0,60,49,0,50,0,0,100,35,0,0,57,77,0,35,0,0,0,33,55,50,196,0,0,55,0,0,0,0,0,0,33,45,0,33,0,135,18,72,0,46,0,48,0,170,97,19,168,0,0,0,41,0,0,66,0,0,30,42,0,0,0,101,0,0,26,0,0,0,0,0,0,0,0,173,0,0,0,0,35,33,0,0,0,79,0,0,0,170,118,45,161,0,0,0,96,0,0,0,0,0,0,0,0,0,0,177,0,31,0,0,39,0,87,68,0,0,71,0,27,0,0,0,186,0,107,0,86,87,0,0,88,10,322,0,0,0,0,0,70,108,34,103,0,0,0,0,113,77,52,59,0,42,0,51,28,29,41,84,0,0,0,0,0,0,0,42,0,0,0,67,0,0,73,0,0,0,0,0,0,40,0,113,0,0,91,0,0,36,43,0,0,0,63,30,23,234,35,0,62,0,293,0,0,0,86,54,0,0,281,0,0,0,94,0,0,116,59,129,52,362,0,629,64,22,0,0,0,0,0,0,86,58,0,46,0,0,150,29,0,125,0,0,0,0,62,0,78,241,118,56,47,0,0,0,0,0,0,177,97,34,0,0,26,0,65,0,0,0,116,175,0,130,0,41,0,0,27,46,145,104,0,72,0,0,0,0,0,0,130,66,71,0,379,0,87,0,80,492,135,65,0,92,0,48,148,0,39,0,0,0,58,0,95,0,0,150,0,30,0,57,0,53,263,0,62,0,58,0,0,0,28,74,0,0,0,0,95,0,33,0,0,30,63,47,460,0,52,261,30,0,206,0,73,0,0,0,0,0,64,0,0,0,0,44,416,0,0,0,0,0,0,0,22,0,32,0,0,0,148,85,38,33,120,0,0,70,0,0,0,51,0,0,48,165,43,157,0,70,0,0,72,98,0,36,118,0,0,87,116,62,0,51,0,0,0,20,71,334,44,0,99,0,258,55,0,0,51,0,59,0,0,0,0,41,55,204,0,37,148,0,0,211,0,0,43,98,0,0,0,21,42,0,0,0,0,27,0,0,0,0,156,0,0,34,136,169,0,0,0,0,61,0,29,0,65,59,0,76,0,0,0,0,0,0,0,128,0,52,0,0,23,0,0,64,45,102,0,0,72,0,131,0,177,0,0,0,0,202,0,0,33,167,49,0,0,58,0,0,0,41,0,0,77,0,107,0,0,0,56,0,43,0,72,65,0,0,121,51,0,82,301,18,0,241,0,171,28,0,216,95,0,229,0,0,282,0,101,0,78,21,0,518,0,72,50,65,97,0,27,0,0,0,24,0,0,33,31,0,32,0,73,0,62,0,160,196,0,0,0,0,30,43,0,0,195,0,0,0,723,169,0,200,26,0,187,137,0,0,0,0,40,0,31,78,136,0,274,0,111,0,270,0,99,153,0,52,0,0,0,0,0,45,47,72,86,64,111,0,0,0,108,0,0,203,0,0,81,51,0,59,42,0,38,36,52,102,41,0,117,59,322,208,47,128,161,0,24,125,0,0,129,0,31,0,0,0,0,131,0,43,144,76,32,0,249,0,40,71,98,0,137,270,0,0,37,0,39,0,0,0,80,0,85,70,52,0,0,0,0,64,109,34,0,0,409,68,59,64,48,0,0,0,0,79,49,63,149,0,0,48,179,0,0,82,40,0,0,0,0,127,262,110,0,0,48,0,91,0,18,142,0,0,70,0,0,0,205,0,17,90,68,38,0,52,0,0,237,26,84,0,180,131,57,0,0,90,0,0,136,58,93,0,0,0,413,0,67,0,9,0,122,0,0,80,179,68,0,94,541,0,0,96,70,0,76,111,170,0,102,0,100,40,49,0,68,0,69,72,0,91,0,0,0,80,0,73,82,54,0,301,0,0,0,0,0,58,0,0,50,45,21,0,48,0,48,69,0,111,74,34,0,63,0,425,0,62,0,0,0,72,0,218,221,0,100,0,0,81,48,0,45,66,0,97,85,0,138,116,129,0,0,0,530,0,0,0,57,351,0,100,0,0,0,407,45,0,0,0,78,108,0,0,72,0,45,0,140,0,0,0,122,0,48,98,0,0,0,26,87,54,46,0,0,0,31,106,76,189,0,92,0,26,0,0,0,126,0,0,0,369,31,0,0,61,87,0,0,99,86,41,42,0,0,26,163,39,183,512,38,0,139,0,41,0,0,0,183,0,0,0,0,0,82,0,0,26,362,0,220,0,23,0,30,63,0,113,131,0,0,363,41,224,0,0,0,71,0,235,0,75,48,73,0,0,0,0,0,0,68,0,44,373,0,0,0,0,0,0,47,0,0,414,26,44,62,0,24,0,79,0,371,0,0,104,32,0,31,0,138,0,242,41,52,0,0,0,31,0,0,99,0,0,137,0,61,0,44,140,86,162,62,73,0,0,0,0,0,76,189,0,43,217,0,40,0,0,0,0,0,0,56,0,46,67,91,80,60,43,0,51,68,0,0,0,0,42,51,82,199,0,81,0,0,65,367,65,0,85,170,0,248,54,0,0,35,294,146,58,0,0,32,66,0,50,0,24,86,232,0,0,0,196,29,65,104,85,64,0,0,37,162,0,0,36,93,29,0,0,0,86,370,33,0,64,0,0,351,0,42,269,0,0,0,0,0,0,0,306,75,173,0,36,0,0,0,0,58,0,64,35,0,0,48,56,55,375,41,23,0,0,69,172,325,84,41,60,395,0,0,263,87,348,40,124,0,93,46,0,0,0,286,138,205,130,0,0,68,35,0,0,86,0,0,148,0,43,0,0,189,0,0,0,0,49,54,50,0,145,19,177,104,23,0,421,33,0,0,0,272,470,0,32,0,37,0,0,83,90,52,162,62,49,0,132,0,0,0,35,69,77,129,0,52,0,0,163,63,69,0,0,130,0,57,0,0,0,63,0,52,0,25,60,113,0,0,63,207,88,0,0,680,0,0,0,0,0,0,171,0,71,42,431,0,0,0,0,0,69,56,25,44,61,165,0,29,27,0,51,236,0,92,20,0,0,83,40,225,92,235,49,0,106,132,41,0,78,64,110,55,0,0,98,0,56,27,48,0,221,80,0,0,43,53,119,69,0,41,0,36,158,93,70,96,0,0,0,0,115,126,84,296,261,267,0,0,0,0,0,63,52,0,29,79,61,413,34,277,56,53,86,38,119,0,47,40,37,89,0,0,63,0,77,204,0,52,130,0,53,0,0,53,25,189,0,79,88,43,91,28,281,61,0,227,0,0,0,124,153,47,0,164,0,136,0,0,42,97,29,395,150,0,0,123,66,42,0,86,66,0,151,32,0,260,195,0,27,110,0,0,510,0,59,87,0,0,0,78,148,0,0,0,42,88,0,30,222,0,0,0,0,621,52,84,295,46,84,0,0,31,0,15,36,71,91,65,102,244,103,0,0,52,124,0,53,0,0,0,0,0,42,0,56,0,0,181,0,0,124,0,0,258,70,144,0,0,52,17,0,0,0,0,100,0,78,77,0,200,172,0,0,0,0,97,0,38,148,213,205,48,63,60,9,94,0,0,126,38,66,94,251,96,151,29,0,0,78,75,0,0,41,51,50,0,81,62,61,554,0,0,0,91,0,0,214,65,245,0,0,24,57,0,81,0,206,238,0,72,241,0,0,102,36,0,0,0,0,0,90,60,97,71,50,175,58,0,0,0,0,0,164,53,0,0,67,0,40,181,0,0,994,63,83,20,132,42,247,186,0,26,110,45,0,93,0,0,92,0,227,0,71,43,40,70,0,0,13,538,136,0,0,0,147,0,100,148,230,115,0,0,55,0,0,0,0,149,0,50,28,37,133,138,65,61,70,163,10,0,53,35,0,59,0,96,0,582,90,20,0,0,0,124,0,94,0,80,252,179,176,44,46,0,0,58,0,169,0,53,0,0,173,128,0,0,286,0,0,74,0,0,27,135,0,59,0,130,0,47,0,0,64,58,0,0,174,330,87,0,0,43,48,48,0,47,78,46,84,29,43,95,0,170,144,0,0,29,0,30,37,37,84,79,34,35,21,0,68,35,110,75,0,19,203,0,0,138,0,138,53,70,165,151,83,47,105,0,0,37,49,71,591,79,0,0,267,46,231,73,69,62,88,35,82,0,36,291,78,0,53,148,53,97,67,0,0,43,80,51,424,73,31,0,23,692,63,30,0,40,0,0,169,0,30,50,227,0,51,163,76,93,40,196,0,105,81,55,0,1190,0,648,52,82,0,73,590,0,23,155,67,78,31,0,0,59,61,0,55,56,0,57,0,121,263,119,0,93,58,0,227,0,16,78,0,102,59,57,378,213,37,0,0,0,59,31,167,293,0,67,192,0,28,0,0,77,79,0,40,63,166,0,0,143,112,0,0,0,57,37,0,156,60,0,0,76,247,82,0,0,41,0,0,0,145,46,0,0,0,80,94,0,0,0,167,0,189,39,305,63,61,76,73,0,0,219,0,303,0,81,78,0,0,0,0,0,46,351,68,0,182,40,153,0,64,0,0,103,68,0,0,0,40,43,0,441,96,39,90,0,0,230,112,0,0,48,0,230,65,0,0,25,0,72,73,78,76,0,90,0,67,134,38,0,0,196,128,0,0,40,46,0,0,0,217,0,0,0,0,0,46,36,0,37,0,55,51,0,39,0,0,104,0,30,0,50,150,0,786,0,61,0,127,150,112,120,55,126,45,191,0,0,93,108,32,57,78,0,0,148,0,225,109,0,0,61,259,115,0,116,0,81,28,0,0,0,0,130,269,0,751,126,0,512,0,0,73,0,0,0,47,490,0,0,36,217,0,0,50,0,0,0,0,100,51,134,96,176,57,91,0,139,49,148,0,240,0,32,51,0,0,173,76,146,0,54,65,0,86,178,0,0,48,52,411,501,0,0,0,0,0,0,1898,124,0,0,0,82,8,0,0,31,0,32,152,60,101,0,0,0,0,0,287,59,0,90,34,64,0,165,46,0,0,0,0,0,0,49,225,0,65,232,0,63,80,23,0,0,0,0,0,0,0,359,57,39,30
170,0,0,0,81,0,59,110,0,129,0,204,0,43,50,269,388,455,27,77,34,398,113,126,101,185,30,47,136,53,0,0,108,0,65,256,242,0,89,468,197,50,77,30,162,0,142,36,519,43,246,93,158,79,54,217,0,0,0,51,0,243,121,516,56,59,259,64,43,65,260,0,61,97,36,402,232,39,154,49,232,0,59,157,753,83,97,0,0,89,330,132,71,134,224,58,62,0,87,84,0,0,52,203,31,68,83,43,160,116,656,75,129,269,313,87,100,212,52,46,693,66,570,41,0,68,41,67,160,71,197,0,707,0,76,185,140,88,159,120,422,54,244,552,0,0,98,168,113,328,0,53,225,94,144,131,0,189,48,285,324,79,49,165,46,168,68,60,225,248,579,275,74,56,36,114,25,117,164,62,66,640,0,106,50,66,57,973,324,0,22,0,237,93,343,40,206,47,58,114,39,125,360,65,867,52,74,0,49,171,431,330,64,154,45,189,107,140,41,44,281,335,104,0,646,0,0,156,549,0,137,75,57,57,37,0,54,124,400,88,44,152,81,57,79,21,353,61,125,0,69,93,623,146,337,104,61,0,117,108,497,193,147,85,110,42,0,510,305,746,0,43,355,749,47,127,183,0,1214,532,135,0,193,252,124,30,101,270,3460,131,195,0,340,0,53,121,0,69,188,100,66,19,106,64,0,693,461,150,36,198,150,891,222,0,28,52,208,282,164,118,111,100,0,101,375,230,65,256,0,64,616,0,220,182,194,198,53,47,56,135,43,168,58,81,237,0,52,53,180,2156,344,106,0,501,1176,16,188,175,376,238,164,169,115,76,280,287,231,551,107,0,330,46,123,58,90,306,200,0,0,369,96,124,72,80,62,1129,84,242,189,77,45,67,1222,0,165,113,419,69,245,449,0,73,206,0,46,221,75,0,64,76,208,0,216,78,0,0,559,69,434,191,0,163,169,52,146,243,194,79,242,56,0,0,86,26,259,0,65,160,108,488,0,55,609,139,227,173,306,73,85,47,0,0,147,27,99,61,146,0,0,0,335,95,207,171,83,62,42,78,61,0,48,100,410,221,125,80,405,828,417,233,309,112,328,417,147,0,0,219,192,172,452,94,75,229,116,209,178,395,527,70,0,389,107,1326,124,164,453,302,135,0,142,104,0,97,53,0,179,93,101,100,98,97,433,436,146,0,137,193,479,43,116,60,0,0,256,82,43,0,0,197,37,384,499,109,99,0,232,56,103,715,305,152,0,83,84,62,43,45,130,130,327,606,0,184,63,540,67,0,0,132,268,290,54,0,76,45,0,451,31,125,197,525,87,54,572,58,144,478,125,55,105,523,0,163,59,64,38,173,47,64,48,98,61,173,118,329,51,409,0,0,0,33,281,423,148,55,65,78,43,81,0,36,17,39,44,0,108,80,0,290,489,70,49,166,65,118,156,196,88,0,45,41,219,0,0,638,0,65,44,192,205,68,0,233,1188,0,119,159,79,407,0,127,188,0,109,135,131,130,0,131,473,32,110,70,726,87,130,110,191,0,83,59,121,120,182,0,149,94,205,0,155,94,169,0,102,42,505,69,569,0,23,45,0,120,89,58,135,74,339,69,61,523,257,0,65,35,0,110,420,119,680,86,175,1168,144,491,119,163,0,0,119,121,76,0,130,0,46,111,731,80,393,146,1943,107,0,132,0,0,190,0,71,137,0,79,381,0,0,85,0,80,0,174,80,59,0,249,0,75,0,118,170,255,64,60,47,570,66,71,0,129,402,39,112,42,0,37,129,78,158,354,0,0,102,80,0,88,0,97,144,44,108,0,0,129,593,136,264,144,207,0,151,0,166,551,0,274,44,67,45,73,191,53,381,109,53,104,243,117,0,155,433,0,31,159,29,16,195,154,0,0,0,98,293,82,350,75,0,96,38,37,191,34,73,0,0,0,820,247,131,610,97,50,82,335,44,72,0,0,74,0,0,40,43,24,188,254,0,45,0,59,103,89,335,53,75,106,0,155,0,48,150,182,39,270,267,293,544,101,0,101,117,377,0,128,0,0,48,294,399,716,146,120,202,70,34,427,156,271,0,0,193,394,80,0,48,175,146,0,80,199,167,91,83,53,83,73,121,84,298,41,65,160,0,310,0,361,29,68,84,93,138,0,144,267,31,0,84,76,1082,28,66,212,98,134,266,243,33,114,109,432,0,0,0,506,186,120,0,409,93,0,104,184,0,0,123,391,895,115,874,0,2023,195,108,156,80,39,20,45,0,139,131,77,321,0,0,270,59,275,298,300,86,47,0,156,77,508,1591,213,115,114,0,85,46,71,178,0,554,113,87,0,0,228,61,0,101,533,30,438,784,178,394,0,192,225,122,31,396,196,116,31,139,0,146,197,875,0,208,168,91,178,0,594,128,87,194,352,802,338,317,0,276,270,76,354,67,101,70,177,41,122,0,43,0,124,887,30,48,61,62,138,90,399,0,168,144,123,121,85,0,84,50,0,321,0,67,189,192,36,0,223,103,271,170,411,0,62,939,90,0,245,51,100,278,80,183,0,96,254,87,355,0,0,368,585,0,40,34,96,224,24,181,0,79,0,0,0,94,355,197,0,111,130,378,206,345,0,114,132,621,106,0,126,207,541,324,56,171,0,443,107,107,53,60,133,410,32,107,276,298,63,87,80,0,37,99,398,536,67,66,190,39,134,138,0,387,90,72,74,0,0,0,92,106,143,207,0,88,264,48,0,920,54,45,220,187,71,78,45,59,157,119,0,51,70,48,29,67,0,0,269,0,0,96,310,110,118,135,0,21,142,50,106,43,106,170,0,77,0,117,20,45,0,97,83,106,0,247,0,20,162,34,56,115,49,72,33,0,109,35,189,277,286,0,57,0,77,123,144,103,45,178,81,51,0,159,0,0,81,116,38,164,134,98,213,0,0,113,59,21,132,69,601,118,0,0,86,93,48,442,233,0,50,188,54,152,47,0,290,67,52,219,70,0,996,66,187,0,73,44,56,329,0,138,117,0,110,0,164,142,0,34,0,109,0,0,156,36,73,37,181,51,175,0,102,151,41,60,47,39,141,72,41,122,242,0,0,58,2109,506,43,363,73,29,160,374,79,0,95,65,230,98,0,114,82,0,473,76,145,124,942,0,781,162,0,256,0,0,60,0,30,187,103,69,174,79,238,64,221,45,342,0,0,149,0,48,144,98,64,70,129,0,61,111,169,185,79,144,187,43,928,163,74,78,262,88,48,236,106,0,348,0,0,143,0,0,0,377,0,44,222,74,114,44,246,67,235,166,189,0,196,230,0,93,194,49,96,46,84,66,123,0,247,126,152,196,89,121,41,31,237,47,109,33,448,305,186,105,24,112,77,0,69,190,87,169,179,74,0,84,300,56,63,174,55,44,160,66,0,301,461,122,0,73,192,156,446,63,167,221,63,97,591,0,58,44,166,179,49,270,206,67,0,80,0,51,206,62,300,0,440,312,58,38,351,522,40,64,280,88,271,0,66,115,1030,0,429,65,45,126,182,0,121,112,480,191,83,300,2060,43,0,357,203,0,133,343,455,24,119,210,176,235,82,27,427,33,45,954,0,171,84,68,80,269,55,0,63,286,48,356,53,69,0,43,64,124,0,0,253,711,206,42,113,219,84,162,43,448,181,169,100,113,101,1034,74,155,129,64,0,180,0,348,289,271,231,107,87,262,82,0,133,201,165,158,427,50,519,310,132,148,54,120,691,59,0,150,195,379,52,245,0,0,0,820,119,129,101,31,833,218,168,81,365,84,177,73,646,0,0,45,418,76,551,258,243,79,35,138,481,92,174,0,272,45,115,70,251,296,43,88,0,121,73,169,40,106,476,0,0,557,75,0,60,177,189,74,133,220,146,103,56,52,77,72,238,148,579,1191,81,280,239,0,60,59,0,125,641,0,48,143,0,98,277,72,25,151,616,70,265,57,73,38,45,376,592,430,278,73,97,755,97,720,38,43,44,303,0,483,84,98,246,289,117,0,79,34,62,0,144,57,125,711,245,49,28,0,0,35,115,263,28,1672,26,163,181,32,73,70,51,0,741,195,48,86,100,0,120,170,199,0,245,95,84,75,0,98,152,146,0,146,23,0,585,16,150,0,191,144,287,276,0,166,129,99,46,0,75,143,213,178,119,236,0,62,98,0,41,53,39,80,0,0,93,154,239,103,709,77,47,72,153,0,52,38,102,20,107,0,140,123,82,96,96,51,499,57,131,97,534,36,916,0,63,49,86,240,284,79,0,418,51,127,28,64,48,164,276,667,43,52,0,215,79,128,111,400,192,31,0,106,431,0,0,148,93,0,0,0,47,423,434,137,140,56,0,0,523,60,94,735,115,66,0,0,70,90,0,397,268,532,0,76,60,0,0,0,236,96,0,117,65,204,259,150,174,410,197,143,0,107,0,437,607,234,126,0,416,0,37,340,188,255,0,207,267,112,70,43,0,49,367,450,188,1014,71,0,257,31,42,62,188,0,38,178,0,293,0,0,231,44,0,0,0,110,35,49,87,234,109,431,332,40,0,367,46,0,39,41,560,691,0,123,0,0,79,0,231,75,308,600,157,166,161,96,0,39,0,44,282,94,59,0,71,0,129,392,162,126,43,65,238,0,57,0,412,0,126,0,90,0,37,304,206,0,0,88,513,325,63,0,2202,28,67,0,0,0,0,117,82,50,153,289,38,0,62,45,41,210,231,116,78,0,93,54,264,124,93,183,448,68,144,77,162,77,200,123,235,99,348,83,46,1393,170,234,0,219,88,112,64,61,0,89,35,93,99,217,123,81,354,0,53,38,196,379,86,0,103,0,118,0,103,164,262,0,26,62,0,54,104,120,877,314,831,120,0,26,22,46,76,211,69,0,192,286,389,120,298,140,231,434,43,148,0,48,73,122,90,25,80,110,0,584,451,0,99,163,71,51,0,41,96,96,298,131,434,109,110,122,79,265,269,0,195,154,93,144,132,129,85,233,133,0,62,156,44,169,204,87,418,242,0,98,204,157,129,35,162,110,30,344,74,0,291,192,65,78,260,55,0,2427,0,290,73,89,60,84,173,165,0,0,110,31,81,77,105,410,0,99,0,0,594,143,99,644,89,110,0,74,104,36,68,26,174,220,121,473,56,98,0,0,90,126,147,114,201,26,0,0,172,123,0,349,124,70,579,46,0,147,237,54,206,91,287,0,66,145,98,31,44,0,44,178,66,153,471,41,277,562,0,118,0,33,278,24,156,126,186,262,90,467,106,72,332,26,276,151,36,137,92,352,340,175,248,23,0,118,114,95,35,0,126,0,59,79,219,89,2295,179,18,129,100,52,298,193,116,380,125,157,50,85,0,110,0,542,802,167,57,550,32,0,75,94,112,103,39,0,0,230,55,170,148,0,496,348,0,0,0,46,54,207,59,0,48,62,0,70,1448,57,0,928,195,134,34,206,60,304,195,0,247,181,33,42,167,26,0,172,41,532,112,103,154,70,100,57,0,0,1327,161,45,0,0,748,0,196,155,580,386,22,0,84,180,163,47,0,382,0,58,76,84,400,260,300,222,323,363,23,0,129,76,66,77,0,127,37,1019,267,62,69,0,247,189,0,164,53,88,831,434,240,79,178,94,66,122,0,134,56,53,0,71,285,183,108,34,411,71,0,231,73,0,105,286,0,93,116,130,75,79,0,219,81,104,54,0,460,1148,203,0,49,220,71,60,39,102,405,68,161,237,71,144,46,123,231,53,0,50,46,56,87,58,246,295,101,70,46,0,84,90,184,149,47,57,465,0,52,217,56,130,98,85,446,282,149,44,137,62,0,134,176,168,909,132,20,0,434,184,229,159,105,43,348,123,196,0,60,571,97,379,141,475,154,264,168,361,0,73,180,67,324,77,115,52,74,2102,96,193,67,82,75,0,542,0,76,55,733,33,102,313,154,143,68,497,0,258,298,111,95,1481,53,882,76,199,115,151,561,51,96,217,314,100,161,0,43,62,149,0,147,167,80,75,0,213,461,480,56,208,144,46,237,0,0,75,68,130,173,118,572,391,57,121,0,0,90,60,221,612,79,122,159,35,46,0,80,261,435,0,61,133,334,40,41,105,422,83,0,135,200,40,0,617,117,152,256,339,400,278,156,0,122,0,0,57,157,38,145,98,0,164,176,71,66,8,327,0,265,151,250,151,232,205,157,0,0,819,198,746,0,223,105,0,101,83,0,79,149,542,337,63,393,243,368,55,120,0,262,123,48,53,72,94,59,77,53,621,364,69,166,0,41,178,189,0,0,104,77,780,197,56,0,59,73,173,165,143,74,104,158,137,159,280,655,67,39,973,136,369,88,85,123,74,0,0,503,0,197,0,80,61,130,83,0,89,282,60,80,48,148,160,97,184,57,0,0,146,285,959,2386,99,237,93,291,424,76,275,61,247,109,159,66,304,307,262,369,103,101,0,169,182,0,346,296,0,199,217,256,550,68,286,50,390,81,72,0,98,55,193,404,0,2450,277,26,859,0,0,197,169,41,168,146,650,0,0,133,282,0,0,234,41,0,178,0,132,62,178,246,173,1089,153,0,522,117,514,88,308,0,255,126,50,47,423,104,389,43,50,255,58,177,409,84,64,459,139,810,606,113,59,110,95,75,27,1488,429,42,36,160,203,92,112,48,39,111,49,142,71,145,69,21,217,57,0,382,238,102,301,71,126,41,1000,0,37,48,0,0,0,0,167,366,0,141,258,473,101,232,118,0,0,139,117,98,39,168,901,88,90,85
171,0,0,0,0,0,51,0,0,115,0,86,0,0,24,0,60,219,72,0,0,542,0,43,81,309,0,0,66,0,0,0,0,0,0,0,41,0,0,177,74,0,0,0,72,0,0,0,401,0,141,0,0,0,0,216,0,0,0,0,0,0,39,158,0,0,69,0,0,0,0,0,39,0,0,84,87,0,191,0,93,0,0,141,181,37,0,0,0,0,296,46,0,50,96,0,0,0,47,19,0,0,22,108,0,0,0,0,21,0,85,0,51,199,78,29,0,0,0,0,204,0,386,0,0,99,0,0,91,0,84,0,439,0,0,58,329,44,0,0,63,0,68,232,0,0,9,0,0,89,0,0,105,0,71,0,0,0,0,218,83,111,0,96,0,52,33,17,272,142,62,280,0,0,0,58,0,0,375,0,0,119,0,0,0,47,0,444,335,0,0,0,95,44,85,0,74,0,0,33,0,159,128,0,213,0,0,0,0,0,105,48,0,0,35,0,34,0,0,0,108,138,53,0,398,0,0,59,81,0,108,0,0,0,0,0,0,0,29,43,24,42,95,0,119,0,104,0,31,0,110,0,351,55,69,37,22,0,0,42,96,62,0,34,0,0,0,477,46,114,0,0,130,408,0,128,69,0,544,75,26,0,0,119,0,34,0,86,1642,40,0,32,147,28,27,39,0,0,76,0,47,0,0,0,0,189,171,114,0,0,0,776,28,0,0,0,0,24,0,0,0,0,0,37,0,63,0,26,0,0,760,0,48,193,43,36,0,0,0,0,0,56,0,63,239,0,0,0,0,722,213,53,0,299,172,0,0,0,257,171,47,50,120,0,80,139,265,101,25,0,150,0,0,0,0,94,95,0,0,106,0,0,0,0,0,253,40,55,186,0,0,30,303,19,0,0,219,29,97,107,0,0,99,0,0,110,31,0,49,0,0,0,0,27,0,0,60,62,379,34,0,95,0,61,19,43,147,0,97,0,0,0,0,24,90,0,0,46,0,122,0,51,254,0,88,74,134,0,0,0,0,0,34,0,119,0,0,0,0,0,140,0,63,173,28,0,0,0,0,0,0,0,122,197,81,35,330,181,0,199,83,33,262,189,41,0,0,0,79,125,106,0,0,247,0,0,0,101,149,87,0,50,0,582,0,58,47,120,0,0,0,0,0,0,0,0,77,0,56,0,36,0,152,53,0,0,0,44,154,0,0,0,0,0,53,66,0,0,0,22,0,60,510,0,0,0,134,0,18,107,0,0,0,0,0,64,0,0,0,0,122,0,0,0,0,58,0,0,0,103,0,111,0,0,0,27,0,216,14,35,70,59,38,0,233,0,103,217,80,0,0,514,0,0,0,0,0,59,0,63,0,39,51,101,69,0,0,136,0,0,0,0,0,162,0,0,0,0,0,0,0,0,0,0,0,0,60,0,0,74,126,0,0,21,0,0,32,0,0,0,0,0,0,0,0,84,0,0,0,0,72,0,0,0,174,0,62,49,0,84,27,0,49,0,0,0,15,0,0,0,19,0,64,0,200,0,0,0,101,0,0,39,42,0,75,0,0,0,105,0,54,0,0,0,29,0,88,0,315,0,0,0,0,0,68,0,0,0,110,0,0,171,0,0,0,0,0,0,52,0,241,0,61,401,58,124,0,0,0,0,47,0,0,0,0,0,0,0,131,47,76,0,466,0,0,0,0,0,0,0,0,0,0,0,150,0,0,30,0,28,0,0,0,51,0,44,0,0,0,43,29,0,0,0,0,82,0,0,0,53,74,0,0,0,0,0,38,0,59,78,0,0,0,0,0,0,0,37,47,0,80,0,0,27,177,0,121,0,0,0,80,0,56,267,0,50,0,0,0,0,0,0,0,0,0,0,62,0,0,112,123,0,0,43,0,0,40,0,0,0,0,0,0,0,0,0,0,0,0,0,0,0,0,0,0,0,0,0,84,135,51,0,0,0,0,0,0,0,0,0,0,0,0,0,0,56,0,0,0,0,15,0,56,0,38,33,0,0,0,0,0,32,0,54,48,43,85,41,0,40,0,211,0,80,0,0,0,194,212,292,145,0,0,0,0,308,47,94,43,0,52,44,84,0,0,91,0,0,64,38,33,0,0,0,0,46,0,71,51,0,0,41,0,0,0,114,0,0,0,0,0,0,0,168,35,0,29,0,320,0,33,45,0,47,64,51,0,69,73,93,0,32,0,140,63,0,0,209,34,0,47,213,0,0,30,91,595,52,542,0,225,102,27,59,38,0,29,0,0,60,43,0,140,0,0,106,0,93,111,156,29,0,0,52,39,192,772,163,0,0,0,64,75,0,59,0,182,0,0,0,0,49,31,0,0,107,0,70,756,76,121,42,52,44,45,0,89,45,0,0,0,0,0,53,130,0,81,71,85,113,0,46,70,54,42,235,479,0,186,0,86,95,0,103,41,0,0,72,0,43,0,0,0,0,564,0,0,29,0,0,15,252,0,45,63,38,94,0,0,29,0,17,53,0,42,57,29,0,0,75,0,193,0,0,0,0,308,0,0,162,0,0,40,0,43,0,0,0,35,276,0,0,68,220,0,0,0,87,120,0,77,0,38,0,0,0,0,272,74,38,33,0,0,107,186,0,0,62,225,0,0,60,121,86,49,44,0,26,144,0,0,0,0,0,162,0,0,196,58,39,0,0,0,0,0,105,91,28,0,100,0,118,107,0,258,32,0,0,0,0,0,27,32,25,164,0,0,61,0,0,193,0,0,34,53,0,0,0,0,68,0,0,0,83,0,0,33,0,0,130,0,0,0,128,0,0,0,0,0,61,0,0,0,0,0,0,0,0,76,0,0,0,0,0,0,0,69,0,0,47,0,0,0,38,0,0,0,0,0,0,163,80,0,0,0,0,85,0,0,0,0,0,0,30,56,0,0,0,34,0,0,0,0,43,0,0,40,0,0,95,0,102,0,0,0,40,49,33,101,0,0,0,0,0,0,0,0,0,0,0,44,0,0,620,0,76,0,0,0,0,137,0,0,0,0,0,0,38,83,0,0,0,0,0,0,0,0,36,0,62,0,98,0,43,0,0,0,0,0,0,0,0,0,80,0,0,0,339,261,0,158,0,0,0,111,29,0,62,0,79,0,0,0,0,0,318,18,50,0,212,0,136,78,0,235,0,0,0,0,0,83,0,0,0,0,70,0,164,0,148,0,0,121,0,0,45,70,39,47,64,0,0,0,74,79,0,117,42,0,153,0,0,0,54,0,0,0,0,0,184,0,0,0,0,0,0,103,0,0,107,54,0,0,0,0,31,81,50,0,122,0,0,0,41,0,0,0,0,59,35,0,0,81,67,100,37,55,0,0,69,0,0,0,124,188,75,0,0,0,0,0,32,94,0,0,106,0,0,44,0,0,0,0,33,0,43,0,0,0,119,0,0,0,0,0,0,0,29,85,0,0,123,0,0,0,54,31,0,30,42,0,0,0,0,0,55,0,28,0,174,56,0,0,86,131,0,0,76,61,50,0,52,0,135,0,227,0,0,68,31,0,0,61,77,62,46,59,395,0,0,0,66,0,49,66,105,0,0,19,0,52,0,0,0,0,0,725,0,38,87,0,0,102,0,23,0,124,0,153,0,0,0,0,0,75,0,46,101,160,47,0,0,0,36,0,0,89,76,51,0,0,0,200,0,0,0,0,0,94,0,0,167,0,74,0,0,73,0,0,0,42,81,105,69,0,99,205,51,68,0,52,74,0,0,10,0,98,0,0,0,0,0,199,0,0,46,0,146,58,68,0,82,0,0,0,218,0,0,0,263,0,358,87,73,35,0,72,187,0,84,0,0,0,67,0,34,65,0,0,0,98,42,15,0,40,102,0,0,100,0,0,0,78,52,0,22,0,33,43,0,0,0,0,0,0,127,325,51,0,87,0,0,41,0,58,171,0,0,0,0,0,0,0,0,56,204,0,45,0,0,0,0,166,76,97,68,0,0,267,0,71,0,0,0,54,0,120,0,46,98,68,0,0,44,0,0,0,53,0,43,145,44,24,0,0,0,0,0,166,0,473,0,50,79,0,34,30,0,0,0,0,0,0,0,0,89,114,86,0,20,0,0,0,0,0,0,0,13,0,0,0,54,0,0,0,0,43,146,74,0,108,0,0,0,22,15,70,142,0,0,131,0,0,0,0,0,0,0,0,0,0,24,39,40,77,0,0,30,45,0,0,0,0,0,0,0,63,96,0,0,0,0,0,258,35,0,0,143,0,88,0,0,38,0,145,0,30,0,64,0,47,0,0,0,46,0,63,0,0,0,0,72,29,86,171,18,0,0,0,60,0,0,0,0,0,0,0,0,46,164,0,0,0,0,0,349,0,0,443,43,40,0,0,0,0,0,152,89,125,0,46,0,0,0,0,45,0,39,71,36,22,0,59,41,188,45,61,0,0,36,0,41,72,13,0,221,0,0,151,0,54,0,0,114,49,0,0,0,16,26,45,0,47,51,0,32,0,0,0,40,0,0,70,0,95,0,0,24,0,0,0,0,0,0,0,0,0,78,0,144,0,0,123,0,0,0,0,78,216,0,0,0,0,23,0,66,0,92,0,47,45,70,83,0,0,0,0,0,0,158,0,0,0,0,0,24,36,0,0,94,0,45,0,0,0,0,0,0,0,0,0,0,0,0,0,249,48,0,0,550,0,0,0,0,0,0,0,0,0,97,72,0,0,36,0,0,142,0,0,0,0,0,0,0,22,0,0,176,34,27,0,0,0,42,69,0,0,158,0,0,195,0,104,0,0,0,25,0,0,0,0,0,0,52,0,62,76,0,0,0,0,152,149,0,0,42,0,81,44,0,98,107,0,0,0,0,31,0,96,353,0,303,0,0,0,0,0,0,66,0,0,52,173,144,0,0,0,29,107,0,73,0,0,37,0,0,0,0,0,0,293,219,0,67,83,36,46,0,0,0,0,130,0,0,0,0,0,39,19,28,0,45,47,66,0,0,0,0,103,0,0,0,21,0,95,0,45,0,42,0,68,61,37,0,0,0,70,0,102,0,0,72,73,19,28,52,0,0,413,0,74,38,0,43,30,0,0,28,0,20,0,0,0,48,46,0,0,0,0,166,0,0,192,0,0,0,70,0,0,32,0,0,116,51,128,75,0,0,0,29,0,0,0,68,0,0,0,43,68,0,122,0,48,155,0,0,0,143,0,49,0,75,0,0,0,0,0,0,0,0,49,0,56,87,0,0,245,0,0,0,0,153,0,95,0,35,58,0,119,0,43,112,0,39,55,0,87,0,77,117,54,202,0,0,0,0,0,0,0,90,0,0,0,124,0,720,35,0,24,48,0,116,0,64,189,0,0,0,0,0,159,0,130,359,81,0,162,0,0,0,35,55,0,0,0,0,94,0,28,109,0,176,96,0,0,0,0,0,94,0,0,0,48,0,0,73,0,0,182,0,46,0,66,0,177,55,0,0,85,0,0,108,0,0,44,0,70,0,71,0,0,34,0,0,0,318,0,0,0,0,99,0,43,49,80,127,0,0,49,0,0,0,0,74,0,44,0,0,44,90,56,115,83,0,0,0,0,0,0,0,0,0,0,184,0,0,0,0,31,0,0,0,0,57,31,69,106,0,0,0,0,0,0,0,0,0,0,0,0,37,0,0,178,0,0,57,0,0,0,62,0,0,0,111,0,0,0,0,54,0,0,0,0,118,0,18,0,0,0,26,0,0,0,0,0,43,32,69,0,0,166,0,0,0,0,0,0,39,61,60,0,0,55,0,72,48,54,0,0,0,142,0,22,78,42,31,0,0,139,0,0,24,0,0,0,0,0,29,294,48,0,0,118,0,0,25,0,25,71,0,0,0,0,60,65,114,0,128,0,35,0,0,0,67,0,0,80,64,0,27,0,35,0,62,0,0,0,0,41,0,0,0,90,0,0,48,60,0,0,98,0,50,209,31,0,539,0,394,0,115,0,52,143,0,31,109,94,0,0,0,0,58,0,0,0,0,0,0,0,61,98,152,0,0,0,0,83,0,0,32,0,0,0,0,119,0,0,43,0,0,55,0,89,36,0,63,165,0,0,0,0,111,51,0,0,0,57,0,0,0,146,0,0,80,125,0,0,147,0,0,108,59,91,0,85,0,34,0,0,19,96,0,25,52,0,41,43,0,0,0,58,0,70,0,38,0,51,42,46,0,0,258,69,295,0,67,0,0,0,0,0,0,0,78,70,38,179,57,0,0,0,0,55,0,0,0,31,0,0,0,0,106,59,0,83,0,0,0,38,0,0,54,40,321,37,0,0,0,0,0,0,33,79,18,51,58,0,87,263,0,0,180,0,129,23,0,0,0,0,0,140,0,40,0,0,0,48,0,0,0,101,0,22,0,0,0,0,0,0,67,0,0,0,462,1142,0,0,117,43,146,0,0,0,95,0,0,0,109,68,0,0,0,0,0,77,0,0,38,45,0,40,0,0,509,0,88,42,153,0,0,0,0,0,51,157,0,593,79,0,140,0,0,51,36,0,38,0,413,0,0,0,151,0,0,140,32,0,0,0,0,0,85,66,0,513,42,0,242,0,222,44,123,0,62,76,0,0,0,0,95,0,0,152,0,0,144,0,0,54,38,294,0,50,0,0,33,0,0,101,111,0,0,0,73,0,0,0,0,0,0,37,43,0,0,0,47,0,0,182,50,45,70,37,39,0,154,0,0,0,0,0,0,0,78,62,0,0,0,157,0,103,0,0,0,74,69,0,0,91,152,0,0,0
172,0,53,39,0,0,129,66,0,88,0,606,76,64,39,227,221,362,0,0,0,131,44,107,185,89,0,48,140,37,65,0,39,0,110,77,268,0,114,389,208,90,48,25,507,0,150,50,334,35,263,79,211,178,71,252,0,36,0,69,0,202,105,471,36,122,205,80,51,47,585,0,145,70,0,490,272,33,551,96,293,0,91,352,482,125,64,0,109,99,342,140,65,83,189,32,43,0,103,60,0,58,70,296,54,54,96,79,318,34,553,0,174,98,240,156,90,118,75,0,529,43,186,116,77,0,53,56,162,41,239,51,519,39,167,112,155,172,176,172,258,136,179,225,0,54,76,94,151,228,0,49,181,91,193,113,28,244,90,342,280,27,0,163,141,204,89,24,94,299,315,84,0,156,31,129,83,180,118,152,116,376,0,63,82,71,66,1025,465,0,0,25,158,101,229,0,177,0,58,303,0,42,245,65,769,88,132,59,89,140,272,217,0,68,34,342,112,123,0,74,205,276,63,26,493,41,0,106,109,0,141,68,0,0,48,26,81,112,203,92,0,296,42,145,43,0,250,0,115,0,0,146,413,115,302,99,160,27,83,151,112,231,240,50,99,0,0,705,209,629,66,43,252,684,140,0,132,43,934,331,132,0,140,299,196,123,108,442,2328,102,186,66,292,0,26,97,0,110,195,135,69,93,114,73,0,367,369,246,33,89,91,1043,226,0,0,89,177,252,184,56,117,52,29,73,389,202,72,45,0,61,698,0,139,153,155,89,0,0,0,98,47,153,27,115,202,60,49,48,127,1963,107,103,0,640,955,0,152,141,620,160,159,153,183,33,210,325,549,376,192,58,536,133,133,59,161,159,391,0,0,249,100,50,0,67,121,1204,117,130,147,0,0,64,1086,56,135,94,789,68,226,258,42,66,329,0,76,242,94,71,136,38,202,0,143,67,0,38,326,149,455,280,73,238,224,60,164,174,187,83,416,93,0,64,169,47,273,0,45,141,89,338,23,38,547,239,140,228,384,217,0,136,33,0,342,0,140,0,146,118,0,80,312,52,502,202,83,91,0,112,66,60,27,74,392,208,39,137,283,756,259,252,140,70,320,425,245,0,0,93,273,359,322,191,0,259,95,192,288,227,276,79,0,241,66,1531,144,134,153,434,138,0,116,0,0,0,0,0,243,168,175,139,139,163,313,812,121,64,104,82,447,27,114,0,0,51,130,178,0,32,25,230,73,329,616,82,71,33,249,71,89,412,181,274,38,86,124,67,0,146,149,54,353,334,0,134,99,620,93,37,0,74,421,368,96,0,76,28,19,132,69,68,152,310,315,0,537,41,595,413,140,64,63,780,0,243,36,35,0,334,32,91,35,77,114,154,91,262,0,321,111,100,0,69,381,584,133,44,151,145,35,95,54,58,0,69,77,0,108,46,0,257,494,50,68,142,44,86,89,110,63,0,33,25,152,0,38,613,0,140,63,137,99,63,0,171,517,0,197,194,81,467,197,99,119,33,57,79,117,78,87,172,245,73,186,67,553,54,123,158,581,0,41,51,167,63,286,0,146,75,210,0,288,72,113,0,43,41,351,51,504,0,59,0,27,101,244,0,104,128,259,162,34,317,230,0,45,48,0,108,456,0,630,101,186,1772,392,415,248,96,0,0,190,159,64,63,43,0,47,90,559,180,420,84,1868,50,0,120,0,0,104,0,70,90,84,0,262,41,40,78,0,70,69,132,106,119,0,216,0,65,0,241,258,229,45,0,49,521,88,66,48,103,328,93,79,0,24,0,237,0,98,837,0,0,109,67,0,0,0,122,140,105,93,110,89,114,377,193,171,119,111,0,131,30,373,502,27,127,57,0,93,0,185,43,398,117,0,58,162,144,0,384,475,0,42,112,45,0,192,0,47,0,0,73,364,54,170,148,0,140,88,59,190,0,83,0,21,0,490,366,118,878,87,92,70,383,0,141,83,0,59,0,0,73,76,0,228,240,0,55,0,0,107,74,314,81,102,132,0,95,25,83,110,257,36,120,299,259,293,104,40,96,107,456,0,71,0,0,0,307,483,261,129,61,65,59,35,841,303,141,242,32,136,206,51,85,59,330,128,53,42,78,53,43,35,0,64,135,69,122,195,35,40,187,0,127,0,309,30,80,0,0,117,0,139,109,0,0,62,40,471,63,36,152,152,117,210,143,33,212,122,544,0,99,0,346,166,61,0,551,60,0,231,173,0,0,96,138,529,104,318,56,898,112,84,122,63,0,63,46,0,123,122,38,138,49,61,199,130,122,589,246,113,131,0,151,97,288,508,272,117,67,0,49,58,108,51,0,495,238,0,0,38,78,66,46,125,254,0,333,1401,104,219,0,146,106,100,65,315,248,109,0,133,0,84,98,506,0,350,159,270,373,0,244,98,112,172,278,1630,235,361,63,209,147,50,299,0,93,99,88,0,114,0,233,0,90,1112,44,32,57,158,49,38,500,35,236,131,144,57,70,47,83,177,82,206,0,55,130,76,38,0,121,0,305,101,420,0,148,735,136,0,670,95,211,239,62,59,0,31,85,120,647,0,0,220,811,0,55,0,261,122,0,63,51,119,49,73,56,69,737,152,143,145,124,263,81,610,0,78,60,200,69,72,147,337,236,318,160,283,0,188,55,217,0,119,116,248,0,209,405,90,87,72,0,0,47,101,128,886,90,41,106,46,748,275,0,289,77,43,69,0,60,0,105,82,108,265,34,104,254,88,0,1279,60,98,131,256,103,145,73,69,203,175,0,67,84,0,0,72,46,0,465,0,0,75,176,62,130,88,52,0,141,87,301,77,108,142,30,112,52,112,0,33,0,109,0,80,30,172,0,43,209,34,127,249,64,162,0,0,94,0,180,373,308,37,0,0,56,357,125,107,0,194,54,54,0,171,131,0,83,124,0,184,150,108,126,0,0,93,83,44,101,50,432,113,0,52,172,122,91,462,133,55,0,116,19,267,63,36,623,222,111,313,76,0,1723,0,309,0,96,81,71,653,0,142,126,44,193,47,345,218,45,33,62,175,0,76,260,0,28,0,286,59,163,0,170,62,40,40,78,0,80,43,35,102,270,37,0,72,2222,755,78,778,44,158,152,447,101,37,149,45,569,111,75,0,81,44,539,75,195,158,599,22,485,214,0,458,68,0,78,32,38,265,149,31,130,115,231,58,335,27,445,0,140,357,0,81,143,137,63,187,82,30,98,100,126,270,53,120,258,0,380,236,178,132,156,64,38,334,68,30,658,0,0,177,0,46,49,412,0,116,349,176,148,67,69,88,230,159,173,0,280,155,0,66,143,72,155,118,0,48,175,0,239,232,219,393,104,91,42,0,141,75,85,45,266,327,216,147,45,131,90,24,74,300,90,123,516,57,0,89,286,106,139,94,47,0,108,36,14,185,557,114,0,46,206,183,491,71,145,188,53,73,574,0,26,43,229,104,0,212,203,0,50,157,0,0,325,0,176,0,386,251,61,0,366,384,65,57,132,192,129,0,46,61,736,0,570,0,63,135,269,29,45,96,203,94,81,141,2170,26,0,394,69,0,0,254,518,30,213,73,130,259,82,0,468,0,37,769,0,293,104,67,80,251,0,103,0,273,61,240,58,98,0,53,0,193,0,56,391,362,160,0,0,97,120,126,43,404,92,143,51,90,115,707,81,117,160,29,79,188,41,507,325,197,103,24,0,130,67,34,164,124,95,189,477,25,401,530,189,157,73,155,931,0,35,78,100,634,59,149,0,0,57,765,149,167,86,38,731,142,154,57,230,45,40,70,499,0,44,0,544,77,966,217,99,118,32,177,388,85,274,58,124,77,167,127,163,131,0,46,34,147,48,44,14,133,510,0,0,1268,72,25,0,212,113,81,95,231,68,87,80,0,42,40,382,215,267,519,117,135,257,0,17,140,39,167,382,0,40,144,22,104,58,48,42,81,509,65,307,60,52,60,58,333,217,432,235,162,48,441,99,170,41,57,63,390,37,360,89,87,229,165,74,0,82,33,87,35,83,0,87,328,144,76,40,0,0,55,106,259,0,1895,47,133,137,0,58,167,98,0,697,203,0,159,78,0,164,178,164,43,233,95,106,72,0,126,202,166,0,198,0,0,579,0,137,0,70,153,371,302,96,187,65,61,54,40,23,370,303,143,110,314,0,69,93,48,59,53,38,147,62,0,163,123,244,159,599,110,139,158,89,65,0,29,107,44,142,140,434,80,122,100,0,82,866,66,101,147,210,32,607,105,38,20,91,471,191,127,35,277,103,144,56,75,0,57,179,483,58,41,0,332,181,150,209,302,204,0,0,147,438,0,0,142,159,72,0,63,69,376,438,99,138,216,0,37,822,43,89,945,164,35,0,0,104,88,0,627,97,513,0,0,75,52,0,0,514,0,137,258,113,120,208,136,149,751,99,175,0,129,74,380,370,249,151,126,467,40,45,293,203,380,59,232,224,67,83,0,50,158,562,276,285,1019,47,29,262,46,72,30,187,36,0,237,0,319,0,97,313,0,31,0,0,81,126,65,48,297,134,121,264,0,102,579,70,0,37,0,676,350,40,117,0,60,44,0,239,134,302,259,132,242,392,225,0,60,0,0,268,115,265,48,64,0,164,423,172,156,40,30,146,0,146,0,232,0,0,0,102,0,20,373,288,43,0,115,321,212,110,31,1835,0,93,0,0,0,24,349,88,82,246,955,0,0,144,52,81,233,192,52,60,74,189,0,309,138,41,469,350,70,157,0,70,33,110,187,318,102,396,148,33,764,126,238,68,63,123,98,79,0,0,83,0,133,141,81,185,283,177,63,0,0,463,368,93,0,65,0,137,222,65,190,180,36,0,39,0,98,81,254,563,427,455,215,0,42,49,43,148,128,0,0,167,383,670,134,413,247,212,235,50,154,0,87,68,118,107,54,86,183,0,708,578,62,187,243,0,126,0,39,98,59,477,247,312,157,56,126,114,609,305,0,378,171,92,97,77,222,0,154,64,0,124,100,31,105,230,143,552,189,35,98,282,77,73,59,113,207,42,149,52,0,171,137,109,68,316,46,0,795,0,348,56,41,135,68,219,325,106,0,99,49,73,68,97,152,0,105,50,130,526,96,80,674,105,83,0,146,60,45,69,0,62,424,366,670,217,195,31,29,138,88,119,52,130,0,0,113,198,80,17,222,161,106,372,0,29,236,216,0,210,126,648,43,101,151,69,60,0,0,0,85,0,214,484,0,141,561,0,66,0,32,366,0,76,293,92,333,147,239,155,131,202,38,211,191,37,275,111,180,332,331,264,56,0,358,57,106,0,46,300,37,56,81,208,92,1340,135,0,118,115,50,207,421,110,427,38,95,44,59,0,331,0,354,750,86,39,676,0,0,260,95,64,165,71,0,36,122,118,206,275,52,376,216,0,0,0,96,40,256,62,53,0,101,0,52,4526,40,59,1071,125,102,38,445,67,386,184,32,901,162,71,42,309,54,0,103,69,292,53,197,190,102,69,103,0,20,941,107,40,0,0,555,0,270,326,419,400,28,0,72,109,372,56,0,278,0,70,152,130,325,307,419,244,93,472,55,124,61,68,35,83,82,140,47,1320,477,62,162,92,459,328,67,151,146,76,565,470,214,68,101,110,75,141,65,209,164,163,0,0,396,149,100,80,850,75,0,284,48,24,120,633,34,71,114,425,91,85,0,556,132,78,0,36,422,1655,313,34,41,452,74,65,0,152,551,54,172,279,58,158,0,131,580,65,0,61,82,108,90,0,145,157,164,110,110,42,123,136,199,220,87,66,273,0,94,283,76,139,61,139,514,252,342,55,86,76,80,116,133,204,577,208,0,0,602,135,325,172,92,153,206,80,199,62,57,1131,111,814,158,244,74,435,219,565,0,191,119,0,360,105,79,104,62,1822,110,91,41,69,148,39,322,0,60,81,626,42,137,588,211,321,0,991,0,288,489,66,101,1381,45,734,174,459,75,137,533,45,234,213,129,226,147,0,67,180,127,34,130,104,37,273,0,238,284,207,0,167,155,103,413,0,0,148,52,105,155,162,565,592,96,149,0,52,190,71,126,805,160,123,272,27,57,0,92,252,180,44,41,181,307,40,103,204,360,94,0,251,351,85,60,617,186,254,424,398,335,410,200,0,104,23,23,63,306,53,100,149,0,211,361,97,0,0,530,52,210,165,419,130,252,202,245,0,47,986,248,842,119,123,215,10,132,110,47,97,96,889,406,90,379,286,294,47,123,34,350,283,80,62,112,82,77,65,100,1012,596,41,191,52,0,231,187,0,0,102,77,816,121,82,27,42,115,186,120,109,294,116,334,128,115,222,849,69,60,1305,125,446,121,99,173,63,0,57,557,32,168,0,83,82,227,81,43,121,466,66,0,70,195,167,116,391,43,147,36,84,270,1344,2176,75,303,233,291,538,103,283,51,132,106,259,84,308,250,494,421,136,102,0,184,164,0,642,256,34,188,269,276,931,102,345,111,388,0,82,0,120,126,205,653,54,1656,211,0,807,0,0,141,227,53,167,88,1307,50,37,141,502,46,0,258,119,0,241,29,215,106,250,393,237,1666,240,0,668,113,643,127,138,0,374,300,53,67,380,79,333,54,100,263,73,302,457,84,95,605,75,205,538,195,54,147,140,71,15,1081,296,47,0,159,197,105,134,57,81,110,53,141,127,217,159,0,315,32,0,472,113,124,409,111,85,0,1396,104,29,56,0,0,0,0,222,581,0,122,599,651,83,335,70,41,80,165,131,91,0,281,1609,98,78,99
173,0,0,0,21,0,0,0,0,0,0,0,0,0,0,0,108,57,0,0,0,0,0,0,0,0,0,0,0,0,0,0,0,0,0,40,0,0,0,0,107,0,0,0,0,0,0,0,0,0,0,0,0,46,0,29,0,0,0,0,0,0,0,0,0,0,0,0,0,0,89,0,0,0,0,44,0,0,0,0,0,0,0,0,44,0,0,0,0,0,57,0,18,0,0,0,0,0,0,0,0,0,0,0,0,0,0,0,0,0,89,0,30,0,61,0,0,0,0,0,0,0,68,0,0,0,0,0,0,0,78,0,46,0,0,0,0,0,0,0,44,0,53,70,0,0,0,0,0,0,0,0,0,0,0,44,0,0,0,27,0,0,0,32,0,0,0,0,0,35,67,0,0,0,0,0,0,0,0,0,0,0,0,0,0,0,0,198,70,0,0,0,0,0,0,0,0,0,0,0,0,0,0,0,136,0,12,0,0,40,0,39,0,0,0,0,0,0,0,0,25,0,0,0,45,0,0,0,55,0,0,0,0,0,0,0,0,0,45,0,0,0,0,0,0,0,0,0,0,0,0,0,34,0,0,0,13,0,0,0,75,0,0,0,0,0,0,108,62,0,0,0,0,0,0,0,0,0,110,48,0,0,0,21,17,0,0,0,129,0,0,0,90,0,0,0,0,0,0,0,0,0,77,0,0,178,32,0,0,99,75,80,40,0,0,0,0,95,0,0,0,0,0,0,83,77,0,0,0,0,71,0,0,33,95,53,0,0,0,0,0,0,0,0,0,0,0,0,85,41,71,53,0,35,84,0,0,48,228,169,58,0,86,0,0,204,0,42,0,0,50,0,16,0,0,154,35,0,0,76,0,0,0,0,0,196,0,51,0,0,0,0,345,0,0,0,233,63,29,46,0,0,0,0,0,0,31,0,0,0,64,0,0,0,0,24,0,36,70,56,0,117,0,0,26,97,0,0,58,0,0,0,22,0,80,0,0,70,0,46,0,0,0,0,65,115,173,0,0,0,0,0,43,0,72,0,0,0,0,0,100,0,33,89,0,0,0,0,15,0,0,39,156,0,0,0,0,109,181,0,0,0,107,0,0,0,0,0,68,0,0,0,0,114,0,20,105,0,54,0,0,124,0,0,36,101,43,26,0,0,53,0,0,56,0,0,91,20,0,60,64,0,122,143,108,0,36,42,105,0,0,0,0,0,84,0,0,0,0,74,0,77,71,0,0,0,0,0,43,199,60,62,19,0,0,0,0,0,0,31,74,305,0,0,0,0,32,0,0,0,0,0,0,0,0,0,0,120,0,0,0,0,39,0,206,0,129,78,32,0,0,401,0,72,0,0,0,22,0,47,0,0,0,0,0,45,0,34,0,0,0,0,92,49,63,0,0,0,0,43,0,0,0,0,0,0,0,51,0,54,46,0,0,0,0,0,0,0,0,0,0,0,100,0,0,72,0,0,0,48,0,0,0,0,54,0,0,0,0,0,35,0,0,0,0,48,0,0,0,41,200,0,35,0,56,0,0,0,101,0,0,0,75,85,84,0,0,0,65,0,0,0,0,0,0,0,34,0,70,0,0,25,0,0,32,0,0,0,0,0,0,0,82,0,0,0,0,22,71,55,47,41,0,512,64,114,35,42,0,0,40,63,0,0,45,0,0,0,65,30,39,0,278,55,0,75,0,0,63,0,0,96,0,0,0,0,0,0,0,0,0,0,0,0,0,0,0,65,0,0,98,39,0,0,0,32,0,0,0,0,94,0,0,0,0,0,0,0,0,173,0,0,0,0,0,0,0,0,0,0,29,0,0,0,63,0,37,0,133,0,0,0,0,113,0,0,0,0,0,0,69,0,151,0,0,0,0,0,0,56,0,0,0,0,0,0,0,0,0,0,0,0,83,0,99,26,0,66,0,0,86,0,0,0,0,0,348,82,0,57,0,0,0,113,0,0,0,0,0,0,0,0,0,0,73,69,0,0,0,0,0,88,0,0,0,90,0,21,0,0,0,0,0,0,53,74,158,0,0,0,0,220,0,45,0,0,0,142,125,169,41,0,83,0,18,135,57,101,51,0,0,128,31,0,0,0,0,0,0,0,0,0,0,0,0,0,0,78,28,0,0,58,0,90,0,0,0,0,0,0,44,0,0,67,0,0,0,0,0,0,0,61,0,0,79,0,0,36,0,53,0,0,0,68,48,0,0,48,0,0,0,101,0,0,0,111,253,39,285,0,858,22,46,0,0,0,0,0,0,33,0,0,71,0,0,53,0,82,53,81,0,58,0,25,0,0,216,57,0,0,0,0,0,0,0,0,139,38,0,0,0,32,0,0,0,0,0,0,0,50,151,0,0,0,26,0,24,26,37,0,0,0,31,59,209,0,0,0,104,53,0,55,0,74,46,126,352,0,0,0,45,76,22,85,0,0,0,0,0,0,0,51,0,0,169,0,0,0,0,45,0,147,0,0,0,0,0,0,0,0,0,0,0,0,0,74,0,0,0,79,0,103,0,195,0,0,215,0,0,246,40,70,0,0,64,0,0,0,14,58,0,0,74,0,0,0,0,0,84,0,40,0,0,0,0,0,0,97,53,0,0,60,60,81,39,0,0,65,0,0,0,0,47,111,30,0,55,0,98,0,35,0,0,45,187,0,36,241,0,0,0,0,0,0,0,32,195,0,0,64,0,205,60,0,74,25,0,0,0,0,0,0,0,0,118,0,37,71,0,0,312,0,0,0,37,0,0,86,15,99,0,0,0,0,0,0,0,0,0,0,0,0,0,0,31,0,0,0,0,0,43,0,0,0,0,0,51,0,0,0,0,0,0,0,30,0,57,0,0,0,0,57,34,0,58,0,0,0,0,0,67,51,0,0,0,0,75,0,0,0,0,38,0,0,0,0,0,0,38,0,0,27,0,45,0,0,0,31,0,25,0,53,66,0,35,55,0,0,57,167,0,0,70,0,0,0,0,90,165,58,42,0,0,482,0,80,0,26,0,0,81,0,35,41,0,35,0,53,0,0,0,0,76,0,0,162,0,0,0,129,0,0,0,72,149,0,0,20,0,33,0,0,0,44,0,0,0,1032,290,20,148,0,0,52,125,0,0,0,0,142,0,0,30,77,0,127,0,50,42,265,0,98,75,0,0,17,0,27,0,0,102,0,0,25,0,0,46,69,0,223,0,0,63,0,0,0,46,0,43,0,0,0,30,0,42,0,45,119,0,177,134,0,63,137,0,0,68,0,0,297,0,0,64,0,0,0,168,19,0,88,0,21,0,178,52,0,0,0,0,101,68,0,0,0,0,67,0,0,0,49,0,121,87,51,178,0,0,0,0,84,27,0,0,157,45,123,81,0,0,0,0,0,99,0,0,74,0,0,35,30,0,0,0,0,0,0,0,0,31,218,61,0,0,0,0,0,0,0,0,0,0,0,0,0,0,0,46,0,33,0,0,0,32,0,0,39,0,0,0,0,56,0,0,0,0,0,0,77,0,0,0,0,0,147,0,0,0,0,0,0,0,0,0,101,44,0,0,332,0,0,19,0,0,0,0,96,0,0,0,32,0,0,0,38,0,0,35,0,0,0,0,0,0,0,0,0,0,0,38,0,17,0,0,0,0,0,38,0,173,0,0,0,51,0,0,0,86,0,0,0,0,0,85,0,23,0,0,0,0,0,89,0,22,37,49,0,93,0,0,0,69,22,0,54,0,90,0,58,0,0,23,98,0,0,47,0,74,0,0,0,0,0,369,0,0,0,0,35,0,0,0,80,0,64,0,139,0,0,0,30,0,0,0,44,0,0,0,0,38,0,0,0,0,0,0,0,32,0,0,0,57,0,0,0,0,0,0,0,113,0,0,0,0,68,0,32,0,37,0,15,0,0,0,0,0,122,306,0,65,0,0,0,0,0,0,115,0,0,0,0,0,115,0,0,87,36,0,72,0,0,0,0,74,128,87,86,0,0,106,0,363,0,0,0,83,0,0,0,0,0,0,0,0,0,0,0,0,25,0,0,192,0,0,0,0,0,0,0,0,0,306,0,0,27,0,0,0,0,0,266,41,0,43,0,0,45,69,0,0,0,0,36,0,0,61,0,68,0,113,0,0,309,0,0,0,128,50,0,58,0,54,0,88,0,0,33,83,60,47,70,119,0,33,0,0,0,0,0,23,0,0,48,0,18,59,252,0,0,0,36,0,0,0,50,0,0,28,132,0,68,0,41,0,302,0,0,0,148,0,148,50,0,0,0,187,86,22,0,150,0,0,0,0,0,108,93,197,0,0,0,0,0,71,103,94,0,0,0,31,171,0,0,52,39,0,0,0,0,203,133,0,93,0,0,0,397,0,0,210,0,0,0,0,33,0,0,301,122,179,0,45,0,28,0,0,67,56,54,0,0,65,0,0,43,0,182,104,0,0,0,138,54,88,60,61,408,0,0,162,0,0,0,99,164,34,32,0,0,45,0,121,104,283,0,0,61,0,0,0,0,0,0,56,0,184,0,0,168,0,0,0,0,0,59,28,0,144,63,244,0,0,0,52,0,0,0,0,196,565,0,65,0,0,0,0,62,34,69,261,0,45,67,0,0,0,0,0,106,46,97,0,32,0,115,159,64,38,0,0,54,0,74,0,0,0,68,0,0,0,0,97,125,0,0,0,100,67,0,0,144,0,0,0,0,0,0,185,52,0,0,365,0,0,28,0,0,82,111,85,0,0,0,0,116,0,0,47,96,0,30,24,0,0,0,0,103,58,229,49,0,289,40,19,49,28,88,82,0,0,0,32,0,0,35,6,0,118,0,0,0,0,77,57,0,0,0,0,52,170,0,0,63,0,0,0,0,0,0,82,63,130,0,194,0,0,0,0,65,0,0,0,81,66,113,42,106,0,0,0,0,0,0,0,37,0,31,0,0,57,26,63,201,0,72,140,0,38,0,0,36,0,125,0,288,28,0,101,46,232,94,0,0,0,0,41,0,146,0,0,24,0,71,0,0,0,111,0,209,69,0,0,73,83,0,0,69,89,0,133,0,0,45,0,0,0,47,0,0,0,0,58,0,0,60,0,0,169,0,0,0,0,0,0,40,74,0,97,0,0,326,0,38,176,0,30,0,0,0,0,0,0,0,50,0,113,103,137,0,0,41,0,102,58,59,0,0,97,0,0,0,90,0,0,26,0,0,165,29,0,84,0,64,0,0,0,0,0,0,0,0,47,0,62,114,0,123,248,0,0,0,0,39,0,0,93,0,157,73,0,55,80,180,0,57,56,0,47,55,0,69,247,41,36,0,0,51,0,0,21,0,0,0,30,39,0,118,35,0,0,0,46,68,192,35,329,57,70,12,32,0,0,0,327,296,58,0,110,0,0,76,30,37,58,0,0,0,53,59,64,0,0,192,0,0,0,0,0,0,53,0,0,0,0,0,0,47,0,0,163,0,71,0,90,0,168,0,0,0,36,0,0,75,0,0,36,0,50,0,47,62,54,0,0,0,0,797,0,0,0,0,242,0,86,33,0,48,0,0,0,59,0,0,0,156,0,0,0,30,0,73,129,45,63,53,0,0,23,59,0,0,37,0,0,265,89,0,0,0,0,88,0,0,30,0,100,201,0,0,45,0,0,0,33,0,0,0,0,0,137,0,0,0,161,0,0,146,0,0,0,233,0,0,92,33,0,0,0,0,43,0,0,0,46,251,75,0,0,0,0,0,0,0,107,0,0,82,61,0,0,0,73,0,0,0,0,0,0,0,104,88,0,27,0,0,50,0,0,0,0,0,340,0,0,49,0,0,0,40,121,26,86,0,0,0,0,0,0,62,0,0,0,0,223,55,43,46,0,107,100,55,71,0,0,206,63,332,0,84,0,145,0,158,0,0,26,0,0,0,0,0,0,154,27,72,0,0,0,0,172,0,0,0,225,0,27,253,23,55,0,132,0,57,70,36,24,187,0,139,53,55,0,0,41,0,0,0,128,39,0,0,0,0,28,0,51,0,33,56,0,53,44,74,0,0,0,0,69,0,0,38,0,0,16,24,68,298,0,41,0,0,36,0,0,232,0,0,38,0,0,0,0,58,99,0,0,0,37,0,0,22,113,0,0,80,84,0,16,285,0,43,89,106,174,55,51,0,54,0,0,0,157,0,74,39,0,60,0,0,32,0,121,0,107,0,76,29,0,47,115,0,0,492,42,299,23,61,29,0,0,0,0,0,50,241,63,0,98,43,0,0,0,0,91,33,26,0,0,0,0,31,0,131,73,41,52,0,0,115,55,0,0,0,0,365,0,31,0,0,0,52,0,77,0,35,0,0,80,153,122,0,0,182,63,58,17,31,30,0,0,0,130,0,45,0,0,0,57,0,0,0,116,0,0,0,0,0,21,0,0,56,0,0,87,422,236,0,45,25,55,65,36,0,0,54,72,90,0,115,69,45,38,0,34,0,64,93,0,103,31,0,0,78,120,113,0,70,0,143,26,0,0,53,23,0,91,0,81,142,0,218,0,0,0,0,0,122,58,117,0,0,0,67,0,0,85,0,0,64,0,96,0,0,0,75,344,91,0,222,0,202,0,57,0,112,67,0,0,33,52,99,0,0,82,0,73,150,0,0,45,37,209,300,39,0,42,0,0,0,738,0,0,0,0,0,0,40,0,46,25,0,76,67,81,0,0,80,0,0,374,70,45,70,0,80,17,244,0,0,0,0,0,0,0,64,136,0,0,73,110,31,94,0,0,0,55,69,0,0,69,134,45,0,41
174,0,22,0,158,124,192,84,0,300,50,579,80,35,43,463,883,657,67,107,55,864,125,143,165,355,0,35,197,77,73,47,169,0,77,417,396,0,200,652,248,125,148,50,684,0,152,141,1030,0,336,87,316,329,75,453,86,0,0,79,0,156,170,607,39,99,195,70,48,75,879,0,104,100,61,527,185,55,1132,56,242,46,55,379,409,138,90,52,163,91,570,125,122,181,266,99,123,0,130,102,0,53,58,295,37,51,123,63,158,186,810,149,182,253,272,144,123,420,77,65,354,60,583,115,60,134,85,100,143,56,219,0,759,60,150,159,539,139,131,107,375,163,353,994,0,0,145,103,164,169,0,103,254,70,342,275,49,158,0,271,552,199,34,251,187,199,70,97,389,431,375,413,94,184,39,86,88,140,515,159,90,518,39,97,53,126,147,797,767,0,41,0,184,173,391,86,335,91,58,334,39,271,398,53,1290,0,88,75,105,326,179,340,119,160,106,250,85,133,30,0,473,360,100,58,838,0,0,287,900,41,140,0,62,102,57,0,63,199,662,65,50,124,112,155,126,0,180,30,172,41,168,148,709,211,244,68,199,0,46,94,781,402,130,156,91,76,0,1220,340,436,74,40,260,751,188,223,116,0,1453,570,261,0,199,355,194,189,109,664,2993,178,98,67,429,68,56,164,65,216,131,104,138,58,260,71,52,714,598,225,70,322,225,870,221,0,0,106,169,303,216,123,94,110,38,56,360,237,89,356,48,124,466,0,226,182,312,169,84,64,88,270,35,219,73,213,166,69,43,75,247,1574,326,130,118,502,1200,53,197,221,835,526,275,169,286,77,214,814,629,428,157,66,462,111,124,75,256,611,455,37,0,445,120,96,120,75,145,1404,142,227,75,42,86,76,1973,89,118,118,762,221,492,322,46,80,321,28,46,196,135,112,97,85,276,31,177,92,0,65,575,201,384,618,63,349,200,0,191,266,160,112,515,91,41,36,115,72,349,39,85,248,90,529,25,35,931,368,340,389,568,249,93,128,85,0,336,0,210,102,124,96,0,110,768,88,578,487,81,80,83,198,82,68,76,99,582,219,129,164,213,860,446,220,236,124,325,223,208,20,23,175,395,442,437,210,57,597,102,216,312,395,557,63,0,429,56,969,155,354,451,335,192,0,163,99,0,120,100,0,283,130,216,223,174,116,816,589,305,61,184,190,716,37,111,57,0,0,360,131,81,28,0,262,77,431,485,99,72,58,124,74,153,633,279,206,52,80,117,125,57,132,157,111,541,1165,0,127,174,650,163,53,42,98,342,335,67,0,58,43,0,276,76,224,161,500,258,53,886,35,522,476,160,67,88,1422,0,169,107,41,29,312,69,195,81,46,88,273,143,281,145,244,134,138,19,0,449,847,252,84,177,170,40,165,62,77,0,56,92,32,130,99,0,202,337,80,0,131,62,69,140,188,33,0,47,49,296,0,57,546,58,168,55,558,291,75,0,163,1433,0,231,164,90,349,188,162,84,0,70,376,122,195,100,81,332,78,363,86,490,106,175,129,784,75,38,89,133,149,263,38,157,51,271,20,187,0,207,23,162,58,377,36,387,0,85,100,0,174,193,70,111,174,327,200,77,377,326,0,55,43,0,54,509,126,644,155,131,1434,463,207,230,210,0,27,235,175,97,121,365,0,0,98,633,308,212,24,2516,256,0,271,48,20,168,0,40,149,72,62,353,110,0,69,28,40,83,269,0,90,23,279,0,119,34,247,374,163,139,80,0,566,114,0,65,73,114,85,235,44,22,0,261,243,198,527,0,0,60,125,32,119,0,86,153,100,125,107,136,107,576,0,232,215,167,52,176,56,402,317,107,419,37,72,74,124,278,24,437,94,103,95,220,138,0,308,554,0,60,105,37,0,163,195,51,0,0,65,574,45,390,110,0,235,119,69,257,0,308,0,45,0,694,396,210,781,52,114,47,402,77,206,68,0,24,57,19,57,67,75,516,243,84,45,0,80,56,173,308,80,103,178,0,230,0,116,181,353,67,156,216,94,826,39,73,41,286,848,0,178,0,82,118,357,502,574,395,81,144,119,134,1268,266,218,222,0,331,306,192,67,52,222,173,83,86,232,133,103,118,77,91,101,92,256,234,83,87,305,56,179,64,452,27,83,162,127,207,34,138,186,184,51,76,89,1154,70,0,128,135,224,441,146,0,295,194,525,99,102,47,718,128,77,29,951,71,0,149,452,0,31,131,311,1006,159,573,0,1533,151,79,178,103,74,60,41,0,253,116,48,288,58,83,488,165,211,1038,492,110,110,0,228,86,554,1531,632,113,118,30,88,143,96,142,0,337,286,58,0,60,185,124,63,110,613,22,291,2235,202,309,142,420,298,237,81,309,165,200,47,153,0,167,187,913,0,201,86,314,303,0,558,192,227,132,900,1068,219,697,45,501,240,131,205,57,110,105,157,58,85,0,290,0,121,1471,79,37,105,222,92,101,360,164,270,250,94,124,81,0,97,210,65,509,35,98,209,203,69,0,230,200,404,282,655,0,190,617,144,0,846,141,304,723,0,140,0,123,198,181,476,0,60,501,1368,0,76,0,352,194,0,167,0,104,28,83,59,176,759,314,162,144,211,287,255,414,0,61,178,681,163,78,146,490,325,511,166,332,57,298,81,314,74,79,201,527,40,284,543,325,76,91,65,0,35,129,482,1298,126,98,138,60,998,342,0,447,55,102,100,49,107,58,83,93,118,229,62,101,436,90,62,625,51,34,146,307,139,154,257,107,125,110,89,111,68,114,45,193,54,44,371,0,0,100,270,264,186,212,0,0,148,0,303,0,153,199,54,178,0,131,0,48,46,142,66,304,42,192,61,0,238,57,166,325,67,144,50,23,106,68,497,410,391,51,66,0,74,478,111,98,78,487,161,124,0,186,102,52,99,140,29,269,140,71,82,0,64,241,85,94,112,35,592,224,22,131,213,122,115,414,601,128,96,346,42,154,83,53,901,448,142,769,129,0,3016,58,249,0,120,167,97,1348,0,186,268,93,162,0,303,296,0,0,103,77,50,76,464,0,68,44,405,106,145,30,307,429,100,113,107,108,114,57,118,74,308,67,0,0,4639,556,70,376,62,119,237,531,100,88,174,0,493,85,63,88,253,0,420,63,204,111,818,43,600,378,0,484,89,37,122,64,43,462,253,140,186,278,368,129,343,41,310,33,170,231,0,75,179,200,56,345,153,48,192,203,147,360,65,85,431,80,480,382,202,245,296,80,91,413,88,50,702,17,45,381,0,56,0,767,79,225,454,101,95,67,653,143,152,228,180,0,452,347,50,45,110,114,188,82,66,75,269,27,554,178,208,262,75,159,28,55,276,0,85,90,483,195,144,273,130,201,88,0,151,342,46,194,767,76,0,52,291,0,92,102,81,0,112,33,0,198,845,206,0,80,170,150,355,53,162,168,95,77,492,26,0,0,172,132,0,284,148,48,33,82,0,27,314,0,175,0,357,236,124,16,403,365,93,92,466,168,144,0,44,124,687,0,500,0,93,116,184,43,49,136,367,168,143,148,1674,35,0,449,94,71,142,219,329,55,112,82,175,172,71,33,363,0,76,633,0,150,125,85,98,217,0,92,91,186,56,634,83,100,0,37,0,179,0,98,450,406,141,37,0,138,93,145,37,365,114,134,81,84,120,800,99,160,129,0,80,178,0,432,370,187,162,103,0,272,65,0,221,212,92,160,381,0,333,490,167,189,93,139,455,45,0,78,198,521,0,181,0,0,46,1333,221,113,116,72,711,162,198,87,282,45,105,55,557,0,41,0,650,92,1245,276,150,110,45,212,305,112,181,64,253,90,199,112,211,199,42,144,0,186,56,88,0,202,435,0,0,688,60,0,39,284,307,75,127,346,229,129,55,39,39,97,157,187,296,1092,151,165,181,0,37,161,52,165,689,0,45,110,0,82,180,44,42,109,476,65,424,74,55,92,82,304,273,351,387,90,43,419,160,770,0,96,76,398,59,421,162,188,156,131,80,39,91,0,50,0,182,33,122,486,118,111,0,0,0,67,73,270,0,1579,28,150,103,0,31,91,84,0,378,150,0,179,120,59,119,142,216,0,198,111,104,61,0,142,208,132,48,194,0,0,746,0,122,35,128,145,562,379,79,349,120,38,0,0,76,259,385,71,169,477,0,90,97,0,56,67,74,66,77,0,128,110,167,191,241,201,150,112,77,0,33,34,131,0,129,183,393,79,66,89,113,60,818,141,97,114,218,0,508,127,0,0,116,664,91,111,0,202,73,141,61,45,49,127,126,453,32,74,0,230,202,193,251,376,282,0,0,102,438,40,0,112,116,46,0,75,75,362,591,73,176,191,0,0,908,83,0,619,111,76,0,59,121,83,0,868,183,444,0,168,59,58,0,33,128,81,139,300,55,86,266,169,131,781,256,210,0,44,111,169,235,202,156,118,875,0,41,390,216,361,106,376,300,127,41,0,39,153,391,504,213,421,87,19,177,49,0,0,170,0,0,227,0,331,0,88,328,68,0,42,0,97,132,59,48,289,118,586,300,64,46,579,64,66,30,0,550,1175,0,73,38,99,63,0,186,106,318,802,186,110,89,156,27,33,19,56,307,176,419,49,53,58,192,146,147,164,52,24,198,0,188,0,268,0,175,0,168,0,0,191,294,52,0,109,605,208,175,21,1991,47,65,0,0,0,0,249,126,162,213,698,60,0,127,29,0,203,123,80,104,78,230,92,141,120,72,140,700,69,221,90,82,44,86,208,325,145,429,184,64,817,140,244,73,135,238,113,60,60,69,87,26,64,221,0,149,357,182,66,0,0,421,204,153,0,93,48,222,218,113,190,178,41,42,113,0,152,125,212,858,528,792,244,0,36,54,0,105,188,89,35,324,357,798,169,314,254,198,509,73,217,0,103,56,0,99,44,109,100,64,605,866,0,169,218,53,116,0,0,137,86,229,84,604,149,158,104,67,475,451,0,422,148,86,113,72,254,107,236,117,0,264,110,49,190,227,169,469,213,74,126,326,126,126,89,198,249,0,321,51,0,302,176,116,131,64,59,0,1254,26,366,100,81,145,56,136,258,95,0,114,78,66,81,0,308,38,134,0,0,597,118,104,618,116,72,25,139,201,51,124,41,111,427,116,151,359,190,0,59,151,84,218,108,144,44,0,163,41,133,0,288,34,148,663,0,0,231,219,0,174,162,95,71,108,182,87,106,26,0,62,284,42,227,411,93,307,476,0,74,0,54,356,0,254,236,116,482,156,545,197,181,423,27,211,116,27,312,158,352,376,279,294,86,0,114,126,86,61,45,379,40,59,107,228,138,2478,125,0,107,101,105,241,322,186,388,153,156,75,37,0,397,56,505,620,297,69,479,0,0,197,97,184,260,56,0,0,204,125,107,310,79,692,337,33,0,0,34,44,103,71,71,0,45,0,70,1763,0,41,953,115,144,0,153,33,477,231,0,266,110,29,59,161,0,0,118,0,357,129,88,104,0,55,55,0,0,744,166,0,0,0,652,0,200,387,277,317,25,0,0,123,153,0,0,366,0,0,105,77,346,269,386,262,185,367,0,46,0,116,44,69,48,162,0,1402,436,74,53,30,233,178,29,73,102,16,438,313,115,36,104,54,74,109,0,158,60,73,0,61,250,238,86,54,295,0,0,207,0,36,114,342,29,78,176,279,37,47,0,204,127,75,0,32,325,699,177,0,0,228,93,75,0,113,378,0,58,265,72,118,49,157,358,63,0,57,46,32,42,0,96,137,90,101,56,25,127,111,143,173,27,44,446,0,0,171,49,111,74,193,476,137,235,70,116,50,76,93,97,191,1107,115,0,0,594,142,222,163,62,168,234,114,218,59,49,655,140,484,89,253,170,402,184,405,0,134,52,0,385,68,80,114,0,1112,85,206,0,0,135,0,383,0,0,54,678,31,75,319,170,164,79,536,40,187,251,123,120,698,59,394,116,286,50,65,605,55,98,134,274,175,149,0,51,118,162,0,134,87,72,147,0,292,245,327,34,79,136,67,236,0,0,159,76,173,74,137,488,335,0,174,0,0,74,54,247,475,72,38,138,0,56,17,66,309,305,23,55,179,138,49,115,140,288,95,0,266,274,55,63,589,103,162,423,458,498,530,248,0,83,0,20,77,392,31,91,113,0,189,171,83,94,40,463,43,209,155,336,138,162,260,141,0,44,1092,127,611,98,104,140,0,172,70,0,84,119,634,190,64,231,140,421,34,126,0,350,139,67,47,89,111,120,65,78,827,471,60,94,53,0,277,96,0,0,102,0,1057,84,100,0,44,136,101,185,107,50,116,244,130,125,193,401,40,31,776,207,397,143,86,258,65,0,42,505,0,237,0,72,139,144,73,52,66,480,69,49,56,126,299,100,234,52,144,41,64,272,1098,2358,71,228,144,250,370,109,370,49,142,145,135,50,332,233,373,243,149,112,0,235,185,0,415,111,0,156,318,149,577,97,284,81,292,66,103,0,140,90,70,207,24,993,177,27,497,30,0,185,236,52,141,89,389,0,54,155,148,0,0,415,0,0,314,0,206,65,98,344,228,1233,252,34,736,160,404,75,158,0,508,193,107,98,468,107,339,69,61,300,37,281,387,49,109,367,58,419,576,199,46,177,109,92,17,1543,142,63,0,162,110,189,209,39,96,73,72,174,108,217,72,0,434,0,42,318,146,150,164,72,104,0,1577,59,50,0,0,0,0,0,169,355,0,121,280,284,44,292,83,0,52,184,168,149,0,218,873,94,82,65
175,0,0,0,20,0,87,24,0,0,0,172,0,0,0,0,253,247,0,0,0,81,0,0,0,0,0,0,0,0,0,0,0,0,50,0,0,0,0,0,97,43,0,0,86,0,0,32,52,0,72,42,110,69,29,0,22,0,0,22,0,107,0,89,0,42,85,35,0,40,257,0,36,40,0,157,0,0,453,0,92,0,26,105,80,40,0,0,0,29,16,41,0,0,61,0,0,0,0,0,0,0,0,87,0,0,0,35,36,0,419,0,94,28,114,59,17,35,0,23,108,18,85,0,0,0,0,46,66,0,168,0,178,0,68,45,85,80,66,76,123,0,0,288,0,0,0,0,62,57,0,0,0,29,0,0,0,0,20,209,63,0,27,94,0,63,0,31,68,52,234,0,0,60,0,55,0,60,61,48,0,47,0,0,0,27,13,434,209,0,0,0,0,48,70,0,83,0,0,29,0,0,102,0,558,35,26,0,24,99,79,169,0,0,0,106,24,91,0,0,179,174,0,0,148,23,0,0,71,20,63,18,0,0,0,0,0,48,234,64,0,0,26,34,0,0,97,0,97,0,0,46,165,89,83,0,0,0,0,32,25,149,115,43,40,0,0,305,191,296,0,0,90,181,79,0,0,0,273,249,0,0,43,44,72,66,0,54,1545,38,64,0,57,0,0,0,0,35,69,62,35,0,0,0,0,267,106,163,0,76,51,141,46,0,0,50,45,159,72,27,0,30,0,0,117,71,0,140,0,0,69,0,76,0,0,76,0,12,0,71,0,0,0,104,0,0,0,0,66,293,136,65,0,0,365,0,44,46,0,250,0,0,113,0,55,65,429,125,0,0,63,0,33,0,94,0,82,0,0,52,62,34,58,21,31,578,0,82,0,0,28,40,410,23,70,0,243,0,124,61,0,0,117,0,0,46,56,0,0,24,32,0,97,0,0,0,136,65,0,231,0,34,0,0,46,103,0,0,149,0,0,0,47,0,0,0,0,0,0,177,0,0,262,123,174,17,258,58,29,22,0,0,62,0,53,0,35,0,0,27,228,26,117,148,0,0,0,60,0,23,31,0,296,0,52,31,0,393,131,0,59,32,0,141,120,0,0,79,114,238,170,0,0,218,0,36,128,118,82,0,0,140,0,338,0,0,250,0,0,0,48,31,0,38,0,0,129,83,0,97,64,0,210,201,0,0,60,57,34,0,0,0,0,0,0,0,0,0,0,126,0,119,99,0,0,0,95,0,79,221,74,60,0,72,0,0,0,0,28,56,0,0,0,86,65,183,64,0,0,0,136,99,0,0,0,22,0,148,0,53,93,134,82,0,81,0,163,180,88,0,0,441,0,0,26,0,0,93,0,52,0,0,0,61,50,156,76,116,0,0,0,0,314,444,108,0,0,0,0,0,0,0,0,0,0,34,30,69,0,0,163,0,0,47,27,0,56,41,0,0,0,0,193,0,32,136,22,28,0,135,392,0,0,0,110,0,0,0,33,172,33,0,37,0,0,199,36,0,0,55,361,0,27,0,170,0,0,57,285,0,0,0,28,124,34,43,0,0,24,0,0,0,0,0,45,0,106,21,156,0,0,112,0,47,0,49,0,57,105,22,32,128,0,0,0,0,0,0,95,95,150,0,0,204,0,47,0,51,0,0,0,30,0,0,106,0,0,0,218,0,98,31,388,129,0,95,42,0,153,0,0,144,0,0,170,0,0,34,0,0,0,124,0,0,0,53,0,97,0,0,134,49,41,0,0,165,0,0,0,37,0,0,76,31,0,0,0,91,113,136,0,0,0,0,0,68,0,0,31,0,0,0,0,35,193,67,42,104,219,0,35,0,83,168,50,385,0,0,0,107,76,0,94,48,0,53,78,69,43,70,155,0,0,38,0,0,0,86,0,0,0,0,56,0,287,0,0,84,0,0,71,0,199,50,0,0,642,185,59,436,0,0,0,53,36,20,0,0,0,0,0,0,0,0,133,57,0,0,0,86,0,99,58,42,0,108,0,137,0,0,0,0,0,78,60,28,120,0,0,68,62,46,0,68,0,33,0,148,173,88,69,41,63,58,0,230,57,89,159,0,140,174,0,0,0,58,77,0,0,61,43,0,0,0,51,71,36,46,34,0,42,161,0,136,0,205,0,0,52,107,52,0,54,68,29,0,40,34,362,0,0,42,39,33,182,63,0,74,60,368,27,0,0,143,60,0,0,159,50,0,0,115,0,0,0,111,64,56,271,0,1223,68,32,85,61,0,0,0,0,44,63,31,121,0,38,74,0,89,111,141,0,56,0,26,35,245,182,211,55,54,0,0,36,0,0,0,90,68,0,0,0,68,33,20,62,179,0,158,311,0,0,37,89,67,91,0,107,96,62,0,65,0,0,87,499,0,81,123,116,113,0,221,60,0,114,211,399,213,189,0,191,0,45,56,0,39,44,0,0,0,0,57,0,88,592,0,0,0,104,54,0,198,0,59,0,0,0,26,0,0,65,0,106,0,0,79,84,40,0,90,86,115,44,269,0,35,240,38,0,579,51,189,146,38,53,0,50,198,54,242,0,0,66,355,0,0,0,68,88,0,0,0,59,0,0,0,53,174,0,116,39,85,168,0,143,0,71,72,294,0,0,57,162,230,182,0,107,0,192,37,152,0,0,66,39,0,64,232,262,23,66,0,0,0,79,381,645,53,0,75,32,475,53,0,141,0,0,43,0,0,0,0,64,15,139,0,0,0,0,0,231,0,0,26,64,0,72,34,0,0,62,0,0,44,0,0,0,0,0,155,0,0,62,214,44,0,56,0,0,51,0,85,0,0,52,0,46,0,51,0,0,0,0,0,54,0,49,0,0,30,0,32,135,40,0,0,0,0,28,99,221,33,0,0,0,16,86,0,25,0,120,53,0,0,99,27,0,0,0,0,53,60,25,0,0,0,29,52,0,68,0,64,61,0,58,52,65,40,181,73,0,44,76,0,51,0,0,379,73,0,155,0,0,813,0,0,0,0,35,0,232,0,0,53,0,0,0,103,0,0,0,0,0,0,0,144,0,37,0,108,14,94,0,49,69,0,0,0,35,0,0,0,0,60,0,0,0,204,0,0,135,0,0,86,0,0,0,60,0,132,0,0,0,28,0,344,21,106,44,120,0,122,0,0,204,0,0,0,0,0,129,47,0,0,60,130,38,158,0,36,0,65,81,0,0,0,12,0,65,75,0,57,0,96,154,0,83,118,0,40,114,83,48,57,0,0,64,0,0,154,0,0,134,0,29,0,0,0,55,41,54,45,0,73,47,0,109,51,0,25,79,0,0,49,0,76,0,0,42,78,0,0,0,0,0,0,62,0,0,114,0,0,0,229,181,0,49,0,0,0,0,0,67,0,78,268,0,0,0,52,0,33,63,0,0,0,0,0,27,240,82,0,0,0,0,135,0,0,51,43,0,82,0,0,0,0,52,0,73,51,38,0,23,0,0,44,0,130,0,117,68,46,0,195,87,0,0,0,62,122,0,0,27,173,0,246,0,62,0,50,0,0,0,105,25,0,164,428,0,0,46,42,0,49,116,162,0,34,99,0,45,0,0,112,0,0,87,0,71,0,0,50,0,0,0,0,70,0,56,0,0,0,14,0,63,0,0,156,346,48,0,0,111,0,62,0,130,41,49,26,0,33,303,0,37,46,0,43,59,0,96,76,53,88,32,0,0,0,0,0,0,54,60,83,0,73,192,41,48,62,41,388,34,0,105,39,79,0,41,0,0,0,458,0,0,0,0,144,65,81,0,65,0,68,0,189,0,0,0,468,0,388,0,134,0,0,72,99,56,71,0,85,0,68,42,60,0,0,30,0,0,0,114,0,37,233,0,0,385,35,0,0,31,0,0,0,0,0,33,0,0,0,0,157,58,223,191,74,159,50,0,0,70,0,33,125,0,0,0,0,0,123,0,0,0,161,0,120,0,0,0,16,178,410,105,141,55,41,171,0,352,0,22,0,0,0,138,35,0,77,111,0,0,43,0,0,0,0,0,26,178,72,0,0,0,0,0,0,20,0,687,0,64,109,0,0,61,51,0,100,96,0,42,25,0,84,41,135,0,135,0,0,36,0,57,60,41,0,57,0,0,306,0,0,0,53,100,103,93,51,0,0,0,0,45,32,54,82,59,0,296,0,0,0,0,0,0,0,0,44,0,64,82,136,0,182,39,0,57,0,0,0,0,72,0,68,74,301,66,38,0,0,46,184,25,0,61,106,0,260,85,0,31,0,430,87,52,0,118,41,40,0,0,0,64,64,198,0,48,0,131,30,65,60,91,57,0,0,0,169,0,0,51,51,0,0,37,0,129,434,40,69,111,0,0,274,0,0,454,63,0,0,0,0,0,0,580,76,249,0,0,0,39,0,0,114,0,76,68,0,55,0,51,49,592,120,76,0,0,60,72,262,114,0,0,126,0,0,296,98,137,62,123,115,72,0,0,0,0,177,104,151,377,39,0,63,0,0,0,123,0,0,220,0,103,0,0,175,0,0,0,0,0,105,26,21,83,52,29,87,0,25,292,25,0,0,0,218,228,0,0,0,37,42,0,73,50,68,0,61,63,48,141,0,0,0,0,63,43,233,0,35,0,73,57,70,64,0,0,228,0,152,0,161,0,0,0,0,0,12,130,174,0,0,51,337,53,55,0,663,0,28,0,0,0,0,131,71,52,23,452,0,0,30,0,0,143,75,35,33,60,79,0,107,0,31,169,122,0,140,39,62,0,123,81,235,0,135,131,0,666,185,0,112,168,135,45,0,55,0,0,44,0,49,60,0,214,120,0,0,0,331,92,0,0,0,46,64,62,0,60,220,0,0,71,0,119,35,145,278,271,247,110,0,0,37,0,84,100,44,0,88,89,836,109,293,0,78,182,0,60,0,55,30,36,0,42,73,114,0,142,247,0,114,177,0,95,0,0,151,33,77,73,575,61,65,0,0,348,334,0,197,0,0,0,0,322,51,46,31,39,107,42,0,45,397,0,439,289,0,0,69,37,33,0,139,156,0,164,55,0,33,75,0,0,66,0,0,726,0,297,30,67,83,0,167,185,42,0,28,28,0,37,0,420,21,81,36,49,428,61,160,902,73,100,0,54,101,0,47,0,132,180,124,163,258,122,0,57,217,0,80,76,51,44,0,78,52,43,9,87,0,0,163,0,0,152,26,0,61,155,171,0,98,47,0,52,0,0,36,109,0,40,204,0,268,157,0,43,0,0,59,0,109,177,0,512,57,242,53,80,216,0,180,0,81,80,190,57,297,166,69,69,0,158,122,0,0,0,194,0,44,48,0,62,1153,51,0,35,65,36,73,233,0,175,56,194,0,91,0,141,40,193,132,139,0,761,0,0,123,160,76,174,40,0,0,182,147,39,124,77,272,141,0,0,0,59,0,63,79,46,0,99,0,57,1193,0,0,1127,57,0,42,127,47,327,200,0,205,165,0,0,189,0,0,208,0,175,76,45,95,0,0,0,0,0,487,105,0,0,0,284,0,93,151,176,115,0,0,65,43,107,0,0,381,0,31,53,43,130,174,0,119,117,293,27,0,67,38,0,57,0,189,0,660,181,0,0,0,161,130,27,94,58,70,84,161,125,39,57,98,0,86,32,58,64,54,0,0,97,167,29,0,257,0,0,0,0,0,0,0,0,0,66,185,0,67,0,162,102,0,0,0,94,340,113,0,33,148,46,65,0,0,0,0,89,137,0,58,0,190,186,0,0,0,34,85,0,27,99,72,0,0,62,0,114,0,80,101,56,0,199,0,62,91,60,136,74,71,285,160,0,61,88,0,0,43,0,90,662,199,0,0,344,88,97,58,0,65,51,0,101,0,47,201,126,306,0,209,93,0,141,147,0,76,77,0,419,138,43,65,0,226,92,34,0,34,75,0,119,0,0,31,748,0,36,48,210,42,0,159,0,0,208,0,0,1109,49,817,0,207,0,85,602,0,117,110,72,127,87,0,0,84,49,0,139,0,0,32,0,74,228,176,0,80,64,37,169,0,27,64,51,78,0,89,190,80,50,0,0,0,171,0,136,255,42,61,267,0,0,0,69,148,81,0,0,81,0,33,77,119,155,40,0,52,171,0,0,216,137,64,106,95,290,122,55,0,0,0,0,0,153,0,66,97,0,147,178,37,59,21,205,0,123,58,276,109,199,163,73,0,0,374,123,330,35,102,87,0,123,41,0,0,82,453,122,57,126,90,157,0,49,0,118,126,33,33,56,30,51,0,0,605,163,21,65,0,0,105,37,0,0,83,0,749,59,51,19,0,0,105,80,85,105,27,93,50,81,113,259,65,19,475,119,198,31,38,45,43,0,31,357,0,60,0,0,0,162,0,0,45,121,46,0,0,65,69,63,94,21,51,0,43,113,726,1535,41,76,56,180,441,63,109,0,132,103,0,39,170,174,181,135,42,46,0,0,62,0,373,0,0,0,54,68,340,0,253,60,159,48,62,0,47,67,23,197,37,582,111,36,287,0,0,78,44,0,0,65,449,0,0,43,158,0,0,74,0,0,105,0,73,46,0,112,108,820,141,28,180,84,204,0,106,0,71,97,0,0,206,46,213,29,45,122,0,157,319,44,57,164,78,303,222,48,0,27,61,0,0,831,116,21,0,35,0,0,0,0,51,42,0,86,51,165,75,0,58,0,0,308,159,28,138,66,55,0,446,35,0,0,0,0,0,0,83,263,0,58,244,286,28,98,74,0,0,103,50,0,0,141,855,63,41,42
176,0,0,20,40,33,84,0,0,74,0,199,0,33,0,249,218,123,0,0,0,284,60,68,0,152,0,27,76,53,19,31,50,0,52,109,101,0,0,248,153,81,37,34,116,0,103,44,236,0,128,0,110,107,52,186,27,0,0,39,18,113,46,319,21,29,94,45,0,0,302,0,0,0,0,169,105,0,559,0,92,33,63,133,198,58,38,0,33,34,181,0,0,56,145,0,40,0,76,56,0,0,44,119,0,34,113,0,92,48,96,55,81,124,135,55,83,162,59,0,216,0,332,0,0,52,59,0,76,0,126,0,364,0,0,95,126,98,120,87,71,72,135,169,0,27,82,22,97,87,0,0,133,48,61,82,0,64,33,137,194,60,0,88,72,118,59,0,132,164,130,181,39,50,0,40,0,100,113,51,49,296,0,23,0,0,79,518,222,0,0,0,112,62,191,21,56,38,0,102,0,83,127,35,89,44,64,29,43,142,97,69,40,100,0,78,60,34,0,0,89,158,54,13,379,0,0,110,279,34,84,0,50,0,0,0,19,74,152,0,0,59,50,0,64,0,93,0,0,0,72,74,314,36,161,71,26,0,0,89,230,238,39,23,48,0,0,348,66,422,0,0,145,378,146,70,0,0,1027,140,54,0,129,135,134,110,0,272,1349,159,70,0,125,0,28,82,0,97,60,0,0,0,0,50,0,282,42,83,0,79,92,164,131,0,0,0,119,299,50,51,63,0,0,0,194,91,50,102,0,37,148,0,83,61,86,66,0,0,0,0,0,0,28,0,86,0,0,0,75,383,121,150,0,38,575,0,133,68,220,224,45,65,81,31,73,109,202,177,0,33,44,41,61,0,52,0,118,0,0,115,80,62,36,73,27,1032,78,108,82,0,0,0,425,0,82,79,368,0,125,321,0,53,205,0,47,70,0,0,45,0,112,0,115,31,0,0,227,59,150,140,0,103,110,0,129,67,45,65,120,0,0,0,71,0,186,0,0,35,54,247,0,0,271,108,255,88,0,52,37,58,0,0,106,0,34,0,57,0,0,0,128,0,121,208,0,61,49,42,0,14,72,0,107,40,49,33,160,520,102,54,170,61,92,149,170,0,0,125,125,164,234,65,41,242,62,123,206,215,246,0,0,68,67,418,98,67,274,35,74,0,107,19,0,38,0,0,248,37,54,119,156,62,189,288,0,0,36,68,149,32,0,0,0,0,40,0,48,0,0,246,27,117,83,28,53,0,102,41,0,154,255,123,23,52,83,0,0,45,98,55,104,52,0,81,49,379,58,0,0,51,293,183,0,0,0,37,0,80,0,44,230,141,65,0,152,0,163,542,0,0,0,315,0,146,0,0,0,47,0,75,19,0,46,50,33,39,20,87,99,89,0,0,197,273,0,17,58,206,0,117,48,0,0,44,101,0,26,0,0,97,73,0,0,0,0,0,50,116,0,0,0,0,81,0,0,420,0,127,48,55,33,47,0,119,907,0,82,45,0,60,86,94,61,0,0,67,85,57,0,35,94,60,58,0,167,38,67,29,261,0,0,0,125,42,148,0,81,0,104,0,138,0,140,0,53,0,112,0,164,0,0,0,0,103,110,0,0,56,178,35,47,103,338,0,0,0,0,0,118,0,199,124,64,1412,347,133,44,62,0,0,53,0,60,0,0,0,0,69,506,53,99,0,624,37,0,0,0,0,41,0,0,29,21,0,146,0,0,0,0,0,44,50,0,46,0,68,0,53,0,258,61,141,0,0,0,377,68,45,30,0,91,57,116,17,0,0,64,33,103,135,0,0,27,30,0,52,0,49,0,79,49,43,0,0,206,0,134,85,51,0,0,0,289,167,0,61,45,0,0,0,0,0,42,0,0,46,78,0,0,168,192,0,16,0,0,15,123,70,17,0,0,41,621,46,125,70,0,0,80,0,0,0,0,0,0,0,165,108,40,132,0,39,40,121,0,0,0,0,0,0,0,0,0,92,0,181,0,0,0,0,61,0,176,0,84,60,0,74,0,0,106,285,0,0,126,47,220,0,39,84,67,126,0,0,0,47,35,191,248,234,39,0,38,47,51,303,89,43,142,0,139,42,0,0,0,0,82,0,33,78,0,0,27,0,0,28,0,61,92,0,0,96,0,58,28,243,0,0,29,0,61,0,62,134,64,0,40,0,407,0,0,0,0,73,211,76,13,31,110,381,0,18,0,250,99,36,0,179,36,0,46,59,0,0,56,82,434,0,517,0,472,49,51,78,53,0,26,0,0,54,67,0,182,0,0,92,0,49,87,138,37,88,0,53,0,270,454,130,71,51,0,0,0,0,51,0,196,95,0,0,0,0,25,0,41,189,0,104,138,58,0,37,55,87,78,46,167,142,27,0,56,0,35,36,479,0,77,181,129,104,0,226,101,0,42,260,410,87,116,0,182,101,31,104,0,33,43,69,0,0,0,55,0,55,399,0,0,0,0,0,37,0,65,79,67,0,34,47,0,0,0,0,117,0,49,0,110,0,0,42,73,180,68,232,0,58,493,52,0,253,40,100,185,73,45,0,31,67,0,135,0,0,161,247,0,37,0,82,129,0,84,14,0,26,0,0,56,218,0,35,40,85,69,80,125,0,27,0,281,46,23,59,119,139,110,0,0,0,142,67,30,0,0,83,193,0,69,132,85,0,0,0,0,0,64,80,260,0,0,68,42,478,78,0,284,57,0,50,0,0,0,33,45,0,89,0,56,142,0,0,322,0,32,78,0,0,64,60,0,86,33,0,0,0,0,0,42,0,0,177,0,0,46,124,0,47,66,0,0,101,36,50,0,90,77,0,0,0,0,0,0,0,37,0,58,0,79,0,0,0,0,0,43,24,81,0,0,0,0,124,193,58,0,41,0,0,148,88,0,0,121,0,46,26,0,0,0,0,0,0,43,50,47,72,0,0,0,40,0,56,0,425,0,0,0,38,0,0,173,62,0,0,92,0,23,0,0,177,127,0,207,30,0,627,36,86,0,0,35,0,182,0,53,0,0,100,0,46,77,0,0,0,93,0,43,123,0,0,0,0,0,86,0,25,71,60,23,0,45,0,0,0,53,31,0,0,18,731,368,0,251,33,0,95,153,0,34,44,0,43,76,0,39,0,0,207,0,129,70,323,0,259,0,0,143,0,0,0,0,0,116,56,0,0,72,189,0,157,0,214,21,0,136,0,0,145,0,0,81,52,0,0,122,91,95,0,71,0,0,317,59,36,0,146,0,51,0,58,0,132,0,0,103,0,0,0,163,0,0,0,56,0,0,88,26,92,105,0,0,26,99,0,33,82,0,0,0,54,0,120,0,97,105,66,154,0,73,0,19,112,43,0,0,285,112,95,0,15,36,0,0,37,112,0,62,84,34,0,0,116,0,44,0,0,0,0,0,0,130,0,0,0,0,135,0,126,0,0,83,0,47,94,0,0,0,0,51,0,115,0,0,0,0,0,36,87,0,0,0,195,63,0,0,121,0,0,0,0,96,57,0,0,0,440,0,152,0,47,45,46,0,0,0,204,42,0,72,401,0,0,118,0,0,41,54,388,0,0,0,79,46,0,0,113,0,35,247,0,111,47,0,0,55,0,0,0,70,48,112,0,0,0,0,0,122,0,0,150,212,23,0,0,46,41,0,0,87,76,0,0,39,0,80,0,0,48,0,61,51,0,342,58,0,0,31,28,66,0,0,78,0,0,107,81,0,115,157,77,25,54,65,191,0,0,0,59,182,0,0,0,0,0,127,84,0,31,0,83,87,84,35,44,0,66,0,207,0,0,0,324,0,624,64,46,0,0,61,86,0,101,0,73,49,64,27,53,83,0,42,0,0,0,0,0,67,157,0,0,192,0,0,0,35,0,21,0,138,0,0,28,0,0,0,98,55,138,46,109,52,80,0,0,112,0,51,117,0,0,0,0,0,92,0,0,0,243,0,152,0,26,0,0,275,93,92,0,0,0,0,88,374,0,0,0,0,0,119,22,27,47,0,0,0,39,0,0,0,0,0,26,371,45,62,0,0,0,38,0,81,0,253,0,59,20,0,0,49,34,0,218,34,0,35,40,0,43,49,0,0,60,0,0,48,0,0,0,0,0,0,0,0,176,0,60,0,36,0,49,0,0,34,0,0,0,0,0,0,66,44,62,0,0,0,58,0,0,0,0,31,0,0,0,91,73,0,116,0,0,23,0,0,0,0,0,0,0,0,86,0,0,82,0,0,43,0,0,0,57,0,102,39,0,0,0,0,149,14,0,64,0,43,0,0,0,43,126,66,0,0,0,77,44,58,47,86,0,0,0,64,0,0,0,52,0,0,0,0,0,39,0,0,43,0,0,0,52,0,0,101,0,0,0,0,0,0,0,34,73,383,0,0,0,0,0,0,144,0,0,0,0,0,120,33,0,209,21,63,0,0,0,118,101,152,0,27,80,0,0,0,39,112,0,0,131,0,0,0,0,0,108,153,0,98,40,0,39,0,0,0,139,0,0,0,0,111,0,0,112,0,0,0,0,0,0,0,0,58,26,0,71,0,0,143,50,0,0,0,127,0,0,33,0,0,0,0,59,0,96,70,0,71,95,48,0,0,0,0,0,0,143,0,35,0,66,81,27,97,0,0,37,0,0,0,0,0,0,0,0,0,0,36,0,0,0,0,200,43,0,0,278,0,0,0,0,0,0,84,0,0,0,99,0,0,0,0,0,47,0,0,0,0,78,0,68,0,0,0,151,0,0,0,0,0,35,39,83,0,87,0,0,88,0,0,0,0,50,0,0,0,0,0,0,0,38,0,0,77,35,0,0,0,187,64,0,0,0,0,65,0,0,0,54,0,12,49,0,0,24,133,116,71,301,0,0,0,0,0,0,73,0,0,61,66,69,72,70,96,0,123,0,0,0,0,0,0,0,0,47,0,0,143,246,0,87,0,0,0,0,0,47,0,0,61,120,0,46,0,0,0,164,0,41,0,0,0,0,0,26,99,0,0,38,0,0,92,0,0,135,0,0,38,48,0,55,0,20,97,0,143,0,0,0,0,46,27,0,0,0,356,0,166,0,0,0,0,35,0,0,0,0,0,0,0,0,60,0,74,0,0,112,0,0,255,50,0,0,0,80,0,35,0,13,0,74,123,54,0,0,0,0,0,96,59,0,0,0,0,43,0,0,20,0,0,160,0,0,0,57,0,83,0,130,0,47,67,0,0,0,0,0,111,0,0,0,0,59,81,0,0,0,0,79,0,98,0,0,155,0,110,0,0,55,0,0,25,0,0,0,0,151,0,66,0,0,71,0,0,0,0,92,0,26,0,50,0,506,0,0,0,0,31,23,0,46,64,62,57,0,0,0,62,0,22,110,130,0,160,0,0,0,0,66,87,0,0,0,54,0,0,44,0,150,86,0,0,0,0,0,81,0,0,0,0,0,0,403,0,0,124,0,0,0,95,0,210,35,0,138,84,0,0,0,0,0,113,0,306,57,63,0,0,41,0,0,0,361,47,0,0,0,132,0,0,88,154,46,0,0,0,0,0,0,0,218,0,32,0,0,54,64,158,0,0,168,0,0,0,37,0,0,0,64,0,371,102,0,23,0,105,30,18,62,0,50,89,98,81,0,0,0,0,0,0,0,0,0,0,0,59,33,0,0,178,0,0,102,0,0,0,158,0,58,0,0,0,0,0,61,60,66,0,0,33,185,67,0,0,68,0,0,0,0,142,0,54,62,0,35,0,0,0,0,0,0,0,0,0,0,66,77,0,0,0,0,53,0,0,94,29,0,195,0,0,88,53,0,29,0,46,92,92,0,52,0,0,87,0,71,190,0,0,0,85,56,58,0,0,0,0,0,55,0,0,236,75,103,0,0,56,61,80,116,0,0,27,0,59,0,0,0,0,220,0,46,0,0,0,0,181,0,0,0,466,0,0,154,0,47,0,132,0,0,19,0,0,920,0,468,41,44,0,0,99,0,67,88,62,0,61,0,0,0,36,0,93,50,0,54,0,88,82,0,0,57,0,0,74,0,0,0,30,28,0,0,123,165,0,57,0,0,0,0,43,129,0,60,86,0,0,0,70,0,139,0,0,114,44,0,0,106,85,50,0,80,82,47,0,273,38,50,92,71,0,116,0,0,0,0,0,0,107,0,0,46,0,21,74,0,0,0,309,0,47,70,245,0,0,106,85,0,0,336,0,149,0,169,109,0,0,0,0,44,98,504,47,0,85,49,140,0,94,0,153,109,38,18,42,46,0,0,48,469,281,0,36,0,0,73,63,0,0,70,0,187,39,0,0,0,0,55,64,0,0,54,147,0,54,61,83,0,0,440,0,193,0,62,0,0,0,37,290,0,83,0,0,0,67,0,0,33,177,0,0,29,65,64,0,147,0,0,0,86,167,381,1478,0,120,0,155,141,39,213,0,168,0,46,0,87,0,0,86,48,0,0,0,54,0,358,75,0,61,33,47,106,0,73,0,92,0,46,20,0,31,0,63,16,508,60,0,289,0,0,0,0,0,67,96,151,0,0,0,62,0,0,0,0,0,120,0,93,44,35,41,97,609,0,0,142,83,117,0,159,0,91,0,0,0,237,0,0,0,35,32,0,176,227,0,0,123,75,521,101,38,0,0,23,0,0,645,83,0,0,0,36,0,27,0,0,42,0,94,58,0,60,0,67,34,0,165,114,53,0,47,0,0,516,46,0,0,0,0,0,0,0,205,0,104,235,43,0,31,0,0,0,0,36,0,0,86,624,0,44,94
177,0,0,0,108,97,185,144,0,308,55,282,57,47,0,624,488,676,63,104,54,833,158,171,194,341,0,101,248,105,39,38,131,0,90,372,464,0,187,874,99,127,128,88,484,0,101,95,1221,41,488,119,422,349,0,817,50,0,0,83,0,409,283,521,82,56,335,61,98,80,876,27,108,108,60,430,497,0,908,76,449,52,117,310,695,183,82,37,129,97,934,206,100,256,251,61,93,0,189,107,0,75,62,458,72,58,220,46,238,189,446,108,177,317,352,63,78,324,110,68,841,0,672,61,61,100,83,85,409,117,183,0,688,76,251,293,466,180,127,125,290,155,244,844,15,0,207,145,90,403,54,105,350,160,354,268,0,218,124,909,774,190,78,250,203,263,88,96,344,640,528,484,128,106,66,271,84,120,524,74,72,553,0,110,115,215,150,1067,566,0,0,28,311,194,448,34,354,65,68,244,0,267,342,84,979,51,127,77,81,311,420,331,121,203,127,277,149,169,56,109,451,452,123,77,613,0,89,296,761,42,147,55,33,84,57,0,85,245,914,254,81,312,136,95,140,0,442,27,107,37,150,164,719,178,431,104,193,41,144,149,669,342,193,153,101,62,55,893,459,1153,76,70,371,795,172,236,255,69,1804,953,299,0,126,523,126,162,106,899,3449,309,166,112,715,89,66,181,30,181,403,111,120,63,217,87,89,1118,629,668,83,262,197,813,269,36,67,119,194,640,270,174,174,95,50,160,584,335,209,383,60,76,662,0,296,256,197,299,41,79,78,153,92,263,57,199,160,110,67,72,230,1071,687,410,68,557,1485,46,181,173,1569,323,191,93,364,68,92,1008,1417,530,179,59,455,205,177,105,281,749,435,41,0,346,279,88,144,93,170,1687,228,325,207,51,101,105,1518,102,249,131,1068,200,340,452,47,78,843,59,153,120,152,187,127,133,221,40,263,127,0,101,729,210,754,693,91,734,287,59,220,246,273,103,426,109,58,41,204,74,367,82,78,140,123,547,0,54,664,402,622,330,661,314,134,159,54,0,610,0,252,91,173,122,42,67,469,78,513,380,103,109,131,199,85,98,129,128,662,201,271,187,325,1018,408,205,321,45,373,520,491,40,0,257,248,1137,471,157,107,443,64,150,504,405,277,55,36,341,82,1360,143,251,701,404,191,83,233,122,62,115,109,83,842,179,218,404,529,152,423,867,308,56,144,269,750,111,61,62,0,37,417,163,82,35,0,490,154,550,520,125,112,55,338,58,184,660,432,360,85,291,187,99,77,213,263,182,542,1254,0,177,235,1097,100,0,0,136,802,700,119,0,89,98,0,947,80,130,752,532,382,72,997,33,651,1687,211,30,98,1521,0,420,0,49,36,442,87,119,63,86,147,230,109,589,163,409,183,184,0,49,822,1279,337,78,240,299,43,205,88,113,29,56,193,115,352,147,0,464,529,57,97,156,56,112,308,305,49,0,58,31,374,0,104,592,38,250,62,662,991,139,52,124,1728,0,149,118,221,533,248,208,146,43,0,418,84,274,95,242,699,63,318,68,527,140,111,181,519,64,82,157,160,229,329,107,133,147,318,26,524,104,233,46,116,116,347,44,716,59,35,301,49,247,245,88,83,162,269,162,68,902,720,28,49,79,58,189,543,205,474,315,312,1855,873,874,345,265,38,28,160,311,102,37,293,37,47,99,473,257,579,75,2278,367,0,333,87,0,347,38,79,238,125,87,432,57,0,221,0,83,111,313,140,162,59,259,0,197,59,440,475,302,139,104,68,519,158,79,60,162,512,194,232,68,71,57,422,265,229,1205,0,0,107,105,40,113,0,181,105,201,157,184,165,122,1098,230,286,147,417,53,134,79,634,549,82,1063,108,99,86,302,539,62,956,109,156,127,183,202,91,349,942,58,33,105,0,63,367,310,75,35,0,128,979,50,524,256,0,251,199,85,495,56,244,120,62,0,1398,676,141,1196,92,109,47,485,128,284,95,0,131,54,71,120,94,123,471,467,136,108,0,225,150,210,221,112,132,312,56,258,27,77,174,666,104,238,421,518,915,150,110,218,209,404,0,152,26,196,75,628,995,646,379,118,282,152,116,2102,611,241,496,66,403,758,165,175,202,253,243,137,83,190,195,157,79,59,114,145,170,357,200,51,111,441,85,417,61,461,51,163,319,312,401,27,182,352,168,34,71,183,802,121,109,191,252,108,1072,246,95,768,156,1432,105,191,89,485,411,105,0,1272,208,18,143,530,68,23,468,323,1471,94,1336,65,2783,321,239,240,111,0,134,30,50,201,375,153,599,99,82,188,232,234,1592,567,133,252,36,124,109,722,2330,866,276,97,71,98,179,198,223,0,1081,345,77,54,115,246,105,198,246,572,24,315,3893,217,518,201,527,239,278,140,397,645,336,0,227,0,232,245,1221,14,259,347,407,614,0,1378,195,143,338,1390,2790,472,1014,100,634,259,229,792,103,122,217,176,38,176,0,371,0,157,1410,156,104,110,358,136,231,776,166,522,275,204,150,75,84,75,346,257,376,30,101,153,300,116,23,181,285,562,185,1352,153,223,1964,231,60,1773,161,628,539,153,184,32,71,613,254,564,0,44,309,1410,62,144,91,548,511,76,186,96,135,139,144,140,218,1305,212,301,267,409,469,205,527,0,184,144,498,116,168,180,864,781,1085,412,487,67,819,354,481,35,241,341,496,100,314,572,823,125,175,73,27,92,133,1145,1916,190,93,279,109,1910,637,0,749,252,83,274,71,173,56,229,216,274,727,107,216,487,163,34,1980,72,137,298,702,199,298,389,110,335,178,82,157,300,142,67,238,90,67,717,50,41,212,776,252,189,307,96,46,324,139,609,90,236,310,90,169,48,400,54,125,77,254,107,235,70,186,83,38,357,101,218,474,146,335,73,59,224,89,370,1118,766,61,103,73,152,516,229,210,103,452,225,140,150,370,246,47,213,143,85,368,267,167,346,35,95,166,208,90,510,91,1079,195,56,207,245,238,209,657,646,188,141,447,132,435,200,74,1247,740,198,930,132,51,5760,80,260,0,182,311,147,1330,0,263,433,102,296,124,744,471,88,88,147,317,49,157,645,76,136,75,412,147,391,45,275,554,124,143,101,123,134,152,143,217,581,118,0,146,4337,1133,164,922,101,229,373,655,182,88,365,84,526,170,121,234,295,45,1339,103,418,236,1163,61,1267,632,26,1065,132,0,120,92,54,1050,361,146,391,318,777,151,1068,115,776,64,285,567,0,74,311,305,216,565,279,117,234,232,342,565,134,355,394,68,1827,357,295,196,564,178,103,767,149,55,1241,48,64,415,0,165,95,714,87,392,697,235,285,111,756,187,371,488,383,45,673,402,85,122,216,228,243,206,137,286,481,71,480,330,397,619,91,251,127,91,605,183,184,59,1153,868,446,197,93,277,211,75,174,791,173,272,1261,84,35,192,483,153,275,221,100,68,134,32,59,240,668,218,40,123,339,258,852,70,211,300,118,118,905,33,60,63,248,388,61,493,340,142,93,120,0,64,418,92,415,27,595,647,118,58,827,504,161,105,863,294,378,36,92,212,975,20,867,88,166,237,292,62,112,149,922,266,204,411,1827,50,34,648,237,75,257,459,812,47,177,196,256,206,101,0,705,50,144,1245,0,273,212,143,177,288,0,107,174,453,84,767,76,125,32,54,66,335,53,194,709,904,187,44,92,284,114,280,92,423,230,131,182,133,171,1713,156,174,213,65,155,275,70,558,596,274,360,223,127,565,134,71,261,352,315,343,352,141,356,879,237,182,174,249,1121,106,59,204,261,816,75,237,51,0,101,1289,258,202,100,71,1037,245,490,116,364,120,413,112,1528,12,68,79,1309,124,999,226,306,177,64,374,628,147,437,87,427,111,301,219,459,405,57,241,83,279,135,204,109,424,1012,0,51,2426,122,27,110,333,541,88,164,496,413,141,106,75,156,95,344,384,810,2563,320,379,287,0,100,245,101,252,883,0,79,197,68,128,564,52,89,322,810,103,847,95,119,105,69,571,808,396,400,245,122,1226,254,1803,67,101,104,670,100,809,141,253,332,321,126,0,195,51,110,0,349,89,119,1551,265,211,0,26,0,110,113,458,0,1863,44,380,332,36,127,212,137,0,549,446,89,317,158,78,320,340,291,74,426,228,157,107,0,328,468,279,87,306,40,54,1534,62,159,74,276,315,812,1125,191,472,353,174,0,111,105,317,622,310,202,737,100,207,246,88,109,95,115,180,184,40,332,195,405,273,613,238,202,216,190,78,72,52,279,84,210,340,708,199,252,253,158,158,1254,219,91,277,564,0,1101,242,0,114,282,913,292,310,47,587,157,280,108,92,79,221,146,1005,81,130,0,623,240,239,390,435,564,75,53,186,750,51,0,222,163,133,41,105,113,713,1000,152,418,494,57,35,1372,92,206,1399,211,116,36,93,262,232,54,1285,371,1230,0,225,100,120,59,47,608,135,280,368,153,346,434,187,218,1252,346,474,0,139,231,272,645,496,301,217,1163,103,53,590,306,748,138,800,725,184,83,0,156,174,983,733,404,1005,158,61,383,116,82,67,262,61,36,449,0,751,0,90,668,81,62,71,0,212,261,154,153,438,220,743,402,83,115,1193,199,96,83,52,1228,1331,45,247,107,150,157,43,348,129,612,1137,233,285,379,292,107,148,0,106,453,326,522,47,192,89,443,328,346,491,70,95,440,32,319,42,706,59,241,81,281,72,53,372,615,34,74,210,1277,419,216,68,2656,74,131,0,0,31,0,623,235,176,404,1138,113,22,192,70,99,530,333,177,98,197,379,119,343,190,140,412,1012,152,538,167,210,116,227,257,615,228,780,307,79,1650,321,367,242,228,371,242,155,59,115,271,87,147,222,408,280,685,556,114,84,68,380,474,213,0,190,62,321,427,217,313,451,117,60,219,0,336,244,345,1028,813,1246,374,38,94,95,54,263,373,146,87,519,547,2240,290,823,471,235,817,91,316,0,141,130,98,311,81,179,323,132,964,1276,66,272,643,108,197,0,69,216,156,461,254,1272,264,292,191,141,878,556,23,433,242,128,216,201,542,182,390,229,30,376,143,84,338,645,228,1117,402,134,184,429,238,210,75,455,329,61,646,90,0,643,462,232,178,271,52,62,3294,46,717,201,163,193,81,378,743,112,69,152,72,198,126,117,517,60,235,104,94,851,123,254,1096,265,170,64,178,230,85,195,64,136,458,346,711,874,422,42,56,203,267,226,269,359,106,49,230,200,162,0,631,162,191,1052,40,0,501,335,75,522,454,706,63,189,417,158,151,80,0,74,564,107,286,596,135,760,784,71,167,26,80,603,93,593,510,284,791,246,827,169,237,641,35,409,220,104,349,312,694,485,720,371,137,45,350,303,139,68,105,298,99,149,112,441,376,3326,200,0,156,153,88,418,875,247,673,327,417,167,117,30,384,0,903,1212,593,129,927,47,35,415,165,371,292,134,24,64,454,372,262,344,159,1336,505,46,0,30,133,71,292,234,95,82,188,72,133,3999,92,74,2023,230,315,117,420,133,941,345,65,804,492,112,114,729,64,0,632,72,965,326,184,196,164,236,105,94,65,1909,343,57,64,62,808,37,579,773,1202,683,71,75,213,206,377,183,54,1628,0,203,213,206,1292,557,968,548,457,949,117,139,241,103,151,184,169,483,86,2851,835,157,124,156,568,412,68,261,194,250,914,660,611,144,138,190,304,215,94,306,150,256,38,156,680,413,347,123,769,190,0,598,133,47,347,863,55,234,252,843,224,174,0,508,283,259,69,80,488,3790,436,109,130,430,149,205,93,315,1047,179,210,423,117,372,157,326,1351,150,55,105,84,228,199,197,305,311,157,199,195,57,311,275,378,464,155,153,656,50,212,619,183,224,145,350,987,350,502,146,236,121,171,306,235,357,1939,343,63,48,1000,154,500,399,168,328,424,175,217,80,95,2538,330,1340,257,846,403,679,424,814,27,459,379,95,686,239,243,200,169,1927,228,300,105,175,176,74,1076,44,91,82,3097,102,260,816,362,289,214,995,66,268,837,199,238,3723,88,2062,292,757,132,336,954,121,395,493,408,384,397,50,94,418,385,49,638,333,108,427,49,612,836,721,115,290,302,89,639,59,74,338,145,392,164,210,1351,1036,190,328,0,89,438,182,497,1488,179,277,573,98,120,53,225,626,762,79,119,230,613,113,164,268,802,97,44,468,400,152,112,986,259,290,634,601,588,844,341,0,218,58,57,109,542,110,284,197,0,299,376,124,81,67,920,77,506,297,628,275,382,282,384,35,0,2598,328,1408,144,484,194,46,356,118,40,137,397,1367,630,197,734,428,401,122,284,72,585,214,133,113,170,124,95,131,131,1259,571,143,345,90,77,561,438,0,0,156,72,2573,298,280,88,143,155,241,191,258,265,240,404,202,313,538,1007,103,74,1247,281,553,143,196,371,170,0,109,858,36,284,0,161,203,245,182,59,140,615,161,137,100,241,442,288,431,135,298,64,263,696,1928,3603,253,282,326,474,884,188,693,101,610,314,436,143,719,538,380,345,183,238,50,384,377,30,593,515,49,187,407,425,1408,151,455,142,735,133,117,79,233,115,275,975,38,3615,503,46,1376,47,0,364,244,108,301,310,1762,50,65,142,782,48,38,533,103,0,359,0,356,88,220,522,456,2803,397,52,1431,145,1097,153,550,52,457,393,115,139,475,194,754,96,137,404,86,459,726,113,84,462,280,1127,1194,217,129,242,132,156,42,2748,631,73,0,234,400,211,164,75,176,146,78,295,216,352,212,0,436,67,0,1014,458,200,620,131,262,107,2887,135,61,114,57,60,66,66,290,854,39,278,590,774,159,481,201,46,60,491,378,217,61,345,1575,192,92,224
178,0,0,0,77,94,126,0,0,100,0,236,0,0,0,103,398,161,0,83,0,237,0,50,47,113,0,0,33,35,0,0,101,0,70,292,212,0,43,337,144,90,53,0,236,0,0,80,361,0,0,0,53,170,0,287,59,0,0,0,0,0,0,264,0,68,53,0,0,0,439,0,18,0,0,328,37,0,518,52,43,0,0,119,99,0,0,32,66,34,309,0,75,59,111,42,17,0,84,43,0,0,0,52,0,0,0,39,117,157,0,68,0,97,45,45,0,83,66,0,53,27,194,49,0,37,72,0,0,0,152,18,98,0,63,73,200,122,0,0,0,64,159,252,0,0,30,0,42,0,0,55,0,0,124,127,27,103,0,50,309,63,0,58,108,84,0,0,71,32,0,154,16,55,0,0,0,0,190,69,0,209,0,0,0,0,0,94,107,0,0,0,48,0,97,0,83,57,0,163,25,81,188,0,259,39,0,45,0,272,57,16,79,21,44,173,0,0,0,0,87,49,0,0,118,0,0,147,705,0,59,0,0,0,0,0,41,0,47,0,0,0,32,62,18,0,61,0,0,0,58,69,99,0,0,0,69,0,0,0,507,191,87,0,0,0,0,226,80,39,52,0,111,185,104,79,31,0,131,124,166,0,0,35,44,109,0,94,419,32,0,28,219,29,0,79,0,104,0,80,0,0,151,0,0,53,421,47,0,70,70,586,60,0,0,66,0,0,47,0,0,0,0,49,54,94,18,54,0,15,351,0,0,158,93,0,0,0,0,0,26,143,0,68,115,0,0,0,48,118,91,35,0,317,492,0,0,0,390,65,82,30,0,0,56,397,147,145,0,0,238,22,29,0,29,204,0,0,0,127,61,0,0,0,0,127,0,0,132,0,0,0,390,0,47,0,397,80,72,116,0,0,149,0,0,30,36,47,0,0,42,0,44,0,0,26,144,63,370,48,0,138,38,0,0,77,150,0,0,0,0,0,0,0,48,0,0,78,17,127,0,29,117,0,137,187,266,33,0,20,0,0,131,0,0,0,0,0,0,0,76,0,89,0,58,37,0,0,0,28,0,0,272,124,0,0,198,148,143,143,64,27,310,53,127,0,0,37,0,141,0,31,0,0,32,0,0,0,132,0,0,122,0,199,32,138,153,185,0,0,0,0,0,0,50,0,79,36,0,0,48,0,64,75,187,0,0,0,338,0,0,0,0,0,146,42,0,0,0,0,0,102,403,0,0,0,0,0,56,180,76,31,0,42,29,43,0,0,0,0,227,578,0,0,0,198,0,0,0,69,138,109,0,0,0,0,0,170,0,0,54,83,0,18,516,0,176,155,48,0,0,73,0,36,0,0,31,0,41,0,0,0,32,0,0,0,0,95,0,0,0,0,85,209,0,0,50,0,0,0,0,0,0,23,20,0,63,0,0,69,81,0,0,0,0,52,33,0,0,0,0,0,42,0,0,211,0,20,0,103,120,0,0,50,263,0,77,0,34,71,75,0,22,0,0,51,35,0,0,0,80,43,0,0,266,0,0,0,249,0,0,23,0,32,72,0,31,0,55,0,61,0,0,0,0,0,91,0,104,0,0,25,0,0,61,0,0,48,45,55,0,80,121,0,0,0,0,0,86,0,162,0,0,296,97,0,105,0,0,0,52,0,0,58,27,0,0,22,219,82,0,38,486,108,0,0,0,0,0,0,0,0,0,0,68,0,0,31,0,0,0,0,0,0,0,0,0,39,0,46,89,98,0,0,0,141,0,0,0,0,38,24,56,0,0,0,44,0,0,122,0,0,34,0,0,0,0,0,0,0,0,0,46,46,102,0,76,0,0,0,0,0,0,199,0,130,0,0,0,47,27,28,62,23,0,0,0,0,0,102,144,0,0,61,0,0,0,0,0,0,0,20,203,0,55,48,0,41,0,0,0,0,41,0,0,0,149,0,0,68,29,0,0,144,0,35,0,0,0,0,0,0,0,0,81,145,0,0,0,0,46,0,67,0,27,54,0,0,0,0,0,37,0,101,125,43,42,26,0,0,0,87,0,0,0,0,0,80,121,0,44,33,41,0,0,605,68,63,47,0,0,97,0,0,0,37,52,0,0,0,54,0,0,0,0,0,52,32,75,0,0,0,0,60,43,36,0,52,0,73,86,0,42,117,0,0,42,41,35,22,0,0,83,57,212,0,0,121,36,183,0,55,0,192,75,0,0,395,42,0,17,0,0,0,101,97,192,0,470,0,404,40,0,0,0,0,0,0,0,58,80,39,121,0,0,144,97,62,448,159,41,0,0,72,40,38,318,104,0,64,0,0,0,41,0,0,192,153,0,0,0,34,0,36,22,65,0,128,1306,0,0,0,172,0,0,0,145,95,93,0,0,0,49,0,153,0,0,87,0,70,0,278,0,0,61,75,304,115,295,0,35,0,0,154,0,63,0,0,0,0,0,155,0,0,396,33,0,27,69,0,50,66,0,111,82,0,0,0,0,0,102,45,27,0,0,0,0,0,0,43,0,78,0,251,32,116,295,54,0,299,0,114,0,43,0,0,0,140,101,229,0,0,120,539,0,39,0,155,69,0,0,0,66,0,59,32,0,216,44,52,53,81,69,0,0,0,26,0,88,0,0,66,129,169,254,80,167,0,174,0,76,0,37,77,0,0,125,76,200,29,39,0,0,0,44,307,58,57,0,46,0,268,81,0,38,41,0,58,0,34,0,0,0,50,247,0,0,112,0,0,351,38,0,56,160,36,0,60,0,89,61,26,0,76,0,0,0,0,0,66,0,0,0,117,33,0,80,0,0,0,44,131,32,79,34,0,18,28,0,0,57,0,52,0,87,0,45,0,0,67,0,0,137,54,94,0,0,76,0,176,88,278,0,0,0,0,179,0,0,0,75,36,0,0,0,88,0,48,42,0,67,0,0,85,0,0,0,0,37,104,0,0,0,23,0,60,0,53,72,101,0,38,76,0,229,61,0,362,97,43,165,44,30,1777,0,132,0,37,0,0,592,0,65,127,62,111,0,235,51,0,0,40,79,0,47,177,0,0,0,0,0,26,0,41,108,0,0,29,0,0,66,0,0,195,0,0,0,933,355,0,507,0,78,140,238,0,0,0,0,112,0,47,47,0,0,594,0,63,69,247,0,283,180,0,127,28,0,39,0,0,233,110,0,160,0,113,0,111,0,201,0,58,304,0,40,0,110,0,70,54,0,52,59,0,0,27,0,33,0,286,0,109,0,127,46,16,145,0,0,273,0,23,119,0,0,0,223,0,51,213,122,43,0,113,0,58,0,69,0,233,164,0,0,63,61,0,86,0,71,54,0,105,189,50,445,0,60,0,0,65,67,0,0,163,134,140,10,45,0,33,0,0,122,50,70,352,0,0,64,99,0,0,148,0,0,42,0,0,89,92,0,0,63,152,0,91,0,32,69,0,36,125,0,0,0,0,90,0,64,154,82,0,0,0,0,83,0,278,0,152,138,0,0,187,171,0,0,151,0,190,0,0,81,358,0,97,0,0,39,48,0,27,43,150,76,37,208,860,0,0,183,69,0,53,238,303,0,0,53,39,75,0,0,99,0,73,242,0,47,30,34,0,93,0,25,63,103,35,245,0,29,0,0,0,93,0,0,121,228,0,0,0,0,0,110,43,152,40,24,0,38,24,591,0,50,31,0,41,75,0,268,139,49,183,0,0,80,26,0,104,48,84,0,122,0,158,130,0,50,0,55,115,0,0,39,51,59,0,58,0,0,0,290,130,42,23,0,104,55,103,0,135,22,0,0,381,0,0,0,200,0,436,84,102,0,0,50,169,0,49,47,196,78,54,55,120,109,0,119,0,41,56,39,42,205,168,0,0,199,0,0,27,70,93,0,0,261,62,36,0,0,42,0,74,54,404,461,0,30,66,0,26,69,0,41,226,0,0,39,0,0,45,0,0,0,172,0,194,31,49,0,0,282,186,139,84,32,55,380,120,184,0,0,0,103,0,224,28,47,89,180,0,0,70,0,0,0,67,0,26,349,154,0,0,0,0,0,44,92,0,422,0,85,130,0,41,0,54,0,245,65,0,81,34,0,53,38,68,0,76,37,102,0,0,0,79,0,0,126,0,0,121,0,57,0,56,52,240,154,0,157,0,31,0,0,0,98,140,52,106,91,0,0,91,0,0,18,22,35,60,0,60,78,96,71,118,74,35,41,63,0,0,0,86,0,99,131,210,42,43,41,0,0,224,48,41,32,149,0,174,76,0,0,42,120,138,49,0,128,0,75,36,0,0,28,105,89,0,0,0,105,62,88,106,130,96,0,0,0,0,0,0,51,87,0,0,35,0,0,113,0,23,44,0,0,403,0,0,164,46,0,0,0,0,39,0,176,110,260,0,94,61,45,0,0,98,0,0,63,0,64,120,79,61,401,64,0,0,0,82,149,139,100,0,0,263,0,0,94,81,141,0,148,32,0,30,0,0,67,177,196,33,188,48,0,31,0,0,0,92,0,0,65,0,0,0,0,383,26,0,0,0,75,87,0,0,183,0,183,83,0,0,196,53,0,0,0,71,499,0,60,0,67,34,0,60,88,140,188,87,52,91,97,39,0,0,0,50,54,291,0,53,0,38,160,42,134,0,0,142,0,113,0,106,0,48,0,47,0,0,62,179,0,0,23,281,0,85,0,531,0,37,0,0,0,0,95,0,57,84,248,0,0,36,0,0,85,0,39,21,45,105,31,57,48,0,51,369,68,0,61,43,25,47,0,79,57,152,31,0,229,66,235,59,69,51,58,0,0,42,29,0,49,0,0,109,0,84,56,0,0,42,138,0,0,53,0,72,87,0,69,70,0,0,0,0,37,0,54,123,131,99,173,0,0,0,0,0,0,47,0,79,188,423,58,68,184,29,74,0,0,0,48,62,0,0,0,0,0,29,648,272,0,43,87,38,0,0,0,0,0,168,39,365,35,76,83,70,203,103,0,164,135,60,56,17,126,56,35,0,0,0,0,0,0,143,35,51,80,0,50,109,67,0,41,135,0,0,220,0,0,46,0,96,0,65,0,0,663,0,95,0,24,114,36,51,90,0,0,48,52,0,32,44,156,0,121,0,0,311,0,50,195,79,0,0,35,81,0,40,0,27,61,35,163,28,61,0,0,0,33,82,100,79,0,0,103,38,27,0,173,38,0,48,0,0,66,98,17,39,56,111,0,27,167,0,19,0,0,0,119,0,86,81,0,187,213,0,0,0,28,353,0,139,88,0,69,77,98,88,118,240,0,71,93,0,52,80,63,165,81,146,0,0,48,98,0,0,0,96,0,23,61,220,45,547,0,0,0,88,0,108,98,43,311,65,128,0,0,0,55,0,258,271,124,0,121,0,0,119,0,72,37,0,0,0,75,77,83,67,0,173,100,0,0,0,0,0,199,41,0,0,0,0,0,711,0,0,492,93,120,0,160,43,191,56,0,145,105,16,0,61,0,0,134,0,122,88,115,51,0,29,0,0,0,541,34,0,0,0,367,0,102,97,253,236,0,18,0,90,72,0,0,267,0,0,41,39,212,120,258,145,150,72,0,0,54,75,0,66,63,90,0,723,136,0,0,0,118,86,0,28,0,34,115,130,88,26,78,0,50,0,0,138,0,0,0,29,190,77,86,11,330,0,0,136,35,0,77,183,0,0,73,92,38,71,0,90,54,21,0,0,100,820,74,28,0,50,59,21,0,97,394,29,0,67,68,84,32,76,46,45,0,33,0,0,49,20,90,124,0,33,48,0,58,48,128,0,0,0,340,0,0,160,0,29,32,71,307,54,196,0,42,0,0,0,41,76,102,0,0,0,329,69,180,61,55,0,182,120,82,0,0,680,65,127,52,176,124,159,38,103,0,0,64,51,84,0,111,30,47,373,74,150,0,66,0,0,445,0,0,45,429,0,61,171,0,76,53,230,0,153,154,98,54,942,21,530,95,97,0,44,139,0,59,173,242,52,60,0,0,40,50,0,83,143,66,103,0,168,241,255,0,0,73,25,228,0,0,56,26,0,33,26,247,340,0,88,0,0,41,23,79,400,0,34,98,0,0,0,0,178,383,0,0,0,172,0,0,0,182,0,0,0,64,0,0,0,57,68,171,79,0,68,66,0,0,0,0,22,168,0,0,0,0,0,42,0,0,0,217,0,46,106,0,0,114,28,12,0,0,310,0,347,0,40,0,0,0,0,0,69,0,152,0,0,59,0,128,0,51,0,93,36,0,0,58,0,0,0,37,55,147,0,0,0,0,54,49,0,0,0,0,178,35,0,0,0,0,29,46,0,59,0,38,53,78,115,0,33,0,268,0,109,0,35,56,0,0,0,137,0,48,0,79,0,0,0,0,19,94,27,0,56,0,0,0,0,28,45,0,0,100,523,312,0,61,96,69,215,0,123,0,61,0,44,0,56,71,94,68,48,0,0,55,66,0,131,131,0,0,99,68,447,0,111,0,194,0,0,0,35,0,67,0,0,126,108,0,202,0,0,118,44,0,0,0,160,0,0,18,24,0,0,119,0,0,58,0,113,0,63,48,51,809,0,0,210,16,261,0,43,0,119,48,0,0,52,0,75,0,0,62,0,114,142,0,19,114,0,158,47,68,0,44,0,25,0,454,0,0,0,55,119,0,44,0,0,0,0,67,40,0,0,0,76,0,0,145,41,45,0,0,56,0,347,0,0,0,0,0,0,0,0,118,0,0,67,0,0,49,42,0,0,28,46,0,0,57,238,0,0,0
179,0,0,0,0,0,0,0,0,0,0,77,0,0,0,110,172,160,0,0,0,0,0,0,48,0,0,0,18,0,0,0,0,0,0,44,0,0,36,44,0,0,0,0,0,0,0,0,0,0,70,0,0,0,0,41,0,0,0,0,0,0,0,55,0,0,0,0,0,0,0,0,0,0,0,0,0,0,38,0,0,0,0,89,84,49,0,0,0,22,68,0,0,0,0,0,22,0,0,0,0,0,0,0,0,0,0,0,29,11,60,0,0,0,0,0,0,83,0,0,95,0,0,0,0,0,0,0,0,0,0,0,0,0,0,0,0,0,0,0,0,0,0,80,0,0,0,0,0,33,0,0,0,0,44,0,0,0,0,58,0,0,0,0,0,118,0,0,0,0,28,0,0,23,0,0,0,0,0,0,0,48,0,0,0,0,0,0,0,0,0,0,0,0,63,0,77,0,0,0,0,0,89,0,38,0,0,0,0,0,45,0,19,52,0,0,0,15,0,0,111,30,0,0,0,0,0,0,100,0,18,0,0,0,0,0,0,0,0,0,0,0,0,0,0,0,38,0,0,0,0,63,0,0,0,0,24,0,11,0,92,0,0,0,0,0,0,0,42,36,0,0,48,0,0,0,0,0,279,47,29,0,0,0,0,0,0,78,347,0,0,0,0,0,0,0,0,0,0,0,0,0,34,0,0,81,88,171,0,47,0,306,59,0,0,0,0,61,57,0,39,0,0,0,148,78,0,94,0,0,244,0,0,0,0,0,0,0,0,0,0,28,0,0,72,0,0,0,0,0,203,0,0,133,23,0,0,53,0,0,0,0,62,0,0,0,403,0,0,0,0,0,0,0,0,0,0,0,0,61,0,0,0,0,0,326,56,0,54,0,0,0,128,0,26,0,112,0,0,0,0,40,53,0,0,0,0,0,0,0,0,0,33,0,0,0,57,0,149,33,0,0,99,0,73,49,62,0,0,0,0,0,0,0,149,0,0,0,0,0,0,0,0,0,29,55,61,0,0,0,0,0,0,0,40,0,0,0,0,0,0,0,55,0,0,0,0,0,0,0,0,21,0,67,69,0,84,0,81,84,26,0,75,124,42,0,0,0,0,248,45,0,0,0,0,0,56,52,0,0,0,63,0,289,0,43,0,60,0,0,0,0,0,0,0,0,55,0,0,0,50,0,43,46,0,0,0,0,70,0,0,0,0,0,0,0,0,0,0,51,0,122,230,0,0,0,79,0,0,133,62,0,0,61,0,0,0,0,0,0,65,51,0,0,0,65,0,0,0,0,86,118,0,0,0,0,0,73,0,0,66,38,0,0,80,0,85,156,0,0,0,307,0,54,0,0,0,40,0,0,0,0,0,75,0,53,0,0,110,106,0,0,80,117,50,0,48,85,0,45,40,0,0,23,83,0,136,36,0,47,63,0,33,0,0,54,47,71,33,0,0,0,0,0,0,282,0,156,0,0,49,0,0,63,836,0,73,35,0,58,57,73,99,0,0,24,57,81,33,0,190,41,32,0,64,0,54,17,158,0,46,67,0,73,122,0,0,0,159,0,85,0,73,0,31,0,0,40,304,0,0,0,0,99,66,0,0,56,46,105,0,188,222,0,0,0,0,42,145,59,77,67,0,703,377,232,156,64,0,0,81,0,35,0,0,0,0,49,389,59,83,87,772,110,0,47,0,0,75,0,0,56,33,18,138,0,0,66,0,35,54,78,0,55,0,77,0,47,0,189,0,22,0,0,0,265,69,0,0,52,159,28,102,0,0,0,0,0,0,72,0,0,53,43,0,0,0,0,56,99,91,38,56,0,328,0,105,0,102,0,0,0,387,34,0,79,41,0,0,0,70,0,106,0,26,0,0,0,0,109,199,0,0,0,0,0,127,50,0,0,0,0,378,0,93,0,0,36,83,26,67,0,56,0,0,0,352,50,20,126,0,33,0,142,0,0,0,0,0,0,0,0,0,55,0,63,0,29,0,0,61,75,112,0,40,64,0,0,0,0,99,377,0,112,0,93,259,0,0,114,56,140,0,57,0,65,0,55,136,45,57,0,32,0,31,337,40,103,69,0,42,106,0,0,39,0,148,51,0,0,77,0,0,0,186,0,49,265,24,0,42,83,0,36,0,0,0,42,38,59,0,0,0,61,22,0,0,0,198,0,0,120,53,0,241,0,32,98,0,568,0,0,0,130,97,0,0,364,0,0,0,0,0,0,137,146,189,83,197,0,2466,88,38,0,0,0,49,31,0,51,101,0,0,0,0,105,75,90,365,61,0,49,0,47,0,106,115,138,113,0,0,0,0,0,0,0,329,0,0,0,0,76,0,0,0,158,0,0,970,36,332,38,109,62,0,66,37,235,0,0,116,0,45,96,233,0,0,201,377,50,0,98,0,39,0,210,261,166,185,0,92,0,36,257,0,0,0,0,0,65,0,0,0,31,70,0,0,0,27,0,0,206,18,81,52,82,0,0,0,0,51,0,77,0,0,142,59,46,0,94,0,47,69,232,39,0,432,53,0,132,141,72,76,79,95,0,0,147,53,0,0,0,87,422,0,0,0,65,89,0,0,0,0,61,10,0,0,65,97,0,48,62,0,0,0,0,0,60,146,0,0,0,163,0,131,47,106,0,19,72,34,0,0,36,0,0,0,588,207,0,46,0,0,0,48,337,368,53,0,68,0,267,308,0,0,80,0,0,0,51,0,0,0,83,186,0,0,0,0,0,155,24,68,45,69,0,0,44,0,182,62,0,0,98,0,0,0,0,0,0,0,0,0,28,36,60,0,0,0,0,79,162,0,71,54,0,92,0,145,0,57,0,0,0,96,0,0,0,0,0,0,0,85,51,100,0,0,117,0,161,342,153,0,0,0,0,348,0,0,0,145,50,31,39,0,69,0,0,0,0,47,97,0,124,0,0,0,0,35,156,0,93,66,32,0,171,0,85,117,0,0,0,47,0,225,0,0,209,75,59,270,0,0,1292,0,0,0,91,0,0,690,0,22,117,22,100,32,225,0,0,0,0,136,0,37,128,0,0,23,81,28,0,0,207,34,0,0,0,28,0,84,0,0,114,0,0,68,644,702,0,351,0,81,107,93,42,0,0,0,67,0,0,100,0,0,435,0,0,72,25,0,176,143,0,0,37,0,0,0,0,278,71,0,176,49,75,36,326,0,430,0,44,284,0,0,0,66,58,74,0,0,54,69,0,0,28,141,133,0,575,284,55,161,34,0,0,94,0,0,337,0,0,98,0,0,65,58,0,46,100,116,29,0,53,54,46,0,68,0,131,100,0,0,0,59,34,68,0,93,46,0,81,137,122,279,0,0,50,0,235,44,0,0,529,390,246,78,59,0,0,0,0,193,60,41,247,0,0,82,216,0,0,51,0,0,72,0,0,63,244,92,0,63,119,0,0,0,0,185,49,0,83,0,0,0,114,28,43,61,27,67,0,35,0,0,158,32,82,0,324,0,52,0,231,296,51,54,52,66,89,0,33,84,311,0,200,32,54,32,73,0,88,68,432,57,44,142,542,0,0,327,147,0,114,191,112,25,53,40,84,0,45,0,0,0,33,527,0,63,22,51,64,106,54,39,0,67,20,205,0,33,0,47,71,79,0,44,164,275,0,0,104,77,42,0,0,115,173,0,0,56,0,92,37,40,74,46,0,60,0,131,136,88,169,90,64,63,0,0,120,51,113,228,97,57,163,186,86,34,53,46,62,47,0,26,69,216,0,80,0,0,47,542,103,0,0,0,96,168,0,41,0,0,142,0,112,0,0,0,322,56,1171,135,69,28,0,88,120,57,140,0,175,57,71,0,0,243,0,79,0,82,46,44,0,82,395,0,0,0,70,0,58,113,37,37,40,294,24,28,0,0,92,46,0,0,204,194,132,93,106,0,56,0,0,65,289,0,0,0,0,0,268,0,20,79,486,0,208,0,68,48,0,32,102,117,136,0,49,695,143,783,53,37,0,144,0,0,52,49,88,58,0,0,0,44,47,0,34,0,30,706,62,60,0,0,0,50,0,84,0,376,0,0,0,0,62,52,0,0,509,203,0,100,0,16,53,74,77,0,167,99,0,23,0,39,150,47,0,0,0,0,311,0,0,0,177,97,246,295,0,131,114,89,0,0,62,114,191,172,0,152,34,63,87,0,0,0,0,54,0,0,75,74,105,84,232,71,65,61,84,0,0,0,97,0,63,26,117,61,58,50,0,38,336,73,0,70,322,0,486,55,0,0,79,230,188,54,0,340,32,98,22,38,0,151,173,240,0,0,0,145,78,0,90,124,165,0,0,19,203,0,0,42,78,0,0,26,0,126,312,60,99,48,0,0,379,28,26,315,38,0,0,26,39,94,0,307,168,292,0,47,0,0,0,0,155,60,71,106,30,156,244,83,0,206,194,81,0,44,24,245,277,129,39,73,191,0,0,185,0,173,0,160,103,55,70,0,0,58,273,64,170,365,0,21,112,0,0,0,103,0,0,145,0,145,16,61,210,0,0,0,0,126,49,0,77,0,38,34,46,0,57,257,62,0,0,39,209,285,0,115,36,0,0,0,57,74,147,99,68,75,141,50,42,32,0,0,66,0,137,0,55,0,79,284,0,121,0,0,134,0,81,0,275,0,0,25,26,0,0,139,173,0,0,58,252,116,68,0,87,0,0,0,0,0,0,251,78,46,85,544,0,0,55,0,0,82,0,124,0,0,103,0,106,105,0,25,175,0,65,34,0,33,106,42,101,77,80,106,0,182,168,0,61,167,81,0,0,44,0,84,0,64,0,76,14,76,114,0,0,20,145,184,23,0,42,0,0,66,54,97,171,35,0,0,0,32,58,106,291,101,107,69,0,0,0,0,109,62,35,0,118,114,230,145,74,44,57,129,0,70,0,0,0,0,81,0,58,36,0,54,125,0,81,175,0,41,0,0,81,0,193,48,562,0,0,31,26,615,106,0,99,0,0,34,76,152,0,49,101,0,61,13,0,36,186,0,68,238,0,37,117,31,0,0,140,156,0,126,41,0,160,109,0,22,95,0,0,648,0,310,49,63,0,0,126,269,41,0,0,0,70,51,74,397,36,66,0,0,346,57,110,454,0,105,0,0,64,0,0,29,98,68,39,140,61,166,0,0,79,109,109,0,64,45,0,38,25,46,0,100,36,0,114,39,0,178,45,0,211,0,104,0,86,36,0,41,0,0,36,45,0,86,131,0,247,340,37,31,0,0,0,0,0,343,127,223,94,125,110,0,52,0,32,76,46,58,90,192,359,250,98,38,34,51,117,0,0,34,77,42,64,49,0,75,989,31,0,0,44,47,58,346,0,107,0,175,32,64,0,92,0,112,348,0,34,416,0,0,181,60,0,68,77,0,0,151,98,87,67,26,296,113,0,0,0,0,0,76,53,33,0,75,0,84,208,0,0,393,55,43,0,196,0,259,70,0,49,98,0,18,114,0,0,46,53,313,0,67,61,42,50,33,0,0,833,64,41,0,0,292,0,171,34,230,112,0,0,68,40,0,36,0,118,0,34,60,68,133,235,207,80,166,402,0,0,65,0,0,0,67,92,0,851,222,32,0,0,48,77,0,151,61,69,307,199,102,0,91,55,0,65,49,102,0,0,0,52,116,96,41,0,385,73,0,149,0,0,55,199,0,102,0,169,44,0,0,29,79,103,0,0,208,892,47,0,0,95,52,70,0,102,210,62,145,197,0,128,0,48,199,0,0,20,0,35,62,0,154,101,0,51,29,0,67,60,40,153,0,37,119,0,0,165,45,36,96,0,206,238,188,52,146,45,53,75,86,138,279,126,0,0,337,163,161,78,0,115,75,0,153,0,76,684,98,546,98,291,46,144,165,289,0,61,101,28,146,91,0,55,0,797,42,38,0,46,0,0,58,0,45,35,310,0,53,193,78,76,28,156,0,183,150,24,69,669,70,389,108,153,0,122,224,25,51,144,40,98,82,0,0,69,78,0,50,0,0,153,0,206,203,255,45,181,125,0,199,0,0,52,51,0,78,39,264,242,0,61,0,0,79,34,111,365,0,52,236,0,44,0,71,94,0,0,63,114,282,13,0,65,260,59,0,157,48,0,0,371,110,70,131,139,189,248,108,0,0,0,0,0,353,31,110,0,0,124,82,55,0,0,575,0,151,0,135,0,133,0,145,0,0,690,193,643,49,277,0,0,65,29,0,0,182,368,245,21,246,216,211,0,0,29,90,40,87,0,0,36,36,75,0,296,218,30,73,72,0,234,148,0,0,0,67,339,165,81,0,0,0,96,90,101,111,67,145,85,79,166,639,30,0,692,100,90,64,121,101,52,0,48,321,0,117,0,49,44,0,53,19,29,139,110,68,0,114,115,48,107,0,83,0,74,83,373,272,99,96,102,248,376,112,0,63,355,107,161,65,146,133,142,238,130,137,0,125,249,0,115,249,0,56,127,177,425,41,290,0,314,84,0,0,55,0,175,239,0,2068,139,0,675,30,0,102,93,0,114,123,589,0,0,67,167,0,0,148,48,0,113,0,251,0,172,81,265,566,94,0,408,70,441,55,284,0,228,116,34,33,322,89,148,0,38,141,0,237,265,64,45,278,132,744,612,56,0,57,0,47,0,1871,382,0,0,74,165,70,86,31,52,0,64,171,70,0,0,0,165,18,0,384,176,0,236,0,74,35,566,34,0,46,0,0,0,20,92,290,0,0,182,447,50,148,50,0,0,67,92,64,0,0,288,86,47,102
180,0,0,0,0,0,0,0,0,0,0,0,0,0,0,137,54,0,0,0,0,0,0,0,0,0,0,0,18,0,0,0,0,0,0,12,0,0,0,0,0,0,0,0,0,0,0,0,0,0,36,0,0,0,0,0,0,0,0,0,0,0,0,0,0,0,0,0,0,0,0,0,0,0,0,58,0,0,0,0,0,0,0,0,39,0,0,0,0,0,0,0,0,0,0,0,0,0,0,0,0,0,0,0,0,0,35,0,0,0,0,0,0,0,0,0,0,45,0,0,77,0,0,0,0,0,0,0,0,0,0,0,0,0,0,0,0,0,0,0,0,0,0,33,0,0,41,0,0,31,0,0,33,0,0,0,0,0,0,0,0,0,0,0,0,0,0,0,0,0,0,0,0,0,0,0,0,0,0,0,0,0,0,0,0,0,0,0,0,0,0,0,0,0,0,0,0,0,0,0,0,0,0,0,0,0,0,0,0,0,0,0,0,35,0,0,0,0,0,0,0,0,0,0,0,0,0,0,0,0,0,0,0,0,0,0,0,0,0,0,0,0,0,0,0,0,58,0,0,0,0,0,0,0,0,0,0,0,0,0,0,0,0,0,0,0,0,0,0,42,0,0,0,0,0,0,0,0,237,0,0,0,0,0,0,0,0,116,0,32,0,0,0,0,0,0,0,0,0,0,0,0,0,0,0,0,0,0,0,0,0,26,0,0,0,0,0,0,0,0,0,0,0,0,0,0,0,0,0,0,0,0,0,0,0,0,0,0,0,0,0,0,0,23,0,0,0,0,0,36,0,0,0,0,0,0,0,0,0,0,0,0,0,0,21,0,83,0,0,0,0,0,0,0,0,0,0,0,0,0,0,0,0,0,0,50,0,0,0,0,0,0,89,0,0,0,0,0,0,0,0,0,0,0,0,0,0,0,0,0,0,0,0,0,0,0,31,0,0,0,0,0,0,0,0,0,0,0,0,0,0,0,0,0,0,0,0,0,0,0,0,0,0,0,0,0,30,0,0,0,0,0,0,0,0,0,0,0,0,0,0,0,0,0,0,0,0,0,0,0,0,0,26,0,0,0,32,0,0,0,0,0,0,0,0,0,0,0,0,0,0,0,0,0,0,0,0,0,0,0,0,0,0,0,0,0,58,0,0,0,0,0,0,0,0,0,0,0,0,0,0,0,0,0,0,0,0,0,0,0,0,0,0,0,0,0,0,0,0,0,0,0,0,0,0,0,0,0,0,0,0,0,0,0,0,0,0,0,0,0,0,0,0,0,0,0,0,0,0,0,0,0,0,0,0,0,0,0,0,0,0,0,0,0,0,0,0,51,0,0,0,0,0,0,0,0,0,0,0,0,0,0,0,0,0,0,0,0,0,0,0,0,0,87,0,0,0,29,0,0,0,0,0,0,0,0,0,0,0,0,23,0,0,0,0,0,0,0,0,0,0,0,35,0,0,0,0,0,0,30,0,0,0,0,91,0,0,0,0,0,0,0,0,0,0,0,0,0,0,0,39,0,0,0,47,0,0,0,0,0,0,0,0,0,54,0,0,0,0,0,0,0,0,0,0,0,0,0,11,0,0,0,0,0,0,0,0,0,0,0,0,0,44,0,0,0,0,0,0,0,0,0,0,146,91,59,43,0,0,0,0,0,0,0,0,0,0,0,65,11,0,0,96,0,0,15,0,0,0,0,0,0,0,0,0,0,0,0,0,0,0,0,0,0,0,0,0,0,0,0,44,0,0,0,0,0,0,0,0,0,0,0,0,0,0,0,28,0,0,12,0,0,0,0,0,0,0,0,0,0,0,0,0,0,20,0,0,0,0,0,0,0,66,0,0,0,0,0,0,0,35,0,69,0,0,0,0,0,0,0,0,0,0,0,0,0,0,0,0,0,0,0,122,0,39,0,0,0,0,0,0,0,0,0,0,0,38,0,0,21,0,0,0,0,0,0,0,0,0,0,0,0,0,0,0,28,0,0,0,0,0,0,0,0,0,0,0,43,0,0,0,67,0,30,0,0,0,0,0,0,0,0,0,0,0,0,0,38,47,55,0,0,39,0,0,189,0,0,0,0,0,47,0,0,0,0,0,0,0,0,0,0,0,0,0,25,0,0,0,0,0,35,0,50,0,0,0,0,0,0,0,0,0,28,0,0,0,0,0,0,0,0,0,0,0,0,0,55,0,37,0,0,0,0,0,0,0,0,0,0,0,0,0,0,0,0,0,0,93,0,32,0,0,0,0,0,0,0,0,0,0,0,0,0,0,0,0,0,117,0,0,0,0,0,0,0,0,29,0,0,0,0,0,0,0,0,0,0,0,0,0,0,0,0,0,0,0,0,299,0,0,0,64,0,0,0,62,0,0,0,0,0,0,0,55,0,0,50,0,0,0,0,0,0,0,66,34,0,116,0,0,0,0,39,0,0,0,0,0,0,0,0,0,0,170,0,0,0,0,0,0,0,0,0,0,0,0,0,0,0,0,0,0,0,0,0,0,0,0,0,0,52,0,0,0,0,72,0,0,0,0,0,0,0,0,0,0,34,0,86,0,0,0,109,0,0,7,36,0,0,0,0,0,0,0,0,7,0,0,0,0,0,0,0,34,0,0,0,43,0,0,0,71,0,0,33,0,0,0,0,0,0,0,0,0,0,0,29,37,0,0,0,0,0,0,70,163,0,0,0,0,0,0,0,0,0,0,0,0,0,0,0,0,0,56,0,0,47,0,0,146,0,0,0,0,0,0,0,0,0,47,0,0,0,0,0,0,0,0,0,0,0,0,0,0,53,0,0,0,0,0,0,0,0,0,0,0,0,32,0,0,0,57,0,0,0,0,0,0,82,0,0,33,0,25,0,0,0,0,81,73,36,0,0,0,0,63,0,0,0,51,0,0,0,0,0,0,37,0,0,70,26,0,0,0,0,0,0,0,30,0,0,0,0,0,27,0,0,39,0,0,0,0,0,0,0,0,88,36,0,76,0,0,396,0,0,0,0,27,26,58,0,0,0,0,0,0,47,0,0,0,0,0,0,0,0,0,0,0,0,29,0,0,0,0,0,0,0,0,0,0,0,0,0,0,0,0,269,98,0,52,0,0,0,72,0,0,0,0,0,0,0,0,0,0,0,0,56,0,132,0,0,34,0,0,0,0,0,0,0,88,0,0,0,0,0,0,48,0,59,0,0,83,0,0,0,0,0,70,0,0,0,0,0,0,0,0,0,0,112,0,0,0,29,0,0,0,0,0,24,0,0,0,0,0,0,0,0,44,17,40,0,0,43,0,0,0,0,0,18,0,0,0,0,0,0,0,0,0,0,0,0,59,53,0,0,0,0,0,65,0,0,0,151,79,0,0,0,46,0,0,0,38,0,33,50,0,0,0,0,0,0,0,0,0,0,0,0,0,0,0,0,0,0,0,19,0,50,0,0,0,97,0,0,0,0,0,0,0,28,0,0,0,0,0,0,0,29,0,0,0,0,0,62,0,23,0,38,27,60,0,0,28,185,0,49,0,0,0,29,0,0,0,52,0,0,62,0,0,0,0,0,0,0,0,77,0,0,0,40,0,0,0,0,0,0,0,0,0,0,0,0,0,0,0,0,0,0,65,0,0,0,0,0,29,0,24,0,48,0,0,0,0,0,0,0,0,0,0,0,0,28,87,0,0,0,0,0,0,0,95,0,32,0,0,0,53,0,0,0,0,0,0,0,0,0,74,0,0,0,0,0,0,0,0,0,0,0,0,0,0,0,106,32,0,0,0,126,0,0,0,0,0,0,0,0,0,0,0,0,0,0,48,0,0,0,0,22,0,33,0,61,0,0,0,0,33,0,0,0,40,0,0,0,20,112,0,0,0,0,0,0,34,34,0,0,0,42,0,0,0,0,0,0,0,0,157,36,0,32,0,0,0,0,0,26,0,0,0,0,0,0,0,0,0,0,0,113,0,0,0,0,34,0,0,0,0,0,0,0,85,0,0,0,72,0,0,0,0,0,0,0,0,0,0,0,0,0,0,0,96,0,0,0,0,0,0,0,0,0,52,0,0,37,0,0,0,0,0,31,42,0,39,0,0,37,37,53,0,43,0,18,0,0,0,0,0,0,0,0,0,231,0,0,0,0,63,75,48,0,49,0,0,0,0,0,0,59,0,0,136,0,0,0,0,0,0,0,0,0,0,0,0,0,0,76,0,0,22,25,0,0,0,0,0,0,30,169,0,26,0,0,0,0,36,0,0,0,0,129,39,0,0,0,95,0,0,0,27,0,26,0,0,0,0,0,31,0,0,0,55,0,0,0,75,0,0,0,0,95,0,0,0,0,0,0,0,0,52,184,0,79,0,0,0,0,0,0,200,0,0,0,0,0,0,0,162,0,0,0,32,0,0,0,0,0,0,0,0,0,0,0,38,0,0,0,92,0,0,0,0,70,0,0,0,132,0,0,88,0,0,18,81,93,31,0,0,14,0,91,0,29,149,0,0,0,0,0,0,0,0,0,73,0,153,0,0,59,0,0,0,0,0,52,0,0,47,0,82,0,0,0,37,0,0,0,0,18,199,0,0,0,0,0,0,67,0,41,29,0,0,0,0,0,0,0,0,58,52,114,0,0,0,76,41,0,44,0,0,35,0,63,0,44,0,0,0,43,0,0,51,56,0,0,0,73,0,0,0,41,0,0,0,0,0,0,61,0,29,0,95,0,0,0,0,0,73,0,0,0,0,0,0,53,55,0,0,62,0,38,0,0,0,0,0,0,32,128,0,0,0,0,46,0,0,0,0,0,0,0,28,0,0,0,0,16,65,0,0,0,0,0,0,0,0,0,0,46,94,0,0,0,0,0,0,0,0,16,28,270,0,149,36,0,0,0,0,18,0,0,0,0,0,119,39,0,0,0,0,0,0,0,0,0,0,0,0,0,0,0,124,72,0,0,0,0,0,0,0,0,0,29,0,85,0,0,27,0,106,0,0,32,35,0,0,0,0,0,0,0,0,0,0,0,0,0,0,0,0,0,0,15,0,0,0,0,0,0,87,0,0,92,40,0,0,26,0,0,237,0,97,0,0,27,0,0,73,0,0,24,0,0,0,0,0,0,0,0,0,230,0,0,204,0,0,0,0,0,0,0,0,0,0,0,77,40,0,0,0,53,0,0,27,35,0,0,0,32,46,0,43,0,0,103,0,0,0,0,0,0,0,44,0,16,0,0,0,0,0,0,0,0,0,0,0,0,70,0,0,0,0,88,0,0,86,0,84,0,0,0,25,54,0,0,0,0,0,0,91,105,0,0,0,0,0,0,0,0,0,0,0,0,0,48,0,127,0,0,0,0,0,0,60,22,92,0,0,0,0,0,0,0,0,44,0,0,172,0,0,0,35,0,0,0,0,0,29,0,0,0,0,0,0,0,0,0,0,0,0,0,0,0,52,0,0,503,0,0,257,0,20,0,0,0,279,0,0,87,59,0,0,40,0,0,0,0,29,0,0,0,0,0,0,0,0,83,31,0,0,0,0,0,44,47,79,0,0,0,0,0,46,0,0,0,0,0,0,0,49,82,69,125,52,0,0,0,14,0,0,0,0,0,0,173,60,0,0,0,74,43,0,0,0,45,36,91,75,0,0,0,0,0,0,0,0,0,0,0,57,32,0,0,0,0,0,81,0,0,0,99,0,0,0,75,0,0,0,0,59,0,0,0,0,296,69,0,17,72,0,44,0,0,46,0,37,0,0,0,0,47,71,0,0,0,0,0,0,0,0,0,0,0,38,0,70,30,0,0,0,0,54,0,0,50,33,0,50,0,201,50,46,0,0,0,0,0,0,0,175,32,0,0,241,0,0,0,0,55,0,0,0,0,0,227,72,104,0,131,0,96,0,106,0,24,0,0,67,69,0,0,0,171,37,49,0,0,0,0,0,0,0,0,219,0,0,154,0,43,0,119,0,0,148,0,29,310,0,166,0,105,0,24,81,0,57,0,60,32,0,0,0,0,0,0,47,0,0,0,0,0,0,80,0,0,0,0,0,0,0,0,33,0,0,0,129,97,0,22,0,0,0,0,0,127,30,45,146,0,0,0,0,141,0,0,0,0,112,0,0,0,117,0,0,90,0,0,0,80,0,0,101,58,0,71,0,0,0,0,0,0,124,0,0,0,0,0,0,0,0,0,57,0,47,56,59,0,0,26,0,0,0,355,40,208,0,42,0,0,0,0,0,0,35,117,46,0,154,45,0,0,79,0,74,0,0,0,0,0,0,0,0,120,122,0,49,0,0,0,32,0,0,0,0,247,0,0,0,0,0,0,0,0,99,0,59,0,35,89,160,0,0,126,0,125,0,0,0,0,0,0,83,0,84,0,0,0,0,23,0,0,119,0,0,0,0,58,0,58,0,51,0,47,145,415,216,0,66,57,0,127,0,169,0,46,0,0,0,62,19,72,45,0,0,0,0,0,0,75,107,0,17,0,0,245,0,121,0,125,0,0,0,0,0,58,153,0,109,0,0,38,0,0,35,0,0,0,40,472,0,0,0,113,0,0,53,0,0,76,0,0,0,89,82,0,600,0,0,277,0,132,0,40,0,156,32,0,0,43,0,0,0,0,37,0,0,55,0,0,87,21,102,45,41,0,10,0,0,0,55,0,0,0,0,57,0,76,0,0,0,0,0,0,0,0,0,131,0,0,137,0,45,50,0,0,0,192,0,0,16,0,0,0,0,25,134,0,56,60,99,0,39,0,0,0,37,58,0,0,0,252,0,0,0
181,0,0,0,48,49,59,0,0,78,0,154,0,0,0,118,182,230,0,53,0,123,51,45,152,99,0,0,94,0,0,0,87,0,49,204,127,0,100,200,127,57,42,0,100,0,96,47,398,0,146,50,89,33,0,212,0,0,0,0,0,122,74,158,0,94,64,32,0,0,147,0,104,0,0,586,111,0,285,68,50,0,79,253,278,78,0,0,46,0,273,65,47,96,63,25,0,0,45,0,0,0,0,0,0,30,30,0,163,68,135,40,47,118,62,99,43,146,0,40,185,28,175,0,49,0,0,0,75,38,209,28,163,34,116,49,154,61,126,48,136,42,47,270,0,0,0,54,60,68,0,0,162,46,126,94,0,165,0,94,200,27,0,85,0,82,29,27,107,122,213,122,0,52,0,44,0,71,129,43,0,77,0,54,0,0,0,460,366,0,0,0,137,59,0,0,109,0,0,63,30,34,29,0,301,0,61,0,0,144,121,96,64,49,0,333,0,47,0,0,199,149,0,0,120,16,0,114,293,0,69,0,0,0,39,25,64,59,366,0,0,54,34,40,47,0,49,0,0,0,0,64,108,90,83,34,79,0,0,43,361,136,191,0,88,0,0,608,50,391,0,0,94,276,36,60,55,0,368,271,69,0,122,122,69,45,83,149,1371,64,92,82,232,25,0,27,0,0,48,134,67,0,65,0,38,415,77,0,0,52,43,152,0,0,0,42,0,177,0,52,0,0,0,32,0,0,0,187,0,51,126,0,116,0,64,117,36,0,0,148,0,31,35,81,47,0,0,0,34,688,94,49,0,38,365,0,0,0,57,109,0,91,47,26,122,90,80,174,0,0,21,0,0,0,0,108,51,0,0,104,0,57,54,0,0,146,0,128,0,0,0,0,736,0,50,48,461,44,244,228,0,0,144,0,0,110,58,0,40,0,35,0,78,0,0,0,203,91,0,140,0,43,48,0,0,0,0,0,63,0,0,0,0,0,0,0,0,52,0,155,0,0,672,36,177,116,212,0,0,0,0,0,79,0,38,0,0,42,0,0,305,0,86,74,0,0,0,0,0,0,27,0,211,62,40,0,27,265,24,0,91,69,67,174,0,0,0,87,118,87,133,0,0,108,62,0,193,92,260,0,0,65,55,792,43,71,194,0,32,0,0,46,0,0,28,0,157,0,0,134,49,0,330,18,99,0,86,99,175,0,0,0,0,0,81,40,0,0,0,126,0,24,118,0,0,0,99,0,52,0,90,0,30,19,0,0,0,0,0,76,138,376,0,0,52,118,48,0,0,0,101,124,0,0,0,0,0,160,16,70,96,113,59,0,107,0,92,166,106,0,0,232,0,0,45,0,0,0,0,51,0,0,68,129,87,168,74,130,0,0,0,0,187,382,106,0,58,0,0,39,0,0,0,0,0,17,0,0,0,97,135,0,31,34,43,0,0,53,0,0,0,26,119,0,0,116,0,52,0,309,212,0,0,29,353,0,0,40,0,202,131,59,96,18,0,194,0,0,0,45,132,0,99,0,72,0,44,81,206,0,25,0,0,0,56,0,70,0,127,0,153,0,58,0,76,0,72,0,477,0,0,0,0,33,121,0,0,53,168,54,22,126,148,0,0,0,0,49,248,0,162,62,77,164,0,267,81,32,0,0,102,118,29,0,71,0,0,0,117,65,107,0,748,108,0,109,0,0,45,0,0,0,60,0,173,36,0,0,0,0,0,36,0,0,0,102,0,0,0,58,141,86,71,0,0,126,28,0,43,111,179,44,47,0,0,0,116,74,116,562,0,0,76,37,0,65,0,47,39,0,72,77,28,54,116,37,131,86,70,0,94,0,113,96,64,274,0,0,48,71,135,0,302,0,0,48,110,42,0,229,181,0,33,0,0,0,74,47,21,0,0,0,152,0,125,76,0,90,0,35,139,0,186,0,0,0,200,159,91,259,0,70,0,301,0,64,27,0,0,0,0,50,0,0,273,59,59,0,0,32,31,0,54,0,80,0,0,98,0,0,58,149,0,70,117,106,77,0,0,0,0,108,0,0,0,62,0,228,201,285,71,59,83,0,0,419,67,0,95,0,64,45,0,0,0,108,56,0,41,17,0,0,0,0,0,46,112,0,0,0,0,81,0,117,0,0,0,46,60,85,90,0,0,202,0,0,0,0,181,0,41,0,48,0,313,0,0,130,88,269,0,52,0,25,71,25,0,417,34,0,75,37,0,0,106,0,388,0,694,0,620,118,0,0,0,0,0,0,0,61,61,39,101,22,0,0,99,0,252,52,59,0,12,0,40,100,257,192,54,0,0,39,0,0,27,0,122,95,0,0,0,133,27,0,28,0,0,123,911,35,64,40,136,0,41,0,73,134,61,0,58,0,109,0,103,0,124,35,61,99,0,188,48,40,95,263,522,118,304,0,93,113,65,78,0,34,45,72,0,0,0,61,0,0,519,0,0,0,141,0,29,130,0,159,0,0,67,0,0,0,46,0,0,0,0,38,0,0,0,0,30,191,0,461,43,65,343,0,0,453,0,164,0,21,0,0,0,121,58,277,0,22,0,828,0,38,0,133,61,0,63,0,42,0,0,0,0,125,66,77,95,154,172,108,220,0,56,0,283,0,0,58,282,256,365,74,104,0,240,52,208,0,21,123,218,0,99,94,167,43,53,0,0,22,60,260,236,0,0,152,0,274,0,0,180,0,0,0,0,38,0,39,0,0,83,0,0,76,55,0,262,0,0,82,122,0,0,0,0,99,0,0,0,0,0,0,91,0,0,101,0,0,0,125,63,63,75,0,0,47,0,103,0,0,66,0,0,0,21,0,37,0,0,0,0,0,41,0,0,84,0,51,62,0,0,0,0,32,0,0,118,104,0,0,0,0,0,0,48,0,38,21,0,0,0,0,0,0,50,0,105,0,31,35,0,0,0,0,0,0,0,168,51,0,0,0,0,0,119,131,0,0,74,0,92,0,0,152,54,44,100,23,0,700,0,91,0,0,0,60,182,0,40,50,0,35,0,115,166,0,0,0,0,0,0,80,0,29,0,137,34,61,0,0,160,26,0,0,20,0,0,0,33,122,0,0,0,854,282,40,332,0,0,41,139,67,0,69,0,181,0,0,0,67,0,139,0,0,48,189,0,317,88,0,229,29,0,0,0,0,118,53,40,67,0,151,0,83,0,162,0,0,155,0,0,74,0,0,0,59,0,50,76,39,0,0,17,117,0,202,76,42,0,65,0,25,81,0,0,335,0,0,51,0,0,0,109,0,18,64,66,0,0,171,0,40,0,72,0,53,41,0,0,28,31,93,0,0,0,61,0,117,71,126,171,0,53,0,0,0,0,0,18,170,55,0,48,0,66,21,0,76,211,52,64,188,0,0,0,0,0,0,27,0,0,0,0,0,0,167,36,0,0,70,0,102,0,0,49,0,0,0,0,0,0,71,53,0,33,55,0,0,21,0,0,95,0,63,0,125,91,0,0,0,44,0,0,0,60,101,0,0,0,140,0,115,0,0,0,110,0,0,32,0,33,0,109,729,0,0,76,0,0,0,55,103,0,94,69,0,77,0,0,63,0,0,167,0,100,0,0,0,0,0,0,52,69,0,53,0,0,0,0,0,51,0,0,0,164,0,0,0,0,0,66,0,159,0,0,31,0,0,473,24,0,0,0,0,0,0,76,79,0,0,0,0,65,0,0,25,26,0,0,152,0,199,178,54,0,0,38,203,0,0,40,0,164,0,61,0,0,0,664,38,0,0,0,0,42,61,0,58,0,0,0,224,0,0,0,179,25,211,0,62,0,0,0,114,0,0,0,73,36,0,66,53,0,0,0,0,59,0,0,0,0,34,0,0,391,0,0,0,0,0,0,0,123,0,0,0,0,0,0,61,50,62,260,0,0,0,0,0,0,23,29,133,0,0,0,0,0,0,0,0,0,138,0,40,0,0,0,20,69,215,187,173,31,0,106,55,0,0,0,0,149,0,220,0,0,50,0,0,0,0,0,0,0,0,0,0,50,0,0,0,0,0,0,0,0,0,244,0,54,85,0,0,0,0,0,93,83,0,0,39,0,0,78,90,0,0,0,45,0,0,50,77,0,0,49,0,0,294,0,41,0,0,63,0,234,0,0,86,0,0,0,0,0,25,33,55,103,0,18,46,0,0,0,0,0,0,0,103,0,0,54,221,0,0,90,0,0,0,0,35,0,40,0,113,0,0,0,0,0,89,0,43,0,39,0,0,0,0,42,0,131,0,75,0,96,47,0,0,0,0,0,45,161,0,34,0,0,27,63,66,134,86,0,0,0,100,0,0,0,0,0,0,0,0,38,158,0,104,43,0,0,226,0,0,375,0,0,0,0,0,0,0,174,0,47,0,0,31,0,0,0,113,0,38,30,0,37,0,55,42,237,30,103,0,0,0,59,0,0,0,48,0,0,0,154,81,92,0,0,151,42,0,0,0,0,76,190,27,322,55,0,39,0,0,0,0,0,0,78,0,148,0,0,114,0,0,0,0,0,51,0,0,94,75,88,107,0,0,144,0,0,0,0,0,142,0,32,0,0,0,0,26,0,93,124,46,50,0,35,0,0,0,0,76,0,58,0,0,0,88,0,0,0,0,0,90,0,62,0,173,0,0,0,0,0,0,124,83,0,0,17,418,37,0,0,662,0,0,0,0,0,0,115,0,0,52,132,16,0,0,0,36,101,0,0,0,0,67,0,76,0,0,28,75,0,77,28,0,0,0,54,84,0,0,0,0,377,0,0,0,0,0,0,0,0,0,0,0,0,47,0,0,72,64,0,0,0,167,105,0,0,0,0,103,0,0,59,93,0,0,0,0,51,0,70,429,117,153,0,0,0,0,0,0,44,0,0,0,85,340,0,91,37,49,101,0,0,0,32,0,0,0,0,0,38,0,53,345,0,0,74,0,0,0,0,0,0,68,36,76,31,0,0,0,89,65,0,79,0,0,0,0,0,0,72,0,0,0,48,0,46,0,31,120,0,0,0,0,0,0,0,0,87,0,75,0,0,0,0,0,41,0,0,0,415,0,0,0,0,0,0,0,56,0,0,0,0,0,0,0,13,0,0,0,0,43,50,0,0,0,0,0,42,0,0,0,0,0,143,0,68,57,64,0,0,0,0,0,34,46,0,0,0,33,59,0,113,0,0,105,0,0,0,46,0,66,57,39,0,0,0,0,0,0,0,0,64,0,0,119,0,0,104,0,0,0,0,0,0,98,50,0,40,0,124,51,0,104,0,82,0,0,84,0,0,0,115,52,0,0,0,0,0,0,0,155,0,0,0,38,46,520,54,0,37,0,0,31,52,82,0,0,0,0,0,0,94,0,95,163,115,0,0,0,0,35,0,65,0,0,0,0,61,0,0,100,0,38,74,0,0,0,0,0,0,0,26,0,0,0,0,245,0,0,511,0,0,0,0,0,0,91,0,40,0,0,22,104,0,0,148,0,108,82,0,0,0,62,0,0,0,0,43,0,0,0,98,0,100,130,83,155,0,0,0,0,26,0,0,283,0,52,0,32,152,141,88,248,0,41,0,0,0,0,0,62,0,65,0,180,0,25,0,0,0,80,0,0,0,0,173,0,109,0,0,44,35,0,0,0,17,0,0,0,115,45,0,0,0,0,0,0,0,0,32,52,0,26,31,76,0,0,0,0,0,0,0,0,139,233,29,0,0,49,49,0,0,0,59,0,0,0,25,0,0,67,121,0,0,29,0,25,0,0,0,0,0,0,45,0,0,0,78,0,0,0,105,0,0,0,0,53,0,46,400,0,0,0,47,0,0,35,51,30,284,57,0,0,366,0,0,61,0,0,0,0,0,0,0,64,0,61,86,70,87,93,0,29,0,0,0,0,148,0,51,62,0,528,64,0,0,0,0,0,281,0,0,0,438,0,41,0,80,35,0,101,0,140,237,0,39,30,0,0,0,37,25,0,224,0,58,0,40,99,32,0,0,0,36,0,96,62,0,0,0,37,86,43,0,0,35,0,0,0,0,60,0,71,35,0,131,23,0,43,0,0,41,0,50,236,0,50,0,0,0,0,0,234,183,0,0,0,39,0,0,0,69,0,0,33,48,0,0,80,0,0,0,46,102,62,51,0,0,0,0,0,0,0,0,0,0,93,0,0,0,0,49,0,0,48,0,0,0,22,31,0,0,134,29,67,0,22,0,0,0,0,0,0,0,36,41,0,74,35,109,0,57,0,0,0,0,0,0,0,0,0,40,110,0,0,48,0,0,53,0,0,0,0,0,60,0,0,0,0,0,0,44,0,74,0,0,0,0,0,61,0,0,192,47,0,0,0,29,0,0,0,86,0,0,0,0,0,29,0,0,0,0,0,0,0,31,0,0,0,0,0,0,0,105,85,244,43,29,0,29,103,0,118,0,32,0,60,0,0,0,0,0,0,0,0,39,0,0,0,36,0,0,0,74,43,0,73,0,25,0,0,0,0,0,44,150,0,292,0,0,137,0,0,0,0,0,0,0,275,0,0,0,98,0,0,70,0,0,0,0,22,0,80,31,48,37,0,0,85,0,57,0,109,0,0,0,0,0,83,0,0,0,0,0,0,41,66,0,0,41,0,179,0,0,0,0,0,0,0,128,48,0,0,0,60,0,0,0,0,19,0,39,0,0,0,0,0,0,0,31,0,0,47,0,0,0,101,0,0,0,0,0,0,0,0,90,0,63,0,99,0,0,0,0,0,0,0,0,0,57,47,0,0,0
182,0,0,0,58,42,0,0,0,74,0,0,0,0,0,56,153,249,0,0,0,283,0,75,0,145,0,0,0,0,0,0,36,0,0,128,62,0,41,0,0,0,48,0,0,0,19,0,306,0,84,0,33,0,0,177,0,0,0,0,0,0,74,0,0,0,58,0,0,0,0,0,0,54,0,82,28,0,0,0,54,0,0,58,0,30,0,0,0,0,215,40,27,0,97,0,0,0,0,0,0,0,0,61,0,0,28,0,0,52,375,0,0,151,86,0,0,0,0,0,33,0,298,0,10,42,0,46,0,0,0,0,270,0,0,77,147,0,0,0,186,0,34,236,0,0,0,0,0,0,0,0,0,0,57,103,0,0,24,106,80,73,0,0,0,44,48,0,121,44,95,185,0,0,0,0,0,0,157,0,0,0,0,0,0,0,0,151,121,0,0,0,113,41,0,0,122,0,0,0,0,93,45,0,528,0,26,0,0,61,0,136,37,0,0,27,0,0,0,0,166,55,0,0,249,0,0,91,199,0,0,0,0,0,0,0,0,0,65,0,0,0,45,0,48,0,0,0,70,0,66,0,233,78,102,45,0,0,0,67,233,0,0,41,0,0,0,207,182,70,0,0,60,259,0,91,0,0,407,60,0,0,28,0,44,0,0,75,268,40,0,0,188,0,0,0,0,0,0,0,16,0,61,0,0,190,160,82,0,0,0,209,33,0,0,0,0,110,0,0,0,0,0,0,114,0,0,99,0,0,176,0,62,65,0,0,0,25,0,0,0,72,0,40,97,0,0,0,0,771,120,0,0,138,231,0,0,0,295,0,57,0,0,0,78,249,247,73,0,0,91,0,0,0,0,193,28,0,0,131,0,0,0,0,0,378,46,40,104,0,0,0,477,0,32,0,138,58,58,0,0,0,111,0,0,43,0,0,50,0,128,0,81,0,0,0,306,0,237,0,0,128,0,0,57,0,95,46,44,0,0,0,0,0,36,0,0,23,0,73,0,0,117,0,67,57,84,0,0,0,0,0,27,0,0,0,0,46,0,0,108,0,0,0,0,0,0,0,0,0,0,0,70,59,0,0,194,191,0,47,0,0,154,101,62,0,0,116,0,226,111,0,0,0,22,0,55,80,127,0,0,0,0,337,75,0,248,58,0,0,72,0,0,0,36,0,53,0,0,0,38,0,101,0,82,0,35,41,165,0,0,0,0,0,130,59,0,0,0,88,0,0,120,0,0,0,66,39,0,0,54,0,0,33,0,0,17,0,34,0,131,451,0,0,0,91,0,0,0,49,38,131,0,0,0,0,0,66,0,40,46,198,0,0,230,0,107,123,0,0,0,119,0,0,0,0,0,48,30,0,0,0,69,0,29,56,0,0,0,0,0,0,54,36,69,0,52,0,0,0,0,0,0,0,22,0,0,0,0,0,0,0,0,0,0,0,0,46,0,0,0,0,53,0,0,46,0,0,0,56,71,0,0,0,108,0,0,0,0,0,0,0,0,0,0,0,0,0,0,40,91,0,88,0,47,0,0,0,189,0,0,0,23,54,76,0,0,0,187,0,0,0,0,0,0,0,45,0,401,0,0,0,0,0,0,0,0,41,61,83,0,68,0,0,0,0,0,24,132,31,0,0,54,340,59,124,69,0,0,0,57,0,0,0,0,0,0,0,92,67,80,0,336,61,0,61,0,0,57,0,0,0,0,0,0,0,0,0,0,0,0,0,0,48,0,39,0,64,0,32,109,0,0,0,0,0,0,0,49,64,39,0,0,0,0,0,30,0,55,146,0,0,63,20,0,0,0,0,0,0,61,0,0,0,113,37,193,70,0,0,0,0,43,0,0,118,22,0,14,0,29,0,74,30,0,0,34,0,0,35,35,0,22,0,0,0,70,0,0,0,0,0,74,0,0,25,0,63,0,0,0,0,0,0,0,0,200,62,0,68,0,0,0,113,0,0,0,0,0,0,0,0,0,0,0,91,0,0,0,0,0,85,0,0,0,61,0,0,0,0,0,0,0,41,0,0,30,0,0,0,61,215,0,58,0,0,0,132,139,111,158,0,41,0,0,176,90,68,0,0,57,74,73,0,0,0,0,0,0,74,46,43,23,0,40,36,0,71,20,0,0,0,21,61,0,0,0,0,0,30,0,0,0,74,0,0,35,0,374,0,0,71,0,50,143,25,0,45,89,103,47,0,0,160,28,0,0,294,0,0,0,181,0,0,57,88,551,41,246,0,593,43,36,0,45,0,12,25,0,64,0,0,75,0,0,148,0,66,155,62,30,0,0,103,0,286,765,62,0,60,0,0,76,37,77,0,91,0,33,0,0,42,41,0,34,155,0,48,243,86,101,0,72,76,0,0,37,81,0,0,0,0,0,48,0,0,0,88,133,106,0,0,91,70,0,68,368,76,105,16,86,0,0,72,34,0,27,0,0,69,0,0,0,0,407,0,0,0,36,0,0,324,0,49,17,60,0,0,0,0,0,0,147,0,39,81,0,0,0,79,33,113,54,94,0,0,164,31,0,158,48,43,184,37,56,0,23,55,0,95,0,0,133,256,0,0,0,26,70,0,0,0,0,0,0,0,21,256,130,0,27,0,0,46,0,0,0,50,165,0,0,31,78,64,52,0,45,0,78,0,0,0,61,0,122,0,0,224,62,0,0,0,0,0,0,80,0,0,0,73,0,206,78,0,304,0,0,0,0,0,0,24,44,0,71,0,29,61,0,0,334,0,31,20,66,0,45,0,0,120,58,0,0,40,0,0,84,0,0,173,0,0,0,107,41,0,70,0,0,53,0,54,0,53,49,0,0,0,86,0,0,0,0,0,45,0,0,0,0,0,30,0,21,0,51,0,0,0,19,123,183,0,0,0,0,0,154,64,64,0,65,64,0,0,45,0,0,0,0,0,38,0,35,95,0,0,0,0,0,60,20,117,0,0,0,45,0,0,199,86,0,0,58,0,0,0,0,247,49,0,103,0,0,499,0,72,0,0,0,0,148,0,0,0,0,57,0,0,162,0,0,0,66,0,0,155,0,0,0,68,0,72,0,91,0,0,19,0,0,0,0,18,51,47,0,0,27,251,470,0,79,0,0,44,47,0,0,121,0,72,42,34,47,33,0,198,0,44,57,0,0,0,62,0,383,0,0,0,0,0,83,0,0,0,72,116,38,185,0,261,0,0,0,0,0,42,49,0,48,49,0,0,0,64,97,16,85,48,0,320,125,0,56,0,0,0,66,18,0,143,0,0,73,0,0,0,73,0,0,80,12,0,0,59,48,99,90,0,0,90,54,0,0,38,0,31,0,0,41,41,0,29,35,60,133,0,0,0,0,75,29,0,0,258,204,61,0,0,0,0,0,62,93,0,37,0,0,0,0,43,0,28,39,35,0,28,0,0,44,240,60,0,0,0,12,72,0,36,116,13,0,87,0,0,0,73,0,0,0,31,0,0,0,0,0,52,0,60,0,220,0,32,0,60,94,46,0,170,0,0,0,0,29,231,0,90,0,0,59,0,0,0,48,282,36,38,65,519,0,0,134,37,0,67,73,255,0,0,33,33,57,0,0,38,0,0,392,0,53,48,0,0,50,0,0,0,128,0,292,0,0,0,0,30,117,0,43,85,256,0,0,0,69,37,23,0,100,69,0,0,0,0,138,0,25,0,0,0,40,0,98,206,0,44,81,0,190,0,0,0,88,0,76,124,27,106,76,35,36,42,48,210,0,23,41,0,141,0,38,0,0,0,468,0,0,21,0,174,86,64,31,61,0,142,0,203,0,0,0,289,0,404,69,84,0,32,36,176,37,0,0,83,0,30,0,28,117,0,0,18,72,0,43,0,80,83,0,0,212,27,0,25,106,117,27,0,73,80,0,0,0,30,0,117,0,77,602,93,86,44,0,0,107,0,68,118,0,0,0,0,0,193,0,0,80,272,0,160,0,0,0,0,68,132,105,148,0,0,227,43,647,0,21,23,175,0,85,29,86,81,0,0,0,26,0,0,0,74,0,0,419,0,51,0,0,0,36,0,103,0,492,0,48,0,0,0,0,0,0,0,28,0,72,35,0,165,81,101,0,81,0,64,0,0,0,0,0,0,89,0,0,268,0,0,0,0,78,43,59,0,69,0,0,0,45,0,0,162,0,88,183,0,0,0,25,0,38,0,22,32,0,131,0,73,0,190,0,46,108,0,0,0,0,0,0,30,63,40,0,0,34,0,0,76,0,0,44,61,0,47,0,0,0,0,375,0,123,0,52,63,53,0,0,0,0,50,89,0,0,0,58,55,121,0,58,0,0,0,0,84,0,0,0,0,0,0,0,0,53,255,0,112,92,0,0,106,0,0,598,0,0,0,0,0,0,0,398,0,209,0,26,30,0,0,0,83,0,0,100,66,0,54,27,66,35,0,119,0,0,60,0,135,89,37,0,363,0,0,153,91,35,46,124,188,54,0,0,0,82,75,159,0,356,0,0,0,0,0,0,65,0,0,121,0,191,0,50,77,0,0,0,0,22,0,0,0,145,124,45,121,0,45,58,48,0,0,0,93,255,0,0,0,0,47,0,51,30,137,136,39,0,118,0,0,0,0,0,67,0,44,0,0,0,121,11,0,119,0,0,132,0,0,0,54,0,0,27,0,0,0,138,42,0,0,0,277,0,33,0,816,0,0,0,0,0,0,0,0,0,50,23,26,0,0,0,56,213,0,0,0,40,0,0,60,21,0,46,263,34,0,0,0,0,0,46,74,69,243,65,0,270,44,144,0,0,82,60,0,0,0,71,0,0,40,0,50,74,0,42,0,0,38,0,0,0,49,0,44,116,66,112,0,0,0,0,0,38,31,0,448,111,271,132,0,0,0,0,0,48,0,0,100,82,227,58,91,153,30,54,0,62,0,0,43,0,86,0,41,46,0,230,234,0,0,79,0,0,0,0,47,0,0,0,109,37,0,77,52,171,149,0,71,76,0,60,0,82,0,41,92,0,64,0,0,72,116,29,122,56,0,39,53,34,0,0,71,0,0,52,0,0,148,85,69,0,0,0,0,130,0,213,0,55,0,0,118,77,0,0,59,0,77,0,0,57,0,66,0,0,466,23,37,463,38,20,0,0,0,0,0,0,0,117,0,0,0,61,0,0,55,48,51,0,100,0,0,49,0,56,0,180,0,0,217,0,0,46,107,0,109,44,55,0,55,109,46,0,0,0,0,67,0,0,83,0,121,91,0,0,0,0,150,0,70,109,102,185,47,39,34,0,122,0,74,56,0,52,51,186,206,77,129,0,0,21,45,0,0,0,26,38,0,65,156,0,291,31,0,0,48,0,85,72,44,261,0,0,0,20,0,43,0,178,133,91,0,326,0,0,45,53,45,76,0,0,0,0,31,0,72,0,252,39,0,0,0,35,0,63,0,0,0,0,0,0,242,0,0,757,42,62,0,114,0,62,149,0,80,27,0,0,167,0,0,0,0,0,0,47,0,0,0,0,0,0,120,97,0,0,0,218,0,60,154,88,305,0,0,0,33,0,0,0,30,0,0,0,0,196,68,124,64,34,0,0,0,0,43,14,70,36,0,0,373,107,40,0,0,99,62,0,0,82,0,174,0,0,0,33,27,0,0,0,89,0,25,0,0,73,143,36,0,218,0,0,81,0,0,39,260,0,0,74,145,22,0,0,53,0,0,0,0,155,697,57,0,0,0,0,0,0,39,106,0,0,81,44,57,0,110,210,0,0,46,0,53,0,0,0,60,0,46,33,0,0,37,139,0,32,0,193,0,53,87,0,105,0,0,272,0,68,0,0,28,37,0,36,35,578,129,0,0,102,48,158,0,55,71,57,44,53,0,0,366,18,458,46,60,0,176,39,238,0,75,22,0,297,14,0,0,0,475,62,90,0,0,0,0,105,0,0,0,0,0,0,231,80,0,0,57,30,113,159,39,0,403,0,201,27,135,0,0,425,0,56,99,110,35,0,0,0,77,0,0,0,0,22,35,0,0,357,59,0,33,45,0,217,0,0,40,0,60,29,0,80,171,0,45,0,0,76,0,168,181,0,0,0,0,0,0,0,102,113,0,0,0,127,0,0,0,218,0,0,75,51,0,62,375,57,31,89,154,118,146,80,0,61,0,0,0,161,0,61,0,0,49,0,0,0,0,274,0,137,94,114,0,101,52,168,0,0,428,72,298,0,73,0,0,51,0,0,47,68,180,91,36,163,43,216,0,0,0,65,0,0,26,33,0,45,0,42,327,151,39,70,0,36,68,170,0,0,29,34,329,51,0,0,0,0,0,110,70,79,0,78,36,118,189,221,34,0,247,62,79,0,78,73,0,0,0,149,0,28,0,66,0,0,62,0,0,71,43,47,0,31,0,42,92,26,57,0,64,90,508,472,0,0,57,62,242,39,163,0,96,60,77,0,118,124,60,103,76,0,0,66,49,0,93,105,0,0,131,97,365,39,108,0,173,30,0,0,63,0,99,145,0,1109,158,0,166,0,0,83,0,0,142,54,256,0,0,0,89,0,0,126,0,0,44,0,95,0,131,49,56,545,89,0,176,39,275,0,171,0,139,0,0,0,0,0,143,0,29,103,0,111,138,0,0,147,47,368,188,52,0,64,0,36,0,435,197,0,0,0,109,0,53,0,79,0,0,0,101,52,55,0,101,0,0,477,64,38,81,0,121,28,204,33,0,0,0,0,0,0,66,285,0,62,213,186,27,111,50,0,0,100,53,0,0,54,173,0,0,42
183,0,0,0,98,67,88,30,0,107,0,405,0,0,28,46,277,178,0,67,0,355,28,78,27,184,0,35,0,46,0,0,80,0,58,212,269,0,64,286,74,69,67,0,277,0,56,0,328,0,60,0,125,179,0,98,30,0,0,0,0,69,0,404,0,0,65,0,0,0,426,0,0,0,0,150,60,0,429,0,78,0,45,57,0,39,0,0,111,0,145,54,88,43,101,0,69,0,76,50,0,0,0,82,0,22,0,0,72,76,267,42,65,171,97,58,0,185,63,0,70,0,302,62,0,68,56,0,0,38,106,0,336,0,0,0,157,103,82,48,105,107,175,222,0,0,0,0,45,38,0,52,39,0,88,197,0,86,0,121,328,99,0,195,102,0,35,0,134,130,106,197,0,106,0,0,43,57,258,122,28,422,0,51,0,0,80,462,359,0,0,0,164,109,242,0,88,0,43,206,0,105,94,0,387,0,42,0,31,174,0,123,86,0,40,103,0,0,0,0,125,83,52,0,364,0,0,212,433,20,0,0,0,0,0,0,0,84,173,43,0,47,54,107,71,0,71,0,83,0,70,0,335,64,33,69,98,0,0,41,479,174,69,42,63,0,0,565,166,166,62,0,83,458,94,106,0,0,120,320,145,0,96,72,78,73,35,237,374,0,57,21,70,0,0,59,0,112,48,53,55,0,111,41,30,556,181,149,0,208,172,328,98,15,24,0,64,110,107,53,66,58,0,106,238,148,0,216,0,57,227,0,133,0,103,104,0,0,0,85,0,64,0,34,68,64,0,0,154,1107,162,71,67,60,485,0,42,65,445,395,72,110,185,83,143,279,290,206,62,0,61,88,67,0,56,223,187,0,0,151,102,112,78,62,64,652,0,90,21,0,50,77,885,44,72,51,463,69,172,302,0,0,46,21,60,182,0,58,47,0,95,0,137,48,0,29,263,73,0,134,37,191,153,0,138,149,0,32,178,84,0,0,59,0,74,0,55,97,50,182,0,0,878,61,142,142,71,127,35,78,56,0,236,0,121,0,78,0,0,28,390,52,150,308,0,52,56,0,42,39,0,48,127,0,37,65,57,431,307,69,231,80,0,382,154,0,0,86,276,175,188,124,47,369,79,64,119,137,399,0,0,245,84,904,51,129,308,0,85,0,38,66,0,88,39,0,189,177,85,99,100,60,427,273,128,0,58,73,236,0,79,25,0,16,139,74,72,0,0,100,58,245,210,0,58,0,240,20,43,381,230,110,0,60,89,0,0,101,98,114,154,410,0,80,63,497,107,0,0,0,241,69,53,0,0,0,0,259,52,117,96,275,140,0,318,0,268,252,44,37,31,980,0,118,40,0,0,86,0,128,45,49,49,93,53,99,77,190,94,79,22,0,317,340,180,0,64,122,0,121,28,53,0,0,77,48,115,87,0,270,208,0,53,51,0,70,177,147,37,0,0,0,208,0,0,519,0,149,0,317,164,0,0,140,1010,0,45,97,80,185,55,113,98,0,42,173,103,94,53,93,515,0,133,0,279,0,148,0,114,0,49,59,35,164,87,0,64,83,177,0,54,51,137,0,73,94,194,43,577,0,0,83,0,46,44,51,83,0,136,78,51,390,280,0,0,41,0,105,236,167,436,122,191,129,349,391,194,103,0,0,20,84,58,0,157,0,21,72,408,112,380,75,1205,155,0,150,44,0,205,0,53,144,0,42,171,0,0,62,17,43,0,125,29,50,0,145,0,125,0,210,266,221,76,56,45,448,55,46,0,141,231,0,91,43,0,0,78,115,147,226,0,0,99,54,0,73,0,181,125,60,117,0,89,74,474,80,142,118,245,0,0,35,310,222,0,206,0,34,47,39,145,36,202,0,46,43,69,33,0,77,566,36,0,71,0,0,0,135,17,0,0,94,382,31,221,0,0,135,89,0,138,0,77,47,43,0,911,316,77,233,35,54,48,207,63,50,45,0,61,0,0,0,0,54,198,349,61,0,0,58,129,159,243,0,40,240,0,108,0,0,111,330,48,165,274,129,356,43,0,93,157,195,0,45,0,97,0,215,289,430,91,127,192,70,75,1287,89,143,124,0,136,285,47,0,132,44,93,56,62,137,95,59,61,0,27,44,123,131,339,27,0,184,37,265,46,177,0,71,144,191,120,0,173,230,95,0,170,0,675,51,54,172,132,232,506,203,49,177,140,604,0,146,43,730,157,88,0,403,114,11,29,131,0,0,223,194,577,106,677,57,825,131,72,75,73,65,0,24,0,46,236,109,250,52,38,765,115,148,653,184,0,63,0,449,0,359,958,695,169,278,0,54,44,0,82,0,483,172,153,0,31,141,0,87,61,323,0,328,2135,98,339,118,322,189,132,0,432,314,127,0,96,0,124,64,400,0,53,198,134,98,0,344,205,49,274,888,636,180,645,0,229,193,117,366,28,88,54,122,0,142,0,216,0,110,410,54,56,62,94,122,64,417,87,319,109,150,83,161,0,80,99,69,275,0,80,130,89,44,0,61,86,205,205,633,114,106,824,173,0,447,58,147,448,70,0,0,0,377,123,201,0,0,474,631,0,68,28,294,244,0,102,23,127,57,81,0,61,253,99,81,170,206,414,189,114,0,144,45,436,106,82,167,630,571,391,99,300,31,565,139,125,0,0,156,364,52,139,210,519,0,67,75,0,0,71,755,867,104,0,149,26,481,244,0,421,126,64,63,0,113,0,101,102,99,463,65,36,106,64,0,649,40,55,137,100,43,156,65,0,138,86,33,0,161,26,48,119,46,0,324,0,0,76,189,109,76,123,0,0,156,68,283,34,189,77,0,0,0,180,0,0,76,57,51,82,37,130,58,0,108,43,48,245,94,306,0,0,103,38,196,297,175,51,0,0,61,319,52,115,0,90,74,27,0,138,106,0,0,59,0,123,158,31,116,0,24,85,33,0,211,0,213,62,0,113,125,124,46,296,230,50,57,202,0,184,53,31,676,178,85,144,0,0,1052,0,174,0,106,107,0,378,0,64,298,98,296,29,363,241,0,0,67,128,0,114,230,26,38,31,105,41,183,0,136,197,30,35,0,33,62,63,70,46,168,0,0,58,1274,414,63,340,32,140,281,208,84,62,126,33,127,0,37,121,92,0,689,43,66,0,393,0,667,149,0,420,53,0,0,66,0,151,194,69,195,173,247,72,253,50,280,0,182,283,0,31,66,85,89,237,70,37,155,72,151,351,98,178,113,47,541,203,187,97,251,0,25,130,16,0,482,0,0,158,0,44,40,183,46,139,223,123,82,40,235,90,100,202,286,0,187,290,0,37,0,42,0,80,0,158,85,33,158,140,156,163,0,80,59,39,290,134,118,0,529,370,168,88,0,85,0,0,105,294,78,58,692,35,0,0,137,46,53,42,35,0,68,0,0,126,278,123,0,33,103,88,287,0,107,183,0,0,327,0,31,0,136,73,0,137,53,45,0,74,0,20,114,0,90,0,312,150,41,0,254,246,43,76,126,69,128,0,33,0,539,0,245,48,40,67,52,0,47,108,440,43,0,126,305,25,0,167,66,0,70,92,186,0,40,100,110,56,56,0,192,0,60,485,0,159,70,47,77,80,0,51,69,106,30,285,0,0,0,32,32,50,0,0,262,384,0,0,57,102,83,65,0,77,63,0,0,77,107,331,0,0,91,0,0,64,27,258,209,142,137,98,76,115,0,0,93,54,89,191,83,0,76,186,94,73,0,76,439,0,0,85,0,194,40,32,0,0,0,570,91,59,50,0,406,149,112,92,33,27,166,48,285,0,0,0,300,0,714,89,140,0,28,120,149,61,69,0,148,0,124,35,66,88,0,126,0,0,0,109,12,179,285,0,0,513,61,0,0,197,71,44,0,144,65,31,0,0,0,0,195,146,280,467,53,144,142,0,0,0,0,74,130,0,0,0,0,0,227,0,0,0,454,49,237,0,0,64,0,274,337,63,165,61,64,318,54,835,0,0,0,0,0,294,39,106,74,99,59,0,0,47,69,0,66,54,53,662,87,29,0,0,0,0,45,144,0,381,21,80,84,0,41,0,113,0,473,155,0,188,99,33,44,77,216,31,288,106,89,45,0,66,122,46,0,147,0,0,374,0,98,37,124,211,415,291,70,258,76,73,53,44,73,181,341,149,84,518,46,64,117,0,39,31,57,54,87,21,73,70,218,93,117,123,65,76,117,27,0,0,102,62,100,154,488,102,132,86,38,58,603,87,61,113,392,0,529,125,0,0,63,681,263,0,0,320,0,160,58,86,0,88,245,187,33,58,0,349,91,79,115,201,167,0,0,147,205,33,0,154,92,45,0,75,0,131,800,99,96,152,0,0,427,52,37,442,97,52,0,45,110,84,0,851,197,423,0,147,51,87,12,38,158,67,143,128,67,142,193,105,205,802,206,54,0,0,107,242,453,191,89,90,764,0,0,458,110,359,97,349,83,158,63,0,53,29,418,244,227,178,75,0,57,53,0,44,115,0,0,385,0,109,0,28,418,62,0,30,0,101,165,68,65,239,50,195,249,47,44,482,0,52,0,34,278,771,0,117,0,68,56,0,235,75,213,352,110,87,211,238,0,0,0,83,172,152,374,0,62,34,103,276,101,177,0,68,363,0,247,0,242,31,84,25,89,0,35,59,260,0,37,110,538,78,133,0,1248,45,44,0,0,0,0,325,92,98,186,634,44,0,75,40,0,61,93,108,83,60,221,31,62,131,56,170,418,57,259,44,87,54,153,41,118,135,389,70,0,835,162,112,44,117,119,66,0,51,37,93,0,47,67,199,0,307,334,32,44,0,280,128,0,0,0,23,79,242,47,53,183,0,47,66,0,176,30,230,238,234,373,171,0,0,81,0,105,147,70,0,246,191,984,134,152,101,0,245,0,50,0,32,63,37,100,0,72,94,0,192,348,16,164,309,47,166,0,0,42,66,189,114,408,67,76,118,62,410,190,0,111,46,48,21,87,241,59,113,87,0,170,57,40,80,224,48,253,191,45,92,210,88,51,25,91,295,0,272,52,0,177,66,45,69,139,0,0,1465,0,312,0,92,83,45,90,240,92,0,45,0,87,71,64,231,48,79,53,47,781,33,105,339,71,93,0,32,146,43,66,0,92,114,170,308,298,244,0,0,61,110,90,99,0,31,30,78,99,48,0,46,56,37,287,0,0,293,174,0,242,179,243,0,81,102,53,52,0,0,48,192,42,167,276,41,181,349,0,71,0,0,193,43,140,167,127,101,55,270,81,96,167,0,207,141,32,84,161,199,377,393,170,46,0,138,87,0,0,53,158,51,69,103,215,162,1461,79,0,79,135,42,159,259,63,433,73,113,90,66,0,129,20,376,585,149,28,280,0,0,131,47,82,67,49,0,42,194,77,100,92,59,519,257,0,0,0,0,52,206,135,0,34,105,0,91,659,0,0,726,94,67,0,395,66,542,159,0,102,135,23,0,148,0,0,285,79,381,144,121,103,77,48,51,0,44,1386,99,27,0,0,599,0,47,98,256,138,0,0,95,129,59,47,0,704,0,0,108,0,521,124,330,131,123,544,0,0,52,46,81,50,65,324,0,158,317,49,0,22,49,122,66,193,61,86,144,366,116,63,119,112,112,95,0,85,55,63,0,0,120,145,109,45,789,37,0,198,43,0,156,421,16,73,85,160,83,73,0,44,152,93,0,0,124,1243,109,0,0,213,0,123,48,79,320,39,152,226,32,73,62,107,196,0,0,0,47,57,37,0,223,178,25,55,82,0,144,82,48,182,0,0,176,0,55,145,68,103,104,35,257,282,122,91,185,0,50,52,0,0,663,149,22,0,232,137,137,0,0,103,190,61,172,0,66,819,161,397,0,166,209,213,281,130,0,58,90,63,255,138,77,0,0,356,52,59,0,0,91,0,434,0,81,79,1277,25,30,401,175,62,103,263,0,67,292,55,0,1053,57,557,92,309,26,96,429,62,0,124,93,57,0,0,43,68,54,0,230,103,0,122,0,101,230,185,0,199,54,39,150,33,0,60,63,45,0,117,373,490,0,138,0,0,94,37,192,213,47,60,375,28,48,0,100,116,256,0,35,78,255,51,76,114,239,37,0,64,122,0,36,304,184,102,39,182,323,314,48,0,62,0,0,36,190,0,118,61,0,141,91,0,51,0,389,0,250,70,265,115,266,53,146,0,0,483,30,654,0,140,87,0,0,53,0,51,110,441,122,52,244,74,284,39,0,0,136,108,38,0,38,27,28,19,0,538,55,0,117,31,0,80,79,0,0,31,64,374,89,130,0,0,73,119,105,114,182,50,0,53,0,37,128,66,0,77,142,102,77,71,201,60,0,62,534,0,49,0,62,89,77,36,0,38,175,36,0,0,0,105,50,51,0,40,0,53,77,455,539,95,118,50,139,515,0,120,0,117,135,93,33,140,313,216,58,91,0,0,65,89,0,304,222,0,85,110,85,245,0,385,55,278,31,0,0,0,41,186,390,0,1195,0,20,448,18,0,118,184,0,89,82,978,0,0,103,298,0,0,88,55,0,87,0,166,64,183,276,105,546,193,41,208,91,522,0,193,0,0,75,0,36,166,47,462,0,48,164,0,318,397,0,54,88,66,412,358,26,0,74,47,38,0,716,211,0,53,0,148,85,0,27,0,51,0,85,57,173,0,0,0,22,0,155,120,41,111,0,0,0,865,0,0,42,0,0,0,0,104,353,0,29,155,67,0,120,98,0,0,106,57,84,0,146,599,40,40,60
184,0,0,0,65,0,55,54,0,0,0,154,0,0,0,287,356,286,31,38,21,103,83,58,0,128,0,0,90,35,0,0,58,0,0,128,177,0,50,188,84,0,58,20,146,0,0,50,93,0,252,0,114,84,0,144,0,0,0,36,0,199,51,307,48,72,127,0,0,26,127,0,0,0,0,269,91,0,358,0,137,0,0,77,177,0,0,0,24,0,140,0,59,59,124,0,64,0,50,60,0,0,0,130,28,30,86,22,86,53,353,52,42,114,166,42,0,147,0,44,201,0,231,0,0,0,17,50,59,0,100,0,124,0,0,95,92,49,0,0,106,28,124,602,0,0,94,0,0,92,0,0,118,71,55,161,0,79,0,120,148,0,0,112,0,0,0,56,141,208,89,148,60,55,0,38,0,0,88,68,0,279,0,28,24,68,52,422,245,0,0,0,82,83,170,0,124,31,0,84,0,0,135,0,411,0,57,0,11,215,74,105,46,126,0,163,84,0,0,0,166,0,0,0,128,0,0,216,249,0,0,0,0,48,0,0,20,82,188,0,30,99,52,0,47,0,77,0,65,0,32,23,130,82,254,53,41,0,0,62,220,103,141,47,0,0,0,408,165,578,0,0,82,182,46,68,92,0,826,74,57,0,26,231,0,0,0,285,184,76,85,37,152,0,0,58,0,40,56,102,55,40,137,0,0,333,272,218,44,70,91,380,97,0,0,73,97,264,44,51,0,0,29,49,262,56,36,125,0,0,289,0,58,94,105,65,0,0,0,115,0,103,0,109,75,0,0,0,89,1218,253,119,41,260,266,0,102,136,293,336,70,74,94,0,140,223,531,141,0,72,214,92,51,68,62,124,60,0,0,204,46,0,53,0,70,243,73,0,45,0,31,0,427,0,52,76,745,55,210,177,0,54,182,0,40,169,68,39,61,0,223,0,0,0,0,0,189,114,276,213,28,99,59,0,75,135,98,94,57,35,0,0,0,0,229,24,55,76,38,90,0,0,406,88,341,171,377,140,0,71,0,0,206,0,71,0,102,60,0,43,310,0,249,226,0,0,0,0,0,61,67,0,379,86,112,0,105,324,229,100,109,0,142,209,130,0,0,51,233,340,171,92,0,322,52,103,233,133,162,0,0,180,0,759,142,150,176,131,117,0,108,53,31,0,0,0,243,63,0,154,141,0,347,226,139,32,67,35,273,27,81,0,0,0,96,103,35,0,0,175,22,56,273,0,34,0,140,68,96,300,82,79,31,99,0,32,0,98,47,55,175,425,0,79,60,191,111,46,0,0,106,211,45,0,0,0,0,286,29,89,212,195,187,0,285,16,393,457,112,0,55,341,0,32,33,0,0,70,0,92,0,42,94,70,25,149,18,175,48,47,0,29,277,410,0,0,114,157,0,94,0,0,0,37,100,0,84,24,0,114,277,0,27,66,0,33,118,0,0,0,0,0,0,0,28,332,0,65,0,99,228,0,0,142,403,0,125,133,86,218,55,39,101,0,52,55,111,0,44,76,119,55,179,45,292,0,107,65,250,0,0,44,95,47,204,0,0,0,168,0,167,0,0,0,0,0,222,0,552,0,0,52,0,59,81,0,62,64,0,157,0,315,304,0,33,37,0,73,318,0,414,97,98,879,457,286,211,46,0,0,105,91,27,0,62,0,0,0,436,141,179,38,1057,179,0,0,0,0,44,0,0,45,0,0,140,0,0,55,0,0,62,79,35,71,0,107,0,68,0,239,83,85,0,0,0,276,82,0,71,95,141,45,74,0,0,0,130,51,0,357,0,0,67,0,0,0,0,51,113,95,77,58,105,0,302,64,233,0,83,0,0,0,177,269,0,267,40,0,53,67,109,0,213,54,0,0,0,60,0,130,423,0,0,86,0,0,139,62,48,0,0,31,555,0,58,51,0,47,112,72,119,29,48,44,0,0,179,155,0,381,59,93,44,377,0,55,61,0,0,0,0,0,0,0,170,154,0,32,0,44,68,88,283,28,29,121,0,0,0,59,46,137,0,69,138,111,0,62,0,100,37,215,0,0,0,56,25,339,380,334,194,0,68,0,30,625,118,49,83,0,0,201,87,31,0,60,72,19,52,24,41,0,0,0,76,0,160,86,64,0,0,85,0,151,0,141,0,92,0,36,84,0,64,311,60,0,0,42,153,42,95,87,105,0,326,89,35,107,61,499,0,35,0,54,144,0,0,580,86,0,0,250,0,0,99,79,607,30,1172,0,1393,256,75,0,49,0,0,0,0,134,80,64,281,52,0,82,111,56,299,201,0,42,0,53,0,130,692,344,112,32,0,69,66,58,62,0,345,87,33,0,32,202,62,64,84,0,0,128,890,110,174,33,90,0,0,31,167,230,48,0,85,0,174,59,298,0,0,152,71,154,0,229,67,73,105,361,509,201,154,0,41,118,0,293,51,0,60,62,0,44,0,116,0,0,163,0,43,0,92,67,41,169,32,153,84,51,98,0,0,0,129,39,59,0,0,57,106,34,0,0,0,299,0,316,0,57,695,100,0,336,31,123,113,77,37,0,0,74,115,0,0,0,36,721,0,0,35,178,167,0,112,0,0,32,28,0,0,325,71,72,117,0,164,208,0,0,55,0,0,0,47,0,353,363,225,68,227,0,399,92,86,0,38,77,228,0,77,223,77,0,67,31,0,35,75,119,484,93,0,261,54,299,123,0,258,103,0,29,0,0,0,82,70,43,232,0,0,71,0,0,1020,49,0,115,200,0,118,0,0,117,129,56,0,63,36,0,56,0,0,419,0,0,88,382,70,0,128,30,0,145,30,75,51,67,169,0,144,0,37,0,28,0,37,55,135,0,52,0,28,52,0,105,52,42,90,27,0,62,0,259,138,180,0,58,0,0,365,90,35,34,212,50,0,0,147,52,0,0,108,22,56,68,96,121,0,0,41,49,51,127,48,344,162,0,0,240,98,38,322,86,0,0,103,0,50,47,0,237,84,33,363,21,0,1080,90,168,0,146,43,0,754,0,59,33,19,128,0,142,113,0,0,0,46,0,48,191,0,77,0,256,0,156,27,226,150,59,65,0,60,0,34,49,80,211,0,0,0,448,386,0,316,60,27,93,140,22,46,62,0,406,55,59,58,0,0,582,58,131,187,164,0,583,169,0,154,0,0,0,0,44,199,0,0,98,124,333,0,153,0,240,0,0,161,0,47,224,88,0,83,163,0,0,88,192,228,0,71,324,0,198,248,29,153,86,44,0,256,55,0,119,0,0,151,0,0,0,146,38,66,167,64,131,0,199,46,152,142,42,0,185,104,23,48,64,48,125,46,57,85,156,0,48,90,35,256,44,130,0,0,97,50,0,58,219,106,163,185,55,29,0,0,48,80,0,154,0,0,0,103,204,43,66,52,108,35,42,0,0,39,557,117,0,42,220,0,166,0,0,145,64,0,119,0,20,0,164,0,0,100,92,44,0,73,0,0,260,0,86,0,355,56,67,0,93,209,44,51,328,89,96,0,0,62,120,0,399,0,46,0,159,26,57,182,283,70,81,110,610,0,0,241,136,36,95,132,425,44,109,75,44,84,0,0,158,0,71,86,0,144,0,70,59,103,0,88,72,120,0,509,61,79,0,29,0,188,0,94,245,378,0,64,0,88,0,93,27,146,144,0,0,0,0,598,65,0,46,38,68,57,0,71,470,36,152,82,49,213,0,0,93,129,117,184,206,0,123,259,148,59,71,0,517,0,26,59,57,397,0,41,0,0,40,1077,90,0,43,39,170,106,56,54,145,0,169,0,170,0,39,22,470,71,735,113,76,80,53,125,181,84,137,43,166,120,99,119,0,149,0,85,30,101,49,0,0,126,170,0,0,448,54,0,0,251,186,26,72,360,160,0,51,0,82,0,212,90,284,973,113,86,110,0,48,155,0,78,194,0,30,53,0,0,240,0,27,99,351,0,313,0,81,71,63,200,200,117,299,70,54,505,167,676,39,73,30,299,0,133,101,128,73,127,0,36,41,0,0,0,135,0,52,518,104,63,0,0,0,46,0,0,0,234,29,40,113,0,0,55,0,0,139,62,0,86,0,53,59,93,89,0,66,0,0,32,0,130,116,90,30,74,0,0,651,0,140,0,134,81,266,182,0,179,61,35,44,0,70,133,175,86,84,129,0,138,45,0,0,35,13,58,0,29,102,50,135,161,461,76,111,79,145,56,0,0,146,0,107,58,222,41,79,73,77,0,473,69,102,97,368,36,336,62,0,38,55,184,166,77,0,90,49,76,0,61,0,132,225,392,0,0,0,143,113,91,223,237,146,34,0,106,372,0,0,156,117,0,0,0,66,263,278,54,149,0,0,0,820,63,101,467,55,0,0,28,134,127,0,231,189,383,0,83,0,49,0,0,182,36,76,211,33,100,77,171,185,332,125,143,0,89,30,100,156,179,109,83,296,0,0,196,126,135,0,389,193,50,33,0,0,67,276,208,213,556,55,0,160,0,0,34,66,0,19,127,0,235,0,74,381,45,59,0,0,40,79,43,0,111,0,294,105,0,0,237,50,0,35,0,490,651,0,67,0,0,0,0,240,100,304,481,175,141,239,87,29,35,0,0,199,181,287,0,68,0,167,116,133,102,0,0,69,0,96,0,108,0,88,0,156,0,0,203,265,29,0,60,297,156,0,40,1094,19,32,0,0,0,0,243,108,39,169,683,0,0,90,0,0,74,131,84,32,0,55,0,241,0,41,171,284,52,132,69,60,75,132,134,168,111,226,56,49,346,120,262,89,131,64,104,28,46,0,77,0,56,90,101,110,369,120,52,0,26,349,164,168,0,32,0,160,153,139,213,204,0,0,0,0,76,149,157,627,175,1099,140,0,0,51,0,0,88,56,62,203,166,408,0,151,102,179,239,40,197,0,51,55,36,79,0,0,77,0,485,524,0,122,92,0,126,0,48,88,45,234,150,276,47,54,88,72,235,140,0,166,143,43,127,78,233,101,189,126,0,217,92,0,248,243,88,277,243,0,50,168,0,194,0,83,260,0,215,57,0,391,290,65,61,98,39,0,648,0,119,0,0,51,0,70,97,62,0,0,0,54,61,83,285,0,75,26,0,581,105,106,277,52,83,0,88,77,25,93,0,125,230,195,168,341,61,0,0,60,78,56,105,129,0,0,80,85,92,0,283,43,72,686,30,0,107,126,31,181,85,307,45,32,84,43,0,0,0,45,64,0,161,214,0,138,404,0,60,0,0,343,0,55,108,172,236,0,238,82,58,110,0,85,95,42,175,163,489,162,114,123,0,0,136,59,0,37,35,236,0,0,94,154,85,1023,74,0,103,136,18,84,127,94,344,41,74,35,59,0,254,0,141,646,64,85,201,0,0,106,61,54,62,40,0,0,241,72,99,196,43,458,189,0,0,0,37,0,178,114,0,51,61,0,0,792,47,28,1162,106,168,0,373,35,285,229,20,126,80,0,0,109,0,0,213,46,262,126,148,72,63,79,21,0,35,1014,180,0,0,0,413,0,143,253,319,163,28,0,79,124,107,0,0,516,0,0,0,0,329,98,355,170,204,516,40,0,56,122,0,57,47,222,0,1263,123,0,0,22,58,38,54,54,52,0,171,303,242,56,89,60,58,64,0,115,51,33,0,0,206,262,63,37,677,0,0,131,0,0,68,266,30,47,195,265,54,57,0,64,58,57,0,34,181,934,148,0,60,153,0,72,0,125,421,40,78,106,81,137,42,155,276,50,0,0,0,0,48,88,171,136,57,0,84,0,96,89,97,199,42,60,585,0,52,263,0,142,47,102,348,99,234,59,68,0,0,0,56,143,1120,89,0,0,177,121,191,127,0,75,201,147,143,0,42,550,84,277,50,263,163,186,246,156,0,79,113,48,421,113,81,0,56,596,78,192,29,0,41,0,416,0,53,89,818,0,89,269,173,69,55,389,0,136,318,131,86,507,0,415,93,283,29,45,631,23,78,107,288,75,131,0,0,131,185,28,172,105,77,172,0,289,135,358,0,75,149,0,157,0,0,83,0,132,63,57,384,348,30,105,0,0,97,37,290,467,41,108,252,0,0,0,42,180,295,27,31,122,183,0,0,73,143,40,0,136,143,0,54,421,140,199,154,143,69,125,102,0,62,6,0,0,368,39,79,45,0,0,69,56,0,0,320,0,119,149,180,0,242,173,197,0,0,569,169,365,0,104,45,0,57,108,0,60,0,573,204,0,399,112,228,0,94,39,96,41,56,0,0,68,37,63,68,354,335,90,182,65,0,193,93,0,0,55,24,312,41,40,0,40,25,103,95,86,100,0,178,0,132,320,504,67,0,878,37,98,0,90,43,0,0,0,373,0,144,0,53,30,98,31,0,57,149,97,0,49,129,51,0,173,24,82,0,101,147,266,1330,77,222,49,138,451,90,237,45,156,86,176,45,53,44,185,295,124,67,0,86,125,0,144,164,0,148,99,182,237,0,255,63,212,85,57,0,64,68,60,394,0,719,298,43,632,0,0,69,98,0,125,51,669,0,0,65,303,0,0,132,0,0,89,0,224,0,117,160,171,184,0,0,382,90,290,0,59,30,275,33,0,0,307,66,86,0,41,33,38,127,270,75,34,500,60,223,431,0,76,43,65,0,0,1079,128,0,30,48,106,0,126,0,75,37,58,109,121,0,0,0,255,0,0,532,80,34,225,55,171,0,426,32,0,20,0,0,0,0,0,232,0,102,151,412,71,44,130,0,17,0,88,43,0,143,472,108,53,0
185,0,0,0,31,35,68,0,0,49,0,0,0,0,0,0,77,121,0,40,0,160,0,42,42,101,0,0,33,14,0,0,44,0,49,89,61,0,0,186,86,48,0,0,134,0,36,0,178,0,143,0,82,65,0,0,0,0,0,0,0,76,0,80,0,30,78,0,0,0,121,0,0,0,0,127,0,0,290,0,31,0,32,110,128,46,27,0,54,0,60,61,0,0,72,0,0,0,37,0,0,0,0,45,0,0,0,35,0,53,208,0,73,67,75,45,50,69,0,0,53,0,153,0,0,0,0,30,52,33,126,0,250,0,50,35,130,67,49,0,84,0,55,133,0,0,0,0,66,0,0,0,53,39,56,94,0,0,0,105,114,0,0,102,33,0,0,0,72,83,55,131,0,0,0,43,24,38,107,0,0,90,0,0,0,0,0,432,121,0,0,0,25,68,0,0,48,0,0,25,0,52,0,0,291,0,39,0,0,40,41,57,29,0,0,55,19,0,0,0,104,63,0,0,193,0,0,66,247,0,31,0,0,0,0,0,0,51,102,0,0,0,0,0,0,0,80,20,0,0,32,0,201,0,82,0,0,0,0,0,205,142,0,0,38,0,0,172,106,286,0,0,64,334,77,50,46,0,204,195,51,0,121,63,77,64,0,104,840,0,59,0,0,0,0,36,0,50,54,21,0,0,0,36,0,129,98,89,0,62,76,159,147,0,0,0,51,92,36,0,0,26,0,34,263,61,0,44,0,0,62,0,37,0,0,0,0,0,0,0,0,38,0,0,0,0,0,0,81,1383,0,0,0,79,88,0,0,121,31,134,0,78,0,0,122,0,195,0,0,0,70,0,83,0,46,0,0,0,0,339,0,0,0,0,0,472,33,0,0,0,0,40,306,0,48,38,235,0,0,95,0,0,0,0,0,152,0,0,105,0,81,0,0,0,0,0,25,46,58,93,0,36,0,0,78,67,20,33,0,0,0,0,0,0,225,0,0,0,0,0,0,0,214,62,64,0,76,0,0,0,0,0,35,0,0,0,61,86,0,0,0,0,69,113,0,0,19,42,0,0,0,0,88,43,0,0,0,70,129,50,47,0,64,230,54,0,0,0,63,140,147,0,0,130,0,50,63,132,67,0,0,118,0,836,59,0,43,53,78,0,30,16,0,29,0,0,0,0,0,51,0,0,0,0,0,0,0,0,0,0,82,0,0,27,0,122,0,0,0,55,0,0,90,0,0,0,143,0,0,157,122,0,10,44,0,0,0,0,47,0,0,144,0,0,0,118,0,0,0,0,66,75,0,0,0,0,0,0,0,0,0,0,0,0,111,0,108,0,0,0,55,193,0,0,0,0,0,0,0,30,0,0,80,71,0,93,0,94,28,0,0,0,144,183,0,0,0,73,0,0,0,8,0,0,41,0,52,0,0,81,80,0,0,28,0,0,0,74,0,0,0,0,71,0,0,81,0,38,0,85,0,0,0,43,257,0,47,0,0,79,37,0,40,0,21,0,29,60,0,36,97,0,0,0,188,0,0,0,231,0,0,25,29,0,80,0,0,31,41,0,45,40,40,0,0,33,129,0,142,0,0,0,0,0,41,0,40,63,66,0,0,85,89,0,0,0,0,56,57,0,219,0,49,497,155,236,50,71,0,0,54,0,33,0,0,0,0,0,127,49,126,0,283,0,0,38,0,0,50,0,15,0,0,0,121,0,0,35,0,0,0,0,0,56,0,27,0,0,0,90,34,70,0,0,0,57,36,0,0,0,123,0,0,0,0,0,0,0,0,87,0,0,0,0,0,0,0,0,0,38,0,0,0,36,152,0,61,28,46,0,37,0,73,182,0,43,0,0,0,0,47,0,93,49,0,0,81,0,0,44,81,0,0,0,0,0,0,0,0,0,0,16,238,0,90,32,0,28,41,36,45,0,0,0,0,0,208,119,33,109,35,0,0,82,0,0,0,0,29,0,0,0,0,0,46,67,0,0,0,0,0,0,81,0,0,44,0,88,0,0,23,67,0,0,101,48,198,27,0,0,0,184,0,0,0,0,0,0,55,136,0,0,44,0,0,256,0,55,48,0,53,55,17,0,38,71,0,23,0,0,47,0,0,0,0,0,0,70,117,0,0,0,0,42,0,0,0,0,0,55,76,0,56,96,0,0,33,0,0,0,0,85,0,0,198,54,0,67,0,73,0,32,0,90,41,26,0,115,0,0,0,85,0,0,90,67,28,31,237,0,483,45,0,0,0,0,0,0,0,0,95,0,47,0,0,87,28,45,196,0,48,0,0,0,0,50,130,114,0,55,0,0,0,0,0,0,60,40,39,0,0,0,0,54,0,0,0,62,438,0,175,28,79,27,0,0,92,51,56,0,0,0,0,25,30,0,94,60,86,0,0,226,0,61,54,140,0,0,146,0,55,50,0,36,0,0,0,26,0,75,0,0,0,0,466,34,31,0,35,0,41,258,0,0,0,85,0,40,0,0,0,0,32,0,0,39,0,0,0,0,0,0,32,177,0,0,128,0,0,131,45,49,47,23,0,0,0,171,0,129,0,0,60,237,0,0,0,54,0,0,0,0,23,0,21,0,0,38,65,0,0,62,54,59,169,0,0,56,0,0,0,0,70,143,224,68,0,0,65,66,57,0,0,55,112,0,30,118,175,0,0,0,0,0,0,281,0,0,0,63,0,169,166,0,0,0,0,0,0,0,0,0,0,48,80,0,43,124,0,0,0,0,32,26,0,50,49,67,36,39,0,0,40,0,0,0,0,0,0,116,0,0,0,0,0,30,0,0,0,23,0,60,0,0,0,0,0,0,0,0,0,0,34,0,39,0,0,0,0,47,0,0,65,0,0,0,0,0,0,89,0,134,0,0,0,0,79,0,0,0,72,0,0,0,49,0,0,0,0,0,0,0,0,0,0,0,29,0,0,29,0,0,0,0,23,0,41,0,75,0,51,0,0,0,42,0,0,134,155,0,123,0,0,396,0,0,0,0,0,0,186,0,66,0,0,0,0,94,0,0,0,0,48,0,0,39,0,0,0,0,0,0,0,0,0,0,0,28,0,0,0,0,0,95,36,0,0,1076,202,0,180,0,0,31,162,0,0,0,7,91,0,0,0,0,0,128,0,0,34,180,0,138,62,0,85,0,0,0,0,0,62,19,0,0,57,0,0,0,0,112,27,0,105,0,0,0,0,0,0,0,0,0,0,0,91,0,31,27,0,145,18,0,0,70,0,0,42,0,0,36,0,0,45,0,0,0,184,0,0,0,52,0,0,34,0,0,46,0,0,0,38,0,0,0,0,0,0,0,0,0,0,124,88,30,116,0,0,0,0,0,0,0,0,116,67,52,0,0,0,45,0,0,0,0,0,65,0,0,0,0,0,0,0,0,0,24,0,0,0,58,46,0,0,88,0,61,0,0,51,0,0,54,0,0,0,49,0,0,35,33,0,0,0,0,0,59,0,0,0,104,41,0,0,64,77,0,0,0,0,20,0,0,41,46,0,125,0,0,48,45,0,0,26,78,0,51,0,273,0,0,88,0,0,0,27,39,0,0,0,0,0,0,0,58,0,0,189,0,44,29,0,0,0,0,0,18,0,0,93,0,0,0,0,0,0,0,48,94,245,0,0,0,79,0,35,0,55,81,0,0,0,0,159,0,34,0,0,0,0,0,0,53,0,0,58,0,53,0,0,0,0,0,44,71,0,53,0,43,0,0,32,186,0,0,0,0,153,0,60,0,0,0,180,36,0,0,0,68,44,0,0,77,0,86,0,38,0,0,0,48,0,63,27,57,0,0,46,0,0,0,0,82,0,38,0,0,135,0,43,0,82,0,24,0,0,81,0,11,174,0,0,0,56,0,0,35,116,0,0,0,0,0,0,51,0,75,148,0,95,0,0,0,0,0,0,77,0,0,0,0,0,152,0,0,57,164,0,0,0,25,0,0,61,109,62,48,0,0,222,52,387,0,0,0,159,0,100,0,40,0,0,0,0,0,0,0,0,0,0,0,168,0,0,0,0,0,0,0,59,0,74,0,0,0,0,0,0,54,0,0,0,0,0,0,0,0,0,0,0,0,0,0,0,0,0,0,27,0,0,0,0,72,0,0,0,51,0,0,84,0,0,0,0,0,0,0,51,0,0,0,0,0,0,0,0,0,0,0,0,0,0,0,0,0,89,74,0,0,0,35,0,0,0,19,0,0,0,67,0,32,0,0,0,219,0,0,0,129,0,0,0,0,0,0,0,0,0,0,0,0,0,0,0,0,42,0,106,0,0,0,0,0,30,71,0,36,0,0,0,104,0,0,0,0,0,0,0,13,64,0,0,0,0,0,0,388,0,0,40,0,0,0,0,0,0,0,0,70,122,0,0,0,0,0,0,55,0,0,0,0,0,0,0,0,361,38,24,0,0,0,0,0,70,0,0,128,0,0,0,0,159,0,54,0,0,0,0,0,0,39,0,45,135,0,0,42,0,0,0,0,0,0,0,0,37,0,0,103,0,0,0,0,0,26,0,0,0,0,20,0,0,0,147,0,0,0,0,98,53,0,0,0,0,0,0,0,0,42,142,0,0,0,84,0,0,0,0,0,0,100,0,0,0,0,0,36,0,0,0,0,0,0,0,0,0,0,0,0,0,0,41,0,0,0,0,0,60,0,0,0,0,0,0,0,0,0,105,0,0,0,164,0,0,0,0,0,0,56,0,0,0,82,0,39,0,0,35,128,38,0,0,0,0,0,0,41,34,95,88,0,279,0,84,37,0,87,19,0,0,0,0,0,0,0,0,62,0,0,0,0,0,0,37,0,0,33,24,9,62,0,0,0,0,0,0,0,0,0,0,122,49,195,0,0,0,0,0,0,0,0,0,0,107,0,0,47,42,0,83,0,0,0,0,0,0,0,0,0,0,0,242,46,0,0,0,0,0,0,0,53,0,53,39,313,0,0,0,0,23,161,0,35,62,21,23,0,133,0,0,0,0,0,0,0,41,108,0,53,0,0,0,0,0,0,0,172,0,0,50,0,0,59,61,30,0,33,0,0,99,0,65,0,0,0,0,36,0,0,0,0,0,0,0,0,0,0,0,0,0,147,0,0,149,0,0,0,0,0,0,0,0,0,0,0,138,24,0,0,16,64,0,43,19,43,0,0,0,48,0,0,62,15,0,121,0,0,0,74,0,43,0,64,0,0,0,39,0,0,0,0,0,0,0,99,0,330,89,0,0,0,0,131,0,0,0,25,255,0,63,39,0,0,0,66,0,0,0,60,64,64,0,49,36,0,26,132,0,0,0,38,0,0,0,106,0,429,0,0,0,0,0,97,0,0,49,0,106,0,0,0,0,0,0,155,0,0,141,0,0,0,36,0,80,0,0,0,0,72,0,0,0,0,39,0,0,0,0,0,39,0,0,0,0,0,0,353,0,0,353,0,0,0,36,0,0,42,0,65,0,0,0,0,0,0,72,0,0,58,26,0,0,0,0,0,0,149,0,0,0,0,0,0,50,76,0,101,0,0,0,0,53,0,0,107,0,0,0,0,107,40,0,46,0,33,0,0,0,0,0,0,0,0,0,68,0,0,0,0,46,0,0,0,0,0,139,51,0,0,0,0,0,0,0,47,0,0,0,0,25,44,32,0,129,0,0,75,0,0,0,107,0,0,0,32,0,0,0,59,0,0,0,0,134,114,106,0,0,43,0,0,0,35,30,0,0,35,0,0,26,49,0,0,0,0,0,0,0,0,23,0,0,0,0,0,0,0,0,0,0,0,0,0,0,0,0,0,0,0,63,0,56,0,0,0,0,0,26,0,231,59,0,0,0,0,68,18,0,0,0,0,0,0,0,42,0,139,0,0,85,81,0,94,0,0,0,0,71,0,0,0,0,558,0,0,0,0,0,0,208,0,0,0,135,0,0,138,64,54,0,190,0,89,0,0,0,71,0,26,31,43,0,0,124,0,0,33,0,0,0,0,0,0,0,0,0,0,0,67,0,22,46,0,0,0,0,0,70,0,0,42,0,37,39,0,0,121,0,0,0,0,0,0,68,86,0,0,0,0,0,0,0,43,103,0,0,0,141,0,0,0,0,0,0,31,0,0,0,52,0,0,0,23,0,39,0,0,0,0,0,0,52,0,0,0,0,0,28,0,0,0,124,0,37,0,69,0,0,0,0,0,0,236,0,0,0,0,0,0,0,0,0,0,0,77,15,0,0,0,0,0,0,0,77,0,0,21,0,0,0,0,0,127,74,0,0,0,0,0,75,0,0,0,0,151,0,25,0,0,20,0,0,20,0,0,34,0,0,0,0,0,0,75,0,58,0,0,0,0,0,0,47,0,0,0,0,0,0,0,0,0,100,0,0,0,0,0,0,0,0,0,0,0,0,188,200,0,0,31,42,0,0,0,0,48,0,0,0,0,40,52,0,0,0,0,0,0,0,0,135,0,0,0,0,150,0,0,0,0,0,0,0,25,0,28,0,0,0,0,0,79,0,0,0,0,0,0,0,0,0,0,0,0,0,0,48,0,0,0,0,0,0,59,0,0,245,0,0,108,0,0,0,0,0,0,0,0,0,0,0,79,0,0,0,0,0,35,0,0,0,0,72,0,0,0,0,0,0,0,150,0,0,0,0,72,0,0,0,0,0,0,0,0,0,0,0,0,0,0,66,0,0,0,0,0,0,101,0,0,0,0,0,0,0,0,99,0,0,43,0,0,0,0,0,0,0,33,0,0,0,40,0,0,0
186,0,0,0,33,0,0,0,0,49,0,165,0,30,0,143,93,90,0,0,0,76,0,56,43,48,0,0,40,39,0,0,0,0,0,124,125,0,0,237,0,0,0,0,86,0,44,0,227,0,0,0,65,0,0,197,0,0,0,0,0,103,61,199,28,0,0,0,0,0,49,0,0,0,0,0,72,0,93,0,75,0,0,104,169,0,0,0,0,49,210,52,0,0,94,0,0,0,69,0,0,0,0,103,0,0,46,0,0,39,51,0,83,0,0,0,68,122,0,0,131,0,74,26,0,0,0,0,67,0,0,0,0,0,0,0,100,13,62,47,0,0,106,68,0,0,82,0,0,43,0,44,87,37,125,87,0,0,0,119,238,0,0,61,0,68,46,0,55,170,152,46,0,44,0,29,0,37,76,39,24,352,0,37,0,0,0,472,98,0,0,0,78,42,203,0,0,0,0,79,0,0,104,30,159,0,53,0,45,56,78,0,0,43,0,0,0,0,0,0,57,0,0,0,0,0,0,78,82,0,0,0,0,0,0,0,0,50,208,0,0,47,0,41,0,0,85,0,0,0,0,66,20,0,0,49,52,0,0,54,161,0,0,0,54,0,0,189,62,277,0,0,44,0,0,0,0,0,58,109,81,0,58,151,0,0,0,163,225,47,53,0,109,0,0,0,0,0,0,0,0,0,0,56,0,0,0,33,0,76,93,166,68,0,0,0,0,36,87,0,46,38,0,28,149,90,56,99,0,0,94,0,0,0,0,0,0,0,0,0,0,0,0,0,0,0,0,0,64,163,20,97,0,54,134,0,0,0,138,66,0,0,95,0,0,122,172,74,36,0,0,33,41,0,22,63,159,0,0,25,38,31,0,0,0,796,40,0,0,0,30,0,0,29,72,0,438,0,34,116,0,0,200,0,0,0,0,0,0,0,89,0,0,28,0,0,53,78,0,121,0,60,96,0,88,168,0,0,180,0,0,0,66,0,46,0,0,0,0,0,0,0,109,43,101,55,120,68,0,34,0,0,69,0,69,0,0,0,0,0,0,54,0,112,0,46,0,0,34,26,33,0,147,57,0,55,0,111,278,39,155,0,0,0,103,0,0,24,58,39,37,67,0,104,0,0,28,40,69,0,0,239,50,163,0,32,63,0,0,0,0,0,0,53,0,0,162,0,80,0,134,49,0,265,0,0,0,0,82,0,0,0,0,0,0,0,0,0,0,0,0,133,88,41,0,0,0,0,0,438,183,119,0,0,33,0,0,27,0,0,87,108,0,0,0,126,25,0,0,0,97,145,0,0,0,0,0,0,0,0,184,134,66,0,88,0,161,463,0,0,0,434,0,91,0,0,0,93,0,28,0,0,0,0,0,62,146,48,38,47,0,0,141,229,37,0,0,99,0,81,0,0,0,12,61,31,77,0,0,0,90,0,0,0,0,37,0,0,0,0,0,0,70,0,0,121,0,67,0,136,305,0,0,50,216,0,78,0,0,0,0,0,0,0,0,296,49,0,0,0,55,0,32,0,224,0,54,0,192,0,0,0,26,0,0,36,60,0,42,0,45,42,15,0,43,0,181,0,173,0,26,80,0,44,60,0,23,49,74,0,0,68,279,0,0,0,0,0,0,0,104,91,23,134,219,0,0,0,0,0,80,89,0,37,154,0,0,0,124,0,0,0,0,83,0,22,0,0,0,0,34,0,0,0,193,0,0,43,0,0,28,0,0,0,0,0,0,0,0,143,40,28,31,0,0,114,0,0,0,50,0,0,43,0,0,0,87,118,84,311,0,0,42,0,0,0,0,0,0,45,0,0,0,0,183,0,0,0,0,0,61,0,151,175,45,322,0,0,0,84,149,0,273,0,0,36,73,0,0,77,105,0,0,59,0,0,61,0,0,0,0,0,319,0,0,0,0,28,37,0,148,0,156,0,0,0,79,122,52,61,0,0,0,0,0,60,0,0,0,0,0,0,0,37,177,0,0,0,0,56,0,0,73,0,22,0,0,0,0,46,0,109,41,44,53,0,41,0,0,0,48,94,0,0,0,0,0,207,310,191,72,37,67,0,0,128,161,0,105,0,38,136,0,0,0,58,54,0,38,45,39,37,0,0,70,32,0,113,95,0,0,0,0,99,0,0,19,0,29,0,0,0,87,116,0,0,58,0,177,0,0,75,0,161,96,118,0,0,75,151,0,0,0,403,55,38,0,113,0,0,0,60,0,0,0,46,638,0,377,0,831,75,0,0,0,44,26,0,0,0,55,0,79,0,0,309,0,0,148,88,0,71,0,158,0,103,608,40,32,84,0,54,0,51,56,0,189,0,0,0,0,70,0,0,56,132,0,186,302,115,153,0,50,51,0,0,185,84,0,0,29,0,52,0,90,0,41,66,135,176,0,57,82,0,55,130,810,74,115,0,50,97,24,123,35,54,54,53,0,50,0,0,0,56,272,0,0,0,27,51,0,153,0,0,28,0,87,60,0,0,0,0,94,0,33,0,0,0,0,40,28,240,96,135,0,0,326,0,0,190,0,75,149,31,0,0,0,69,0,154,0,0,261,43,0,0,0,0,38,0,56,0,50,0,0,0,0,375,0,37,0,0,109,0,55,0,28,0,168,77,0,58,0,92,41,33,0,24,89,0,42,0,0,38,151,0,0,266,86,0,32,46,0,0,27,125,113,0,0,94,40,259,119,0,246,0,0,0,0,0,0,37,0,40,0,0,0,0,0,0,39,0,0,45,0,0,64,0,0,0,0,0,0,0,28,0,94,0,0,184,0,0,0,90,0,0,67,0,0,0,0,87,0,0,56,0,0,0,22,0,0,0,0,0,0,0,0,0,0,34,0,0,0,0,0,0,0,0,0,57,0,0,0,0,0,0,83,0,64,0,76,0,0,0,80,0,0,0,0,0,0,0,25,0,0,0,51,0,0,55,0,0,0,0,0,0,59,0,164,48,0,0,61,0,47,0,0,163,0,0,155,0,0,647,0,0,0,0,0,0,33,0,0,37,0,22,0,76,134,0,0,0,0,0,0,28,0,0,0,0,0,62,0,0,118,0,0,0,0,0,0,0,0,0,0,0,0,190,49,0,65,0,0,26,47,0,0,87,18,0,0,0,0,30,0,143,0,0,0,40,0,164,0,0,266,0,0,0,0,0,80,30,0,0,0,95,0,0,0,0,0,0,68,0,0,0,0,0,0,36,0,0,0,49,80,0,32,18,0,0,0,20,0,0,0,0,0,0,0,190,0,0,0,0,0,0,44,0,0,0,0,0,0,141,0,0,73,24,0,0,40,0,0,0,0,0,0,0,0,0,0,0,0,67,47,0,46,0,0,0,0,0,0,57,57,0,0,0,0,0,0,79,117,0,0,126,0,0,34,0,0,0,0,0,0,46,0,0,27,0,0,0,0,34,0,144,0,53,0,0,0,142,0,0,0,34,74,0,95,50,27,0,0,0,0,65,0,36,0,0,128,0,0,112,100,0,0,0,0,105,0,0,51,236,0,0,0,0,0,0,0,0,44,228,0,0,106,471,0,0,131,66,27,75,0,98,0,0,0,40,51,0,0,141,0,0,245,0,45,0,0,0,0,0,37,0,27,0,0,0,29,0,0,0,62,0,42,188,171,70,0,0,71,0,44,0,83,46,63,0,0,0,329,28,62,0,0,28,47,0,0,103,54,87,74,35,133,0,0,65,61,57,0,124,0,71,72,0,32,0,42,117,0,25,0,0,62,0,44,0,0,0,69,65,34,27,0,167,0,73,0,104,0,137,0,269,0,0,0,231,0,43,0,38,0,0,71,57,0,26,0,138,0,78,0,76,77,0,0,0,66,0,0,0,0,174,0,0,307,0,0,0,108,46,0,48,122,0,0,0,0,0,0,44,62,165,174,0,78,0,0,0,67,0,36,147,0,0,0,0,0,186,0,0,56,0,0,19,0,0,0,0,30,70,64,0,0,0,212,57,606,0,0,0,104,0,164,0,0,54,38,15,0,29,0,6,0,0,0,27,356,47,0,0,0,0,0,0,78,0,543,0,62,66,0,0,0,0,0,76,98,0,0,0,0,0,0,0,0,37,0,0,0,0,0,129,0,0,0,0,0,0,0,106,0,34,0,0,191,0,0,90,0,0,0,0,53,0,53,0,59,0,81,23,0,0,0,0,0,0,0,0,0,0,56,105,0,0,0,0,0,0,0,99,0,46,0,92,0,22,0,0,0,241,0,0,0,55,0,0,0,0,0,58,90,0,0,0,85,0,42,0,0,0,38,14,102,0,0,0,89,0,42,69,0,166,0,0,102,48,0,0,97,0,0,0,0,0,66,62,0,0,0,0,0,323,0,0,0,0,0,0,0,129,122,0,145,0,99,0,0,0,0,0,0,93,0,38,0,0,54,46,0,115,206,0,0,0,0,0,41,83,57,0,0,0,0,0,0,43,38,0,335,0,0,0,0,0,0,126,32,48,172,0,0,24,0,0,0,0,0,0,0,0,0,0,0,145,0,0,0,0,28,22,0,0,72,0,53,60,0,0,81,0,0,0,0,112,41,0,31,0,0,0,0,150,36,0,154,0,0,65,64,0,0,0,0,0,147,69,0,0,0,0,40,0,0,0,0,0,0,50,0,209,0,0,0,123,0,0,60,98,0,0,0,94,0,0,0,246,0,0,0,0,0,0,68,61,0,0,92,0,0,0,0,0,0,0,25,0,0,0,0,39,0,0,0,232,0,45,0,53,0,0,31,0,0,0,0,0,51,85,50,35,39,46,0,0,0,0,0,20,0,38,47,30,147,73,0,0,0,93,55,44,0,26,0,59,4,38,20,0,0,0,0,0,47,58,0,136,0,473,56,0,0,0,0,99,114,0,0,95,0,393,54,42,0,0,270,0,79,0,0,0,0,0,0,40,0,0,92,146,0,0,194,0,0,0,0,28,59,72,0,253,0,0,0,0,340,85,0,76,0,0,0,0,127,0,137,0,0,0,0,18,126,131,0,90,89,0,0,79,105,79,0,0,0,0,39,0,0,98,100,0,0,0,0,0,605,0,145,44,46,65,0,95,227,0,0,0,28,0,0,0,122,0,66,0,0,117,0,74,240,0,23,0,0,0,0,46,0,0,67,0,54,142,165,0,0,37,0,80,0,0,0,0,62,0,0,0,37,0,34,375,9,0,202,34,0,0,69,46,0,0,0,0,0,0,0,0,23,38,0,46,0,0,129,0,38,0,0,72,0,28,155,0,92,0,336,0,66,198,0,0,65,37,32,59,59,58,231,44,0,0,0,0,0,0,0,115,0,0,0,0,0,1310,0,0,0,0,0,0,290,40,111,0,61,0,0,0,56,0,314,98,44,0,200,10,0,102,24,0,0,32,0,0,0,36,0,0,0,231,147,0,0,0,44,0,111,0,0,0,56,0,0,991,11,0,284,102,93,0,175,0,129,68,0,181,0,0,0,46,0,0,61,31,138,0,0,0,0,26,40,0,0,606,67,0,0,0,319,0,61,86,115,28,0,0,0,86,103,0,0,66,0,0,92,0,88,81,0,51,86,213,0,0,0,41,0,0,0,100,0,183,301,0,36,0,138,44,0,86,65,0,92,234,70,0,73,0,0,74,0,0,0,0,0,0,67,81,0,0,334,32,0,60,0,0,52,0,0,0,48,78,0,25,0,106,36,27,0,0,50,271,89,0,0,89,0,0,0,0,0,0,62,189,41,79,0,0,43,0,0,0,0,0,0,0,109,119,0,0,0,0,41,40,0,130,34,0,239,0,0,87,0,34,0,40,68,113,0,0,29,31,69,0,0,0,449,0,0,0,162,140,69,0,0,121,165,65,149,0,0,137,58,389,43,136,0,0,105,328,0,0,64,32,133,45,0,0,0,182,0,86,0,0,58,0,0,0,0,54,316,0,0,76,31,63,0,176,0,0,99,57,0,145,0,72,0,73,0,68,152,0,121,46,148,58,0,0,0,29,0,0,89,0,0,0,0,26,76,141,0,71,0,0,73,0,0,0,0,65,0,41,236,55,0,0,0,0,0,0,115,135,34,0,144,0,0,0,44,55,0,0,0,0,181,0,0,32,58,0,0,26,91,0,0,175,0,0,103,65,75,57,30,0,0,0,0,0,144,0,0,0,0,0,0,0,0,0,199,0,55,38,70,54,0,47,0,0,0,78,30,218,0,0,0,0,0,0,0,52,0,245,0,0,77,43,145,0,27,0,128,34,0,0,64,0,40,0,0,152,84,0,24,0,0,0,0,0,0,0,0,69,0,33,0,0,0,0,80,40,0,0,0,30,0,48,77,0,0,149,0,208,0,47,0,0,0,0,28,0,44,0,30,0,49,0,0,0,184,0,0,0,0,33,0,35,0,23,0,43,91,605,333,0,39,99,152,73,0,74,0,25,0,0,0,0,71,38,67,42,0,0,0,0,0,93,168,0,0,0,0,413,0,60,42,114,0,0,0,0,0,70,125,0,154,32,0,48,0,0,0,0,0,35,0,277,0,0,0,103,0,0,52,0,0,115,0,114,0,0,73,0,824,0,0,74,0,66,0,0,0,111,65,0,0,53,0,82,0,0,96,0,112,0,0,0,101,0,0,0,47,0,0,32,0,0,118,0,23,0,0,131,0,43,0,0,0,0,0,0,0,33,0,83,17,0,45,18,60,34,0,0,0,251,0,0,0,0,0,0,0,66,221,0,27,81,87,0,93,0,0,0,0,0,0,0,89,0,0,20,0
187,0,58,48,168,156,266,134,19,224,37,761,55,124,98,542,903,245,82,172,66,797,174,243,145,419,62,102,299,166,92,70,301,0,161,610,709,24,203,1116,333,229,159,97,611,43,202,141,831,73,772,210,275,391,70,492,113,0,0,92,46,453,162,946,125,131,434,84,111,55,1077,0,71,87,35,659,470,0,1521,63,607,87,129,153,1056,96,121,75,173,85,605,176,245,213,406,110,144,0,254,132,0,63,110,633,109,94,224,91,275,294,573,176,189,339,545,166,146,437,130,55,1097,74,702,175,29,114,116,59,386,59,372,39,1139,61,146,250,541,317,184,147,346,184,488,688,0,84,201,218,140,498,31,130,452,161,328,430,69,295,102,879,893,165,112,219,242,211,221,81,417,812,541,515,129,241,99,290,88,127,555,220,92,694,40,108,155,209,188,1269,793,0,41,41,367,170,402,80,140,105,65,455,70,243,300,75,812,123,149,116,103,463,619,348,168,245,98,355,194,356,58,104,204,878,156,69,1003,64,67,463,1190,77,398,81,63,118,81,0,116,149,479,213,0,460,124,197,142,0,663,49,124,40,161,169,978,91,627,217,221,35,150,320,1144,590,239,52,145,41,90,1217,264,1295,113,109,511,1017,350,219,344,75,2498,660,375,57,276,734,204,248,191,1211,7446,378,247,86,530,54,95,296,62,223,386,173,88,80,121,136,65,719,558,460,0,246,197,1151,338,0,30,133,211,573,169,126,104,81,63,174,623,218,137,768,0,111,992,0,249,246,160,186,52,0,57,198,56,227,61,222,418,102,57,65,271,3181,666,256,125,664,1171,46,191,215,811,602,163,312,232,56,388,447,1057,421,152,89,441,130,202,97,258,232,441,0,0,510,127,98,291,129,93,1738,229,330,279,61,67,103,1902,61,319,177,1513,108,407,592,0,95,560,0,0,367,157,96,222,0,218,42,289,101,0,0,646,260,693,622,52,301,226,94,278,209,260,144,439,119,0,79,92,46,337,67,95,155,80,402,38,60,905,372,400,196,741,141,110,109,98,0,408,69,200,69,225,155,54,88,480,51,431,506,83,157,43,201,63,91,89,61,767,231,199,174,548,980,312,261,360,114,452,545,255,41,53,315,284,858,602,163,67,695,110,187,616,494,434,111,0,299,104,2107,178,166,844,357,231,0,147,78,69,96,51,47,620,261,190,395,315,67,560,407,137,61,155,163,618,76,195,75,34,28,156,244,99,47,0,418,88,353,811,68,100,0,293,58,204,476,534,170,87,127,132,120,128,124,141,116,432,634,10,174,213,467,148,50,58,146,340,574,70,0,59,101,28,525,91,170,501,725,294,53,884,79,597,1228,237,99,94,989,0,219,81,39,44,358,41,200,97,50,172,201,123,317,260,220,230,257,0,91,826,1048,303,75,229,225,38,165,73,107,29,71,153,91,117,171,0,312,252,0,54,65,58,112,156,188,79,0,57,43,513,0,78,642,74,255,100,1040,797,104,0,192,1472,31,297,103,192,240,244,108,189,0,56,735,162,254,104,145,1051,91,253,112,465,144,139,165,991,113,77,63,230,326,586,75,127,67,229,0,403,89,156,0,201,120,317,62,541,0,87,217,0,354,321,137,87,306,277,129,80,431,450,52,39,53,50,84,892,338,449,203,189,2625,674,442,374,305,0,0,359,228,79,156,365,58,0,106,708,181,329,173,2960,374,0,266,102,0,516,0,78,236,88,34,395,100,35,84,0,87,95,324,81,99,72,371,0,194,63,404,413,209,265,87,48,557,161,44,113,221,300,119,397,91,58,29,416,307,251,763,0,0,138,127,41,126,0,121,104,187,132,127,136,70,406,140,311,278,467,34,119,75,787,259,167,876,83,97,139,287,352,0,591,63,108,108,214,98,65,572,674,38,95,127,45,0,211,250,88,35,0,74,614,52,657,147,0,242,144,99,339,89,565,117,37,0,2235,905,163,568,55,160,78,715,146,269,103,0,74,107,54,101,60,107,894,294,130,67,0,187,159,234,311,89,195,256,0,323,37,130,138,680,64,223,284,229,928,65,59,173,201,507,0,203,0,67,99,682,805,640,200,138,254,152,108,989,460,285,523,53,480,532,129,119,39,258,307,64,84,251,143,94,90,78,168,102,200,260,180,56,114,322,72,320,0,375,57,132,132,121,266,27,65,372,89,0,79,107,1173,60,124,105,125,116,376,82,108,333,168,1132,62,51,0,310,405,46,43,928,116,0,200,346,64,37,128,315,1009,54,1290,60,3373,363,110,153,157,28,83,0,0,156,84,99,458,66,63,294,195,268,796,318,95,291,0,143,87,803,1325,385,249,113,73,114,121,158,132,0,1202,247,72,47,68,317,86,62,163,565,0,202,1085,185,287,68,132,335,288,150,95,585,257,0,243,0,224,242,743,0,264,428,311,407,0,1128,183,165,252,428,2476,548,292,72,757,255,131,926,50,73,127,163,36,107,0,264,0,211,1022,105,42,66,201,163,211,379,95,292,162,107,122,66,54,0,135,104,443,28,84,115,190,110,0,313,303,629,195,457,41,173,2028,115,0,995,162,364,503,175,199,0,94,222,176,507,0,41,253,1496,41,75,82,261,417,48,169,91,63,67,78,55,231,989,143,205,118,133,439,333,431,37,139,243,646,115,59,101,299,591,675,220,327,58,614,80,225,63,142,158,493,50,222,723,343,65,208,0,0,63,197,569,1369,142,63,433,96,1307,482,0,561,274,62,169,0,47,40,128,184,110,222,28,115,299,45,59,1438,0,82,107,127,115,203,90,81,230,117,96,113,109,43,52,86,37,0,540,0,0,191,416,42,196,140,0,0,171,104,222,39,127,142,63,72,42,197,0,103,44,84,55,277,0,121,52,0,209,0,64,179,41,204,83,0,163,62,521,564,233,0,108,0,68,441,115,86,57,475,161,85,38,238,0,31,81,104,36,271,217,116,226,0,0,197,71,115,183,58,725,81,50,76,253,156,101,572,118,66,48,70,64,332,68,49,579,229,66,789,76,35,2068,132,131,0,144,94,103,1360,0,133,214,51,212,68,223,190,0,25,59,190,34,88,453,51,79,54,113,94,217,30,195,236,83,65,72,88,87,122,80,123,177,48,0,80,2463,750,57,677,0,105,202,554,71,106,147,77,430,119,85,131,69,0,428,87,173,170,697,0,539,183,0,385,42,0,73,74,0,334,139,57,301,278,401,113,525,67,434,52,99,237,15,47,312,105,88,209,131,26,105,190,219,438,65,215,134,0,1063,310,104,180,270,70,81,181,91,0,426,0,0,272,0,73,63,503,56,101,225,104,207,56,350,144,258,302,218,0,233,174,0,68,87,77,71,68,81,107,150,38,277,206,171,565,52,161,74,37,468,104,138,35,794,515,329,106,145,165,128,15,92,221,117,308,496,52,0,79,227,136,181,92,100,29,79,19,29,168,782,256,49,79,139,0,632,41,95,330,89,45,220,0,0,0,192,187,0,405,187,69,81,117,0,53,263,82,145,0,649,221,130,49,554,294,89,89,232,145,206,0,45,164,618,16,382,41,143,171,131,64,59,168,684,192,87,224,1384,0,0,287,129,76,178,230,413,50,105,125,29,134,38,46,533,0,65,715,0,252,142,99,124,256,0,66,73,171,48,418,100,186,31,102,43,212,54,118,780,625,69,51,77,198,122,153,0,294,185,83,59,0,49,846,84,173,145,52,91,121,55,298,479,109,163,232,106,233,51,38,172,117,139,309,315,75,239,391,192,91,124,235,1074,73,55,132,111,563,0,136,0,19,0,1480,144,36,90,50,331,322,222,64,345,41,402,0,708,0,0,0,997,154,1507,201,192,77,51,371,230,174,303,41,351,59,304,82,175,356,0,80,70,126,48,135,0,141,659,0,0,1600,129,0,67,335,165,0,137,230,139,57,83,24,64,56,386,301,397,939,211,237,246,0,48,155,70,96,610,0,91,0,0,0,506,35,68,156,953,0,421,45,45,63,91,468,525,234,381,190,63,691,90,1454,12,108,50,207,65,378,154,175,108,201,40,30,105,0,53,0,116,62,75,1045,164,116,0,0,34,74,53,337,0,933,39,206,262,0,71,112,151,0,457,248,42,146,0,72,92,109,130,0,253,117,145,121,24,92,150,87,44,224,0,0,416,0,167,0,139,161,396,437,102,291,137,109,0,34,89,264,271,205,189,402,55,141,121,0,55,24,67,155,78,0,88,191,166,262,475,145,124,87,107,62,0,0,133,86,124,157,629,64,98,179,74,105,1026,122,85,142,315,38,461,156,42,45,97,605,109,72,0,444,58,121,47,51,36,186,131,361,37,44,0,246,157,210,326,297,201,41,22,173,376,0,0,200,129,52,36,94,94,292,437,76,141,204,41,32,1287,0,64,502,87,0,0,51,104,138,0,1011,245,934,0,182,100,85,0,33,422,65,230,257,62,214,278,150,243,1116,218,163,31,90,94,253,395,411,116,129,659,0,37,255,85,429,73,396,262,72,35,28,70,72,364,485,307,704,0,32,151,49,58,0,272,43,0,246,13,283,0,69,524,77,47,15,0,136,208,78,101,298,84,411,31,63,71,749,166,67,0,57,407,1149,49,164,37,73,0,0,295,115,334,593,189,280,204,304,70,71,0,36,215,131,604,0,108,0,168,210,118,320,0,55,140,31,259,0,392,34,154,74,136,46,35,281,312,56,0,123,424,143,128,0,412,35,64,0,20,0,16,392,135,117,245,893,36,21,134,29,42,154,87,127,43,110,323,74,284,108,0,206,140,61,256,44,81,52,149,127,201,123,355,0,72,743,147,105,84,119,0,86,32,0,59,55,0,0,150,172,0,344,216,35,0,0,326,34,0,0,36,0,228,194,123,153,211,0,0,96,0,204,131,189,789,252,724,222,0,0,34,0,88,220,26,48,198,269,1120,99,188,165,197,376,37,163,0,60,78,0,65,0,0,91,52,316,826,0,164,229,0,147,0,38,63,104,0,97,509,114,121,145,83,272,94,0,176,93,88,98,83,386,0,189,69,0,229,91,0,201,348,115,311,237,68,116,176,103,118,0,152,197,0,206,83,0,393,244,106,115,0,52,0,1053,0,155,101,47,109,19,170,208,72,0,111,0,66,51,0,270,0,118,55,38,807,106,123,681,109,100,0,97,116,0,122,37,149,263,172,107,279,213,19,22,101,128,140,77,114,49,0,121,0,128,0,228,0,93,446,0,0,267,237,0,256,232,293,52,0,135,39,0,33,0,0,222,36,155,314,0,288,126,0,84,0,0,153,37,167,127,119,244,88,420,44,117,243,0,176,147,55,202,181,412,167,308,298,0,0,170,137,69,0,53,293,29,38,127,141,136,1571,118,23,94,113,64,152,311,147,472,116,202,84,69,0,186,0,454,167,218,50,514,0,0,101,96,171,60,0,0,44,222,111,0,205,0,485,241,0,0,0,46,0,153,76,31,0,0,0,47,2809,0,0,1059,177,156,0,222,29,242,151,0,541,153,0,44,136,0,0,231,65,488,110,111,92,0,0,40,65,0,623,183,0,0,0,840,0,206,221,333,174,34,30,45,181,309,63,0,385,0,41,48,75,483,177,448,87,203,379,35,70,73,139,63,0,97,150,45,473,175,47,99,23,298,147,35,124,63,56,243,265,105,57,188,58,96,131,0,64,94,77,0,0,239,207,144,65,525,97,0,215,0,0,164,362,0,64,197,165,90,0,0,274,47,79,0,0,79,1645,232,0,0,352,63,48,18,135,361,75,114,194,132,67,0,167,207,96,0,0,46,39,75,0,122,276,94,57,0,28,62,0,64,204,50,0,629,0,0,144,38,99,49,116,87,220,247,0,86,38,34,134,52,50,1228,85,25,0,416,189,113,69,28,138,386,150,211,0,0,1282,81,377,48,316,94,260,206,327,0,61,118,41,202,47,50,39,52,396,0,265,0,0,71,0,291,0,49,66,733,0,65,354,147,165,81,606,0,80,46,121,0,886,0,336,112,121,37,118,374,0,129,48,306,79,58,0,0,77,56,0,160,97,92,156,41,139,119,320,0,99,64,51,119,0,0,91,41,210,16,97,415,448,0,195,0,25,0,54,287,465,118,55,163,0,49,0,147,102,218,0,24,175,320,0,43,0,291,90,0,141,224,45,0,256,155,173,293,209,292,205,117,0,92,0,0,35,226,38,74,53,0,174,96,60,34,0,455,0,181,146,126,55,201,119,73,0,0,612,122,333,28,147,65,0,121,109,0,71,154,225,184,71,192,147,279,0,151,0,342,59,71,42,71,92,55,55,67,188,184,49,67,36,24,185,200,0,0,66,59,786,114,56,0,43,74,123,128,121,81,92,112,50,86,148,473,47,0,487,117,285,94,109,78,77,0,32,483,0,149,0,62,35,121,64,0,40,367,60,0,51,65,126,77,142,42,88,0,134,296,739,1192,47,234,121,297,459,96,378,50,215,86,122,62,200,112,347,115,100,66,0,126,110,0,170,240,0,124,144,232,558,65,249,70,157,55,40,0,81,47,192,150,0,1716,148,0,494,0,0,121,149,0,66,98,317,35,0,110,120,29,0,185,65,0,200,0,192,0,193,329,214,1089,104,0,327,58,425,0,209,0,276,74,40,0,390,70,145,23,0,169,0,188,407,0,45,176,85,480,399,130,36,67,78,39,0,955,291,28,51,103,0,79,124,32,0,68,0,114,58,122,0,0,244,41,0,352,146,130,188,44,81,0,1038,0,34,0,0,0,0,0,86,281,0,158,55,334,51,118,85,23,33,153,105,64,24,172,713,65,48,91
188,0,0,0,33,0,120,58,0,30,0,214,0,0,0,277,659,278,30,34,0,266,55,0,104,184,0,0,46,0,0,26,55,0,62,74,144,0,73,218,275,77,34,36,124,0,132,79,147,0,187,66,107,99,0,204,73,0,0,40,0,166,77,409,0,97,172,71,0,0,311,0,70,0,34,448,39,39,544,77,36,34,0,251,59,64,30,0,0,45,281,127,41,79,124,41,78,0,0,74,0,40,0,49,0,39,83,74,193,75,141,45,40,186,224,137,47,255,0,28,0,78,474,0,41,0,0,15,48,68,306,0,228,0,174,76,168,127,155,139,107,0,106,666,0,0,115,0,117,0,0,29,87,66,154,97,0,155,0,49,194,50,0,106,59,76,0,82,169,151,221,126,51,55,23,0,0,126,190,61,0,326,0,66,0,94,68,208,370,0,0,0,76,51,241,70,134,38,0,77,52,81,102,48,281,44,16,0,33,241,0,109,0,65,0,232,85,112,40,0,158,272,0,0,221,28,0,99,251,28,98,58,0,54,38,0,58,50,403,0,35,0,0,53,73,0,0,0,0,0,44,0,248,77,239,0,108,0,0,0,198,291,141,49,93,0,0,512,47,488,0,0,219,242,135,70,102,0,846,606,81,0,97,168,145,115,83,315,2619,127,121,67,163,0,0,53,0,64,0,79,0,57,167,38,0,315,389,92,37,150,176,1059,110,0,0,70,86,300,56,54,32,32,0,88,115,78,0,274,0,35,786,0,106,222,125,99,20,36,63,80,29,165,16,78,315,33,0,27,169,1054,183,168,47,415,516,42,68,87,437,298,106,61,314,47,70,334,267,216,104,86,216,89,0,102,125,285,281,0,0,195,120,76,89,0,63,421,0,129,198,0,93,75,654,94,80,64,641,79,161,357,0,38,83,0,59,142,37,73,45,58,364,18,108,0,0,0,295,136,653,387,44,220,82,71,0,78,259,154,273,59,20,0,84,55,134,0,44,88,0,163,33,48,461,139,244,201,315,95,56,79,53,0,211,0,180,0,100,0,16,57,200,19,286,320,61,52,0,79,0,0,0,36,358,262,69,90,405,206,207,309,117,94,402,441,226,0,0,157,228,71,293,159,26,397,89,64,313,235,416,83,0,155,68,928,249,163,358,189,69,0,142,0,0,65,61,0,280,103,133,135,201,70,277,462,172,0,59,86,344,31,59,0,0,0,204,85,52,0,0,206,65,162,643,30,0,0,269,109,75,214,177,145,23,52,43,122,44,82,52,68,273,765,0,33,113,352,107,59,0,133,256,53,79,0,0,0,0,125,0,63,263,237,188,0,599,0,232,691,80,42,58,1353,0,84,26,34,38,221,60,102,94,54,118,0,27,263,72,185,76,47,0,39,110,211,124,0,0,139,0,111,0,22,0,49,78,0,111,88,0,262,192,0,0,67,0,0,124,153,0,0,39,0,205,0,0,540,0,80,0,371,164,59,0,179,685,0,135,110,99,269,73,89,113,0,43,175,127,157,39,114,808,61,153,0,410,155,95,107,211,53,33,45,119,214,246,0,40,69,362,0,186,0,144,0,104,60,289,26,618,0,25,27,0,184,75,57,90,42,44,139,68,439,185,0,0,43,0,83,131,247,485,101,159,1148,193,357,162,263,0,0,74,61,59,43,98,0,0,71,545,107,235,42,668,156,0,143,82,0,320,0,7,129,31,50,63,0,0,91,36,0,29,277,49,111,0,67,0,136,0,154,178,223,97,83,0,405,0,48,98,92,293,66,221,54,36,26,117,85,167,311,0,0,77,0,0,93,0,89,111,0,188,82,51,75,425,156,356,48,376,0,0,26,214,340,57,299,48,98,0,68,125,0,225,75,117,0,0,95,0,128,435,0,0,85,0,0,187,242,0,0,0,78,382,46,583,106,0,83,0,80,117,0,188,0,0,0,1531,112,0,454,68,0,42,0,0,73,23,0,56,42,12,0,29,46,330,298,72,50,0,48,100,178,266,52,51,179,0,205,0,67,102,151,0,80,210,280,637,70,71,56,187,453,0,68,0,96,92,579,595,682,257,100,171,49,96,886,162,88,187,0,159,396,118,60,99,111,84,104,103,127,34,95,82,37,93,67,207,246,302,43,43,187,108,284,58,101,49,75,119,151,211,45,222,318,115,0,167,87,758,59,109,194,79,205,558,242,0,201,207,275,79,79,0,606,146,122,33,739,109,20,101,452,0,25,304,85,1261,143,1078,39,1231,270,76,35,37,65,90,37,0,167,247,60,228,33,41,603,180,97,527,125,0,71,0,310,71,205,1620,583,55,287,0,112,132,90,141,0,377,168,161,49,23,250,96,151,109,444,0,467,1397,263,473,98,369,195,95,45,489,109,168,0,86,0,233,91,454,0,131,207,299,264,0,570,219,141,264,689,831,169,762,28,219,306,99,258,69,128,53,171,41,102,0,269,0,63,605,81,90,0,149,126,122,574,99,236,65,125,148,148,0,82,184,68,362,0,106,167,109,27,0,101,70,399,230,810,65,140,779,146,34,585,148,191,544,105,90,0,79,326,87,349,0,19,422,1411,0,0,56,233,231,0,173,0,139,24,100,55,55,425,179,119,146,242,391,319,213,0,150,73,535,117,71,211,450,550,567,106,243,64,442,202,145,38,67,274,613,33,156,560,368,55,53,99,0,33,69,506,906,63,70,281,62,628,490,0,618,65,76,82,26,219,37,46,79,149,226,83,59,132,71,30,1014,84,89,274,390,62,91,189,41,249,167,52,60,162,31,56,91,0,53,380,0,23,65,340,63,75,116,53,0,95,95,185,52,106,194,28,206,56,169,50,45,30,69,97,183,29,262,45,43,131,40,136,345,51,103,43,0,75,45,336,453,418,57,73,0,81,581,135,115,0,302,118,101,60,129,80,25,41,162,33,141,208,95,217,0,0,139,119,65,226,61,499,187,38,109,372,72,118,359,253,56,82,142,67,86,99,35,798,294,103,551,58,0,3337,84,344,0,266,123,56,736,23,71,342,50,96,59,232,239,53,33,130,220,0,73,261,70,93,52,352,48,127,72,486,158,73,53,49,54,142,63,74,125,460,0,0,84,1867,816,67,836,101,62,163,241,77,43,158,21,594,86,113,97,90,0,603,63,270,196,1040,34,1079,299,0,450,56,25,0,50,35,546,343,49,144,138,523,81,455,0,535,0,252,301,0,91,219,201,101,236,130,41,253,156,137,161,90,201,379,0,1067,658,224,356,545,145,74,429,77,0,536,0,0,173,0,63,49,310,57,174,335,151,117,0,210,109,210,125,282,40,349,188,47,57,173,142,216,44,62,125,262,52,236,241,179,614,127,132,58,39,314,62,142,90,427,441,393,217,88,97,66,0,83,268,55,198,930,73,0,121,576,46,121,79,77,59,143,0,0,328,499,188,0,0,165,181,233,59,211,228,59,144,690,0,23,43,159,140,63,117,96,101,47,101,0,48,287,66,161,0,458,145,85,0,114,535,74,75,209,158,140,0,107,0,1101,24,376,55,73,202,347,0,118,132,437,173,39,149,1218,63,0,215,220,61,193,215,616,33,232,98,230,117,102,0,191,0,116,1357,0,200,190,93,31,237,70,81,92,161,82,87,62,106,0,78,104,237,0,0,179,472,193,42,161,128,127,137,0,252,296,112,50,167,159,731,0,91,151,116,103,218,0,554,369,248,278,92,94,143,36,52,112,83,170,217,260,77,237,510,167,127,81,228,638,0,45,126,193,391,63,115,0,0,87,861,103,144,61,0,844,165,210,120,256,28,201,99,702,0,51,0,589,69,1360,230,174,68,0,92,311,103,213,78,88,57,72,196,140,489,70,179,31,0,57,118,0,464,182,0,0,959,86,0,78,313,156,89,118,211,105,115,55,52,129,83,241,159,503,829,154,182,281,0,94,183,48,158,693,0,55,126,0,112,284,0,0,0,589,80,857,71,57,86,38,620,340,263,267,121,73,963,112,848,0,64,0,102,0,164,94,76,195,184,122,36,98,69,84,24,94,33,86,807,152,87,0,0,0,59,139,401,28,1577,39,186,148,0,102,115,51,0,313,85,0,122,126,63,254,234,166,31,356,139,165,72,0,197,132,155,60,292,38,0,901,0,129,72,272,158,418,246,60,191,100,94,0,89,103,262,241,114,226,279,83,121,63,54,46,54,50,96,62,0,178,114,186,149,288,126,75,182,117,31,0,48,141,49,188,92,656,104,141,139,100,51,830,77,122,114,323,0,584,289,0,84,61,245,310,194,0,350,103,189,0,92,0,234,287,460,48,53,0,159,98,210,157,324,155,41,0,123,483,47,0,183,176,0,38,118,56,313,414,91,204,110,49,0,753,64,69,1160,101,85,28,39,147,131,0,363,256,744,0,133,111,135,22,48,256,97,280,148,159,123,231,149,141,528,430,256,0,40,71,124,664,337,174,141,430,48,58,299,168,201,0,429,323,115,68,0,37,115,284,413,417,490,110,0,187,77,0,0,167,0,0,195,0,432,0,81,521,50,36,0,0,77,278,93,0,451,175,409,371,35,51,402,109,50,39,69,431,1106,0,91,0,82,49,0,316,172,316,661,165,211,226,171,78,34,0,42,375,136,412,0,108,73,267,223,163,263,49,61,347,0,303,0,200,0,118,37,172,48,42,187,520,0,0,130,803,181,121,0,1789,0,67,0,0,0,0,477,134,119,182,924,41,16,76,35,95,372,194,189,65,58,161,49,129,220,78,298,813,111,383,98,139,119,320,155,338,197,878,188,77,1273,449,407,185,270,213,239,90,109,84,130,58,190,149,212,175,642,355,83,123,33,453,670,115,0,170,70,277,331,133,261,443,0,43,117,0,317,154,310,1132,358,801,252,0,46,80,61,107,195,113,58,260,375,1872,254,381,241,334,375,58,176,0,0,147,135,177,39,155,190,47,985,1111,0,230,338,95,201,0,61,147,80,747,165,716,77,177,238,122,350,424,0,319,226,103,137,120,567,94,242,110,0,375,157,70,209,534,152,683,492,100,133,272,159,106,54,365,342,17,380,129,0,328,272,116,150,351,87,41,2239,44,525,138,140,102,139,302,334,100,61,115,67,112,119,175,637,66,182,85,77,1254,151,293,1141,149,210,0,125,160,44,157,0,246,329,233,672,685,252,26,49,200,141,165,178,277,59,60,167,226,204,0,426,132,147,630,56,0,286,244,55,302,345,462,62,135,174,133,90,96,0,64,289,66,179,531,85,593,1054,62,98,35,74,554,49,244,159,144,556,143,472,153,168,364,61,277,249,126,199,351,408,822,433,312,82,65,311,265,103,54,95,412,60,122,184,352,202,2295,147,0,169,209,70,213,419,218,771,126,218,90,169,0,265,45,505,1495,310,68,921,27,0,112,165,198,227,0,0,58,404,247,350,272,135,614,311,31,0,43,50,84,418,155,0,146,144,0,172,2854,50,0,958,177,130,0,565,81,667,177,0,634,272,0,47,417,47,0,579,90,967,386,282,206,75,133,85,56,67,1931,165,66,0,0,695,46,372,276,396,700,58,53,139,183,301,129,47,1447,0,0,80,125,1079,226,446,123,165,771,74,82,75,61,140,0,111,407,88,1369,321,65,99,72,282,166,106,264,112,127,761,659,251,115,139,119,198,114,51,338,153,46,0,0,400,196,267,149,1047,86,0,258,0,25,279,543,29,198,112,606,195,113,0,343,174,206,0,0,651,3486,425,67,0,443,77,133,107,102,442,59,282,234,82,158,171,165,714,98,0,150,69,126,106,92,382,233,195,109,79,32,187,129,430,397,60,84,496,35,100,214,117,119,223,135,203,496,195,102,319,46,57,256,151,205,910,237,0,45,569,199,383,175,156,107,305,110,235,31,154,2190,220,527,135,396,488,347,388,408,0,225,122,129,352,165,279,152,72,2081,0,184,24,110,111,41,1437,0,124,132,2331,33,145,499,219,275,230,1054,71,581,322,104,97,1908,95,925,84,516,82,158,526,72,137,337,226,208,164,53,0,249,200,64,479,389,74,165,28,344,894,311,75,322,133,36,608,51,53,137,136,176,200,140,562,421,99,178,38,54,231,51,201,891,160,138,439,48,60,51,238,149,875,80,71,60,494,67,94,129,267,35,24,205,438,74,49,801,307,107,192,244,232,231,163,41,149,0,0,47,564,54,141,169,0,142,241,0,65,0,1091,74,201,244,306,167,430,288,246,0,32,1379,234,708,91,152,180,51,195,66,43,0,139,586,418,137,498,298,326,40,286,46,190,163,96,76,90,93,51,112,139,596,435,0,227,91,38,341,290,0,0,163,48,1396,170,150,34,76,91,250,134,117,123,93,281,127,92,282,718,110,43,678,124,266,69,172,102,71,0,125,980,0,163,0,99,0,297,138,0,126,192,120,74,68,129,135,170,343,46,122,27,303,616,946,3034,144,222,182,207,898,138,614,64,196,173,259,110,491,296,182,320,148,142,22,147,252,0,551,428,0,146,124,298,652,58,619,186,410,105,100,76,104,153,191,561,45,1989,169,58,1273,55,0,153,126,39,206,52,1095,0,0,89,467,46,26,222,43,0,113,16,281,73,228,270,323,1637,179,60,775,78,419,91,261,0,148,217,32,39,195,131,402,42,56,286,65,548,887,71,50,398,0,638,816,66,73,87,164,60,65,2226,384,29,88,99,291,73,83,0,40,138,72,211,45,192,89,0,151,88,21,235,171,73,352,101,47,57,1076,56,26,50,50,0,0,39,196,1207,30,262,348,562,116,312,178,31,69,251,187,66,0,419,1257,132,63,44
189,0,0,0,38,0,0,20,0,0,0,80,0,0,0,31,0,0,0,0,0,49,0,0,38,0,0,0,0,0,0,0,0,0,56,61,0,0,0,0,95,0,32,0,56,0,22,0,95,0,89,0,44,0,0,88,0,0,0,0,0,0,27,0,0,0,0,0,0,0,38,0,30,0,0,214,68,0,181,0,0,0,0,69,0,0,0,0,0,0,83,0,0,0,0,0,0,0,0,0,0,0,0,59,0,0,0,0,0,0,41,0,45,0,62,44,29,0,15,0,46,0,0,0,0,0,0,0,45,0,122,0,143,0,0,50,56,76,0,0,0,0,0,0,0,0,0,0,0,0,0,0,32,0,0,75,0,0,0,0,42,0,0,0,0,0,0,0,26,76,0,0,0,0,0,0,0,0,67,31,0,0,0,0,0,0,0,270,78,0,0,0,0,0,0,0,0,0,0,39,0,0,0,0,0,0,40,0,0,0,50,0,20,0,0,148,0,0,0,0,34,0,0,0,141,0,0,70,87,0,0,0,0,0,0,0,0,0,90,0,0,0,0,0,0,0,0,0,0,0,0,0,118,0,49,0,0,0,0,0,109,60,98,0,0,0,0,146,0,0,0,0,81,149,35,0,0,0,471,127,0,0,70,78,0,0,0,108,117,0,0,0,95,0,0,0,0,0,0,73,0,0,0,0,0,85,76,131,0,0,0,229,0,0,0,0,0,49,0,0,0,0,0,0,0,0,0,103,0,0,137,0,41,0,0,0,0,0,0,0,0,0,0,0,0,0,0,0,0,288,104,0,0,86,249,0,0,0,178,53,0,28,0,0,45,0,314,105,0,0,66,0,0,0,43,44,0,0,0,0,0,0,24,0,0,94,39,42,0,0,0,0,80,0,0,23,0,0,44,100,0,0,89,0,0,51,0,0,0,0,59,0,0,0,0,0,32,0,59,121,0,56,0,0,0,0,0,0,0,0,0,0,0,0,48,0,0,30,0,54,0,0,60,56,77,0,0,0,0,0,0,0,0,0,0,0,0,0,0,0,81,0,0,71,0,0,0,0,0,0,0,0,0,52,32,0,54,54,50,56,37,0,0,49,0,0,0,0,39,192,0,0,0,75,0,0,90,0,0,0,0,0,0,294,22,28,74,43,0,0,0,0,0,0,0,0,56,0,0,60,0,0,0,0,0,0,0,0,63,0,28,0,0,0,37,0,0,0,0,40,0,0,141,0,0,0,0,0,0,0,0,0,0,0,0,0,0,0,0,0,51,197,0,0,0,0,0,0,0,0,0,110,0,0,0,0,0,0,0,0,41,0,0,0,128,0,0,139,0,0,0,44,0,0,0,0,0,0,0,0,0,0,0,0,0,71,0,0,0,0,0,0,133,181,61,0,39,0,0,0,0,0,0,0,0,0,0,0,0,103,76,0,33,0,0,0,0,55,0,0,0,0,95,0,0,0,0,0,0,0,38,0,0,0,245,0,0,0,0,58,57,0,0,0,0,0,0,0,0,0,106,0,56,0,64,0,0,0,79,0,0,0,0,0,0,0,0,0,32,0,0,0,0,0,0,0,44,0,44,0,0,0,0,0,62,0,0,0,0,35,0,44,57,0,11,0,0,48,60,45,89,0,49,138,60,237,28,0,0,0,42,0,0,0,35,0,0,0,39,41,102,0,261,24,0,56,0,0,47,0,0,47,0,0,0,0,0,0,0,0,0,0,0,0,0,0,0,49,0,0,82,80,0,0,0,0,0,0,0,0,115,7,0,0,0,0,0,33,30,38,0,0,0,0,0,0,0,31,0,0,0,25,0,0,40,42,0,35,57,0,0,0,64,115,11,0,0,0,0,0,0,0,0,0,0,0,0,0,0,100,63,0,0,0,0,0,0,26,0,0,0,0,75,0,67,0,0,53,0,0,0,0,34,0,0,0,212,95,0,128,0,0,0,45,0,0,0,0,0,0,0,0,0,0,0,102,0,0,0,0,0,45,23,0,37,56,0,69,0,0,0,41,0,0,137,78,0,0,0,22,0,95,0,0,0,0,0,59,84,69,95,0,0,0,0,153,0,0,0,0,68,24,38,0,0,0,43,0,0,0,0,0,0,0,0,25,0,0,0,0,0,89,0,36,0,77,0,0,0,0,22,0,0,100,0,0,0,0,29,0,0,0,0,0,0,0,0,41,0,164,0,0,0,33,39,0,0,257,52,0,0,121,0,0,22,0,143,0,355,0,54,79,0,0,36,0,0,0,0,31,0,0,110,0,0,69,0,0,124,107,0,0,0,0,0,124,339,53,43,14,0,21,0,0,0,0,118,0,0,0,0,64,0,0,0,0,0,0,226,0,0,0,0,0,60,0,0,91,0,0,46,0,50,0,102,0,0,41,0,41,0,68,17,0,73,106,133,178,38,0,109,0,0,77,0,0,0,0,0,0,0,18,0,42,187,0,0,0,40,0,0,0,0,0,57,0,0,0,0,0,0,0,0,0,0,0,53,0,0,0,38,64,0,0,0,0,182,0,0,92,0,34,28,0,0,0,0,0,0,104,0,0,0,59,0,0,0,40,88,0,0,0,0,0,0,0,36,63,0,0,0,0,49,0,65,0,0,0,30,0,0,0,0,171,45,20,0,0,177,0,43,0,0,0,57,0,0,0,49,0,52,0,0,0,55,82,379,0,22,111,0,56,0,0,0,0,0,0,0,0,0,0,0,0,0,0,0,0,0,0,127,0,0,0,42,0,0,0,0,36,0,0,0,0,0,0,0,0,0,0,0,0,0,0,0,0,0,0,0,0,0,0,0,0,0,0,0,0,0,0,0,0,0,0,0,0,0,0,0,0,0,0,0,0,0,0,0,0,0,0,0,63,0,0,0,0,0,0,0,0,0,0,0,0,0,0,0,0,0,0,0,0,0,21,0,0,0,0,0,0,0,60,0,0,0,0,0,0,0,39,0,0,0,0,45,0,0,0,0,0,38,0,0,178,0,63,0,0,0,0,33,0,0,0,0,0,0,0,0,0,0,0,0,0,0,26,0,0,0,59,0,0,0,0,27,0,0,0,0,0,0,0,0,48,0,0,0,81,113,0,93,0,0,0,0,0,0,0,0,41,0,0,0,0,0,0,0,0,0,37,0,82,26,0,0,0,0,0,0,0,0,0,0,35,0,0,0,0,0,76,0,0,0,0,0,0,0,0,0,0,0,0,0,0,0,0,0,32,0,119,0,0,0,30,0,0,37,0,0,0,0,0,0,0,0,0,0,0,0,39,0,38,0,69,0,59,0,0,0,0,0,0,0,0,0,34,0,0,0,0,0,0,0,0,70,17,0,0,0,0,0,0,0,50,0,0,0,0,0,0,0,0,0,0,0,0,0,0,0,0,0,0,0,0,0,0,0,0,0,67,0,0,0,0,0,49,0,0,0,0,0,56,0,0,0,78,40,0,23,0,0,0,29,0,0,103,0,0,0,0,76,0,0,0,0,0,0,0,0,0,0,0,0,0,0,50,0,0,0,43,0,0,37,0,0,0,0,263,0,0,0,0,0,0,0,0,0,0,0,0,30,0,0,41,0,29,0,0,71,0,0,0,0,0,0,0,0,0,35,0,0,0,0,0,17,0,0,0,0,0,0,0,0,0,23,0,58,0,0,0,0,0,132,0,0,0,0,0,0,0,0,117,0,0,0,0,99,0,0,0,45,0,29,88,0,40,0,46,0,0,0,231,0,0,0,0,120,0,0,0,0,0,128,0,0,0,0,83,0,45,0,0,0,0,0,145,0,0,0,0,0,0,0,0,0,0,0,72,0,0,0,0,0,0,0,43,0,0,0,0,36,0,0,0,70,0,0,0,303,0,0,0,21,0,0,0,0,0,0,0,0,0,0,120,0,0,132,0,0,0,0,0,0,0,0,0,0,0,0,0,0,0,0,0,33,0,0,50,0,0,0,0,0,58,38,0,0,0,55,0,42,0,0,0,69,0,107,0,0,28,0,0,0,0,0,0,0,0,0,0,0,0,0,0,0,0,0,0,0,0,235,0,0,0,0,0,0,0,0,0,47,0,37,0,0,0,0,0,0,0,0,0,0,0,0,0,0,0,0,0,0,96,0,0,0,0,0,0,0,0,0,0,0,0,0,0,0,85,29,0,34,0,0,0,0,0,0,15,0,0,0,0,0,0,0,69,0,0,48,0,0,0,0,0,0,0,0,0,0,0,21,0,0,0,0,0,0,45,0,95,0,0,0,0,54,0,57,0,0,0,0,0,0,0,0,0,0,0,0,0,25,0,0,0,0,0,0,0,0,39,0,0,0,0,0,0,0,0,0,29,11,0,0,0,0,51,0,0,136,0,0,0,0,0,0,0,67,0,143,0,0,0,0,0,0,89,0,0,0,0,0,0,0,0,119,27,0,0,0,0,0,52,78,19,0,289,0,0,56,38,0,0,0,0,0,0,0,0,0,0,0,0,65,0,0,0,0,0,0,0,0,0,0,0,34,0,0,45,0,0,0,0,0,0,0,0,0,0,0,88,0,0,0,0,0,0,0,49,110,0,27,0,0,0,0,0,0,0,96,0,0,73,0,0,0,0,0,57,0,0,0,0,0,34,0,0,71,0,0,60,0,0,0,53,0,0,0,0,0,0,31,0,0,0,0,171,0,0,0,354,0,0,0,0,0,0,0,0,0,0,31,0,0,0,0,0,78,0,0,0,0,0,0,57,0,0,63,75,0,0,0,0,0,0,0,48,0,0,0,0,57,0,0,0,0,0,0,0,0,0,0,0,0,0,0,0,69,0,0,0,0,79,0,0,0,0,0,19,0,0,0,0,0,0,0,0,0,0,0,0,67,0,48,0,0,0,0,0,0,0,0,23,0,56,0,48,0,0,0,0,0,0,0,0,0,0,0,0,0,0,0,0,0,0,0,0,0,0,0,0,0,0,0,155,0,0,0,0,148,0,0,0,0,0,0,0,0,0,0,0,0,0,0,0,0,0,0,65,36,0,0,0,35,0,0,34,46,0,36,0,0,0,0,0,0,0,0,0,58,0,30,0,0,0,0,0,70,0,0,0,0,0,0,0,60,0,28,0,0,20,0,15,0,0,0,0,0,0,0,0,0,0,0,43,36,0,0,0,0,0,0,34,0,28,0,0,0,0,0,0,35,0,0,30,0,0,0,0,0,0,0,95,0,0,0,0,0,0,0,0,0,0,0,0,0,58,0,0,0,0,0,0,0,0,76,0,0,25,0,0,50,0,0,0,0,0,0,0,0,32,0,0,0,0,78,0,0,0,0,43,0,0,0,0,0,170,0,0,0,0,0,0,67,0,38,0,66,0,0,0,0,0,109,0,0,0,0,0,0,66,0,0,0,0,0,0,19,21,0,0,0,83,25,0,0,0,0,0,0,0,0,0,0,0,0,0,0,0,74,0,0,0,75,0,0,0,0,0,0,0,0,0,0,0,0,0,0,0,0,0,0,0,0,0,0,70,0,0,0,0,0,0,0,39,0,70,0,0,0,0,0,0,0,111,0,0,0,0,63,0,67,0,0,0,0,0,0,44,0,0,0,0,0,145,0,0,0,0,0,0,0,0,0,0,0,0,0,0,0,0,0,0,0,0,0,0,0,0,0,0,0,0,87,0,0,38,0,0,0,0,0,0,37,69,0,0,0,0,0,0,0,0,40,0,0,0,0,0,0,0,0,0,47,0,0,0,0,35,0,0,45,0,0,0,0,0,0,0,0,0,0,0,0,0,0,0,0,0,0,0,95,0,0,45,0,0,0,24,0,0,0,0,0,0,0,0,0,0,129,0,0,0,68,0,27,0,0,0,0,0,0,0,0,37,0,0,0,0,45,0,0,0,0,0,0,0,0,0,0,0,0,118,0,23,0,0,0,0,80,0,0,0,122,0,0,0,0,0,0,0,0,0,33,0,0,62,0,0,0,95,0,0,0,0,0,0,35,0,0,0,0,35,0,0,0,30,0,0,0,0,0,63,0,0,0,0,55,0,0,34,0,43,0,0,0,47,0,0,0,0,0,0,0,0,0,0,25,0,0,0,0,0,76,0,0,0,0,0,0,44,0,0,0,0,39,0,0,37,0,54,34,0,0,0,0,0,0,0,0,0,0,0,0,0,0,0,75,0,0,0,0,0,37,0,105,0,0,0,0,0,0,50,0,44,0,0,32,0,0,0,0,0,0,0,0,0,0,0,0,0,0,0,0,44,0,0,0,0,0,0,0,137,0,0,0,0,0,0,0,0,0,0,0,161,0,0,0,0,0,0,0,0,59,0,0,0,0,0,0,0,0,0,0,0,0,0,0,0,0,0,0,0,0,0,0,0,28,0,0,0,0,0,0,0,0,0,28,0,0,0,0,0,0,88,302,29,0,0,0,40,0,0,0,0,0,0,0,91,0,0,0,0,0,0,0,0,0,96,0,0,0,0,0,0,0,22,0,0,0,0,0,0,0,0,152,0,26,0,0,93,0,0,0,0,0,0,0,248,0,0,0,105,0,0,0,0,0,0,0,0,0,25,35,0,7,0,0,30,0,0,0,0,0,0,0,0,0,0,0,0,0,0,0,0,0,58,0,0,0,0,0,68,0,0,0,0,0,0,0,0,0,0,0,0,0,0,0,0,0,0,0,0,0,0,0,0,0,0,0,0,0,0,0,0,0,102,0,0,0,0,0,0,0,0,66,0,0,68,0,0,0,0,0,0,53,0,0,0,0,352,0,0,0
190,0,0,0,0,0,0,0,0,0,0,29,0,0,0,108,79,61,0,0,0,108,36,0,0,40,0,0,0,0,0,0,0,0,0,0,57,0,0,38,0,0,0,0,0,0,0,0,0,0,41,0,0,0,0,0,0,0,0,0,0,0,0,46,0,0,80,0,0,0,20,0,0,0,0,0,0,0,72,0,0,0,0,0,0,0,0,0,0,0,0,0,32,0,24,0,50,0,0,0,0,0,0,0,0,0,33,0,0,0,0,0,0,53,103,0,0,52,0,0,0,0,106,0,0,21,0,0,0,0,0,0,130,0,0,63,43,38,0,0,85,0,31,137,0,0,32,0,0,0,0,0,0,0,0,0,0,0,0,0,37,22,0,0,0,0,0,0,49,39,50,59,0,0,0,0,0,0,46,0,0,0,0,0,0,0,0,232,0,0,0,0,0,0,0,0,54,0,0,0,0,0,0,0,105,0,0,0,0,0,0,51,0,57,0,0,0,0,0,0,57,43,0,0,103,0,0,0,0,0,29,0,0,0,0,0,0,0,0,0,0,0,0,0,0,0,0,0,0,0,0,0,89,0,117,0,0,0,0,0,0,36,0,0,0,0,0,0,0,0,0,0,102,95,0,0,87,0,505,45,0,0,47,32,0,0,0,170,405,62,0,0,0,0,0,0,0,0,0,0,0,0,0,0,0,0,0,81,0,71,59,98,0,0,0,0,0,0,0,0,0,0,0,0,0,0,0,0,0,0,0,0,0,0,0,0,0,0,0,0,0,0,0,0,0,0,0,0,72,102,0,56,0,0,88,0,0,0,0,86,0,27,77,0,33,0,207,0,0,0,0,0,0,0,0,0,0,0,0,0,0,0,0,0,0,59,35,0,0,0,0,0,0,0,0,0,52,0,0,68,0,0,76,0,0,0,0,0,0,0,0,0,0,0,0,0,0,0,0,0,0,0,0,0,0,55,0,0,0,0,0,0,0,0,0,0,0,0,0,0,0,0,27,0,98,0,0,0,0,0,0,0,0,0,42,0,0,0,0,0,0,0,0,65,0,0,0,0,0,0,0,0,0,0,0,0,0,60,101,0,0,0,0,40,0,0,0,0,37,77,0,0,0,98,0,0,0,0,71,0,0,66,0,242,0,0,0,0,0,0,0,0,0,0,0,0,89,0,0,0,65,0,0,0,0,0,0,0,47,0,0,0,0,0,0,0,0,0,0,0,0,0,0,0,0,0,0,0,0,127,0,0,0,0,0,0,0,0,0,0,0,0,0,0,0,0,14,0,0,0,0,146,0,0,0,0,0,0,0,0,65,0,0,0,159,0,0,170,0,0,0,309,0,0,0,0,0,0,0,0,0,0,0,0,0,78,0,0,0,0,0,0,65,132,0,0,0,0,0,0,0,0,0,0,0,0,98,0,0,95,0,0,0,0,0,0,42,0,0,0,0,0,0,0,0,181,0,0,0,30,0,0,0,86,208,0,0,47,0,33,0,0,0,0,0,45,76,0,0,22,0,0,0,0,103,0,78,0,0,0,0,45,0,0,0,0,0,0,47,0,39,0,21,0,0,0,72,0,157,0,0,0,0,0,0,0,0,0,0,0,0,195,23,0,0,0,0,30,78,0,162,0,59,177,0,183,0,0,0,0,0,0,0,0,0,0,0,0,265,0,116,0,444,0,0,0,0,0,0,0,0,0,0,0,0,0,0,45,0,0,0,0,0,21,0,32,0,0,0,0,22,94,0,0,0,146,0,0,0,0,77,0,53,0,0,0,56,0,12,111,0,0,0,0,0,0,0,52,70,0,0,0,0,0,241,27,72,0,0,0,0,0,73,82,0,0,0,0,0,0,0,0,103,16,0,0,0,0,0,41,222,0,0,0,0,0,0,0,0,0,0,43,0,0,0,0,0,0,0,0,50,0,0,0,0,0,0,103,0,93,0,0,0,68,0,0,0,0,0,0,0,0,0,0,0,169,0,0,0,0,35,0,154,0,0,0,0,0,0,0,0,65,0,45,161,32,0,0,0,0,0,0,0,0,0,0,0,0,33,64,38,30,37,0,30,380,0,0,0,0,0,0,0,0,0,0,0,0,0,0,24,0,0,0,0,0,0,50,56,0,0,32,0,104,0,141,0,0,0,0,28,0,38,0,65,0,0,0,70,0,0,0,0,0,78,44,0,0,0,57,0,32,0,0,0,0,0,162,0,0,0,83,0,0,0,38,79,0,72,0,254,0,0,48,0,0,0,0,0,0,0,0,37,0,0,50,35,50,223,225,0,0,0,7,0,51,133,192,0,0,0,0,0,0,0,0,104,0,0,0,0,0,0,0,0,25,0,0,694,0,85,0,55,0,0,0,88,0,0,0,0,0,0,0,222,0,0,51,84,0,0,181,28,0,51,341,268,67,224,0,23,0,0,55,0,0,0,0,0,0,0,0,0,0,133,0,0,45,28,0,0,150,52,101,121,29,0,27,0,0,0,0,27,0,0,0,62,0,0,43,0,0,0,51,0,0,183,53,0,99,0,44,60,0,0,0,0,38,0,127,0,0,0,246,0,0,0,106,0,0,0,0,0,0,0,0,0,55,0,0,44,0,96,0,0,0,0,0,68,0,0,0,137,73,187,0,53,0,0,36,0,0,0,0,0,0,0,124,67,0,0,0,0,0,0,128,205,0,0,0,0,82,63,0,64,0,0,0,0,0,0,0,0,0,125,0,0,0,0,0,297,0,0,53,84,0,0,0,0,73,53,0,0,0,0,0,0,0,0,59,0,0,0,54,65,0,0,0,0,0,0,64,0,0,0,0,0,0,16,0,0,0,0,0,0,0,0,0,0,0,0,0,50,0,71,0,0,0,0,35,52,105,0,0,0,0,0,0,0,0,43,0,0,0,0,0,0,0,0,0,0,0,0,36,0,0,0,0,0,70,0,152,0,0,0,0,0,0,97,136,0,0,100,0,0,0,0,106,46,0,46,0,0,638,0,53,0,0,0,0,0,0,0,44,0,66,0,0,34,0,0,0,61,0,0,0,0,0,0,0,0,0,0,0,67,0,0,0,0,0,0,0,31,78,0,0,0,260,256,0,115,0,0,49,74,0,0,0,0,87,0,0,0,55,0,180,0,0,68,217,0,215,0,0,78,0,0,0,0,0,83,57,22,0,0,94,0,89,0,152,0,29,90,0,0,49,0,0,0,49,0,0,0,0,0,0,52,0,0,148,0,33,0,58,23,0,88,22,0,0,0,0,0,0,0,0,58,0,0,54,0,37,0,95,0,58,0,0,0,56,76,0,0,0,0,0,0,0,35,0,0,0,0,0,119,0,0,0,0,103,0,0,0,121,91,59,0,0,0,0,0,0,0,0,0,81,0,0,0,0,0,0,66,0,8,39,0,0,76,57,54,0,0,61,36,0,0,0,0,0,0,124,0,0,0,20,0,0,0,48,12,0,0,0,0,0,0,125,0,152,26,0,0,37,177,0,0,80,25,100,0,0,0,312,0,278,0,0,0,0,0,0,0,196,0,0,132,248,0,0,55,0,0,0,146,69,0,27,62,35,45,0,0,28,0,0,127,0,0,0,0,0,0,0,0,0,41,0,0,0,0,0,27,0,0,0,0,65,183,0,0,0,44,0,0,0,57,28,0,0,0,0,239,0,0,0,0,0,43,0,106,0,0,57,73,22,51,0,0,0,0,0,79,80,19,49,52,21,0,0,0,0,0,0,41,0,44,0,0,0,0,0,102,0,18,0,0,185,20,0,0,0,0,138,0,90,0,0,0,43,0,290,0,0,32,0,36,59,0,98,0,28,0,0,0,0,54,0,0,0,77,0,39,0,0,104,0,0,121,0,0,0,0,0,0,0,50,31,0,0,0,21,0,0,0,88,152,0,85,24,0,0,38,0,0,61,0,0,0,0,0,193,0,0,42,42,0,74,0,0,0,0,46,179,57,0,0,0,117,0,669,0,0,0,144,0,59,0,0,32,61,0,0,0,0,0,0,37,0,0,306,56,0,0,0,0,0,25,0,0,105,0,0,82,0,0,52,39,0,194,73,0,0,0,0,0,0,0,0,89,42,0,0,0,0,0,0,0,0,0,0,0,0,0,0,85,0,115,0,0,0,0,0,0,0,0,0,40,24,0,38,0,0,0,0,0,0,0,0,0,0,0,0,79,0,0,39,17,0,0,0,0,0,0,0,40,0,105,0,0,0,0,0,99,0,0,61,157,0,135,39,0,0,0,85,40,0,0,128,0,40,0,0,0,59,90,76,0,0,0,91,0,0,22,90,0,0,0,0,0,0,0,0,0,0,0,0,0,0,0,0,0,0,0,0,107,0,0,87,49,0,0,0,0,0,0,119,129,0,0,0,0,0,0,0,0,0,40,40,0,20,0,34,0,313,58,0,0,0,0,73,119,0,0,0,125,0,0,0,0,210,0,0,0,0,9,0,0,0,156,0,0,47,0,0,35,0,0,0,0,0,0,0,0,0,0,17,142,0,0,0,0,0,33,0,0,0,0,43,0,0,0,269,0,0,0,0,58,122,0,0,0,0,15,0,0,0,84,0,41,0,0,126,0,0,0,0,0,0,130,0,0,0,0,43,0,0,0,0,0,0,0,0,67,0,0,0,0,0,0,0,102,0,0,0,146,0,28,0,0,0,0,0,0,0,0,85,0,0,38,91,0,0,0,0,0,0,0,64,0,0,100,0,0,30,0,28,130,0,0,0,0,0,45,0,27,32,69,0,0,132,31,0,0,73,56,0,0,0,0,0,0,0,0,0,0,0,32,0,0,0,108,0,0,0,0,0,0,78,0,0,67,0,0,0,0,0,0,0,122,0,190,40,0,0,0,0,0,0,0,0,50,24,60,65,45,75,104,87,0,0,0,0,47,0,0,0,31,0,0,42,48,0,27,0,0,0,0,0,25,0,0,29,257,0,0,79,53,90,140,0,0,0,39,0,38,135,28,0,0,0,0,54,0,47,119,0,0,89,0,0,66,0,0,0,46,67,0,88,0,0,69,43,38,0,51,0,0,284,0,109,0,42,23,0,44,46,0,0,0,0,0,0,0,157,0,29,0,0,278,69,41,153,0,0,0,17,0,0,0,0,67,51,0,120,0,0,0,0,0,0,36,36,0,0,0,0,0,0,0,0,23,0,112,0,0,0,49,0,61,0,82,0,0,58,0,0,0,0,0,56,0,60,141,0,91,0,0,0,0,0,50,0,0,46,0,154,0,88,0,33,61,0,0,81,0,0,58,47,135,0,70,0,0,0,40,40,0,0,81,0,0,0,73,0,372,0,0,48,50,0,0,40,0,273,50,81,0,0,0,56,0,0,0,29,0,130,0,0,35,0,0,69,0,0,0,47,65,20,44,0,126,58,0,0,0,0,0,71,39,0,28,0,0,0,51,0,0,553,152,156,0,157,0,164,87,0,0,0,0,20,50,0,0,168,0,126,87,0,44,0,33,0,0,0,246,64,0,0,0,356,0,129,33,177,109,0,0,0,166,0,27,0,276,0,0,28,52,243,0,189,0,91,227,0,0,53,82,0,0,36,75,0,357,85,24,0,0,0,75,0,0,0,0,210,89,57,33,78,0,0,0,0,0,0,0,0,0,152,72,71,0,291,0,0,65,0,0,59,158,0,48,148,37,0,0,0,0,32,51,0,0,143,633,105,0,0,0,0,39,0,0,203,42,0,60,73,94,0,81,0,43,0,0,0,0,60,0,50,166,57,38,20,0,0,0,38,93,0,42,532,0,0,178,0,77,27,0,59,0,100,0,39,0,0,0,76,52,136,45,0,0,105,108,0,47,0,0,298,104,166,0,0,310,55,0,86,134,106,97,74,0,0,0,92,0,186,48,53,0,39,443,0,138,0,0,0,0,258,0,0,0,451,0,60,152,35,106,0,309,0,115,105,96,0,95,0,60,54,67,59,68,308,0,0,0,201,0,76,0,0,21,81,0,93,0,0,107,0,112,83,143,0,0,0,0,36,0,0,0,0,0,43,24,167,249,0,70,0,0,0,0,108,356,0,24,87,0,0,0,0,0,134,0,0,35,39,0,0,0,47,0,0,0,72,0,22,234,0,54,0,61,0,78,0,0,45,0,0,0,150,0,0,0,0,22,88,0,0,0,53,0,0,0,60,0,0,56,90,0,0,132,97,82,0,29,56,0,0,18,0,0,0,170,165,0,169,134,75,0,0,0,0,54,0,0,0,0,0,0,0,88,108,0,58,0,0,0,0,0,0,0,0,59,23,0,0,0,0,0,34,0,35,0,68,0,36,68,361,0,16,227,0,0,0,0,61,0,0,0,70,0,55,0,0,0,0,0,0,0,0,0,0,0,0,0,0,66,11,0,0,0,0,276,256,0,51,52,65,44,0,0,0,0,0,0,35,44,133,66,63,52,22,0,37,0,0,138,41,0,21,44,0,198,0,41,0,0,0,0,0,0,0,0,247,0,496,64,0,69,0,0,45,0,0,0,0,256,0,0,0,182,0,0,48,0,0,0,0,65,0,0,58,0,357,58,0,68,17,118,0,34,0,77,29,0,0,79,0,201,0,0,40,35,0,0,0,0,84,0,0,174,0,0,0,0,0,0,0,72,0,0,0,0,0,0,0,0,0,0,0,54,40,0,0,61,0,0,134,0,0,136,0,0,0,161,0,0,0,0,0,0,0,0,48,0,0,34,236,0,51,0,0,0,0,0,0,0,0,419,34,0,0
191,0,79,0,180,136,254,75,0,206,0,296,71,81,0,623,438,392,39,150,0,458,182,100,128,196,40,42,311,70,38,77,174,0,149,506,391,0,93,656,412,159,180,79,338,0,249,130,666,0,409,123,251,301,130,428,55,0,0,52,0,315,150,471,71,201,194,121,75,52,1048,0,81,55,56,908,370,0,903,77,272,38,85,261,914,105,80,58,119,0,571,143,156,168,351,82,178,39,121,44,10,67,87,288,83,57,182,93,267,215,300,161,147,224,243,160,125,651,73,65,859,97,548,42,30,75,63,47,295,92,414,46,639,42,218,152,381,289,287,257,242,95,301,751,0,58,231,172,217,427,35,74,436,120,174,362,47,190,63,691,561,74,67,178,203,163,122,95,229,712,583,282,151,70,41,182,52,259,328,79,63,380,0,116,89,173,210,929,475,0,0,0,204,106,214,31,196,96,0,200,102,134,123,61,647,102,75,75,75,252,513,274,138,271,68,485,99,182,50,93,278,446,119,51,624,59,53,331,1135,0,280,73,64,165,44,45,64,172,570,185,0,259,78,67,118,37,566,51,66,38,74,99,665,157,302,126,0,0,135,196,892,393,289,99,184,57,41,648,197,993,53,50,401,644,174,124,94,17,2456,647,204,0,339,681,300,150,110,929,4555,265,191,89,399,39,82,104,0,213,243,193,67,0,134,114,55,840,611,569,58,225,161,712,253,0,26,131,198,497,261,149,123,90,43,150,514,357,112,509,31,102,640,0,236,200,245,205,73,55,53,212,0,242,59,204,236,75,0,47,252,3246,679,398,72,644,737,54,216,166,722,433,133,255,322,99,319,483,1331,355,52,93,537,32,184,97,273,331,213,0,0,442,37,146,166,98,97,1571,191,280,212,57,107,105,1169,99,224,119,996,102,430,431,0,82,494,0,0,395,99,85,162,86,419,0,163,107,0,49,435,188,723,732,21,287,216,48,202,271,255,148,227,86,0,59,115,80,241,64,61,198,70,264,32,41,1087,425,556,219,668,130,55,60,0,22,304,44,259,82,146,148,0,37,669,95,54,368,99,100,58,203,84,43,118,130,555,165,227,60,516,674,439,175,376,130,442,560,81,50,0,180,333,803,430,95,78,417,143,193,487,355,585,83,0,406,100,2232,252,167,504,362,169,0,175,107,42,110,44,57,852,189,98,368,519,95,693,511,185,28,145,219,596,84,192,26,29,57,193,204,76,0,0,448,0,389,431,107,70,0,374,99,148,654,421,188,85,197,79,83,72,46,107,155,438,561,0,126,188,396,133,45,0,138,197,523,49,29,87,76,0,617,62,213,616,386,181,0,769,66,421,1587,183,97,108,1516,0,250,49,23,0,120,0,129,75,73,160,265,200,344,156,312,142,121,33,62,644,779,279,91,71,166,0,178,42,69,27,50,117,52,85,125,0,450,389,68,97,103,79,178,81,160,88,0,44,58,418,0,82,916,48,153,47,604,183,0,46,219,1055,0,147,168,84,354,93,150,153,0,101,353,187,259,0,129,569,89,176,48,720,145,162,149,517,91,72,41,156,214,376,42,135,125,222,0,89,148,146,31,141,92,591,77,843,0,63,86,0,244,136,123,106,124,366,85,77,257,537,0,44,0,34,152,332,181,674,176,299,1640,417,680,147,347,0,30,174,149,102,65,197,0,43,106,854,161,540,154,1258,126,0,223,59,39,239,0,110,215,53,43,485,73,0,58,35,106,63,235,82,123,24,137,0,199,0,319,394,321,190,103,66,851,89,95,68,161,435,31,301,51,36,0,176,176,206,471,0,0,122,123,0,139,0,172,127,109,149,0,59,119,282,136,295,199,253,0,187,0,478,517,84,237,0,102,68,50,225,77,455,103,113,131,253,109,0,208,315,32,42,171,33,0,128,267,0,0,0,118,619,49,385,42,0,171,86,98,237,0,288,79,48,12,1072,379,209,648,87,124,43,311,92,110,45,0,122,0,0,61,62,107,688,435,122,21,0,43,63,268,373,52,59,255,0,245,0,82,173,369,76,260,347,315,952,95,0,179,260,685,0,86,0,86,96,567,518,480,218,94,264,114,42,675,129,174,168,0,334,497,102,48,90,144,246,0,119,150,101,94,71,36,51,96,128,127,491,41,49,353,74,307,73,258,55,105,141,115,138,0,222,233,87,25,239,104,906,47,86,205,110,197,511,298,36,157,104,1056,69,81,38,559,179,154,0,1109,102,0,102,329,36,0,247,219,1209,100,849,0,658,189,125,100,112,51,0,40,0,214,157,72,386,89,71,675,238,159,516,278,84,67,0,295,75,444,1139,397,235,295,0,100,125,72,100,0,532,134,174,0,0,211,111,97,83,479,38,464,1170,222,279,98,285,215,249,117,482,422,88,0,181,0,210,108,661,0,210,213,187,228,0,539,115,204,206,483,713,427,483,34,452,165,118,345,65,150,80,107,0,165,0,148,0,132,1079,65,53,61,111,134,97,669,69,176,180,180,149,196,0,67,152,62,371,18,62,150,140,91,0,151,196,496,230,520,66,88,917,87,0,591,84,213,599,94,109,0,87,216,173,490,0,56,364,1883,28,27,0,171,338,0,130,0,139,72,56,58,158,457,255,108,107,160,406,264,365,29,115,95,552,133,55,163,344,427,565,101,283,60,489,155,153,51,74,188,368,63,113,329,286,63,133,92,0,58,91,426,1259,116,83,263,95,616,192,0,421,94,68,127,0,106,34,66,53,125,180,50,62,254,62,0,1239,44,48,157,314,74,93,134,0,133,152,26,44,80,46,0,199,0,0,311,0,0,53,412,162,80,212,55,23,100,46,163,61,200,343,0,130,0,106,0,40,51,57,54,83,0,208,25,0,64,58,99,138,0,274,46,0,78,0,131,322,249,42,81,36,59,326,150,103,54,165,73,75,0,109,59,0,23,90,0,69,111,169,108,0,54,130,120,26,111,74,642,119,33,55,114,84,98,686,326,66,0,318,35,178,64,0,415,262,62,325,45,17,3222,75,256,0,79,137,33,529,0,112,181,125,249,0,163,255,31,0,43,89,0,122,150,0,89,0,262,0,129,58,119,144,40,66,43,38,53,62,72,168,264,27,0,54,1432,556,60,409,56,65,335,337,75,45,196,0,386,141,50,63,145,0,365,98,256,180,647,44,736,278,0,512,55,0,38,60,21,492,172,47,154,147,640,41,283,0,309,37,119,184,0,101,216,188,56,278,159,57,134,82,153,188,54,124,242,62,334,261,106,97,203,102,44,324,72,0,415,0,56,123,0,47,33,208,33,196,272,89,192,36,184,0,274,107,148,0,327,417,46,82,127,121,163,52,88,63,241,39,140,125,115,235,89,172,37,57,150,113,116,0,210,311,163,117,0,62,58,0,138,280,58,171,651,66,0,56,219,53,87,75,57,0,179,40,0,152,688,179,0,79,111,158,343,56,153,183,83,53,565,0,44,61,104,87,42,190,141,54,34,72,0,64,238,59,119,0,265,165,114,0,140,562,36,93,149,84,169,0,121,113,502,0,467,32,37,238,86,0,76,125,590,240,71,252,1972,17,0,354,133,86,137,150,337,65,78,136,123,237,0,0,284,0,38,1949,0,153,199,75,0,242,29,65,56,283,0,230,75,155,0,41,61,80,0,0,115,455,127,32,85,133,98,155,0,404,146,123,59,61,128,865,40,189,45,53,0,181,68,237,300,202,187,141,70,169,69,0,138,96,82,141,483,80,392,253,129,225,0,204,497,33,16,132,193,333,42,175,24,0,37,1314,128,123,129,0,692,133,89,91,504,0,252,68,398,0,31,40,169,156,721,260,166,60,0,78,427,94,181,44,258,49,0,81,94,256,0,70,0,113,0,140,38,115,303,0,0,717,92,0,45,178,122,0,186,310,78,97,58,43,56,79,207,136,279,485,88,174,278,0,61,68,0,114,856,0,57,123,0,71,305,47,0,29,477,82,371,51,45,51,69,425,413,391,379,79,0,467,117,878,34,87,38,223,0,285,146,84,224,134,92,0,80,0,27,0,57,0,151,799,124,28,46,0,0,0,32,502,0,1558,0,79,137,27,58,77,78,0,770,117,0,68,133,0,171,167,133,0,121,117,86,98,24,118,148,144,22,176,25,0,575,58,114,60,259,130,112,308,0,64,156,109,32,51,102,152,121,87,115,248,48,49,89,38,32,50,54,50,0,0,141,241,241,134,286,0,64,128,141,24,0,51,71,45,211,37,558,107,141,131,27,66,527,29,100,140,395,18,662,164,43,141,104,286,226,122,0,180,69,125,36,71,0,237,152,434,0,99,26,338,0,109,142,232,217,64,0,123,530,60,0,198,108,0,0,76,41,443,427,116,158,87,60,0,576,0,104,757,152,101,0,0,95,54,32,350,241,651,0,0,55,87,0,38,96,89,227,136,86,92,254,117,153,982,338,135,0,0,0,400,352,259,143,134,915,28,33,207,171,296,36,312,257,76,59,0,0,39,427,275,177,502,158,0,179,75,9,48,243,0,40,187,0,248,21,51,655,0,42,0,0,101,233,117,59,272,115,0,378,41,54,623,101,55,51,41,615,217,0,100,49,36,113,0,331,91,200,183,124,111,209,214,52,81,0,0,317,147,479,16,145,48,146,341,182,255,41,0,243,0,282,0,321,0,0,43,140,40,0,198,548,0,0,129,1045,197,46,0,2253,23,0,19,29,0,0,418,69,43,118,823,64,0,0,0,64,251,131,168,44,0,204,0,112,121,43,208,334,64,159,83,82,54,143,96,142,141,366,107,84,666,245,177,87,177,110,120,37,86,29,133,0,47,50,132,95,268,227,41,30,50,166,126,149,0,77,0,77,210,159,273,281,0,48,52,0,183,149,192,931,171,1181,194,0,0,39,0,99,213,92,54,91,185,999,80,227,128,260,327,0,194,0,0,49,51,174,0,52,189,49,380,439,0,138,94,37,111,0,76,51,88,123,111,685,73,97,97,63,437,262,0,180,103,41,105,153,344,92,273,193,0,152,116,0,272,330,48,458,283,50,58,95,76,169,0,230,163,24,360,57,0,496,276,46,58,122,68,0,1343,0,181,104,35,103,0,90,203,35,0,115,40,107,49,55,395,0,128,0,54,696,148,184,340,0,142,0,69,162,0,0,50,94,175,109,363,320,81,0,27,51,179,98,132,174,0,0,124,137,144,0,330,82,53,667,0,0,146,130,40,398,209,220,49,69,109,74,40,39,0,63,188,0,96,259,44,351,289,0,56,0,33,288,0,252,210,258,250,143,334,86,122,172,0,168,99,96,123,257,684,219,160,101,0,39,147,151,56,35,47,153,72,0,106,228,75,1492,85,0,91,121,32,136,261,94,263,76,232,0,91,29,157,0,256,357,217,92,261,26,0,124,55,136,143,49,0,29,258,94,90,154,86,220,184,0,0,0,29,31,123,91,43,31,95,0,44,1197,0,0,1797,161,200,0,215,63,468,268,0,220,160,0,0,172,0,0,203,0,687,132,44,34,59,115,36,66,0,775,250,0,0,0,876,0,161,196,258,370,43,32,58,204,90,53,0,518,0,87,74,0,377,191,361,155,189,578,19,39,61,87,41,0,85,243,27,420,255,33,32,40,139,100,39,84,64,0,193,167,237,59,167,109,57,71,0,151,48,49,0,0,207,334,78,0,454,59,0,179,50,0,98,331,49,124,176,170,43,87,0,109,109,126,0,0,172,1242,140,24,63,111,48,85,37,132,380,46,78,182,70,44,42,266,237,71,0,59,0,51,42,107,121,291,53,41,69,0,151,96,180,285,39,39,478,25,88,96,66,197,64,92,253,140,260,77,102,0,0,176,0,62,1032,209,0,0,313,185,235,63,82,43,325,118,269,0,0,1013,181,260,52,370,115,149,264,275,0,68,99,0,556,132,117,73,40,558,0,192,0,53,0,0,481,0,42,46,1365,0,0,342,284,123,69,382,52,230,261,148,0,1198,34,744,144,136,0,128,864,47,60,119,294,109,80,0,0,77,80,0,257,164,68,181,0,92,491,310,0,90,31,0,247,0,0,107,54,118,68,65,298,509,53,150,18,0,141,39,344,399,0,131,233,0,36,0,164,180,282,38,63,121,210,0,50,100,301,55,0,182,271,67,33,299,86,173,332,124,160,222,137,0,66,0,0,39,216,0,99,100,0,70,212,0,41,0,596,0,192,105,269,104,102,187,142,0,0,666,198,298,23,189,112,0,76,74,0,60,108,591,412,46,249,330,276,0,110,0,225,110,70,68,104,88,65,32,53,635,380,0,90,0,23,195,59,0,0,81,29,548,139,77,0,45,60,124,101,156,54,67,183,73,83,80,720,0,37,887,83,325,98,93,116,46,0,58,453,0,175,0,87,50,145,44,18,84,312,36,0,0,122,89,64,203,79,114,0,108,229,1294,1811,100,296,106,234,317,93,238,44,215,100,182,106,151,194,277,182,73,154,0,125,189,0,375,174,0,212,130,184,509,38,262,95,166,55,53,0,68,86,114,346,0,2033,79,0,636,21,0,189,105,31,70,86,753,37,0,103,242,0,0,193,35,0,200,0,121,53,95,270,207,1386,162,23,471,101,285,33,192,0,330,101,0,20,258,125,275,26,70,133,65,357,414,50,74,287,121,313,884,162,0,93,90,38,0,1610,385,0,34,92,161,49,123,0,53,52,23,141,94,114,91,0,300,31,0,276,122,76,447,73,56,31,733,60,0,0,0,0,0,0,87,585,0,121,319,492,56,104,0,32,32,98,104,61,23,186,961,79,49,103
192,0,41,68,90,70,141,132,0,165,0,532,71,67,66,277,580,576,37,0,38,482,83,199,192,208,0,71,118,109,71,0,88,0,85,298,245,43,211,662,278,74,40,0,608,0,218,107,603,46,262,95,173,192,113,440,89,30,0,45,0,523,200,648,132,119,304,146,58,51,436,0,115,76,51,619,364,0,665,114,347,57,91,490,438,198,69,0,151,134,475,150,116,225,206,91,111,22,207,52,0,57,50,278,76,92,66,113,317,112,672,85,268,181,308,152,160,313,78,92,561,62,478,110,64,101,66,79,275,81,304,0,531,62,202,157,434,141,208,207,388,193,307,804,0,35,83,106,237,286,0,54,174,176,361,159,43,299,111,569,425,90,72,157,90,290,112,94,184,283,430,300,56,153,31,147,76,201,400,120,96,515,0,150,81,0,88,1696,519,0,0,37,305,102,340,55,284,57,66,334,41,149,355,111,917,0,129,54,87,217,262,316,112,107,0,312,119,140,53,93,421,385,80,0,564,31,60,125,572,49,154,76,70,83,96,35,131,68,321,192,0,248,79,130,90,0,348,65,169,0,140,211,541,239,375,111,223,0,87,143,541,362,170,131,197,64,39,808,335,1466,97,40,245,710,170,142,157,59,1057,654,142,0,299,240,291,98,139,510,3367,102,213,64,533,48,57,236,42,137,201,125,80,58,203,103,78,1027,591,497,62,131,133,702,276,0,0,50,130,508,135,93,108,87,0,82,517,155,150,214,43,106,663,0,207,172,231,241,0,34,39,219,53,224,65,67,264,59,48,0,92,2344,332,294,51,623,753,33,139,217,849,469,170,264,185,66,386,441,1162,294,166,106,408,158,151,153,196,278,333,0,0,403,122,102,67,116,157,1928,289,218,201,0,45,97,1372,45,158,0,754,91,397,287,39,103,598,0,81,325,32,91,154,85,263,0,124,66,0,0,407,130,583,516,55,284,177,57,218,215,223,154,379,84,33,0,113,43,354,75,42,193,95,292,56,65,794,276,546,256,209,228,62,160,43,0,403,48,94,92,94,119,0,89,582,81,365,298,84,0,45,148,30,73,130,68,312,181,141,163,408,772,316,188,288,95,358,709,233,0,0,142,331,809,158,151,58,491,91,129,536,122,431,84,0,325,48,2151,203,243,339,346,122,39,244,122,0,44,71,73,607,178,171,340,374,98,566,540,273,51,167,162,737,91,192,0,0,0,183,216,61,0,20,422,82,173,426,59,106,0,413,81,72,541,292,201,64,193,54,80,0,155,89,193,541,761,0,222,184,464,139,60,42,112,355,567,80,45,50,74,0,414,70,168,470,460,303,0,971,54,390,1232,65,88,104,908,0,173,84,38,37,339,60,152,84,81,99,170,109,364,79,303,73,80,0,58,753,951,236,112,146,157,23,146,0,63,0,0,86,71,247,55,0,282,425,48,73,74,49,59,226,141,42,0,60,0,282,0,84,825,0,95,43,347,385,71,35,231,876,0,165,149,202,351,95,119,87,0,86,207,173,236,70,177,531,45,221,109,453,120,162,162,631,118,33,111,63,138,169,52,98,85,165,0,129,45,120,38,105,68,343,0,409,42,44,183,53,308,121,80,119,205,205,202,50,741,382,0,63,77,0,123,618,179,640,173,156,657,403,508,315,241,0,35,272,232,56,92,196,0,26,157,746,194,453,0,2881,234,0,204,48,0,262,0,56,81,48,52,262,58,0,152,0,48,62,220,88,92,56,337,0,97,46,238,312,260,104,87,67,798,59,72,44,116,325,57,375,34,30,65,325,183,144,849,27,0,81,161,0,72,0,111,147,90,117,59,130,81,1101,167,181,99,254,34,105,44,240,534,60,384,52,88,100,126,385,44,749,88,78,66,147,142,0,185,861,25,41,92,34,0,187,163,65,0,0,98,463,64,421,82,0,164,108,65,358,56,151,139,37,0,934,723,120,810,75,104,81,574,128,207,84,0,74,97,0,88,73,61,426,250,52,0,0,94,156,100,338,61,67,104,23,175,0,68,122,203,87,121,351,332,852,96,69,121,129,430,0,233,0,92,52,327,385,627,152,136,179,95,106,1199,355,254,441,0,285,256,91,0,103,249,155,140,98,151,160,85,92,64,208,113,146,461,229,31,118,256,68,340,63,435,0,0,142,195,168,0,179,337,181,0,120,60,798,0,124,273,64,131,480,221,51,235,88,883,46,105,0,467,221,96,0,398,118,31,176,348,44,0,209,335,1014,82,1100,0,2885,295,77,213,121,45,133,0,0,60,214,78,388,0,50,455,51,286,567,571,110,190,16,201,103,407,1326,554,227,183,55,103,113,67,119,0,695,158,123,0,66,314,0,89,89,364,0,359,1869,169,668,113,279,210,128,94,415,417,104,80,116,0,243,225,1373,0,281,288,496,229,0,347,92,127,335,655,1637,285,513,66,422,247,109,421,55,118,89,175,0,158,0,124,23,124,1462,68,54,97,184,134,55,540,138,284,269,168,108,91,0,52,92,66,289,31,49,149,310,82,0,267,152,251,168,538,86,105,1164,162,0,1028,175,346,317,119,211,0,86,394,76,609,0,0,321,514,31,50,41,284,384,38,122,67,151,47,46,45,121,518,233,200,169,195,445,277,449,24,168,233,452,74,64,213,527,614,530,177,174,64,629,126,246,0,115,204,530,45,117,879,463,78,88,69,13,0,107,713,705,63,30,324,58,1423,749,0,452,125,43,64,0,49,0,108,119,88,207,0,75,220,38,0,665,52,43,129,0,51,126,99,26,120,128,37,0,160,47,0,141,30,0,553,0,0,111,426,132,122,182,0,0,162,33,146,50,128,215,38,76,27,166,0,0,21,99,0,112,0,78,0,24,258,49,78,57,55,144,0,0,51,0,216,326,132,0,0,0,62,397,58,129,71,195,94,47,65,159,47,0,81,136,46,284,134,96,134,0,30,80,51,50,240,0,205,127,0,37,172,104,80,606,279,63,34,182,34,124,24,0,353,207,0,331,48,0,1031,24,281,0,86,46,79,603,0,0,160,58,170,0,124,159,0,0,48,85,0,37,308,0,94,0,249,75,182,41,183,263,0,81,30,36,54,44,0,0,81,0,0,42,1208,489,30,466,0,61,168,211,0,0,195,0,476,44,0,63,123,0,438,96,104,145,401,0,468,36,10,557,37,0,0,0,0,113,80,87,116,0,374,62,263,45,275,25,52,211,0,80,77,0,91,109,169,0,60,97,196,271,67,168,221,42,605,153,73,79,136,89,32,29,0,0,341,0,0,163,0,44,0,176,0,40,104,111,114,55,360,81,112,279,178,0,71,196,0,0,76,0,142,38,0,137,105,0,131,112,99,276,86,156,37,24,193,46,72,43,391,360,97,140,57,143,65,0,127,167,44,60,364,0,0,69,255,90,145,188,59,0,57,0,0,249,597,237,0,94,162,41,497,40,87,238,68,102,150,0,0,0,98,100,53,316,113,55,51,82,0,0,205,62,365,0,322,224,73,0,386,198,116,34,265,188,220,0,0,160,962,0,707,59,100,0,112,52,68,98,643,115,93,248,1350,40,0,308,149,30,139,390,811,0,76,164,214,122,96,0,334,0,95,420,0,229,31,76,104,238,45,59,102,185,71,316,51,65,0,55,36,286,0,75,531,573,85,46,96,120,128,126,48,308,161,101,41,106,0,752,78,118,92,48,152,162,0,518,311,106,199,94,87,218,65,0,242,78,130,237,283,77,257,479,132,132,106,44,910,57,78,136,116,422,0,157,35,0,45,940,247,0,83,0,263,244,94,0,218,59,172,0,286,0,0,0,774,59,679,174,197,109,42,267,288,116,348,58,311,82,234,90,144,244,0,148,0,131,46,143,55,278,737,0,0,1363,73,0,56,286,186,51,95,341,152,55,41,33,0,70,351,248,462,841,263,125,240,39,47,275,44,130,515,0,0,31,0,31,302,23,42,100,661,45,495,42,100,61,53,251,547,289,292,151,73,501,187,856,45,0,0,259,43,370,103,110,138,224,41,30,70,0,73,0,137,42,71,926,172,139,0,0,0,97,107,61,0,990,0,89,226,12,48,167,87,0,449,136,34,248,111,81,117,110,170,34,68,66,117,68,0,95,255,116,39,216,0,0,384,40,237,0,133,176,624,471,76,544,143,0,40,47,42,449,409,59,161,284,0,163,0,0,0,82,0,143,92,41,136,76,151,281,373,221,28,111,186,0,34,38,301,39,133,194,344,66,97,95,92,63,1448,155,55,142,552,49,348,102,0,91,103,401,199,140,0,165,83,135,66,57,0,115,251,365,40,56,0,381,65,228,371,172,336,0,0,193,311,58,0,220,88,53,0,49,105,312,538,63,107,210,0,21,1342,31,46,798,86,76,0,80,171,176,0,534,220,429,0,206,59,51,66,24,409,48,145,82,83,84,165,64,253,605,149,124,0,101,127,219,189,172,92,85,626,0,45,324,204,314,68,611,147,110,51,0,58,66,612,492,218,621,146,50,165,0,40,65,148,32,0,224,0,187,0,37,441,71,67,35,0,94,143,59,68,330,93,493,422,41,89,456,78,50,0,18,308,1199,0,71,0,136,77,0,366,84,207,551,89,269,273,157,0,57,0,47,201,280,348,0,88,56,118,217,93,174,54,0,294,46,167,0,332,53,132,0,207,0,0,212,253,0,0,96,632,186,192,0,2108,41,77,0,0,0,0,234,220,177,107,684,0,0,33,0,66,193,77,100,79,93,158,96,265,157,48,184,580,68,130,118,92,25,48,62,229,87,362,215,76,1485,203,246,160,110,178,96,66,0,63,96,66,62,64,139,139,315,210,40,49,43,100,213,80,0,101,0,183,215,106,149,134,59,70,100,0,109,105,101,952,254,639,291,0,0,0,43,112,104,110,29,228,442,577,189,276,222,337,268,39,162,0,0,50,92,125,0,117,87,67,537,838,0,88,287,41,70,0,47,120,46,245,85,627,72,156,99,60,501,404,0,259,130,110,95,114,460,132,168,124,28,157,150,56,197,453,79,504,221,50,129,202,156,125,44,296,105,0,404,32,0,265,208,107,121,233,80,0,1245,0,529,77,131,140,52,293,334,30,48,87,0,121,108,64,267,47,158,0,42,495,182,149,1136,115,140,21,44,195,0,126,0,70,116,174,478,257,180,0,55,169,156,209,197,188,55,0,154,194,152,0,316,106,73,418,0,0,157,260,35,283,130,232,0,115,194,105,65,0,0,51,278,74,136,523,76,471,440,55,84,0,54,232,0,220,289,182,503,201,245,152,165,517,20,341,109,64,91,242,302,479,256,374,68,0,175,233,112,38,0,132,44,109,53,257,47,1653,188,0,151,82,68,297,415,183,349,124,290,34,84,28,102,50,521,605,289,62,938,0,0,242,130,190,214,61,0,0,112,183,121,92,65,542,254,34,0,0,50,49,292,65,64,0,146,41,100,1246,60,0,1005,104,142,40,642,65,651,265,0,303,232,65,0,184,0,0,191,85,281,100,182,129,0,137,57,0,0,1027,142,0,0,0,540,27,247,296,374,261,0,0,98,124,132,29,17,383,0,81,107,68,252,290,204,362,215,276,53,0,89,63,0,140,0,134,35,1270,420,0,60,52,157,248,138,142,76,128,378,424,277,89,133,76,37,105,70,147,41,98,0,72,252,172,59,72,1304,71,0,0,64,21,48,0,26,0,81,331,0,81,0,206,144,68,43,55,257,795,281,0,60,128,74,92,0,46,167,81,120,212,36,170,28,131,359,0,0,36,0,55,77,82,198,201,127,27,138,0,169,82,166,147,38,79,308,0,92,320,93,148,105,146,797,232,97,98,174,40,67,31,102,197,606,183,0,0,528,141,226,125,56,119,205,97,196,0,60,554,213,541,106,451,116,75,128,320,0,144,168,73,428,195,80,92,54,1173,170,182,36,43,81,0,250,0,66,125,773,0,0,0,181,188,71,711,26,178,515,121,146,1393,64,865,49,364,46,148,674,0,144,126,250,165,178,0,0,163,178,46,153,71,64,43,0,330,363,396,27,79,170,100,224,0,40,181,71,139,93,73,431,103,62,69,0,42,205,59,153,524,47,120,418,0,0,28,83,399,151,0,0,188,285,41,94,115,270,85,0,141,262,63,102,819,132,144,243,490,289,424,190,0,133,0,0,44,638,0,136,116,0,196,137,63,73,0,763,0,194,370,249,126,134,273,331,32,40,1268,51,396,48,281,50,33,153,61,0,191,207,654,124,89,237,102,611,0,206,0,119,0,53,55,61,55,119,60,213,633,131,93,121,72,0,206,195,0,0,131,78,1143,91,138,35,64,100,74,256,151,135,99,193,81,248,418,116,45,86,274,161,162,81,202,189,65,0,81,207,0,97,0,188,85,215,88,37,59,141,71,81,97,35,221,103,161,44,129,38,210,528,890,2918,123,138,88,230,343,84,590,50,275,90,139,0,323,291,279,71,190,0,0,224,76,0,192,332,47,92,292,155,395,87,213,86,165,52,84,48,129,83,226,453,0,959,376,0,315,47,0,167,194,0,205,191,769,0,28,118,361,0,39,281,56,0,115,0,381,0,212,406,228,1084,153,0,566,167,328,33,202,0,197,125,73,60,482,0,403,50,53,127,0,476,265,0,139,115,136,892,170,103,78,184,83,93,0,933,186,0,0,182,253,115,80,0,146,65,100,126,190,202,77,27,186,78,0,764,254,73,129,98,202,35,1316,46,45,0,0,0,22,0,0,777,0,205,274,120,70,142,70,0,42,214,172,113,0,180,361,44,93,143
193,0,0,0,0,0,0,0,0,0,0,0,0,0,0,0,103,0,0,0,0,0,0,0,0,0,0,0,0,0,0,0,0,0,0,0,0,0,0,0,0,0,0,0,0,0,0,0,0,0,0,0,27,0,0,0,0,0,0,0,0,14,0,0,0,0,0,0,0,0,0,0,0,0,0,0,0,0,0,0,0,0,0,0,44,0,0,0,0,0,0,0,0,0,0,0,0,0,0,0,0,0,0,0,0,0,0,0,47,0,0,0,0,0,0,0,0,0,0,0,61,0,0,0,0,0,0,0,0,0,0,0,72,0,0,0,0,0,0,0,0,0,0,58,0,0,0,0,0,0,0,0,0,0,0,0,0,0,0,51,0,0,0,36,0,0,0,0,0,0,0,0,0,13,0,0,0,0,0,0,0,0,0,0,0,0,0,0,86,0,0,0,0,0,0,0,0,0,0,0,0,0,0,0,0,0,0,0,0,0,0,0,0,0,0,0,0,0,0,0,44,0,0,0,66,0,0,0,0,0,0,0,0,0,0,0,0,0,0,0,0,0,0,0,0,0,34,0,0,0,0,0,50,0,0,0,0,0,0,0,0,0,0,0,0,0,0,152,0,59,0,0,0,0,0,0,0,0,0,54,0,0,0,0,0,0,0,0,239,0,0,0,0,0,0,0,0,0,0,0,0,0,0,0,0,0,33,0,0,0,0,0,0,0,0,0,0,0,0,0,0,0,0,0,0,0,0,0,0,0,0,0,0,0,0,0,0,0,0,0,0,0,0,0,0,0,0,0,0,37,0,36,0,36,0,0,0,0,33,0,0,0,0,0,0,57,0,0,0,0,41,0,0,19,0,43,0,0,0,0,0,0,0,0,0,22,0,0,0,0,0,0,0,0,0,0,0,0,0,39,0,0,0,0,0,0,0,0,0,0,0,0,0,0,0,0,0,0,0,0,0,0,0,0,0,0,0,0,0,0,0,0,0,0,0,0,0,0,0,0,0,0,49,0,56,0,0,0,0,0,0,0,0,0,0,0,0,0,0,0,0,0,0,0,0,0,0,0,0,0,0,0,0,0,0,0,0,0,0,0,0,0,0,0,0,0,0,0,0,0,0,0,0,0,0,0,0,0,0,0,0,0,0,0,0,0,0,27,0,0,63,0,0,0,0,0,94,0,0,0,42,0,0,32,0,0,0,0,0,0,0,0,0,0,0,0,0,0,0,0,0,0,0,0,0,0,0,0,0,0,0,0,0,0,0,0,0,0,0,0,0,148,0,0,0,0,0,0,0,0,0,0,0,0,0,0,0,0,0,0,33,0,0,0,35,0,0,107,0,0,0,46,0,0,0,0,0,0,0,0,0,0,0,0,0,0,0,51,0,0,0,0,79,0,0,0,0,0,0,0,0,0,0,0,0,0,0,0,0,0,0,0,0,0,0,0,0,0,0,0,0,0,0,0,0,30,0,0,0,0,0,0,0,0,26,0,0,0,0,0,0,0,0,0,0,0,0,0,0,0,0,0,53,0,27,0,0,0,0,0,0,0,0,0,0,0,0,0,0,0,35,0,0,0,26,0,0,0,124,0,0,0,0,0,0,0,0,0,0,33,0,0,0,0,0,0,0,0,127,0,46,0,0,65,0,74,0,0,0,0,0,0,0,0,0,0,0,0,0,32,0,0,463,0,0,0,0,0,0,0,0,0,0,0,0,0,0,0,0,0,0,0,0,0,0,48,0,0,0,0,0,0,0,0,0,0,0,0,0,0,56,0,0,0,0,0,0,0,0,0,0,0,0,0,0,0,0,0,0,0,0,0,0,0,73,0,0,0,0,0,0,0,0,25,0,0,0,0,0,0,0,0,0,0,0,0,0,0,0,0,43,0,0,0,0,0,0,0,0,0,0,0,0,0,0,26,0,0,0,0,0,0,0,0,0,0,0,92,0,0,0,0,0,126,0,0,0,0,0,0,0,0,0,0,0,0,0,0,0,0,0,0,0,0,0,0,0,0,0,0,0,0,0,0,0,0,0,0,0,0,0,39,0,0,0,0,0,46,0,166,0,0,0,0,0,0,0,0,0,0,0,0,0,0,0,0,0,0,0,0,0,0,0,0,0,0,34,58,0,0,0,0,0,0,0,25,0,0,0,0,0,0,0,67,0,0,0,0,0,0,0,0,0,0,0,0,0,0,0,0,0,0,0,0,0,0,0,95,0,0,0,44,0,0,0,0,259,0,189,0,289,32,0,0,0,0,0,0,0,0,0,0,0,0,0,0,0,0,0,84,0,0,0,0,0,46,227,93,0,0,0,0,0,0,0,0,0,0,0,0,0,0,0,0,0,0,0,0,0,51,0,0,0,0,0,0,0,0,0,0,0,0,0,0,71,0,0,0,69,53,0,0,0,0,0,72,115,33,0,0,15,68,0,0,0,0,0,44,0,0,0,0,0,0,70,0,0,0,0,0,0,0,0,0,0,0,25,0,0,0,0,0,0,0,0,0,0,0,0,0,0,61,0,31,0,0,47,0,0,0,0,0,0,0,0,0,0,0,0,0,0,0,0,82,0,0,0,0,0,0,0,0,0,0,0,0,0,50,0,0,0,0,0,67,0,0,0,0,34,0,0,0,24,44,0,0,0,0,0,0,0,0,0,0,178,0,0,112,0,0,0,0,0,0,0,0,35,0,0,40,0,33,0,0,0,0,0,0,0,0,0,0,0,0,0,0,0,0,0,0,64,0,0,0,0,0,0,0,0,0,0,0,0,0,0,0,0,0,0,0,0,0,0,0,0,0,0,0,0,0,0,0,0,0,0,0,32,0,0,0,0,0,0,0,0,0,58,0,0,0,0,0,0,0,29,0,0,0,0,0,54,0,0,0,0,0,146,0,0,0,0,0,0,0,0,0,0,0,0,0,0,0,0,0,0,0,0,0,0,0,0,0,20,0,0,86,0,0,48,0,0,0,0,0,0,0,0,0,0,0,47,0,0,25,0,0,0,27,0,0,117,0,0,0,0,0,0,0,0,0,0,0,0,0,0,0,0,0,0,0,0,0,0,52,0,0,0,0,0,0,0,0,0,0,0,0,0,100,112,0,0,0,0,0,32,0,0,0,0,15,0,0,0,0,0,0,0,0,0,114,0,0,0,0,0,0,0,0,0,0,0,0,0,0,0,31,0,58,0,62,0,0,0,0,0,0,0,0,0,0,0,0,0,0,0,0,0,0,0,0,69,0,0,39,0,0,0,0,0,61,0,0,0,0,0,0,0,0,0,0,0,0,0,38,0,0,0,0,0,16,0,0,0,0,0,0,0,0,0,0,0,0,0,0,24,0,0,0,0,0,0,0,0,0,44,63,36,0,0,0,0,0,0,0,0,0,0,0,0,0,35,25,0,0,0,0,0,0,0,210,50,0,0,30,0,34,0,0,0,0,0,35,0,0,0,0,0,0,0,0,0,0,19,0,0,0,0,0,0,0,0,0,0,0,0,0,0,0,0,39,0,0,0,0,0,56,0,0,0,0,0,0,0,0,0,0,0,47,0,0,30,0,0,0,0,58,0,0,0,0,0,0,0,0,0,0,60,0,63,0,0,0,0,0,0,0,0,0,51,0,43,0,0,0,0,0,0,0,0,0,0,0,0,0,0,0,0,0,0,0,0,0,44,0,0,0,0,0,0,0,0,56,0,0,0,0,0,0,0,0,0,0,0,0,0,0,0,0,0,0,0,209,0,0,0,0,73,0,0,0,0,0,348,0,0,0,0,0,0,0,0,0,0,0,0,0,0,0,0,30,20,46,0,0,0,0,0,0,36,0,0,0,23,0,0,0,0,0,0,0,0,0,0,0,0,0,0,0,242,0,0,0,0,0,0,0,64,0,0,0,0,0,0,68,32,0,0,0,0,0,0,0,0,0,0,0,0,0,0,0,0,0,0,0,0,0,0,0,0,0,0,0,0,23,0,77,31,0,0,0,58,0,0,0,51,0,0,0,0,0,0,0,0,0,0,0,0,0,0,0,0,0,0,0,0,0,0,0,0,0,94,0,0,0,0,0,0,34,0,0,0,0,0,0,0,40,44,0,0,0,0,0,0,0,0,0,0,0,0,0,0,85,0,0,0,0,0,69,52,0,41,0,0,0,33,0,0,0,0,0,0,0,0,0,0,0,0,0,0,0,0,38,0,0,0,0,0,0,50,0,0,0,0,0,20,0,0,123,0,0,0,0,0,113,0,0,0,0,0,0,0,0,0,0,23,0,0,0,0,0,0,0,0,0,0,0,26,0,0,0,0,0,0,0,0,0,0,0,0,90,0,0,0,0,0,0,0,0,58,105,0,0,0,0,0,0,0,0,312,0,0,0,0,0,0,0,35,0,0,0,0,0,0,0,0,0,0,36,0,49,0,57,0,0,296,0,0,0,0,0,0,114,0,0,0,0,0,0,79,0,108,0,0,47,0,0,0,0,0,50,95,0,95,0,0,0,0,0,0,0,0,0,42,0,0,0,0,79,0,0,0,0,0,41,0,0,0,42,0,57,0,0,142,0,0,0,0,0,235,0,0,0,0,0,0,0,0,0,42,0,0,28,112,0,0,0,0,0,0,81,0,0,0,25,0,0,0,0,0,143,0,80,0,31,0,0,0,0,0,0,0,79,0,0,0,105,0,0,0,444,0,0,0,0,0,0,50,0,0,0,0,0,0,0,0,0,91,0,0,0,0,89,0,0,0,0,28,0,0,0,0,0,0,0,0,0,35,48,0,0,82,13,0,0,32,56,0,0,0,0,0,0,0,0,0,0,0,0,0,0,0,0,0,0,0,0,0,0,52,0,0,56,0,0,0,0,0,0,27,98,55,110,0,0,0,0,0,0,0,0,0,0,0,103,0,0,0,0,0,0,0,0,0,0,0,0,0,0,0,0,0,88,0,22,70,0,0,0,0,55,0,0,0,0,0,0,0,0,71,0,0,50,0,0,0,0,0,0,0,0,0,0,0,0,0,30,0,0,46,0,0,0,0,18,0,38,24,0,81,0,0,0,56,0,0,0,0,0,267,0,134,0,0,0,0,57,50,0,0,0,0,0,0,0,74,0,0,0,0,224,0,0,242,0,0,0,0,0,0,0,0,0,0,0,31,0,0,0,0,54,0,0,0,0,0,0,0,0,0,0,0,0,0,82,0,0,0,0,0,0,0,0,0,40,0,0,0,0,0,0,0,0,0,44,0,80,0,0,0,0,0,24,0,0,34,0,149,0,0,0,0,0,0,0,0,0,0,0,0,78,0,0,0,0,0,0,0,0,31,0,0,0,0,0,0,182,0,0,0,0,0,0,81,0,127,0,0,0,0,0,0,0,50,42,0,0,197,0,0,0,33,0,0,0,0,0,60,27,0,0,0,41,0,0,0,0,0,0,0,0,0,0,0,0,0,48,0,0,151,30,0,0,43,0,0,0,0,0,0,0,0,15,0,0,39,0,0,34,0,0,0,0,0,0,0,159,0,0,0,0,0,0,0,0,0,49,0,0,13,0,0,0,0,65,0,0,0,0,69,0,0,0,44,0,0,0,0,0,0,0,0,0,0,0,67,0,0,0,0,0,0,0,0,0,82,0,0,0,0,0,0,0,0,0,0,0,0,0,0,0,0,0,78,0,0,0,0,0,0,48,0,0,0,0,0,0,0,0,0,0,0,0,72,0,0,0,0,0,0,0,0,0,47,0,0,25,0,0,0,0,0,0,0,0,0,0,0,0,0,32,0,0,0,0,0,0,0,0,0,0,138,0,0,0,0,0,0,0,0,0,21,0,0,0,0,0,0,0,61,0,0,0,0,0,41,0,0,0,59,0,0,0,0,0,0,69,0,90,63,0,0,50,0,0,0,0,0,0,0,0,0,202,0,44,0,12,0,0,160,0,0,0,73,0,0,40,0,0,0,24,0,79,0,0,0,136,0,106,0,0,0,0,70,0,0,39,47,0,0,0,0,0,0,0,0,0,0,0,0,0,0,61,0,0,0,0,37,0,0,0,0,0,0,0,0,32,0,0,0,0,0,0,0,31,0,0,46,0,0,0,0,0,107,0,0,36,31,0,0,0,0,0,0,0,0,0,0,0,0,30,24,0,0,0,0,0,0,0,0,0,0,0,0,0,0,0,61,0,0,0,0,0,38,0,0,0,0,0,23,0,0,82,0,69,0,0,0,0,0,0,0,0,0,45,25,0,110,0,0,0,0,0,36,0,0,0,0,0,0,0,0,66,124,0,54,0,0,0,0,0,0,0,0,116,0,0,0,0,0,0,0,0,57,0,83,0,0,0,40,0,0,221,0,31,0,0,0,0,0,0,53,0,0,0,0,0,0,0,0,0,46,0,0,0,0,0,0,80,0,0,0,0,0,92,154,0,0,0,60,0,0,0,0,0,0,0,0,0,0,58,29,0,0,0,0,0,0,0,0,0,0,0,0,54,0,0,0,0,0,0,0,0,0,0,159,0,0,0,0,82,0,0,0,0,0,0,0,222,0,0,0,119,0,0,0,0,0,0,0,0,0,45,0,0,134,0,0,32,0,62,0,0,0,38,0,0,0,80,0,0,0,0,0,0,0,30,0,0,29,0,20,40,0,0,0,0,0,0,69,0,0,0,0,0,0,0,0,0,0,0,0,0,0,0,0,42,0,0,0,0,0,0,0,0,0,105,0,0,0,0,0,0,0,0,0,0,0,26,45,0,34,0,0,0,0,0,0,0,0,122,0,0,0
194,0,56,66,160,125,188,121,0,190,32,683,54,72,77,529,703,702,53,133,45,586,195,186,120,253,0,89,251,62,73,65,191,0,160,476,346,34,227,641,328,126,159,63,653,0,177,124,825,0,399,135,290,377,110,659,72,0,0,94,28,273,240,700,55,96,259,95,70,69,1175,36,79,48,56,582,339,50,662,79,281,58,122,306,796,152,112,66,194,146,766,166,157,259,393,104,122,0,125,97,0,42,78,306,72,62,220,112,212,268,444,174,248,326,373,144,142,346,137,67,861,86,495,105,45,109,111,73,252,72,354,24,723,67,149,174,441,307,223,183,198,232,229,932,0,65,230,152,207,365,24,103,410,82,317,335,65,177,130,522,480,155,67,336,248,320,129,102,276,575,363,262,142,221,60,171,129,151,447,204,136,535,55,118,71,184,168,1483,762,0,41,60,326,186,334,60,261,94,55,382,68,173,436,82,934,107,155,99,141,381,435,210,140,254,69,315,151,206,45,94,326,483,105,43,756,52,47,364,1034,31,249,39,69,59,65,0,89,176,429,134,69,254,112,173,104,0,436,52,118,48,150,282,659,186,500,158,197,54,131,203,890,329,181,111,100,57,54,1310,368,804,124,0,362,860,141,153,244,64,1679,595,182,0,263,478,274,115,74,873,4962,276,155,70,662,69,0,129,77,198,249,167,140,42,152,89,47,535,716,356,0,166,202,898,265,0,35,78,146,167,287,50,138,107,26,82,599,377,89,389,58,78,702,0,113,230,223,117,42,62,71,115,64,278,26,85,213,63,39,0,182,2690,556,228,58,421,1268,0,110,190,928,530,221,163,197,72,221,646,843,453,181,49,402,159,191,123,59,405,399,20,32,421,157,116,133,156,145,2206,87,162,169,43,62,48,1091,60,147,75,1038,138,232,502,47,163,281,0,93,289,80,103,166,0,265,0,225,84,0,52,594,210,518,255,77,412,244,52,308,361,188,57,431,0,34,46,179,39,534,38,86,182,60,368,46,46,964,119,465,256,311,267,99,137,59,0,431,0,190,46,136,108,0,0,333,99,323,408,81,104,82,65,97,85,111,135,385,204,153,158,329,606,490,224,247,101,392,411,317,0,0,208,427,442,221,193,75,523,151,142,142,201,537,53,0,436,109,1432,93,184,456,297,138,71,181,71,0,0,0,37,364,137,177,125,293,128,274,715,157,37,110,96,871,59,136,47,0,44,217,160,48,18,0,105,88,411,498,98,63,0,224,84,112,915,296,231,0,136,93,149,53,165,140,105,651,679,0,115,89,597,200,0,0,82,458,274,105,43,114,83,0,474,60,66,338,385,271,55,1063,54,397,794,115,84,153,833,0,270,55,0,0,357,0,160,80,80,99,178,106,323,82,287,127,138,28,99,629,969,71,48,117,261,30,166,64,0,0,84,129,65,136,0,0,320,295,49,77,94,54,128,132,236,94,0,42,48,157,37,88,411,35,168,52,471,572,58,28,126,1263,0,198,107,134,302,158,196,132,0,91,215,100,221,39,69,367,104,241,32,619,142,136,124,612,85,65,62,232,122,416,45,87,105,207,0,186,85,154,0,61,39,414,75,460,0,58,166,0,303,118,54,84,252,241,141,0,424,654,0,0,55,0,173,345,118,409,232,196,2183,542,797,135,285,0,0,347,203,85,84,171,34,0,72,406,160,546,180,1620,303,0,74,35,0,206,0,95,99,0,78,331,0,0,126,0,91,92,225,63,112,55,194,0,62,44,324,88,300,99,98,79,410,90,83,64,70,332,51,358,34,33,0,265,144,62,644,37,0,60,89,0,36,0,154,86,135,130,72,43,103,508,101,254,100,198,46,142,0,445,724,52,698,36,102,47,168,368,62,589,95,89,90,159,80,59,252,617,0,86,111,77,0,137,182,39,30,0,131,949,36,367,85,0,0,120,65,300,0,163,99,32,0,836,650,131,461,128,64,41,312,80,163,61,0,81,50,0,75,47,91,306,281,84,48,0,127,94,100,196,65,122,93,0,110,0,95,163,368,80,293,373,255,831,140,58,124,124,639,0,38,0,79,55,595,692,525,449,131,231,95,55,483,295,100,210,0,285,403,215,75,71,237,262,40,71,121,82,84,52,0,0,118,196,120,226,0,31,290,35,451,45,274,57,94,103,107,261,0,114,529,87,50,159,55,434,63,158,149,115,163,390,128,82,156,69,885,84,107,0,448,318,60,0,694,113,0,134,573,61,0,173,126,855,115,1957,44,447,437,98,90,106,0,43,32,30,202,149,100,339,33,77,434,119,115,435,316,95,135,0,205,75,621,1179,302,211,175,41,61,162,102,133,0,947,190,125,0,0,367,97,77,135,282,0,274,2035,169,233,73,244,152,205,117,261,366,199,0,246,0,269,44,692,0,176,301,154,322,0,566,86,208,269,547,1623,537,444,58,413,218,116,630,50,89,126,131,58,115,0,259,0,194,1078,0,51,0,199,162,113,455,88,156,206,114,127,118,28,60,177,61,257,0,38,220,88,115,0,30,181,546,157,484,62,128,1385,89,0,660,72,241,339,137,44,0,73,309,101,484,0,0,336,795,26,38,44,121,404,44,141,41,78,73,94,0,144,780,253,125,85,161,427,281,342,18,139,28,391,82,40,121,304,646,303,80,293,0,610,102,213,0,121,164,395,44,158,210,402,62,170,51,0,25,191,526,1048,81,100,387,85,783,235,0,381,186,0,73,24,71,42,0,0,61,284,38,84,213,64,33,1053,72,57,216,109,89,62,116,73,141,195,53,75,99,33,0,79,28,0,151,26,0,54,223,93,126,130,0,0,47,61,279,39,148,112,35,81,18,105,0,50,50,66,60,155,0,183,0,0,69,38,70,152,63,222,37,0,70,0,226,263,286,28,76,0,0,393,80,118,0,219,0,40,28,75,64,34,58,132,0,78,85,46,133,0,36,198,80,0,159,42,336,77,0,34,122,40,81,191,221,62,51,126,0,224,36,0,382,241,84,333,64,37,2139,108,267,0,85,72,39,702,26,128,84,62,232,0,205,126,0,0,34,144,0,69,101,35,63,0,134,43,78,0,135,135,66,41,57,47,141,52,87,82,271,47,0,42,2763,522,0,353,95,53,209,326,75,64,223,36,414,65,67,83,103,0,377,0,175,125,1055,0,715,189,0,647,64,0,72,59,0,288,96,0,104,189,165,0,245,0,318,0,97,332,0,79,260,149,0,112,133,0,80,142,77,145,20,79,216,34,541,201,125,112,284,108,73,187,50,0,456,0,0,160,0,50,38,358,42,67,279,159,147,55,206,0,183,103,70,0,282,190,23,35,91,72,75,54,37,67,195,0,327,137,200,190,89,70,0,41,133,81,0,29,365,201,236,122,0,69,67,22,84,237,71,191,440,80,0,68,388,59,96,116,110,0,65,0,0,238,314,90,0,44,174,88,186,0,98,165,47,102,348,0,44,0,224,234,0,138,141,80,31,83,0,32,358,0,208,0,492,406,28,0,347,191,55,156,322,0,204,0,72,98,754,0,204,34,48,157,171,0,45,190,317,89,71,232,1425,42,0,505,104,0,79,242,469,28,128,141,156,109,47,49,129,23,0,876,0,217,150,66,78,176,0,95,51,0,77,370,45,80,0,65,17,222,0,84,307,606,125,68,42,128,60,146,51,332,41,71,111,101,82,939,89,53,86,0,91,67,61,537,579,99,175,73,0,135,87,33,208,122,134,219,310,34,284,108,195,115,62,178,536,47,63,119,103,569,0,191,0,22,0,429,152,86,79,32,377,137,238,172,114,59,128,0,735,0,0,0,572,83,1636,210,189,32,58,185,142,56,76,38,152,93,139,86,259,83,0,55,0,169,0,122,47,71,459,0,0,841,52,0,34,431,166,48,46,391,140,0,115,0,65,0,274,124,479,819,145,179,156,0,44,234,0,73,354,0,0,70,0,62,212,38,0,160,452,60,411,0,80,116,0,268,364,296,135,116,92,539,181,600,70,28,0,256,33,453,83,175,78,188,44,44,95,82,69,0,120,0,91,423,153,67,0,0,0,57,100,294,0,587,60,193,226,0,52,0,100,0,395,52,0,111,55,39,49,43,92,0,298,100,61,124,61,113,99,139,0,97,0,0,594,30,78,41,79,58,334,273,71,178,77,72,0,43,73,116,196,73,122,240,52,59,134,0,60,0,73,0,58,0,95,237,98,107,212,88,156,106,105,62,0,0,123,31,251,119,450,35,201,228,38,55,555,71,79,0,365,0,212,112,0,44,82,523,170,89,0,237,66,0,51,20,0,85,167,258,28,0,0,252,167,153,177,208,160,72,0,67,364,35,0,99,0,37,47,79,0,307,202,38,117,164,70,0,519,31,46,967,50,47,0,0,79,95,40,682,119,1014,0,92,45,50,0,41,187,73,138,248,85,77,489,77,111,800,249,132,24,0,72,224,473,392,114,71,1105,45,0,168,106,300,63,235,183,72,46,0,59,121,374,370,90,303,63,0,102,51,0,33,294,36,0,108,0,222,0,75,865,37,17,21,0,164,134,127,35,115,45,184,177,34,60,410,201,63,20,0,327,555,41,83,0,64,110,0,154,0,301,319,85,75,161,206,66,42,0,0,193,137,427,37,177,17,129,161,109,485,0,43,166,0,243,0,141,0,63,94,139,77,0,150,665,34,0,110,366,91,112,0,819,0,39,0,19,0,0,233,93,76,219,302,47,0,111,0,52,107,110,0,41,79,160,23,72,86,0,81,334,75,128,66,36,73,148,155,64,61,195,144,46,506,134,195,70,132,173,52,0,45,39,94,0,28,129,56,128,130,42,71,0,0,399,191,105,0,75,48,107,151,78,93,331,52,29,118,0,59,111,267,521,95,422,100,0,52,26,0,112,80,51,40,82,304,476,164,70,177,159,170,20,164,0,0,0,0,99,0,73,0,32,524,512,0,226,164,0,118,0,0,162,24,105,97,405,0,75,0,0,567,304,0,146,118,38,103,78,216,69,107,66,0,116,94,38,95,168,0,71,223,43,91,67,61,55,0,162,251,0,255,40,0,246,194,70,75,76,38,0,421,25,251,93,91,68,43,117,324,94,0,43,22,95,38,80,283,31,84,0,30,326,87,104,445,80,88,27,94,149,0,77,0,96,279,82,93,172,163,0,41,103,100,96,87,131,32,0,69,0,80,0,265,0,106,445,0,0,228,165,0,219,99,117,0,76,187,63,83,51,0,50,270,0,44,262,72,258,440,26,35,0,0,299,0,214,263,108,408,85,218,77,110,212,0,119,45,43,188,99,276,361,245,125,66,26,129,106,53,0,0,274,60,79,41,234,35,745,109,0,78,33,0,218,388,107,54,72,133,0,63,0,245,0,266,549,288,0,372,0,0,214,72,180,146,70,0,0,280,114,0,207,0,215,129,0,0,0,0,0,0,100,0,38,0,0,0,935,30,0,774,143,106,0,97,58,118,112,0,174,115,42,47,167,15,0,299,27,387,175,34,35,80,55,0,69,0,322,99,0,18,55,542,0,227,79,520,152,0,56,0,108,77,79,0,590,0,0,124,69,513,113,651,74,181,485,53,0,62,76,50,0,115,203,0,383,329,53,34,0,176,141,0,148,0,0,200,119,82,32,71,52,122,40,0,111,0,102,0,29,287,122,200,47,171,88,0,238,58,0,188,525,0,115,129,447,124,84,0,112,48,125,29,25,183,2097,151,21,0,78,43,0,53,228,723,49,109,173,60,144,71,94,552,80,29,24,0,59,67,0,48,170,99,110,87,0,0,99,118,210,47,36,343,0,39,285,0,87,65,42,244,175,563,0,100,39,47,101,69,94,475,131,20,0,419,120,146,67,53,155,250,92,133,40,47,1515,26,263,49,310,196,367,200,225,0,206,122,0,248,0,79,52,64,875,78,85,53,55,49,0,294,0,0,0,1103,35,84,580,104,158,74,596,0,198,288,68,56,1326,0,760,265,355,0,98,352,0,113,139,178,109,94,0,54,194,90,0,200,118,31,350,25,146,276,281,26,135,47,54,204,0,0,0,53,47,77,25,536,763,0,179,0,34,56,70,150,571,0,24,0,26,29,0,80,95,230,0,0,115,215,0,0,99,196,0,0,183,162,53,0,218,124,106,314,259,70,175,176,0,40,0,0,35,147,0,94,75,0,79,199,61,0,0,340,0,144,61,264,43,242,119,39,0,0,678,220,376,0,150,102,0,47,70,0,59,98,446,337,0,259,235,307,0,62,0,211,79,48,47,29,77,77,40,0,453,372,0,131,0,0,208,153,0,0,63,35,278,46,68,0,24,49,118,117,101,101,62,209,81,99,126,681,54,0,749,30,147,47,72,111,42,0,0,434,20,211,0,61,44,119,66,43,91,217,74,0,0,134,86,68,232,34,97,0,51,110,379,1226,101,260,101,203,421,72,113,34,146,102,93,90,110,90,146,277,0,59,0,161,105,4,315,160,0,141,167,114,379,47,255,52,211,47,66,0,105,50,54,326,0,994,180,29,605,0,0,138,72,0,32,103,549,0,0,0,274,0,0,247,0,0,145,0,109,39,96,194,130,471,58,26,599,53,183,26,94,0,270,74,24,0,274,89,124,0,0,87,53,196,378,57,39,488,75,207,371,124,35,66,60,36,0,810,196,0,31,111,102,45,112,0,46,51,29,87,48,35,0,0,244,0,23,226,167,87,343,40,74,0,591,0,0,0,0,0,0,18,80,343,0,39,185,528,36,73,117,37,39,60,113,56,0,106,638,72,31,66
195,0,0,0,0,0,0,0,0,0,0,0,0,0,0,0,0,64,0,0,0,0,0,0,0,0,0,0,0,0,0,0,0,0,0,0,39,0,0,78,0,0,0,0,0,0,0,26,37,0,0,0,40,0,0,37,0,0,0,0,0,0,0,32,0,0,0,0,0,0,0,0,0,0,0,0,0,0,0,0,0,0,0,0,0,0,0,0,0,0,0,0,0,0,0,0,0,0,0,0,0,0,0,0,0,0,0,0,0,0,0,0,0,0,0,0,0,0,0,0,0,0,47,0,0,0,0,0,0,0,0,0,0,0,0,0,0,0,0,0,0,0,0,65,0,0,0,0,0,0,0,0,26,0,30,0,0,41,0,25,63,0,0,26,0,0,0,0,0,61,76,0,0,0,0,0,0,0,0,0,0,0,0,0,0,0,0,40,0,0,0,0,0,0,0,0,32,0,0,0,0,0,0,0,0,0,0,0,0,54,0,0,0,0,0,0,0,0,0,0,37,0,0,0,0,0,0,0,44,0,0,0,0,0,0,0,0,20,0,0,0,0,0,0,0,0,0,0,0,0,0,0,0,0,0,0,0,0,0,0,83,0,0,0,0,0,0,47,0,81,0,0,0,0,0,0,0,0,0,97,0,0,0,0,0,0,0,62,180,0,0,0,23,0,0,0,0,0,0,0,0,0,0,0,0,38,0,65,0,27,0,0,0,0,0,0,0,0,0,0,0,0,0,0,0,0,0,0,0,0,0,0,0,0,0,0,0,0,0,0,0,0,0,0,0,0,0,0,0,110,0,0,0,82,61,0,0,0,135,48,0,0,0,0,0,55,115,0,0,0,48,0,0,0,0,0,0,0,0,138,0,0,0,0,0,81,0,0,0,0,0,0,56,0,0,0,256,0,0,0,0,0,38,0,0,0,0,0,31,0,0,0,0,0,0,0,64,46,0,0,0,58,0,0,0,0,0,0,0,0,0,0,0,0,45,0,0,0,0,0,0,0,0,0,0,0,69,0,0,0,0,0,41,0,21,0,0,0,0,0,0,0,55,0,0,0,0,0,0,0,0,0,0,0,0,0,0,52,0,0,0,0,35,0,0,0,0,0,41,88,0,0,0,0,0,0,0,0,0,0,0,0,0,0,0,0,53,0,0,0,0,0,0,0,0,0,0,0,0,0,0,0,0,0,0,0,0,0,0,0,0,0,0,0,0,31,0,0,0,28,0,0,0,0,0,0,0,0,14,0,0,0,0,36,0,0,0,0,0,0,31,60,0,13,0,27,0,0,0,0,85,62,0,0,0,0,0,0,0,0,0,47,58,0,0,0,173,28,0,0,0,141,0,0,0,0,0,0,0,0,0,0,0,0,0,0,0,43,0,0,0,0,90,81,106,0,19,0,0,0,0,0,0,0,41,0,0,0,0,0,61,0,0,0,0,0,0,0,0,0,0,0,93,0,0,49,0,0,0,0,39,0,0,21,0,0,0,0,0,57,0,0,0,0,0,0,0,0,0,0,45,0,69,0,52,0,0,0,0,0,0,0,0,0,30,0,0,0,0,0,0,0,0,0,0,21,0,0,0,0,0,0,0,0,0,0,0,0,22,49,0,0,72,0,0,0,0,0,55,0,0,0,0,221,91,0,83,0,0,0,38,0,0,0,0,0,0,0,0,45,0,0,165,74,0,90,0,0,0,0,0,0,0,0,0,0,0,0,0,0,0,0,0,0,0,0,0,0,0,83,123,0,0,0,0,0,0,0,0,0,0,0,0,0,0,0,29,0,0,0,0,0,0,0,0,0,0,0,0,0,0,0,37,0,56,0,39,0,39,0,0,0,0,0,0,94,0,0,0,0,0,0,0,17,0,0,0,22,0,16,37,0,0,0,0,0,0,0,0,0,0,0,170,0,0,0,0,62,0,0,0,0,0,0,0,0,68,47,0,100,0,0,0,56,0,0,0,0,0,0,0,0,0,0,0,0,0,0,0,0,0,0,30,0,0,53,0,69,0,0,0,0,0,0,0,0,51,0,0,0,0,52,0,0,0,0,0,20,32,37,0,0,0,0,0,0,0,0,0,0,0,0,0,0,0,0,0,0,0,0,0,0,0,0,0,0,0,33,0,0,0,0,0,0,0,0,0,0,0,0,0,0,0,0,0,0,0,0,47,0,0,0,0,0,0,0,0,0,0,0,0,0,0,0,0,0,0,148,0,0,0,57,0,0,0,0,174,0,62,0,284,0,0,0,0,0,0,0,0,0,0,0,57,0,0,0,36,0,0,0,0,0,0,0,0,0,239,0,0,0,0,0,0,0,20,0,0,0,0,0,0,0,0,0,0,0,0,0,0,0,0,0,0,0,0,0,0,0,0,0,0,0,0,0,63,0,0,0,0,0,0,0,0,0,32,0,0,0,0,0,0,0,0,0,0,0,0,0,0,0,0,32,0,0,0,0,0,0,0,0,0,0,0,0,0,0,0,0,0,0,45,0,0,0,0,0,0,0,0,0,0,0,0,0,0,0,94,0,0,0,0,0,0,0,0,0,0,0,0,0,0,0,0,379,0,0,0,0,0,0,0,0,0,0,0,0,0,0,0,0,0,0,0,0,0,0,0,0,0,0,0,0,0,0,0,0,0,0,50,0,0,0,0,0,0,0,0,83,0,0,0,0,0,0,0,0,0,0,0,0,0,0,37,0,38,0,0,0,0,0,0,0,0,0,0,0,0,0,0,0,124,0,0,28,65,18,0,44,0,28,0,0,0,0,0,0,0,0,0,70,0,0,0,36,0,0,0,0,0,27,0,0,0,20,0,0,0,0,0,0,0,0,0,0,58,0,0,0,0,0,0,0,59,0,0,0,0,0,0,47,0,48,0,0,0,0,51,0,0,0,54,0,0,0,0,0,0,0,0,0,0,0,0,60,0,0,0,0,0,0,0,0,0,0,0,46,0,0,0,0,0,0,0,0,33,0,0,95,70,0,71,0,0,42,0,0,0,33,33,0,137,0,0,0,0,46,0,0,0,0,0,0,0,0,0,24,0,0,0,0,0,0,0,0,0,0,0,0,0,0,0,0,0,0,0,0,0,82,144,17,58,0,0,27,0,0,0,0,0,0,0,0,35,0,0,0,0,0,0,0,0,113,38,0,40,0,0,0,0,0,0,0,0,75,0,0,0,39,0,91,0,0,0,0,0,0,0,0,64,0,0,0,0,25,54,0,24,55,0,252,57,0,0,0,0,0,58,0,0,114,0,0,0,0,0,0,0,0,45,75,0,0,0,0,0,0,0,0,0,47,0,0,0,0,0,28,0,0,0,49,0,0,0,28,0,0,0,0,0,118,0,0,0,117,0,0,34,0,0,0,0,0,46,0,0,34,0,0,0,0,0,0,0,0,0,0,0,0,0,21,0,0,0,0,0,0,0,0,0,0,0,0,0,0,0,0,0,0,0,0,0,0,0,0,0,0,0,0,0,79,0,0,0,0,43,0,0,0,0,35,0,0,0,141,0,61,0,0,0,0,0,0,0,47,0,0,36,0,0,0,0,0,0,0,32,0,0,0,0,0,0,0,0,0,0,0,63,0,0,0,0,0,0,0,0,0,0,0,0,0,0,0,0,0,0,0,0,0,0,0,0,0,0,0,0,0,0,0,0,0,0,0,114,0,0,0,0,0,44,0,0,0,0,0,0,0,0,0,0,0,0,35,41,0,0,0,0,0,0,0,0,67,0,0,0,0,0,0,0,0,0,0,92,0,0,0,0,22,38,0,0,0,0,0,0,58,0,0,0,54,0,22,0,0,0,0,0,26,0,0,0,0,0,0,0,0,0,0,0,0,0,0,0,0,0,63,0,0,82,0,0,0,0,0,0,0,0,0,0,0,0,0,0,0,0,58,0,0,0,0,0,0,0,0,0,47,0,0,0,0,0,22,0,0,0,99,0,0,0,0,0,0,69,0,0,0,0,0,0,0,121,0,0,0,0,0,0,0,0,0,23,0,0,0,0,0,0,0,0,0,65,0,0,0,0,0,0,0,0,0,60,0,0,38,0,0,0,0,0,0,0,0,0,0,0,0,0,0,0,0,0,0,0,0,14,0,0,0,0,0,0,57,0,0,0,0,0,0,0,0,0,0,0,0,0,0,30,0,29,0,0,0,0,0,0,0,0,0,0,0,0,0,0,0,0,74,0,0,0,0,0,0,0,0,0,0,0,165,0,0,0,0,0,108,0,0,0,25,0,0,61,0,0,0,52,29,0,0,0,0,0,0,0,0,0,0,53,0,0,0,0,0,0,0,58,46,0,0,0,0,0,0,29,74,0,0,18,0,0,0,0,0,0,0,0,0,0,0,39,0,0,0,0,0,18,0,76,0,53,0,0,0,25,0,0,60,0,81,31,0,0,52,0,0,0,0,0,0,0,0,0,96,0,0,0,64,0,0,0,0,0,0,111,0,0,0,0,0,29,25,37,87,55,0,0,0,0,0,0,0,0,0,0,0,0,0,0,53,0,0,0,0,0,55,0,0,49,0,0,46,0,0,0,0,0,0,0,88,49,0,0,0,0,0,0,48,45,0,0,0,29,31,0,0,0,0,0,30,32,0,0,0,0,0,0,31,17,0,0,21,0,69,0,51,0,0,0,0,0,0,0,0,0,0,17,57,0,0,0,117,0,0,0,0,0,0,174,0,0,0,303,0,0,0,0,0,0,0,0,0,0,0,0,0,0,0,24,49,0,0,0,0,0,0,0,64,0,54,0,0,79,0,52,0,0,0,0,0,0,0,0,0,0,7,0,0,0,0,0,0,0,0,53,0,0,0,0,0,0,0,68,0,0,0,0,0,0,0,0,224,65,0,0,0,0,0,0,0,0,0,0,26,62,58,0,81,0,0,0,0,0,0,0,0,0,0,0,0,0,0,100,0,0,0,29,0,0,0,0,0,0,51,0,143,0,0,0,0,134,0,0,39,0,0,0,0,34,0,0,0,0,0,0,0,0,0,0,98,27,0,27,0,0,0,0,0,0,0,0,0,0,0,0,0,0,0,0,0,54,0,0,0,0,0,0,0,89,0,0,24,0,0,0,0,41,0,17,0,0,55,0,0,74,0,0,0,0,25,0,0,0,0,0,20,0,0,39,0,0,0,0,0,0,20,0,0,0,0,0,0,48,0,0,61,0,0,68,0,0,39,0,47,7,0,0,0,0,0,0,0,0,0,0,56,0,0,77,0,0,0,0,58,0,0,85,0,73,0,0,0,0,50,0,0,0,0,0,0,0,0,62,64,0,0,0,0,0,0,0,0,0,0,0,51,0,56,0,0,0,0,0,45,102,0,23,0,22,0,0,0,0,0,74,78,0,0,38,0,0,82,0,0,0,0,0,0,0,0,34,0,0,75,0,0,0,0,0,0,0,25,0,25,0,0,0,0,0,0,0,0,0,0,44,0,137,0,0,0,17,0,0,0,0,0,77,0,89,66,29,0,41,0,0,0,0,330,0,0,0,0,0,0,0,0,0,77,0,0,0,0,0,0,0,136,0,0,0,0,172,24,49,0,0,109,0,0,0,0,0,0,0,68,0,0,0,35,0,0,0,0,0,0,0,0,71,102,0,0,0,0,37,0,0,0,0,0,0,0,66,0,0,0,61,0,0,151,0,0,0,198,0,0,0,37,0,0,0,0,0,0,0,0,0,311,0,0,0,0,0,0,0,28,52,0,0,0,0,0,0,0,73,0,0,0,0,0,0,0,48,0,0,67,0,0,0,0,0,70,0,0,41,0,0,0,0,0,0,0,0,47,61,0,0,0,0,33,0,0,0,0,0,0,68,0,0,0,0,0,0,0,0,0,0,230,42,0,0,0,82,186,39,0,0,0,0,0,0,0,60,0,0,103,0,0,0,0,0,0,210,0,0,0,465,0,0,169,0,0,30,90,0,59,0,0,0,303,0,175,55,0,0,0,0,0,0,0,23,0,0,0,37,0,0,0,97,75,0,72,0,0,0,20,0,0,0,0,0,0,0,0,0,0,0,0,0,128,0,27,0,0,0,0,0,107,0,0,39,0,0,0,0,0,184,0,0,0,43,0,0,0,39,0,0,0,41,0,0,0,0,0,0,0,0,0,29,0,0,0,0,0,107,0,0,0,0,0,0,0,0,0,74,0,38,0,0,0,0,0,0,0,0,54,0,170,0,0,0,0,0,0,0,0,0,124,0,0,0,0,0,0,0,0,0,0,18,0,0,0,0,0,0,36,25,0,0,0,0,50,0,0,0,0,0,176,0,0,0,0,0,0,0,0,25,0,0,0,0,0,65,0,0,130,0,0,0,37,0,0,0,0,79,0,0,0,0,0,0,0,0,0,0,0,0,0,0,0,0,0,0,0,0,0,0,0,58,0,0,0,0,83,0,0,0,0,0,45,0,0,0,0,51,72,0,0,0,27,0,0,29,0,0,0,35,0,0,48,0,95,0,0,0,0,0,0,54,0,126,42,0,59,0,0,0,0,0,0,0,274,0,0,0,44,0,0,34,0,0,0,0,97,0,0,0,0,84,0,0,0,0,0,0,0,0,0,0,0,0,0,0,0,0,0,0,0,49,64,0,0,59,0,33,54,0,0,0,0,0,0,244,0,0,0,25,0,0,0,0,0,0,0,0,0,0,0,0,0,0,0,0,0,0,12,0,22,0,0,0,0,0,0,0,0,0,0,50,0,0,60,74,0,0,0,0,0,35,0,0,0,0,38,0,0,0
196,0,120,90,202,194,354,215,33,393,80,1155,135,120,147,746,1100,1060,162,157,99,1633,290,357,357,760,62,107,254,113,122,108,339,0,194,740,558,66,422,1023,495,227,155,100,1123,62,451,214,1571,131,932,211,656,493,184,1127,142,88,39,183,41,803,490,1133,216,231,509,252,97,145,1447,29,224,119,75,1145,450,102,1705,148,886,107,161,677,1124,309,131,80,379,187,1391,375,192,484,527,156,179,35,205,205,0,94,128,792,143,196,298,166,614,326,1072,212,399,678,702,261,270,664,197,92,905,139,1466,213,126,229,202,165,361,191,651,119,1765,177,390,381,964,349,514,412,393,416,489,1183,0,94,259,231,406,431,96,105,432,328,783,412,81,621,169,968,847,368,111,551,313,414,297,139,776,851,603,1128,208,375,115,213,196,404,977,352,181,1050,71,285,234,285,167,2047,1444,0,66,69,601,298,775,111,421,137,92,622,108,533,543,231,2097,160,172,129,194,615,565,383,186,350,155,673,274,257,102,136,581,771,267,72,1671,86,56,445,1315,67,341,190,129,154,132,63,210,373,1179,198,136,520,264,339,329,58,656,124,229,78,328,334,1510,278,768,283,335,53,134,447,1209,633,444,161,351,85,105,2320,619,2437,241,138,574,1667,306,507,430,118,3453,1503,304,52,615,668,491,260,355,1241,8087,416,589,153,1238,111,105,249,117,270,340,304,180,117,178,187,86,1488,1033,910,63,367,335,2992,500,39,72,137,331,1092,304,267,228,136,47,202,1022,334,206,770,65,104,2069,0,393,449,227,381,61,50,156,213,83,411,103,241,701,180,65,93,500,3808,923,574,113,908,1888,96,303,453,1247,632,213,395,558,77,586,719,2182,770,348,185,604,158,287,291,537,433,865,55,0,934,337,124,286,188,219,3030,420,489,503,73,207,203,2361,176,486,176,1262,140,439,852,44,197,823,70,179,519,174,130,325,158,731,62,225,126,0,70,603,248,1230,1277,75,505,342,202,357,351,446,262,914,204,57,122,230,127,898,116,142,196,154,654,92,105,1413,724,1159,289,720,318,165,191,103,0,591,84,524,104,245,193,58,145,603,108,700,590,147,156,150,377,87,97,262,124,653,656,285,326,985,1431,673,736,530,202,837,944,648,48,0,274,425,1573,767,235,174,784,179,346,1032,662,755,214,0,494,155,3254,432,246,730,513,288,52,419,178,55,155,53,96,1097,396,404,760,706,198,680,1049,229,98,203,416,820,124,256,68,29,59,265,308,102,46,38,897,183,542,1865,120,142,88,600,207,169,950,758,434,181,275,255,247,83,169,367,228,574,591,0,232,399,1639,191,121,78,290,1047,1093,123,36,87,121,58,814,141,165,958,750,289,90,1141,83,752,2498,264,136,211,2582,36,420,84,117,74,750,49,266,106,237,312,280,243,990,238,868,319,313,100,167,680,1059,504,109,274,568,62,452,136,148,34,166,320,90,353,181,0,784,1053,150,149,288,101,142,313,472,103,31,122,56,760,43,63,1179,69,457,148,1279,733,198,79,370,3227,25,456,279,361,891,254,331,376,45,212,637,267,325,75,373,1037,200,417,106,1325,205,249,267,1150,114,127,161,417,348,836,152,242,165,612,40,585,149,385,61,246,170,1029,122,1428,79,99,251,49,409,402,166,283,324,506,232,130,980,1293,64,118,114,54,263,841,345,1321,489,527,4198,1358,1287,312,435,39,54,430,447,196,171,463,73,82,167,1287,293,779,252,4312,373,0,492,124,62,487,46,103,359,141,167,575,110,69,233,41,120,160,399,179,320,43,476,61,338,49,911,699,656,317,118,122,1065,258,187,193,326,797,220,437,117,67,66,760,435,387,1620,0,37,247,147,52,220,43,320,255,299,431,225,171,306,1302,400,669,394,543,46,260,106,1101,1321,194,785,129,141,150,232,822,97,1330,251,144,128,297,360,67,635,1162,66,122,310,103,79,532,317,107,52,0,231,1895,105,743,310,38,309,366,165,710,72,576,93,88,55,2103,551,336,1898,231,177,107,782,101,443,106,0,140,81,83,172,152,224,1147,858,264,103,0,195,196,426,578,188,217,452,41,524,0,204,364,942,166,349,843,549,1220,289,175,187,281,1060,0,181,32,205,130,791,774,1006,420,188,366,197,278,2681,447,463,652,39,622,829,208,115,120,411,189,119,139,363,263,144,196,99,194,186,290,305,611,83,141,548,104,516,98,943,95,176,259,256,398,34,426,577,336,0,332,222,1695,87,150,141,187,317,1062,496,100,542,312,726,120,222,106,981,398,196,39,1009,158,0,273,671,41,54,251,594,1381,121,1759,54,2782,391,217,384,208,103,121,0,91,227,294,103,562,101,110,895,221,460,1587,950,171,282,0,384,154,1045,2219,1364,197,441,105,135,211,117,199,0,1081,441,282,0,175,331,100,159,125,1030,64,826,4747,253,482,286,519,410,339,76,953,341,346,78,189,0,291,268,2302,0,385,390,529,317,0,1502,305,288,434,1971,2413,481,1115,74,929,395,194,724,70,219,129,250,0,78,20,316,0,265,1912,180,88,212,538,261,305,438,281,659,429,88,188,263,38,96,240,193,618,60,133,229,557,75,0,268,303,721,324,1304,136,326,1818,401,54,2234,206,760,706,183,224,34,128,472,268,811,47,73,694,1689,69,153,82,763,448,54,260,67,259,58,138,142,250,799,412,440,383,449,721,351,731,0,262,195,926,185,209,293,1136,836,1334,375,436,0,716,185,718,72,154,369,869,107,396,923,674,108,149,191,24,84,177,1042,2394,175,102,457,127,2250,572,0,732,251,110,319,66,263,47,222,205,328,491,123,238,528,192,36,2599,100,184,387,640,145,283,398,123,417,352,64,108,189,143,128,248,126,69,775,78,59,168,728,398,311,280,69,63,450,204,767,110,407,276,93,154,59,244,41,165,109,307,161,210,84,320,80,60,407,73,217,571,131,455,98,0,282,177,355,789,653,106,153,54,167,552,218,150,133,387,412,108,85,344,343,58,182,124,74,442,288,241,433,57,69,346,199,69,310,104,1015,201,87,178,355,234,169,836,811,155,179,691,81,745,138,122,1588,695,214,575,124,94,3889,190,361,68,192,270,160,1118,40,221,535,227,485,106,1022,413,69,50,226,383,93,173,967,74,164,130,405,119,467,94,339,512,122,142,109,167,142,252,99,265,650,85,0,96,4260,1540,166,1145,146,365,610,759,247,104,268,146,505,175,204,263,331,68,1099,165,449,265,1160,56,1585,625,41,809,136,58,130,119,44,628,498,195,494,354,779,246,753,124,916,71,399,470,0,112,453,339,116,456,347,98,359,222,353,526,209,306,459,133,1363,617,474,260,443,112,122,778,180,54,1431,36,141,706,0,108,105,777,53,308,677,206,405,136,699,335,475,404,621,54,675,840,61,110,260,192,255,281,130,177,475,98,501,413,536,886,139,303,88,170,761,191,309,80,1488,626,620,217,78,319,200,47,201,838,249,398,2010,86,39,184,472,116,209,240,110,77,233,0,67,433,548,154,23,162,353,207,638,90,193,345,86,187,796,0,67,53,228,463,68,460,247,138,73,141,0,107,442,103,420,0,653,890,79,68,952,843,176,97,485,365,292,0,115,258,1724,0,1103,94,145,299,313,53,161,170,825,262,138,414,1788,76,0,710,308,87,286,545,705,45,247,193,306,212,155,32,551,59,143,2076,0,262,236,111,253,376,80,91,105,371,98,499,70,117,0,0,88,269,58,132,938,998,190,39,140,239,233,267,87,309,328,217,206,212,172,1541,90,201,280,98,132,273,99,603,536,294,368,192,139,331,179,45,375,217,249,305,467,125,344,1088,229,245,162,265,1206,131,65,179,195,749,70,236,76,43,98,1254,299,156,186,65,963,279,513,80,433,179,345,75,1613,0,77,47,1361,87,1962,351,335,203,59,482,650,77,632,121,568,162,418,244,599,610,67,191,75,187,123,196,81,466,1093,0,0,1560,102,61,85,245,283,146,183,655,268,142,104,61,160,75,454,272,883,1593,273,329,422,0,116,224,121,398,656,31,67,148,75,131,630,35,79,180,893,100,796,98,153,65,62,925,645,339,392,184,169,1026,292,1810,105,85,97,459,81,954,145,168,329,399,103,0,221,61,174,31,197,101,171,1311,308,189,64,0,0,123,187,673,49,2367,54,395,254,38,144,299,305,0,1244,531,94,351,207,93,408,397,353,111,367,163,239,140,0,466,414,274,153,457,42,81,2091,88,256,99,286,327,1011,594,103,502,296,170,102,143,143,349,732,370,307,698,97,223,209,85,151,139,0,199,179,37,327,258,580,322,823,333,263,253,226,107,70,91,332,149,178,310,1243,316,208,271,137,259,980,299,223,318,724,56,1896,362,106,158,215,1041,591,245,34,857,152,304,118,145,60,261,466,1042,96,144,79,648,293,420,415,761,484,61,54,236,1087,103,0,306,271,68,60,185,117,928,986,273,489,291,0,29,1713,162,211,1533,299,119,52,102,278,244,39,1340,358,1440,0,279,133,170,56,81,654,151,391,508,164,329,499,393,318,2057,457,597,53,168,220,660,807,569,410,262,832,109,87,756,464,1159,112,780,799,235,150,44,90,190,1109,1115,586,1376,189,82,438,111,63,99,346,81,75,413,31,965,0,128,589,109,64,73,41,205,449,122,172,699,255,572,522,67,148,1879,142,70,79,77,1211,1488,81,241,103,210,132,52,460,261,882,1026,434,332,411,515,80,140,51,109,787,319,1167,66,167,126,588,528,360,405,73,83,469,51,605,45,781,76,196,64,233,91,73,572,401,79,65,239,1268,446,231,95,4521,68,159,32,54,0,0,809,242,244,528,1831,99,36,262,96,131,597,367,203,142,130,654,109,388,161,96,492,485,113,423,163,161,111,296,187,848,261,692,232,62,1499,216,410,73,209,287,199,187,45,108,246,55,134,145,250,236,503,301,76,69,75,600,558,174,0,137,65,290,348,272,347,447,85,0,152,0,241,294,296,948,992,1348,279,0,86,72,63,231,269,146,109,382,598,1682,282,990,367,358,556,96,364,0,159,151,127,267,109,148,300,114,1024,1136,80,278,313,55,218,0,83,174,132,548,253,874,277,242,273,223,835,547,0,748,193,202,216,201,220,157,339,287,52,332,216,83,360,242,155,1314,328,117,203,404,186,217,143,289,308,73,570,99,0,618,458,214,205,351,77,51,2080,57,641,201,183,197,78,178,582,113,48,156,145,171,0,125,531,58,207,66,150,1709,158,91,553,187,131,44,114,147,71,185,88,193,330,292,778,591,285,41,82,159,256,127,227,325,73,32,165,295,114,0,573,151,138,882,48,0,467,415,45,459,340,695,78,146,340,132,128,72,0,103,323,63,334,632,93,539,619,63,143,21,55,585,59,460,413,341,716,307,583,315,225,535,32,343,373,0,241,123,631,600,504,622,116,38,347,226,133,89,114,512,81,151,227,341,212,2152,219,0,210,255,67,533,694,228,912,221,298,111,115,0,259,51,696,847,386,131,529,65,0,313,121,220,281,91,0,45,404,183,279,265,150,1015,340,23,0,0,135,130,615,200,49,112,159,47,151,2464,70,79,1814,188,342,46,853,83,566,306,50,578,195,86,94,541,86,34,436,132,814,247,438,313,112,162,135,81,62,3079,266,36,50,37,1077,44,498,627,905,393,41,71,143,180,337,122,34,952,0,137,205,173,843,211,773,270,352,613,110,78,214,191,102,106,200,407,70,1298,749,128,119,106,338,274,167,291,152,244,675,890,428,165,283,115,155,293,99,131,105,180,0,48,585,437,264,88,1751,143,0,459,65,0,298,642,44,177,387,746,151,100,0,381,129,215,51,36,357,2953,319,45,96,352,90,111,65,208,867,137,267,481,144,328,116,306,873,122,58,66,112,177,121,134,574,450,160,154,90,0,138,141,174,345,127,115,894,29,156,485,63,174,172,286,504,407,519,94,244,134,175,206,194,142,2027,264,0,19,625,324,230,330,88,375,293,276,386,126,89,2045,195,876,209,744,313,596,306,807,46,260,305,164,539,224,237,115,128,1586,130,466,72,82,180,0,1175,0,163,183,1947,63,196,575,245,329,156,902,33,310,477,284,107,1538,106,802,217,549,120,259,908,61,361,239,594,190,251,52,91,300,246,99,400,358,146,258,73,405,314,820,98,321,228,79,295,35,42,278,137,324,137,212,1021,721,108,250,41,81,264,110,541,1125,167,221,497,57,156,45,175,326,796,43,69,165,402,110,221,183,634,73,0,229,199,64,77,785,301,294,822,292,629,345,160,0,134,32,0,98,730,60,224,102,0,312,239,91,149,75,931,73,413,330,440,274,576,249,268,0,62,1153,177,1810,94,315,125,72,212,128,19,193,196,669,329,101,638,259,522,83,333,0,480,140,93,58,200,275,133,68,179,740,372,108,269,123,60,287,269,37,0,84,144,1354,250,259,43,93,176,185,233,229,312,121,239,202,229,346,610,155,94,884,250,547,193,198,157,101,0,128,763,0,542,14,215,94,164,85,0,92,624,66,160,141,167,251,144,293,76,111,0,327,750,2133,1835,190,639,320,323,887,101,868,57,316,270,287,80,443,536,515,321,265,152,35,158,192,0,409,374,40,414,180,297,1238,63,660,64,895,60,83,84,98,61,368,821,42,2327,379,61,789,47,0,280,356,0,194,214,1739,59,75,239,698,35,0,254,116,0,430,0,354,74,433,457,273,2468,449,68,692,125,1040,112,553,0,808,269,68,73,428,116,775,83,88,421,33,559,699,97,113,508,179,898,723,352,51,82,66,66,59,1216,416,67,78,135,374,115,343,84,109,100,113,175,195,432,107,0,695,100,0,787,281,226,322,51,168,94,1524,61,0,106,0,59,54,55,290,1106,0,347,324,441,90,380,224,0,58,219,193,121,62,112,840,70,94,162
197,0,0,0,58,40,65,0,0,51,0,159,0,0,0,105,138,104,0,34,0,234,47,59,24,83,0,20,67,0,0,0,59,0,0,136,219,0,19,302,53,46,63,0,135,0,0,45,187,0,80,57,90,80,0,131,0,0,0,0,0,215,60,119,44,0,58,0,0,0,290,0,0,0,0,227,0,0,236,27,65,0,0,50,241,27,0,0,18,0,175,119,58,66,0,30,0,0,65,0,0,0,0,43,0,0,0,0,115,80,108,43,36,133,61,33,50,156,23,0,167,0,210,0,0,28,0,0,0,38,77,16,122,0,83,45,164,53,23,0,57,0,67,184,0,0,37,34,0,66,0,40,117,88,71,102,0,99,0,240,310,42,0,47,66,63,33,0,100,190,116,140,0,51,0,0,0,0,137,41,0,171,0,52,0,29,44,291,62,0,0,0,93,0,101,0,75,0,0,112,0,84,96,44,165,0,0,0,0,54,75,100,0,58,18,119,0,95,0,0,102,174,0,0,124,0,0,73,271,0,79,46,0,0,24,0,31,56,152,47,0,50,31,47,30,0,87,0,0,0,54,59,137,41,45,0,0,0,0,37,233,101,100,0,0,0,0,120,54,638,0,0,92,111,55,75,0,0,373,319,139,0,71,189,0,53,80,269,1593,58,99,55,175,0,0,46,0,40,0,38,0,0,0,0,0,199,142,105,0,0,0,190,95,0,0,49,105,156,48,0,0,0,0,51,132,39,0,140,0,0,167,0,0,70,40,44,0,0,0,63,0,59,0,84,56,0,36,0,0,899,117,119,0,149,812,0,99,64,212,42,0,45,66,28,64,83,212,351,43,0,85,62,55,30,79,54,177,0,0,174,78,29,55,43,46,366,100,79,0,0,0,50,611,0,52,0,588,0,139,0,0,0,128,0,37,79,60,0,59,12,121,0,45,0,0,0,173,92,170,210,0,54,0,0,83,0,65,0,184,28,0,20,36,0,97,0,0,25,69,342,0,0,277,117,157,38,200,91,54,49,0,0,144,0,69,43,0,0,0,31,170,0,196,98,0,0,0,58,0,40,0,0,189,67,42,48,90,641,32,0,56,0,109,211,130,0,0,57,26,265,95,0,0,99,25,93,143,77,79,0,0,46,0,737,41,0,141,91,39,0,49,0,0,0,0,0,157,52,98,114,141,0,181,186,54,0,69,39,122,0,48,0,0,0,0,71,0,0,0,142,0,82,127,0,56,0,145,0,52,60,81,52,37,0,0,0,0,69,51,39,66,159,0,104,63,260,0,0,0,0,223,181,0,0,0,0,0,152,0,68,131,265,124,38,173,0,251,359,95,0,0,268,0,0,27,0,0,126,0,0,0,25,84,64,35,78,0,130,0,45,0,0,180,185,70,23,40,0,13,0,0,33,0,0,0,0,0,0,0,0,158,0,0,50,0,0,0,0,0,0,0,0,87,0,0,135,0,0,15,139,156,0,0,61,48,15,83,81,65,140,61,0,0,0,0,0,54,0,0,59,211,0,117,0,166,10,52,48,104,0,0,0,92,57,235,0,43,0,241,0,87,24,0,0,0,56,107,0,408,0,0,0,0,26,75,49,0,0,107,60,0,88,72,0,0,0,0,0,157,54,291,26,0,997,101,0,77,68,0,0,68,0,0,0,0,0,0,0,218,79,39,0,780,75,0,62,0,0,81,0,0,59,28,0,103,0,0,0,0,0,0,60,0,61,0,87,0,45,0,73,111,0,31,0,0,124,0,0,71,0,53,0,0,0,0,0,48,0,58,269,0,0,0,51,0,0,0,0,55,0,107,0,30,36,89,51,252,72,125,0,41,0,141,167,0,232,0,0,0,54,101,0,179,0,0,0,85,43,0,82,110,0,0,0,0,0,84,33,0,0,0,0,45,0,139,0,0,75,0,45,77,0,0,0,0,0,396,108,58,243,0,25,0,119,0,0,0,0,0,0,0,0,0,0,101,52,0,0,0,0,0,59,146,0,38,83,0,104,0,28,0,103,0,13,26,46,115,0,0,0,44,250,0,0,0,0,0,120,96,76,76,50,42,0,0,415,172,0,31,12,0,126,53,39,0,0,0,30,0,39,0,0,0,0,40,0,44,99,88,0,0,0,0,115,0,0,0,34,0,0,52,0,0,63,0,0,32,0,163,0,26,72,26,35,77,27,0,108,38,133,0,33,0,95,0,0,0,179,0,0,26,236,0,0,24,0,111,44,267,0,778,69,44,0,0,0,0,0,0,50,50,36,182,0,0,113,37,0,257,0,0,0,0,55,0,92,89,153,0,56,0,0,0,44,0,0,102,0,0,0,0,60,0,0,31,114,0,0,594,0,199,0,56,41,0,0,44,52,0,0,0,0,65,0,152,0,36,45,101,138,0,74,0,55,108,162,912,38,113,22,0,0,0,69,0,0,0,0,0,58,0,0,0,0,203,0,0,0,38,0,0,128,0,89,0,71,0,0,0,46,0,48,86,0,0,79,0,0,0,19,0,127,0,149,0,0,203,35,0,204,53,73,120,0,35,0,0,51,34,96,0,0,79,281,0,0,0,82,132,18,0,0,0,0,0,0,0,296,120,49,42,0,203,0,42,0,73,0,86,0,0,0,145,241,61,67,42,0,272,0,67,0,0,0,54,0,0,268,61,0,0,0,0,16,0,107,63,0,0,74,0,300,172,0,153,0,0,0,0,0,0,83,101,0,0,0,0,57,45,0,529,48,0,40,84,0,98,43,0,71,86,0,0,0,0,0,54,0,0,194,0,0,92,123,0,73,74,0,0,107,18,116,0,0,0,0,62,0,0,0,37,0,0,0,63,0,114,0,0,62,0,39,0,0,50,0,0,0,0,107,175,139,0,0,0,0,128,0,50,0,81,0,0,0,97,55,0,0,0,0,82,42,37,0,0,0,0,30,0,0,0,198,62,0,0,90,72,49,125,133,42,0,70,0,131,33,0,0,80,70,146,0,0,1025,31,100,0,66,0,0,135,0,0,0,19,0,0,160,95,0,0,0,67,0,0,0,36,0,0,115,41,71,0,146,74,0,0,0,0,59,0,32,60,97,0,0,0,262,238,44,0,25,49,79,101,49,40,88,0,104,0,0,36,43,0,106,0,40,84,426,0,213,120,0,242,0,0,0,0,0,154,0,17,0,111,38,0,196,54,168,0,0,0,0,0,93,67,0,36,67,0,0,23,65,212,0,0,113,0,137,159,0,102,155,50,0,115,0,0,338,0,0,16,0,0,0,93,0,0,168,0,75,33,113,0,112,191,0,0,138,66,0,0,77,46,59,45,0,0,45,0,0,30,105,42,0,59,0,0,101,0,0,0,213,0,85,59,16,38,0,0,58,189,36,107,64,26,0,55,124,0,32,0,21,0,0,0,0,62,351,73,0,0,96,0,71,0,0,135,0,0,53,0,0,0,0,40,0,48,0,33,0,0,0,0,36,0,43,0,161,56,56,0,87,56,21,0,61,87,0,0,34,0,442,0,188,18,0,55,58,0,57,27,146,39,45,29,382,0,0,159,81,20,43,92,193,0,0,23,0,55,19,0,33,0,0,478,0,52,53,28,0,145,0,0,46,50,0,162,0,0,0,0,0,64,0,0,71,123,37,0,40,0,97,0,0,107,68,0,0,23,0,55,0,0,40,19,26,0,0,227,147,0,70,0,0,54,0,0,53,59,68,108,109,25,65,241,0,0,0,62,213,0,0,0,60,0,0,35,0,0,0,360,57,0,59,0,71,113,86,49,84,0,37,0,242,0,0,0,263,31,350,163,30,0,18,0,92,62,107,0,80,43,36,0,0,138,0,0,0,47,0,0,0,62,80,0,0,247,48,0,23,130,63,0,35,137,0,0,0,0,0,0,112,37,129,427,68,31,192,0,32,38,0,55,220,0,0,0,0,0,62,0,0,43,395,0,168,0,48,0,32,227,102,72,124,0,0,246,80,158,0,0,0,131,0,37,46,51,0,78,0,0,31,0,0,0,29,0,54,293,42,33,0,0,0,0,45,137,0,190,0,45,0,0,0,0,0,0,0,0,0,32,0,0,0,54,0,0,87,0,64,40,0,37,0,0,0,68,0,0,260,0,33,0,21,29,140,78,0,60,0,25,0,0,0,62,78,0,55,43,0,0,56,0,41,0,0,76,0,0,0,79,0,58,343,39,60,33,0,28,0,0,53,0,0,40,135,0,36,53,0,0,297,0,36,75,67,0,0,0,0,0,0,95,0,0,0,94,0,0,39,0,0,43,0,194,0,0,0,138,70,71,53,93,36,0,0,0,84,0,0,0,0,0,0,0,0,80,99,0,37,50,0,0,276,0,0,253,0,0,0,0,39,0,0,189,0,245,0,24,28,0,0,0,281,0,0,146,32,0,143,47,0,87,42,58,0,51,31,0,134,79,50,0,299,0,0,41,47,43,0,171,113,0,0,0,25,0,234,153,0,363,33,0,89,0,0,0,120,27,0,0,0,97,0,50,119,0,0,0,0,62,31,0,0,109,17,65,135,0,57,185,36,0,0,0,154,112,0,0,0,0,0,0,0,0,99,138,43,110,235,25,0,0,0,0,52,64,69,0,0,0,67,0,54,102,0,0,51,0,55,0,97,0,0,0,0,0,0,153,96,0,0,48,221,78,0,0,670,0,0,0,0,0,0,23,0,31,113,54,0,0,73,0,0,56,0,0,0,0,0,0,152,48,0,57,186,22,66,29,45,0,30,0,53,29,82,34,0,207,58,53,0,46,0,0,0,17,0,45,0,0,0,62,38,92,122,20,0,0,0,21,49,0,40,0,48,0,37,72,0,0,0,42,0,67,0,0,82,34,109,69,0,0,0,0,54,43,0,22,76,72,312,0,93,97,0,118,0,75,0,35,0,0,46,0,0,0,0,146,165,0,0,144,0,0,0,0,0,0,22,0,70,0,58,60,0,264,56,0,214,0,0,0,0,89,41,35,0,0,59,0,0,0,121,0,117,80,0,31,54,73,0,42,0,0,0,99,0,0,96,79,35,0,0,0,0,707,0,51,43,0,0,0,29,134,0,0,0,33,33,0,15,91,0,30,15,0,187,0,32,199,40,42,0,0,50,0,24,0,0,74,0,110,56,122,0,0,23,38,0,0,48,0,0,0,55,16,0,88,20,0,195,0,0,106,57,0,91,63,51,0,0,52,30,0,0,0,0,103,0,40,96,0,0,78,0,44,0,0,80,0,168,133,0,104,102,135,93,0,104,0,48,0,0,49,0,106,161,216,87,0,0,0,0,0,0,0,48,0,0,0,81,82,751,0,0,0,40,0,53,165,0,135,40,0,31,29,0,0,0,209,94,153,0,175,0,0,93,0,124,0,0,0,0,0,0,0,44,0,150,104,0,0,0,0,0,63,0,0,0,54,0,38,861,0,0,802,59,72,0,179,38,220,145,0,224,77,0,0,199,0,0,0,0,131,0,45,49,0,0,0,0,0,270,84,0,0,0,281,0,63,114,0,307,0,0,24,61,105,10,0,0,0,0,32,39,0,0,176,127,93,188,37,35,0,32,0,60,0,44,0,300,174,0,0,42,153,37,0,52,89,0,318,122,88,0,62,0,0,56,38,100,34,0,0,0,116,132,21,0,339,0,0,0,30,0,0,84,0,0,43,287,0,40,0,121,74,31,0,0,225,331,62,0,0,136,0,37,0,41,162,0,67,75,0,34,0,101,361,0,0,36,0,58,41,0,61,95,0,0,30,0,51,85,134,79,0,0,90,0,37,0,0,100,52,0,327,80,76,36,71,47,0,38,52,53,448,87,0,0,109,59,124,0,63,109,120,0,45,0,24,145,74,404,67,104,0,87,80,373,0,126,0,0,280,51,0,0,0,931,56,66,0,29,0,0,56,0,0,49,298,0,32,121,72,97,0,166,0,143,176,44,0,713,21,444,28,349,34,0,521,27,97,88,78,49,0,0,0,122,40,0,62,0,19,46,0,38,164,118,0,44,47,0,123,0,0,0,45,82,72,0,38,88,44,56,0,0,104,0,114,216,42,57,104,0,19,0,0,133,0,0,0,65,121,0,0,48,147,0,0,154,148,0,0,166,0,0,22,87,47,0,87,0,41,0,0,0,88,0,51,0,0,31,96,0,0,0,257,0,137,29,112,37,0,80,60,0,0,693,0,191,0,50,61,0,105,0,0,0,0,198,110,38,97,66,163,0,40,0,51,49,0,0,50,0,39,0,0,220,34,38,0,0,0,0,62,0,0,34,0,729,0,0,0,0,0,0,88,74,57,0,0,0,83,113,79,0,0,76,0,144,22,59,0,0,0,0,170,0,30,0,0,0,73,0,0,0,94,0,0,0,0,0,52,0,0,71,0,69,106,669,871,66,0,105,74,72,0,161,0,61,50,0,0,108,95,101,0,53,0,0,105,0,0,150,99,0,0,0,0,327,0,61,39,97,0,0,0,69,0,64,80,0,427,123,0,203,0,0,0,48,0,0,0,340,0,0,0,69,0,0,135,0,0,65,0,122,0,0,108,0,808,70,0,382,49,169,30,118,0,0,68,0,0,217,0,84,0,26,134,0,158,160,0,48,0,27,161,131,0,0,0,50,0,0,93,89,11,0,56,111,0,0,0,0,51,0,0,52,56,41,0,0,0,0,267,0,0,98,0,87,0,102,15,0,0,0,0,0,0,77,321,0,66,97,46,0,96,0,0,0,112,101,0,0,139,235,0,0,0
198,0,0,0,51,0,34,0,0,0,0,80,0,0,0,91,104,95,0,0,0,89,20,0,0,44,0,0,0,32,0,0,0,0,0,97,139,0,0,236,0,0,0,0,146,0,0,0,44,0,31,0,0,70,0,48,0,0,0,0,0,28,62,136,0,0,44,0,0,0,174,0,0,0,0,71,0,0,225,0,0,0,0,0,49,0,0,0,0,0,67,0,49,55,0,0,0,0,63,0,0,0,0,0,0,0,0,0,37,0,0,0,0,0,39,0,0,69,0,0,0,0,36,0,0,0,0,0,0,0,0,0,42,0,0,0,82,0,0,0,0,29,83,146,0,0,23,0,0,0,0,28,0,0,55,77,0,0,0,0,161,0,0,0,0,0,0,0,0,34,0,58,18,0,0,0,0,0,47,0,0,148,0,0,0,0,26,141,0,0,0,0,0,0,68,0,0,0,0,83,0,0,0,0,90,0,17,0,0,0,0,0,36,0,0,0,0,0,0,0,68,0,0,0,0,0,0,90,85,0,0,0,0,0,0,0,0,0,43,0,0,0,0,0,0,0,0,0,0,0,0,0,57,28,48,0,38,0,0,0,195,0,0,0,0,0,0,85,33,90,0,0,34,62,0,27,0,0,129,0,54,0,0,0,0,0,22,92,382,42,0,0,143,0,0,58,0,0,0,0,0,0,64,0,0,28,244,36,0,0,0,345,33,0,0,0,0,142,0,0,0,0,0,0,71,0,29,47,0,0,241,0,0,102,77,0,0,0,0,0,0,73,0,0,87,24,0,0,0,169,101,67,0,252,356,0,0,0,167,129,61,0,36,0,0,148,109,118,0,0,202,0,0,55,77,103,131,0,0,76,45,0,0,0,29,63,53,0,78,0,0,0,42,0,0,0,306,0,0,69,0,0,161,0,47,0,0,0,0,0,110,0,49,0,0,0,174,37,237,202,0,105,0,0,0,0,102,0,121,0,0,0,0,0,60,0,0,59,0,119,0,26,100,76,191,95,82,42,0,0,0,0,131,0,25,0,0,0,0,0,0,0,31,100,43,0,0,33,0,0,36,0,138,77,24,27,143,307,0,88,0,0,174,43,96,0,0,0,85,56,0,0,0,93,28,0,187,0,71,44,0,0,0,87,84,69,135,140,0,0,86,0,0,0,0,0,157,0,70,109,102,0,46,0,105,0,0,0,173,0,0,0,0,0,71,36,10,0,0,151,54,0,250,0,30,0,40,0,0,66,0,0,0,0,45,0,0,0,46,0,111,285,0,51,49,116,0,0,0,55,100,96,0,0,0,0,0,170,0,0,118,151,78,0,270,0,130,231,32,0,0,97,0,0,0,0,0,85,24,0,0,22,0,59,44,45,0,111,55,0,0,0,104,87,0,0,38,0,0,0,0,0,0,0,0,0,83,0,0,51,119,0,0,44,0,0,64,69,0,0,0,0,38,0,0,276,0,80,0,78,135,0,0,60,580,0,0,39,37,52,0,55,17,0,45,0,57,48,28,42,82,0,0,0,309,0,51,0,37,0,0,39,23,0,0,0,0,0,59,0,62,0,61,0,30,37,185,0,111,0,0,0,0,0,0,0,53,0,41,0,0,247,0,0,0,0,0,0,118,0,240,0,45,169,179,91,80,0,0,0,0,0,0,0,0,0,0,40,269,0,72,16,783,0,0,0,0,8,0,0,0,0,0,0,90,0,0,49,0,0,25,61,0,0,0,121,0,46,0,52,61,96,0,0,0,233,44,18,0,38,78,0,57,0,0,0,0,0,45,90,0,0,0,0,0,0,0,0,57,45,0,25,29,0,350,33,45,55,62,0,49,0,169,213,0,167,0,0,0,0,0,0,0,0,0,0,31,0,0,62,207,0,0,70,0,0,39,39,0,0,0,0,51,0,0,0,0,47,50,0,0,0,0,0,0,0,115,58,55,57,26,12,0,71,0,0,23,0,0,0,0,0,0,0,0,117,0,0,0,0,60,61,129,0,0,115,0,61,0,0,62,190,0,55,145,50,181,0,0,54,0,107,0,0,0,0,0,206,387,158,103,18,0,0,28,240,262,62,159,26,67,0,58,71,0,124,0,0,0,72,0,50,0,0,57,60,53,131,87,0,0,58,0,0,0,0,0,62,0,64,76,0,51,95,0,0,37,0,456,49,49,84,97,35,114,64,0,0,88,209,0,0,24,147,126,37,0,347,40,0,70,156,0,0,103,58,294,49,439,0,619,129,37,0,0,0,27,0,0,61,84,53,161,0,0,67,49,65,119,0,80,110,0,35,47,79,782,273,0,0,27,0,30,105,83,0,181,123,0,0,0,89,25,33,116,161,0,93,556,56,238,87,0,35,46,0,113,95,54,0,0,0,66,0,112,0,136,92,191,259,0,213,78,0,83,549,1382,44,42,52,105,81,0,160,0,54,79,45,0,69,0,107,0,27,763,0,0,0,0,0,21,313,0,82,0,81,0,0,0,0,117,0,78,0,50,46,0,0,0,44,36,250,37,213,0,91,549,65,0,220,61,73,30,50,0,0,0,106,83,210,0,0,126,464,0,0,0,63,134,33,62,0,60,0,34,0,0,598,65,48,76,74,75,91,229,0,38,39,268,0,0,54,324,273,195,0,272,0,319,71,89,0,97,0,124,0,106,311,145,26,0,0,0,32,29,251,169,71,0,141,30,372,146,0,366,0,0,45,0,0,0,59,55,54,227,0,0,0,0,0,216,0,55,91,126,0,53,0,0,110,68,27,0,70,18,0,0,0,0,61,0,0,38,224,106,36,119,0,0,116,59,86,0,62,27,0,77,0,54,0,0,0,0,41,110,0,0,0,0,0,0,60,30,51,66,0,0,0,0,257,379,193,0,0,0,38,362,0,56,21,183,0,32,28,48,0,0,0,74,0,0,73,26,0,0,31,0,0,45,83,0,68,80,0,0,124,0,57,0,174,0,0,128,0,42,43,0,206,35,0,245,0,0,1149,0,214,0,87,23,0,794,0,0,0,0,53,0,42,100,0,0,0,115,0,0,65,0,41,0,181,0,161,0,166,99,0,48,0,44,0,0,60,0,180,0,0,0,695,371,0,510,29,37,94,105,0,59,103,0,173,0,66,0,49,0,299,0,0,65,135,0,427,164,0,310,0,0,0,27,0,225,26,24,72,93,83,0,390,0,214,0,0,256,0,58,97,65,35,59,100,0,0,51,146,106,0,72,170,25,84,119,0,127,62,0,0,166,0,0,129,0,0,86,0,0,0,119,0,0,132,88,42,0,125,0,57,110,52,0,152,71,0,0,0,35,86,0,0,57,57,0,88,153,49,386,66,102,0,0,0,0,0,0,34,174,195,82,64,0,0,0,60,69,0,142,153,0,0,86,253,36,30,47,0,42,0,0,0,82,338,97,0,61,90,90,164,0,65,173,0,0,275,0,33,0,118,43,50,158,71,92,0,80,0,0,167,0,57,0,406,79,46,0,157,116,0,66,235,60,154,0,0,78,244,0,234,78,55,49,180,0,49,107,215,86,67,148,455,0,0,79,79,32,44,137,204,0,134,121,77,60,54,0,120,0,78,325,0,138,37,70,0,130,0,57,87,71,0,342,0,34,0,46,0,73,0,65,187,535,52,0,0,148,47,59,0,116,85,31,0,57,63,282,67,100,59,0,31,47,0,145,263,0,247,63,0,151,0,0,32,122,170,201,131,0,75,127,132,65,42,91,480,0,0,126,78,319,0,62,0,0,42,476,34,88,0,0,451,174,49,71,242,0,72,0,186,0,0,0,425,53,1017,114,183,54,0,112,96,25,113,62,201,55,83,111,58,91,0,140,0,92,80,139,26,181,218,0,0,464,71,0,0,210,145,36,82,171,127,33,34,0,61,52,214,80,329,808,47,111,90,0,35,58,0,80,341,0,0,79,0,64,141,0,28,116,546,41,313,0,39,65,0,161,402,61,134,42,64,316,80,492,0,0,35,248,0,99,54,114,55,133,43,25,24,37,26,0,98,0,0,276,82,0,0,0,0,0,0,81,0,677,0,0,109,0,64,45,0,0,217,78,0,98,89,0,112,105,45,0,51,31,81,0,0,0,55,0,0,148,0,0,166,0,71,0,82,48,75,143,0,51,63,49,0,34,0,148,144,66,122,120,0,59,0,0,0,43,0,0,31,0,157,55,88,99,134,30,71,100,127,0,0,35,54,0,131,82,289,0,69,77,28,0,469,57,67,60,401,0,153,86,0,45,43,162,88,139,0,176,44,93,0,53,0,53,173,289,0,51,0,128,93,149,129,219,103,0,0,51,66,0,0,67,71,0,0,48,36,43,207,14,54,0,26,0,517,63,0,658,0,80,0,0,75,0,0,200,120,366,0,29,57,38,0,0,69,47,112,0,65,50,86,119,92,339,110,91,0,0,56,116,160,140,0,79,433,0,0,101,135,122,0,257,141,0,0,0,0,83,213,381,190,248,130,0,101,0,0,48,72,0,0,74,0,140,0,55,425,0,0,0,0,0,119,55,0,220,83,81,245,0,54,171,44,26,0,0,190,74,0,68,0,33,61,0,86,58,228,222,135,0,74,87,0,0,0,0,0,111,304,0,59,33,63,92,60,94,0,0,150,0,160,0,134,0,25,15,66,0,0,91,375,0,0,37,541,93,61,0,1454,0,63,0,0,0,0,275,46,30,164,418,45,0,80,0,40,180,0,61,0,0,55,0,85,50,52,60,214,30,206,31,114,37,103,69,217,83,380,65,0,601,84,154,0,119,38,107,60,0,0,103,0,0,96,185,55,338,249,0,0,29,187,125,90,0,0,0,123,160,140,99,157,46,0,73,0,104,112,101,333,265,785,228,0,32,36,0,85,174,37,0,54,300,617,103,266,74,94,347,0,160,0,61,35,0,100,0,52,41,0,216,699,0,131,246,0,99,0,22,41,65,187,70,430,66,69,81,38,424,179,0,224,81,42,0,85,162,0,215,136,0,229,52,36,238,121,105,292,142,64,92,67,101,121,48,112,148,0,106,48,29,411,263,0,76,48,0,0,1666,0,239,104,75,121,37,91,261,0,0,0,55,97,0,38,241,0,136,24,0,542,58,80,405,75,57,0,72,114,0,87,41,100,189,0,172,373,210,0,0,60,106,99,40,79,35,0,118,63,69,0,145,38,72,561,0,0,143,152,32,237,89,132,0,57,88,0,0,0,0,40,159,38,47,214,41,195,268,0,76,0,0,184,0,163,230,209,75,79,283,116,143,340,0,115,30,25,145,112,442,179,310,159,0,0,77,89,45,0,37,158,61,0,73,132,127,1038,72,0,53,93,0,163,338,150,272,70,166,67,47,0,132,0,334,433,181,62,452,0,0,220,68,108,79,41,0,23,136,0,0,128,56,124,163,0,17,0,0,0,165,139,0,63,103,0,120,786,40,29,645,82,161,26,196,42,427,69,27,160,124,40,30,92,0,0,370,0,550,183,113,111,32,98,29,43,0,1032,84,39,35,0,173,31,58,140,346,358,0,0,61,87,120,0,0,722,0,65,117,0,501,212,347,178,236,287,0,0,113,113,57,57,53,284,24,1142,448,26,0,0,64,120,33,197,67,62,188,219,204,49,55,0,109,0,39,107,31,94,0,55,75,92,127,20,415,82,0,157,37,0,148,280,0,105,168,201,64,53,0,73,115,112,38,0,275,1230,104,21,49,144,63,65,58,142,352,89,174,212,105,197,74,84,191,68,0,47,37,30,0,45,139,80,45,77,87,0,114,119,163,174,0,51,528,0,31,322,41,48,140,70,288,284,250,54,194,0,115,147,34,146,438,0,0,0,475,95,155,154,81,218,153,114,124,60,69,803,139,352,47,387,288,247,160,254,0,78,153,41,146,127,137,60,44,1070,61,202,37,0,53,0,661,0,40,41,1008,0,28,272,0,0,101,301,38,336,409,128,80,818,56,508,136,324,0,161,216,0,96,161,262,128,135,0,0,81,138,31,192,209,66,221,41,194,330,398,0,192,125,0,191,0,0,82,82,89,105,64,406,373,28,140,0,0,51,52,96,153,54,121,293,0,0,47,108,241,570,27,43,128,254,0,0,99,120,70,0,239,344,29,49,323,51,58,123,328,59,267,226,0,60,0,0,0,261,52,78,147,0,0,269,66,0,7,271,23,133,75,206,0,146,262,160,0,0,1098,129,272,0,280,106,11,139,0,0,0,162,497,302,75,310,262,104,0,125,0,41,110,80,0,0,55,26,0,49,403,324,49,144,0,0,267,102,0,0,131,49,863,123,0,0,35,0,94,0,83,85,65,237,0,129,249,585,32,0,997,0,39,0,97,178,0,0,30,205,0,98,0,0,94,231,0,0,114,53,78,85,0,132,104,101,238,0,158,0,57,244,195,2454,76,154,42,217,171,108,289,57,282,59,195,67,261,70,39,276,92,55,0,232,96,0,314,215,0,108,250,191,168,90,97,132,108,74,77,0,118,112,125,334,41,1285,226,0,584,0,0,59,0,0,97,138,609,0,0,0,250,45,0,350,35,0,0,0,202,53,89,0,239,312,0,0,733,67,251,0,293,0,108,61,36,0,305,41,78,0,54,119,0,156,212,59,0,455,174,594,505,44,70,145,123,89,0,940,214,0,0,159,144,55,48,17,85,74,34,148,117,39,61,0,91,0,0,480,172,0,276,104,100,0,545,41,42,0,31,0,44,0,73,255,0,105,199,397,72,92,29,38,40,172,166,63,0,284,743,93,41,106
199,0,0,0,0,0,0,0,0,0,0,0,0,0,0,0,0,0,0,0,0,0,0,10,0,19,0,0,0,0,0,0,0,0,0,0,37,0,0,48,0,0,0,0,0,0,0,0,0,0,87,0,29,0,0,0,0,0,0,0,0,35,0,0,0,0,25,0,0,0,0,0,0,0,0,0,21,0,0,0,0,0,0,0,0,0,0,0,0,0,37,0,0,0,0,0,0,0,0,0,0,0,0,0,0,0,0,0,0,0,0,0,0,50,66,0,0,0,0,0,0,0,68,0,0,0,0,0,0,0,0,0,0,0,0,0,48,0,0,0,0,0,0,50,0,0,0,0,0,0,0,0,0,0,47,0,0,0,0,63,23,0,0,32,0,0,0,0,0,0,0,0,0,0,0,0,0,0,0,0,0,0,0,0,0,0,0,104,0,0,0,0,0,0,0,0,0,0,0,0,0,0,0,0,0,0,0,0,0,0,0,0,0,0,0,0,0,0,0,0,0,0,0,0,0,0,0,0,0,0,0,0,0,0,0,0,0,0,41,0,0,0,0,0,0,0,0,0,0,0,0,0,0,0,84,0,0,0,0,0,0,0,0,0,0,0,0,46,0,86,0,0,0,0,0,0,0,0,140,0,0,0,0,0,0,0,0,0,0,0,29,0,45,0,0,0,0,0,50,0,0,0,0,0,0,128,95,0,0,0,0,73,0,0,0,0,0,0,0,0,0,0,0,0,0,0,0,62,0,0,67,0,0,0,41,0,0,0,0,0,0,20,0,0,34,0,0,0,0,0,0,0,0,0,135,0,0,0,52,0,0,0,0,0,0,184,87,44,0,0,33,0,0,0,0,105,0,0,0,0,0,0,0,0,0,0,0,0,0,0,0,0,99,0,0,0,0,0,0,22,0,0,0,0,0,0,0,0,0,0,0,0,40,0,0,0,123,0,0,0,0,0,0,0,0,0,0,0,0,0,0,0,0,0,0,0,0,28,0,31,0,0,45,0,0,25,0,0,0,0,0,0,0,0,0,0,0,0,0,0,0,0,0,0,0,0,0,0,0,0,0,0,0,0,0,0,59,39,0,0,0,0,0,0,0,0,0,38,0,0,0,0,0,0,0,0,0,0,0,0,0,0,0,0,0,0,100,0,0,0,0,0,0,0,0,0,0,0,0,0,0,0,29,0,0,0,0,0,108,0,0,0,0,0,49,0,0,0,0,0,0,0,47,0,0,0,0,0,0,0,0,0,0,0,0,0,0,0,0,0,71,141,0,0,0,57,0,0,0,0,0,0,0,0,0,0,0,0,0,0,0,113,0,0,109,0,0,47,0,0,0,27,0,0,0,0,0,0,0,0,0,0,0,106,0,53,0,33,0,22,0,0,102,118,43,0,0,32,0,0,0,0,0,0,0,0,0,0,0,0,67,0,0,0,16,0,0,0,0,0,0,0,111,0,0,50,0,0,0,120,156,0,0,0,0,0,0,37,0,58,0,0,46,0,0,0,0,0,0,0,99,0,26,0,0,0,0,0,53,0,30,0,0,31,0,0,0,0,43,0,68,0,0,0,47,0,0,0,155,0,0,43,0,38,0,33,0,0,81,46,0,0,59,0,0,0,0,0,194,0,125,0,0,85,111,43,115,0,0,0,0,0,0,0,0,0,0,0,43,0,0,51,945,63,0,0,0,0,44,0,15,0,0,0,131,0,0,0,0,0,0,42,0,0,0,102,0,41,0,90,86,0,0,0,0,44,0,0,0,59,0,0,44,0,0,0,0,0,81,0,0,0,61,0,0,42,0,0,0,0,26,0,40,0,0,0,0,0,0,0,70,0,70,0,0,165,0,0,0,65,0,0,0,0,0,26,50,23,0,88,67,0,0,0,0,0,41,0,0,0,0,0,99,0,58,0,0,46,0,0,0,0,0,0,0,0,193,41,48,158,0,33,0,157,0,0,40,0,0,0,0,0,0,0,46,0,0,0,0,36,0,0,58,0,0,33,0,58,0,0,0,0,0,84,0,0,65,0,0,0,0,76,0,0,0,55,0,144,248,0,33,0,0,0,0,201,141,44,84,0,0,0,0,38,0,0,0,0,0,0,0,0,0,0,0,44,0,38,63,0,0,36,0,0,0,51,0,0,0,21,24,0,0,66,0,0,0,0,162,0,0,0,0,0,244,0,0,64,57,185,0,0,0,104,0,0,0,0,0,0,0,0,0,0,41,66,142,0,240,0,936,27,0,0,0,0,0,0,0,0,53,0,0,0,0,100,0,46,267,94,33,56,0,0,0,27,198,74,32,30,0,0,0,35,0,0,0,54,0,0,0,25,0,33,67,75,0,50,236,0,55,0,0,0,0,0,39,56,0,0,0,0,0,0,265,0,16,0,67,180,0,138,46,0,0,211,644,0,73,0,34,0,0,0,0,0,57,0,0,0,0,68,0,22,400,0,0,0,38,0,0,168,0,88,34,27,0,0,0,0,64,0,36,0,27,0,40,0,0,22,0,163,0,288,0,41,0,34,0,314,0,110,0,0,36,0,0,103,54,190,0,0,0,236,0,0,0,44,0,0,0,0,0,0,0,18,0,280,44,78,45,107,0,0,68,0,0,0,150,0,0,54,114,0,154,33,105,0,0,44,101,0,58,61,0,0,45,165,92,0,0,0,0,0,0,112,224,0,0,53,21,303,91,0,92,0,0,34,0,0,0,0,32,0,31,0,0,0,0,0,0,0,0,0,0,0,0,65,0,0,0,0,0,0,0,0,48,0,0,73,0,0,0,133,58,0,82,0,0,0,0,54,0,0,0,0,0,0,39,0,22,0,0,0,52,0,0,0,0,0,0,26,52,0,28,0,0,0,0,45,57,0,0,0,0,0,227,0,0,0,0,0,0,0,27,32,0,0,0,0,41,22,0,27,0,0,76,0,0,0,0,36,0,0,0,162,0,0,0,166,0,0,139,0,72,0,0,79,130,0,0,0,0,298,0,40,0,95,31,0,283,0,0,0,0,0,0,71,140,0,0,0,0,0,0,0,0,30,0,53,0,0,0,137,128,0,33,0,0,0,0,0,0,0,0,0,0,551,96,0,231,0,0,38,59,0,0,60,0,74,0,0,36,59,0,61,0,38,0,113,0,0,0,0,200,0,0,0,0,0,43,0,43,48,83,0,0,76,0,40,0,0,55,0,0,0,0,27,58,78,0,0,0,0,52,0,29,67,0,47,92,0,81,65,0,0,0,0,0,0,0,0,0,0,0,0,73,0,38,44,0,0,0,169,0,0,0,0,0,23,72,0,0,39,0,41,0,0,0,56,0,66,61,0,49,0,52,0,0,38,0,9,0,108,137,50,43,32,32,0,0,41,0,0,0,152,0,0,0,0,0,0,28,51,0,0,0,0,82,320,31,0,0,43,0,37,0,0,0,0,31,80,0,0,0,97,85,0,0,0,0,0,50,0,0,163,0,40,0,255,110,41,0,0,0,0,56,116,0,0,0,0,0,258,0,147,0,0,0,115,0,36,68,0,56,0,57,440,0,0,0,45,0,29,0,50,0,109,0,52,0,0,0,0,0,30,91,0,81,0,0,0,30,0,0,31,0,0,190,0,43,0,43,0,0,0,36,0,232,0,0,0,82,0,0,0,89,47,0,50,0,0,148,0,32,0,0,0,0,0,105,244,0,0,0,0,80,37,0,0,0,0,47,109,0,0,53,136,24,0,35,163,0,0,0,0,300,0,0,0,0,0,657,0,0,0,0,93,0,97,53,83,17,46,0,306,0,0,0,148,31,650,51,58,0,0,0,56,0,0,0,0,0,0,72,102,74,0,0,0,44,0,46,0,48,0,0,0,163,0,0,0,155,74,0,0,61,56,0,52,0,0,0,82,0,69,538,0,78,48,0,0,42,0,0,96,0,0,0,0,0,65,0,0,41,119,0,73,0,0,41,0,241,104,73,203,0,0,180,0,205,0,34,0,72,0,156,55,39,38,0,0,0,0,0,0,0,72,0,0,105,0,0,0,0,0,0,21,45,0,286,0,81,0,0,0,0,17,0,79,70,0,93,0,0,0,51,0,0,43,0,0,0,0,0,58,37,0,32,0,0,78,0,41,0,117,43,160,108,25,78,43,56,0,34,66,51,132,58,38,75,0,0,0,0,0,0,0,0,0,0,78,0,71,48,54,40,0,93,44,0,0,0,33,0,0,41,156,38,48,35,0,0,206,54,50,0,170,0,145,44,0,0,0,155,92,57,0,190,51,0,0,0,0,98,131,72,0,0,0,38,0,68,69,124,62,0,0,0,92,0,0,0,27,0,0,0,0,115,97,0,0,61,0,0,210,0,0,523,26,0,0,0,0,0,0,290,98,116,0,0,0,0,0,0,37,0,38,0,59,42,0,61,44,158,135,0,0,0,20,55,46,62,0,0,171,0,0,71,65,120,0,0,37,0,0,0,0,0,50,133,30,0,0,0,0,0,0,0,0,0,0,41,0,0,0,0,92,0,0,0,0,0,67,0,0,57,0,119,54,0,0,153,0,0,0,0,211,149,0,0,0,30,0,0,0,0,167,131,65,0,0,33,0,0,0,0,64,0,0,0,0,0,0,72,0,0,0,0,127,0,75,0,93,0,41,0,0,0,0,0,45,0,0,0,54,0,0,0,530,0,0,0,0,0,0,115,45,37,59,141,0,0,0,0,0,69,60,79,0,0,73,0,25,135,0,44,158,0,100,0,0,0,0,83,0,46,142,102,0,316,0,50,31,0,131,27,0,0,0,58,51,40,60,0,0,136,88,0,34,0,107,125,0,0,0,0,79,51,53,0,0,0,0,26,0,112,47,45,200,235,266,61,0,25,0,0,53,67,52,20,117,113,534,188,163,89,95,161,0,57,0,63,40,0,69,0,102,57,0,129,456,0,44,136,31,48,0,0,60,22,114,0,263,105,0,86,0,228,236,0,221,41,45,0,0,67,55,82,31,0,83,44,64,84,101,47,184,0,0,64,127,0,0,25,58,75,0,81,0,0,136,108,53,73,21,0,0,561,20,405,0,126,0,27,184,175,0,0,0,0,43,61,39,0,38,0,24,0,307,51,28,581,0,0,11,50,62,0,65,0,0,139,42,81,145,138,0,20,86,54,61,52,0,0,0,0,0,0,0,21,0,43,155,0,0,129,91,0,113,124,55,0,134,65,47,78,0,0,0,65,0,71,110,0,85,251,0,0,0,0,115,0,74,135,61,223,74,140,72,0,91,0,82,63,0,109,25,153,549,189,105,39,0,73,51,0,0,35,121,0,120,41,126,102,571,46,0,48,41,0,94,220,103,275,0,64,26,0,0,77,0,88,323,58,42,532,0,0,88,70,43,96,0,0,0,52,53,62,90,51,290,78,0,0,0,46,0,113,48,0,0,0,0,0,658,0,0,132,63,51,0,168,0,67,56,0,146,22,0,0,49,0,0,31,0,119,0,55,72,0,33,63,0,0,477,0,0,0,0,36,0,47,0,109,158,0,0,0,61,57,0,0,110,0,0,85,0,224,48,109,74,101,223,0,0,0,0,0,41,0,108,0,405,352,28,0,0,149,0,33,0,68,0,0,264,41,32,0,0,0,95,0,44,36,16,0,0,77,0,49,0,335,0,0,0,0,0,0,113,0,0,57,98,0,0,0,99,0,32,0,0,91,526,53,0,0,105,0,0,0,27,138,24,0,254,0,43,0,18,121,0,0,0,38,15,0,0,85,0,0,0,41,0,0,32,92,101,41,0,157,0,0,88,0,29,0,0,164,0,71,0,0,31,52,39,0,56,123,0,0,0,95,0,47,53,41,103,87,35,0,0,0,445,0,318,0,135,51,129,116,262,0,44,50,0,83,0,0,0,0,340,43,57,0,0,37,0,69,0,0,33,194,0,0,93,0,50,0,118,0,119,154,46,41,101,0,119,29,152,0,0,146,0,73,53,73,0,67,0,0,45,48,0,40,0,0,53,0,81,230,139,0,0,36,0,45,0,0,0,0,0,26,61,85,202,13,0,0,0,0,0,33,183,0,0,59,0,46,0,0,99,101,0,19,59,110,0,41,69,58,0,0,0,41,0,0,54,46,97,51,81,154,108,0,0,0,0,0,0,171,0,0,0,0,55,83,0,26,0,101,0,0,0,165,65,145,0,0,0,0,331,0,321,0,0,0,0,0,59,0,19,0,187,0,0,97,0,86,0,0,0,62,58,33,0,0,48,20,0,0,294,179,0,53,0,0,89,54,0,0,0,0,172,0,0,0,13,0,0,51,0,89,0,101,0,0,65,45,47,0,269,50,74,0,0,56,0,0,0,112,0,78,0,22,0,0,0,0,0,88,0,19,0,41,71,0,128,0,0,0,32,56,188,227,0,110,58,89,191,0,52,36,32,0,43,0,31,103,184,98,54,32,0,0,93,0,172,98,0,61,0,0,230,0,107,0,148,0,0,0,0,0,74,209,0,424,43,0,237,0,0,50,73,0,0,0,427,0,0,48,154,0,0,30,0,0,67,0,70,0,55,183,129,283,101,0,202,0,188,0,59,0,138,32,0,0,108,0,106,0,0,61,0,55,79,0,0,128,0,112,184,0,0,20,0,0,0,917,69,0,0,0,76,35,37,0,0,0,28,78,0,90,35,0,132,0,0,111,0,0,0,0,26,0,413,0,0,0,0,0,0,0,0,177,0,0,113,60,0,0,66,0,0,0,0,42,0,37,642,0,0,0
200,0,0,0,0,0,79,0,0,66,0,315,44,0,0,194,114,278,0,0,0,437,54,126,94,184,0,0,81,0,0,0,0,0,44,80,72,0,75,99,71,57,46,0,250,0,0,61,257,0,141,58,181,90,0,129,0,0,0,0,0,180,72,0,38,0,96,0,0,0,275,0,60,0,0,283,78,0,336,38,176,0,0,208,269,0,0,0,54,43,170,138,81,93,143,39,76,0,0,0,0,0,0,183,20,24,62,0,133,34,224,44,0,158,119,43,0,242,0,0,273,0,282,41,26,63,0,0,54,71,81,0,240,0,108,82,233,86,0,0,92,71,71,271,0,0,62,39,0,152,0,0,148,65,128,127,0,148,30,252,95,83,0,137,52,82,50,0,216,207,257,248,47,80,0,28,41,0,255,89,33,0,0,76,0,88,54,251,296,0,0,0,186,78,0,0,100,0,0,121,0,145,135,66,266,0,33,35,0,136,129,97,0,87,38,159,0,86,37,0,157,224,0,0,271,11,0,134,240,18,95,27,0,59,49,0,55,103,497,0,0,81,72,79,82,0,111,32,69,0,96,43,224,72,138,59,63,0,0,90,144,153,64,47,0,0,0,480,70,549,26,36,176,238,65,126,124,0,967,538,47,0,0,170,0,0,62,325,2326,104,79,42,184,0,32,0,0,70,60,52,72,32,80,0,0,144,208,184,0,75,36,472,121,0,0,0,62,83,49,0,37,0,0,39,235,90,31,339,0,45,387,0,0,0,78,44,0,0,45,97,37,0,0,47,181,0,0,0,56,435,66,90,0,184,599,0,50,81,589,212,62,74,102,25,92,297,326,257,104,0,153,103,71,0,64,134,231,0,0,118,70,44,128,0,108,439,0,0,139,0,33,0,685,34,95,0,407,79,147,0,0,32,144,0,34,54,0,44,34,0,0,0,157,29,0,30,340,54,248,84,57,221,66,48,98,46,85,0,254,0,24,0,47,0,123,0,0,45,64,266,0,0,334,83,155,64,161,159,59,100,31,0,179,0,107,33,44,66,38,31,225,0,192,147,0,0,40,40,0,41,40,0,171,79,0,86,294,541,88,113,48,0,134,215,128,0,0,152,148,134,47,50,0,182,0,93,92,25,134,0,0,62,0,618,0,58,499,114,0,36,59,32,0,0,0,0,145,71,111,92,110,30,256,241,101,24,79,48,136,0,0,33,0,0,126,94,0,0,0,45,44,47,337,0,71,26,141,0,0,96,56,60,0,94,80,41,55,103,84,0,104,285,0,129,0,360,51,0,0,55,139,117,0,0,0,0,0,79,0,75,160,344,163,21,165,0,344,484,33,0,37,333,0,63,0,0,0,237,0,58,0,50,126,74,74,68,0,229,52,59,0,40,178,144,50,0,64,87,0,59,0,0,0,0,62,33,44,0,0,166,184,50,0,64,0,0,16,64,0,0,0,0,93,0,0,61,36,70,32,91,80,0,0,44,520,0,106,47,0,209,148,46,69,0,0,66,0,84,0,0,149,55,94,0,171,35,37,0,317,41,0,0,113,37,256,0,79,46,184,0,33,0,68,0,91,44,120,0,333,0,0,85,0,138,84,0,29,109,148,60,71,102,93,0,0,0,0,0,148,0,180,61,129,1418,135,150,76,69,0,0,141,49,0,0,37,0,0,0,143,105,196,34,1052,127,0,57,0,0,77,0,0,27,63,0,92,49,0,0,0,0,0,47,0,91,0,113,0,35,0,122,97,145,0,0,0,43,0,40,71,59,90,0,144,0,0,0,65,23,216,296,0,0,100,89,0,125,0,81,61,0,90,68,25,91,138,0,251,150,40,0,64,0,183,304,0,111,0,32,21,0,72,0,127,78,30,0,84,73,0,185,101,0,19,46,27,0,74,64,0,0,0,0,220,0,87,0,0,69,39,89,80,0,86,0,0,0,300,219,85,352,65,0,0,99,0,53,26,0,0,0,0,21,0,0,161,151,0,0,0,0,0,47,65,0,75,92,0,51,0,51,71,175,0,72,177,22,249,62,0,0,88,291,0,68,0,0,0,428,470,380,95,25,68,25,0,643,150,78,188,0,65,0,30,0,0,0,78,39,44,93,38,51,0,28,88,34,72,125,143,29,0,64,0,127,0,88,42,54,54,68,100,0,90,259,44,0,0,54,466,33,67,54,58,39,151,85,0,92,106,243,0,49,0,178,113,36,0,258,60,0,0,197,0,0,68,100,588,57,685,0,1047,187,55,69,0,0,33,0,0,111,61,49,191,0,0,135,54,62,258,110,0,115,0,125,28,132,819,277,43,69,0,46,95,63,66,0,285,85,0,0,32,164,0,36,0,229,0,115,899,113,105,48,166,117,62,0,193,72,103,0,59,0,90,83,194,0,0,71,183,259,0,335,95,81,122,353,785,210,270,64,97,134,64,188,0,0,85,85,0,45,0,99,0,0,268,0,0,0,144,46,75,201,39,173,73,30,89,35,33,39,112,0,177,0,50,77,70,0,0,110,0,429,136,261,0,54,610,87,0,435,76,163,290,26,84,0,53,87,47,114,0,0,95,522,0,44,0,127,174,0,120,0,0,0,38,0,23,526,164,76,63,99,82,80,38,0,45,92,360,73,44,0,251,254,314,59,155,0,288,40,128,0,103,87,220,0,48,312,148,0,77,0,0,23,62,281,211,46,39,212,63,470,186,0,310,37,0,67,0,0,0,0,0,53,93,0,52,107,54,0,249,0,0,95,192,44,0,26,27,74,49,43,0,115,0,0,38,0,0,117,0,0,0,102,114,0,0,0,0,0,0,96,0,116,65,0,71,0,96,0,0,0,50,0,89,0,59,0,19,86,33,80,115,0,122,0,0,0,0,209,250,284,21,0,0,0,238,0,69,36,214,0,0,0,57,43,0,33,0,0,102,51,0,103,0,0,59,33,0,151,0,109,80,0,46,172,0,40,46,236,0,41,211,17,106,36,0,349,69,0,266,0,0,1529,0,48,17,105,25,30,478,0,0,124,65,156,0,154,128,0,0,36,46,0,50,60,0,0,0,195,0,0,0,154,166,23,0,32,0,0,0,0,33,181,0,0,0,1052,200,29,350,0,49,205,104,48,31,90,0,170,0,0,34,108,0,198,0,75,0,135,0,306,175,0,258,0,0,0,0,0,232,60,67,60,78,170,0,180,0,132,0,65,141,0,0,0,120,48,59,51,0,83,61,22,0,39,97,184,42,363,210,71,112,79,0,0,223,0,0,277,0,49,49,0,21,0,222,0,0,254,81,0,0,233,0,76,0,98,0,218,282,21,13,0,74,111,47,0,79,85,0,130,95,73,186,0,49,0,42,169,60,43,27,337,183,55,91,67,56,37,0,0,149,0,53,416,0,0,0,240,0,64,116,49,0,0,0,0,54,370,91,0,0,108,0,112,0,0,45,31,23,150,0,0,0,110,52,0,61,93,42,0,0,0,0,92,0,177,0,46,88,59,0,116,69,60,42,137,109,203,0,0,0,235,0,179,0,69,50,74,0,0,55,64,86,45,252,517,0,0,233,46,30,33,213,194,0,55,0,64,0,0,0,130,0,22,386,0,37,0,47,39,0,0,36,0,106,0,157,61,78,0,0,0,115,0,37,225,111,57,0,0,0,21,77,34,96,71,47,0,26,0,439,42,92,68,28,0,117,0,158,226,51,85,0,0,91,0,0,77,114,50,60,91,0,129,288,0,0,64,73,324,0,0,42,30,71,0,0,0,0,38,868,82,0,0,0,150,64,115,0,150,0,0,0,305,0,0,0,504,58,281,52,47,0,0,97,173,52,98,0,0,56,78,33,57,92,0,38,0,60,0,44,0,74,126,0,0,643,0,0,0,147,95,45,71,215,67,58,0,0,0,0,98,79,292,522,101,0,60,0,0,0,29,88,137,0,0,27,0,30,0,0,0,69,161,0,339,21,58,35,27,174,119,133,241,61,55,225,126,69,40,0,0,180,44,172,75,63,111,136,0,0,50,0,44,0,53,0,0,154,100,74,0,0,0,37,49,116,0,734,0,75,181,0,0,47,63,0,136,85,0,89,46,30,115,80,100,0,158,57,46,39,0,54,89,46,25,106,0,0,184,15,62,0,0,90,173,205,41,150,0,0,0,40,0,152,178,40,43,282,0,0,87,23,0,0,0,46,0,0,118,44,59,89,236,34,83,128,51,29,0,0,35,35,102,56,269,17,118,71,0,56,486,64,70,105,179,0,122,99,0,43,46,343,64,121,0,0,83,51,0,28,0,0,82,298,0,0,0,191,102,92,52,193,97,0,0,52,171,0,0,82,85,0,0,43,0,151,297,0,42,108,0,0,452,0,0,733,0,0,0,0,74,39,0,551,95,327,0,81,0,45,0,0,163,0,64,160,86,29,117,75,102,234,0,96,0,43,50,91,308,155,56,51,742,0,0,193,70,298,51,145,164,52,0,0,14,90,310,187,87,230,32,0,111,0,0,0,0,0,21,135,0,173,0,0,365,34,24,0,0,70,120,85,42,168,86,153,159,23,0,432,71,0,0,0,181,560,0,0,0,47,37,0,180,0,133,105,54,81,122,61,31,37,0,0,65,105,268,0,77,21,59,55,60,145,0,0,142,0,116,0,203,0,50,22,80,0,0,107,376,0,0,84,362,96,0,0,797,0,0,0,0,0,0,150,39,45,130,389,0,0,72,0,47,158,67,31,45,0,188,0,117,0,0,107,508,50,172,63,72,0,66,0,124,40,146,83,28,544,127,119,69,77,131,59,0,36,23,56,0,40,46,127,48,175,177,31,0,0,138,173,93,0,89,0,108,110,100,162,98,0,0,0,0,118,112,58,582,194,670,253,0,0,0,0,67,197,51,35,52,122,740,44,123,103,174,314,0,151,0,35,43,0,78,0,0,30,0,315,404,0,46,96,0,0,0,0,59,70,173,0,671,55,49,58,49,201,174,0,83,72,0,92,0,180,62,186,65,0,84,94,0,165,198,0,109,92,0,0,61,0,113,0,200,93,0,224,0,0,244,159,60,60,47,47,0,1225,0,40,89,0,115,40,42,106,29,21,74,0,0,0,55,183,0,134,40,0,388,110,80,207,47,64,0,0,87,0,62,0,52,77,51,58,245,74,0,31,71,49,135,103,168,73,0,118,0,77,0,247,0,35,404,0,0,50,71,0,96,96,133,31,0,92,67,51,0,0,28,78,27,50,207,0,296,258,37,0,0,0,201,0,130,91,73,184,88,294,46,129,284,0,135,53,31,51,94,199,0,111,114,47,0,76,140,64,0,0,126,0,0,59,186,108,1198,78,0,59,77,56,103,124,89,188,48,227,52,0,0,74,22,228,394,134,0,211,0,0,65,46,65,102,0,0,0,128,111,73,53,65,97,185,0,0,0,0,0,0,73,0,0,27,0,42,678,0,0,639,0,0,0,127,0,190,112,0,167,0,54,0,259,0,0,97,24,192,58,0,0,48,33,0,0,0,191,112,27,0,0,163,0,127,214,271,148,0,0,20,32,57,24,0,248,0,22,27,45,175,163,80,163,117,208,26,0,0,61,0,57,27,146,0,622,122,0,43,51,182,169,0,82,68,38,255,36,97,54,60,70,30,0,0,61,0,91,0,0,175,156,0,0,272,0,0,121,0,0,56,192,0,0,92,248,0,0,0,131,34,0,0,0,229,699,33,0,0,48,62,0,0,60,112,0,69,0,48,39,0,98,366,0,0,25,0,73,33,30,25,74,24,65,68,0,55,104,130,91,32,33,268,0,87,0,0,65,75,78,384,113,86,0,94,0,0,74,60,128,516,164,0,0,452,70,64,71,49,60,71,50,103,0,35,488,55,364,41,191,0,206,94,161,0,134,31,0,210,38,56,50,36,778,70,102,26,0,0,0,327,0,0,0,601,0,62,190,144,90,34,238,18,142,253,0,46,283,0,242,72,325,0,71,298,0,50,0,150,85,106,0,26,100,74,0,128,94,26,97,0,190,236,192,0,123,63,46,48,0,0,89,33,68,82,22,372,281,83,0,0,0,191,46,168,377,25,53,164,0,0,0,52,188,188,0,0,59,219,0,0,60,204,24,0,104,137,0,52,348,66,50,148,97,123,169,67,0,83,0,0,0,190,12,68,60,0,57,74,0,25,0,185,0,104,83,131,0,109,102,145,0,0,647,63,768,34,203,56,0,45,0,0,42,98,248,128,34,173,44,131,0,51,0,132,37,0,0,72,49,0,0,56,287,129,25,71,0,0,101,130,0,0,0,47,342,68,75,0,45,55,38,53,79,0,41,85,90,76,127,259,0,0,224,0,181,26,66,58,0,0,0,188,0,94,0,67,34,118,57,0,52,171,0,45,0,33,85,0,102,0,74,6,45,128,885,971,65,103,145,86,222,39,165,0,243,89,85,0,99,123,136,81,75,0,0,67,0,0,142,205,0,59,95,104,668,0,115,44,344,0,30,14,62,52,126,112,0,884,109,0,322,0,0,110,0,0,104,86,183,0,0,46,85,0,0,120,0,0,95,0,133,26,180,170,110,1000,68,0,347,0,324,51,205,0,90,124,35,0,149,21,196,0,43,180,0,69,138,0,0,161,109,482,113,68,0,0,76,0,0,365,151,0,0,56,155,0,0,0,0,56,30,60,117,56,53,0,102,0,0,443,116,62,117,44,53,0,380,0,0,47,0,22,0,24,127,138,0,51,121,187,55,175,48,0,0,0,71,52,17,117,272,0,0,99
201,0,0,0,0,0,0,0,0,0,0,0,0,0,0,57,71,137,0,0,0,32,0,0,0,0,0,0,27,0,0,0,0,0,0,0,0,0,13,46,0,0,0,0,0,0,0,0,60,0,0,0,0,0,0,50,0,0,0,0,0,53,15,89,0,0,0,0,0,0,67,0,0,0,0,0,0,0,59,0,0,0,0,0,66,0,0,0,0,0,67,0,0,0,0,0,0,0,0,0,0,0,0,21,0,0,0,0,0,0,98,0,0,0,0,0,0,54,0,0,0,0,0,0,0,0,0,0,0,0,0,0,115,0,0,0,28,0,19,0,0,0,57,104,0,0,20,0,0,0,0,0,48,0,24,0,0,0,0,0,69,0,0,0,0,0,0,0,0,116,71,32,0,0,0,0,0,0,0,0,0,0,0,0,0,0,0,159,66,0,0,0,0,0,0,0,47,0,0,0,0,0,0,0,139,0,0,0,0,0,0,0,0,0,0,0,0,0,0,0,57,49,0,0,99,0,0,0,0,0,25,0,0,0,0,0,0,0,0,0,0,0,0,0,0,0,0,0,0,0,0,38,83,0,0,0,0,0,0,0,29,32,0,0,0,0,0,98,64,143,0,0,0,109,0,0,0,0,57,0,0,0,29,90,0,0,0,144,422,0,0,0,66,0,0,0,0,0,0,0,0,0,0,0,0,147,0,0,0,31,0,134,0,0,0,0,0,22,35,0,0,0,0,0,28,41,0,62,0,0,61,0,50,0,0,0,0,0,0,0,0,0,0,0,0,0,0,0,32,160,72,0,0,0,0,0,0,0,69,74,0,0,54,0,0,55,80,0,0,0,0,0,0,0,0,33,0,0,0,0,0,0,20,0,0,52,0,85,0,7,0,0,242,0,25,0,121,0,62,55,0,0,0,0,0,0,0,0,0,0,0,0,0,0,0,0,0,0,0,40,0,0,31,0,0,36,0,0,0,0,0,0,16,0,0,0,0,0,0,0,0,0,131,0,39,0,73,47,0,0,0,0,59,0,0,0,0,0,0,0,99,0,14,0,0,0,0,0,0,0,0,0,38,29,15,0,0,51,73,44,59,0,0,0,0,0,0,0,55,40,96,36,0,0,0,0,22,87,64,0,0,49,0,131,0,0,74,0,0,0,0,0,0,0,0,0,0,0,0,0,0,0,125,97,0,0,0,0,0,0,0,0,0,0,0,0,0,0,0,0,0,58,98,0,0,0,0,0,0,66,0,0,0,0,0,0,0,0,0,31,0,87,0,0,0,0,0,0,0,0,0,0,15,0,0,0,0,74,0,0,0,0,56,0,0,0,144,61,0,0,0,246,0,59,0,0,0,0,0,0,0,0,0,0,0,0,0,50,0,0,0,0,108,73,0,0,0,0,0,29,0,0,0,0,0,0,0,16,0,0,139,0,0,31,0,0,0,0,0,0,0,0,0,0,0,70,0,0,0,0,87,0,0,0,89,0,40,0,9,142,0,0,0,0,0,38,0,48,0,0,136,0,46,0,73,0,0,40,74,0,0,0,0,57,73,0,0,0,66,0,71,0,0,0,0,0,51,0,117,0,0,0,0,0,0,0,0,0,0,0,0,75,42,0,0,0,0,0,42,0,0,32,0,244,0,0,0,0,0,0,33,0,0,0,0,0,0,0,60,0,0,0,247,0,0,0,0,0,71,0,0,26,0,0,38,0,0,0,0,0,0,0,0,0,0,0,0,0,0,0,0,0,0,18,0,61,0,0,0,25,54,0,0,0,0,0,31,0,0,48,0,0,35,0,0,0,0,0,0,0,0,0,0,0,38,0,43,0,72,0,0,0,0,107,0,114,0,0,0,48,0,0,72,0,0,0,0,41,0,30,68,0,0,0,0,0,28,0,0,0,0,0,0,0,71,0,0,0,0,0,37,0,52,0,0,0,282,52,0,209,0,0,0,34,0,0,0,0,0,0,0,0,0,0,63,0,0,0,0,0,0,0,0,0,0,0,0,0,0,0,0,0,0,0,0,29,159,0,0,0,0,61,0,0,0,0,0,88,84,0,0,0,42,0,0,0,100,61,87,0,0,55,0,0,0,37,0,0,0,0,0,0,0,0,0,0,0,52,0,0,0,0,0,26,0,0,0,0,0,0,31,0,0,69,0,0,0,0,261,0,0,40,0,0,0,0,0,60,0,64,0,0,0,0,21,0,0,0,0,0,0,121,0,0,0,69,35,0,261,0,118,44,0,0,0,0,0,0,0,0,0,0,0,0,0,0,0,56,0,0,0,42,0,0,0,52,0,0,0,0,0,0,0,0,0,0,73,0,0,0,0,0,0,0,0,150,0,0,32,0,106,0,0,0,0,0,54,0,0,0,0,0,25,0,75,0,58,0,28,40,0,77,0,0,0,0,466,81,0,0,0,0,0,43,0,0,0,0,0,41,0,0,0,22,218,0,0,0,0,20,0,187,0,0,0,48,0,0,0,0,33,0,67,0,0,0,0,0,0,36,0,101,0,0,0,0,130,0,0,193,0,83,44,0,0,0,0,41,0,71,0,0,0,0,0,0,0,0,0,0,0,0,0,0,0,0,0,115,0,0,0,0,0,0,81,0,0,0,165,0,0,0,27,0,64,0,43,0,25,0,0,0,0,0,0,0,0,0,0,0,30,0,0,0,38,58,0,0,0,57,0,161,95,0,0,0,0,0,0,0,0,38,60,0,67,0,0,0,0,0,148,0,0,0,0,0,60,0,0,0,0,0,0,0,0,0,0,0,0,236,0,0,47,88,0,0,0,0,0,55,0,43,0,0,46,0,0,0,0,0,0,0,0,0,0,0,0,0,0,0,0,0,40,0,0,0,0,0,0,31,0,0,0,0,0,0,0,0,38,0,0,0,0,0,82,0,0,0,0,0,0,0,0,106,0,0,0,0,0,0,0,117,0,0,0,0,64,0,78,47,0,0,0,0,0,0,0,0,0,0,0,0,0,617,0,0,0,0,0,0,0,0,0,0,0,0,0,63,70,0,0,0,0,0,0,0,0,31,0,0,0,69,0,0,0,0,0,0,0,0,0,0,0,0,0,0,0,92,102,0,65,0,0,0,0,0,0,11,0,0,0,0,58,0,0,99,0,0,0,0,0,85,0,0,79,0,0,0,0,0,88,0,0,0,0,0,0,0,20,69,0,0,44,0,0,0,0,0,0,56,0,0,0,36,160,0,0,0,0,298,41,0,0,0,0,0,0,0,0,50,0,0,0,0,0,0,0,0,0,0,0,0,0,0,0,43,110,28,0,0,0,0,0,0,14,0,18,0,0,0,0,0,0,0,23,0,56,0,0,74,0,0,0,254,0,0,0,0,0,0,0,0,24,0,0,150,0,0,0,46,0,0,0,0,0,0,0,0,0,58,0,0,0,55,44,33,0,37,0,0,0,141,0,0,0,0,0,0,0,66,0,0,0,0,0,0,0,0,0,0,94,0,0,73,48,0,0,53,0,36,0,0,0,0,0,0,0,0,0,0,0,0,0,0,0,0,37,0,0,0,0,0,0,0,0,0,0,0,20,0,0,0,0,0,0,0,90,0,0,0,0,20,0,0,0,0,52,0,0,0,0,0,0,0,0,0,0,113,122,42,0,0,12,0,70,0,0,0,0,0,0,0,282,0,0,0,0,0,45,0,0,44,0,0,0,0,63,0,0,0,0,0,0,0,0,0,0,0,0,0,0,211,0,0,0,0,0,0,0,0,0,0,157,0,0,0,0,160,0,16,0,48,0,0,0,152,0,0,0,61,0,0,0,50,0,0,49,106,0,0,0,51,0,49,0,0,0,0,0,0,0,0,34,0,41,133,0,0,180,0,0,0,40,0,0,0,68,0,0,0,0,0,0,68,0,0,47,0,0,0,0,0,0,0,0,108,0,0,35,0,0,45,0,0,0,0,0,110,0,0,0,0,0,63,0,59,0,0,0,0,148,0,0,0,59,0,107,0,0,88,0,0,0,0,0,0,0,0,0,0,0,0,0,0,0,0,0,0,0,0,369,0,31,34,0,0,0,0,0,59,0,0,0,0,25,0,0,0,0,78,0,0,0,0,30,0,49,0,0,0,0,120,0,34,0,79,0,197,0,0,130,0,0,0,0,0,0,58,46,0,0,0,0,0,0,0,0,0,0,0,0,0,0,0,22,81,47,0,0,0,0,0,0,0,0,0,37,0,0,0,0,0,0,134,0,0,0,63,0,136,0,0,0,0,0,0,0,0,75,0,31,0,0,0,48,0,0,0,0,0,90,0,0,0,92,0,0,0,37,109,0,0,0,0,0,0,0,0,100,45,19,29,0,0,0,127,0,0,94,0,0,0,21,0,0,0,0,66,0,0,0,0,0,0,0,0,0,0,0,0,45,37,60,58,27,75,0,0,0,25,41,83,0,32,0,174,0,0,28,0,0,0,91,51,0,0,0,0,0,125,143,0,90,0,0,0,0,0,0,0,0,0,0,0,41,0,0,90,0,0,0,0,0,0,0,0,0,0,145,63,0,0,90,0,0,0,0,88,504,0,41,0,0,0,0,54,8,56,180,61,0,0,22,0,0,0,0,93,40,56,0,0,0,24,0,0,0,0,0,64,0,0,0,0,0,30,0,40,0,0,44,85,0,0,0,105,0,0,0,249,0,0,0,0,0,0,21,0,0,37,122,0,0,0,0,0,0,0,58,0,0,0,20,0,41,0,0,0,0,108,0,22,22,0,0,55,0,182,61,0,227,34,55,0,0,67,47,0,0,0,40,0,0,0,71,0,49,85,0,0,0,0,0,22,0,0,0,0,77,0,38,89,0,0,33,0,51,0,58,289,95,376,0,0,0,0,0,49,53,0,0,84,84,431,0,91,0,44,124,0,0,0,0,29,0,39,0,40,0,0,142,146,0,35,45,0,0,0,0,76,0,71,0,0,0,36,0,38,219,86,0,105,31,0,19,0,48,30,71,0,0,0,0,0,80,81,0,129,64,0,0,87,0,60,0,0,50,0,89,0,0,43,49,0,0,49,0,0,521,0,156,0,0,0,0,42,94,0,0,0,0,0,0,0,88,0,0,0,0,259,0,41,220,0,0,0,0,0,0,0,0,53,0,0,0,36,0,0,0,46,0,0,40,0,0,0,0,0,0,0,46,0,0,196,0,0,54,51,0,58,80,76,0,0,0,0,26,0,0,0,69,0,60,71,0,0,0,0,0,0,0,48,0,108,104,0,239,37,94,49,0,0,0,58,80,0,0,41,59,78,0,37,0,0,0,0,0,0,0,0,0,0,27,0,45,523,35,0,0,0,0,92,128,45,130,0,0,0,0,0,0,0,0,0,69,0,184,0,0,33,0,51,42,0,0,0,75,0,0,0,18,240,70,0,0,0,0,0,0,28,0,0,0,0,0,830,0,0,31,0,80,0,0,0,0,0,0,163,0,0,0,77,0,0,0,0,139,0,0,0,0,0,0,0,0,124,0,0,0,0,285,0,63,82,72,0,0,0,0,63,89,0,0,17,0,0,0,0,0,0,0,16,50,170,0,0,0,0,0,0,0,0,0,67,44,0,14,0,0,0,0,26,0,0,76,109,37,0,103,0,0,0,0,0,0,0,0,0,72,0,0,0,37,0,0,27,0,0,0,0,0,36,87,89,0,0,0,83,0,45,0,0,45,159,0,0,0,70,0,0,0,0,40,0,0,0,0,22,0,0,147,0,0,0,0,0,0,0,34,103,0,0,0,0,0,0,0,84,0,0,150,0,0,47,0,0,0,56,26,0,0,0,0,0,0,0,0,0,103,22,0,0,118,98,0,0,0,56,120,56,131,0,0,147,0,162,0,47,0,47,80,81,0,56,0,0,31,0,0,0,0,221,0,90,0,0,0,0,68,0,0,0,77,0,0,52,0,22,0,85,0,0,46,69,0,124,0,114,0,114,0,0,53,0,58,0,126,0,0,0,0,47,0,0,0,21,32,0,0,0,0,119,0,48,0,0,0,0,0,0,0,0,0,39,109,79,0,0,0,0,0,0,0,157,40,22,37,0,0,0,0,0,76,0,0,33,133,0,0,0,94,0,0,0,80,0,0,73,0,0,0,94,64,0,57,0,0,0,0,0,0,0,0,57,0,25,90,0,0,0,50,0,53,0,33,0,0,93,0,0,0,161,0,138,0,31,0,0,0,0,0,22,0,104,0,0,129,0,69,0,0,0,0,0,0,0,0,0,0,0,0,133,0,0,0,0,0,64,0,0,0,33,0,136,0,0,0,0,0,0,28,35,44,0,46,0,0,37,44,0,0,80,0,0,0,0,0,0,0,0,100,0,0,0,0,0,71,0,0,0,0,0,0,0,0,0,0,0,0,37,0,0,84,69,846,50,0,0,57,73,33,120,0,43,0,46,0,100,0,52,0,0,0,0,55,42,0,138,124,0,0,65,49,63,0,29,0,78,26,34,0,0,0,46,272,0,136,0,0,138,0,0,35,0,0,0,0,314,0,0,0,223,0,0,104,0,0,0,0,0,0,0,37,77,94,0,0,136,0,117,0,0,0,0,0,0,0,62,0,52,0,0,0,0,0,92,0,0,0,0,0,71,0,0,19,0,0,0,382,0,0,0,39,80,0,0,0,0,29,0,0,0,0,0,0,0,0,0,0,0,0,0,38,0,0,116,0,0,0,0,0,0,0,0,87,0,47,60,54,0,35,0,0,0,43,0,0,0,74,410,37,0,0
202,0,64,35,161,141,225,108,0,341,52,806,72,44,66,325,633,559,56,96,45,722,73,139,204,266,0,60,84,149,80,67,159,0,138,387,504,0,230,956,391,134,172,0,730,0,123,0,1163,44,344,116,257,212,65,902,76,51,0,53,37,264,312,713,80,124,256,82,0,78,696,0,113,127,0,673,112,61,707,95,177,63,81,435,317,134,98,0,212,181,1026,143,208,303,263,0,58,0,233,168,0,84,95,214,47,75,141,72,271,160,447,76,140,261,354,153,118,163,73,0,500,95,405,143,73,112,68,79,88,61,386,70,539,90,242,184,455,213,163,142,372,199,387,568,0,0,117,71,133,230,0,109,138,113,420,360,0,276,68,233,641,178,18,237,137,192,118,0,207,202,408,317,72,229,43,63,107,153,523,209,100,695,25,112,42,81,34,909,459,0,0,33,165,103,429,53,161,37,84,422,64,256,433,66,888,88,80,74,129,173,222,428,133,106,124,321,108,215,30,32,271,519,59,57,537,53,0,378,738,58,213,68,56,39,76,0,120,134,453,46,57,117,87,183,76,0,216,0,88,0,132,186,481,118,298,101,170,0,81,163,774,476,227,84,138,0,39,752,350,855,99,37,477,724,208,142,142,79,1591,384,236,33,267,193,162,161,154,244,5306,198,190,99,841,85,0,265,57,168,59,173,106,85,219,125,81,1040,606,243,72,191,190,1632,372,0,47,144,187,337,199,115,152,41,47,146,623,215,78,330,40,80,1238,0,246,254,201,252,66,60,125,182,0,237,77,186,377,91,66,71,221,2323,631,222,52,424,1209,0,159,307,1581,347,157,212,368,78,279,947,589,597,171,98,358,169,234,113,248,587,460,38,0,619,159,118,124,144,126,1736,87,308,256,53,105,76,1902,103,148,132,1609,193,388,720,0,126,325,0,129,284,111,207,176,89,485,40,140,91,0,112,504,317,721,535,80,723,268,84,298,211,274,121,467,89,56,63,122,80,509,0,47,135,113,632,0,53,845,355,410,258,569,258,101,183,39,0,439,41,369,86,169,135,0,77,588,34,410,308,58,134,86,170,70,91,109,74,783,334,179,170,442,987,287,412,418,108,421,403,344,38,23,186,252,389,572,87,93,433,88,179,299,508,444,107,0,197,129,1479,200,219,361,272,164,46,224,139,52,88,111,37,413,136,214,203,293,129,535,631,300,47,212,246,484,63,126,41,47,46,379,213,45,31,0,262,91,395,1072,75,108,41,286,173,206,446,539,259,41,119,142,115,57,187,222,182,385,1096,0,205,141,912,125,53,49,143,440,267,51,0,0,60,0,613,72,134,361,494,299,56,687,51,633,854,175,79,149,1717,0,242,67,85,25,344,73,123,68,49,269,277,166,287,102,264,152,133,0,51,873,802,253,70,329,178,33,102,67,48,0,93,125,85,159,76,0,339,350,55,0,93,92,129,142,101,76,0,54,39,493,25,75,426,0,199,71,831,689,91,32,139,1140,0,148,110,113,355,197,111,250,0,45,219,114,275,111,149,598,89,450,92,347,144,141,143,655,137,99,76,219,158,478,53,137,71,480,0,352,101,114,59,109,83,219,54,1163,0,68,205,42,432,227,101,83,255,268,257,50,415,377,29,33,34,0,67,787,200,362,103,225,2422,546,367,550,307,0,0,346,146,61,103,168,0,0,77,571,299,277,160,3816,487,0,203,56,31,257,0,76,124,116,0,414,67,33,57,0,104,106,251,72,237,52,451,0,101,77,357,308,205,195,91,44,430,126,64,153,161,239,110,434,78,26,0,195,147,196,562,0,0,243,128,43,119,26,133,136,134,261,92,214,68,525,151,592,180,267,48,177,47,480,471,71,832,70,92,133,239,252,0,408,59,0,95,220,114,49,384,475,0,77,89,79,0,297,277,100,48,0,86,630,0,390,135,0,177,134,126,225,82,214,103,17,0,1218,672,175,602,93,176,43,941,112,156,157,0,63,75,35,35,36,112,743,284,134,67,0,146,77,132,264,60,143,164,41,261,0,79,104,424,37,240,235,207,952,86,109,74,169,826,0,90,0,145,63,435,622,503,422,67,201,60,85,589,250,180,213,36,210,424,226,94,125,237,227,47,87,112,122,89,64,43,65,139,166,169,248,54,93,126,47,272,0,425,49,86,127,196,214,0,126,404,160,48,113,88,702,73,98,149,146,187,652,151,52,214,123,778,124,134,30,503,214,79,0,931,132,0,159,652,0,51,365,256,798,134,1391,44,1588,270,78,140,95,0,41,49,0,164,283,78,307,53,0,343,159,188,443,345,117,142,0,247,99,578,1608,414,168,144,39,58,295,98,160,0,604,282,100,40,0,266,113,162,156,325,0,273,2106,169,344,97,461,237,97,114,345,345,167,0,165,0,173,146,749,0,261,160,195,311,0,569,149,234,158,597,1328,360,842,54,289,206,126,422,55,71,120,124,40,110,0,295,0,122,1507,61,102,73,115,94,91,550,97,143,149,119,95,103,0,67,184,65,363,28,70,185,194,94,0,123,114,378,185,959,116,243,1064,63,46,586,0,160,469,94,156,0,100,460,142,610,0,35,311,1254,0,115,0,149,210,23,155,0,71,51,128,0,78,626,315,131,79,274,218,368,443,0,86,99,558,99,41,134,290,442,475,163,327,61,532,251,131,53,91,249,381,53,257,367,627,80,114,54,0,57,139,865,505,101,78,317,78,813,239,0,468,151,55,89,55,146,0,77,98,163,363,82,105,297,125,0,838,70,132,300,355,77,97,153,71,320,220,25,62,181,70,0,116,70,40,284,34,28,90,283,197,109,164,0,0,144,113,471,47,135,228,46,218,67,290,0,87,0,86,117,112,34,223,55,58,134,65,187,308,89,171,60,24,200,77,204,636,663,47,90,0,66,543,158,121,72,156,182,56,110,101,198,0,64,156,0,123,189,123,227,0,0,91,90,47,291,64,798,245,54,150,301,72,137,360,259,89,136,283,81,306,133,76,814,266,165,196,77,40,3222,113,373,0,200,118,58,656,40,148,274,92,218,89,562,261,67,48,87,243,51,97,537,51,82,46,437,44,176,53,407,289,150,58,64,171,116,159,0,101,614,55,0,93,2075,1190,130,863,107,201,219,413,130,43,173,93,739,145,142,177,104,38,906,59,219,181,846,0,1308,352,0,612,98,0,57,0,54,452,266,78,389,118,448,159,583,39,675,39,166,364,20,129,297,220,166,203,173,31,211,261,123,213,85,331,418,43,1078,493,217,302,418,76,123,367,106,32,916,0,51,448,0,98,85,343,0,147,437,170,124,52,422,154,200,201,281,0,446,343,52,55,148,104,227,145,97,179,171,48,256,286,271,568,95,109,99,0,318,93,143,102,745,733,297,268,43,93,92,0,104,499,108,297,1065,87,0,120,365,79,138,163,44,0,148,40,0,254,436,182,46,102,211,118,434,0,197,324,76,134,561,0,38,29,193,243,0,265,186,65,39,137,0,0,398,55,232,0,585,360,71,0,449,507,104,100,592,196,218,0,81,149,1005,25,588,45,112,140,229,52,155,102,530,52,109,264,1136,35,0,318,244,19,155,363,500,0,157,153,214,122,97,0,391,0,191,1052,0,265,144,98,155,161,81,119,134,188,62,420,0,46,0,87,98,184,0,87,592,520,125,37,163,140,85,189,42,214,235,101,84,127,138,1101,77,53,116,80,85,144,53,486,335,226,180,118,72,459,92,0,147,316,106,386,203,53,190,593,217,83,120,141,768,56,61,142,102,637,65,88,26,0,63,901,159,115,62,71,754,327,222,110,100,63,240,88,820,0,64,0,856,0,1229,120,176,95,31,336,341,91,245,79,347,80,268,139,212,405,41,228,40,154,54,120,33,366,557,0,0,1059,123,0,78,318,437,68,63,318,312,107,99,41,89,0,339,219,609,1744,199,157,203,0,92,177,56,166,307,0,26,86,0,73,301,48,47,177,883,91,440,72,70,86,0,440,461,198,288,124,84,815,119,1082,52,50,0,277,94,541,62,155,132,247,74,0,89,0,82,0,207,37,80,850,196,109,0,0,0,75,92,285,0,1271,0,191,259,0,84,138,174,0,675,268,70,110,110,76,164,163,233,47,191,99,196,90,0,267,270,190,47,362,27,0,1084,50,89,83,251,222,451,659,52,428,182,146,36,93,93,106,247,189,297,439,0,72,97,49,57,85,77,110,37,0,350,203,314,164,452,156,100,241,163,53,0,47,116,95,256,63,829,122,140,166,88,143,599,83,147,177,491,0,792,246,56,130,192,628,297,336,0,488,195,136,43,108,41,260,293,622,52,99,0,372,184,351,197,392,369,56,0,90,685,57,0,160,194,40,0,109,55,564,689,111,164,114,73,0,762,71,126,1656,148,88,0,53,95,68,0,795,293,809,26,174,126,128,0,0,347,144,321,205,142,185,185,193,119,1552,391,183,38,51,58,375,289,350,251,265,968,0,69,536,324,675,102,345,377,166,87,0,33,140,589,950,456,609,137,0,242,45,33,71,272,0,42,392,0,421,27,87,694,73,0,0,0,104,319,89,82,538,167,369,405,51,87,1020,107,62,46,62,821,1406,66,193,62,67,88,0,245,155,287,699,157,164,340,437,58,83,0,63,402,153,824,0,125,87,186,372,250,285,60,36,470,27,341,0,434,0,116,0,101,50,0,249,646,49,50,108,1004,194,83,42,2507,79,162,0,28,0,0,723,80,77,242,1517,64,39,129,53,147,341,319,177,119,58,361,73,161,147,0,247,608,111,145,74,62,72,195,192,499,294,742,85,88,1412,245,315,174,203,146,200,77,72,90,181,27,137,157,144,198,522,154,90,63,0,367,391,69,0,143,0,236,491,115,270,285,52,42,166,0,163,98,201,1026,624,492,275,0,73,43,0,203,70,94,0,372,364,855,179,484,347,492,223,66,124,0,163,167,78,226,48,73,178,80,805,932,0,165,195,93,184,0,59,104,46,459,138,697,233,220,282,194,910,219,0,622,184,77,179,153,320,118,110,166,0,279,254,51,108,477,150,712,339,82,142,325,103,82,135,194,262,51,412,95,0,396,219,159,121,217,101,52,1055,0,376,69,93,108,66,127,488,81,46,147,153,119,121,121,495,0,167,37,49,1525,258,200,502,207,200,0,115,194,57,143,47,166,351,94,462,370,199,54,0,78,230,180,208,248,67,51,131,122,166,36,479,93,126,339,47,0,312,254,0,361,172,116,87,105,307,122,55,56,0,66,489,46,233,755,90,347,699,45,54,22,55,397,0,432,452,197,217,266,260,292,138,375,67,337,279,85,259,277,522,486,387,242,63,0,137,152,166,42,121,394,84,84,221,368,82,1535,231,23,207,252,71,329,639,165,908,158,291,42,136,0,358,43,381,884,448,82,414,28,0,297,62,242,121,112,0,0,263,160,250,309,82,896,225,28,37,40,0,75,335,187,81,95,140,26,227,1783,46,44,1807,117,190,47,505,68,341,269,30,308,181,59,81,267,54,0,547,79,673,359,240,128,98,173,94,57,55,1588,297,70,26,0,514,0,220,181,368,521,29,44,108,94,156,85,27,1049,0,87,114,117,978,348,515,380,192,589,43,0,80,65,107,139,98,455,51,1277,412,106,51,62,201,222,71,271,86,119,521,475,274,127,163,82,178,164,0,164,107,101,0,87,286,357,213,79,973,28,0,424,57,0,187,502,28,127,122,374,139,82,0,247,79,150,30,60,333,2146,209,38,80,317,84,60,105,167,462,69,256,321,68,206,154,256,398,131,0,85,46,74,80,100,255,138,117,143,143,36,95,222,228,235,38,102,451,0,83,287,51,181,239,102,709,446,307,56,352,33,78,180,110,233,1082,175,39,0,766,245,255,206,123,118,157,148,276,36,101,1194,96,413,118,263,465,522,309,295,0,134,164,84,517,178,213,92,55,1219,179,199,0,81,165,0,1008,0,76,114,1979,0,103,620,163,182,154,647,52,406,391,151,157,1642,126,1130,210,489,74,86,784,49,95,233,277,139,201,31,65,156,239,44,396,289,82,268,0,414,484,373,55,286,126,71,337,43,0,115,130,129,92,162,469,629,80,203,30,0,195,58,336,640,90,118,384,49,81,71,167,393,749,55,43,129,393,45,82,79,611,69,30,308,439,117,0,374,110,163,249,459,357,255,269,0,61,30,0,65,474,57,176,155,0,156,145,51,52,29,790,48,276,284,174,116,210,238,171,0,0,1360,196,1102,111,166,93,35,92,77,45,143,111,514,360,93,464,227,578,74,179,0,193,82,69,100,110,92,122,47,118,336,301,57,188,77,46,257,268,0,0,123,83,851,176,103,22,83,85,132,227,153,260,116,229,146,171,186,727,71,46,870,166,220,85,165,115,137,0,84,488,0,180,0,146,71,262,107,44,63,221,0,61,79,126,151,107,265,91,181,23,237,472,1130,2216,141,277,220,252,393,107,468,37,223,117,244,72,274,211,245,233,156,58,37,277,105,0,295,349,0,167,225,308,929,135,306,149,547,57,106,55,191,138,234,555,0,1454,236,32,928,34,0,297,171,0,113,96,1277,0,34,101,443,30,46,416,88,0,150,0,368,0,242,263,240,1222,178,0,786,142,842,83,241,0,319,273,45,39,313,51,241,0,30,347,56,427,374,0,96,293,86,656,377,102,0,123,153,57,55,1152,255,0,36,217,257,71,89,0,81,85,69,167,130,183,43,0,285,83,0,506,109,85,375,61,128,64,1051,0,34,78,25,39,0,0,289,666,29,160,183,419,142,388,101,0,58,190,208,69,38,365,416,59,55,71
203,0,0,0,0,0,53,0,0,90,0,175,0,0,0,50,111,260,0,0,0,155,0,0,0,64,0,0,0,0,0,0,0,0,30,0,0,0,45,0,124,33,0,0,79,0,0,0,450,0,0,0,39,54,0,207,0,0,0,0,0,0,44,29,0,0,52,0,0,0,157,0,0,0,0,181,0,0,189,0,27,0,0,0,0,0,0,0,0,0,203,0,0,41,49,0,0,0,0,0,0,0,0,0,0,0,0,0,75,0,71,0,0,0,56,38,0,80,0,30,0,0,40,0,0,31,0,0,0,0,110,0,122,16,0,41,201,39,0,0,51,0,0,196,0,0,0,0,0,0,0,0,39,0,102,39,0,38,0,66,0,38,0,0,0,0,0,0,75,96,57,77,0,49,0,0,0,0,138,50,0,104,0,0,0,0,23,68,135,0,0,0,0,0,67,0,128,0,0,74,0,0,0,0,225,0,0,0,0,0,0,53,0,0,39,78,0,0,0,0,187,79,0,0,120,0,0,0,48,0,36,0,0,21,0,0,0,0,0,0,0,0,0,53,0,0,0,0,0,0,43,0,113,86,61,0,40,0,0,0,44,87,43,49,0,0,0,170,97,57,0,0,55,137,40,28,0,0,48,0,0,0,0,100,36,0,0,174,582,0,0,0,153,29,0,0,0,0,0,24,0,0,0,0,0,0,124,0,0,65,0,377,0,0,0,0,35,76,38,0,26,0,0,0,76,66,27,58,0,23,260,0,0,34,0,0,0,0,0,31,0,53,0,0,89,0,0,0,66,62,0,77,0,206,0,0,0,0,205,130,0,0,62,0,0,111,59,0,0,0,163,0,0,0,56,60,47,0,0,98,0,29,0,0,33,126,0,0,61,0,0,0,258,0,0,0,241,35,93,0,0,0,98,0,0,0,0,0,0,0,45,0,42,0,0,0,91,0,172,204,0,77,44,0,0,0,53,30,45,0,0,0,0,0,0,0,0,0,0,0,0,0,260,92,93,42,119,43,0,0,0,0,61,0,57,0,0,0,0,0,85,0,86,62,0,0,0,53,0,0,0,0,163,90,0,0,128,108,71,87,0,0,70,0,0,0,0,0,82,0,112,0,0,86,0,0,153,91,129,0,0,0,0,246,42,0,124,134,0,0,58,0,0,0,0,0,176,31,0,86,94,0,104,72,0,0,0,0,63,0,0,0,0,0,42,18,0,0,0,107,0,94,234,0,0,0,0,0,0,128,0,47,0,0,0,0,0,33,0,0,64,122,0,0,69,118,32,0,0,30,0,64,0,0,0,0,0,0,0,0,163,64,62,0,166,0,127,336,0,0,0,298,0,64,21,0,0,64,0,0,0,0,78,45,23,98,0,74,0,17,0,0,333,269,0,0,0,0,0,0,0,0,0,0,0,0,45,0,0,0,115,0,0,36,0,0,51,0,0,0,0,0,0,0,0,206,0,49,0,89,0,35,0,49,231,0,25,60,38,153,60,0,0,0,0,0,48,0,0,30,0,0,76,0,143,28,48,46,118,0,0,0,46,0,114,0,0,0,86,0,85,0,0,0,44,0,109,0,148,0,0,0,0,78,39,0,0,32,70,0,0,184,43,0,0,27,0,0,123,0,174,0,0,373,32,0,31,27,0,0,36,30,0,0,0,0,0,0,235,0,0,48,780,38,0,0,0,0,0,0,0,0,29,0,98,0,0,0,0,0,0,0,0,58,0,90,0,0,0,25,0,0,0,0,0,211,0,0,38,0,73,31,74,0,0,0,93,0,34,153,0,0,0,0,0,0,0,0,54,0,61,0,0,0,212,44,205,42,0,0,0,0,118,232,0,53,0,0,0,0,43,0,73,0,0,0,0,51,0,125,237,0,0,47,0,0,115,0,0,0,0,0,63,0,34,63,0,0,0,47,30,0,0,24,0,0,57,181,38,240,39,0,0,115,28,51,0,0,0,0,0,0,0,0,94,0,0,23,0,0,83,0,70,0,0,0,0,0,0,0,0,148,0,87,0,48,62,48,19,0,0,190,0,0,0,0,0,89,63,203,139,62,56,0,0,352,112,68,0,0,0,119,70,16,0,49,52,0,0,68,36,36,0,0,0,38,0,82,132,0,31,0,0,102,0,89,0,44,0,0,78,0,83,98,44,0,63,37,284,0,31,68,31,0,122,90,0,26,78,309,54,0,0,0,120,51,0,331,0,0,0,167,0,0,57,98,271,0,372,0,221,99,29,0,0,0,18,0,0,46,95,30,146,17,0,185,60,84,130,88,42,0,0,77,30,82,521,183,65,89,0,0,71,0,65,0,298,67,0,0,0,50,40,0,0,136,0,227,425,53,115,58,117,48,0,31,237,137,78,0,56,0,0,43,384,0,66,103,47,95,0,141,71,53,78,323,542,119,255,0,0,70,0,218,0,56,0,0,0,46,0,76,0,0,445,0,0,0,91,24,0,153,33,49,0,58,27,61,0,0,26,0,43,0,25,39,55,37,0,0,0,93,37,0,0,58,524,0,0,335,0,103,0,29,0,0,30,77,49,185,0,0,0,531,0,0,0,94,160,0,61,0,90,0,0,0,0,237,75,60,0,0,174,83,98,0,56,37,187,0,0,124,177,168,200,32,62,0,212,0,129,0,42,40,127,0,79,92,109,0,52,44,0,0,59,157,48,32,0,100,0,334,101,0,191,38,0,37,0,0,0,0,0,0,78,0,0,0,34,0,151,0,0,0,0,0,41,0,0,43,52,0,0,0,21,0,0,0,0,68,0,0,0,83,110,0,20,0,0,0,30,39,0,0,0,0,60,0,49,0,0,0,0,0,0,0,35,0,0,57,0,80,88,0,56,0,0,0,36,0,33,135,0,0,0,0,197,0,0,0,0,118,0,0,0,0,0,0,47,0,58,40,0,70,0,0,0,46,0,51,0,189,80,0,0,76,0,0,45,154,0,0,177,0,69,39,0,213,64,0,0,0,0,562,0,123,0,54,50,0,180,0,0,77,0,96,0,78,78,0,0,0,45,33,0,235,0,0,29,134,0,0,0,106,113,0,0,0,40,0,0,0,32,85,0,0,0,33,193,0,237,14,0,66,0,0,0,0,0,159,0,0,78,62,0,240,0,87,48,228,0,0,90,0,100,0,0,0,0,0,79,93,40,0,0,41,65,0,0,129,0,0,80,0,34,50,36,0,81,29,21,52,0,0,70,0,57,190,32,201,208,39,69,182,37,30,0,0,0,155,0,0,120,0,0,0,0,0,55,114,31,0,0,102,89,42,48,45,0,101,95,0,0,47,0,70,0,0,0,73,0,0,48,53,263,0,35,0,0,266,0,0,0,400,104,70,108,0,0,0,0,0,90,0,64,147,0,0,37,110,43,37,43,0,0,38,0,0,58,447,116,0,27,79,0,172,0,29,0,50,13,87,0,0,0,73,85,0,75,104,0,0,53,0,0,116,32,98,0,19,151,85,0,167,141,0,0,59,57,157,0,18,38,177,0,137,0,0,25,86,0,48,0,262,62,57,131,301,0,0,142,56,0,88,72,126,0,60,102,68,26,33,0,121,0,36,354,0,140,39,32,48,31,0,29,26,91,0,0,43,44,0,0,0,39,0,43,95,335,0,0,0,82,0,110,0,60,80,0,35,0,29,627,42,53,39,0,0,45,0,103,0,0,42,59,26,74,49,0,58,0,56,0,81,0,90,141,90,0,0,38,355,0,0,95,30,185,0,53,0,0,0,964,76,0,0,0,111,0,123,36,85,0,89,10,380,0,0,0,202,48,299,49,151,0,0,60,156,109,84,0,106,53,33,53,102,163,0,74,0,88,0,81,0,98,287,0,0,313,0,0,34,49,68,0,49,146,35,13,0,0,0,0,178,54,70,196,40,108,31,0,25,0,0,60,80,0,0,0,0,0,185,0,0,65,43,0,215,0,0,0,37,182,317,78,258,38,0,339,76,481,0,45,0,153,0,241,72,0,64,53,0,0,36,0,0,0,39,0,0,389,38,0,0,0,0,0,0,83,0,233,0,88,162,0,0,37,47,0,94,146,0,57,56,37,55,39,140,0,137,48,71,0,0,38,80,0,0,109,0,0,170,0,69,0,100,97,199,198,0,108,85,0,0,0,46,98,147,99,146,138,0,44,0,0,0,51,0,44,0,0,50,0,0,83,170,64,0,65,58,0,0,0,81,0,0,0,271,0,0,31,0,19,398,56,0,79,196,0,0,71,0,22,0,80,61,45,0,189,0,72,0,0,0,92,34,154,0,0,0,182,42,142,108,102,132,0,0,50,140,0,0,39,115,0,0,48,28,48,269,0,0,0,0,0,367,0,0,422,0,42,0,0,54,56,0,107,103,196,0,54,0,34,0,0,98,0,108,72,0,66,0,47,75,269,157,0,0,0,0,68,178,83,0,91,266,0,31,250,185,162,0,182,59,71,0,0,0,0,274,367,194,144,70,0,43,0,0,0,0,0,0,96,0,55,0,0,170,0,0,0,0,0,101,0,38,192,38,160,259,0,0,180,20,0,0,25,168,603,0,67,0,37,0,0,0,102,64,228,57,68,88,104,0,0,0,0,45,98,274,0,29,28,0,43,0,32,0,0,158,0,124,0,144,0,53,0,86,0,0,67,68,0,0,64,266,32,63,0,1517,0,65,0,0,0,0,234,66,37,65,777,0,0,0,0,32,73,48,65,54,0,75,30,107,0,45,112,222,39,155,55,66,30,83,0,103,62,195,0,0,331,37,108,0,58,55,44,0,0,0,87,0,0,0,82,89,95,132,40,0,0,272,60,57,0,28,0,0,117,0,158,148,0,0,0,0,93,86,108,293,112,102,114,0,0,41,0,61,84,41,32,0,80,680,99,85,44,50,170,0,45,8,58,0,0,90,0,79,69,0,268,56,0,78,200,0,91,0,40,80,0,65,67,226,43,53,73,25,287,187,0,124,53,0,78,60,61,0,43,82,0,56,35,40,0,0,0,124,61,0,0,0,57,0,30,37,174,0,157,0,0,177,140,27,0,0,0,0,887,0,282,59,57,30,0,131,143,41,0,0,0,67,0,0,98,0,0,0,31,407,0,0,457,0,0,0,0,68,0,0,0,40,0,69,69,94,117,0,0,76,89,70,57,150,0,0,0,0,0,0,246,0,0,100,0,0,153,37,0,140,142,196,0,57,41,0,31,0,0,0,94,0,0,121,0,80,174,0,47,0,0,162,0,88,126,101,249,47,143,0,34,198,0,86,0,0,0,0,212,195,197,74,0,0,150,0,30,0,0,109,44,66,66,164,90,757,45,0,39,84,0,65,172,0,176,0,61,45,0,0,52,0,224,218,86,44,410,0,0,77,64,62,95,36,0,0,126,46,0,0,0,51,133,0,0,0,0,0,132,38,0,0,106,0,80,1186,0,0,605,161,34,0,282,19,344,105,0,228,118,0,0,74,0,0,206,0,453,124,103,69,40,58,29,0,0,523,100,0,0,0,389,0,38,111,193,310,30,0,99,149,135,0,0,415,0,90,33,54,229,132,246,211,0,411,30,0,0,83,0,65,43,50,0,672,174,44,0,21,150,51,49,181,42,121,223,244,206,66,76,46,56,66,0,58,57,0,0,38,109,103,65,0,559,0,0,192,0,0,78,302,0,107,138,212,41,0,0,129,86,99,0,20,338,721,62,0,0,174,44,67,25,76,203,0,163,73,66,0,45,75,239,45,0,54,0,0,0,64,92,144,0,46,0,0,108,98,70,165,0,43,352,0,0,0,45,75,79,89,429,215,143,62,136,0,36,89,47,119,451,96,0,0,220,117,75,119,0,128,314,67,179,24,53,407,115,218,54,61,118,228,188,159,0,83,45,31,205,114,76,65,0,1189,87,73,0,0,0,0,359,0,0,42,559,0,0,316,87,0,52,35,0,274,151,21,88,909,68,525,69,238,0,0,355,33,86,104,112,112,140,19,35,93,115,0,105,105,0,170,0,214,122,71,0,150,76,11,136,0,0,87,68,49,128,60,235,331,0,96,0,0,63,0,128,224,42,115,245,0,0,0,65,228,257,0,0,85,193,0,51,64,68,0,0,100,184,27,0,225,0,83,108,80,312,142,49,0,60,0,0,0,336,0,69,53,0,111,156,36,45,0,513,0,133,94,158,60,49,87,96,0,0,789,28,209,0,117,72,0,129,0,0,56,95,283,88,61,154,35,162,0,109,0,44,0,27,0,28,0,0,52,61,269,266,45,70,56,0,84,111,0,0,0,32,1017,67,56,0,0,43,82,74,60,136,0,97,0,98,182,149,0,26,630,124,60,0,127,53,0,0,70,349,0,62,0,65,0,92,36,0,42,62,65,44,31,98,61,59,128,0,75,0,97,250,243,811,39,44,46,142,152,0,195,0,135,82,127,0,181,114,170,147,124,0,0,44,0,0,261,169,0,37,66,158,254,0,110,43,100,69,0,0,75,50,112,183,0,926,221,0,529,36,0,0,0,0,85,81,292,0,0,25,133,0,0,72,30,0,42,0,246,0,148,176,96,510,136,0,378,56,65,24,202,0,99,45,0,0,183,0,187,36,36,91,0,336,313,0,0,156,70,357,200,45,0,0,55,0,0,300,167,0,0,49,106,42,43,0,33,53,59,70,83,119,52,0,86,51,0,477,78,0,89,0,125,0,455,24,0,0,0,0,0,0,49,411,0,120,135,65,46,82,0,0,0,117,109,37,0,142,663,66,0,72
204,0,0,0,0,0,0,0,0,0,0,32,0,0,0,125,83,272,0,0,0,50,47,0,0,37,0,0,42,0,0,0,0,0,0,57,66,0,0,77,67,0,0,0,90,0,0,0,45,0,0,0,0,0,0,59,0,0,0,0,0,0,0,0,0,46,0,0,0,0,0,0,0,0,0,121,0,0,0,0,0,0,0,0,85,0,0,0,0,0,81,0,0,0,29,0,0,0,0,0,0,0,0,34,0,0,43,0,0,40,122,0,0,33,0,0,0,111,0,0,0,12,130,0,0,0,0,0,0,0,49,0,154,0,29,0,22,0,0,0,0,0,48,469,0,0,55,0,0,0,0,0,79,0,51,29,0,0,0,0,88,0,0,0,0,0,0,33,36,0,57,0,36,0,0,0,0,0,0,0,0,0,0,0,0,0,28,62,97,0,0,0,0,0,0,0,104,0,0,33,0,0,0,0,365,0,0,0,0,0,50,0,0,54,0,0,0,0,0,0,153,0,0,0,144,0,0,0,169,0,0,0,0,33,0,0,0,0,0,0,0,0,0,0,0,0,0,0,0,0,0,0,144,53,0,0,0,0,0,0,82,0,0,53,0,0,0,140,134,0,0,0,0,134,0,0,0,0,259,0,38,0,0,101,0,0,0,273,271,0,0,0,65,0,0,23,0,0,0,0,0,0,48,0,0,68,36,0,0,113,113,0,41,0,0,19,0,192,106,0,32,33,0,0,78,131,0,44,0,0,0,0,0,45,62,0,0,0,0,40,0,0,0,26,0,0,0,0,99,219,0,57,0,64,77,0,0,0,131,40,54,0,46,0,0,103,44,22,29,34,56,0,0,0,0,100,90,0,0,44,0,0,0,0,47,119,0,39,42,0,0,0,518,0,0,0,60,0,82,89,0,0,106,0,0,0,29,0,0,0,144,0,0,36,0,0,76,0,111,0,0,51,84,0,0,134,0,54,93,0,0,0,45,0,55,0,0,37,0,0,0,0,191,0,132,85,89,71,0,0,0,0,85,0,52,0,0,0,0,0,81,41,27,45,0,0,0,0,40,0,31,56,58,0,0,0,30,0,196,0,53,34,71,0,46,0,0,0,51,44,92,65,0,57,0,0,123,70,163,0,0,164,0,0,100,67,47,0,0,0,0,0,0,47,0,0,153,30,50,55,83,30,150,199,52,0,0,0,95,0,0,0,0,0,50,0,0,0,0,149,0,203,0,41,0,0,0,51,0,340,52,0,0,0,26,0,0,35,0,0,0,180,0,0,0,108,20,0,0,0,103,115,0,0,41,0,0,47,0,0,109,52,75,0,175,0,60,184,30,0,0,310,0,69,0,0,0,52,0,0,0,18,0,0,0,246,53,84,0,0,0,0,80,0,36,0,48,0,0,0,0,0,0,0,0,0,101,0,0,0,72,0,0,0,0,0,74,44,0,0,0,0,74,0,0,421,0,50,0,124,200,0,0,120,313,0,0,53,24,0,0,0,0,0,34,139,82,0,0,98,59,0,175,0,184,0,99,56,0,0,0,0,0,0,0,0,0,0,37,0,71,0,0,0,0,0,165,0,129,0,0,41,0,14,0,0,29,0,0,49,0,229,0,0,22,0,0,0,0,0,230,0,11,125,99,49,45,0,0,0,0,0,0,0,79,0,0,60,485,95,65,0,0,172,0,40,0,0,18,0,0,0,0,0,0,0,0,57,0,0,0,0,42,0,0,0,0,0,0,52,84,0,0,0,0,325,0,0,0,0,70,0,0,0,0,0,36,58,0,0,0,0,0,0,0,0,0,0,65,0,0,0,0,0,339,86,59,0,0,0,0,0,115,175,31,277,0,0,0,66,0,0,13,0,0,0,0,0,0,0,241,0,0,53,0,0,41,0,0,0,0,0,0,0,0,32,0,41,0,0,0,0,102,0,0,0,148,36,0,188,33,0,0,0,0,0,0,0,0,0,0,0,0,0,211,0,0,0,0,48,79,0,183,0,0,0,0,42,0,0,0,128,0,0,37,100,106,34,0,21,0,193,0,0,0,0,0,187,187,135,172,0,43,0,0,97,104,0,58,0,0,66,75,0,0,35,83,65,0,0,0,0,0,0,18,0,43,114,110,0,0,0,0,75,0,222,0,0,48,0,69,0,58,121,57,0,0,0,53,0,38,54,42,0,132,102,33,39,0,257,48,20,0,59,145,40,0,246,0,0,0,232,0,0,0,0,247,23,445,0,913,90,0,70,0,0,65,0,0,55,0,28,92,0,0,66,44,16,138,121,35,0,0,39,0,80,139,36,65,38,0,0,84,0,0,0,347,93,0,0,0,126,0,0,47,0,0,221,492,54,206,0,53,0,0,0,173,135,44,0,60,0,99,61,436,0,37,71,83,143,0,0,0,58,60,161,503,86,116,0,0,64,42,248,0,66,49,0,0,0,0,90,0,15,295,0,0,0,0,0,0,192,38,0,63,41,0,0,0,0,68,25,46,0,0,0,129,29,0,22,0,125,52,199,0,47,684,0,0,64,0,0,47,31,33,0,0,0,0,108,0,0,57,474,0,0,0,0,91,0,0,0,74,0,24,0,0,277,78,0,0,64,78,83,60,0,0,0,38,31,0,133,0,152,64,17,115,0,148,0,0,0,38,36,92,0,75,172,48,44,35,0,0,0,0,42,121,0,41,122,28,51,265,0,0,76,0,0,12,35,0,0,0,11,122,0,0,56,0,0,246,0,57,63,148,0,0,0,0,89,72,0,0,53,0,0,0,0,0,0,0,0,0,0,0,0,0,0,0,0,54,48,0,0,65,0,96,0,84,0,0,0,0,0,66,0,0,0,0,0,0,59,20,0,0,0,0,0,0,63,250,111,0,0,0,0,307,0,0,0,100,38,0,0,0,0,0,0,24,0,0,20,0,95,0,0,0,0,0,90,0,133,79,32,0,151,0,84,70,0,0,0,60,0,0,45,0,121,54,0,191,0,0,1637,0,36,0,94,0,15,271,0,0,93,0,0,0,0,0,0,0,0,85,0,0,141,0,0,0,114,0,0,0,190,0,36,0,0,31,0,0,0,24,78,0,0,27,332,391,0,193,0,0,0,96,0,0,0,0,70,0,58,0,0,0,186,0,0,48,0,0,315,153,0,46,0,0,0,0,0,259,55,0,43,0,148,48,223,0,212,0,0,75,0,0,0,68,0,0,0,0,47,87,0,0,0,89,192,0,240,233,0,119,0,0,33,205,0,0,127,0,0,91,0,49,0,84,0,0,153,0,0,0,0,43,59,0,32,0,168,54,0,0,0,92,61,0,0,40,0,0,53,51,30,181,0,0,0,0,54,0,0,41,229,243,226,77,27,0,0,0,0,82,0,0,178,0,0,0,77,0,22,0,0,0,28,0,0,61,133,65,0,0,117,50,117,0,35,40,0,0,160,0,0,0,92,0,0,74,45,0,0,0,0,0,158,0,42,0,52,62,0,0,79,92,56,0,252,30,33,0,0,36,270,0,0,0,63,0,98,0,26,51,235,55,0,39,531,0,0,84,59,0,41,33,215,0,82,41,0,49,0,0,120,0,27,141,0,62,0,0,21,0,0,0,0,0,24,245,0,0,0,0,0,74,0,82,54,187,31,0,0,53,0,39,0,107,0,0,0,0,40,271,64,35,58,0,30,0,0,128,208,53,53,41,21,152,0,0,56,96,0,43,130,0,77,128,72,31,68,0,177,0,0,0,49,237,0,66,0,0,0,324,0,36,0,30,286,28,41,0,95,0,108,13,105,0,0,0,551,0,211,0,55,0,25,0,0,32,0,0,75,41,0,0,0,53,0,42,0,119,0,31,0,51,0,0,0,215,0,0,0,73,164,0,0,189,124,0,0,0,0,0,50,74,0,620,134,62,0,0,0,67,0,32,153,0,0,24,0,0,136,11,39,121,120,0,72,0,40,0,0,55,141,88,132,0,0,174,68,458,0,0,0,207,34,124,0,47,0,0,0,0,0,0,0,0,90,0,0,387,0,59,0,0,0,50,0,48,0,253,0,0,56,0,0,0,75,0,291,0,0,108,43,0,51,94,174,0,103,67,26,0,0,76,0,83,0,100,0,0,388,0,0,0,91,148,87,77,62,51,0,74,0,75,70,91,191,0,59,304,19,23,0,0,0,0,0,0,40,0,150,38,0,101,202,0,0,117,56,0,20,0,62,25,58,68,194,62,0,56,43,0,304,60,48,73,192,0,249,58,0,0,0,311,68,123,0,211,64,59,0,0,0,105,92,175,0,0,0,172,0,48,135,146,0,0,0,51,210,0,0,0,36,19,0,0,47,170,424,44,89,112,0,0,511,0,26,702,43,31,0,0,35,46,0,419,120,225,0,34,0,0,0,0,37,37,54,0,105,0,74,0,56,402,192,90,0,0,42,150,287,115,59,0,264,28,0,392,87,130,33,120,139,117,0,0,34,27,277,133,68,293,54,0,61,0,0,0,63,0,0,238,0,141,0,0,160,0,0,0,0,0,84,0,0,184,52,168,129,27,0,254,0,0,0,0,175,323,0,27,0,0,0,0,77,0,61,293,43,30,43,128,0,0,0,46,132,54,134,0,0,30,102,96,76,56,0,0,314,0,77,0,69,0,57,0,63,0,0,124,184,0,23,54,236,65,0,0,807,39,0,0,0,0,0,64,48,0,0,132,0,0,0,0,52,144,106,86,82,37,95,0,69,91,0,92,194,0,59,0,0,0,103,57,65,101,217,78,0,393,112,101,0,111,81,61,0,0,0,56,44,0,61,45,0,74,92,0,0,18,119,155,0,0,36,0,79,170,51,45,120,0,0,0,0,72,63,90,379,122,415,122,0,0,0,0,0,44,64,0,107,98,322,115,0,77,151,92,0,0,0,0,0,28,64,0,68,0,20,125,426,0,64,63,0,26,0,0,85,0,173,0,0,0,0,46,32,182,161,0,172,51,0,0,50,138,63,55,59,0,86,76,46,83,105,0,57,173,0,0,145,0,63,0,0,61,0,164,0,0,121,95,43,46,84,26,0,340,0,232,45,58,0,0,138,0,0,0,0,0,47,0,64,243,0,28,0,27,371,75,86,546,0,77,0,31,109,0,47,0,79,116,76,162,56,38,0,0,108,80,61,73,40,0,0,22,54,61,0,0,0,45,246,0,0,0,72,0,126,47,94,0,77,0,0,0,25,0,32,65,0,99,252,0,39,197,0,0,0,0,135,0,76,76,73,304,60,56,0,0,57,0,86,76,39,97,79,176,302,0,61,28,0,96,0,54,0,35,102,29,57,73,51,0,266,65,0,81,74,25,88,0,77,207,51,0,0,49,0,87,0,74,245,98,0,443,0,0,60,81,50,75,0,0,0,88,40,75,91,0,281,67,0,0,0,25,30,139,49,0,0,63,0,84,487,0,0,136,99,116,0,78,41,287,0,0,58,107,0,0,0,0,0,143,0,326,63,97,57,39,34,0,0,0,716,21,0,0,0,363,0,129,0,97,152,0,0,47,99,57,0,0,175,0,35,30,0,276,69,145,148,101,332,0,0,0,99,0,52,37,112,0,712,85,28,0,0,36,39,0,98,32,45,231,246,122,71,61,0,55,31,0,72,0,0,0,0,153,36,50,0,206,25,0,120,0,0,64,173,0,90,131,222,37,0,0,0,75,108,0,0,160,689,68,0,0,0,25,67,0,0,124,0,91,103,47,0,0,0,230,36,0,0,0,0,0,22,110,145,0,37,67,0,70,71,48,182,0,0,341,0,0,44,65,0,77,0,304,184,70,0,141,0,0,70,49,110,134,62,0,0,188,61,133,67,0,66,163,78,75,0,56,556,85,124,50,161,97,141,187,74,0,100,0,52,71,61,31,0,0,658,40,129,0,40,33,24,218,0,0,48,403,0,0,183,22,72,50,190,0,142,265,70,64,814,48,610,0,244,0,45,75,41,52,145,185,42,40,0,23,87,49,0,76,63,35,72,0,84,231,163,0,101,79,0,176,0,0,0,73,0,57,45,122,160,0,83,0,0,0,0,37,257,0,71,153,0,0,0,77,170,113,0,0,0,173,0,0,57,0,0,0,133,108,0,0,170,42,0,75,168,0,157,95,0,0,0,0,0,111,0,46,0,0,56,71,0,0,0,0,0,120,38,119,0,56,62,82,0,0,775,40,219,0,61,54,0,66,0,0,32,0,175,33,55,67,0,188,0,29,0,89,62,63,0,45,48,38,0,0,221,224,0,0,0,0,199,60,0,0,40,44,554,0,25,0,0,0,48,96,78,94,0,148,0,81,51,154,0,0,394,0,144,0,0,100,0,0,0,238,0,93,0,34,43,70,0,0,0,105,0,0,0,61,72,69,144,0,78,0,42,0,395,1092,54,115,52,60,77,82,51,42,99,64,156,0,177,36,41,172,24,0,0,115,160,0,188,130,0,75,107,171,242,30,105,0,108,0,0,0,69,33,103,175,0,0,67,0,291,0,0,0,0,0,67,0,183,0,0,0,125,0,0,167,51,0,60,0,52,30,110,43,205,662,39,0,452,47,30,0,0,0,133,46,0,0,111,57,107,0,0,42,0,0,188,21,0,219,0,117,315,0,0,46,0,0,0,941,0,0,0,63,140,0,45,0,12,64,0,130,31,0,0,0,113,0,0,131,63,28,52,49,59,0,501,0,0,0,17,0,0,0,42,126,0,0,94,111,58,46,22,0,0,131,112,0,0,76,289,0,0,0
205,0,0,0,0,0,62,0,0,0,0,99,28,0,0,86,124,168,0,44,0,67,0,23,0,0,0,0,0,0,0,0,0,0,0,91,0,0,0,42,70,26,0,0,97,0,67,38,47,0,63,36,40,51,0,141,0,0,0,0,0,93,0,187,0,0,48,0,0,0,102,0,0,0,0,90,54,0,291,0,0,0,0,69,109,0,0,0,0,0,123,38,0,0,49,29,0,0,0,0,0,0,0,0,0,0,36,0,0,63,27,70,39,0,47,35,22,84,0,0,117,0,0,0,0,0,0,0,44,24,52,0,60,0,57,50,93,44,93,56,0,27,72,109,0,0,31,0,0,60,0,0,0,39,34,0,0,0,0,34,0,25,0,0,0,63,0,0,0,124,48,51,0,39,0,0,0,77,65,0,0,149,0,0,0,0,0,299,0,0,0,0,58,0,100,0,72,40,0,48,0,0,99,0,62,0,0,0,0,126,63,36,0,32,0,64,0,34,0,0,109,138,0,0,42,0,0,39,230,0,38,0,0,0,0,0,0,36,107,0,0,0,0,20,0,0,52,0,0,0,0,56,0,53,44,0,0,0,0,0,166,97,46,26,65,0,0,0,39,314,0,0,121,81,59,0,0,0,256,186,0,0,65,99,57,44,0,164,975,0,42,30,69,0,0,0,0,32,40,0,0,0,62,0,0,120,193,35,0,41,50,122,60,0,0,0,0,120,0,0,0,0,0,19,93,0,45,0,0,0,109,0,0,0,94,31,0,0,0,0,0,74,0,0,0,0,0,0,62,624,89,60,0,185,380,0,0,0,193,0,110,0,78,0,65,110,115,177,0,0,131,0,0,0,0,58,25,0,0,62,0,0,0,0,0,158,47,0,0,0,0,26,111,0,48,0,211,0,0,62,0,0,127,0,0,71,0,0,31,0,29,0,0,0,0,0,37,0,118,53,0,84,0,0,0,0,56,0,0,0,0,0,0,0,79,0,0,84,40,120,0,0,210,0,158,104,86,0,24,0,0,0,19,0,0,0,0,0,0,0,0,0,0,46,0,0,0,0,0,0,0,0,134,28,30,0,45,288,32,41,37,31,90,118,36,0,0,0,18,134,0,0,0,53,0,0,125,0,123,0,0,35,0,430,0,52,0,91,0,0,44,0,0,0,0,0,116,0,0,79,72,0,0,57,67,0,0,0,215,0,0,0,0,0,41,29,0,0,0,98,0,35,44,0,0,0,74,0,0,0,0,0,0,0,0,0,0,0,0,0,183,178,0,0,27,0,0,0,0,0,51,117,0,0,0,0,0,164,0,0,102,45,0,0,282,0,87,261,31,0,0,277,0,0,0,0,0,0,0,0,0,0,0,45,33,35,45,55,0,0,0,0,71,213,0,0,0,0,0,52,0,0,0,0,55,0,0,0,0,0,59,25,0,0,0,0,0,0,0,0,0,0,0,0,0,42,0,42,0,41,112,0,0,18,156,0,55,0,0,54,50,0,0,0,0,94,0,0,0,0,120,0,0,0,0,0,0,0,158,0,0,0,49,0,48,0,0,0,0,0,140,0,0,0,0,0,0,0,0,0,20,21,0,0,56,0,0,50,72,0,0,0,190,0,0,0,0,0,146,24,74,82,0,390,165,82,40,0,0,0,71,37,0,47,81,0,0,0,77,0,0,0,408,27,0,0,0,0,54,0,0,30,0,0,49,0,0,0,0,0,20,26,0,0,0,59,0,46,0,151,0,0,0,0,0,0,0,0,0,0,0,37,0,0,0,0,72,57,67,243,0,0,0,0,0,28,0,0,0,30,0,38,0,0,54,0,32,0,43,0,0,0,83,0,0,0,0,0,0,0,77,0,144,0,0,0,39,0,0,85,58,0,0,0,0,0,0,0,0,0,0,0,288,0,62,52,0,0,32,0,77,0,85,0,0,0,211,48,43,60,0,0,0,134,0,36,0,0,0,0,0,0,0,41,78,0,0,0,0,0,0,44,0,0,0,0,0,0,0,0,0,76,22,0,0,0,27,0,0,0,0,164,0,34,0,35,0,111,106,54,65,0,0,0,0,102,35,27,0,0,76,0,0,0,0,0,0,0,0,0,0,0,0,0,0,0,0,39,0,0,0,0,0,0,0,0,0,0,44,0,0,0,0,80,0,0,0,0,0,0,0,0,0,0,223,0,0,0,0,0,0,0,0,0,35,0,0,62,0,0,0,101,0,0,50,51,129,30,263,0,699,82,0,0,0,0,0,0,0,36,63,0,54,0,0,90,0,0,45,33,0,0,0,0,0,55,211,61,0,36,0,0,0,0,0,0,111,0,0,0,0,75,0,0,18,0,0,46,282,0,57,0,0,0,0,0,0,39,0,0,0,0,0,56,71,0,0,52,65,0,0,33,0,31,0,112,156,48,50,0,100,0,40,81,0,0,0,0,0,0,0,0,0,0,58,0,0,0,0,0,0,118,0,0,0,0,0,19,0,0,0,0,62,0,0,0,0,0,0,71,53,67,0,232,0,0,163,0,0,111,29,0,0,0,43,0,0,109,0,83,0,0,0,0,0,0,0,39,36,0,0,0,15,0,0,0,40,113,59,0,0,64,0,0,27,0,0,0,0,0,0,0,61,77,49,0,0,0,101,0,0,0,0,62,0,0,0,91,130,0,0,0,0,0,0,196,123,0,0,105,0,202,63,0,88,28,0,0,0,0,0,0,0,0,0,0,0,71,0,0,373,0,0,0,0,0,0,40,28,0,0,0,0,30,0,0,0,0,0,0,0,0,0,40,56,34,0,0,0,0,0,82,0,0,35,0,0,0,51,0,0,0,38,0,0,0,0,0,0,82,0,0,22,0,69,0,0,0,0,54,115,0,0,0,0,0,0,0,0,0,65,0,20,0,0,0,0,0,0,0,81,28,0,0,0,0,0,14,0,51,0,68,0,0,0,0,0,0,38,154,0,0,87,0,49,0,0,76,113,0,104,34,0,491,0,57,0,0,0,0,101,0,37,32,0,46,0,36,0,0,0,0,0,0,0,45,0,0,0,0,0,0,0,0,110,0,0,23,0,0,0,0,20,0,0,0,0,724,40,0,0,0,0,37,138,0,0,0,0,0,0,0,0,43,0,123,0,40,29,145,0,34,0,0,0,0,0,0,0,0,88,29,0,0,0,138,0,89,0,0,0,0,0,0,0,0,0,0,63,0,0,0,0,0,0,0,49,0,0,63,0,0,0,85,35,0,0,0,0,144,0,0,23,0,0,0,143,0,0,0,0,47,0,124,0,49,0,42,0,0,62,0,0,44,35,0,0,0,30,0,0,89,0,39,0,0,0,0,0,32,26,0,0,0,96,0,0,0,62,0,0,0,93,0,0,108,0,0,0,0,0,0,0,0,0,0,0,0,0,104,47,0,0,47,0,49,0,0,34,0,0,0,0,0,0,0,0,0,0,0,0,0,0,0,0,0,0,0,0,44,68,0,0,71,0,0,0,72,0,0,0,0,0,144,0,0,0,0,0,0,0,0,0,129,0,0,0,250,0,0,44,0,0,0,0,0,0,0,0,0,0,0,0,36,0,0,111,0,34,0,0,0,46,0,0,0,0,0,50,0,0,0,0,0,0,0,17,37,82,0,0,0,0,0,0,0,58,0,0,0,0,0,140,0,0,0,0,0,0,0,81,0,0,63,23,0,0,0,0,0,0,37,0,0,0,56,0,0,0,0,0,114,0,0,0,0,59,0,0,0,0,0,149,50,0,0,0,34,0,33,0,0,0,0,0,144,0,0,0,0,0,213,33,35,0,0,24,31,0,16,0,43,0,0,0,0,52,0,0,0,0,0,0,0,31,0,0,0,45,0,0,0,42,68,0,0,0,0,0,0,0,0,0,28,0,76,182,0,0,0,0,0,0,0,0,0,0,0,0,0,0,0,0,0,19,86,0,36,0,0,0,0,67,90,40,0,0,0,67,30,195,0,0,0,67,0,134,0,0,0,0,0,0,0,0,0,0,0,0,0,97,0,0,0,0,0,0,0,0,0,141,0,0,0,0,0,0,0,0,44,0,0,0,0,0,0,0,58,0,0,0,0,24,0,36,0,0,0,0,0,0,121,0,0,0,0,40,0,0,0,0,0,0,0,0,0,99,0,0,0,0,0,28,0,0,0,0,0,0,0,0,0,0,0,65,64,0,0,14,0,0,0,0,59,0,38,0,90,0,0,35,0,0,272,0,0,27,79,0,64,0,0,0,0,36,0,0,0,44,0,0,0,0,0,0,0,34,0,0,0,41,0,0,66,0,0,0,0,0,0,0,0,26,0,0,0,0,0,39,108,0,0,0,0,0,323,0,0,92,0,0,0,0,44,42,0,66,0,165,0,0,0,0,0,0,0,0,0,53,0,0,65,0,32,48,0,0,0,0,0,0,65,96,0,0,74,0,0,93,0,69,0,118,0,30,0,0,0,0,76,48,0,85,0,0,0,0,0,0,57,0,0,50,0,0,0,0,69,0,0,0,0,0,0,0,0,0,0,74,49,0,0,147,51,0,0,0,0,0,0,0,0,0,0,0,61,0,51,150,0,0,26,0,0,0,0,0,45,58,0,0,0,0,0,0,0,112,0,0,40,0,28,0,0,0,0,0,0,0,0,0,84,0,0,0,83,0,0,0,140,0,0,0,0,0,0,0,52,0,51,32,0,0,0,0,0,0,0,0,30,0,29,0,40,0,0,48,0,0,83,0,0,0,0,0,93,31,0,0,0,61,0,0,0,0,19,14,0,0,0,0,0,0,0,43,0,0,49,0,0,0,0,0,0,0,0,0,0,47,0,42,0,0,0,0,0,0,0,0,73,73,97,53,0,0,0,0,0,0,0,0,56,62,213,0,92,0,0,100,0,0,0,0,0,0,0,0,0,0,0,82,0,0,0,31,0,0,0,0,0,0,0,0,58,35,22,0,0,77,0,0,75,0,0,0,0,47,0,0,0,0,0,0,0,23,60,0,105,0,0,0,23,0,0,0,41,0,0,118,0,0,78,45,0,0,49,0,0,271,0,62,0,0,0,0,29,95,0,0,0,0,0,0,0,0,0,0,0,0,179,0,0,111,23,0,0,0,0,0,0,0,0,0,28,0,0,0,0,0,0,0,38,53,56,0,0,0,0,0,0,90,0,0,72,0,0,78,44,0,0,0,36,0,17,60,9,0,0,0,0,89,0,0,0,0,52,0,0,0,0,0,0,0,110,54,35,0,0,95,0,0,0,0,0,0,0,0,0,53,56,65,45,0,0,48,0,0,0,0,0,0,0,0,0,0,432,0,0,0,0,0,56,115,0,40,0,0,30,0,0,0,0,0,0,104,0,57,0,0,36,0,65,0,0,0,0,0,0,0,0,0,122,0,0,0,0,0,0,0,0,0,0,0,0,0,542,0,0,55,0,0,0,0,0,0,0,0,93,0,0,0,0,0,0,35,0,0,0,0,0,0,0,0,0,0,226,0,0,0,0,107,0,0,0,0,0,0,0,0,0,0,0,0,63,0,0,0,0,0,0,40,0,0,0,0,14,0,0,0,0,0,0,0,0,0,0,0,0,0,0,0,0,0,0,0,22,0,0,0,0,0,0,0,0,0,0,0,0,0,0,0,0,0,0,0,0,0,0,0,0,0,0,0,0,0,0,0,52,0,0,0,0,0,190,0,0,0,28,0,0,0,0,0,0,0,27,0,41,0,0,0,0,0,0,0,0,0,0,0,0,0,0,0,0,0,0,0,0,0,0,0,0,0,83,0,0,0,0,0,0,0,0,0,0,0,0,0,0,82,0,0,0,0,0,45,0,0,0,0,34,0,0,0,151,0,180,0,32,0,0,0,94,0,0,45,0,0,0,0,0,0,76,0,55,0,0,0,0,0,0,0,0,73,0,0,0,0,0,0,76,0,0,0,24,0,18,0,0,0,42,0,0,44,0,37,37,57,0,0,0,0,0,0,0,0,0,0,0,0,0,30,61,0,0,0,0,52,0,0,0,0,0,0,0,88,0,0,0,0,0,0,0,0,0,0,0,30,0,0,0,0,0,0,0,0,0,0,0,0,0,53,0,0,0,0,0,0,31,0,0,53,0,0,36,0,0,0,0,0,0,0,0,0,0,0,0,0,0,0,0,46,0,0,0,80,0,0,26,0,0,0,83,0,171,0,0,0,0,0,0,0,0,0,70,0,0,0,0,0,0,0,0,40,0,0,0,0,0,0,0,0,163,0,0,0,0,0,0,54,0,0,0,0,55,20,0,0,0,0,0,0,0,0,0,0,0,0,0,0,0,0,53,0,0,0,0,0,0,0,0,0,0,0,0,0,0,0,0,0,0,35,0,0,0,0,0,0,49,0,0,0,0,0,0,0,0,0,0,0,0,0,0,0,0,0,0,0,0,0,47,0,0,0,0,0,0,0,66,0,0,0,0,0,102,0,0,0,82,0,0,0,0,0,0,0,0,124,27,0,0,0,0,0,0,0,20,0,0,0,0,0,0,0,0,0,0,0,0,0,0,0,0,91,0,0,0,0,0,0,57,0,0,0,55,0,0,0,0,0,0,0,0,0,0,39,0,0,0,0,0,116,97,0,0,0,0,0,0,51,29,0,0,0,0,0,0,0,0,0,0,0,0,0,0,0,49,0,0,0,0,0,0,0,0,0,66,0,0,0,0,0,0,0,0,62,0,0,97,0,0,0,0,0,0,0,0,0,0,0,64,0,0,0
206,0,0,0,0,0,0,0,0,0,0,0,0,0,0,0,54,157,0,0,0,0,0,0,0,0,0,0,0,0,0,0,0,0,0,0,0,0,0,52,0,0,0,0,36,0,0,0,36,0,0,0,0,0,0,0,0,0,0,0,0,25,0,0,0,0,0,0,0,0,0,0,0,0,0,0,0,0,0,0,45,0,0,0,0,0,0,0,0,0,0,0,0,0,0,0,0,0,0,28,0,0,0,0,0,0,0,0,0,0,130,0,0,0,24,0,0,0,0,0,0,0,0,0,0,0,0,0,0,0,0,0,0,0,0,0,0,0,0,0,82,0,0,144,0,0,0,0,0,0,0,0,0,0,0,0,0,0,0,0,0,0,0,0,0,0,0,0,0,0,0,0,0,0,0,0,0,0,0,0,0,112,0,0,0,0,0,0,0,0,0,0,0,0,112,0,35,0,0,0,0,0,63,0,221,0,0,0,0,0,0,49,0,0,0,0,0,0,0,0,0,0,0,0,0,0,0,0,0,0,0,0,0,0,0,0,0,0,44,0,0,0,0,0,0,0,0,0,43,0,0,0,0,32,0,0,0,0,0,0,0,0,0,0,0,0,0,33,76,43,0,0,0,0,0,0,0,0,0,49,0,0,0,20,0,0,0,48,102,0,0,0,58,0,0,0,0,0,0,0,0,0,30,0,0,38,0,63,0,0,0,124,49,0,0,0,0,0,0,0,0,0,0,0,0,0,0,113,0,0,106,0,0,0,0,0,0,0,0,0,0,0,0,0,32,0,0,0,0,42,0,0,0,0,186,0,0,52,163,33,0,0,0,0,0,110,146,0,0,0,0,33,0,0,0,51,28,0,0,57,0,0,39,0,0,463,0,0,0,14,0,0,152,0,0,0,143,0,0,85,0,0,33,0,0,0,0,0,0,0,0,0,64,0,0,0,150,36,52,0,0,65,0,0,0,0,0,0,49,0,0,0,0,0,39,0,0,0,0,65,0,0,0,0,55,0,70,48,0,34,0,0,74,0,0,0,0,0,0,0,0,0,37,26,0,39,0,0,0,0,0,0,122,0,0,0,69,106,0,0,87,0,0,0,0,0,0,61,0,122,0,0,0,36,0,0,0,0,0,0,0,0,0,0,0,0,146,0,0,0,0,0,0,0,0,0,49,0,0,0,34,0,0,0,0,0,13,0,0,0,0,0,0,0,0,0,0,0,0,0,0,0,94,0,0,0,0,0,0,32,114,0,0,0,0,0,0,41,0,0,0,81,0,0,0,79,0,0,0,0,48,32,0,0,0,0,0,0,0,0,0,67,43,0,0,0,135,55,16,0,0,52,0,0,0,0,0,0,0,0,0,0,0,0,0,112,0,66,39,0,0,0,105,0,0,0,0,0,0,0,0,0,0,0,18,0,25,0,0,104,108,0,0,34,0,55,43,0,56,0,11,0,46,0,0,80,0,0,0,93,51,0,0,24,271,0,20,0,0,108,38,0,66,0,0,34,0,0,0,55,40,0,43,0,127,0,0,49,54,0,0,15,0,0,0,0,0,35,0,0,60,0,33,0,0,0,99,51,44,0,0,41,0,0,0,0,0,0,0,65,0,103,44,0,0,0,0,0,0,18,71,0,70,161,115,75,49,0,0,0,0,0,0,0,0,0,0,0,0,51,116,57,51,0,0,0,0,0,0,0,60,0,0,0,96,0,0,0,0,35,0,0,0,0,0,0,0,0,0,68,48,56,0,0,0,85,0,14,0,48,88,0,0,0,0,0,0,0,0,0,0,0,43,0,0,0,0,0,0,0,0,0,0,31,113,54,0,0,0,0,0,0,100,134,0,0,0,0,0,0,0,0,64,0,0,0,0,33,0,37,138,0,0,21,0,0,71,0,0,0,0,16,99,0,0,0,0,0,30,0,39,0,0,0,0,0,110,51,0,229,21,0,0,0,0,0,0,0,39,0,0,0,0,0,105,58,0,0,0,0,44,0,0,0,0,0,0,0,0,0,0,98,0,157,51,51,59,0,0,33,92,154,0,65,0,0,45,151,186,115,26,0,0,0,32,332,90,108,59,0,34,0,0,28,0,31,0,31,0,62,0,0,0,35,38,0,38,154,130,0,37,0,0,0,23,193,0,62,0,0,0,0,90,127,43,0,73,0,387,0,0,43,89,89,128,98,0,116,0,0,0,0,0,317,61,0,0,75,0,0,0,0,0,0,92,155,157,43,357,0,988,69,0,78,0,0,37,0,0,43,73,0,0,32,0,174,0,122,107,181,0,50,0,108,0,85,269,164,0,104,0,0,0,0,0,0,184,0,65,0,0,69,0,0,64,174,0,140,124,0,128,0,28,90,0,0,221,0,0,0,0,0,50,61,603,0,31,76,156,146,0,43,0,0,0,244,607,0,40,0,82,0,0,123,0,60,50,0,0,0,0,72,0,36,219,0,0,0,0,0,0,149,0,75,61,52,0,63,0,0,79,47,134,0,0,0,128,0,0,111,0,111,85,122,0,0,289,37,0,37,49,0,261,57,57,0,0,38,97,69,0,0,207,261,0,0,0,77,0,17,0,0,61,0,0,0,0,325,53,0,49,0,42,73,59,0,0,77,202,0,0,55,119,55,31,59,146,0,0,31,0,0,50,0,108,0,0,280,49,0,0,40,0,37,0,91,116,84,0,74,0,0,190,0,76,55,0,0,0,0,0,0,0,0,181,0,0,51,40,0,274,0,0,0,95,0,0,0,0,69,0,0,0,94,0,0,0,0,0,0,0,0,0,74,54,71,0,0,0,0,0,166,0,98,0,0,0,0,90,0,0,0,0,0,0,0,0,0,0,75,0,0,94,41,114,0,0,0,0,91,132,55,0,37,0,0,132,37,0,0,126,0,0,57,0,69,0,0,0,0,65,50,0,0,0,0,0,0,0,142,0,185,0,0,0,84,0,0,0,77,0,0,82,0,59,0,0,220,0,55,243,0,0,739,42,57,0,62,0,44,299,0,0,45,58,147,0,229,38,0,0,0,0,0,53,140,0,0,0,54,39,0,0,99,55,28,0,0,0,0,0,52,40,62,0,0,0,303,310,32,386,0,69,154,52,65,41,73,0,39,37,0,0,25,0,411,0,27,34,84,0,71,95,0,171,0,0,0,0,0,99,0,0,0,0,0,0,142,0,200,0,0,194,0,0,80,48,0,45,0,0,0,54,0,0,19,81,82,0,184,169,45,81,0,0,0,150,0,0,365,0,0,92,0,24,0,71,0,0,90,114,47,0,61,36,73,0,76,0,96,212,0,0,0,48,44,55,0,86,37,0,36,113,91,294,0,0,37,0,67,56,28,0,95,217,89,31,0,32,0,0,0,181,0,77,167,0,0,0,41,0,0,35,28,0,58,0,0,0,235,68,0,41,62,109,0,39,78,120,30,0,379,0,0,0,0,64,0,50,41,0,0,0,0,0,54,0,63,0,225,119,0,0,203,280,0,57,86,0,37,0,45,85,50,0,105,0,43,95,0,0,23,52,94,38,0,56,507,0,0,205,36,0,36,0,69,0,0,32,47,51,0,0,42,0,0,706,0,0,0,28,57,126,0,0,42,39,0,258,8,0,0,0,0,33,0,0,136,239,141,0,0,57,80,43,0,97,38,110,38,0,104,280,0,45,0,0,0,78,0,50,147,124,62,38,0,78,0,0,69,64,35,120,81,0,88,85,0,40,38,68,101,0,0,33,60,57,0,44,0,0,0,428,62,91,0,0,440,90,104,0,106,0,80,38,315,0,0,0,151,0,352,98,86,0,0,59,81,0,65,31,170,0,51,68,90,85,22,0,0,31,0,0,0,62,271,0,0,158,40,0,0,137,76,0,0,80,58,0,0,0,0,0,0,0,89,425,70,105,151,0,0,37,0,32,253,0,0,100,0,70,176,0,0,0,300,47,120,23,0,0,29,202,102,86,101,0,0,155,43,484,0,0,0,68,0,141,0,69,69,0,52,0,57,0,0,0,45,0,23,213,24,30,0,0,0,0,0,179,0,688,0,89,0,0,0,0,0,0,188,53,0,172,0,49,0,0,23,0,205,94,0,0,0,40,22,57,0,59,0,0,186,0,0,16,93,52,350,67,0,270,36,27,0,0,0,177,355,53,60,79,53,71,0,0,46,0,0,0,90,0,0,0,107,120,59,96,51,0,91,0,0,0,98,0,53,154,181,46,0,0,0,19,506,112,64,68,326,0,292,46,0,0,0,48,133,0,0,0,0,74,0,34,0,42,121,81,20,0,0,104,67,69,115,264,0,0,0,52,133,0,0,131,38,0,0,0,60,134,163,50,25,0,0,0,623,61,0,163,69,0,0,39,96,89,0,99,163,103,0,89,23,0,0,0,78,38,96,113,0,49,0,98,45,187,38,0,0,0,101,103,277,69,23,61,126,0,0,57,45,96,0,326,58,0,0,0,0,28,188,148,78,177,0,0,0,44,0,0,0,0,0,69,0,76,0,0,166,44,0,27,0,0,47,0,0,91,32,104,44,0,28,215,0,0,0,0,80,533,0,0,0,70,0,0,166,35,183,133,115,0,113,0,0,0,0,0,70,143,93,0,26,0,45,80,0,23,0,32,0,0,120,21,82,0,0,0,120,0,23,0,97,0,0,66,203,41,112,0,432,0,0,0,0,0,0,211,96,102,141,322,0,0,64,20,0,0,55,63,0,73,39,0,47,77,0,76,259,0,95,30,0,0,83,43,165,81,139,78,0,0,142,106,35,121,105,0,0,0,0,71,0,40,47,70,0,0,119,0,0,0,104,179,71,0,46,0,0,130,0,56,111,37,0,0,0,50,0,27,281,187,410,47,0,0,0,0,79,105,0,0,157,49,317,82,151,0,0,152,0,118,0,42,55,0,94,0,67,26,0,188,87,0,35,77,25,0,0,0,63,0,194,47,70,51,0,103,60,379,153,0,153,61,0,0,61,151,43,135,95,0,0,0,28,98,140,0,127,171,0,0,156,0,60,37,62,0,0,168,37,0,146,75,0,0,105,0,0,460,0,258,0,63,0,0,136,171,0,0,38,0,74,57,0,304,37,0,0,0,527,0,84,554,0,64,0,29,0,0,0,0,97,81,55,161,51,64,0,0,91,77,24,0,34,0,0,0,0,39,0,53,34,0,272,0,0,85,0,0,148,68,129,0,58,0,0,36,0,0,0,96,0,106,0,0,79,224,0,0,0,27,150,0,125,200,102,279,73,142,58,0,117,0,0,133,36,59,107,143,316,107,0,32,0,53,51,0,0,0,46,31,0,68,123,60,528,0,0,0,103,0,32,222,0,337,0,58,31,41,0,0,0,108,298,119,0,436,0,0,158,66,68,75,42,0,0,99,45,87,0,0,409,0,0,0,0,0,0,173,0,0,0,51,0,32,409,0,0,266,0,71,0,271,28,186,43,0,78,74,0,0,42,0,0,0,0,161,38,111,93,0,0,0,0,0,703,0,0,0,0,156,0,58,66,151,34,0,0,0,0,0,51,0,0,0,42,57,28,326,81,146,66,128,243,0,0,68,0,23,0,0,132,0,587,194,0,0,0,100,47,39,64,73,0,233,219,83,42,54,0,59,82,28,48,0,0,0,0,118,49,74,0,555,70,0,113,0,0,118,127,0,42,34,0,49,53,0,77,47,29,0,0,133,1242,65,0,0,117,0,52,0,23,86,66,46,129,28,83,0,31,96,0,0,0,0,0,33,0,97,79,0,0,0,0,59,0,0,120,47,0,133,0,0,164,0,0,22,0,94,70,0,0,65,32,45,44,47,70,151,0,0,0,161,45,86,54,0,85,50,29,56,39,0,613,61,342,56,266,56,81,110,179,0,0,121,40,94,46,66,17,0,487,0,56,0,0,44,0,245,0,49,57,162,0,0,111,53,65,66,190,0,0,58,60,0,741,0,434,47,31,0,131,161,0,101,108,55,38,63,0,0,0,48,33,0,83,0,60,0,104,80,211,0,55,46,0,107,0,0,46,38,0,36,0,182,57,0,46,0,0,0,0,78,233,0,55,176,0,44,0,0,69,147,0,0,66,75,0,0,82,202,0,0,94,89,0,0,120,40,0,173,120,0,127,55,0,0,0,0,0,54,0,40,0,0,0,123,33,0,0,149,0,0,46,189,0,91,113,95,0,0,246,155,392,30,116,0,0,33,0,0,0,77,465,267,0,196,220,113,0,51,0,167,0,0,0,0,0,0,35,0,352,149,0,85,0,0,90,62,0,0,0,27,235,109,0,0,26,0,0,67,0,67,90,34,0,84,120,624,0,0,481,0,228,0,32,68,38,0,0,77,0,72,0,0,0,81,0,0,0,203,55,69,0,94,108,0,40,0,0,0,59,100,390,764,51,53,73,149,196,46,162,26,150,0,65,88,66,0,55,196,42,0,0,44,0,0,143,54,0,0,67,61,196,0,117,40,229,45,34,0,0,0,75,195,0,1548,102,0,92,0,0,96,0,18,26,38,280,0,0,0,131,0,0,80,0,0,133,0,62,0,116,33,90,344,0,0,250,0,232,27,287,0,126,99,30,33,140,37,69,0,28,82,54,102,61,45,0,338,66,552,217,79,0,47,40,0,0,662,282,0,0,35,67,58,60,0,0,40,0,85,72,32,48,0,145,0,0,265,123,67,326,0,59,0,817,20,0,0,0,0,0,0,0,105,0,43,191,360,0,86,47,0,0,50,37,0,0,68,413,47,0,48
207,0,0,0,0,0,44,68,0,169,0,120,0,0,47,164,397,274,43,0,32,300,45,98,98,209,0,0,99,0,0,0,0,0,0,77,64,0,127,151,0,0,0,0,91,0,0,0,436,22,248,40,139,0,0,166,0,0,0,44,0,178,89,278,41,0,123,0,0,0,52,0,48,33,0,45,109,0,194,67,176,0,30,273,377,68,0,0,0,78,195,168,0,93,138,23,61,0,41,63,0,0,0,160,41,47,73,0,243,0,393,29,27,210,149,0,0,145,0,34,419,0,486,0,30,60,0,40,104,70,38,0,386,0,104,78,262,42,0,0,146,0,112,323,0,0,66,83,27,210,0,0,172,66,189,22,0,181,34,171,93,83,0,150,0,115,89,52,243,193,170,196,30,38,0,36,0,0,177,39,48,318,0,87,39,77,48,170,274,0,0,0,197,57,167,0,127,0,26,79,0,93,181,58,497,0,53,0,40,121,240,129,0,46,0,54,0,84,40,25,231,162,53,0,334,0,18,36,91,0,56,44,0,41,0,0,62,88,428,57,25,152,71,19,97,0,295,34,92,0,54,89,350,109,124,81,83,0,73,106,86,116,0,55,0,0,0,488,80,505,0,0,154,409,42,105,90,0,1080,642,0,0,43,165,0,58,79,268,1477,113,127,57,256,36,42,63,0,0,62,0,47,0,46,64,0,298,240,48,0,68,55,902,67,0,0,0,85,272,83,43,34,0,0,59,192,155,0,277,0,55,661,0,122,132,68,101,0,53,29,144,0,87,0,0,206,0,0,0,59,1317,80,109,0,286,475,0,86,76,107,109,64,76,86,27,130,100,151,245,0,60,195,0,66,43,83,0,115,0,0,216,74,38,104,42,0,582,37,143,182,0,0,58,485,0,90,55,178,0,241,260,0,0,130,0,37,142,0,0,100,0,170,0,151,28,0,0,498,33,413,200,0,32,86,0,108,85,168,76,129,47,0,25,0,0,131,0,0,35,95,274,0,0,438,131,179,90,22,0,31,0,0,0,37,0,95,0,57,48,0,0,322,0,29,49,47,67,28,76,35,0,0,49,0,205,0,0,314,700,107,241,170,0,292,259,112,0,0,161,80,143,205,60,0,63,0,67,154,167,199,58,0,103,48,709,130,95,421,135,50,0,75,40,0,0,0,0,218,117,69,122,133,31,344,154,48,0,44,58,195,0,85,44,0,0,70,76,0,0,0,153,0,178,570,0,86,0,192,0,0,229,191,63,25,0,30,44,43,0,71,53,142,162,0,115,67,404,43,0,0,88,228,98,0,0,0,0,0,112,25,101,153,399,46,33,203,35,102,403,0,35,47,327,0,34,41,37,0,50,0,0,0,48,64,41,40,193,31,202,37,0,0,47,295,564,105,0,57,98,0,83,0,30,0,0,74,0,68,0,0,89,271,0,0,60,0,0,69,31,0,0,0,0,75,0,32,553,0,59,0,192,99,36,0,184,495,0,125,95,0,275,54,0,61,0,0,66,135,96,0,90,81,60,92,20,226,47,134,90,174,0,0,35,92,63,125,0,66,0,143,0,63,0,46,0,89,29,125,0,287,0,0,0,0,0,55,18,63,0,142,0,37,206,279,0,0,0,0,94,225,44,437,103,72,898,302,371,127,108,0,0,0,151,0,51,0,0,0,81,623,72,173,50,626,0,0,78,0,40,39,0,23,69,0,24,86,0,0,47,0,0,40,68,52,60,0,85,0,81,0,152,168,30,0,0,31,425,49,0,63,36,156,0,49,0,0,0,86,0,75,388,0,0,70,39,0,59,0,60,120,0,64,0,51,87,270,87,161,68,57,0,42,0,154,258,0,108,0,47,0,0,218,0,459,52,46,0,87,130,0,88,249,0,0,55,0,0,98,94,0,0,0,0,455,48,61,27,0,80,73,0,236,27,76,44,0,0,251,205,53,723,60,58,58,254,0,0,33,0,46,0,0,43,58,46,142,83,45,0,0,0,94,87,286,61,51,103,0,44,0,43,38,137,0,65,64,141,349,53,0,91,105,136,0,81,0,0,43,52,56,185,123,44,92,0,36,300,0,121,0,0,115,164,64,0,24,107,79,48,60,102,74,39,60,0,70,87,23,110,211,33,45,52,0,111,0,138,0,30,62,75,66,0,163,44,46,0,107,42,523,25,0,106,43,104,200,203,0,179,102,657,34,67,0,365,145,62,0,454,28,0,67,158,0,0,81,163,305,0,103,0,1039,0,41,0,70,0,46,0,14,58,49,0,93,0,0,273,47,120,456,215,91,0,0,131,67,313,527,343,118,159,0,54,54,0,54,0,295,91,90,0,0,40,40,0,0,240,0,308,1114,44,212,63,141,177,46,61,382,220,47,0,60,0,0,91,342,0,177,117,155,0,0,232,86,25,92,321,0,228,314,0,96,88,47,214,0,64,0,0,0,98,0,69,0,55,927,30,0,38,81,56,53,432,0,61,85,89,59,95,0,0,46,60,265,0,45,0,78,74,0,130,52,39,116,167,33,53,543,73,0,142,86,55,279,58,102,0,52,124,31,330,0,0,198,331,0,0,22,76,83,0,60,0,84,48,0,52,39,0,54,0,82,44,161,44,335,0,63,79,277,58,45,105,262,184,187,116,109,0,110,40,72,0,0,71,140,0,80,315,214,0,0,50,0,0,74,369,135,0,44,0,0,114,194,0,254,60,0,42,0,60,0,74,87,88,147,0,51,117,59,0,208,0,42,47,84,29,101,59,0,130,60,0,0,0,0,0,0,0,0,263,0,0,83,151,42,63,87,0,0,122,47,169,0,125,106,35,39,0,0,0,45,0,46,16,31,0,76,0,0,89,0,0,142,29,76,35,0,58,0,76,133,128,0,64,0,51,108,65,42,0,84,0,0,23,127,77,0,44,0,0,126,57,56,0,0,0,0,41,0,33,0,358,0,0,55,76,101,0,203,97,0,40,100,0,129,0,0,483,92,76,149,0,0,711,54,98,0,42,62,0,298,0,0,124,56,115,0,177,50,0,0,0,100,0,0,42,0,47,0,0,0,124,0,71,94,36,54,0,0,70,63,0,50,88,0,0,0,402,458,68,370,67,77,153,60,98,24,87,38,137,46,62,0,37,0,269,0,111,43,429,29,202,121,0,234,0,0,0,0,0,133,105,0,133,81,201,0,137,0,311,0,99,151,0,27,189,61,0,107,82,17,96,92,113,210,41,48,49,0,140,102,97,62,211,74,42,147,0,0,521,0,22,87,0,0,34,71,0,71,122,74,49,27,130,0,87,174,135,0,126,187,0,0,57,0,0,46,29,46,119,0,49,138,144,216,48,66,0,0,0,59,93,0,106,128,151,0,0,83,38,0,43,281,91,169,433,35,0,76,43,33,76,130,48,30,45,0,0,60,120,104,0,0,61,83,195,42,77,179,0,0,330,0,0,0,216,100,43,135,60,103,0,95,0,0,455,0,225,0,474,177,49,17,110,183,0,45,220,126,182,0,0,0,353,0,589,35,20,56,71,0,0,77,308,61,36,183,1119,0,0,71,105,0,83,279,206,32,72,60,64,106,0,0,178,0,0,358,0,228,0,46,0,124,0,143,0,124,0,141,0,60,0,41,26,112,0,66,144,172,82,25,57,0,53,0,0,214,98,59,36,31,89,265,33,0,91,0,30,161,0,261,227,85,233,58,0,157,35,0,59,138,140,166,234,37,218,317,222,0,0,0,618,47,0,0,47,595,0,112,0,22,0,358,47,62,34,0,390,133,118,61,106,0,106,42,357,0,0,0,211,47,739,104,57,79,0,64,247,75,230,0,120,40,60,72,105,105,0,58,0,0,71,0,33,74,236,0,0,519,68,0,42,164,125,46,48,86,115,79,75,0,69,0,265,112,459,612,57,29,104,0,31,50,41,89,173,0,0,62,0,50,141,29,0,87,464,33,0,0,0,52,0,219,101,207,105,52,89,540,54,350,0,0,0,148,0,207,0,42,172,217,52,0,63,33,60,0,100,0,0,515,168,0,0,0,0,0,55,79,0,850,54,84,141,0,69,128,92,0,523,78,0,42,57,0,101,104,35,0,177,94,44,40,0,89,100,87,21,83,31,0,433,0,54,0,87,65,142,257,0,128,87,0,0,0,0,120,80,0,84,79,42,33,0,0,0,0,17,37,0,0,83,70,67,111,162,55,0,61,40,0,0,14,69,21,59,0,200,38,0,0,49,63,488,0,0,153,96,0,329,63,0,40,71,79,102,68,0,35,40,82,36,0,0,67,133,93,0,31,0,329,33,130,151,0,155,0,0,63,314,0,0,101,39,0,0,0,30,256,202,50,132,0,0,0,571,0,57,426,63,29,0,0,32,28,0,105,104,196,0,45,0,0,0,0,109,0,92,75,59,0,133,0,34,731,66,86,0,0,0,266,308,80,108,81,132,0,0,51,74,204,0,145,197,0,49,0,0,0,587,301,131,260,62,0,38,53,0,24,95,0,0,89,0,191,0,0,180,0,0,0,0,71,79,23,44,123,78,229,104,0,43,508,58,0,0,0,335,392,0,0,31,0,32,0,157,37,31,378,0,49,97,212,0,64,0,0,224,49,157,0,0,0,149,261,90,113,0,25,83,0,109,0,204,0,71,0,0,0,24,84,116,0,0,94,321,71,0,0,554,0,0,0,0,0,0,292,68,26,0,433,0,0,0,0,30,178,119,63,0,0,103,25,91,56,0,58,192,26,47,0,45,44,62,84,105,112,368,28,51,616,94,124,59,59,41,75,0,26,49,29,15,41,63,83,68,77,79,0,22,0,135,160,0,0,0,0,43,187,51,148,134,0,0,70,0,21,89,77,782,121,260,0,0,0,0,0,0,101,36,21,98,262,222,0,95,149,102,171,0,51,0,0,43,33,47,0,0,0,23,325,225,0,83,0,0,69,0,0,0,33,162,36,44,0,84,96,88,98,39,0,52,74,58,65,0,188,40,85,0,0,54,64,0,0,195,0,98,87,0,64,127,0,40,0,66,105,0,195,0,0,139,126,61,0,123,0,0,435,0,123,48,0,32,0,73,74,35,0,111,0,53,0,47,100,0,46,0,0,513,57,104,337,40,70,0,74,45,0,41,0,0,169,0,85,75,65,22,0,57,0,0,54,114,0,0,35,0,118,0,164,0,44,205,0,0,43,186,0,108,54,123,44,0,100,18,0,0,0,0,136,0,81,193,29,135,351,0,44,0,0,189,0,185,0,0,102,0,181,0,0,81,0,160,130,56,125,107,112,73,65,205,0,0,51,57,37,0,53,146,0,0,55,72,47,1005,67,0,54,68,0,151,73,58,334,68,0,0,53,0,79,0,0,408,188,0,279,0,0,51,0,91,0,0,0,0,140,79,85,105,0,261,148,0,0,0,52,0,88,111,0,29,66,0,43,757,0,0,395,70,140,21,167,0,248,95,0,184,103,0,0,65,0,0,156,35,467,123,71,47,0,48,0,39,33,464,49,0,0,0,364,0,144,71,52,378,29,0,80,90,61,32,0,408,0,68,63,42,333,90,427,54,120,494,0,0,0,91,33,42,69,269,0,387,290,0,0,0,169,63,0,102,0,67,376,150,227,47,119,0,88,38,0,64,44,0,0,0,152,64,98,0,294,0,0,237,0,0,99,324,0,80,134,95,75,0,0,112,63,86,0,0,197,1088,81,0,32,100,0,39,19,84,392,31,109,108,59,59,65,65,88,76,0,55,0,0,39,52,69,143,0,67,0,0,82,49,144,210,50,0,366,0,32,93,0,62,56,40,141,183,165,54,86,0,48,157,75,72,217,37,0,0,162,141,94,73,63,69,186,114,172,33,51,771,76,107,73,220,133,228,227,152,0,0,52,0,178,80,102,0,0,806,49,159,0,0,0,0,261,0,0,46,645,0,71,281,97,69,50,245,0,183,155,115,25,957,0,617,88,185,0,67,262,44,97,41,311,0,0,0,0,39,22,0,121,138,59,124,0,107,220,331,0,171,37,0,96,0,0,0,38,0,94,0,116,258,0,190,0,0,42,0,61,311,0,106,187,0,0,0,172,55,243,0,0,66,0,0,52,0,120,24,0,54,162,0,37,266,68,63,62,228,235,182,86,0,82,0,0,0,224,0,49,58,0,153,99,0,46,0,274,0,100,40,89,158,135,162,127,0,0,225,101,348,58,122,51,0,0,0,0,0,82,233,146,0,169,79,131,0,52,0,82,53,0,0,59,32,0,53,25,168,0,0,81,0,0,133,58,0,0,75,0,186,58,57,0,28,0,55,50,60,52,71,54,56,107,132,265,33,0,174,131,132,61,62,106,34,0,0,294,0,61,0,0,55,120,0,0,65,139,68,0,0,37,105,51,56,0,42,0,66,150,922,1579,31,98,165,69,182,61,181,0,157,85,87,25,94,267,175,104,81,64,0,89,132,0,195,62,0,60,136,93,663,32,144,65,173,65,45,0,0,42,0,127,0,761,127,0,286,0,0,73,109,0,102,77,343,0,0,100,106,0,0,134,0,0,141,0,116,0,50,202,148,1117,140,0,172,38,238,63,138,28,82,134,35,32,170,74,366,0,0,121,0,154,199,0,0,166,59,465,354,0,62,74,66,40,0,756,144,0,0,71,21,66,43,0,47,37,34,77,72,151,0,0,84,0,0,426,128,27,145,70,84,0,666,0,0,0,0,0,0,0,106,223,0,66,103,223,45,177,85,0,0,0,36,0,0,153,530,72,0,65
208,0,0,0,0,0,0,0,0,0,0,0,0,0,0,43,92,0,0,0,0,0,0,0,0,0,0,0,28,0,0,0,0,0,0,0,33,0,0,87,0,0,0,0,0,0,0,0,48,0,38,0,0,0,0,20,0,0,0,0,0,0,0,101,0,0,0,0,0,0,68,0,0,0,0,0,0,0,40,0,0,0,0,0,65,0,0,0,0,0,32,0,0,0,30,0,0,0,0,0,0,0,0,64,0,0,0,0,0,0,0,0,0,0,48,0,0,79,0,0,44,0,37,0,0,0,0,0,0,0,0,0,104,0,0,0,0,0,0,0,0,0,0,48,0,0,0,0,0,0,0,0,43,0,0,0,0,0,0,0,0,0,0,0,0,0,0,0,0,31,0,0,0,0,0,0,0,0,0,0,0,63,0,0,0,0,0,38,59,0,0,0,0,0,64,0,54,0,0,0,0,0,0,0,53,0,0,0,0,55,0,0,0,0,0,0,0,0,0,0,90,0,0,0,103,0,0,24,0,0,0,0,0,0,0,0,0,0,0,0,0,0,0,0,0,0,0,0,0,0,0,0,101,42,27,0,0,0,0,0,0,0,0,0,0,0,0,83,0,0,0,0,32,116,0,0,0,0,0,0,0,0,0,49,0,0,0,52,0,0,0,0,55,0,0,24,0,0,0,0,0,0,0,0,0,0,34,0,0,0,0,165,35,0,0,0,0,0,0,0,0,0,0,0,100,47,0,0,0,0,71,0,0,0,0,0,0,0,0,0,0,13,0,0,0,0,0,0,0,274,0,0,0,0,0,0,0,0,80,0,0,0,0,0,0,24,0,0,0,0,0,0,0,0,0,0,82,0,0,0,23,0,0,0,27,318,0,0,0,0,0,0,84,0,0,0,195,0,0,0,0,0,0,0,0,0,0,0,0,0,0,0,0,0,0,0,0,0,53,0,0,43,67,0,62,0,0,0,71,0,0,0,0,0,42,0,0,0,0,0,0,0,0,0,0,0,45,38,0,0,0,0,75,0,0,0,0,0,0,0,38,0,0,0,0,0,0,0,0,0,0,0,76,37,0,0,0,0,0,0,54,0,72,0,59,0,0,0,0,0,0,0,0,0,0,0,0,0,0,0,0,0,0,69,0,0,0,0,0,0,0,0,0,0,0,0,0,0,0,0,0,0,0,34,0,0,0,0,55,0,0,0,0,0,0,0,0,0,0,0,21,114,54,24,0,0,0,0,0,0,69,0,0,0,0,0,0,0,0,0,0,0,0,0,0,0,0,0,0,0,76,0,0,0,0,0,0,43,0,0,0,0,52,0,15,0,133,0,0,0,0,0,0,30,0,0,0,46,0,0,0,0,0,0,0,0,0,65,0,0,0,0,0,27,38,24,26,31,0,24,0,0,0,0,0,0,0,0,0,79,46,0,0,0,0,0,0,0,0,0,0,0,88,0,0,0,0,0,0,69,0,0,0,0,46,0,0,0,0,31,0,0,0,0,0,0,0,0,0,0,0,0,40,0,36,0,0,0,0,0,0,0,0,0,0,0,0,0,47,0,0,0,0,0,0,0,0,0,104,0,0,27,0,0,0,0,0,0,0,0,0,0,69,0,0,0,0,41,37,0,37,29,51,0,61,163,0,0,0,0,0,0,0,0,0,0,0,0,72,0,84,0,405,47,0,49,0,0,0,0,0,0,0,0,0,0,0,0,0,0,0,0,0,0,0,60,0,0,0,0,81,57,0,0,0,50,0,20,0,0,55,0,0,0,0,0,0,0,32,0,0,0,0,37,0,0,0,38,0,0,0,0,0,0,0,0,57,43,0,0,0,0,0,62,0,73,0,0,0,0,17,0,35,0,0,0,21,0,0,0,45,0,0,0,0,0,0,0,0,0,0,0,0,0,0,0,0,36,0,0,0,0,0,0,0,0,0,0,0,0,0,0,0,56,0,0,0,0,0,0,0,0,0,0,77,39,0,0,0,0,0,0,0,0,0,0,0,0,0,0,0,45,0,0,66,41,65,0,0,0,0,0,0,0,0,0,0,41,75,53,0,0,0,0,0,0,41,0,0,0,0,0,0,0,0,0,0,0,0,0,0,0,0,0,0,0,0,0,35,0,0,0,0,0,0,0,0,0,0,0,0,0,0,43,0,0,0,0,62,0,0,0,0,0,0,0,0,0,0,0,0,0,0,0,0,0,0,79,0,0,0,21,0,0,0,0,32,0,164,0,0,0,0,0,0,0,0,0,0,0,0,0,0,0,0,0,0,0,0,59,0,0,0,0,0,69,49,0,0,0,0,0,0,0,0,0,0,0,0,0,0,0,0,0,0,59,0,0,165,0,0,0,50,0,31,0,0,0,0,0,0,0,0,0,44,0,0,0,0,63,0,103,0,0,0,0,220,0,76,0,45,0,0,0,0,0,0,0,0,0,0,0,0,0,0,0,0,0,0,0,0,57,0,0,31,0,0,0,0,0,0,0,0,0,0,0,0,0,0,0,0,60,0,44,0,0,0,0,0,64,0,0,39,0,0,0,0,37,0,33,0,0,0,99,0,0,0,0,0,0,0,0,0,0,0,0,0,106,0,0,0,0,0,0,37,0,0,0,0,0,0,0,0,0,97,0,20,0,0,0,0,0,0,0,44,0,0,0,46,0,0,0,0,0,14,96,137,0,0,29,0,57,0,0,36,0,0,0,0,0,0,0,0,0,0,0,0,0,0,0,0,0,0,0,0,0,0,15,0,0,0,0,0,0,0,0,0,0,0,0,0,0,0,0,0,0,0,0,0,0,0,0,0,0,0,0,0,0,0,0,0,0,0,0,38,0,0,0,0,0,0,0,0,0,0,0,0,0,0,54,0,52,0,0,0,0,55,0,0,0,0,0,0,0,0,0,0,0,25,0,0,0,0,0,0,0,0,0,0,0,0,54,0,0,0,0,0,0,0,0,0,0,0,0,0,0,0,68,40,0,60,0,0,133,0,55,0,0,0,0,103,0,0,0,0,24,0,0,32,0,0,0,0,0,0,0,0,0,0,0,0,0,0,0,0,0,0,0,0,0,0,0,0,0,0,0,0,153,64,0,45,0,0,46,49,0,0,0,0,112,0,0,0,0,0,47,0,0,0,32,0,0,0,0,47,0,0,0,0,0,0,0,0,0,0,0,0,0,0,0,0,0,0,0,0,59,0,0,0,0,0,0,0,0,0,0,0,0,0,146,0,0,0,55,25,0,0,0,0,0,0,0,39,0,0,0,30,0,0,0,0,0,0,0,0,0,0,0,0,0,72,0,0,0,0,0,0,0,0,0,0,0,0,0,0,0,0,0,0,0,0,0,0,41,0,0,0,0,0,0,0,0,46,0,0,123,0,0,0,0,0,0,0,0,0,0,0,0,0,0,0,0,0,0,0,0,0,25,0,0,0,67,0,0,0,0,0,0,0,0,0,0,0,0,0,0,0,0,0,50,0,0,0,0,73,0,0,0,0,0,0,0,0,20,0,89,0,0,0,0,0,0,0,0,0,0,0,57,0,0,0,0,0,0,0,0,0,0,0,0,0,0,0,0,0,0,111,0,0,0,0,8,0,0,0,0,0,0,0,0,0,0,0,0,0,0,0,36,48,0,0,0,0,0,0,0,0,0,0,0,0,0,53,0,0,0,0,0,0,0,0,51,48,0,0,0,31,0,0,0,0,0,0,0,0,0,50,0,0,0,0,0,0,0,0,0,11,0,0,0,0,0,0,0,0,0,0,63,0,0,0,44,0,0,0,0,0,0,0,155,0,83,0,0,0,0,0,47,0,52,0,0,0,0,0,0,0,0,0,0,0,0,0,0,0,52,0,0,66,0,0,0,0,0,0,0,0,0,0,0,0,0,0,0,0,91,56,0,0,0,0,0,0,0,0,0,0,0,0,0,0,0,0,0,0,49,0,0,0,0,0,0,0,0,0,0,0,0,0,0,33,0,0,0,0,0,0,0,0,0,44,0,0,0,0,0,0,0,0,0,0,0,0,0,0,0,0,0,0,0,35,0,0,0,0,0,0,0,0,0,0,0,27,0,23,0,0,0,0,0,0,0,0,0,0,0,0,0,0,0,0,0,0,0,0,0,0,162,0,0,103,0,0,0,0,0,74,45,0,0,0,0,0,0,0,0,0,0,0,0,0,18,0,0,50,46,44,16,0,0,0,0,0,0,0,0,0,145,0,0,0,0,0,187,0,0,0,0,0,0,0,0,0,0,0,0,0,0,33,0,0,0,0,0,0,0,0,0,0,0,41,0,0,73,0,0,0,0,0,0,0,0,0,0,0,0,0,0,0,0,0,0,0,0,0,252,0,0,201,0,0,0,0,0,0,0,0,0,0,0,55,0,0,0,0,62,0,0,0,0,0,0,0,0,157,0,0,0,0,0,0,0,0,0,0,0,0,0,36,35,28,0,42,0,0,0,0,0,30,22,0,0,49,0,0,0,0,0,0,19,0,0,0,0,0,0,0,0,0,0,0,0,0,0,0,0,0,0,122,29,0,0,0,0,0,0,0,19,336,0,0,0,34,0,0,0,0,0,131,0,0,64,57,0,0,0,0,0,0,0,0,0,0,0,0,0,0,0,0,38,0,57,0,0,0,0,0,0,0,0,0,0,0,0,0,0,35,0,0,251,0,0,0,0,0,0,0,0,0,0,83,0,0,0,0,0,0,0,0,0,0,0,0,0,0,0,64,118,0,0,0,0,0,0,0,79,0,0,0,0,0,0,68,0,0,0,0,0,0,0,0,0,0,0,0,0,18,0,0,0,0,0,0,0,0,0,0,0,0,0,0,0,0,0,0,0,0,0,0,67,82,0,15,0,0,0,0,0,0,0,0,0,0,68,0,95,0,0,79,0,0,0,0,0,0,0,0,0,0,0,198,89,0,0,0,0,0,0,0,0,0,37,0,123,0,0,0,0,0,31,0,0,41,0,19,0,42,0,0,0,0,0,0,0,0,0,0,136,0,0,0,0,0,0,0,0,0,0,0,0,0,0,0,0,0,0,0,0,146,0,0,0,0,0,0,0,49,0,0,0,0,0,0,0,0,0,0,0,0,0,0,0,0,0,0,0,0,0,0,0,0,0,0,64,22,14,0,0,0,0,0,0,0,0,9,0,0,0,0,0,54,0,0,0,0,0,0,0,0,0,0,96,0,0,0,0,0,0,0,0,0,0,0,0,0,0,43,0,0,0,0,100,0,0,0,0,0,0,53,0,0,0,0,0,0,0,0,0,0,0,0,0,0,0,0,16,0,0,0,0,0,0,0,52,0,209,0,0,0,0,0,0,51,0,0,0,0,0,0,0,0,0,0,63,0,0,0,0,0,0,0,0,0,0,0,0,0,0,0,0,0,0,37,0,0,0,0,0,0,0,0,0,0,0,0,0,0,0,45,0,0,0,0,0,0,0,0,0,0,0,0,26,0,0,0,0,27,0,0,0,0,0,0,0,0,18,0,0,0,0,54,0,0,0,0,0,0,0,0,0,0,0,0,0,0,0,0,0,143,0,0,0,16,0,0,0,0,0,0,0,0,0,0,37,0,0,0,0,0,0,0,0,0,0,77,0,0,0,0,0,0,0,0,0,0,0,0,0,0,0,0,0,0,0,0,0,0,0,41,83,0,0,0,0,0,0,0,0,0,0,0,0,0,319,0,0,0,0,0,0,0,0,0,0,0,0,0,0,0,0,37,0,0,0,0,0,0,0,0,0,0,0,0,0,0,0,0,0,0,0,52,0,0,0,0,0,0,0,74,0,0,0,0,0,0,0,0,0,32,0,0,0,0,0,0,0,0,0,0,0,0,0,0,168,0,0,0,46,0,63,0,67,0,0,0,0,0,0,16,0,0,51,0,0,0,0,0,0,75,0,0,0,25,0,0,91,0,0,0,0,0,0,0,0,0,0,0,0,0,0,0,0,0,0,0,0,0,0,0,0,0,0,0,0,0,0,0,0,0,0,0,30,0,0,0,0,0,0,0,0,0,0,0,0,0,65,0,0,0,0,0,0,0,0,0,0,0,0,0,0,0,0,70,0,0,0,0,0,0,0,0,0,0,55,0,0,0,0,0,0,61,43,56,41,0,0,0,0,0,0,0,0,0,0,0,0,0,0,0,0,38,0,26,0,0,0,0,0,0,0,0,135,0,130,0,49,0,0,0,0,0,0,0,0,0,0,0,0,0,0,0,0,47,0,0,0,0,0,0,0,0,30,36,0,0,0,0,0,0,0,0,0,0,60,0,0,0,0,0,0,0,0,0,0,0,0,0,0,0,0,0,0,33,0,0,0,0,0,0,0,45,0,0,0,0,0,0,0,0,0,40,0,0,0,0,0,0,0,0,0,0,0,54,217,0,0,0,0,0,45,0,0,0,43,0,0,0,0,47,0,0,0,0,0,0,0,0,0,27,0,0,0,0,77,0,46,0,80,0,0,0,0,0,0,0,0,124,0,0,0,0,0,29,0,0,0,0,45,0,0,0,0,0,0,0,0,0,0,0,0,0,0,0,0,216,0,0,106,0,0,0,0,0,0,28,0,0,0,0,84,0,0,0,0,0,0,0,0,0,0,0,58,0,0,0,0,0,0,26,0,0,0,0,0,0,0,0,0,0,0,0,0,0,0,0,0,0,0,0,0,0,0,0,0,0,112,0,0,0,0,0,0,0,0,38,0,0,0,22,0,0,0,0,0,0,0,0,0,0,60,0,0,0
209,0,0,0,0,17,76,0,0,123,0,188,41,0,0,102,253,111,0,0,19,271,0,0,113,88,0,0,0,27,0,0,58,0,46,65,108,0,64,271,133,74,0,0,226,0,65,42,358,0,72,0,0,79,43,212,0,0,0,0,0,52,91,259,0,0,28,0,31,0,219,0,78,0,0,196,153,0,356,31,73,0,37,239,108,70,0,0,62,52,234,0,32,93,90,0,0,0,0,56,0,0,0,68,0,0,39,0,98,0,57,33,0,107,51,0,34,0,47,0,151,0,246,48,43,35,48,0,120,0,80,0,124,0,62,0,228,78,70,84,0,84,188,153,0,0,27,0,90,72,0,0,47,0,180,0,0,77,0,174,192,54,0,0,45,50,0,0,145,69,102,122,6,49,0,81,0,57,208,41,0,234,0,0,0,36,0,175,149,0,0,0,0,0,188,0,0,0,0,90,0,79,155,0,88,0,0,0,0,117,77,0,0,0,36,90,0,0,0,34,0,80,19,0,112,0,0,36,107,0,33,0,0,0,0,0,0,0,0,57,0,72,28,51,62,0,66,0,0,0,56,58,99,0,0,0,23,0,0,0,90,142,74,0,51,0,0,205,0,130,0,0,69,204,104,49,0,0,411,0,69,0,94,62,102,91,0,137,854,55,0,0,186,0,0,101,0,0,102,0,0,0,0,45,0,160,60,269,0,207,185,245,109,0,0,73,0,208,171,0,76,71,0,0,176,178,112,70,0,0,160,0,54,0,0,52,0,0,0,0,0,0,0,112,0,0,0,0,195,214,295,116,0,0,320,0,31,96,141,150,0,0,72,0,53,119,686,152,36,0,0,41,77,0,95,97,84,0,0,67,0,0,0,54,70,744,134,95,0,0,33,0,85,0,59,0,503,0,55,194,0,35,428,0,0,40,52,0,0,0,99,0,52,46,0,0,66,91,42,219,0,39,157,0,125,200,0,54,96,0,0,0,79,0,142,24,68,0,0,75,0,0,73,108,350,0,334,89,0,22,0,0,175,0,31,0,0,0,0,0,66,73,99,149,0,45,0,59,63,32,88,81,394,70,112,0,0,143,339,69,115,0,0,86,0,0,0,54,79,346,219,44,0,142,0,0,135,152,86,0,0,278,0,193,106,45,87,0,50,0,121,0,26,86,0,49,241,43,38,87,162,63,39,345,48,0,22,58,97,55,0,0,0,0,56,34,0,0,0,200,0,260,138,57,0,0,68,0,83,472,165,124,0,118,0,30,0,0,0,23,69,139,0,0,58,124,0,0,0,0,65,360,0,0,53,54,0,202,0,0,243,30,103,0,143,0,250,761,99,0,52,337,0,216,0,0,0,77,0,53,23,0,0,0,0,71,76,0,0,0,0,0,153,256,38,0,40,84,0,51,0,0,0,0,40,49,35,0,0,37,0,0,0,0,0,0,0,0,0,0,0,0,76,0,0,31,0,0,0,215,360,0,0,30,176,0,0,0,59,38,62,0,11,0,0,191,0,107,24,28,148,26,90,0,0,0,0,0,118,0,0,0,59,0,122,47,0,0,0,0,87,0,0,0,0,0,0,0,97,0,0,128,0,54,65,0,0,0,0,114,0,70,180,0,0,0,0,0,0,0,70,66,0,580,227,53,181,59,0,0,0,94,0,0,138,0,0,0,101,75,66,0,184,116,0,0,0,0,63,0,0,32,43,0,84,0,0,0,0,0,0,79,0,0,0,0,0,0,0,108,94,59,67,25,0,83,0,0,0,0,89,0,41,0,0,0,135,109,0,303,0,0,0,0,0,0,0,0,0,0,34,0,72,0,159,0,0,0,49,0,0,0,58,45,55,446,0,37,0,118,188,0,295,0,56,0,0,18,0,85,70,0,0,0,0,0,102,126,0,0,0,0,242,0,152,51,0,51,48,0,174,0,130,0,0,0,347,100,0,111,0,0,0,35,0,93,0,0,0,0,23,37,0,0,266,53,25,0,0,82,33,39,48,0,0,61,0,36,0,0,0,19,0,56,51,71,307,0,34,21,55,0,0,0,0,0,0,61,70,61,0,0,82,0,51,551,33,58,0,0,82,114,0,0,0,0,86,0,0,0,33,0,0,0,0,0,0,0,43,0,0,0,0,64,0,0,0,52,0,0,0,0,59,52,47,0,0,0,127,0,12,0,81,37,49,74,0,180,0,141,0,0,0,92,24,0,0,146,0,0,0,31,0,0,0,80,89,0,110,0,178,34,0,40,0,0,0,0,0,0,0,0,0,0,0,91,84,49,332,117,0,0,0,46,0,82,121,193,28,52,0,0,0,0,0,0,69,44,0,0,0,46,0,0,0,0,0,128,212,0,0,34,23,30,0,0,172,29,0,0,96,0,0,0,198,0,49,39,0,44,0,124,0,0,0,252,96,172,85,0,132,0,0,33,0,57,0,0,0,0,0,78,0,54,278,0,0,0,0,43,0,78,45,134,57,0,0,0,0,0,100,66,29,0,0,0,0,0,0,44,0,61,0,0,0,0,147,61,0,68,0,0,143,0,19,0,0,50,88,148,0,0,53,775,0,0,0,142,57,0,0,0,75,0,30,0,29,54,0,0,63,0,83,36,101,0,0,0,122,0,0,55,283,52,163,108,174,0,89,0,32,0,0,0,67,0,0,44,48,0,63,0,0,24,60,93,231,61,0,42,0,61,0,0,53,0,18,0,16,49,0,0,0,71,227,0,0,62,0,0,325,0,0,87,118,0,33,61,0,45,80,0,0,48,39,0,0,0,0,71,15,0,0,106,70,0,0,0,0,70,0,79,0,38,73,0,62,29,24,0,31,0,0,23,83,0,48,23,0,0,0,73,104,46,0,0,0,54,41,77,60,179,0,53,0,0,260,55,0,29,67,76,0,0,0,0,0,0,39,0,0,57,44,47,0,0,0,0,0,58,0,282,57,0,0,95,0,0,167,160,0,0,129,0,154,36,0,252,98,39,72,0,0,656,55,126,0,61,55,0,579,0,0,137,31,73,0,147,79,0,0,49,51,0,34,231,0,0,25,225,0,60,0,165,75,0,0,16,33,0,53,0,40,152,0,0,0,335,151,0,464,41,0,66,78,26,0,0,0,200,51,0,47,78,0,299,0,64,55,156,0,285,128,0,0,0,0,0,0,0,64,99,0,125,0,163,62,101,0,117,0,54,211,0,45,185,43,0,61,29,0,53,74,53,48,27,50,137,0,160,179,99,113,94,41,0,136,36,0,160,0,0,134,0,0,11,74,0,53,112,111,37,0,120,68,80,45,95,0,113,82,0,0,0,0,107,37,32,0,71,0,38,138,63,90,0,0,0,0,216,43,49,25,253,126,43,79,37,0,0,0,0,143,0,123,226,0,0,0,82,0,33,0,0,0,0,0,0,37,119,0,0,40,0,0,108,0,0,36,0,0,48,0,0,0,74,57,0,106,32,0,0,0,0,0,52,0,20,0,99,91,0,0,218,0,0,19,0,0,34,0,0,76,153,0,150,0,0,0,0,0,0,0,129,20,0,42,168,0,0,96,65,0,40,0,44,0,0,38,0,0,0,0,126,0,0,180,0,50,0,0,0,71,0,0,0,0,0,0,0,0,0,0,0,0,0,0,191,196,0,0,24,68,51,42,0,32,32,0,30,0,0,240,0,0,0,0,0,0,0,95,82,0,0,62,0,0,25,0,51,0,32,60,43,0,0,142,37,0,0,0,190,0,0,0,13,124,0,39,0,0,0,154,37,0,0,0,85,0,53,0,56,0,86,0,240,0,0,0,239,0,169,81,77,0,0,82,0,0,92,0,149,0,80,0,74,68,0,0,0,0,0,63,0,47,262,0,0,443,0,0,0,0,0,0,0,0,0,0,13,0,0,0,75,0,88,95,0,100,79,0,0,0,0,31,67,0,0,0,0,0,159,0,0,0,106,0,78,0,0,0,0,72,205,0,53,40,0,99,0,479,0,0,0,0,0,109,36,0,0,37,0,0,0,0,0,0,31,0,0,165,0,0,0,0,0,0,0,0,0,89,0,46,28,0,0,31,82,0,220,0,0,92,0,0,59,54,86,0,90,29,26,0,0,66,44,100,0,74,0,0,292,0,0,0,98,60,285,85,39,181,0,44,0,0,0,59,193,0,57,104,0,55,41,0,0,0,0,0,0,0,0,57,88,87,168,60,0,0,77,0,0,0,0,0,60,162,196,0,67,32,51,0,328,53,0,85,226,0,233,57,0,0,0,95,58,0,0,232,0,43,0,0,0,84,98,155,0,0,0,175,0,59,106,58,0,0,0,0,280,0,0,0,0,0,0,0,0,262,168,0,77,85,0,0,456,0,41,201,0,0,0,0,51,56,0,211,122,204,0,61,0,0,0,0,44,0,53,0,0,57,116,0,0,422,87,69,0,0,84,117,128,114,70,12,223,0,0,149,0,194,0,136,76,43,0,0,36,0,298,118,87,388,0,0,0,0,0,0,68,0,0,75,0,122,0,0,263,0,0,22,0,48,0,47,0,104,0,286,35,0,0,319,0,0,0,0,314,657,0,52,0,45,26,0,64,27,0,401,0,0,0,86,0,61,0,0,143,77,104,0,46,0,57,133,87,27,0,0,97,0,115,0,0,0,87,0,63,0,0,156,135,0,0,0,151,75,62,0,158,0,0,0,0,0,0,62,24,40,0,95,0,0,0,0,0,117,118,75,33,41,79,0,90,39,0,61,23,0,0,26,0,20,114,35,158,49,191,0,0,370,153,23,22,157,52,58,33,50,0,0,0,0,0,29,0,76,0,0,0,0,70,0,0,0,0,0,0,104,0,0,128,0,0,0,0,0,0,56,170,218,422,64,0,0,0,0,50,66,0,0,55,54,145,53,157,0,50,88,0,50,0,47,0,0,0,0,23,64,0,59,125,0,34,154,0,41,0,0,0,0,40,0,325,43,24,0,0,196,101,0,105,0,0,0,0,137,29,73,0,0,43,0,0,117,82,0,235,263,0,0,61,74,84,0,89,58,0,85,67,0,61,82,0,0,0,0,0,121,0,113,25,41,0,0,50,127,0,0,0,25,0,0,0,347,0,0,0,0,272,25,58,245,0,106,0,36,43,0,0,0,126,68,71,85,61,114,0,0,57,24,0,33,0,0,0,0,59,0,0,0,19,0,215,34,0,132,55,0,42,46,184,0,0,0,0,0,0,0,0,80,0,57,149,0,126,0,0,0,0,0,24,0,50,92,0,234,0,76,51,0,115,0,83,64,0,0,109,78,95,241,56,0,31,62,40,0,0,0,86,0,34,45,0,0,242,50,0,28,79,0,40,172,0,156,0,114,0,81,0,42,0,241,34,52,0,228,0,0,65,0,0,0,0,0,0,116,31,0,49,0,142,0,0,0,0,0,0,63,77,0,0,42,6,0,468,29,0,182,0,102,0,98,0,100,28,0,49,0,0,0,34,26,0,121,0,98,75,43,49,40,38,22,0,0,195,0,0,0,0,84,0,70,90,170,83,0,0,38,33,39,0,0,275,0,37,0,0,199,0,139,64,120,260,0,0,0,0,0,28,0,109,0,351,58,0,0,0,0,77,0,107,0,41,111,219,114,48,0,0,0,76,0,41,0,30,0,0,95,0,41,0,138,0,0,99,0,0,45,185,0,0,0,44,0,0,0,0,45,0,0,0,64,453,0,0,0,40,0,0,0,55,181,0,82,121,25,64,22,27,39,0,0,0,0,0,0,0,77,0,0,43,0,0,30,38,0,87,0,0,170,0,0,83,0,0,52,0,82,115,121,0,68,0,0,34,46,47,123,0,0,0,149,0,104,69,0,39,49,38,0,0,0,465,33,45,40,184,71,135,115,0,0,0,0,20,49,49,31,0,23,255,0,77,0,0,50,0,91,0,0,19,576,0,47,204,0,0,42,44,0,77,95,66,0,102,21,133,69,50,0,71,107,0,20,0,92,0,65,0,0,0,66,0,125,34,0,96,0,64,0,213,0,110,24,0,53,0,0,0,0,0,0,62,252,217,0,40,0,0,0,10,0,212,0,42,102,0,37,0,68,80,71,0,0,41,132,0,0,55,169,0,0,40,64,0,0,125,0,30,49,0,105,0,0,0,0,0,0,0,134,0,0,0,0,41,0,21,0,0,191,0,58,40,135,0,75,44,48,0,0,163,0,318,29,0,0,0,0,0,0,19,0,114,43,0,39,0,81,0,34,0,0,50,0,0,0,0,0,0,0,271,0,0,0,0,0,84,49,0,0,0,0,116,0,0,0,0,0,0,0,0,63,0,0,0,0,90,96,0,0,148,63,0,0,52,0,0,0,0,64,0,30,0,0,0,0,0,0,0,27,0,0,0,0,0,0,0,0,0,0,0,66,95,512,0,48,0,92,90,32,102,0,0,0,60,0,0,0,68,98,49,44,0,0,106,0,88,100,0,0,19,74,180,0,66,0,210,23,13,0,0,0,85,53,0,272,61,0,230,0,0,68,14,0,0,0,89,0,0,0,39,0,0,0,0,0,0,0,109,0,92,80,44,129,0,0,84,0,329,23,0,0,0,69,0,0,90,0,70,0,0,65,0,104,72,0,0,148,0,0,250,0,0,0,0,0,0,405,51,0,0,0,108,0,17,0,0,0,0,0,0,0,0,0,36,0,0,102,0,0,39,0,0,0,77,0,0,0,0,0,0,0,58,144,0,0,0,76,0,76,0,0,0,26,0,0,0,58,146,0,0,0
210,0,42,35,141,84,132,78,0,90,0,297,91,64,43,410,258,526,47,96,0,276,149,154,260,224,0,25,161,93,0,0,162,0,89,371,326,53,83,508,320,73,115,35,308,0,141,75,364,0,301,120,305,95,46,307,40,53,0,85,0,412,122,547,85,119,234,60,65,43,209,0,179,42,27,609,222,67,577,64,296,46,65,450,509,198,94,44,54,78,388,182,77,126,321,37,81,0,142,115,0,55,62,248,73,62,106,82,212,176,430,0,215,233,278,172,165,330,38,0,420,56,562,59,73,97,0,57,208,76,269,0,756,0,196,174,207,144,186,122,214,68,223,430,0,40,150,97,131,237,31,80,252,178,109,259,37,201,75,328,497,45,0,370,55,209,128,0,251,559,403,293,95,84,0,118,0,167,172,98,0,507,22,134,79,127,101,1171,629,0,0,32,262,230,298,31,208,22,54,181,45,76,324,102,663,70,118,39,93,148,227,230,115,181,24,280,101,175,61,42,272,404,110,0,686,0,30,245,675,39,201,0,87,91,53,26,70,198,290,86,64,212,103,61,112,28,282,53,80,36,76,140,691,128,310,138,0,0,81,167,676,296,213,96,112,0,45,1047,242,1291,46,41,385,660,141,147,187,35,1145,631,200,0,306,416,166,132,98,877,3654,208,192,93,355,0,65,144,0,95,207,137,139,74,187,116,54,911,571,366,69,198,153,649,323,18,24,143,100,380,86,124,59,63,41,103,729,109,152,376,0,59,446,0,203,136,238,197,68,34,59,93,58,208,0,185,224,76,54,0,206,2489,350,346,59,452,1069,0,56,224,836,232,183,189,203,0,286,472,944,466,144,66,280,142,245,167,256,281,292,0,0,482,156,62,156,164,163,1984,264,310,175,0,49,120,1497,53,172,73,1112,127,202,317,0,80,592,0,75,265,86,103,124,86,392,0,178,51,0,54,371,204,445,748,81,358,96,41,327,146,173,118,345,119,0,54,75,42,323,55,55,157,58,440,60,54,509,369,679,283,671,231,112,136,52,0,422,53,134,65,62,113,37,64,306,52,509,355,54,89,60,195,28,0,150,45,591,140,158,107,351,735,228,164,139,55,242,641,263,29,30,138,232,575,442,145,57,395,64,77,483,362,265,62,0,237,36,2042,195,241,392,211,62,47,274,114,36,82,55,45,643,205,149,322,431,0,384,304,240,53,144,195,558,87,130,37,0,47,193,171,67,47,0,301,81,219,400,60,71,0,393,120,126,373,277,121,80,170,141,87,65,154,129,154,406,639,0,119,223,475,93,36,28,116,291,614,54,0,28,62,0,394,79,128,520,355,307,0,922,57,591,1312,169,92,104,838,0,120,33,0,0,257,46,99,51,79,209,126,67,501,182,272,80,91,0,87,206,446,384,0,67,153,0,122,49,91,0,101,87,0,113,58,0,323,557,0,72,144,34,92,149,175,66,0,61,38,473,0,30,519,41,139,47,590,306,97,0,168,1181,0,248,134,130,549,98,118,159,0,57,355,103,181,22,263,363,143,150,53,671,53,128,247,525,54,75,65,217,79,418,0,89,61,346,0,204,75,129,40,109,72,375,0,702,0,0,96,0,136,143,115,110,195,220,95,46,487,415,30,64,46,37,117,242,116,556,175,211,2287,424,542,110,163,0,0,225,163,81,86,238,25,40,103,526,93,259,118,1449,136,0,331,0,22,128,0,73,108,43,60,312,64,31,80,0,79,53,220,129,188,0,159,0,86,0,279,438,205,167,43,35,455,40,43,117,125,404,0,148,99,0,0,206,184,170,501,0,0,128,0,0,74,0,144,110,88,155,40,44,124,504,256,365,140,130,0,116,73,269,690,91,377,48,47,0,81,274,41,405,125,42,62,118,211,33,286,536,42,49,126,0,0,166,94,0,0,0,83,528,53,339,73,0,246,80,136,259,0,335,0,0,0,709,195,85,1167,113,64,65,162,33,124,0,0,69,41,36,74,88,69,543,404,74,48,0,68,131,96,275,100,86,141,0,418,0,117,149,296,60,194,268,289,656,153,76,165,163,332,0,134,0,110,0,309,403,412,197,110,179,121,112,999,315,211,335,0,360,320,109,90,79,185,241,69,61,166,113,60,62,48,114,99,88,218,305,44,86,288,50,255,49,229,0,59,185,146,153,0,125,206,132,0,114,75,842,0,0,195,59,198,712,183,53,317,153,1338,65,107,52,513,204,107,28,534,115,0,127,254,56,0,217,256,1037,109,719,32,2215,153,112,118,180,54,44,0,40,132,180,102,347,0,68,323,112,204,865,334,133,174,0,171,82,741,916,484,254,139,59,67,98,108,117,0,506,193,99,0,73,124,57,89,109,463,31,302,2051,140,393,102,234,192,176,181,405,530,132,56,210,0,96,207,610,0,297,343,344,245,0,713,125,91,270,742,1346,625,562,63,506,167,189,384,0,102,85,105,0,110,0,185,0,220,1458,76,56,67,266,105,116,392,113,238,149,0,72,89,35,87,139,119,289,0,106,127,134,150,0,196,209,232,180,940,65,135,936,108,0,1304,130,414,443,168,176,0,67,248,64,441,0,0,279,955,0,49,64,235,238,0,75,49,97,92,51,84,197,527,136,228,150,323,376,185,410,38,146,155,473,135,68,164,490,565,607,224,203,39,488,153,370,35,122,273,341,55,167,574,364,69,202,57,0,33,231,516,1311,53,42,139,50,1149,360,0,433,109,75,125,0,104,0,183,143,169,169,78,49,101,68,0,691,47,55,129,183,0,185,99,0,181,137,0,0,101,55,0,158,41,0,617,20,0,136,326,177,73,189,31,0,344,0,252,0,231,161,0,142,0,118,35,93,67,56,48,92,43,206,0,0,85,26,126,272,44,281,0,0,141,0,166,299,272,51,75,0,80,433,146,104,61,178,32,31,47,212,79,39,46,118,47,98,91,72,160,0,46,113,65,21,124,38,709,137,0,73,267,163,121,394,287,48,73,314,0,246,43,0,610,210,76,237,0,35,1732,66,249,0,173,95,0,316,0,37,236,127,328,39,231,259,38,34,105,105,0,111,194,44,74,0,244,32,412,43,292,231,34,65,0,0,108,86,45,86,268,0,0,70,532,792,57,358,79,98,387,118,68,0,232,29,389,114,31,95,86,41,382,64,193,149,866,29,659,191,0,644,41,22,0,57,0,299,267,76,286,132,346,35,280,88,496,0,161,253,0,85,249,120,63,151,131,30,172,102,266,461,64,148,282,59,604,344,242,220,343,91,45,181,85,0,525,0,64,98,0,88,62,79,0,108,244,125,112,36,334,0,183,278,180,0,210,388,35,51,173,56,149,72,74,86,169,46,0,193,200,198,87,132,39,56,146,151,120,49,383,280,95,193,43,73,40,0,134,330,81,158,790,67,0,120,182,77,112,160,0,29,223,61,40,152,258,118,0,121,158,198,486,84,251,180,44,71,725,0,64,47,207,195,0,184,157,104,59,76,0,78,303,0,300,0,396,337,51,33,359,858,64,61,382,159,214,0,142,117,678,0,592,0,97,291,119,49,109,90,591,59,118,270,1237,27,0,323,186,24,143,317,551,30,110,143,169,149,0,0,363,32,41,2168,0,211,265,103,75,235,54,118,50,314,47,227,50,62,0,46,79,204,36,150,293,589,234,0,123,214,96,166,0,275,201,184,95,88,186,883,117,48,143,68,123,231,99,358,303,325,255,118,63,374,91,0,194,248,152,163,346,69,256,379,191,146,89,260,690,66,52,160,103,595,87,107,31,44,0,622,198,155,65,73,1085,183,251,0,158,74,248,96,933,0,0,38,487,64,1102,235,186,135,28,141,535,58,279,0,313,77,122,78,194,310,71,77,41,196,58,172,49,66,487,0,0,926,88,40,78,171,315,67,60,252,179,106,78,41,107,32,341,194,498,1263,161,240,234,0,72,198,0,134,367,22,0,151,33,111,329,42,44,178,569,101,219,82,49,47,33,701,560,256,181,129,88,1050,104,1068,0,35,48,297,46,491,86,78,206,206,134,0,144,43,81,0,163,40,88,820,159,84,34,0,0,64,67,667,39,1852,29,220,193,0,113,165,75,0,191,114,30,209,63,56,149,146,38,27,94,65,81,76,0,85,129,111,0,159,0,0,442,37,68,23,218,60,397,321,63,270,81,137,0,0,115,254,389,91,102,171,0,75,82,44,48,72,80,90,89,0,119,159,134,194,320,134,111,37,138,0,37,0,98,46,152,137,137,65,198,91,87,60,685,124,88,86,416,0,278,46,0,69,96,282,81,87,0,394,0,112,42,0,39,219,120,463,45,79,0,151,117,107,268,227,198,43,0,61,308,0,0,115,69,0,23,0,71,209,233,31,91,100,36,33,935,53,0,294,88,52,0,43,77,66,38,349,295,572,36,115,53,0,0,0,276,143,94,213,0,80,235,146,76,508,372,146,0,49,120,136,149,237,72,66,1375,0,31,104,166,286,44,181,222,0,0,0,52,90,204,261,106,376,80,0,200,35,0,40,193,36,42,107,0,233,0,77,484,56,0,43,0,91,69,141,54,177,118,284,220,61,105,382,79,43,0,74,321,917,0,114,0,101,98,0,184,65,281,558,154,152,188,144,38,0,0,0,183,103,147,0,111,28,111,65,115,216,0,15,100,0,55,0,242,0,120,0,87,47,0,146,328,31,0,46,610,151,159,0,1770,0,55,0,40,0,0,187,78,130,160,332,82,0,103,29,0,238,116,140,0,51,130,40,115,50,87,156,314,98,283,50,118,0,119,100,161,82,217,74,0,1208,210,145,114,168,92,68,61,52,0,133,52,67,105,159,94,327,264,0,31,39,162,146,125,0,43,0,128,119,83,140,117,0,0,69,0,153,112,103,665,249,983,276,0,0,0,0,65,167,63,0,176,463,901,91,260,258,239,446,64,158,0,17,30,63,181,0,56,77,33,291,659,0,68,229,40,104,0,0,73,111,202,137,598,108,110,51,37,237,65,0,142,102,97,78,115,439,79,209,134,0,200,138,0,300,398,99,305,276,62,147,239,122,169,0,268,168,0,317,45,0,275,193,126,98,99,55,0,1614,0,237,78,48,146,0,171,135,50,19,73,0,125,0,31,380,0,156,41,40,247,91,173,736,123,118,0,58,101,30,92,0,81,198,180,393,308,94,0,0,118,174,184,120,115,46,0,120,108,74,0,197,84,87,620,0,0,110,342,0,362,158,395,0,55,193,64,0,0,0,36,136,36,188,414,50,498,238,55,110,0,0,225,49,192,151,191,240,30,465,56,172,400,17,300,103,85,149,226,270,250,168,262,34,33,157,203,79,0,0,89,76,41,38,243,156,1886,162,0,142,58,70,372,176,119,194,90,203,72,92,0,97,0,486,363,210,85,646,0,0,103,108,134,0,0,0,0,116,148,78,106,66,370,280,24,0,0,100,0,162,98,49,39,158,28,137,2133,0,0,1370,200,246,44,299,94,421,208,0,460,248,55,61,181,29,13,247,68,406,146,120,110,53,137,54,52,32,797,161,37,0,31,695,43,227,219,502,455,0,0,139,199,219,46,0,544,0,131,113,71,386,267,377,263,282,307,41,65,136,205,0,68,77,231,0,849,510,60,84,53,497,220,58,146,159,183,417,285,462,89,166,52,74,113,75,155,64,105,0,0,233,170,136,0,652,121,0,189,61,0,133,290,14,47,324,280,79,87,0,289,109,78,0,34,241,1343,169,50,72,247,67,87,31,89,543,98,113,273,153,181,43,159,378,80,0,77,0,77,86,108,139,334,71,69,87,0,121,132,181,134,79,50,757,0,0,339,85,142,176,110,473,207,234,63,264,80,70,164,97,92,1067,107,0,0,538,196,225,82,85,207,349,238,211,40,68,1036,137,823,100,549,155,256,165,810,30,129,280,0,428,197,98,67,64,1133,90,329,43,82,88,38,329,0,0,66,1249,43,80,296,92,154,65,474,38,266,325,178,44,2039,98,1154,132,279,52,185,632,47,249,211,427,120,72,41,39,127,92,30,265,118,118,117,56,125,303,498,35,100,89,58,311,0,0,132,135,148,92,100,571,238,47,142,0,43,95,56,222,515,104,222,431,0,70,49,40,350,218,34,39,164,213,46,83,139,316,82,0,218,169,56,57,549,147,117,318,271,274,260,117,0,81,39,0,44,421,0,172,94,0,101,167,78,65,0,401,23,276,176,340,161,183,196,196,0,0,657,124,333,81,176,136,0,111,53,30,91,116,524,305,49,349,250,352,37,66,23,342,145,0,77,93,89,64,59,57,664,312,64,146,64,52,177,224,0,0,99,44,851,172,123,0,44,48,106,138,175,77,96,205,81,123,210,615,36,45,778,101,363,61,98,182,70,0,52,471,0,188,0,86,70,137,98,34,66,419,98,86,47,97,149,54,226,45,118,0,128,157,1285,1928,89,267,211,317,493,54,141,28,216,177,217,86,165,354,174,208,130,73,0,139,143,0,396,199,38,159,221,213,816,61,281,0,183,96,76,0,95,42,134,366,32,2092,191,17,587,0,0,169,114,42,135,118,615,0,0,56,283,41,0,237,0,0,262,41,223,61,120,197,151,1660,201,0,485,98,262,87,407,0,326,206,0,0,316,83,467,44,82,193,53,275,410,63,60,355,94,672,393,0,45,103,47,50,0,1078,384,0,0,117,151,69,142,0,86,0,63,92,140,167,100,0,287,0,0,574,170,157,295,88,86,38,1023,70,21,0,18,0,0,39,149,359,0,61,326,327,43,268,80,0,45,108,119,94,43,134,891,116,51,90
211,0,43,37,96,87,102,171,0,201,30,501,51,110,78,204,656,480,49,67,48,841,75,214,161,294,41,39,222,48,40,57,136,0,96,293,245,0,188,495,300,71,90,40,543,0,163,137,627,59,480,107,240,203,77,497,89,45,0,95,0,221,241,438,50,126,315,101,0,71,593,0,88,94,56,569,223,58,598,59,409,0,77,257,607,101,142,0,150,85,563,112,69,240,364,102,71,0,64,57,0,65,89,519,75,42,97,100,194,166,623,125,111,290,452,135,91,165,84,69,586,87,564,68,37,90,65,91,164,43,344,26,732,66,209,349,507,221,187,168,375,148,282,953,28,30,109,127,171,327,0,65,368,88,320,237,58,220,64,416,367,195,0,336,97,189,169,119,267,527,591,428,55,145,65,111,79,115,510,148,69,414,41,56,90,125,86,866,633,0,0,0,334,179,311,60,243,53,37,239,61,242,293,55,1076,62,104,52,80,464,324,361,101,81,81,232,181,177,0,61,285,455,117,48,714,0,0,220,649,0,211,60,60,0,54,0,107,172,307,95,55,208,89,116,141,0,342,0,130,0,158,155,613,160,478,216,150,0,103,274,548,269,164,97,131,0,65,1017,336,670,82,0,609,948,123,190,215,52,1549,316,143,0,187,479,205,95,108,655,4083,161,144,113,662,53,35,89,42,135,144,95,104,58,138,96,70,941,549,316,46,261,228,582,273,0,0,110,84,383,353,133,87,108,48,120,647,301,51,443,0,72,599,0,206,148,164,230,43,58,0,99,61,191,57,138,205,56,33,28,233,1850,314,186,34,450,723,34,61,221,944,538,137,168,212,80,221,576,717,276,80,85,330,122,171,135,182,353,245,0,15,560,91,95,136,124,110,2090,119,289,154,0,57,61,1085,73,179,56,1058,103,250,602,0,85,214,29,53,212,67,151,146,84,387,0,221,74,0,87,521,178,445,449,56,412,175,51,324,338,173,130,221,48,40,60,125,55,361,0,84,110,90,307,58,23,758,262,294,192,499,174,68,122,28,0,284,37,154,69,79,158,0,60,289,126,329,279,52,101,51,156,95,82,68,160,532,156,134,83,226,971,491,183,371,109,373,226,142,0,28,208,359,403,175,141,73,471,147,70,283,118,481,67,0,485,95,1166,189,107,562,261,81,0,253,120,46,127,58,50,360,105,128,187,235,98,309,516,195,47,133,207,474,38,127,46,0,50,220,223,0,27,0,270,53,519,359,110,101,0,131,113,127,885,364,208,42,94,113,84,66,101,106,174,363,686,0,184,100,510,140,46,34,85,277,255,70,0,107,66,0,324,0,80,291,494,238,0,778,34,518,799,100,59,100,1035,0,152,0,0,28,176,52,117,0,89,140,144,153,398,77,349,140,108,0,73,343,461,223,37,181,226,0,189,72,67,0,103,137,51,93,77,0,335,358,36,55,107,55,90,115,178,36,0,44,31,304,0,54,506,34,196,72,634,360,86,44,128,1052,0,220,103,150,308,201,165,197,26,95,196,103,165,73,122,478,128,316,0,591,104,101,182,513,63,80,0,183,152,357,62,63,110,371,0,227,82,176,0,87,77,490,32,638,28,66,134,0,180,178,91,115,161,248,149,30,264,500,0,66,28,0,95,278,128,399,189,207,1743,602,415,233,258,0,0,204,189,110,75,75,0,0,69,567,245,386,130,1006,176,0,197,45,0,204,18,67,91,77,83,346,34,21,65,18,44,79,183,67,127,0,116,0,107,33,390,293,279,139,83,52,477,116,60,0,184,278,49,211,46,0,0,259,65,108,873,0,0,153,57,0,62,0,175,97,157,157,72,79,112,392,112,355,112,219,63,155,39,496,552,71,497,34,84,69,138,362,35,545,136,65,105,229,141,0,334,355,0,45,129,36,32,272,145,61,0,0,101,648,0,391,85,0,175,158,89,352,39,256,0,44,0,878,250,189,769,113,75,23,390,65,211,79,0,105,60,24,0,73,124,485,410,99,21,0,108,82,148,289,95,146,136,0,210,0,99,167,430,110,133,426,231,644,120,69,78,117,420,0,126,29,54,59,140,83,386,409,71,151,80,113,1143,66,161,97,0,179,313,213,0,76,177,247,47,50,142,121,80,68,58,78,63,95,192,212,50,76,241,0,254,0,386,0,88,73,143,135,0,96,131,128,55,129,52,840,65,82,73,161,136,264,120,39,222,121,844,99,91,66,454,136,43,0,959,139,0,156,444,0,47,161,202,814,73,497,33,1937,199,61,157,89,30,52,23,0,270,161,78,298,48,49,427,148,197,682,371,56,44,0,187,61,449,1138,723,185,155,0,44,138,0,107,0,405,131,98,0,0,213,144,59,31,396,0,226,1783,145,201,163,303,184,120,98,232,369,120,38,206,0,148,158,975,0,258,240,232,60,0,468,164,136,202,1176,457,473,479,0,306,148,70,341,51,57,0,105,0,78,0,136,0,143,744,34,36,76,129,101,90,341,113,273,190,82,67,79,0,51,148,58,213,29,69,99,240,80,0,172,98,84,106,496,59,105,600,126,0,288,110,133,300,113,144,0,77,231,169,303,13,0,287,1045,0,42,33,293,201,0,96,0,75,59,65,0,97,107,128,45,138,157,283,143,392,0,116,130,530,74,67,84,544,466,264,162,303,0,564,140,139,0,26,62,277,39,132,445,338,32,153,36,0,63,160,545,947,122,118,220,17,400,266,0,478,133,33,104,20,0,0,66,94,97,200,0,64,204,33,0,1138,60,44,188,255,76,137,155,51,90,97,29,64,119,56,37,64,40,0,522,0,0,76,243,146,101,106,0,0,108,46,199,45,115,167,33,101,31,122,0,50,0,98,84,132,0,262,0,0,182,38,56,140,62,77,47,0,75,0,193,397,267,0,87,0,42,229,148,52,54,173,70,49,40,137,66,22,64,56,0,173,93,99,102,0,22,64,119,0,173,67,828,99,0,77,182,112,98,460,327,102,51,224,0,231,53,32,436,353,100,292,74,0,2099,72,83,15,100,144,67,725,0,87,136,92,100,38,200,144,30,28,0,69,0,42,239,33,57,33,131,73,119,36,166,215,59,52,43,69,104,68,0,144,293,47,0,68,2176,321,51,551,62,81,175,328,51,35,89,33,208,134,38,104,112,50,498,64,262,150,860,0,919,263,19,301,48,0,57,0,0,353,0,94,132,112,346,57,393,29,192,0,74,304,0,0,249,116,61,260,85,45,0,142,134,214,53,102,169,44,402,169,96,113,231,32,73,281,108,0,382,0,55,255,0,63,0,424,0,174,276,125,177,0,358,75,235,155,120,0,234,295,38,83,219,74,77,0,91,101,338,0,239,160,165,236,0,100,0,54,263,0,86,43,426,219,84,102,78,123,78,20,46,274,64,174,204,73,0,0,231,41,0,90,75,0,108,19,0,154,370,101,0,24,142,54,164,0,85,169,28,65,227,0,0,27,149,202,17,216,136,46,0,0,0,49,226,0,136,0,492,446,0,0,259,386,96,81,433,68,137,0,79,50,501,0,334,0,89,144,120,51,0,160,259,109,118,172,1336,0,0,177,52,0,88,192,377,0,101,77,140,97,69,31,206,0,32,985,0,170,110,59,70,144,0,0,52,156,49,452,39,78,0,52,0,196,0,93,292,251,89,0,0,128,55,157,0,259,47,77,107,75,81,934,118,86,88,27,102,154,36,234,543,141,124,77,56,308,60,0,104,168,82,180,215,44,249,177,153,53,91,219,468,53,44,51,134,314,0,138,0,0,43,516,108,0,0,45,411,157,269,84,206,74,149,32,828,0,0,45,361,41,1282,112,110,0,69,177,306,55,92,0,116,70,155,52,230,140,27,84,0,167,0,59,0,136,399,0,0,551,64,0,0,266,319,39,71,251,230,89,40,38,0,64,147,108,130,1319,226,151,87,0,23,139,0,84,462,0,0,0,35,44,176,25,0,158,490,44,364,50,57,80,36,456,206,218,149,69,0,153,113,563,0,35,0,405,0,431,70,181,142,87,0,0,127,0,32,0,213,37,42,489,45,135,0,0,17,70,44,301,29,1228,0,180,158,0,0,0,179,0,280,116,0,110,85,66,145,102,70,12,176,88,84,97,0,0,164,61,33,162,0,0,284,38,121,58,58,78,198,444,43,206,111,0,0,0,0,149,219,114,106,89,34,51,154,0,55,0,33,85,32,0,119,169,113,96,217,43,119,89,59,43,0,0,118,57,154,107,687,79,97,202,68,69,588,63,66,140,110,0,441,155,0,102,115,103,103,86,0,175,47,114,81,88,0,73,104,284,0,70,24,272,174,139,114,245,231,0,34,78,133,0,0,92,128,0,34,92,40,87,174,63,91,94,38,22,416,60,59,546,0,62,0,0,35,60,0,142,76,978,0,121,39,86,0,55,301,43,278,191,42,113,341,159,115,1263,94,106,44,34,49,192,302,458,70,146,418,0,0,143,115,348,0,148,117,45,38,0,0,63,428,343,284,378,92,0,115,40,0,0,240,62,0,54,0,172,0,54,452,61,24,0,0,150,200,66,67,275,78,0,216,0,53,585,121,34,31,0,440,1109,54,82,0,47,84,0,139,98,367,501,137,149,172,307,71,56,0,0,132,58,567,0,59,47,120,244,138,355,0,35,100,0,302,0,313,0,114,58,44,48,33,117,421,31,0,64,662,110,74,0,995,0,76,0,0,0,0,654,86,69,223,1060,69,0,131,16,0,227,62,40,33,53,202,49,134,67,62,102,366,41,113,34,0,59,114,133,254,105,190,88,52,743,68,175,57,124,106,70,64,28,0,88,0,82,130,93,116,293,152,38,60,15,379,190,101,0,80,0,206,178,80,111,223,0,0,41,0,102,89,276,640,364,723,266,0,0,66,28,51,84,45,40,78,305,690,58,269,69,185,191,21,172,0,85,82,66,104,0,0,58,0,472,753,0,229,140,49,183,0,0,0,49,214,155,779,68,42,96,51,139,223,0,171,109,32,70,69,185,49,105,78,0,180,98,0,160,215,105,319,215,63,93,84,139,115,0,243,288,0,235,55,0,282,157,48,155,179,50,0,1059,0,113,83,0,125,60,36,159,76,0,69,0,66,0,74,323,0,152,0,0,549,133,51,169,0,60,0,123,62,0,102,0,97,294,111,469,297,68,0,0,0,76,200,100,129,0,0,135,132,97,0,183,114,127,528,0,0,192,180,0,199,108,306,0,32,45,67,0,30,0,40,113,51,63,330,0,439,509,59,55,0,47,248,29,97,51,83,209,0,222,0,179,445,0,192,95,0,231,83,255,163,166,156,46,0,88,164,57,0,39,375,31,30,81,162,71,1466,105,0,100,85,79,256,216,184,418,49,270,0,47,0,309,0,425,688,105,0,157,0,0,56,0,75,119,0,0,41,197,127,147,234,47,234,264,0,21,0,92,58,342,49,0,0,59,0,70,2326,0,0,952,109,110,0,456,20,119,222,0,580,93,0,17,297,49,0,0,73,175,0,245,164,22,41,88,32,0,1162,132,0,0,37,416,0,123,148,617,165,0,0,39,127,210,0,0,0,0,53,124,40,61,169,453,182,193,153,64,66,100,95,0,63,60,70,0,835,422,35,75,55,330,156,69,91,105,49,441,498,144,45,103,113,0,128,0,62,74,51,0,41,180,147,55,31,901,40,0,90,0,0,47,165,0,47,131,446,26,0,0,261,0,50,0,43,308,489,162,0,38,230,31,26,0,158,446,65,96,331,74,198,0,142,550,71,30,0,50,102,49,37,208,109,68,0,107,0,32,133,48,99,87,45,492,0,65,302,0,154,69,78,409,199,288,0,134,61,64,36,62,133,386,264,0,0,265,177,57,105,34,131,169,94,238,0,55,589,39,648,58,300,69,148,81,441,0,218,138,93,415,67,43,0,79,1028,90,144,51,0,102,0,218,0,85,121,32,35,55,241,163,84,0,384,0,150,472,79,72,490,36,354,159,378,27,79,570,0,209,77,229,86,77,0,0,192,117,67,0,62,0,231,0,175,92,360,0,143,104,48,78,0,0,121,41,45,91,135,646,379,64,167,0,0,153,88,174,341,103,67,184,0,67,0,0,234,142,0,38,83,147,36,71,76,158,53,0,144,100,22,35,404,59,96,309,176,351,127,64,0,82,0,0,43,154,34,92,54,0,122,165,0,48,0,314,40,201,153,151,139,104,136,202,0,0,898,113,566,53,96,82,0,144,39,0,67,126,305,191,90,314,138,234,0,113,0,175,90,64,22,77,39,42,0,55,320,160,26,151,0,0,197,79,0,19,92,49,961,111,79,0,0,39,68,90,111,125,106,57,70,63,96,409,0,0,173,155,193,0,55,70,0,0,55,284,0,153,0,76,0,83,45,0,84,215,0,67,53,0,107,101,55,47,95,0,110,257,1008,1658,84,135,165,141,244,68,333,0,158,103,173,56,241,281,113,58,39,72,22,92,112,0,258,93,0,72,104,222,621,0,102,0,272,0,58,0,0,0,152,285,20,1373,87,0,485,0,0,143,87,39,137,98,604,0,0,66,214,18,0,107,52,0,124,0,73,40,183,168,180,1300,142,0,430,0,309,67,244,0,308,146,42,0,234,75,350,46,29,239,0,226,243,0,49,118,59,465,448,114,0,55,34,35,0,1340,217,0,0,58,101,60,115,0,50,94,0,126,57,142,50,0,282,41,0,299,165,51,181,67,43,0,940,23,0,0,0,0,0,0,139,398,0,102,111,285,59,228,27,0,0,217,129,0,25,145,827,43,37,76
212,0,0,0,0,46,0,0,0,53,0,160,0,0,0,87,242,76,0,40,0,97,54,0,0,79,0,22,27,28,0,0,66,0,0,180,107,0,0,195,0,0,0,0,254,0,78,0,139,0,0,0,91,38,0,0,0,0,0,0,0,52,0,56,0,26,56,51,0,0,139,0,0,0,0,117,48,0,112,0,20,0,53,68,0,0,0,0,62,0,0,44,47,0,74,0,55,0,40,0,0,0,0,0,0,0,41,0,0,90,51,69,0,134,46,42,0,170,0,0,45,0,204,38,0,0,0,0,37,0,75,0,390,0,0,0,95,0,62,85,48,79,55,228,0,0,32,0,74,27,0,0,0,17,0,79,0,29,39,101,164,0,0,71,26,0,0,0,92,114,119,106,0,37,0,0,0,46,92,44,0,109,0,0,0,42,68,342,179,0,0,0,0,38,73,0,42,40,0,117,0,0,94,0,103,0,61,0,0,112,44,50,42,69,0,50,0,54,0,0,51,102,0,0,333,0,0,0,437,0,38,0,0,41,0,0,0,0,183,26,0,0,16,35,29,0,56,0,0,0,0,0,312,40,39,0,0,0,0,0,332,0,0,0,47,0,0,316,61,131,40,0,35,303,0,31,0,0,326,247,67,0,106,81,107,0,0,167,1016,81,39,0,0,0,0,51,0,38,33,0,27,0,26,0,0,90,244,150,0,41,72,172,82,0,0,0,47,121,60,0,0,38,0,0,165,131,0,131,0,0,163,0,72,46,0,22,0,0,0,56,0,80,0,0,52,0,0,0,87,384,139,58,0,169,173,0,0,94,163,72,0,39,111,0,81,135,439,83,0,0,140,0,0,0,106,60,0,0,0,73,0,0,42,0,33,94,29,67,0,0,0,26,352,0,51,44,229,23,105,163,0,38,106,0,0,39,0,0,22,0,41,0,38,0,0,0,148,73,124,235,0,0,0,0,55,122,0,0,0,0,0,0,0,0,108,0,0,0,0,0,0,0,116,138,61,60,0,44,0,0,0,0,101,0,49,0,31,0,0,0,144,34,49,29,37,0,0,54,0,0,0,42,90,35,0,0,0,75,187,62,0,0,97,162,0,0,0,64,52,103,235,44,0,53,0,47,118,187,31,0,0,145,0,427,0,46,121,96,57,0,0,0,0,0,0,0,107,0,0,88,70,0,142,141,64,0,0,42,122,0,0,0,0,0,41,0,0,0,0,98,0,112,162,0,0,0,81,0,0,284,0,75,0,93,0,0,0,29,0,0,108,179,0,0,0,93,0,0,0,0,0,121,0,0,0,0,0,19,0,41,137,86,71,0,278,0,123,332,0,0,42,428,0,0,0,0,0,0,0,0,32,0,0,58,37,195,63,141,61,80,0,0,205,130,84,24,49,149,0,61,0,35,0,0,101,0,101,0,0,193,161,0,33,44,0,41,0,115,0,0,0,0,64,0,0,504,0,90,0,29,448,0,0,108,793,0,63,60,34,119,28,61,121,0,42,97,93,80,0,66,326,28,209,0,195,33,99,80,157,0,55,42,68,99,133,0,0,39,216,0,33,37,66,0,79,61,195,0,383,0,0,88,0,107,47,0,58,39,78,131,27,254,216,0,0,0,0,49,133,97,298,91,98,765,260,265,89,109,0,0,36,54,47,49,107,0,0,53,487,152,229,119,568,218,0,81,31,0,171,0,42,81,0,0,156,0,0,60,0,0,0,140,29,45,0,60,0,75,0,205,130,117,0,0,0,319,44,0,55,110,196,0,142,0,0,0,70,102,84,328,0,0,83,40,0,50,0,49,79,57,118,17,48,51,413,70,201,66,169,32,51,0,272,157,0,473,0,0,0,136,118,26,192,0,25,0,71,54,30,50,385,0,0,37,0,0,0,69,0,0,0,39,462,0,239,0,0,65,65,0,91,0,56,0,0,0,632,148,48,268,0,0,45,180,26,27,32,0,35,0,0,39,0,68,28,153,0,0,0,75,48,96,134,0,0,136,21,0,0,0,52,195,0,143,161,117,322,0,0,157,47,279,0,73,0,51,26,121,161,273,243,57,50,39,62,392,157,111,105,0,155,133,117,0,45,71,99,56,35,81,57,0,0,0,64,42,75,190,145,0,55,110,0,167,0,260,0,0,63,80,119,0,49,53,54,0,63,0,284,0,0,208,0,38,266,88,65,147,0,777,60,46,0,138,285,0,0,345,81,0,73,283,0,0,86,160,449,97,219,0,445,93,49,93,0,0,64,0,0,101,79,51,361,0,0,157,0,131,311,280,32,54,0,71,0,171,453,326,179,67,24,73,91,0,36,0,796,54,61,0,0,0,0,71,36,169,0,172,859,78,513,66,158,107,50,75,148,337,66,22,78,0,57,92,538,0,104,275,179,113,0,375,40,64,174,414,723,111,287,32,183,119,39,570,21,47,0,69,24,139,0,87,0,0,352,36,0,56,85,60,68,550,0,105,145,145,64,50,0,60,67,51,148,0,0,104,135,69,0,136,95,128,0,330,31,47,1555,59,0,419,69,152,94,125,83,0,0,96,0,135,0,0,104,506,0,0,56,102,337,0,71,0,62,68,40,30,67,272,88,68,83,81,218,143,190,0,80,78,157,0,0,95,290,386,267,70,95,0,352,53,116,0,73,85,212,0,55,337,143,40,0,27,0,0,43,260,548,0,44,119,21,479,309,0,73,165,0,78,0,93,0,0,59,106,211,38,52,157,0,34,981,56,50,33,146,50,48,106,0,113,154,72,0,182,44,0,0,0,0,135,0,0,40,82,213,81,62,38,0,43,53,130,45,72,42,0,25,0,227,0,52,28,63,0,168,0,59,36,0,122,0,0,166,55,109,38,0,83,0,362,348,106,22,51,0,52,185,85,0,42,207,0,40,53,56,53,0,45,0,0,125,79,0,108,0,0,45,58,0,266,29,461,0,0,47,90,36,39,149,392,57,0,344,0,149,0,0,444,222,37,351,0,0,936,84,83,0,46,80,35,633,0,78,246,53,129,34,154,55,0,40,98,100,0,45,128,0,0,0,60,44,51,0,104,256,56,0,43,40,0,50,0,82,77,24,0,73,1000,395,0,456,45,49,139,268,0,0,60,22,93,63,0,69,157,0,467,0,146,170,144,0,184,136,0,180,0,0,45,0,0,85,192,90,133,82,156,0,399,0,260,0,111,326,0,0,176,63,94,142,45,0,111,81,34,96,52,227,68,71,508,134,124,73,65,0,44,161,60,0,132,0,0,83,0,18,0,255,0,87,129,169,140,41,315,0,184,82,183,0,124,170,0,71,0,54,33,43,46,143,124,0,106,225,62,228,0,0,59,51,61,75,90,0,211,465,137,31,70,96,47,0,44,68,63,157,413,0,0,125,113,60,55,127,41,47,0,0,0,61,116,55,0,46,205,43,223,0,0,66,38,0,147,0,0,0,49,0,0,158,162,56,0,61,0,0,154,35,181,0,136,123,0,0,244,57,63,60,230,126,202,0,0,76,335,0,492,42,0,38,135,0,153,102,434,93,61,235,283,0,0,272,239,0,151,212,251,0,92,0,65,38,26,0,220,0,39,262,0,134,0,43,77,43,72,45,77,94,0,367,0,0,0,0,64,83,0,0,350,184,0,0,82,58,24,155,52,37,192,37,0,0,0,904,48,71,127,64,49,106,0,131,215,31,193,90,91,87,32,0,150,107,114,0,110,53,77,364,94,0,45,97,607,34,24,36,0,233,0,62,0,0,0,297,142,0,0,0,241,42,87,75,165,0,156,0,253,0,37,0,339,0,481,66,63,63,0,211,149,0,218,36,175,114,141,90,77,347,0,48,0,89,54,45,39,95,317,0,0,558,0,0,85,234,114,63,62,342,151,75,32,0,85,0,229,109,308,680,100,56,52,0,89,88,0,70,227,0,0,0,0,0,177,0,0,67,166,0,147,30,103,82,0,242,86,52,0,72,66,885,153,624,49,33,0,278,0,280,0,152,94,157,0,0,50,0,52,0,74,24,0,721,116,70,0,0,0,40,38,74,0,547,0,64,172,0,105,81,74,0,336,178,41,160,55,0,107,114,105,31,249,161,83,57,0,36,138,0,0,152,0,0,241,0,0,60,102,63,271,410,58,136,134,132,0,0,34,98,300,172,109,252,37,67,126,0,49,49,51,70,57,0,128,110,123,102,155,56,49,106,102,0,0,0,91,0,154,107,503,75,77,93,37,49,387,109,53,144,306,0,373,152,0,0,73,332,88,125,0,434,68,119,49,85,0,95,108,202,33,41,0,315,75,149,99,135,219,22,0,0,222,0,0,0,129,0,0,84,0,80,186,66,97,145,42,0,540,29,0,377,77,45,0,0,64,68,17,449,212,341,0,53,48,66,0,39,211,95,235,106,0,165,194,98,37,654,205,79,0,36,72,235,494,136,0,141,540,0,0,165,111,230,40,199,150,0,46,0,47,31,464,362,378,317,76,0,85,40,0,33,157,0,0,94,0,154,0,18,405,0,0,0,0,102,156,40,48,202,86,186,151,35,0,404,0,39,0,33,155,560,0,104,44,49,76,0,34,110,268,178,122,142,95,164,0,73,0,0,87,79,355,0,88,40,99,250,61,55,28,48,100,0,250,19,333,24,69,0,49,0,0,91,355,0,0,113,466,85,84,0,628,0,39,0,0,0,0,440,58,79,157,1126,37,0,65,0,51,211,63,74,39,45,105,0,98,110,0,201,367,0,62,0,56,0,76,65,253,103,335,67,48,741,142,232,103,117,98,92,57,36,55,134,0,0,31,35,65,102,0,28,0,29,273,85,70,0,58,0,80,144,85,98,116,24,35,74,0,47,109,58,567,267,489,138,0,0,38,0,82,97,0,0,130,288,289,81,341,97,95,115,0,111,0,74,0,0,134,36,53,127,46,445,247,0,35,150,0,108,0,0,64,0,95,69,495,120,105,57,67,348,218,0,326,110,62,75,92,223,0,121,105,0,73,62,0,95,227,0,432,211,0,98,162,50,64,71,156,191,0,112,38,0,209,200,52,28,49,0,0,482,0,252,63,56,44,0,106,230,72,0,59,55,99,55,0,303,19,70,0,46,555,44,76,417,0,66,0,44,156,0,0,0,89,125,141,76,118,98,0,0,62,0,59,51,116,47,0,70,0,88,0,229,0,0,206,0,0,151,244,0,269,66,307,0,67,60,54,0,0,0,0,153,0,99,279,0,286,224,0,0,0,0,277,0,171,151,115,210,168,151,143,49,79,19,170,89,0,58,83,222,351,159,197,0,0,158,133,52,0,34,121,51,58,57,109,37,701,84,0,43,82,22,212,295,57,271,106,195,0,0,0,120,42,156,298,119,52,385,0,0,175,64,108,118,35,0,0,96,121,31,76,0,320,87,0,0,0,0,50,258,92,28,0,116,0,89,1257,38,0,688,110,67,38,362,35,472,99,0,264,183,35,42,330,0,0,154,66,280,81,176,66,92,101,0,0,23,941,90,0,0,0,463,0,151,125,426,239,0,42,107,122,84,42,0,406,0,72,0,70,354,150,444,154,76,200,66,45,54,0,39,59,0,155,0,1511,0,62,52,86,145,177,77,119,0,164,291,174,186,88,112,48,89,0,0,95,56,73,0,47,227,117,136,0,588,0,0,245,29,0,135,526,0,70,80,522,65,37,0,156,113,67,0,0,349,1352,87,0,0,139,48,87,0,139,515,0,114,77,72,131,0,98,561,71,28,0,0,86,66,50,155,217,35,122,91,0,121,181,120,106,0,86,343,0,67,190,70,65,99,68,267,188,260,69,185,0,0,94,85,155,346,120,0,0,390,145,137,163,0,0,221,67,145,0,0,872,114,120,126,160,92,272,81,56,0,183,84,70,189,116,89,85,67,1139,84,71,41,55,30,0,259,0,59,95,886,0,64,518,93,79,76,185,0,181,374,50,85,1174,64,689,151,504,40,57,310,50,44,154,164,147,164,39,37,226,204,0,161,122,0,190,0,391,428,190,34,137,195,0,233,0,0,105,86,49,98,0,352,572,74,172,0,0,117,46,95,525,70,109,333,26,0,0,72,204,329,0,37,68,228,0,61,41,368,0,0,139,179,80,44,763,119,135,84,113,261,178,126,0,155,36,0,67,247,34,59,84,0,143,119,49,52,0,367,22,156,90,99,62,188,151,313,0,0,776,168,451,58,296,0,0,100,65,0,0,139,570,339,49,258,233,132,47,39,38,75,60,57,70,63,41,0,58,0,269,298,67,133,42,39,198,193,0,0,81,67,687,104,70,0,56,84,73,72,119,148,58,252,133,196,206,611,46,0,563,103,110,62,103,90,74,0,49,272,0,127,0,0,51,172,102,0,41,87,91,69,0,96,79,84,290,76,106,0,109,101,579,1556,64,174,145,188,343,97,112,41,327,93,174,67,211,140,271,203,113,92,0,113,133,0,115,198,32,130,68,185,591,30,227,72,259,100,95,0,84,62,171,280,0,1594,213,0,539,0,0,187,134,33,256,127,530,35,0,0,235,27,0,184,65,0,30,0,157,0,173,302,195,1068,121,29,477,69,430,77,278,0,198,162,0,0,219,100,140,44,0,207,61,218,208,47,35,336,195,498,579,0,45,50,98,41,0,1474,292,0,0,62,170,40,76,0,69,90,44,127,125,107,57,0,160,33,0,667,122,0,279,41,139,56,617,0,0,37,0,0,0,18,141,375,0,52,194,459,93,205,102,0,52,120,100,47,0,174,342,92,31,93
213,0,0,0,42,0,61,0,0,41,0,214,26,0,0,99,185,0,0,0,0,41,0,0,65,57,0,0,0,0,13,0,49,0,64,102,69,0,92,104,77,32,56,0,214,0,57,42,193,0,0,0,99,101,0,85,0,0,0,0,0,64,65,365,0,27,0,28,0,0,235,0,40,0,0,170,59,0,213,28,87,0,0,131,123,64,0,0,68,40,112,0,0,62,65,0,0,0,64,0,0,0,0,93,0,0,43,30,81,60,41,24,42,58,0,39,44,79,0,0,86,0,146,0,0,0,0,0,0,0,75,0,448,0,78,0,41,61,35,36,0,62,157,273,0,0,40,21,54,71,0,0,51,0,105,97,0,74,0,114,95,0,0,57,33,39,0,30,69,46,74,70,0,65,0,0,44,43,0,67,0,290,0,0,26,31,0,289,150,0,0,0,0,37,161,0,0,0,0,0,0,0,89,0,70,0,0,0,0,118,55,0,0,53,0,159,0,0,0,0,0,0,50,0,411,0,0,86,217,0,0,0,0,0,0,0,13,43,116,41,0,74,0,43,0,0,61,0,0,0,0,0,345,0,0,30,56,0,0,24,163,112,93,0,33,0,0,275,0,198,24,0,80,697,49,0,0,0,61,117,0,0,87,61,62,41,0,136,205,55,43,33,153,0,0,68,0,36,39,43,0,0,89,0,0,56,265,130,0,123,108,228,109,0,0,0,52,126,0,0,0,40,0,0,126,43,31,0,0,0,173,0,0,52,81,0,0,0,0,0,0,113,0,0,0,0,17,0,138,733,73,72,28,241,214,0,63,122,139,232,64,50,42,0,82,211,279,90,0,55,153,0,45,48,75,141,42,0,0,161,0,0,0,0,0,329,66,39,0,0,0,0,143,0,62,0,113,51,31,92,18,0,141,0,0,91,0,0,0,0,110,0,44,0,0,0,98,29,88,196,0,66,56,0,54,64,0,64,54,0,0,0,43,0,153,0,46,100,0,110,0,0,34,102,95,107,90,19,0,0,0,0,48,0,0,0,33,29,0,0,0,34,73,227,0,0,0,49,0,0,0,0,117,53,0,0,59,264,293,57,84,0,123,167,0,0,0,52,139,226,118,68,0,295,0,49,143,89,0,0,0,170,0,464,83,84,74,142,31,0,65,0,0,63,30,0,136,0,0,129,113,46,0,195,126,0,0,0,359,0,51,0,0,0,134,0,0,0,0,70,0,73,146,0,0,0,87,32,0,187,62,81,0,0,0,41,0,34,0,0,257,467,0,0,89,54,62,0,0,0,0,161,27,0,0,0,0,0,0,0,138,94,44,0,424,0,71,318,0,0,59,257,0,81,0,0,0,47,43,109,0,0,0,54,0,25,62,0,79,52,0,0,137,140,52,0,121,95,0,71,0,23,0,0,48,41,0,0,0,75,49,0,0,0,0,0,94,59,0,0,0,0,83,0,0,117,0,76,0,123,215,0,0,58,572,0,49,54,36,50,0,0,31,0,0,141,21,64,26,0,201,0,108,0,124,0,53,0,118,0,0,0,70,52,111,0,0,0,82,0,0,0,0,0,0,36,96,0,167,0,0,85,0,47,22,0,34,0,51,54,0,196,215,0,0,0,0,0,260,48,160,104,44,595,183,89,108,94,0,0,69,85,26,0,70,0,0,23,135,72,96,0,836,110,0,48,0,0,84,0,0,50,0,0,123,0,0,0,0,0,0,49,0,0,0,73,0,0,0,128,104,49,43,0,0,162,0,0,0,47,33,0,62,0,0,0,113,54,0,256,0,0,49,0,0,0,0,0,0,0,38,0,0,0,147,0,111,43,71,0,0,0,236,61,0,231,0,0,0,60,129,0,251,0,0,0,0,0,0,39,230,0,0,0,0,0,55,55,42,0,0,0,257,0,221,0,0,61,43,0,137,0,74,0,0,0,354,75,41,150,0,42,0,278,0,81,0,0,0,0,0,33,0,30,171,62,19,0,0,36,63,69,83,0,0,80,0,41,0,22,54,189,53,31,60,0,202,0,0,0,0,91,0,34,0,0,0,60,69,56,171,0,98,0,46,552,99,62,0,0,52,233,84,0,0,0,122,0,0,0,55,0,0,0,0,38,0,0,19,0,0,0,0,121,0,79,0,43,0,89,62,0,40,0,0,0,0,37,0,0,0,0,45,0,136,29,0,0,0,344,0,37,0,0,0,0,0,222,0,0,0,223,0,0,0,105,0,0,62,14,224,0,37,54,70,0,0,0,0,0,0,0,0,0,0,0,0,66,156,170,0,0,0,0,0,218,89,274,70,0,0,0,69,0,0,0,68,106,0,0,0,0,0,0,0,0,0,39,652,0,0,49,126,28,0,65,95,148,0,0,90,0,0,0,207,0,0,0,0,74,0,122,0,0,61,446,390,197,296,0,63,32,0,0,0,0,0,0,0,0,0,102,0,92,198,26,0,0,55,55,25,50,0,136,99,0,0,0,0,0,72,0,59,0,0,0,31,56,0,48,0,0,0,98,0,82,208,64,0,151,0,49,78,0,0,0,0,0,60,87,0,0,33,94,0,0,0,138,49,0,0,0,0,0,32,0,0,136,0,0,79,0,79,28,70,0,37,45,50,17,40,0,291,129,195,30,123,0,79,0,88,0,0,0,50,0,82,55,119,0,64,0,0,0,91,253,141,50,0,0,0,95,0,0,83,0,0,0,0,0,0,0,0,36,105,0,42,114,0,0,0,0,0,38,155,50,0,70,40,77,0,0,33,66,0,0,0,0,0,62,0,0,0,0,35,0,0,0,0,22,0,47,0,57,0,0,0,0,0,0,0,0,0,0,76,13,39,0,0,35,0,32,63,20,51,0,0,28,0,104,38,88,0,0,0,0,253,0,0,0,93,0,0,0,0,33,0,0,66,0,39,33,0,91,0,0,0,0,0,82,0,96,0,0,51,103,0,0,115,93,0,31,64,0,58,26,0,308,140,0,136,29,0,566,0,92,0,63,0,0,470,0,57,0,0,41,0,75,0,0,0,0,48,0,0,171,0,0,0,92,0,0,0,86,100,44,0,27,33,0,0,0,0,136,0,0,0,1377,257,0,279,25,22,63,181,30,0,0,0,183,0,44,31,42,0,215,0,39,0,276,0,145,115,0,73,0,0,0,0,0,94,0,30,64,0,133,0,0,0,183,0,0,194,0,0,38,69,0,82,0,0,0,80,0,0,0,0,93,0,336,168,54,56,0,0,37,196,0,0,221,0,0,140,0,0,0,230,0,0,115,74,0,0,133,58,0,0,0,0,135,56,0,0,0,0,47,0,0,0,35,0,174,81,0,137,0,25,0,0,104,35,0,0,167,0,129,51,0,0,0,0,0,66,0,0,133,0,0,0,115,0,0,0,0,0,0,0,0,91,0,0,0,0,0,0,84,0,0,0,0,0,0,0,0,0,0,0,0,44,0,0,0,18,0,0,0,0,0,0,58,59,0,0,69,88,0,0,42,0,0,0,0,0,190,0,0,0,0,0,59,0,0,0,124,0,0,42,0,16,0,37,54,0,0,0,115,0,41,0,87,0,41,0,0,0,39,152,0,45,0,0,0,53,0,0,0,0,0,0,0,0,0,0,0,0,0,0,65,148,0,0,0,44,0,58,0,0,43,0,0,33,0,274,0,0,0,0,0,0,0,89,71,23,0,0,0,0,0,0,58,0,0,0,0,0,0,38,0,0,26,0,221,0,0,29,0,0,0,0,0,0,14,53,52,0,0,0,66,0,0,0,0,0,47,0,0,0,0,0,99,0,248,0,0,0,0,0,0,0,0,0,0,0,0,37,50,74,0,51,0,0,0,36,0,101,125,0,0,234,0,0,0,51,0,0,0,69,0,0,0,0,0,0,66,0,0,191,43,0,53,0,0,43,0,0,0,0,0,0,0,0,96,0,0,0,47,0,229,0,0,0,0,44,112,0,0,0,0,76,33,289,0,0,0,0,0,133,0,0,0,0,0,0,0,0,0,0,23,0,0,197,16,0,0,0,0,0,33,0,0,126,0,0,0,0,0,0,60,0,94,0,0,55,21,0,44,55,49,0,101,29,88,37,0,0,35,45,0,169,0,0,212,0,36,33,44,43,137,50,0,116,0,0,0,0,0,92,138,24,118,79,0,55,0,0,0,49,0,0,0,0,71,99,35,70,173,27,0,42,0,0,0,0,107,0,60,0,358,0,30,61,43,25,587,32,0,53,69,0,116,134,0,0,0,54,53,54,0,0,0,0,0,66,0,0,0,106,0,0,0,126,0,130,81,45,34,0,0,39,144,0,0,60,116,0,0,60,0,99,116,26,43,0,0,0,398,0,0,253,0,0,0,0,64,61,0,104,37,256,0,79,44,66,0,0,123,0,156,0,17,0,164,0,33,296,80,62,0,50,0,75,165,112,0,116,132,0,0,89,142,162,0,177,56,0,0,0,0,0,222,377,251,255,0,0,50,0,0,0,117,0,0,37,0,100,0,0,156,0,0,0,0,0,119,0,0,253,0,146,64,0,0,224,0,0,0,0,149,584,0,0,0,0,0,0,104,106,0,331,0,84,80,51,0,0,0,0,81,76,234,0,0,0,48,0,36,73,0,0,80,0,181,0,47,0,46,0,36,0,0,74,123,0,0,0,139,36,0,0,910,0,63,0,0,0,0,313,86,0,0,722,0,0,0,0,0,47,69,28,0,0,77,34,95,0,15,141,0,0,0,0,29,0,40,0,62,23,95,0,0,106,40,0,0,0,0,0,0,0,0,0,0,0,27,48,0,0,75,0,0,40,193,38,0,0,0,0,24,33,0,0,63,0,0,0,0,0,38,104,104,98,184,0,0,0,0,0,0,78,0,0,61,57,0,0,39,0,0,220,0,0,0,0,0,0,0,0,25,0,0,0,173,0,91,0,0,87,0,0,0,47,45,0,0,0,0,0,0,29,0,0,51,0,0,0,70,106,0,88,66,0,0,0,0,61,96,0,115,0,0,0,72,0,37,0,0,174,0,0,0,0,73,55,0,0,50,0,0,529,0,79,0,0,0,0,46,0,57,0,0,0,0,31,0,47,0,0,0,0,134,0,47,116,0,19,0,0,0,0,0,0,27,75,52,0,0,0,0,0,0,86,0,0,0,0,0,0,0,0,0,0,0,0,101,0,0,40,55,0,116,0,91,0,0,0,0,0,0,0,0,0,0,35,61,0,0,84,0,0,0,0,0,0,0,0,88,155,30,208,35,0,63,0,0,0,0,0,54,83,50,0,0,0,0,77,0,0,0,0,143,0,0,0,0,0,764,0,0,0,0,0,56,27,0,94,0,27,0,0,0,60,0,54,140,0,18,107,0,0,0,0,0,0,0,0,16,51,46,40,65,0,142,115,0,0,0,0,0,62,0,0,0,46,0,0,607,0,0,269,0,50,0,105,0,58,0,0,106,33,0,0,0,0,0,0,0,140,0,0,0,0,0,39,0,0,112,33,0,0,0,92,0,81,0,57,0,0,0,51,28,71,0,0,0,0,43,28,0,101,19,68,69,46,173,0,0,0,14,0,0,0,0,0,45,96,0,29,0,96,0,0,61,53,62,0,81,175,0,0,0,23,52,35,0,0,0,0,0,99,38,0,0,177,0,0,0,0,0,0,53,0,0,30,0,0,0,0,81,0,0,0,0,0,0,115,0,34,97,0,0,0,0,84,0,0,79,0,15,0,43,0,0,0,0,0,0,0,41,0,28,36,0,0,0,20,0,0,84,0,0,90,0,0,15,0,0,33,0,86,97,33,0,50,0,0,46,0,0,163,0,0,0,69,0,30,0,0,50,0,0,29,0,0,129,0,183,31,0,0,50,84,233,0,0,0,0,71,43,0,0,0,0,0,56,0,0,0,0,87,0,0,0,127,0,0,41,28,54,0,267,0,0,43,40,0,205,0,185,20,0,0,0,97,0,74,0,89,0,0,0,0,0,0,0,0,0,0,0,0,0,0,81,0,0,0,0,78,0,0,0,0,0,0,0,88,138,0,0,0,0,0,0,43,210,36,73,151,0,0,0,0,73,55,0,0,0,0,0,0,40,113,0,0,0,55,0,0,41,0,0,43,47,139,0,51,0,0,0,0,0,56,0,0,33,0,0,58,0,32,0,184,0,90,0,130,27,82,32,0,0,0,129,0,390,0,31,0,0,0,0,0,0,0,160,0,0,0,0,0,0,0,0,0,0,0,0,0,0,0,0,0,223,50,0,0,0,0,0,0,0,0,0,0,59,0,0,0,0,0,0,0,45,0,0,0,0,0,37,0,0,0,143,56,0,0,0,0,0,0,0,96,0,0,0,0,0,58,0,0,0,0,0,0,0,0,0,7,0,0,0,0,0,0,0,115,0,36,0,0,101,0,0,0,35,0,0,0,55,65,0,97,0,0,0,71,0,0,65,0,0,0,0,32,0,0,78,0,178,0,0,0,38,0,0,0,0,0,0,0,187,0,0,0,0,0,0,0,56,0,0,0,0,0,0,78,0,0,0,0,0,0,36,0,0,0,95,0,87,0,178,0,0,0,0,0,0,0,0,0,57,0,0,0,0,97,56,22,0,130,0,79,92,0,0,0,0,0,0,0,0,0,0,41,0,0,0,0,0,0,0,0,0,71,32,0,0,0,0,0,0,0,0,0,0,0,109,0,0,0,0,0,0,0,0,178,0,0,111,50,0,0,39,0,0,0,0,0,0,63,299,0,0,0
214,0,0,0,0,0,0,0,0,54,0,56,0,0,0,68,0,0,0,0,0,184,0,54,0,62,0,0,0,0,0,0,0,0,0,76,78,0,39,77,0,0,0,0,33,0,0,0,186,0,0,38,28,0,0,82,0,0,0,0,0,36,42,63,0,0,52,0,0,0,98,0,0,0,0,0,0,0,121,0,44,0,0,0,0,0,0,0,0,0,98,44,0,0,0,0,0,0,0,0,0,0,0,53,0,0,0,0,0,0,109,0,0,54,76,0,0,0,0,0,49,0,134,0,0,0,0,0,0,0,34,0,112,0,0,0,72,0,0,30,159,0,0,0,0,0,0,0,27,42,0,0,0,0,70,0,0,0,0,72,88,37,0,45,0,0,0,0,59,0,188,64,0,0,0,0,0,0,93,0,0,37,0,0,0,0,0,86,99,0,0,0,0,0,52,0,0,0,0,0,0,78,27,0,212,0,0,0,0,51,0,101,0,0,0,0,29,65,0,0,0,145,0,0,112,0,0,0,118,0,75,0,0,0,0,0,0,0,142,0,0,33,0,0,0,0,35,0,0,0,0,0,116,0,86,0,0,0,0,0,112,0,17,0,0,0,0,169,45,105,0,0,44,127,0,0,0,0,78,74,43,0,50,27,0,0,0,24,1426,22,31,0,90,0,0,0,0,0,0,0,0,0,0,0,0,268,107,51,0,0,0,231,0,0,0,0,44,0,0,0,0,0,0,0,52,0,0,0,0,0,112,0,48,39,0,38,0,0,0,73,0,41,0,0,40,0,0,0,0,0,27,0,0,116,36,0,52,0,0,0,20,0,79,0,0,64,119,0,35,0,49,0,0,0,0,67,57,0,0,63,26,0,0,0,0,144,0,63,0,0,0,0,250,0,38,0,0,0,168,190,0,0,0,0,0,0,0,0,0,20,102,0,0,0,0,0,0,0,55,0,0,33,0,0,0,0,15,0,50,0,0,0,0,0,0,0,0,0,0,41,0,0,545,0,0,44,44,0,0,0,0,0,0,0,58,0,0,0,0,0,149,0,61,66,0,0,0,0,0,0,0,0,0,56,0,0,69,170,0,42,91,71,69,0,48,0,0,0,0,51,90,0,0,89,55,52,0,69,273,0,0,31,31,187,32,34,0,44,0,0,0,0,0,0,0,0,45,20,33,0,0,0,216,28,39,0,0,56,0,0,0,0,0,0,0,0,0,0,0,0,0,0,89,0,0,0,0,0,0,65,38,0,0,0,0,46,0,0,0,46,49,44,0,0,0,87,0,0,0,0,88,33,0,0,0,0,0,0,0,60,45,102,0,0,122,0,0,126,0,0,0,356,0,0,0,0,0,46,0,0,0,0,72,45,0,69,0,34,0,0,0,0,0,62,42,0,0,0,0,0,0,0,0,0,0,0,0,0,0,39,86,0,0,32,32,0,0,0,0,0,0,0,0,0,0,0,0,0,0,0,29,0,0,0,89,0,0,0,0,53,0,0,91,0,0,0,0,0,0,0,0,0,0,0,133,0,0,40,37,0,0,0,64,0,145,0,42,0,128,0,0,0,0,0,69,0,108,0,314,0,0,0,0,0,0,0,0,0,99,16,0,73,49,0,0,0,0,0,70,0,123,0,0,525,0,103,0,40,0,0,0,0,0,0,0,0,0,0,23,27,47,80,401,0,0,46,0,0,0,0,0,0,0,0,75,0,0,0,0,0,0,0,0,54,0,0,0,0,0,0,77,39,0,0,0,0,0,0,0,79,66,0,0,0,0,0,0,0,84,56,0,0,80,0,0,36,0,0,0,11,64,0,0,0,83,0,108,69,0,0,46,0,0,40,0,55,0,0,0,0,0,0,48,0,0,0,56,0,0,0,59,0,0,20,0,0,0,0,0,0,0,0,89,0,34,0,0,32,0,76,0,0,0,0,0,0,0,35,42,52,0,0,0,71,0,0,0,0,0,0,0,0,0,0,0,52,0,0,0,0,0,0,0,0,0,0,0,0,0,0,0,0,0,62,57,78,0,0,0,0,58,159,0,52,0,0,0,100,123,226,52,0,60,0,0,67,91,45,61,0,55,77,0,0,0,49,0,0,0,81,0,44,0,0,33,0,44,42,148,0,0,0,0,0,0,0,0,0,0,0,0,0,75,145,0,0,81,0,492,0,0,0,0,59,38,85,0,19,66,0,0,0,0,124,0,53,0,0,0,0,0,75,0,0,0,54,280,0,531,0,509,83,17,0,0,0,0,0,0,0,0,0,0,0,0,181,0,50,100,50,0,0,0,66,0,0,490,0,0,91,0,48,0,0,58,0,0,67,55,0,0,88,0,0,40,186,0,177,280,34,59,0,48,46,0,0,131,0,0,0,0,0,54,67,0,0,45,35,87,149,0,81,57,48,36,0,478,24,100,0,0,97,0,0,0,36,46,64,0,0,0,39,0,0,269,0,0,0,41,0,0,111,0,0,0,0,59,40,0,0,0,0,75,0,0,0,0,0,0,68,0,89,77,0,0,0,0,0,0,133,0,59,134,0,49,0,55,44,0,143,0,0,108,0,0,0,0,0,0,0,79,0,36,0,0,0,0,294,56,0,0,0,0,134,82,0,0,40,284,54,0,61,0,108,0,0,0,0,35,0,41,26,50,0,138,0,48,173,77,0,0,33,0,0,0,93,0,0,0,74,0,166,76,0,203,0,0,0,0,0,0,0,0,0,0,0,0,60,0,0,28,0,0,0,0,0,0,0,0,0,0,0,0,0,0,0,32,0,0,85,0,0,0,31,52,22,0,0,0,0,0,0,0,95,26,0,0,0,0,0,0,0,36,0,0,0,0,0,0,43,0,0,30,0,66,0,0,0,0,0,86,0,0,0,0,0,0,0,0,0,53,0,0,0,0,0,0,0,0,0,70,0,0,0,0,0,57,0,0,0,0,46,0,0,0,0,0,0,0,65,0,0,73,0,0,0,0,124,0,0,80,0,0,306,0,0,0,0,0,0,0,0,31,49,32,73,0,0,67,0,0,0,0,0,0,0,0,0,0,0,0,0,0,0,29,0,0,0,0,0,0,0,0,0,0,0,0,159,118,0,46,0,0,120,75,0,0,68,0,0,0,0,0,0,0,0,0,0,0,47,0,0,60,0,180,0,0,0,0,0,63,0,0,0,18,0,0,112,0,105,0,29,0,0,0,0,0,0,0,0,0,32,0,0,0,0,0,0,0,55,0,0,0,0,0,0,52,0,0,146,0,0,0,0,0,0,0,0,0,0,0,0,0,48,0,0,0,0,0,0,111,0,0,0,0,0,0,0,0,42,0,0,0,74,0,0,0,0,0,0,32,0,0,70,44,0,0,0,0,0,0,0,54,0,0,158,0,0,48,93,21,36,60,0,0,0,0,0,28,56,52,0,0,37,0,72,0,0,0,0,0,94,0,0,0,51,0,0,53,51,49,0,0,0,0,101,0,88,0,22,34,0,0,0,115,0,0,84,0,0,0,31,0,101,0,218,0,0,58,62,0,0,0,197,0,0,64,452,0,0,62,0,0,46,145,98,0,34,45,0,42,19,0,58,0,51,400,0,37,58,0,0,56,0,36,43,108,0,97,0,0,0,0,0,56,0,0,47,97,0,0,0,28,0,0,0,81,0,0,0,0,0,225,0,0,0,0,0,67,0,0,102,0,137,32,0,0,0,0,38,22,73,0,92,0,121,84,72,31,0,32,162,0,0,0,0,194,0,0,0,0,0,94,42,0,29,0,139,0,32,0,0,0,59,0,80,0,0,0,67,0,121,69,0,33,0,37,133,0,103,0,0,0,0,43,30,51,0,66,0,0,31,0,0,117,0,0,0,394,0,0,21,0,27,0,0,48,0,27,22,0,0,0,90,40,244,165,0,44,0,0,0,0,0,0,0,0,0,0,0,0,86,0,0,0,53,0,118,0,18,0,0,93,90,80,37,45,42,321,0,267,0,0,0,84,0,64,0,0,70,78,0,0,0,0,0,0,0,0,29,224,87,0,0,0,0,0,0,109,0,456,0,0,60,0,0,0,0,0,60,0,0,0,0,0,0,59,0,0,0,0,0,0,0,0,0,0,0,40,0,0,116,0,17,0,0,0,123,0,0,79,0,0,0,0,0,0,90,0,0,54,0,0,0,0,0,0,0,0,0,0,112,0,0,0,106,38,0,0,18,0,0,0,0,0,0,39,31,0,0,23,0,0,79,0,19,0,47,0,74,0,0,0,0,88,16,81,0,0,35,0,0,0,0,0,0,76,0,0,0,0,0,0,0,69,0,0,0,0,51,0,0,0,0,0,0,0,0,54,0,0,0,0,0,0,81,0,0,290,36,0,0,16,0,0,0,114,35,136,0,0,0,0,0,0,97,0,0,0,0,0,0,0,0,55,46,0,0,0,0,37,54,51,0,0,0,0,0,65,0,0,0,0,89,0,0,0,0,0,0,0,0,164,0,0,51,0,0,0,0,0,0,0,0,70,0,0,51,0,0,0,0,0,0,0,0,54,50,0,0,0,0,0,0,0,0,0,183,215,0,0,0,0,0,0,30,0,86,61,0,48,78,28,0,0,0,0,59,0,25,0,0,0,56,0,54,90,0,0,49,0,0,0,0,0,0,0,0,0,0,0,24,0,0,0,124,77,0,0,307,0,0,0,0,0,0,0,0,34,78,0,0,0,34,0,0,128,0,0,0,0,0,0,48,0,0,0,104,0,69,0,0,0,62,0,0,0,46,0,0,189,0,0,0,0,0,0,0,0,0,0,0,0,0,18,33,0,0,0,0,0,58,36,0,0,0,0,37,24,0,0,84,0,0,0,0,58,44,0,203,0,200,0,0,0,0,0,0,0,0,0,0,0,372,0,0,0,72,0,0,60,0,0,0,19,25,0,20,0,0,147,83,0,0,0,0,0,0,0,0,0,46,0,126,0,0,0,0,53,0,0,49,50,0,0,0,40,0,0,49,0,25,31,0,0,0,46,0,86,0,0,0,0,0,0,20,0,0,67,0,0,99,0,0,0,21,0,0,82,0,83,0,33,0,0,93,0,0,0,0,0,0,0,0,127,0,0,0,0,112,0,0,333,0,0,0,0,36,0,0,0,45,59,0,58,61,29,0,0,36,34,37,48,0,0,0,0,0,0,0,55,0,21,136,0,0,53,0,0,28,65,0,0,0,32,0,0,0,0,0,0,0,0,52,0,45,103,0,0,0,0,107,0,0,22,55,71,0,0,0,0,0,0,38,0,0,61,42,90,72,76,70,0,0,0,0,0,0,0,102,0,29,0,49,0,46,0,0,0,0,0,0,0,0,0,0,35,0,0,0,55,0,61,160,0,0,354,0,0,27,57,0,0,0,0,0,82,0,0,57,0,67,0,0,0,0,0,0,0,0,0,0,0,0,0,401,0,0,679,48,0,0,104,0,49,76,0,67,0,0,0,87,0,0,0,0,0,29,0,0,0,0,0,0,0,81,131,0,0,0,286,0,61,148,181,79,0,0,0,30,0,0,0,57,0,0,0,0,117,93,133,133,37,0,0,0,0,0,0,51,0,15,0,595,0,0,0,0,76,46,0,0,0,0,67,0,0,0,0,0,0,0,0,0,0,0,0,44,45,158,0,0,191,0,0,0,0,0,38,0,0,0,0,65,27,0,0,0,0,0,0,17,95,519,0,0,0,0,20,0,0,0,166,39,0,0,0,71,0,115,127,0,0,0,0,0,0,0,0,63,0,0,0,0,0,0,0,0,0,0,36,0,0,112,0,0,0,74,296,0,45,0,0,0,0,0,0,82,472,0,0,0,218,71,0,0,0,27,61,0,79,0,0,291,0,133,0,91,0,52,0,43,0,41,77,0,186,0,0,36,0,449,47,39,0,0,0,0,78,0,0,0,190,0,0,0,53,47,0,97,0,46,95,0,48,53,0,90,17,68,0,46,233,0,0,0,54,55,0,0,0,0,0,0,32,0,0,0,0,85,93,98,0,0,54,0,65,0,0,69,0,82,37,0,156,0,0,51,0,0,38,0,170,100,0,0,0,0,0,0,0,133,40,0,0,0,111,0,0,0,221,0,0,60,32,0,0,62,60,32,149,101,46,159,45,0,0,0,0,39,63,0,46,0,0,0,37,0,0,0,104,0,83,52,0,29,87,23,52,0,0,420,0,399,0,79,36,0,0,0,0,52,69,74,106,0,143,70,155,33,0,0,139,33,0,0,65,42,0,0,0,107,69,0,44,0,0,0,69,0,0,0,0,239,52,55,0,0,0,0,77,52,65,31,51,75,0,0,275,19,25,181,34,148,0,0,45,38,0,0,65,0,89,0,52,0,0,0,0,0,173,0,0,0,0,65,0,76,25,52,0,0,111,791,220,40,120,125,0,207,0,127,0,0,60,0,26,105,80,33,63,24,0,0,34,0,0,87,97,0,66,0,0,439,0,119,0,181,0,0,0,25,0,60,172,0,585,53,0,125,0,0,76,0,0,0,22,340,0,0,0,163,0,0,60,27,0,91,0,57,0,0,71,0,939,0,0,169,0,268,38,99,0,143,127,0,0,0,0,117,0,0,122,0,51,74,0,0,106,38,207,0,91,0,0,0,0,0,188,139,0,0,0,64,33,44,0,27,0,0,0,0,43,0,0,94,0,0,130,71,57,98,0,40,0,259,0,0,0,0,0,0,0,102,74,0,41,64,202,0,151,53,0,0,49,47,0,0,0,153,0,0,0
215,0,0,0,0,21,49,0,0,37,0,139,0,0,0,141,367,156,0,43,0,136,45,0,46,30,0,0,0,61,0,0,65,0,0,119,214,0,80,392,45,0,30,0,82,0,73,0,194,0,0,0,88,0,0,156,0,0,0,0,0,94,62,213,0,0,0,16,0,0,233,0,0,0,0,213,50,0,151,0,119,0,0,112,0,31,0,16,0,0,191,36,62,67,55,0,0,0,119,24,0,0,0,54,12,30,38,0,61,0,56,0,66,0,36,35,0,52,0,0,0,0,0,0,0,0,0,0,54,0,112,0,44,0,43,0,140,45,54,56,21,0,148,255,0,0,53,0,51,0,0,46,0,46,152,58,0,41,0,0,297,39,0,66,57,0,0,0,0,0,0,43,40,32,0,0,0,65,99,52,0,125,0,0,0,56,0,360,101,0,0,0,37,0,84,32,39,0,0,59,0,0,48,0,38,19,0,0,0,71,0,0,0,69,23,131,24,0,0,0,53,0,0,0,65,0,0,73,245,0,0,0,0,0,0,0,0,48,105,0,0,38,0,0,0,0,37,0,0,0,0,55,52,0,95,0,31,0,0,0,163,88,79,0,0,0,0,161,0,323,0,0,0,63,43,0,0,0,208,215,120,0,39,0,63,36,42,42,306,77,70,0,170,0,0,106,0,0,0,56,0,0,0,0,0,0,51,0,0,49,0,54,44,0,0,0,0,0,0,0,0,0,0,0,86,0,0,34,0,0,0,0,0,0,73,0,0,0,0,0,0,0,0,51,0,0,0,0,49,1005,135,64,0,140,214,0,0,0,93,0,47,45,0,0,68,178,96,89,0,0,87,0,0,42,0,91,41,0,0,0,32,0,0,0,0,150,63,0,0,0,0,0,51,0,0,0,152,0,0,69,0,0,151,0,0,86,32,19,0,0,63,0,0,0,0,0,57,0,70,29,0,44,0,0,0,31,0,0,26,0,0,0,0,0,0,0,0,47,0,42,0,0,65,0,100,70,94,0,0,0,0,0,76,0,0,0,0,0,0,0,0,0,54,39,0,0,0,0,0,0,27,0,150,0,0,0,0,65,47,0,0,0,0,26,0,0,0,0,0,129,0,0,0,48,0,0,0,0,0,0,0,34,0,279,0,59,60,47,0,0,63,0,0,0,0,0,148,0,0,0,69,0,0,0,0,0,0,0,55,0,0,0,0,0,47,36,0,0,0,0,0,0,0,0,0,0,0,0,25,78,0,0,0,0,32,0,0,0,0,0,47,91,0,0,0,84,0,0,0,0,92,114,0,0,0,0,0,106,0,0,87,54,50,0,0,0,88,314,51,0,0,0,0,17,0,0,0,39,0,0,0,0,41,0,0,73,0,52,26,46,0,0,152,109,53,33,65,82,0,64,15,0,0,0,47,0,0,0,0,59,40,0,0,0,0,0,0,0,0,0,0,0,116,0,0,81,0,48,42,177,50,0,0,34,485,0,30,30,0,39,0,0,0,0,0,55,0,0,0,0,221,0,84,23,123,0,0,0,206,0,0,0,30,0,108,0,36,0,48,0,100,0,37,0,56,0,124,0,115,0,0,0,0,80,85,0,51,74,81,74,0,55,138,0,0,0,0,0,198,59,199,78,0,373,290,126,62,40,0,0,111,0,0,0,0,0,0,0,78,55,78,0,1064,72,0,40,0,0,78,0,0,60,38,0,29,0,0,0,0,0,31,0,0,0,0,101,0,54,5,109,70,28,38,0,0,41,31,0,0,0,64,40,85,0,0,0,0,0,80,113,0,0,0,45,0,30,0,0,38,0,0,50,28,0,68,0,0,86,128,0,0,0,94,81,0,52,0,0,0,0,0,0,0,0,0,0,37,0,0,151,80,0,29,38,0,0,0,41,23,0,0,0,182,0,164,58,0,38,67,0,0,0,83,0,0,0,440,151,0,53,0,41,0,218,0,0,0,0,0,0,0,0,0,0,143,49,0,0,0,0,0,67,41,0,64,86,0,84,0,0,44,131,0,0,0,0,175,0,0,0,0,341,0,0,0,66,0,70,80,85,60,0,0,0,0,182,31,26,28,0,0,137,28,0,40,40,0,0,0,0,25,0,0,0,0,13,0,0,144,0,0,33,0,110,0,119,0,28,0,82,0,0,53,0,0,0,0,0,210,0,0,0,0,76,262,61,0,44,0,0,0,39,0,157,43,38,0,327,0,0,0,138,0,0,107,38,95,0,147,0,113,0,0,81,0,0,0,0,0,37,84,16,84,0,0,97,0,33,174,174,0,0,0,56,0,81,170,88,0,28,0,0,56,0,0,0,94,90,0,0,0,0,11,52,0,108,0,105,688,0,73,31,208,54,0,0,144,0,16,0,0,0,0,0,341,0,23,64,0,44,0,105,0,86,83,217,192,51,319,0,58,0,0,81,0,0,0,0,0,0,0,38,0,0,193,0,31,29,0,32,0,83,0,34,76,37,0,0,0,25,0,0,67,0,0,57,106,0,0,0,0,82,31,302,0,55,193,0,0,0,0,0,62,31,0,0,0,185,45,72,0,0,94,252,0,0,0,34,68,0,0,0,55,0,0,0,0,54,146,0,0,88,109,0,65,0,49,0,147,0,0,52,56,217,36,66,73,0,161,66,0,0,0,70,56,0,72,57,265,0,0,0,0,0,0,348,171,0,0,0,0,71,40,0,84,0,0,0,0,0,0,0,0,0,128,0,0,174,0,0,206,0,24,68,63,42,0,59,0,85,0,0,41,31,0,0,0,0,0,86,0,0,0,94,0,0,0,0,0,34,0,0,0,0,83,0,44,0,0,0,0,0,41,0,0,0,0,0,0,47,0,0,0,27,0,0,0,0,0,31,0,137,0,0,0,0,127,0,0,0,43,0,0,0,0,0,0,37,0,0,55,0,42,49,0,0,0,0,0,56,0,74,29,0,0,67,0,0,129,0,0,0,0,0,0,29,0,94,148,0,92,0,0,943,0,0,0,38,23,0,217,0,93,0,0,26,0,0,55,0,0,0,43,0,20,85,0,0,0,63,0,35,0,0,0,0,0,16,0,0,0,0,0,119,0,0,0,1046,238,0,399,0,0,0,222,0,0,0,0,49,0,36,0,0,0,264,0,0,0,248,0,332,82,0,111,0,0,32,0,0,151,25,0,41,30,218,0,0,0,168,0,0,188,0,0,0,51,0,52,41,0,0,0,0,0,0,0,78,0,150,91,27,32,83,0,0,69,0,0,81,0,0,47,0,0,0,184,0,0,120,83,23,0,0,0,0,0,0,0,90,0,0,0,0,0,29,0,0,0,0,0,135,100,37,302,0,39,0,0,84,0,0,0,104,51,97,38,0,47,39,0,0,45,0,0,0,0,0,0,96,0,16,0,0,0,0,0,0,0,0,0,0,0,62,28,55,0,34,0,0,0,127,0,0,0,34,0,0,57,0,0,0,0,0,0,0,0,0,0,0,70,0,0,92,90,0,0,132,0,0,0,0,45,28,0,45,0,0,0,0,0,0,0,78,0,0,61,307,0,0,159,0,0,0,36,31,0,0,0,0,0,0,0,61,0,0,140,0,27,0,0,0,75,0,0,0,0,0,176,0,0,0,0,0,58,0,62,144,66,0,0,0,53,0,0,0,79,0,0,0,0,0,0,0,0,0,0,29,0,0,0,28,67,0,0,0,138,0,0,56,82,0,0,0,0,46,0,0,0,0,0,104,0,0,0,35,38,0,0,0,0,0,0,39,0,45,0,120,0,0,0,26,0,0,0,54,0,0,0,0,0,143,83,0,0,0,58,60,0,39,0,86,25,0,0,0,0,0,0,0,59,0,0,0,58,99,0,0,248,0,0,0,36,119,0,0,109,83,0,0,0,0,0,0,0,0,428,0,50,0,0,0,0,0,0,120,0,0,0,0,0,87,0,0,67,38,0,204,0,0,0,0,0,60,85,0,0,0,47,47,250,0,0,0,79,0,57,0,40,0,0,0,0,0,0,0,0,51,0,44,93,0,0,0,0,0,0,0,0,0,157,0,0,37,0,0,0,36,0,188,37,0,100,0,33,38,0,0,0,85,0,54,0,0,0,0,0,0,66,0,0,178,0,0,0,0,0,267,112,0,152,43,0,0,0,0,56,175,0,75,0,0,0,59,0,0,0,0,0,0,0,0,24,127,50,164,69,0,0,0,0,0,0,0,0,60,80,314,54,45,57,0,0,231,66,37,0,115,0,311,93,0,18,0,65,0,0,0,0,0,0,0,0,0,0,75,77,0,0,0,71,0,83,71,92,42,0,0,0,96,0,0,0,0,0,0,0,0,34,0,54,24,73,0,0,228,0,0,140,0,0,0,0,0,0,0,99,40,206,0,63,0,58,0,0,63,0,95,0,7,0,55,0,0,509,0,0,0,26,51,94,71,84,54,0,158,0,0,0,0,45,0,57,0,0,0,0,0,0,119,100,93,87,0,0,16,0,0,0,43,0,0,0,0,45,0,0,313,0,0,0,0,41,101,0,0,80,30,116,0,0,0,77,61,0,0,0,130,454,0,0,0,37,0,0,0,34,0,163,0,38,0,110,0,0,0,0,84,0,206,0,55,0,30,105,43,109,0,0,61,0,123,0,73,0,49,0,0,0,0,36,146,0,0,21,217,33,82,0,103,11,0,0,0,0,0,163,0,62,0,229,0,0,0,0,0,69,0,35,0,0,0,0,88,0,0,0,216,0,0,0,0,0,0,0,0,39,92,0,28,293,0,116,0,0,0,0,0,0,0,0,0,0,0,0,65,0,0,0,0,0,0,83,0,0,0,0,0,57,0,118,63,0,0,0,0,0,0,31,353,23,266,68,0,0,0,0,0,0,0,0,20,104,37,0,38,74,93,83,0,0,0,0,0,24,0,0,0,0,0,264,0,0,24,39,0,22,0,0,0,0,136,0,297,0,0,41,0,0,62,0,19,69,0,53,0,35,0,72,0,0,0,39,0,64,71,0,0,39,0,49,0,0,0,0,55,0,0,0,0,0,0,0,45,0,52,0,0,61,0,0,0,0,58,0,0,0,0,0,44,0,0,0,0,75,0,46,0,10,187,65,0,76,0,0,0,0,0,0,0,0,0,0,24,107,0,45,0,0,0,0,41,0,125,24,0,37,0,58,0,177,0,0,186,0,0,0,81,0,0,0,53,0,0,63,0,0,0,0,0,0,0,44,83,0,94,120,0,0,0,0,168,0,0,0,0,0,0,92,0,70,150,0,68,34,0,0,0,0,0,43,122,0,0,0,32,17,0,0,0,0,0,0,105,0,175,0,0,0,20,0,62,36,0,136,0,82,0,0,0,0,0,127,168,0,0,68,0,0,0,0,0,0,0,0,0,63,0,50,0,0,51,0,0,0,0,0,0,0,0,0,0,0,0,0,0,0,0,215,0,41,0,34,0,97,49,0,0,45,0,0,29,0,0,0,0,282,0,0,16,38,0,0,0,0,360,0,0,0,0,94,0,49,0,65,77,0,0,0,0,0,0,0,70,0,0,0,0,100,80,94,0,0,120,0,0,0,0,0,0,0,0,0,164,66,0,0,0,0,31,0,110,0,0,31,92,0,0,0,0,0,0,0,0,0,0,0,0,0,0,53,0,60,0,0,88,0,0,59,226,0,53,57,48,34,0,0,24,37,42,0,0,44,791,0,0,0,0,0,0,0,45,120,0,91,39,0,0,0,0,65,0,0,0,0,0,0,0,39,0,0,0,0,0,0,0,29,78,0,0,106,0,0,26,0,35,0,0,0,151,90,0,31,0,0,57,0,0,377,16,0,0,101,0,0,36,0,0,41,31,39,0,36,643,38,0,0,53,0,76,48,0,0,0,0,0,95,0,0,0,0,67,0,69,0,0,0,0,0,0,0,0,145,0,0,250,0,0,0,0,0,0,0,39,25,554,0,329,53,0,0,0,134,0,0,0,97,0,0,0,0,0,57,0,0,0,21,71,0,76,63,74,0,87,0,0,0,0,0,0,0,39,0,0,45,247,0,37,0,0,0,0,45,0,0,0,0,0,0,0,47,0,52,0,0,0,111,0,0,0,0,0,0,61,0,0,0,96,0,0,63,0,0,59,72,0,0,0,0,0,65,0,0,0,0,0,0,0,0,0,95,13,0,65,0,0,32,0,0,0,0,424,0,34,26,0,0,0,41,0,0,49,0,132,80,0,0,36,95,0,37,0,81,0,0,0,0,0,0,0,46,39,165,0,0,0,0,0,87,0,0,0,0,283,0,0,0,0,0,0,33,0,0,23,0,44,0,33,44,0,0,368,0,94,0,0,0,0,0,0,66,0,0,0,60,0,35,37,0,0,76,0,0,0,51,50,0,0,0,52,0,28,50,392,336,0,0,55,28,78,0,111,0,0,0,0,0,81,48,68,78,0,0,0,68,0,0,0,75,0,0,0,0,265,0,46,0,0,0,0,0,49,0,47,0,0,331,0,0,42,0,0,41,0,0,0,0,0,0,0,0,0,0,0,118,0,0,38,0,60,0,42,0,0,511,0,0,251,0,0,31,42,0,0,77,0,0,73,0,56,0,0,86,0,34,91,0,0,142,0,45,75,0,0,0,0,0,0,29,75,0,0,39,83,0,0,0,0,0,0,0,0,0,0,0,0,0,0,58,35,0,60,0,0,0,315,0,0,0,0,0,0,0,62,91,0,0,30,58,0,73,0,0,0,61,47,0,0,37,64,17,0,0
216,0,0,0,0,0,0,0,0,64,0,194,0,0,0,206,77,287,28,0,0,229,44,32,39,120,0,44,60,0,0,0,0,0,0,129,179,0,42,213,42,0,0,0,120,0,0,36,130,0,117,45,83,0,0,177,0,0,0,0,0,63,54,0,0,0,39,0,0,43,135,0,24,0,0,142,139,0,151,0,105,0,0,49,147,0,40,0,0,0,222,34,0,52,114,0,0,0,23,0,0,0,29,124,0,0,84,0,0,62,324,0,50,115,0,0,38,145,43,0,167,0,268,0,0,0,43,53,97,20,64,0,272,0,0,31,147,0,26,0,136,0,62,303,0,0,67,0,0,88,0,0,123,0,0,49,0,51,0,239,288,0,0,98,0,86,58,28,155,173,286,152,36,0,0,0,17,0,154,45,0,43,0,0,0,62,15,257,241,0,0,0,104,54,41,0,128,0,0,116,0,65,105,0,629,0,0,0,0,89,68,127,0,55,0,92,0,66,0,42,176,159,56,31,266,0,0,64,240,0,56,0,0,33,0,0,0,58,225,52,28,98,39,0,0,0,168,0,68,0,44,41,281,99,103,0,33,0,0,81,153,52,62,54,0,0,0,328,196,153,28,0,130,192,34,87,45,0,147,207,112,0,44,188,0,0,0,276,1432,75,0,0,129,0,0,37,0,55,67,26,0,0,0,33,31,285,97,179,0,40,0,221,96,0,0,0,59,54,72,0,0,0,0,73,148,84,0,56,0,27,251,0,63,55,33,74,26,0,25,66,0,35,20,78,88,37,0,0,30,1158,223,118,0,129,216,0,44,93,119,67,0,117,77,24,130,201,416,78,0,0,103,29,54,0,0,133,113,0,0,89,61,45,0,34,0,755,65,90,54,0,0,53,603,0,49,0,289,55,130,78,0,0,163,0,39,121,0,30,55,0,126,0,0,0,0,0,136,0,171,22,0,57,34,19,122,0,0,0,169,27,0,0,0,0,146,0,0,0,0,61,0,0,301,0,116,0,220,45,0,0,0,0,48,0,92,30,0,57,0,0,236,0,83,147,0,0,0,0,0,0,0,0,170,49,80,34,102,199,58,56,106,50,146,243,94,0,0,0,61,237,154,63,0,150,54,45,67,120,249,0,0,52,0,611,60,0,0,56,43,0,56,28,0,0,21,24,226,80,73,28,132,22,284,140,0,0,0,103,138,37,48,0,0,0,77,79,22,0,0,43,0,136,135,0,20,0,144,0,37,96,104,55,0,71,64,0,0,0,82,59,90,295,0,52,0,302,0,0,0,27,151,158,0,0,0,0,0,223,0,67,207,110,75,0,125,0,218,516,80,27,43,390,0,60,0,0,0,69,0,30,0,35,57,49,0,198,55,164,39,56,0,0,192,200,79,0,40,77,0,0,38,0,0,0,75,0,0,0,0,115,221,0,0,75,0,0,0,79,30,0,28,0,84,0,0,144,0,40,0,54,137,0,0,0,442,0,0,46,0,200,58,48,55,0,0,145,0,0,0,96,187,0,139,0,94,0,0,64,157,0,0,0,0,49,81,0,0,0,138,0,119,43,57,0,29,0,73,0,237,0,0,0,0,0,80,0,0,70,0,46,0,206,123,0,0,0,0,67,66,59,131,69,65,341,256,304,80,0,0,0,114,77,0,0,99,0,0,0,114,78,157,44,631,132,0,58,0,0,78,0,39,49,0,0,66,0,0,41,0,0,20,0,0,0,0,79,0,48,0,148,93,109,0,0,18,174,54,0,0,92,149,22,0,0,0,0,55,85,52,376,0,0,79,0,0,0,0,52,42,47,0,32,0,82,238,81,141,0,101,28,37,0,188,227,0,238,0,0,0,57,115,0,225,50,0,0,66,66,0,105,198,0,31,0,0,0,32,0,0,0,0,0,287,0,109,46,0,51,60,0,106,0,64,0,0,0,349,96,0,426,43,15,0,0,0,35,0,0,0,0,0,49,0,48,89,76,0,0,0,31,46,73,54,44,0,85,0,0,0,0,62,129,0,153,146,166,33,62,0,50,115,353,0,86,0,23,0,60,84,740,233,0,0,50,0,181,0,88,0,0,177,159,120,0,0,0,72,36,119,78,65,45,0,0,0,0,80,142,87,0,0,138,62,78,0,133,0,0,47,43,0,0,34,0,46,0,0,0,481,0,27,164,0,67,188,35,0,94,33,391,76,0,0,235,68,23,0,354,21,0,0,333,0,28,56,107,990,114,0,0,1236,82,0,40,71,0,39,0,0,131,46,0,91,0,0,164,46,97,84,96,44,0,0,92,0,330,765,123,75,46,0,88,132,0,74,0,239,0,35,0,0,74,65,0,0,201,0,144,267,185,274,0,56,131,91,41,112,172,22,0,78,0,91,86,349,0,0,154,171,65,0,96,0,112,97,339,136,185,118,0,231,315,38,188,58,53,0,177,0,128,0,25,0,98,365,0,0,16,80,0,0,423,39,45,50,99,149,25,0,0,0,0,176,0,0,123,83,47,0,145,86,0,91,160,0,0,374,0,0,206,63,103,251,61,71,0,0,52,22,84,0,0,156,389,0,0,0,40,94,0,188,0,0,34,0,0,91,95,156,45,0,48,148,286,0,0,36,80,187,59,0,50,101,179,90,39,51,47,90,0,62,0,0,42,494,0,0,226,68,0,76,0,0,0,91,116,556,0,70,90,0,115,272,0,182,44,33,0,0,0,0,0,0,61,0,0,0,108,0,0,234,0,0,59,99,0,28,57,0,86,43,0,0,0,0,0,0,0,0,159,0,0,0,30,0,26,0,0,0,24,0,83,0,0,67,0,0,0,0,0,0,0,42,33,51,0,101,0,0,70,0,0,38,0,0,0,0,50,37,90,163,149,0,0,0,0,66,0,0,0,69,73,15,0,58,0,0,0,56,0,82,0,0,112,0,0,0,39,0,0,0,170,0,0,0,34,0,0,173,69,0,0,0,0,99,0,0,102,137,47,132,0,0,882,0,109,0,29,46,0,206,0,43,0,0,0,0,63,109,0,0,25,37,0,0,228,0,0,0,107,0,0,0,48,51,39,0,0,57,54,21,0,30,103,0,0,0,533,302,0,171,20,30,0,139,44,0,90,0,206,0,0,86,29,0,29,0,87,0,469,0,310,82,0,308,0,0,0,0,0,98,48,0,86,34,158,61,161,0,200,0,23,0,0,33,79,46,0,74,0,0,0,74,18,73,0,0,82,0,445,75,25,32,140,0,34,139,0,0,239,0,0,115,0,0,0,85,0,55,94,0,0,0,63,66,64,46,53,0,122,0,0,0,88,0,55,0,0,0,117,0,62,0,76,169,0,0,0,0,205,0,0,0,513,43,92,38,0,53,0,0,0,120,0,64,91,39,0,62,205,0,0,66,0,0,31,0,0,141,168,39,0,0,137,38,114,0,35,0,0,62,104,0,0,0,79,35,0,42,0,56,0,34,0,0,112,43,122,0,83,37,0,0,102,130,0,0,164,45,0,17,0,34,587,0,228,37,0,0,136,0,79,0,481,57,66,37,433,30,0,98,167,0,111,177,250,0,137,48,122,41,57,0,118,0,56,393,0,0,0,42,0,39,38,46,58,88,0,164,0,0,0,0,35,133,0,80,115,211,0,0,69,0,0,0,0,64,161,0,0,78,43,59,67,41,48,32,41,63,0,246,104,87,192,67,67,132,0,0,55,60,107,0,93,70,41,137,34,31,0,33,143,0,22,45,0,107,0,23,0,0,0,260,51,0,0,0,162,0,58,33,87,0,150,0,190,0,0,0,278,0,244,50,64,0,0,73,128,0,125,58,85,60,56,165,27,245,0,74,0,94,54,0,0,130,137,0,0,134,0,0,46,94,111,0,0,137,101,0,0,0,59,0,67,43,353,556,69,55,37,0,58,118,0,52,139,0,0,0,0,0,204,0,0,104,74,0,276,0,0,29,0,108,150,65,72,0,59,582,75,508,0,0,0,275,0,57,0,40,89,156,0,0,38,0,0,0,87,20,33,724,151,37,0,0,0,0,60,0,0,281,0,49,43,0,57,56,0,0,156,77,0,0,0,0,48,38,80,0,110,83,0,0,0,78,77,100,12,57,0,0,372,0,0,0,59,46,48,172,0,0,61,0,0,25,0,101,0,49,59,131,0,55,53,0,22,0,30,45,0,0,88,42,124,88,289,0,42,0,42,0,0,0,56,0,126,14,182,44,61,67,0,0,334,0,52,0,129,0,186,65,0,0,56,126,76,68,0,84,0,0,21,0,0,55,37,291,0,0,0,58,82,48,109,171,99,0,0,0,247,0,0,0,0,0,0,0,31,289,198,0,58,0,0,0,374,0,62,322,77,0,0,0,59,43,0,182,55,395,0,0,0,0,0,0,153,0,70,107,0,55,165,89,0,96,62,74,0,50,0,82,164,149,58,30,229,0,0,106,55,47,0,214,116,47,36,0,0,50,62,110,45,423,0,0,109,45,0,17,86,0,0,79,0,100,0,0,275,0,0,0,0,0,59,0,32,78,56,36,0,16,53,119,92,0,0,0,418,67,0,0,0,0,0,0,37,0,117,66,60,96,204,32,22,0,0,0,136,70,63,0,44,0,74,66,115,238,0,0,79,0,58,0,152,0,0,36,53,0,0,173,253,0,0,0,195,95,0,0,128,0,0,0,0,0,0,132,57,0,73,133,0,0,57,0,0,68,134,47,0,0,0,0,140,71,0,53,265,0,0,0,0,37,71,62,0,0,48,0,0,374,59,40,65,103,0,0,0,0,0,0,0,0,69,0,19,71,0,0,0,0,148,70,47,0,0,0,41,40,45,78,155,0,0,0,0,57,44,78,143,53,237,55,0,0,0,0,73,0,36,0,121,63,250,57,43,0,94,46,39,93,0,32,0,35,26,0,42,0,0,94,63,0,61,121,0,51,0,0,40,0,82,23,245,0,0,0,65,310,0,0,208,27,0,0,0,193,27,0,0,0,34,0,0,67,165,53,130,159,0,0,134,48,0,0,116,109,0,77,0,0,132,96,0,0,84,0,0,92,0,160,29,0,0,0,71,173,18,0,0,0,0,0,0,236,0,27,0,0,109,46,72,199,0,67,0,48,0,0,0,0,76,140,0,136,77,93,0,0,0,0,53,0,51,0,0,0,0,0,0,89,0,0,185,0,0,145,36,0,0,47,0,0,45,0,38,0,23,0,0,97,0,108,194,0,237,102,0,0,0,0,47,0,51,148,27,98,56,66,80,50,122,0,103,88,0,66,94,160,141,126,0,0,0,0,96,41,0,0,116,0,18,0,70,0,119,56,0,39,0,0,61,226,0,94,34,73,0,47,0,105,0,230,130,69,0,178,0,0,69,25,0,0,37,0,0,143,128,35,106,13,272,0,0,0,0,0,0,65,46,0,0,19,0,40,1115,0,0,1045,52,128,0,115,0,120,177,0,185,59,0,28,202,0,0,57,0,143,0,45,0,24,0,0,0,0,152,102,22,0,0,62,0,108,121,283,110,19,0,33,54,137,0,0,73,0,0,0,0,132,105,0,205,138,280,0,0,46,0,0,0,0,90,0,395,57,30,0,36,176,96,0,90,0,40,290,0,156,24,30,50,0,0,0,83,56,62,0,0,102,140,63,0,249,31,0,76,0,0,44,83,0,42,110,185,0,0,0,130,0,36,0,0,113,527,123,0,0,155,0,0,0,0,0,0,0,0,24,68,0,127,319,0,0,0,0,68,40,43,0,67,47,45,47,0,37,65,32,89,37,0,120,0,59,101,0,131,51,77,332,181,0,28,97,0,0,54,66,75,623,147,0,0,206,0,126,0,0,0,120,57,62,0,0,259,37,171,61,225,43,152,104,96,0,105,77,0,342,0,33,32,31,568,67,81,0,45,0,0,146,0,0,0,258,0,29,63,126,91,25,339,0,59,261,92,48,334,39,185,0,122,50,78,499,0,68,106,125,63,19,0,0,95,56,0,68,41,0,0,0,125,151,190,0,93,60,40,156,0,0,81,50,77,0,0,356,141,57,0,0,0,130,0,178,211,62,86,42,0,0,0,49,214,120,0,27,47,251,56,64,0,74,0,0,158,117,0,0,249,29,104,158,106,261,124,68,0,46,0,0,0,160,0,125,51,0,119,94,0,56,0,337,0,228,93,61,110,0,102,144,0,23,726,39,95,0,113,25,0,55,40,0,70,54,111,103,32,327,59,135,0,108,0,250,0,0,0,50,53,28,0,62,0,51,23,148,0,0,102,134,0,0,43,53,352,90,88,0,18,0,70,63,104,142,47,64,0,91,163,174,0,14,108,102,196,72,76,87,0,0,36,260,0,75,0,66,0,62,62,0,0,308,55,37,42,0,32,58,81,0,67,0,90,206,504,1053,73,113,0,78,145,41,264,0,103,128,70,0,104,169,181,0,78,38,0,59,70,0,103,203,0,55,95,69,245,0,75,0,35,0,34,0,43,41,151,438,0,1144,141,0,294,0,0,40,128,0,78,44,787,0,0,86,309,0,0,104,61,0,213,0,121,0,170,273,74,692,162,0,415,18,122,0,158,0,153,0,0,0,110,0,242,0,0,37,0,213,185,0,33,106,67,307,189,81,0,55,53,35,0,496,219,0,0,62,208,0,68,0,28,0,0,81,0,164,0,0,122,0,0,236,0,106,108,0,63,0,496,0,0,0,0,0,0,0,0,253,0,100,18,116,0,0,0,0,0,107,100,0,0,108,415,42,0,43
217,0,0,0,0,0,0,0,0,0,0,75,0,0,0,85,30,112,0,0,0,25,20,0,0,0,0,0,0,0,0,0,0,0,0,0,0,0,0,0,0,0,0,0,0,0,0,0,60,0,16,0,0,0,0,0,0,0,0,0,0,0,0,0,0,0,0,0,0,0,64,0,0,0,0,0,0,0,78,0,0,0,0,0,0,0,0,0,0,0,0,0,0,0,0,0,0,0,0,0,0,0,0,0,0,0,0,0,0,0,54,0,0,0,0,0,0,0,0,0,0,0,44,0,0,0,0,0,0,0,0,0,40,0,0,0,0,0,0,0,0,0,0,92,0,0,33,0,0,0,0,0,0,0,0,0,0,0,0,0,0,0,0,0,0,0,0,0,0,73,0,0,30,0,0,0,0,0,0,0,0,0,0,0,0,0,0,91,0,0,0,0,20,0,0,0,0,0,0,0,0,0,0,0,89,0,0,0,0,0,0,17,0,28,0,0,0,0,0,0,31,0,0,0,0,0,0,0,0,0,0,0,0,0,0,0,0,0,0,0,0,0,0,19,0,0,0,0,0,0,0,0,33,0,0,0,0,0,0,0,0,0,0,0,0,0,0,0,0,0,0,0,0,0,0,0,0,0,155,0,0,0,0,56,0,0,0,103,0,0,0,0,0,0,0,0,0,0,0,0,0,0,0,0,0,39,0,0,0,0,0,67,0,0,0,0,0,0,0,0,0,0,0,0,60,0,0,40,0,0,43,0,0,0,0,0,0,0,0,0,0,0,0,0,0,0,0,0,0,71,0,0,0,0,172,0,0,28,86,0,0,0,0,0,0,35,28,78,0,0,0,0,0,0,0,0,0,0,0,44,0,0,0,0,0,0,0,0,0,0,0,0,174,0,0,0,30,0,0,0,0,0,0,0,0,0,0,0,0,0,32,0,0,0,0,0,51,0,0,0,0,42,0,0,0,0,0,0,0,0,0,0,0,0,0,0,0,0,0,66,0,0,0,0,43,0,29,0,0,0,0,0,0,0,0,0,0,0,0,0,0,0,0,0,0,0,0,0,0,0,0,0,47,0,0,0,0,95,0,0,0,0,0,32,0,0,0,0,0,0,0,0,0,39,0,0,0,0,0,0,0,21,0,72,0,0,54,0,0,0,0,0,0,0,0,0,0,0,0,0,0,0,0,0,0,0,0,0,0,0,0,0,0,0,0,0,0,0,0,0,0,0,62,0,0,0,0,0,0,0,0,0,0,0,0,0,0,0,0,0,0,42,0,0,0,0,0,0,0,0,0,0,0,0,0,0,0,0,0,0,0,0,0,0,0,0,0,0,0,0,0,0,0,0,0,0,0,0,0,0,0,0,0,0,0,0,0,75,0,0,0,0,0,44,0,0,38,0,0,0,0,0,0,0,0,0,0,0,0,0,0,0,0,0,0,0,0,0,0,0,0,0,0,0,0,59,0,0,0,0,116,0,0,0,27,0,0,0,0,0,0,0,0,0,0,0,0,0,0,0,31,0,32,0,0,0,0,0,0,0,0,0,0,0,0,0,0,0,0,0,0,0,0,0,0,0,24,0,0,0,0,68,0,0,0,0,0,0,0,44,0,41,0,0,0,0,0,0,60,0,106,0,0,0,100,55,117,0,0,0,0,0,0,0,29,0,0,0,60,29,39,0,156,76,0,0,0,0,0,0,0,0,0,0,0,0,0,0,0,0,0,0,0,0,0,0,0,0,0,0,0,0,0,0,0,0,0,0,0,0,0,0,0,0,0,0,0,0,0,0,0,0,0,0,0,0,0,0,17,0,0,0,0,0,0,0,0,0,0,0,0,0,0,29,0,162,0,0,0,33,0,0,0,0,0,0,0,0,0,0,0,0,0,0,0,0,0,0,0,0,0,0,58,0,35,0,0,0,0,0,0,0,0,0,0,0,102,0,0,75,0,0,0,65,0,0,0,0,0,0,0,0,0,0,0,0,0,0,0,0,0,0,0,0,0,0,0,0,0,0,0,0,0,50,0,0,29,0,0,0,0,116,0,0,0,0,0,56,51,0,66,0,0,30,0,236,38,0,53,0,74,0,35,0,0,0,59,0,0,0,0,0,0,0,0,0,0,0,0,0,0,61,0,0,18,82,0,0,0,0,0,0,0,22,0,0,0,0,65,0,0,0,0,0,146,37,0,40,0,203,0,0,0,66,0,0,0,265,0,0,0,115,0,0,26,23,81,0,92,0,67,0,0,0,0,0,0,0,0,31,27,0,0,0,0,44,42,0,183,82,0,0,0,0,0,159,0,62,31,0,0,0,34,0,0,0,0,0,0,0,0,0,0,33,0,0,0,103,359,0,0,0,61,0,40,0,97,52,0,0,44,0,0,0,94,0,0,0,0,29,0,0,0,37,19,0,292,98,108,0,120,0,0,0,0,0,0,0,0,0,0,0,0,0,95,0,0,0,0,0,0,0,0,60,46,0,0,0,0,0,0,0,0,0,0,0,42,0,0,0,55,31,0,57,0,0,89,32,0,0,0,0,0,0,0,0,0,71,0,45,0,0,41,204,0,0,0,0,0,0,0,0,0,0,0,0,31,118,38,0,0,0,0,0,0,0,0,0,42,0,0,0,0,48,67,0,0,0,49,0,0,0,0,22,18,0,0,0,67,0,36,0,0,0,49,111,345,0,0,0,0,0,0,0,0,0,0,0,0,0,0,0,0,0,0,0,0,0,0,0,0,0,0,0,47,0,0,0,0,0,0,0,0,0,0,0,0,0,0,75,0,0,0,0,0,0,39,0,0,0,0,31,0,0,0,0,44,0,0,0,0,0,0,0,0,0,49,0,0,0,0,47,18,0,54,0,0,0,0,80,61,44,0,0,0,0,111,0,0,0,55,0,0,0,0,0,0,0,28,0,0,0,0,0,0,0,38,0,0,0,0,73,53,0,0,53,0,0,0,49,0,0,16,0,0,0,0,88,0,0,66,0,0,0,0,30,0,37,0,0,140,0,0,0,0,32,0,0,0,0,0,0,0,0,0,54,0,0,0,149,0,0,0,85,0,0,0,0,0,29,0,0,0,63,0,0,0,219,63,0,0,0,0,0,37,0,0,0,0,137,0,0,0,0,0,0,0,0,0,228,0,120,65,0,124,0,0,0,0,0,0,0,0,0,0,0,0,48,0,42,0,0,0,0,0,0,0,0,0,0,0,0,0,0,0,0,0,124,0,111,122,0,0,77,0,0,57,0,0,66,0,0,0,0,0,0,0,0,0,50,0,0,0,36,0,0,0,0,0,42,0,0,0,0,0,60,0,0,0,31,0,0,0,54,0,0,0,0,0,0,0,0,29,39,37,0,77,0,0,0,0,0,47,0,0,0,0,0,0,0,0,0,0,0,0,0,0,0,0,0,28,0,0,51,0,53,0,0,86,0,0,61,0,0,0,0,0,0,52,0,0,0,0,0,0,37,0,0,0,63,0,0,0,0,63,0,0,103,0,0,0,0,0,58,0,0,0,0,0,39,0,0,0,114,0,30,0,282,0,0,68,32,0,0,0,78,0,0,0,0,0,0,0,66,0,0,146,0,51,0,12,0,54,0,0,0,0,0,115,0,0,0,0,0,0,0,0,0,16,22,0,0,0,29,29,0,62,54,0,0,0,0,119,0,0,0,0,0,0,0,38,108,27,0,0,0,80,0,0,37,80,0,0,53,0,58,0,0,37,0,0,102,0,0,0,0,108,0,0,0,0,0,54,0,0,23,0,42,90,35,0,40,0,0,0,132,0,0,0,0,0,127,70,0,0,0,0,0,0,0,0,0,32,0,0,0,116,0,0,0,56,0,0,0,0,0,0,0,230,33,0,0,44,67,0,0,113,41,0,0,0,0,0,45,27,44,434,0,0,0,0,0,0,0,0,23,0,0,0,0,0,0,0,0,37,235,0,0,0,0,0,0,90,0,42,0,0,0,159,52,56,0,0,0,91,0,56,0,0,0,0,0,0,0,0,0,0,51,0,0,175,0,0,0,0,0,0,0,85,0,172,0,0,0,0,0,0,0,0,96,74,0,45,0,0,0,0,0,0,0,0,0,0,0,0,57,19,0,0,0,0,73,0,0,0,0,0,52,162,0,71,61,38,0,0,18,56,78,0,0,0,0,0,0,0,0,0,0,0,0,0,0,19,66,0,37,0,37,0,0,0,0,0,22,0,49,0,46,0,0,0,0,0,181,0,0,0,68,0,211,0,0,0,46,104,0,0,0,136,0,0,0,0,0,0,37,0,0,0,0,26,35,32,0,55,106,0,0,0,49,0,0,0,0,0,0,0,0,60,0,0,0,30,0,0,91,0,12,85,0,0,0,0,0,0,0,69,0,123,0,0,0,0,0,0,38,36,0,55,0,54,34,0,0,0,64,0,0,0,0,56,125,50,0,0,141,0,0,28,0,46,0,48,0,0,0,0,0,0,34,53,0,55,0,0,0,0,0,0,39,0,0,0,0,0,0,31,192,0,0,0,0,39,0,0,44,0,0,0,36,0,0,57,0,0,0,0,85,56,0,50,0,0,0,0,54,0,54,0,0,0,36,0,0,0,0,0,0,24,49,0,20,0,0,65,0,0,0,0,0,0,30,0,201,0,0,0,0,0,0,0,184,0,0,0,0,0,0,0,0,0,0,0,0,0,0,0,32,0,46,39,0,0,0,0,0,0,0,0,0,0,0,0,0,0,0,111,0,0,0,0,0,0,14,0,52,0,0,0,0,183,0,0,0,0,28,0,0,0,0,0,0,0,0,0,0,22,0,0,0,0,0,56,0,0,0,0,0,0,0,0,0,0,0,0,0,0,0,0,49,80,38,44,0,0,0,0,0,0,0,0,0,89,86,0,48,0,65,69,0,0,0,0,0,0,0,0,0,0,0,48,63,0,0,52,0,0,0,0,0,0,51,0,119,32,0,0,0,113,82,0,78,0,0,0,0,0,0,0,0,0,0,37,0,0,0,0,82,0,0,24,0,0,0,0,35,0,0,0,0,0,0,0,0,0,0,16,0,0,0,0,0,0,0,0,0,82,0,0,0,0,0,0,0,0,0,0,0,0,0,31,0,157,0,0,0,0,43,0,0,0,0,0,32,0,0,61,0,0,0,0,34,0,0,0,0,0,0,0,0,0,0,0,0,0,0,52,47,0,56,0,29,0,0,0,0,0,0,0,0,0,0,0,113,0,0,46,0,0,0,0,0,0,0,70,0,58,34,59,0,0,43,0,0,24,0,0,0,0,0,69,0,0,0,52,0,0,0,0,0,0,0,0,0,0,159,49,0,0,0,0,32,98,0,49,0,0,0,0,0,0,0,49,66,0,0,108,0,0,30,0,0,0,0,0,0,0,0,0,0,0,0,33,0,0,0,0,0,0,0,0,0,0,0,0,548,0,0,274,34,0,0,0,0,108,0,0,112,0,0,0,70,0,0,0,0,57,0,0,0,0,0,0,0,0,27,0,0,0,0,0,0,0,0,0,0,0,0,0,0,46,0,0,0,0,0,0,0,158,0,101,80,34,100,0,0,0,9,0,0,43,0,0,120,55,0,0,0,42,0,0,0,0,0,0,0,0,0,0,34,19,0,0,0,22,0,0,0,44,51,36,0,25,0,0,0,0,0,29,47,0,0,0,75,28,0,0,47,0,0,0,0,0,529,65,0,0,95,0,0,0,0,191,0,0,0,0,0,0,40,117,0,0,0,0,0,0,0,0,39,0,0,0,0,0,38,0,56,0,0,56,0,0,0,0,0,0,0,74,0,48,0,0,0,0,0,0,19,48,94,0,0,0,0,0,0,0,0,38,0,0,0,0,394,0,133,0,66,0,0,55,111,0,38,0,0,68,0,0,0,0,49,0,0,0,0,0,0,46,0,0,0,0,0,0,59,54,39,0,89,0,0,94,0,0,236,0,103,0,108,0,0,101,0,56,0,0,0,0,0,0,45,0,0,0,0,0,0,0,0,63,38,0,0,0,0,0,0,0,0,0,0,0,0,0,82,22,41,0,0,49,0,39,152,0,24,0,0,0,0,0,68,64,0,0,0,28,0,0,0,24,0,0,40,0,0,0,0,0,0,26,0,0,0,29,0,0,0,0,0,106,0,0,0,0,0,0,0,0,0,143,0,0,0,35,0,34,0,14,0,0,100,0,231,0,39,0,0,0,0,0,0,53,0,59,0,156,29,0,0,0,0,0,0,0,0,0,0,0,0,0,35,0,0,53,0,0,68,53,0,0,0,39,0,0,0,0,0,0,0,0,0,100,0,0,0,0,51,0,0,0,0,0,0,0,0,0,0,0,0,41,0,0,0,0,0,0,21,0,0,0,0,0,0,0,0,0,0,0,0,0,0,42,85,52,0,0,33,0,60,0,52,0,53,0,0,0,0,18,0,0,32,0,0,0,0,0,0,34,0,0,0,0,124,0,0,0,83,0,0,0,0,0,41,257,0,138,40,0,83,0,0,0,0,0,0,47,589,0,0,0,175,0,0,44,0,0,0,0,78,0,71,0,44,166,0,0,95,0,71,0,25,0,67,53,0,0,0,0,38,0,0,94,0,55,0,0,0,0,0,0,51,0,0,0,0,0,0,347,0,0,0,0,43,0,0,0,0,0,0,0,0,0,0,0,36,0,0,91,49,0,0,0,0,0,152,0,0,0,0,0,0,0,64,92,0,0,0,0,0,80,0,0,0,0,0,0,0,0,33,0,0,0
218,0,0,0,0,0,0,15,0,0,0,185,0,0,0,0,48,62,0,0,0,0,0,0,0,0,0,0,0,0,0,0,0,0,0,0,31,0,22,0,0,0,0,0,122,0,0,0,65,0,0,0,0,51,0,0,0,0,0,0,0,48,0,0,0,0,50,0,0,0,85,0,0,0,0,0,0,0,45,0,0,0,0,0,0,0,0,0,0,0,36,0,0,0,0,0,0,0,0,0,0,0,0,0,0,0,0,0,0,0,72,0,0,48,0,0,0,0,0,0,0,0,74,39,0,0,0,0,0,0,0,0,0,0,0,0,0,0,0,0,0,0,0,55,0,0,0,0,0,0,0,0,0,0,0,0,0,0,0,0,29,0,0,0,0,0,0,0,0,0,0,0,0,53,0,0,0,0,0,65,0,0,0,0,0,0,0,48,0,0,0,0,0,0,0,0,0,0,0,66,0,0,0,0,81,0,0,0,0,0,0,0,0,0,0,0,0,0,0,0,0,0,0,0,0,0,0,0,0,0,0,0,0,0,0,0,0,0,0,0,0,0,0,68,0,0,0,0,0,0,0,0,0,0,75,0,26,0,0,0,0,0,0,0,0,0,0,0,0,194,0,0,27,0,0,0,0,0,0,0,0,0,0,18,0,0,0,0,51,0,0,0,0,0,0,0,0,0,0,0,0,0,0,0,0,0,73,76,0,56,0,136,0,0,0,0,0,43,0,0,0,0,0,0,0,0,0,86,0,0,208,0,0,0,55,0,0,0,0,0,0,27,0,0,58,0,0,0,0,130,47,0,0,23,355,0,0,0,232,57,0,0,0,0,0,102,198,144,0,0,0,0,0,0,0,0,60,0,0,0,0,0,0,0,0,0,0,0,0,0,0,0,0,0,0,0,0,22,0,0,0,0,56,0,0,0,0,0,0,0,0,0,76,0,0,0,208,0,136,0,0,71,0,0,0,0,57,0,64,0,0,0,0,0,0,16,0,46,0,90,0,0,17,19,0,64,0,0,0,0,0,0,0,0,0,0,0,0,0,0,0,0,0,37,0,0,0,0,0,0,0,0,0,29,0,0,88,277,61,0,74,0,104,47,47,0,0,71,25,127,0,0,0,39,0,0,23,0,0,0,0,0,0,147,0,40,166,0,27,0,0,0,0,0,0,0,39,0,28,0,0,0,52,0,0,0,0,0,73,0,0,0,0,0,0,0,0,0,0,0,0,0,144,0,33,0,41,0,0,0,0,0,0,0,0,0,0,0,0,0,62,0,0,37,0,45,0,0,0,0,78,33,0,0,0,0,0,0,0,0,64,158,0,0,152,0,0,151,0,0,0,152,0,0,0,0,0,39,0,0,0,0,0,0,22,23,0,0,58,51,0,0,125,57,0,28,0,37,0,0,20,0,0,0,21,0,0,0,0,0,0,0,0,0,0,0,0,0,0,0,0,0,78,0,0,71,0,62,0,0,0,0,0,0,264,0,0,0,0,0,45,0,43,0,0,0,0,0,0,0,161,0,78,0,129,0,0,0,0,0,0,0,0,46,0,0,32,0,0,0,52,0,0,0,87,0,75,0,63,0,0,0,0,39,36,0,0,0,72,0,0,73,0,0,0,0,0,0,150,33,64,0,0,0,163,0,95,0,0,0,33,0,0,0,0,0,0,0,114,0,67,43,630,21,0,27,21,0,0,0,0,49,0,0,0,0,0,0,0,0,39,0,0,0,0,71,0,0,0,89,41,0,0,0,0,94,0,0,0,43,43,0,0,0,0,0,37,0,71,79,0,0,0,43,0,57,0,0,0,53,0,0,0,0,103,0,0,114,77,0,34,0,171,0,0,0,0,0,0,0,0,0,40,0,0,0,39,0,0,77,49,0,0,0,0,0,61,0,0,0,0,0,0,0,43,0,0,0,38,0,0,0,0,0,0,0,199,88,55,31,0,0,0,179,0,0,0,0,0,0,0,0,0,24,54,0,0,0,0,0,0,37,61,0,0,54,0,46,0,0,0,107,0,86,25,0,0,0,0,8,0,254,0,0,0,0,0,105,108,127,83,0,0,0,0,179,69,0,40,0,0,0,68,0,45,97,0,0,0,0,0,29,0,0,38,28,58,71,56,0,0,0,0,0,0,0,0,62,48,61,0,0,0,109,0,0,0,0,0,31,0,69,84,22,156,35,0,68,52,92,34,0,0,65,66,0,0,359,0,0,63,214,0,0,105,0,167,45,259,20,336,55,0,0,0,0,0,0,0,78,79,0,0,0,0,0,79,0,222,0,27,0,0,35,0,51,490,50,0,0,0,0,57,30,43,0,214,97,0,0,0,0,0,48,52,0,0,47,44,0,107,0,92,0,0,0,54,0,0,0,0,0,0,30,52,0,0,35,79,127,0,0,72,72,0,105,233,68,130,0,0,71,36,89,0,0,0,0,0,41,0,147,0,0,286,0,0,0,37,0,0,240,0,0,0,57,0,0,0,0,140,0,0,0,0,100,23,0,0,35,0,72,0,214,34,83,386,0,0,189,0,72,0,0,0,0,0,175,87,152,0,0,37,521,0,0,0,48,0,0,0,0,39,0,67,0,0,310,107,43,0,72,0,61,171,0,0,0,48,0,0,62,49,53,52,31,220,0,54,78,86,0,0,52,93,0,129,157,191,0,0,0,0,0,0,304,56,71,21,66,0,238,100,0,229,29,0,0,0,45,0,0,26,91,190,0,0,0,41,0,245,0,0,99,178,0,41,48,0,48,36,0,0,79,0,0,63,0,32,179,14,0,0,86,67,0,76,0,0,0,0,189,0,60,70,0,0,0,75,0,0,0,0,34,76,0,0,0,0,42,0,0,57,43,43,0,0,54,0,97,254,319,0,0,0,48,154,0,34,0,83,0,0,30,48,69,0,0,0,0,56,0,37,95,0,0,45,0,0,123,0,0,0,0,0,56,44,44,199,108,0,0,84,0,149,62,0,0,77,74,109,0,0,1301,0,80,0,0,49,0,533,0,0,150,31,49,0,225,124,0,0,0,0,0,0,115,0,0,0,28,0,0,0,50,68,0,0,0,0,0,53,29,0,217,0,0,37,183,190,31,207,0,0,74,48,54,29,54,0,50,0,0,40,43,0,253,32,17,40,31,0,416,188,0,166,40,0,0,0,0,257,95,0,110,85,186,0,226,0,126,0,77,151,0,30,0,102,0,114,0,0,58,44,0,84,79,112,0,0,252,49,75,50,0,0,0,226,0,0,387,0,0,103,0,0,0,52,0,71,215,74,0,0,100,51,53,0,182,0,195,89,0,0,0,53,0,0,0,61,54,43,0,132,109,114,34,0,0,0,71,0,128,0,134,187,0,0,32,41,0,0,0,144,53,0,333,0,0,0,62,0,0,97,0,0,0,0,0,0,241,0,0,0,58,0,94,0,0,36,0,0,41,0,0,0,99,62,0,0,69,0,0,0,0,0,140,0,141,0,122,92,0,0,0,59,0,0,55,0,94,0,0,0,19,0,85,0,24,40,73,0,0,0,275,59,0,81,935,0,0,109,36,23,75,163,60,0,28,39,23,101,0,0,74,0,0,491,0,0,42,0,0,116,0,61,0,73,0,136,0,41,0,0,36,0,0,0,57,265,0,0,40,57,28,51,0,190,138,0,26,0,0,324,0,0,32,34,0,60,0,0,0,0,67,69,35,57,0,0,0,62,0,85,202,43,226,101,58,99,32,49,93,0,0,27,77,144,0,90,0,0,0,265,0,0,64,0,44,48,55,0,128,0,125,0,182,0,0,0,193,33,409,136,69,0,0,0,134,0,0,0,0,0,0,0,61,181,0,18,0,50,0,0,0,0,61,0,0,209,0,0,0,49,34,0,0,90,0,0,0,0,0,0,0,54,156,262,27,66,108,0,0,0,0,45,218,0,0,0,0,0,158,0,0,0,121,0,108,0,28,0,0,169,96,188,84,0,0,216,44,566,0,0,0,72,0,230,29,0,57,114,0,0,0,0,0,0,51,0,52,427,65,0,0,0,0,0,0,116,0,387,0,48,102,0,0,0,51,0,133,66,0,37,0,0,18,0,0,0,104,0,54,0,0,0,55,43,0,70,0,0,111,0,59,17,64,0,154,53,24,93,57,0,0,0,0,0,70,0,65,84,0,0,0,0,0,0,0,0,0,0,0,0,95,0,51,20,0,0,53,0,0,0,24,0,52,52,229,32,31,0,0,0,114,0,53,80,119,0,333,79,0,0,0,100,38,0,0,175,0,60,0,36,0,69,0,93,0,0,0,120,65,64,0,154,83,0,0,0,121,0,0,0,57,0,0,0,0,69,98,50,0,75,0,0,135,0,0,250,39,0,0,0,0,0,0,191,78,29,0,59,35,0,0,0,72,36,89,79,30,0,60,62,42,378,91,0,0,17,0,60,191,0,27,84,303,0,0,38,75,195,0,0,0,0,0,0,0,0,213,184,157,126,0,0,40,0,0,0,52,0,0,67,0,0,0,0,121,0,0,0,0,0,99,35,37,115,0,100,89,0,0,294,0,0,0,20,82,328,0,26,0,0,0,0,0,0,151,83,63,29,55,113,0,0,0,0,0,0,264,0,0,0,0,110,27,84,0,0,107,0,103,0,205,0,0,0,0,0,0,0,97,0,0,0,0,0,58,0,471,0,30,0,0,0,0,248,0,35,94,525,0,0,0,0,0,48,50,54,0,0,111,0,0,41,0,95,122,0,95,0,0,0,0,95,139,68,245,81,0,80,54,0,0,40,80,81,0,0,0,74,0,0,101,0,0,247,39,0,0,0,147,0,70,0,0,0,148,124,73,0,0,16,0,0,0,77,130,49,161,238,393,37,0,34,0,0,80,0,0,36,25,0,431,58,106,0,0,42,0,133,0,0,54,0,74,0,0,53,0,0,498,0,0,85,0,31,0,0,0,0,47,26,166,95,54,51,0,275,188,0,108,0,0,0,0,82,0,61,71,0,143,0,0,82,71,89,254,78,0,0,0,0,56,0,46,52,0,115,0,0,254,185,0,49,45,0,0,190,0,124,94,39,0,0,61,219,0,0,0,46,51,0,0,100,0,0,0,0,313,0,0,169,0,33,0,0,0,0,92,32,0,187,44,0,215,62,0,0,0,56,0,33,0,0,20,0,0,37,0,0,0,93,307,0,0,128,0,0,96,66,143,0,0,0,37,0,0,0,0,29,0,0,0,0,74,58,0,0,0,0,38,0,78,119,82,49,136,56,111,0,47,0,0,59,0,135,0,229,178,118,45,27,0,84,38,0,0,0,140,0,36,43,94,29,502,0,0,0,50,0,0,324,110,220,51,41,21,0,0,180,0,69,0,57,0,159,0,0,108,31,0,110,27,0,0,32,0,0,146,45,79,77,0,0,0,0,0,41,51,0,43,45,0,0,465,0,0,182,68,57,0,47,0,106,60,0,110,26,0,0,97,0,0,201,0,230,127,0,75,0,58,0,0,0,482,0,0,0,0,127,0,0,98,56,124,0,0,56,61,36,0,0,451,0,52,0,0,278,42,155,47,0,199,0,0,0,39,0,0,0,116,0,829,157,0,0,0,53,34,0,39,0,63,108,307,155,61,0,0,68,46,0,63,0,0,0,44,29,57,51,0,99,0,0,49,0,0,54,63,0,51,64,143,20,0,0,72,38,46,0,0,87,495,52,0,26,83,0,43,38,0,104,0,56,89,0,0,38,0,154,0,0,0,0,0,0,39,74,59,0,0,14,0,42,49,0,106,0,50,281,0,0,0,0,48,0,39,106,93,0,0,55,0,25,71,22,108,285,96,0,0,109,54,90,120,0,86,119,49,68,22,22,316,45,152,0,88,146,67,72,45,0,53,53,0,120,52,99,20,0,491,0,63,0,0,0,0,345,0,0,0,673,0,0,51,55,52,74,133,0,98,78,47,53,95,0,96,0,110,0,0,195,0,32,0,102,63,134,0,0,80,127,0,98,137,0,0,0,226,176,43,0,46,74,0,115,16,0,44,0,68,0,42,118,46,0,53,0,0,64,0,44,66,25,82,122,0,27,0,48,39,271,0,0,76,54,0,0,66,133,0,0,134,71,0,0,125,41,44,66,177,48,113,87,0,0,0,0,0,121,0,93,0,0,0,34,55,0,0,193,33,181,0,171,68,83,71,41,0,0,537,67,442,0,132,50,0,48,32,0,23,104,418,123,0,283,89,121,0,38,0,98,64,0,0,31,42,0,0,0,282,158,0,112,0,0,74,97,0,0,44,0,321,0,64,0,0,0,44,61,98,72,62,160,50,0,76,285,0,0,307,0,65,0,50,71,46,0,0,139,0,116,0,28,31,0,58,0,0,101,0,0,0,54,60,52,171,0,92,0,53,114,581,679,73,108,77,215,112,0,96,0,104,131,62,0,164,141,171,81,28,30,20,100,0,0,149,41,0,62,122,0,289,44,39,0,253,0,0,0,0,0,113,290,0,546,72,0,128,0,0,64,41,0,44,87,496,0,0,20,193,0,0,152,0,0,60,0,68,0,144,149,74,749,65,0,430,60,299,0,90,0,124,47,0,19,172,34,185,0,43,107,0,116,101,0,38,111,54,185,142,0,0,48,27,0,0,293,108,0,0,67,101,37,59,0,0,47,0,25,0,39,47,0,113,0,0,171,127,43,102,22,0,0,572,0,0,0,0,0,0,0,88,270,0,54,95,181,0,84,51,0,0,56,75,36,0,55,205,0,0,86
219,0,0,27,74,44,74,64,0,92,19,196,42,0,0,148,407,279,0,57,0,325,64,90,90,197,0,0,78,19,0,0,59,0,27,179,81,0,54,150,174,48,59,0,123,0,68,0,276,0,145,98,89,84,44,191,36,0,0,61,0,209,82,342,50,49,145,56,35,43,312,0,53,37,0,233,166,32,282,55,180,0,74,151,320,76,0,0,31,58,262,116,38,52,131,0,58,0,44,0,0,48,62,214,0,35,58,0,153,111,275,0,118,132,151,29,67,116,0,0,351,0,328,0,47,54,0,43,120,50,155,35,343,0,149,145,233,39,70,62,151,44,156,546,0,0,40,74,85,184,0,0,129,72,0,154,0,175,80,323,152,83,0,154,69,156,40,62,164,213,278,263,0,58,0,88,0,70,252,47,69,283,0,77,44,54,55,839,475,0,0,0,93,74,139,0,139,0,0,81,0,104,195,48,610,38,78,0,32,83,207,130,56,67,35,85,89,70,27,0,203,334,44,0,319,0,0,127,430,0,161,37,38,0,44,0,58,59,178,81,0,134,56,45,55,0,208,0,67,0,74,95,284,106,187,37,58,0,57,54,340,162,69,64,60,0,21,681,177,596,0,0,208,327,81,135,63,0,840,431,47,20,131,182,122,82,95,375,2965,89,95,61,187,0,0,40,0,48,99,54,65,0,85,95,0,346,310,396,0,0,0,722,315,0,0,61,92,368,48,0,45,0,0,83,526,52,106,374,0,26,570,0,67,169,54,79,0,48,0,74,21,113,0,86,256,58,0,0,56,586,196,241,0,284,769,0,87,275,412,129,43,47,69,0,99,139,1075,335,76,86,226,69,155,90,191,100,149,0,0,257,125,0,135,94,61,1309,142,97,184,0,0,45,590,31,85,0,278,0,101,130,0,86,387,17,78,95,61,0,104,28,298,0,171,0,0,0,391,87,509,520,41,211,83,65,162,80,187,135,188,41,12,0,0,0,316,51,0,0,45,252,0,39,275,237,429,63,290,111,75,54,0,0,107,0,111,27,62,52,0,53,151,0,205,59,0,100,56,114,0,32,98,0,279,169,85,71,345,410,91,179,239,51,367,240,192,0,0,171,96,533,212,75,40,117,46,108,363,162,224,67,0,77,49,962,149,53,557,162,43,0,151,36,0,0,0,39,461,87,84,277,291,40,156,201,63,36,61,80,352,56,49,40,0,0,84,53,0,0,0,268,64,40,397,0,0,0,183,98,57,152,372,89,73,126,101,48,59,84,121,66,238,323,0,103,136,438,46,48,0,118,366,436,0,0,26,55,0,167,0,0,450,323,83,29,491,0,184,971,92,0,117,373,0,0,0,32,0,177,0,0,40,0,55,160,125,282,124,168,66,0,0,0,66,76,101,0,65,181,0,143,0,0,0,0,73,0,61,94,0,154,353,0,40,85,36,91,78,78,28,0,0,39,182,0,0,309,0,62,45,408,228,0,0,106,367,0,98,75,82,317,127,0,117,0,0,315,99,63,44,73,569,31,75,28,212,66,83,123,444,0,53,0,67,186,134,0,70,45,108,0,132,69,0,0,93,69,121,0,463,0,31,121,0,0,169,53,35,110,168,76,52,185,397,31,0,0,0,63,256,167,230,134,111,662,313,302,147,84,0,0,142,117,0,64,178,0,0,38,446,63,164,89,1230,101,0,100,60,0,237,0,43,147,66,0,271,0,0,36,0,56,49,193,40,47,0,141,0,154,0,236,134,163,117,0,0,271,56,0,0,114,298,0,0,33,26,0,152,133,127,718,0,0,87,54,0,71,0,79,52,71,56,69,66,0,208,75,131,53,287,0,129,0,162,148,81,247,0,50,49,61,142,0,331,0,63,73,124,98,0,275,267,0,41,38,0,0,91,132,27,0,0,65,491,0,385,90,0,72,62,0,165,38,301,0,0,0,1078,95,128,570,24,85,0,376,0,96,41,0,37,0,0,69,40,64,516,167,72,0,0,63,64,170,164,53,102,136,0,110,0,51,26,178,39,147,169,205,262,22,35,87,82,301,0,63,0,43,0,389,360,316,173,0,0,49,0,103,153,97,138,0,134,92,105,48,38,116,123,0,17,58,53,67,29,0,74,30,111,123,136,0,37,90,0,82,0,57,0,0,34,88,96,0,58,256,0,0,76,0,193,0,113,101,0,91,261,104,34,61,67,580,56,48,0,258,160,47,0,255,48,0,68,328,33,31,62,81,375,55,924,0,1261,324,39,0,66,0,60,0,0,62,79,0,153,16,27,223,42,87,181,65,54,72,0,102,32,203,710,111,133,81,0,0,96,84,78,0,562,0,59,0,22,272,0,37,102,148,0,172,973,61,212,42,153,96,81,69,188,253,91,0,81,0,142,61,164,0,110,203,198,270,0,311,72,99,0,267,749,228,242,0,203,122,0,341,0,59,70,73,0,127,0,18,0,77,451,0,0,0,72,0,47,365,0,36,45,111,50,75,0,0,0,0,173,0,0,81,50,52,0,111,76,338,92,250,45,0,785,0,0,521,78,132,226,92,66,0,23,169,30,192,0,0,189,287,0,0,50,0,128,0,85,0,64,51,0,0,77,535,151,97,36,95,57,167,204,0,0,60,138,53,0,113,92,84,233,37,65,0,168,58,112,0,82,67,255,0,40,398,204,0,74,0,0,0,94,328,417,0,0,333,0,459,209,0,266,97,0,47,27,0,0,0,0,24,264,0,0,80,44,0,648,0,37,0,69,46,0,53,0,95,65,0,0,91,0,53,47,26,0,93,0,0,0,40,84,42,50,0,0,43,0,105,0,53,86,0,56,0,111,0,0,0,0,0,124,0,140,0,0,67,0,0,0,57,71,0,0,17,49,119,168,63,0,0,0,0,215,41,0,0,112,90,32,44,0,33,0,0,56,0,53,0,77,131,0,0,44,69,56,159,0,174,45,0,0,146,0,0,188,138,0,0,115,0,117,0,0,182,107,44,194,39,0,726,0,183,0,77,42,0,684,0,46,70,0,64,0,68,70,0,0,0,66,0,34,254,28,0,39,37,28,52,0,112,162,66,0,25,53,59,0,0,63,78,26,0,39,1481,281,48,208,47,24,58,201,58,0,46,0,260,27,0,81,68,0,393,33,174,36,443,0,189,41,0,158,0,0,31,0,0,120,38,50,45,0,161,99,197,0,189,0,0,239,0,53,98,47,56,99,0,0,0,125,29,48,0,124,105,0,452,152,0,111,242,71,49,93,0,0,408,0,0,271,0,0,0,238,0,50,109,136,74,0,210,84,94,39,69,0,81,78,0,0,126,27,0,0,0,114,117,0,150,85,75,133,68,0,0,24,216,0,0,0,456,248,72,59,65,0,0,0,41,177,0,100,107,0,0,80,315,38,0,65,44,0,86,16,0,193,140,89,0,0,111,0,109,0,48,68,30,88,119,0,0,0,75,0,24,55,0,36,0,0,0,0,73,0,0,0,269,58,39,0,112,246,54,59,237,105,65,0,0,46,825,0,231,33,55,31,111,0,52,100,160,122,82,40,1019,27,0,67,102,31,0,149,360,0,80,53,106,96,45,21,88,0,101,334,0,0,0,41,0,105,22,0,57,93,51,257,0,49,0,0,0,117,0,113,63,281,59,0,45,82,68,0,0,209,57,46,0,84,26,0,81,93,72,0,44,79,0,372,264,73,107,77,32,307,0,0,0,171,108,89,179,0,187,363,45,71,52,45,164,0,0,49,72,144,0,90,0,0,46,368,0,41,66,64,166,82,40,80,198,0,108,0,124,0,0,0,643,48,768,68,79,25,0,0,171,52,208,51,135,47,0,96,32,68,0,141,0,150,57,56,0,194,183,0,0,212,0,0,48,169,175,36,54,172,119,0,0,0,56,37,57,41,351,944,103,87,149,0,0,97,0,125,331,0,0,0,0,36,149,0,29,183,200,0,461,0,0,41,0,73,191,214,114,0,47,541,76,453,0,0,0,242,0,52,44,78,89,153,14,0,0,41,33,0,137,0,56,256,136,48,0,0,0,29,93,58,0,611,0,0,0,0,34,86,63,0,250,57,0,99,0,0,57,56,157,0,0,0,81,0,0,77,102,0,0,182,0,0,365,0,156,59,53,109,93,255,44,71,52,27,0,0,0,114,207,0,123,179,15,71,30,0,0,0,0,70,60,0,94,0,189,60,123,49,28,90,0,0,0,0,89,0,63,88,541,60,0,0,0,0,346,122,50,0,67,0,307,161,0,0,61,291,0,88,0,68,40,44,0,53,0,0,57,159,0,0,0,68,0,163,74,178,119,30,0,58,149,0,0,126,81,27,0,69,0,67,344,47,95,114,0,0,389,0,32,544,112,0,0,0,89,65,0,422,35,0,0,34,69,87,0,45,260,0,202,59,53,34,28,104,169,207,59,103,0,0,55,124,0,0,45,145,78,0,0,267,0,32,43,332,83,81,15,0,0,66,99,330,268,264,0,0,52,0,0,0,0,0,0,152,0,183,0,0,165,0,28,0,0,0,201,0,29,250,35,98,51,0,46,129,0,0,0,0,210,374,0,0,0,46,0,0,201,74,103,95,83,133,178,32,0,0,0,0,90,139,347,0,54,42,94,91,66,0,0,0,142,0,234,0,127,0,29,0,111,0,0,98,74,0,0,0,109,89,84,0,123,0,0,0,0,0,0,389,54,68,43,738,0,0,0,0,36,85,48,0,42,47,0,0,100,62,44,77,230,0,104,39,65,36,94,0,92,73,208,0,0,240,109,83,77,106,50,83,0,30,0,26,0,40,0,93,53,137,91,0,0,0,230,113,78,0,38,0,0,162,0,91,163,0,0,88,0,73,96,141,331,67,512,93,0,0,38,0,32,199,41,0,81,91,408,84,128,123,53,263,0,125,0,74,0,39,32,0,59,0,0,306,239,0,119,180,0,105,0,0,0,63,106,77,446,59,63,26,0,188,105,0,248,0,45,65,62,154,23,148,56,0,88,0,0,122,202,0,183,158,0,49,54,90,66,0,94,172,0,144,29,0,203,191,70,42,131,0,0,1043,0,243,82,0,58,0,133,104,41,0,52,38,0,37,29,210,0,33,0,0,301,0,89,420,96,66,0,21,58,0,32,0,74,96,51,164,141,106,0,0,63,57,56,69,101,0,0,43,54,0,0,155,39,0,316,0,0,86,104,0,85,64,89,0,61,93,0,0,0,0,0,237,0,99,103,54,203,203,0,0,0,0,133,0,214,71,64,207,61,285,56,60,201,0,59,54,0,58,66,194,256,162,92,0,14,42,89,0,0,28,194,0,0,50,82,47,1120,0,0,0,0,0,82,128,36,106,0,96,0,49,0,105,0,326,294,233,0,378,0,0,88,58,113,66,0,0,25,163,71,63,54,39,184,172,0,0,0,0,0,56,97,0,49,70,0,0,830,0,55,546,96,55,35,84,0,356,103,32,143,177,0,0,205,0,0,192,0,243,123,0,49,36,0,0,0,0,385,68,0,0,0,100,0,83,75,108,222,0,0,0,81,78,0,0,486,0,0,0,0,276,70,101,164,138,252,45,0,0,45,35,65,28,166,0,933,100,0,0,66,72,50,0,25,0,59,46,214,49,0,0,0,46,0,0,128,37,0,0,44,103,106,73,0,145,0,0,128,33,0,0,169,0,54,66,367,24,29,0,84,85,53,0,28,0,524,74,0,0,133,0,77,25,45,101,0,0,49,47,68,53,83,413,0,0,0,0,67,0,0,44,81,49,42,37,0,104,83,101,101,0,83,307,0,49,155,56,54,0,41,274,39,67,68,0,0,0,91,0,135,558,120,0,0,177,66,187,208,0,0,177,29,64,0,0,524,122,124,0,251,188,147,116,78,0,196,35,0,176,74,84,41,0,140,0,52,0,0,0,0,342,0,0,0,878,0,41,176,91,106,59,355,18,114,133,35,84,1229,0,693,47,263,0,35,259,46,47,110,115,81,173,0,0,124,202,0,181,118,0,70,0,289,181,214,0,0,107,0,212,0,0,93,0,36,0,35,87,182,0,0,0,0,75,0,117,227,36,27,227,0,0,0,56,158,288,0,0,84,226,0,36,47,109,0,0,38,222,44,53,465,92,65,46,99,129,69,123,0,90,0,0,0,257,0,60,86,0,67,33,28,0,0,284,0,111,153,139,94,144,107,182,0,0,221,69,243,0,122,0,0,43,26,0,62,108,402,185,33,294,131,225,0,145,0,36,40,0,41,26,29,33,39,59,310,183,63,127,32,0,81,112,0,0,50,69,288,91,113,0,22,0,65,92,51,125,30,130,0,181,237,242,28,32,488,66,49,0,56,43,20,0,0,246,0,77,0,59,0,100,66,0,22,49,51,0,55,80,42,0,130,0,0,0,152,325,296,1025,51,67,38,105,310,0,346,0,196,80,0,56,117,119,136,141,90,0,0,130,86,0,68,217,0,69,73,73,174,32,183,64,113,0,0,0,52,82,166,363,0,1028,197,0,390,0,0,49,0,0,176,50,760,0,0,0,294,0,0,148,43,0,31,0,144,0,172,71,78,409,68,0,100,67,214,0,201,0,151,49,0,0,233,30,154,0,36,90,0,159,207,0,38,183,77,443,161,34,63,45,84,0,26,527,206,0,20,71,200,0,47,0,49,71,42,49,104,53,80,0,100,39,0,590,101,0,195,0,119,0,277,31,0,0,0,0,0,0,83,409,0,145,191,159,0,106,57,0,0,68,0,0,0,186,205,0,0,57
220,0,0,0,0,0,0,0,0,0,0,86,0,0,0,0,0,87,0,0,0,26,0,0,0,0,0,0,17,0,0,0,23,0,0,0,0,0,0,0,44,0,0,0,49,0,0,27,74,0,0,0,0,71,0,136,0,0,0,0,0,0,0,47,0,22,0,0,0,0,274,0,0,0,0,74,67,0,91,0,60,0,0,36,0,0,0,0,0,0,168,41,0,0,0,33,0,0,0,0,0,0,0,32,0,0,0,0,0,36,108,0,0,0,29,25,0,0,0,0,64,0,0,0,0,0,0,0,49,0,69,0,0,0,0,0,0,40,0,0,48,0,0,78,0,0,0,0,0,0,0,0,0,0,0,41,0,25,0,36,0,0,0,0,58,0,0,0,0,0,124,0,0,0,0,33,0,0,0,0,0,55,0,0,0,0,0,89,0,0,0,0,31,0,50,0,53,33,0,39,0,0,32,26,77,0,0,0,0,63,0,57,0,0,0,0,0,31,0,0,78,71,0,0,0,0,0,28,99,0,45,0,0,0,0,0,0,0,51,0,0,53,0,17,0,0,0,0,0,0,0,0,0,0,31,0,0,0,0,0,60,35,0,18,0,0,0,43,46,152,0,0,75,35,29,0,12,0,23,50,0,0,0,0,0,0,0,30,722,0,42,0,55,0,0,0,0,16,0,0,0,0,0,0,0,47,42,0,0,0,0,99,47,0,0,0,0,0,53,0,0,0,0,19,103,65,0,28,0,0,28,0,0,0,0,0,0,0,0,25,0,0,0,0,0,38,0,0,41,320,43,58,0,52,215,0,21,0,60,143,26,0,0,0,0,141,0,86,0,0,53,0,0,0,0,64,105,0,0,116,64,42,0,0,0,284,36,25,0,0,0,0,149,0,33,0,159,29,48,59,0,0,0,0,15,0,0,0,20,0,37,0,37,0,0,0,55,0,46,0,0,0,37,0,0,34,0,0,102,0,0,0,0,0,39,0,0,0,0,34,0,0,324,0,57,29,0,0,0,0,0,0,0,0,0,0,0,0,0,0,41,0,56,40,0,0,0,0,0,0,0,0,0,27,0,0,0,73,68,0,84,42,0,0,84,0,0,0,47,122,49,0,0,84,0,28,0,25,183,0,0,63,0,55,0,33,73,0,0,0,0,0,0,0,0,0,141,0,57,0,89,0,56,63,0,0,0,0,62,0,0,0,0,0,0,0,0,0,0,0,0,129,0,0,0,0,0,0,0,120,45,0,0,0,42,0,0,0,47,0,0,99,0,0,0,248,0,0,0,0,156,92,0,0,0,0,0,53,0,0,128,68,0,0,87,0,46,278,0,0,0,108,0,0,0,0,0,80,0,0,0,0,0,0,0,0,0,0,0,0,0,0,97,129,0,0,57,0,0,0,0,0,0,0,0,0,0,0,0,0,0,0,0,0,0,0,0,0,0,0,0,0,0,0,0,45,0,0,0,75,100,0,0,0,0,0,0,0,0,0,0,0,0,0,0,46,0,0,0,0,164,0,112,0,0,0,0,0,0,0,0,0,0,58,0,0,0,0,0,0,0,0,0,0,0,0,0,0,110,0,0,0,0,0,0,0,0,0,34,129,0,0,35,0,0,0,0,0,106,54,0,0,0,0,48,0,97,68,0,0,0,47,0,0,0,0,0,0,0,80,0,0,621,60,0,0,13,0,74,0,0,38,0,0,38,0,0,0,0,0,0,71,0,0,0,62,0,46,0,0,0,0,0,0,0,44,0,0,0,0,0,0,29,0,0,0,67,26,35,241,0,0,0,0,0,0,0,0,0,0,26,0,0,0,0,0,0,0,92,0,0,0,0,0,0,160,0,0,0,0,57,0,111,0,31,0,0,0,0,0,0,0,0,0,0,0,53,62,0,0,0,0,50,0,192,0,0,0,0,0,59,0,75,0,0,0,309,0,0,68,0,44,0,172,0,0,0,0,0,0,0,0,0,0,91,0,0,0,0,0,0,38,0,0,0,28,0,0,0,0,0,0,0,0,0,0,189,0,0,0,0,86,0,0,0,0,0,44,63,82,0,0,0,0,0,255,0,0,38,0,0,38,0,0,0,0,0,0,0,0,0,0,0,0,0,0,0,0,0,0,0,0,0,0,0,0,0,0,0,0,0,0,0,0,0,0,0,0,132,0,0,0,28,0,0,0,0,0,38,31,0,0,0,0,0,0,0,57,0,0,0,0,0,0,0,0,181,0,0,0,150,46,0,0,0,0,0,0,0,0,0,0,40,0,0,0,0,0,0,0,0,18,0,0,0,94,369,70,0,0,0,0,0,0,36,0,0,29,0,0,0,26,0,0,0,36,0,0,69,0,0,0,0,32,0,0,0,0,0,0,0,0,0,17,0,0,0,0,0,0,0,164,39,0,0,90,67,0,0,0,37,0,0,0,0,0,0,0,0,0,0,0,0,0,194,0,0,0,37,0,0,0,0,0,0,0,0,0,0,0,0,0,0,0,0,0,0,0,0,0,0,32,40,0,0,0,0,0,0,199,0,64,59,0,0,0,0,0,0,0,0,0,0,66,0,0,0,72,0,0,0,0,0,0,0,0,0,0,32,0,0,0,0,40,0,0,0,0,57,14,0,0,53,51,66,0,71,0,43,0,0,0,0,0,60,0,0,0,0,0,0,0,0,0,0,0,111,0,0,37,0,154,0,0,63,0,0,0,0,0,0,0,0,0,0,0,0,0,0,0,0,0,0,0,0,0,0,0,0,0,0,0,0,42,0,0,0,0,0,38,0,0,0,0,0,0,0,0,0,0,0,42,0,0,0,0,31,0,32,0,0,0,0,0,46,0,0,0,0,0,0,24,0,0,0,0,0,0,0,60,92,0,0,0,0,0,50,0,0,0,60,0,0,0,0,0,0,0,27,0,47,0,0,0,0,0,0,0,0,62,0,74,42,0,0,0,0,0,53,44,0,0,0,0,45,0,0,11,0,0,91,0,0,220,0,52,0,0,0,0,81,0,0,0,0,0,0,43,0,0,0,0,0,0,0,0,0,0,0,67,0,0,0,53,0,0,0,0,0,0,0,0,0,0,0,0,0,0,83,0,50,0,0,0,43,0,0,0,0,98,0,0,0,0,0,54,0,0,0,0,0,0,0,0,72,0,0,0,0,0,0,0,0,0,0,0,0,64,0,64,0,0,0,0,0,0,0,0,0,0,0,0,0,0,49,0,49,96,0,28,70,0,49,0,0,0,0,0,0,102,0,0,85,0,0,0,0,0,0,0,0,0,0,64,0,0,42,23,0,0,0,0,0,0,0,0,0,0,0,0,0,0,0,0,0,0,0,0,0,0,0,0,0,0,55,0,57,0,0,0,0,0,21,0,0,29,0,0,0,58,0,0,11,0,0,23,0,0,0,0,0,0,0,58,0,0,0,0,0,0,0,77,0,0,0,0,0,0,0,0,0,0,0,0,0,0,0,0,0,0,0,0,0,0,99,0,0,0,0,0,0,0,0,58,0,43,0,0,15,0,0,0,0,67,0,0,0,123,0,0,61,0,0,0,0,107,0,0,0,0,0,0,0,0,0,0,169,0,0,0,0,0,47,0,0,0,0,0,91,0,0,0,0,0,0,0,0,0,139,0,0,0,63,0,0,0,0,49,0,0,0,0,0,0,0,0,0,0,0,0,0,0,51,0,0,0,0,0,0,0,0,0,0,0,0,0,72,0,0,0,0,88,0,0,0,0,0,0,0,0,0,12,0,0,0,0,0,100,0,0,0,0,0,38,0,0,0,0,0,127,0,120,76,40,0,0,0,0,0,50,0,0,0,0,0,0,63,0,0,0,0,0,0,0,46,0,0,0,112,0,0,0,23,0,0,0,69,0,0,0,0,0,0,0,0,0,162,0,69,0,0,0,42,0,0,0,0,0,0,0,0,63,0,0,18,64,0,133,0,0,0,0,0,73,24,0,0,0,96,0,146,0,0,0,0,0,0,0,35,0,0,0,0,0,0,0,0,0,0,0,98,0,0,0,0,0,0,0,33,0,214,0,0,0,0,0,0,0,0,0,27,0,0,0,0,0,0,0,0,0,0,0,0,0,0,0,0,0,0,0,0,72,0,0,0,0,0,0,43,0,0,0,0,0,0,0,0,0,23,0,76,0,0,0,0,0,0,0,0,0,0,36,0,0,0,0,0,0,0,19,0,0,0,0,0,0,0,133,0,0,0,0,0,0,0,0,0,58,0,0,43,0,0,0,86,0,0,0,37,0,0,0,0,0,0,0,62,0,0,0,40,0,0,0,0,0,0,0,0,0,0,0,0,0,0,0,0,0,0,68,0,0,0,0,0,57,0,0,105,0,0,0,0,0,0,0,104,52,86,0,0,0,0,0,0,0,0,21,0,0,0,0,0,0,174,0,37,0,0,0,0,65,0,0,0,46,0,0,29,0,29,0,0,0,0,0,0,0,0,68,0,0,52,0,0,23,0,0,0,0,0,0,0,0,51,0,0,0,0,0,0,0,0,51,0,0,30,0,59,44,0,0,35,0,0,0,0,84,123,0,0,0,0,0,0,0,0,0,55,0,0,0,46,0,0,0,0,0,0,104,0,0,0,0,0,14,0,0,0,56,0,81,0,0,0,0,0,0,0,0,27,0,0,0,40,0,31,0,0,254,0,0,0,0,0,0,0,0,0,0,52,0,0,0,0,0,0,0,0,0,0,0,0,0,0,0,65,75,0,0,0,0,0,0,0,109,0,0,24,0,0,0,0,0,0,0,0,0,0,0,11,0,0,0,44,0,72,45,0,0,0,0,0,45,0,0,0,0,29,0,37,0,0,0,0,0,0,60,0,72,90,289,0,0,0,0,0,0,56,0,0,0,67,125,49,97,0,0,159,0,60,0,0,0,0,24,0,0,0,0,67,0,0,0,0,0,0,0,0,0,33,0,0,58,0,0,0,0,0,72,0,0,0,0,0,0,0,0,109,0,0,30,0,0,70,0,0,118,0,0,0,31,0,0,0,0,0,0,54,0,0,0,72,0,0,0,0,0,248,0,126,47,0,0,0,72,26,0,0,0,0,0,0,0,0,0,0,0,0,76,0,0,282,0,0,0,0,0,0,0,0,0,0,50,0,52,57,0,0,0,0,0,0,37,0,0,0,0,0,0,66,0,0,209,0,0,0,73,0,38,0,102,0,0,0,0,0,0,0,0,0,0,0,0,0,34,95,0,19,0,0,51,0,0,0,0,144,0,171,0,0,72,0,0,0,0,0,0,41,112,74,54,0,0,69,0,0,0,0,0,0,0,0,0,0,504,0,0,0,0,0,51,36,0,91,0,0,0,0,0,0,0,0,102,44,0,228,0,0,0,46,19,54,0,0,0,0,0,17,0,0,0,56,0,0,0,0,0,0,0,0,0,0,0,0,198,0,0,0,0,0,0,0,0,38,0,0,57,54,0,0,0,0,0,61,0,0,0,0,0,0,0,0,0,0,78,0,0,0,0,0,0,0,0,72,53,0,0,0,0,32,0,0,104,0,0,0,0,101,40,35,0,0,77,0,0,0,0,0,0,0,0,0,65,40,0,0,0,0,59,0,0,0,0,0,39,18,0,0,0,0,0,0,76,0,0,0,0,0,0,0,0,0,0,0,0,0,0,0,0,0,0,0,0,0,0,0,0,0,0,0,0,0,160,0,0,0,0,0,0,0,0,0,0,27,0,0,0,0,0,36,0,0,0,0,0,0,0,0,0,0,0,0,0,0,0,47,24,0,0,0,0,0,56,0,0,0,0,47,0,0,0,0,0,0,0,0,0,0,0,0,0,117,0,121,0,0,0,0,0,0,0,0,118,0,42,0,0,0,0,40,39,0,0,0,0,0,0,0,0,0,0,0,0,0,0,0,0,127,0,0,0,205,0,0,31,0,0,0,0,0,0,0,0,0,393,0,181,0,0,0,0,0,0,33,0,0,0,0,0,0,0,0,0,0,47,0,0,0,0,92,0,0,0,0,0,127,0,0,0,0,0,0,0,104,0,0,0,0,0,0,0,0,0,0,0,0,0,0,0,0,0,116,0,0,0,64,0,0,0,0,0,0,0,0,0,0,0,35,0,22,0,0,0,0,0,0,0,0,0,31,0,0,0,0,0,0,0,0,0,95,0,68,0,0,0,57,0,0,0,0,0,0,0,0,60,0,0,0,0,0,0,0,74,0,0,87,0,0,0,0,0,0,0,0,0,0,0,0,0,0,70,0,0,35,0,0,30,0,0,0,0,0,93,51,0,0,0,0,0,0,0,13,0,21,0,0,0,0,0,0,0,0,0,0,0,0,0,0,0,42,0,0,0,0,0,0,0,0,0,0,0,0,0,0,0,0,33,0,0,0,0,33,0,146,0,0,0,27,107,0,39,0,56,32,0,0,0,0,0,0,0,0,0,0,0,0,0,0,0,0,0,0,0,0,52,0,0,0,0,0,0,0,47,85,0,283,0,0,53,0,0,0,0,0,0,0,143,0,0,0,53,0,0,38,0,0,0,0,47,0,32,0,0,0,0,0,0,0,0,0,79,0,0,0,0,0,35,0,0,0,0,0,0,44,37,0,0,0,43,150,0,0,0,0,0,0,0,0,54,0,0,0,0,0,0,0,0,0,0,0,0,0,0,0,0,0,0,23,54,0,0,0,0,0,193,0,0,0,0,0,0,0,0,0,0,0,40,0,0,30,0,0,0,0,0,0,0,0,55,0,0,27
221,0,0,0,0,0,32,0,0,0,0,190,0,0,0,102,0,84,0,0,0,23,0,0,0,10,0,0,0,0,0,0,0,0,0,0,42,0,0,66,0,0,0,0,205,0,0,0,0,0,101,0,32,31,0,0,0,0,0,0,0,0,0,67,0,0,61,0,0,0,78,0,0,0,0,0,0,0,145,0,46,0,0,0,60,0,0,0,46,0,0,35,0,0,22,0,0,0,0,0,0,0,0,33,0,0,0,0,0,0,0,19,0,0,0,0,0,59,0,0,0,0,71,32,0,0,0,0,0,0,0,0,45,0,0,41,24,0,0,0,0,53,46,74,0,0,33,0,0,0,0,0,0,0,0,29,0,0,0,0,85,0,0,0,0,0,0,0,0,31,0,0,0,51,0,0,0,0,0,51,0,0,0,0,0,0,0,31,93,0,0,0,0,0,0,0,26,0,0,109,0,0,0,0,48,0,0,0,0,0,0,0,0,30,0,0,0,0,0,0,45,0,0,0,40,0,0,0,0,0,0,0,0,0,0,0,0,0,109,0,0,0,0,43,0,0,0,0,0,0,0,0,61,0,52,0,17,0,0,0,74,57,0,0,0,0,0,135,63,0,0,0,52,107,0,0,0,0,362,215,0,0,0,67,0,31,0,166,141,38,0,0,26,0,0,0,0,0,0,0,0,0,0,0,0,137,0,41,0,45,0,183,0,0,0,0,0,0,0,0,0,0,0,0,0,0,0,57,0,0,158,0,0,0,0,0,0,0,0,0,0,0,0,0,55,0,0,0,44,136,0,0,0,0,0,0,0,0,22,40,0,0,54,0,0,0,100,0,0,0,0,0,0,0,0,0,0,0,0,0,0,0,0,0,0,0,0,0,39,0,0,0,353,0,25,0,74,0,0,0,0,0,43,0,0,0,0,0,0,0,0,0,0,0,0,0,0,0,79,46,0,0,0,0,0,0,28,0,0,0,0,0,0,0,0,0,0,0,0,0,0,0,109,0,0,0,0,0,0,0,0,0,0,0,36,0,0,0,0,0,90,0,0,91,0,0,0,0,0,0,0,0,0,0,0,0,61,0,99,51,0,0,27,37,0,0,0,0,0,76,0,0,0,81,0,0,0,0,0,0,0,66,0,269,0,0,0,0,0,0,0,0,0,0,0,0,0,0,0,0,0,0,65,0,0,0,57,16,39,0,0,0,0,0,0,0,0,0,0,0,0,0,135,0,0,0,0,0,0,68,0,0,0,0,0,0,0,0,0,0,0,0,0,0,0,42,0,0,0,0,0,54,0,0,0,0,0,59,0,23,0,0,0,0,0,0,52,0,0,0,0,153,0,0,0,0,0,0,0,0,0,0,0,63,0,50,0,51,42,53,0,0,0,113,64,0,0,0,0,0,0,0,0,0,0,0,23,0,0,90,74,0,27,0,0,0,0,45,28,0,0,0,76,0,0,0,0,65,0,0,25,0,0,0,402,0,0,0,0,83,0,47,0,0,0,79,0,0,0,0,0,0,53,0,82,0,0,0,41,0,0,0,0,0,0,0,0,33,24,0,0,0,52,0,0,0,78,26,102,0,0,0,0,0,37,0,0,0,0,0,0,55,0,0,0,0,0,80,71,0,0,0,93,131,87,345,0,29,0,0,0,0,0,0,0,0,0,0,45,35,113,57,137,0,0,67,0,0,0,0,0,0,0,9,0,0,0,0,0,0,0,0,0,0,0,0,0,0,0,48,107,92,0,0,0,0,0,0,0,51,127,0,0,0,0,0,0,30,0,0,0,0,0,0,0,0,0,0,0,0,0,0,0,0,98,0,0,0,0,0,0,0,104,70,0,39,0,0,0,0,25,0,0,0,0,0,43,0,0,92,0,0,0,0,0,0,0,0,0,0,0,0,0,0,0,0,0,63,19,0,0,0,0,0,0,0,51,0,37,148,0,0,0,0,0,0,0,0,30,0,0,0,0,0,45,63,0,0,0,0,0,0,0,0,0,0,0,0,0,0,41,146,0,92,97,76,61,0,0,0,45,86,0,0,0,0,21,79,68,0,57,25,69,0,0,324,0,0,0,0,0,174,36,0,25,60,0,23,0,0,0,0,0,0,20,0,0,92,105,0,0,76,0,64,0,127,0,0,44,25,88,0,32,0,67,0,58,0,48,0,0,54,79,51,67,53,0,107,0,222,0,31,0,219,49,32,0,263,0,0,43,38,0,0,41,0,137,19,217,0,258,53,0,61,0,0,0,0,0,0,53,0,110,0,0,93,61,0,261,149,0,0,0,51,0,74,85,192,37,69,0,0,0,0,0,0,117,112,48,0,0,0,0,0,0,0,0,68,841,0,100,67,37,55,60,0,103,70,78,0,34,0,0,0,315,0,0,0,119,111,0,175,0,33,47,451,173,141,105,0,0,0,0,88,0,0,0,0,0,48,0,192,0,0,260,0,0,28,62,37,27,188,50,50,87,56,0,39,0,0,78,44,101,0,0,0,0,18,0,0,0,51,107,108,0,69,226,0,0,96,47,54,133,0,0,0,0,87,80,116,0,0,135,486,0,0,0,61,83,0,0,0,41,0,82,33,0,197,0,0,38,0,67,0,80,0,0,0,0,60,0,49,123,87,108,77,158,0,115,37,0,0,0,0,0,0,97,153,80,0,36,0,0,0,55,102,316,51,0,35,0,65,131,0,51,0,0,0,0,0,0,38,25,42,227,0,0,71,0,0,76,0,0,61,91,0,0,33,0,46,0,0,0,34,0,0,50,0,0,94,0,0,0,114,38,44,67,0,0,55,53,134,0,51,53,0,0,0,72,0,0,0,24,0,38,0,0,0,0,0,0,27,94,48,94,0,0,0,0,75,231,290,0,0,0,0,117,0,0,0,62,0,0,0,0,0,0,0,0,0,39,0,0,0,0,0,0,0,0,63,0,26,0,0,57,51,0,25,131,115,0,40,55,0,110,0,0,370,76,0,96,0,0,474,0,91,0,0,0,0,233,0,0,64,0,61,0,81,87,0,0,0,49,0,23,0,0,26,0,0,0,60,0,62,46,0,0,0,0,0,38,0,0,168,0,0,0,229,221,0,498,0,0,89,111,0,0,0,0,107,0,51,46,0,0,368,0,0,33,0,0,238,158,0,101,0,0,0,0,0,45,0,0,67,32,182,0,224,0,160,0,38,294,0,0,0,100,36,13,45,0,21,0,51,38,0,54,46,0,247,55,40,40,0,0,0,102,0,0,0,0,0,0,0,0,0,34,0,0,181,160,0,0,73,0,34,68,49,0,187,65,22,0,0,0,0,41,0,78,0,0,35,180,33,291,30,58,17,0,76,34,40,0,196,141,133,0,0,0,21,0,45,40,43,0,142,0,0,0,77,0,0,0,0,0,24,0,0,0,71,0,0,0,0,38,120,0,0,105,0,0,120,0,0,0,113,27,0,46,0,0,0,39,0,0,161,0,0,0,138,33,0,0,60,38,0,0,120,0,0,0,0,0,79,0,100,0,0,57,69,0,0,40,129,0,0,46,180,0,0,42,30,0,0,41,66,0,0,0,38,0,30,0,130,0,0,294,0,58,55,26,0,52,0,70,0,77,0,81,0,0,0,0,0,41,0,0,74,84,62,0,0,33,32,0,0,27,59,48,0,24,0,89,27,0,0,0,0,72,0,74,94,0,63,0,0,103,0,0,0,31,0,84,30,0,0,0,57,0,0,91,264,0,0,28,0,193,0,0,0,0,0,203,0,36,0,0,108,79,60,0,0,0,34,0,219,0,0,0,41,0,524,44,37,0,0,33,132,0,0,0,25,0,0,0,53,140,0,0,0,46,0,0,0,66,91,0,0,301,0,0,0,59,58,0,0,0,57,36,0,0,0,0,110,40,0,323,0,51,0,0,0,0,0,0,30,0,0,0,0,30,0,0,0,0,277,0,76,0,0,0,0,234,67,0,52,26,0,211,0,115,0,0,0,120,0,71,0,0,64,0,0,0,29,0,0,0,36,0,0,168,0,0,0,0,0,0,0,113,0,501,0,54,0,0,0,0,56,0,215,0,0,37,39,0,0,0,47,0,83,41,0,33,0,36,61,47,0,45,0,0,188,0,75,0,60,48,172,123,0,123,60,22,29,0,0,138,56,42,0,150,0,65,0,0,0,0,0,0,0,0,0,103,154,40,126,0,0,0,32,0,0,0,117,0,0,0,153,55,0,51,0,40,561,0,73,55,132,0,388,62,0,0,0,244,64,0,0,156,0,46,29,0,0,66,21,196,36,0,0,185,62,0,96,188,68,0,0,90,165,0,0,148,0,0,0,0,0,143,232,0,53,46,0,0,206,52,58,142,59,0,0,0,100,94,0,337,87,219,0,0,0,0,0,0,81,0,43,97,0,36,165,108,58,473,73,0,0,0,0,120,210,103,37,0,207,0,0,98,39,121,0,297,53,27,0,0,0,0,273,0,27,180,0,0,71,0,0,0,104,0,0,84,0,91,0,0,77,0,0,0,0,97,48,0,0,61,0,79,131,0,0,338,29,0,0,0,342,284,0,30,0,35,0,0,233,0,191,150,119,0,79,155,12,49,0,0,73,166,167,0,0,0,51,131,114,77,0,16,0,0,81,0,123,0,0,0,137,0,0,64,57,0,0,55,197,97,35,0,740,0,0,0,0,0,19,92,102,43,72,146,0,0,48,21,0,0,117,35,0,0,89,0,44,45,0,57,369,58,0,0,0,0,0,0,0,77,139,29,27,556,49,175,0,0,44,41,0,0,0,86,0,0,0,44,68,0,82,0,0,0,35,63,0,0,67,0,0,91,53,80,54,0,0,45,0,0,53,46,431,0,218,59,0,0,0,0,36,37,33,20,67,282,47,0,0,55,121,53,0,72,0,0,31,30,108,0,0,26,0,390,0,0,37,39,0,0,0,0,0,0,106,55,212,0,37,72,38,67,0,0,34,102,45,65,59,106,28,32,65,0,0,88,0,0,99,0,73,35,0,74,46,0,0,0,57,49,0,85,0,0,209,79,0,0,71,0,0,386,0,42,37,0,0,0,0,77,0,18,27,0,56,41,0,73,0,33,0,0,392,58,0,120,46,35,0,0,31,0,0,0,0,0,106,173,45,0,0,0,46,91,0,28,112,0,0,36,41,53,0,171,43,0,141,0,0,0,147,0,180,0,204,0,0,82,111,0,0,0,27,90,0,55,228,0,144,162,0,0,0,0,258,0,104,50,117,136,0,75,0,40,21,0,140,68,0,0,66,200,48,57,127,0,0,51,60,47,0,43,36,40,0,76,213,0,389,74,0,55,70,0,192,108,0,189,0,52,0,18,0,0,0,58,177,131,48,110,0,0,51,0,67,0,0,0,0,60,0,0,0,0,153,59,0,0,0,0,0,103,45,0,0,79,0,33,147,0,0,421,50,19,0,97,0,223,86,0,0,75,0,40,64,0,0,113,0,358,44,51,70,67,53,58,0,0,381,33,0,0,0,184,0,75,59,240,30,0,25,73,0,0,0,0,261,0,0,35,0,177,117,328,121,77,153,0,0,80,0,0,0,53,138,0,452,108,54,0,0,0,60,0,97,0,85,219,104,94,41,53,36,0,112,0,0,0,0,0,0,82,93,83,0,180,54,0,228,0,0,85,467,0,59,40,80,34,0,0,22,84,67,0,0,96,683,69,0,0,50,0,42,0,135,439,77,127,95,0,101,0,73,106,57,0,0,0,0,0,0,43,74,0,68,61,0,72,40,0,66,0,0,51,0,31,176,52,50,48,48,246,138,283,0,51,0,0,81,42,41,319,99,0,0,198,51,47,0,0,62,92,0,67,0,0,606,82,104,53,216,44,251,68,0,0,0,182,0,129,61,39,0,39,414,38,0,0,0,47,0,169,0,0,0,531,0,22,437,83,82,50,215,0,62,187,0,47,698,22,336,143,133,0,109,200,0,0,88,64,61,29,0,28,0,43,0,92,65,0,257,0,75,47,89,0,136,39,0,72,0,0,41,48,52,0,54,226,643,32,113,0,0,100,0,77,176,0,83,195,0,42,0,75,153,153,0,0,31,174,0,40,0,157,0,0,0,114,0,21,202,0,61,0,86,159,72,47,0,43,0,0,0,264,0,0,0,0,50,55,0,0,0,134,0,71,72,32,97,50,48,86,0,0,117,0,522,0,0,45,0,0,0,0,0,0,87,0,0,139,0,57,0,65,0,46,36,0,0,0,21,0,0,0,87,168,0,54,38,0,68,66,0,0,0,0,174,0,119,0,0,0,0,39,65,52,0,39,24,44,0,89,0,0,358,71,0,0,0,64,36,0,0,110,0,33,0,43,0,52,34,0,48,67,0,0,0,54,0,0,37,0,40,0,68,158,71,601,29,41,24,53,83,0,187,0,0,80,52,0,32,188,55,77,106,46,0,45,77,0,170,150,0,0,70,69,125,0,80,43,245,0,0,23,0,49,48,198,0,106,0,0,127,0,0,71,0,0,59,0,308,0,0,0,184,0,0,58,0,0,0,0,154,0,22,0,37,124,106,0,46,0,242,0,0,0,0,72,0,0,50,0,260,18,0,99,0,81,85,0,0,187,0,27,208,0,0,25,0,0,0,436,0,0,0,44,87,0,0,0,36,0,34,0,0,95,0,0,27,0,0,180,0,13,0,0,0,0,87,0,0,0,0,0,0,0,60,124,0,61,46,83,0,71,0,0,0,62,0,0,0,106,314,36,0,0
222,0,0,0,0,0,0,34,0,0,0,202,0,0,0,71,131,110,0,0,0,103,0,36,0,59,0,0,30,0,0,0,0,0,0,57,0,0,0,0,0,0,0,0,258,0,0,0,173,0,122,0,131,69,0,0,0,0,0,41,0,78,0,59,0,0,90,0,0,0,128,0,0,0,0,97,0,0,81,0,55,0,0,0,87,0,0,0,38,0,27,46,0,0,94,0,0,0,0,0,0,0,0,70,0,0,0,0,103,0,109,0,0,108,95,0,0,41,37,0,68,0,151,0,0,0,0,0,53,0,0,0,285,0,51,63,0,19,40,0,56,33,40,98,0,0,0,0,0,21,0,0,0,0,0,0,0,82,0,0,78,0,0,170,34,0,0,0,112,87,124,61,0,65,0,0,35,0,57,60,0,94,0,50,0,0,0,53,371,0,0,0,34,90,38,0,0,0,0,117,0,37,0,0,171,0,0,0,0,104,41,32,0,0,21,76,0,49,0,0,0,110,0,0,275,0,0,0,65,0,0,0,0,0,0,0,37,105,288,0,0,33,0,53,0,0,53,27,0,0,0,0,244,0,91,0,0,0,0,21,131,74,41,0,0,0,0,466,0,206,0,0,144,301,0,33,0,0,480,237,37,0,0,53,0,0,0,82,803,0,41,0,0,0,0,0,0,50,53,30,55,0,0,0,0,70,219,213,0,131,63,184,109,0,0,0,0,0,0,0,0,0,0,18,196,0,29,126,0,0,197,0,20,90,0,0,0,0,0,0,0,91,0,0,74,0,0,0,113,564,107,92,0,186,57,0,39,85,0,27,18,30,87,0,51,0,407,43,41,0,106,28,54,0,0,0,52,0,0,173,0,27,0,34,41,353,56,39,69,0,29,0,61,0,51,0,246,0,35,106,0,27,125,0,0,58,0,0,46,0,38,0,0,0,0,0,68,30,177,0,0,0,0,0,57,0,77,33,91,0,0,0,0,0,149,20,0,0,0,0,11,0,191,0,113,0,116,47,0,0,0,0,64,0,65,0,36,60,0,0,0,0,134,73,0,0,0,0,0,0,0,0,198,43,0,53,114,168,57,0,41,26,121,92,100,0,0,0,83,212,49,47,0,116,0,26,0,43,86,0,0,51,0,371,75,0,66,87,34,0,38,0,0,44,0,0,142,46,34,0,107,0,0,54,0,0,0,0,139,0,0,0,0,0,0,91,0,0,0,0,0,0,146,0,0,0,65,0,48,0,49,0,0,63,0,46,0,0,73,0,101,0,0,0,8,237,45,0,0,36,99,113,0,0,0,0,0,0,0,0,127,0,65,0,225,0,119,396,0,0,0,414,0,0,0,0,0,101,0,28,0,0,55,0,0,97,55,79,0,0,0,0,0,59,0,0,0,40,0,65,0,0,0,0,40,0,49,0,0,0,129,0,0,0,0,0,0,0,0,0,0,0,56,0,0,96,0,0,0,92,107,0,0,23,71,0,0,0,52,176,0,0,59,0,0,127,0,0,28,35,93,0,64,0,60,0,0,42,73,0,0,0,0,0,0,0,0,0,121,0,63,0,0,0,0,0,62,0,391,0,0,74,0,16,0,0,0,0,30,68,0,110,221,0,0,0,0,0,90,0,97,69,0,46,189,125,123,0,0,0,34,76,0,0,72,0,0,0,102,67,86,29,360,82,0,19,0,0,51,0,0,0,0,0,0,0,0,0,0,0,30,0,19,0,0,0,0,0,0,117,22,0,0,0,0,76,0,0,0,40,117,0,31,0,0,0,76,56,0,410,0,0,53,0,0,0,0,0,0,21,68,0,53,0,117,43,115,0,68,0,0,0,72,63,0,106,0,0,0,0,134,0,284,0,0,0,0,64,0,38,187,0,0,0,0,0,0,0,0,0,0,0,289,0,93,0,0,0,0,0,135,0,70,0,0,0,147,78,0,401,0,21,0,105,0,42,32,0,0,0,0,53,29,39,119,0,0,0,0,0,28,23,36,0,0,0,0,56,0,0,0,61,34,38,0,70,56,25,0,49,49,36,0,0,0,0,0,165,178,81,81,0,45,0,0,93,45,45,95,0,0,77,64,0,0,73,83,0,0,0,0,0,0,0,0,27,0,0,82,0,0,65,0,76,19,67,15,0,0,0,0,0,44,66,0,0,25,0,54,0,0,46,30,0,151,76,0,0,0,235,0,0,0,101,81,32,0,290,15,0,53,111,0,0,49,0,88,0,307,0,385,65,0,0,0,0,0,0,0,39,48,0,124,21,0,76,56,27,0,0,0,0,0,54,0,77,206,115,49,29,0,0,34,0,0,0,206,23,26,0,0,52,0,0,48,41,0,91,218,0,139,0,0,0,53,35,122,88,0,0,63,0,37,0,215,0,48,89,73,115,0,90,0,0,54,68,330,157,35,0,107,0,0,132,0,0,31,0,0,0,0,0,0,37,179,0,18,0,33,0,0,56,0,0,0,0,0,0,0,0,32,0,66,0,0,0,43,26,0,0,26,158,65,160,0,0,310,0,0,241,0,79,109,0,0,0,0,0,34,119,0,0,57,401,0,0,0,0,70,0,0,0,43,0,0,0,0,167,0,51,0,44,124,26,116,0,23,0,0,0,0,55,58,61,76,0,77,0,116,27,54,0,26,28,57,0,0,107,0,0,48,0,0,0,48,72,112,24,0,76,25,269,64,0,46,0,0,0,0,0,0,0,0,26,65,0,55,171,0,0,221,0,0,70,0,0,0,32,17,0,31,0,0,35,0,0,0,0,0,0,0,0,0,0,0,75,0,0,0,0,0,79,0,47,113,0,51,0,39,0,0,0,44,33,25,0,0,0,0,0,0,0,51,0,44,0,0,0,14,106,0,83,0,0,0,0,95,39,0,0,98,64,0,0,0,43,0,48,0,0,50,28,64,0,0,0,0,0,0,0,0,136,73,0,0,52,0,0,139,11,0,0,0,0,38,0,0,102,92,0,161,0,0,815,0,49,0,0,0,0,244,0,82,0,0,61,0,121,38,0,0,0,0,0,0,164,0,0,0,71,0,0,0,115,35,0,0,0,0,0,0,0,40,56,0,0,0,849,0,29,0,0,0,51,211,33,0,0,0,101,0,0,0,27,0,138,0,0,52,188,0,375,33,0,0,0,0,29,0,0,113,0,0,35,55,245,65,0,0,0,0,0,43,0,0,49,0,0,0,0,0,0,14,0,0,0,29,108,0,62,165,29,96,63,0,0,0,0,0,201,0,0,61,0,0,0,158,0,0,40,0,46,0,79,65,59,0,0,0,53,67,0,0,38,0,43,0,0,30,0,0,97,0,86,54,0,0,0,0,189,0,0,0,109,116,50,66,0,40,55,0,0,114,0,0,78,0,0,0,138,0,0,0,0,0,0,0,0,111,54,0,0,0,58,0,81,0,0,0,0,32,115,0,0,0,52,0,0,64,0,0,0,0,0,0,60,0,0,0,45,0,0,0,181,61,0,0,82,0,0,0,0,33,349,0,60,0,0,0,0,0,0,0,151,0,0,0,58,0,0,169,0,0,0,0,170,0,33,0,0,0,0,0,94,0,26,82,0,0,0,0,53,0,0,0,0,0,0,72,0,0,0,0,0,54,0,0,193,59,56,0,23,0,0,24,0,0,62,0,0,0,0,172,0,0,0,0,19,42,0,217,94,0,0,47,0,57,0,0,67,49,0,0,0,0,0,49,0,0,0,0,200,0,0,0,0,77,0,0,0,0,0,115,54,0,0,0,141,0,0,0,0,0,79,0,97,0,0,0,0,0,104,0,0,0,0,91,37,0,40,0,72,0,94,0,31,82,0,40,0,0,0,0,0,63,252,0,0,220,0,0,0,36,53,0,0,95,37,26,0,0,0,0,45,0,39,219,31,0,0,0,0,26,0,0,0,0,0,0,0,0,149,0,0,0,44,0,214,0,0,0,0,38,90,0,30,0,0,0,51,433,0,0,0,35,0,55,0,37,0,0,0,0,0,0,0,0,25,0,0,218,0,0,0,0,0,0,28,0,0,338,0,33,0,0,0,0,0,0,156,0,0,0,0,0,0,0,0,0,0,0,0,18,0,0,59,0,0,61,0,0,90,0,0,0,0,55,28,193,0,0,0,0,0,0,0,25,31,0,0,110,0,0,52,0,0,0,0,0,0,0,0,74,54,31,48,0,0,0,28,0,0,0,0,0,0,0,287,33,0,0,0,0,220,0,0,21,70,0,231,74,0,0,30,184,0,0,0,0,0,18,38,0,0,0,0,51,0,0,0,67,0,0,70,92,65,0,0,0,79,0,0,0,42,0,0,0,0,49,218,0,0,0,0,0,173,0,0,65,43,0,0,0,0,0,0,212,0,0,0,0,0,59,0,0,61,0,0,0,0,0,113,46,0,224,0,0,0,0,0,79,58,23,0,37,187,0,0,78,0,53,0,53,0,0,0,0,0,0,97,84,89,0,0,0,0,0,0,0,68,0,0,95,0,41,0,0,0,0,0,0,0,82,100,0,0,75,0,36,49,0,0,106,0,0,0,0,124,161,0,0,0,0,0,0,0,0,89,96,27,24,26,48,0,0,0,0,0,30,164,0,0,0,0,94,42,0,0,0,29,0,111,0,75,0,0,0,20,0,0,0,0,0,0,0,34,0,0,0,389,0,0,0,0,0,0,147,0,0,26,291,0,0,0,0,0,0,0,0,0,33,0,0,47,0,0,73,53,0,64,0,0,0,0,0,21,0,89,0,0,195,90,0,41,61,0,0,0,35,0,0,0,0,0,0,0,84,62,0,0,0,72,51,0,0,0,0,0,59,0,0,51,0,0,0,0,0,0,29,285,61,68,124,0,0,0,0,28,0,0,0,33,0,205,0,0,55,45,0,0,0,0,0,0,0,0,0,0,0,0,138,130,0,0,57,0,0,0,0,0,0,75,40,0,0,0,0,0,118,38,0,51,0,0,44,0,109,0,0,0,0,68,0,0,0,149,0,0,131,0,0,52,0,0,0,0,0,0,92,0,0,36,0,21,0,63,0,0,296,0,0,0,0,52,0,0,56,0,0,0,0,0,0,0,162,0,83,0,0,92,0,84,113,38,0,0,0,72,0,0,0,37,54,35,115,82,0,0,0,21,0,55,0,59,0,0,73,55,40,0,104,23,0,0,0,0,59,0,0,0,45,83,0,0,41,0,0,0,0,0,53,0,41,35,0,56,0,0,0,0,0,91,0,59,62,0,84,0,29,0,85,76,0,52,0,31,0,83,52,44,64,56,0,0,57,0,0,0,0,0,0,0,0,55,0,202,0,0,0,0,0,0,78,0,83,0,0,0,28,0,0,0,67,39,58,0,108,0,0,65,0,28,0,0,0,0,50,33,47,0,0,0,0,0,0,0,0,0,103,56,0,0,0,0,42,672,0,0,0,28,0,0,137,0,90,0,0,96,0,0,0,60,0,0,105,0,137,40,52,0,0,34,0,0,0,284,0,0,0,0,177,0,159,0,0,54,0,0,0,0,59,0,0,236,0,0,0,33,0,0,112,32,0,163,0,0,0,0,0,0,0,119,0,106,90,0,0,0,53,0,0,71,0,0,141,0,0,0,42,0,0,0,0,0,0,0,0,0,138,0,0,0,321,0,0,0,0,0,0,111,0,35,27,71,0,0,0,42,0,31,0,0,76,126,0,0,0,0,0,0,0,54,161,0,46,36,0,0,0,0,80,0,0,0,0,0,0,0,62,0,0,0,0,0,15,0,44,83,0,0,106,0,0,33,0,0,0,0,87,107,80,0,75,0,0,49,38,0,76,55,0,0,0,32,117,58,0,0,69,0,56,0,0,93,0,151,0,79,0,37,81,0,0,0,0,0,13,0,0,0,0,260,0,0,0,0,0,0,79,0,0,0,610,0,54,108,35,73,0,124,0,37,55,0,0,116,30,109,0,145,0,0,0,0,51,73,76,0,53,0,0,0,58,12,120,0,0,70,0,95,154,91,0,75,0,0,142,0,0,0,0,0,0,0,0,174,0,0,0,0,0,0,0,314,0,0,69,0,0,0,25,46,0,0,0,0,45,0,0,41,86,0,0,52,51,0,0,47,0,48,30,51,0,103,0,0,0,0,0,0,56,0,0,0,0,0,0,0,0,0,0,0,55,30,82,0,0,56,28,0,0,316,0,169,0,0,25,0,0,0,0,0,0,106,0,0,0,0,57,0,0,0,71,0,0,0,0,0,0,0,0,164,0,0,0,0,0,0,0,0,0,0,0,171,0,0,0,0,0,0,0,0,51,0,0,0,0,0,96,0,0,84,0,53,0,0,0,0,0,0,0,0,0,0,0,0,41,0,0,0,97,0,0,0,0,32,0,0,0,0,0,0,0,213,523,0,84,0,0,0,0,21,0,0,0,30,0,0,0,113,0,0,0,0,0,0,0,93,32,0,48,31,0,68,0,0,0,96,0,0,0,0,0,65,0,0,342,0,0,84,0,0,0,61,0,0,0,200,0,0,28,0,0,0,27,20,0,60,0,25,0,68,0,32,230,0,0,218,0,97,0,36,0,0,28,0,0,50,0,0,0,0,0,0,0,0,0,0,0,0,0,116,0,0,0,0,0,0,330,61,0,0,0,52,0,0,0,0,33,0,0,0,31,24,0,0,0,0,0,0,0,0,0,0,0,148,0,0,0,0,0,0,0,0,39,0,0,126,52,0,37,0,0,0,0,0,0,0,37,127,31,0,0
223,0,0,0,0,0,0,0,0,41,0,0,0,0,0,0,237,48,0,0,0,86,0,0,0,0,0,0,0,0,0,0,0,0,0,0,54,0,0,0,0,0,0,0,0,0,0,38,134,0,52,0,60,0,0,0,0,0,0,0,0,0,0,107,0,0,0,0,0,0,33,0,0,0,0,0,0,0,0,0,0,0,0,0,63,0,0,0,0,0,0,0,0,0,0,0,0,0,0,0,0,0,0,0,0,0,0,0,0,0,0,19,0,57,0,0,0,0,0,0,44,0,104,0,0,0,0,0,0,0,0,0,125,0,0,0,66,0,0,0,0,0,42,376,0,0,0,0,22,0,0,0,0,0,0,0,0,0,0,69,58,0,0,55,0,0,0,36,0,0,0,54,0,0,0,0,0,0,47,0,28,52,0,0,0,29,0,0,77,0,0,0,0,33,0,0,0,0,0,0,0,25,49,0,0,0,0,0,0,101,0,41,0,0,0,0,0,0,0,0,33,0,0,0,100,0,0,0,43,0,0,0,0,0,0,0,0,0,53,26,0,29,0,0,0,0,0,0,0,0,0,0,115,29,39,0,0,0,0,0,33,25,0,0,0,0,0,139,0,0,0,0,0,117,0,0,26,0,347,0,0,0,0,0,0,0,0,0,194,44,0,0,0,0,0,0,0,0,0,0,0,0,0,0,0,38,0,0,0,0,0,148,0,0,0,0,0,0,38,0,0,0,0,0,0,42,0,0,0,0,122,0,0,0,0,0,0,0,0,0,0,0,0,0,0,0,0,0,0,45,0,0,0,0,199,0,0,0,45,58,0,0,97,0,0,64,0,101,0,0,0,33,0,0,0,0,0,0,0,0,0,0,0,0,47,0,0,0,0,0,0,0,0,29,0,0,112,0,0,145,0,0,0,0,0,0,0,0,0,0,0,0,0,0,0,0,80,0,0,42,0,0,0,0,0,36,0,0,0,0,0,0,0,0,0,0,0,0,0,61,0,0,0,0,0,0,0,56,0,0,0,0,91,0,63,0,0,0,0,0,0,0,41,75,0,0,0,0,0,0,0,0,0,39,0,0,0,200,44,37,0,0,0,0,0,0,0,0,33,0,0,0,0,74,0,0,0,0,43,0,0,0,0,159,0,0,0,0,0,0,0,0,0,0,0,0,0,0,0,25,0,0,0,97,0,0,0,0,0,0,0,0,0,0,0,0,0,0,0,0,0,69,77,0,0,0,0,0,0,73,0,0,0,0,0,0,0,25,0,0,0,125,0,0,0,0,0,0,0,0,0,0,0,0,0,0,0,20,0,0,28,75,62,0,0,0,110,60,0,0,0,392,0,59,0,0,0,0,0,22,0,0,0,0,0,199,0,46,0,0,0,0,272,208,0,0,0,41,0,0,0,0,0,0,0,0,40,0,0,0,95,0,0,34,0,0,51,0,0,0,0,0,29,0,0,101,0,0,0,82,0,0,0,0,92,0,0,0,0,70,41,0,0,5,0,0,0,0,0,0,65,0,0,0,75,0,0,43,65,0,0,15,0,0,0,0,0,0,0,0,36,0,0,0,0,0,0,0,0,0,0,0,0,0,49,0,0,0,0,0,0,116,62,0,0,0,0,0,0,0,0,0,0,0,96,0,0,47,0,0,41,0,0,0,0,0,0,0,169,0,0,0,66,63,0,0,0,0,61,0,0,0,0,0,0,0,0,0,0,0,0,34,0,0,0,0,0,0,0,63,0,22,0,0,0,76,0,0,0,0,53,0,49,0,0,0,0,0,0,0,0,0,0,0,0,0,0,0,0,0,0,0,0,0,208,0,0,0,0,0,0,0,0,42,0,0,0,0,0,0,0,0,0,0,0,0,0,36,0,90,112,0,0,0,0,0,0,0,0,0,0,0,88,0,65,0,0,0,0,0,0,0,32,0,0,0,166,162,0,248,0,0,0,13,0,0,0,0,0,0,0,0,0,20,64,0,0,0,0,0,25,0,32,0,0,0,0,0,0,0,0,45,0,48,35,53,95,0,0,53,0,0,0,0,0,0,0,0,0,72,41,0,71,0,0,48,87,0,72,0,0,117,0,0,0,0,0,0,0,69,0,43,0,0,0,0,0,0,0,0,0,32,0,82,0,62,0,0,0,35,0,0,0,0,0,0,0,27,287,0,0,18,0,0,0,0,0,63,66,75,0,0,0,0,0,0,0,0,0,0,0,103,0,0,0,0,198,0,56,0,0,0,0,31,0,0,0,0,0,0,0,0,0,0,0,57,0,0,200,54,0,48,0,0,0,36,463,91,0,0,0,0,44,0,38,0,54,0,0,0,0,0,0,0,0,132,0,0,511,48,0,0,92,40,0,0,0,41,0,0,0,0,0,0,233,0,33,105,0,0,0,26,50,0,0,113,396,50,147,0,0,0,0,0,0,0,0,0,0,0,0,0,0,0,178,0,0,0,27,38,0,16,0,0,37,0,0,0,0,0,55,0,45,0,34,0,47,0,0,12,0,0,0,55,0,0,91,0,0,173,0,56,36,0,0,0,43,0,0,0,0,0,20,49,0,0,0,0,0,0,0,0,0,0,0,0,0,87,0,35,0,0,0,45,59,0,0,0,226,0,0,0,69,60,115,39,49,0,74,0,15,0,0,0,55,0,0,0,55,0,0,0,0,0,0,83,127,0,0,42,0,230,0,0,228,0,0,0,0,0,0,0,0,0,0,16,0,0,0,0,0,0,0,0,0,0,0,0,0,0,0,0,0,0,0,0,46,0,0,45,0,0,0,57,0,0,0,0,0,0,0,101,0,51,0,0,59,0,0,0,0,0,0,0,65,0,0,0,0,0,0,35,83,0,66,0,0,0,0,84,0,0,0,0,0,0,171,0,0,0,65,0,0,0,22,38,0,0,0,0,34,0,0,43,0,0,0,0,0,0,0,0,0,0,0,123,0,0,26,53,0,0,59,0,0,0,0,236,0,0,132,0,0,435,0,39,0,0,0,0,318,0,0,75,0,73,0,110,81,0,0,35,0,0,0,56,0,0,0,93,0,0,0,160,42,0,0,0,0,0,0,0,0,0,0,0,0,0,96,0,104,0,32,74,0,0,0,0,0,128,0,0,40,36,0,70,0,0,0,81,0,0,0,0,92,0,0,0,0,0,88,69,0,0,55,53,0,0,0,59,0,44,30,0,0,0,0,0,0,45,0,60,0,0,0,0,0,95,0,110,145,78,93,0,0,0,33,0,0,227,0,0,34,0,0,0,0,0,0,0,0,0,0,54,0,0,0,54,0,0,85,0,0,0,0,47,0,0,0,0,0,0,0,82,41,0,24,0,0,103,0,0,0,192,67,40,44,34,0,0,0,23,113,0,37,309,0,0,0,127,0,0,0,0,0,0,0,0,98,0,0,0,0,0,35,53,0,19,49,0,0,111,0,0,0,61,0,0,87,0,0,0,0,0,0,114,0,0,0,88,37,0,0,0,62,0,0,0,77,0,0,0,40,405,0,115,0,30,0,129,0,0,0,0,9,0,0,220,0,0,51,0,0,0,0,255,0,86,26,88,0,34,0,48,0,0,206,0,0,29,0,0,46,0,21,0,83,0,31,0,0,0,0,0,62,0,0,33,77,61,0,0,0,0,0,0,55,0,67,0,55,0,82,0,0,59,0,35,95,0,183,46,0,0,0,0,0,0,0,0,0,0,0,0,0,50,218,0,0,0,0,45,0,0,0,0,96,0,28,0,0,0,64,0,29,0,0,115,0,48,0,29,0,0,0,136,0,0,0,399,0,190,62,0,0,0,0,165,0,92,0,51,0,0,64,0,0,0,0,0,25,0,0,0,62,60,0,0,102,0,0,0,0,0,0,0,75,0,34,0,0,0,0,0,40,25,68,69,24,63,0,0,0,18,58,80,0,0,35,0,19,0,0,0,0,110,0,173,0,0,0,0,60,37,45,0,0,0,0,32,0,0,0,0,121,0,59,0,0,91,0,0,0,38,0,39,0,0,0,0,0,0,0,0,0,0,0,48,0,0,687,0,0,0,0,0,0,51,0,179,114,0,59,0,0,0,0,0,0,73,36,49,0,0,46,61,0,0,90,0,0,186,0,0,0,62,0,120,24,0,92,0,0,0,0,0,0,121,69,67,0,0,0,0,0,0,0,0,0,31,0,0,38,170,19,0,38,0,0,0,0,0,0,0,0,0,0,102,75,0,0,0,0,78,44,61,74,72,0,415,25,0,0,0,0,38,0,0,127,0,36,0,22,0,20,0,113,0,0,0,114,0,65,46,199,73,0,0,42,85,0,0,0,40,0,0,0,0,90,0,54,23,0,0,0,103,41,0,193,71,0,0,0,0,0,0,0,30,92,0,0,0,0,0,0,50,6,77,42,0,74,0,76,0,498,38,0,0,0,24,73,87,62,0,42,241,0,0,89,47,67,0,58,22,23,0,0,0,0,213,165,63,74,0,0,47,0,0,0,64,0,0,0,0,44,0,0,0,0,0,0,0,55,35,0,42,146,0,94,88,0,0,216,0,0,0,0,85,330,0,56,0,0,0,0,31,0,158,104,72,0,51,107,0,30,0,0,80,0,148,0,0,0,40,111,0,0,0,0,0,0,58,0,196,0,0,0,0,0,0,0,0,0,0,39,72,0,0,0,447,0,0,0,0,0,0,136,0,0,53,246,0,0,33,32,0,0,0,36,0,0,44,12,0,75,0,179,187,0,0,0,0,0,63,29,163,95,184,47,0,120,77,0,0,69,50,42,55,0,0,30,0,0,16,0,0,0,25,0,0,0,143,126,0,0,0,0,0,110,0,0,123,0,0,29,0,0,0,58,48,223,125,40,0,0,0,0,30,27,0,0,69,101,34,83,231,68,45,83,0,0,0,0,0,0,22,0,43,73,0,0,63,0,48,53,0,34,0,0,38,0,116,0,0,34,0,0,0,138,122,0,0,0,45,0,0,95,0,26,0,0,0,0,0,36,80,0,326,93,0,41,0,33,0,0,0,78,0,0,0,0,61,54,57,0,48,0,0,158,0,185,22,50,32,0,131,82,38,0,0,0,0,44,31,177,0,0,0,50,365,42,38,400,57,35,0,0,52,0,0,0,46,72,0,91,0,33,0,0,82,0,0,0,0,0,0,0,14,0,0,0,0,0,77,0,0,58,97,0,0,0,120,0,53,57,0,0,0,0,0,142,0,0,96,0,0,142,0,0,0,0,0,0,48,67,0,120,0,115,15,0,69,0,0,0,0,49,0,83,218,83,92,0,0,104,0,0,0,43,84,0,50,47,47,0,689,0,0,0,36,0,77,120,0,72,0,0,0,25,0,34,11,156,200,77,0,307,0,0,0,44,45,45,0,0,0,127,17,49,66,0,137,94,0,0,0,28,0,0,67,0,0,0,0,66,390,0,0,180,67,42,0,0,0,127,23,0,137,101,0,0,0,0,0,126,0,339,53,0,54,23,86,0,0,0,73,0,0,0,0,347,0,0,106,0,69,0,0,35,64,34,0,0,350,0,33,0,0,105,114,52,95,53,325,0,0,0,29,0,0,0,137,0,401,138,0,0,0,127,46,0,97,0,65,0,164,95,0,57,0,0,0,0,78,0,0,0,0,0,0,0,0,0,0,0,76,35,0,0,127,0,77,36,117,0,49,0,68,53,83,0,0,28,307,0,0,0,56,0,0,0,37,117,0,84,68,0,0,0,0,146,0,0,0,22,0,0,42,0,71,0,0,0,0,48,0,0,151,27,0,229,0,0,55,39,0,54,43,181,184,65,0,93,0,0,95,0,67,194,0,0,0,229,55,86,0,0,38,111,0,0,12,0,202,43,48,0,73,57,64,151,61,0,57,0,0,54,29,26,43,0,114,37,0,0,17,34,0,179,0,0,0,682,0,0,141,0,0,0,0,0,0,81,0,61,1041,0,704,38,87,0,28,82,0,75,63,0,47,0,0,0,61,0,0,137,55,0,43,0,65,54,79,0,80,0,0,120,0,0,0,60,45,0,48,71,152,0,32,0,0,0,0,39,0,0,74,86,0,11,0,57,91,113,0,0,50,0,0,0,72,111,0,0,49,32,0,0,57,43,40,50,91,122,19,56,0,0,0,0,0,0,35,0,0,0,60,0,0,0,0,129,0,0,65,168,0,80,25,0,0,0,323,0,204,0,52,78,0,57,0,0,54,24,174,26,27,90,0,171,0,86,0,0,58,51,0,0,37,40,0,0,304,60,0,35,0,0,130,0,0,0,0,0,334,0,45,0,0,0,75,0,0,62,0,0,0,35,92,92,0,0,124,0,0,0,0,0,20,0,0,317,0,77,0,63,0,0,0,0,0,0,38,0,32,0,0,47,0,0,41,0,57,143,36,344,0,113,0,107,176,55,203,0,90,63,115,0,88,138,71,0,0,0,0,55,42,0,216,0,0,64,71,132,65,0,151,0,70,0,0,0,0,0,30,121,0,437,63,0,383,0,0,43,37,0,0,0,305,0,0,0,102,0,0,82,0,0,0,0,0,32,40,75,135,94,69,0,196,54,78,0,59,0,97,0,0,0,171,45,184,0,0,56,0,62,270,0,0,0,48,213,258,0,0,29,0,0,0,555,80,0,0,37,0,0,39,0,0,0,0,82,0,58,0,0,86,0,0,76,32,0,0,0,39,0,209,0,0,0,0,0,0,0,40,157,0,77,159,65,37,25,32,0,0,53,43,0,0,0,237,27,0,32
224,0,47,55,135,79,172,76,0,223,33,865,96,71,68,753,527,717,66,102,72,802,232,145,198,425,43,50,222,0,80,0,170,0,92,249,377,28,313,470,339,108,93,100,695,0,129,128,904,44,302,112,322,430,73,695,59,58,0,106,0,461,377,559,105,117,175,63,65,124,1001,42,105,69,44,562,225,44,596,55,261,45,87,447,915,155,91,42,169,103,776,207,117,379,374,88,197,0,121,80,0,50,59,267,0,77,286,86,166,174,751,152,242,525,260,164,134,766,51,47,1006,77,937,129,74,119,52,119,188,57,340,0,1135,139,185,141,471,151,196,121,336,178,321,813,0,56,224,152,125,554,36,61,390,172,491,199,66,131,92,484,335,175,71,333,252,251,143,69,466,797,626,495,138,251,43,118,101,147,474,247,120,488,0,127,62,208,217,1398,556,0,32,43,253,210,284,0,215,114,50,345,55,193,270,129,1508,75,125,115,102,338,558,320,59,272,76,301,119,221,54,56,324,497,171,0,1031,0,0,216,777,57,199,83,52,164,31,30,56,237,598,111,71,203,136,208,191,0,475,0,150,61,182,167,1011,117,321,118,283,0,148,224,542,327,228,78,162,0,49,947,480,1251,111,53,338,877,131,245,141,108,1733,588,168,41,280,596,165,134,96,1156,4067,392,204,103,923,70,105,121,67,210,222,132,160,71,272,141,65,979,560,610,81,373,299,963,410,32,52,135,242,721,201,115,132,120,68,161,746,299,113,259,30,117,786,0,267,206,257,229,87,0,90,274,70,202,91,213,281,129,28,51,380,2144,707,352,57,586,1231,52,177,319,706,560,112,203,298,87,244,640,1362,503,165,140,451,142,213,219,274,403,494,26,0,563,232,135,87,140,131,1753,232,270,181,50,89,91,1773,95,254,137,1238,126,508,503,32,146,544,0,118,203,124,94,155,60,664,0,179,79,32,56,441,239,488,704,60,289,247,89,322,358,203,264,501,78,0,0,125,85,505,68,145,187,96,464,80,0,1282,377,690,373,728,194,109,114,60,0,326,0,305,124,139,146,0,61,692,112,438,447,78,160,149,209,51,48,153,98,749,247,253,171,352,665,721,234,376,133,398,469,419,32,24,182,366,820,435,138,128,541,151,202,703,380,559,80,0,566,109,1629,392,305,482,321,152,40,353,148,71,155,92,86,799,107,224,491,459,134,672,723,289,36,239,163,545,92,129,0,0,30,283,212,71,20,0,549,87,332,628,59,86,42,296,192,191,808,504,242,92,238,273,125,48,143,318,191,398,1049,0,130,217,1284,155,83,61,128,699,470,67,0,73,155,0,581,49,188,577,492,189,66,721,61,364,1516,198,62,192,1351,0,306,98,0,36,370,79,165,60,118,222,179,85,418,160,431,181,219,58,62,615,787,297,77,266,354,0,252,93,96,0,0,194,69,261,85,0,452,490,64,51,160,68,130,210,213,66,0,56,40,559,0,66,877,42,219,71,573,590,98,47,213,1587,0,151,308,172,492,201,177,150,33,136,419,155,271,142,159,508,54,419,138,926,139,230,175,520,96,57,123,218,197,415,84,154,107,392,0,544,117,212,38,136,125,658,81,581,33,0,226,0,270,293,157,178,207,310,272,81,613,623,43,90,85,45,75,892,138,1191,244,303,2149,854,516,460,286,0,43,348,282,112,0,288,44,41,127,887,287,397,162,4281,437,0,258,51,51,206,25,83,152,94,68,414,69,45,173,0,74,126,229,102,228,45,470,26,136,56,601,379,372,136,96,0,700,183,110,167,103,320,158,340,93,0,52,323,228,255,972,0,0,89,123,51,122,0,179,252,194,206,151,190,119,740,172,425,253,241,83,98,0,706,942,81,751,116,92,168,223,427,0,743,155,65,117,188,128,52,430,883,55,49,176,59,37,353,162,91,27,0,154,985,69,481,245,41,233,212,168,439,98,243,88,60,0,900,600,131,705,158,219,86,850,105,209,130,0,74,70,49,119,42,164,567,487,113,78,0,151,176,176,374,85,128,221,0,434,0,70,203,577,102,228,514,307,981,148,85,154,153,886,0,184,0,106,78,562,631,729,515,124,120,134,110,1364,323,345,394,0,399,326,206,83,102,242,303,122,121,139,138,86,64,66,138,137,175,306,409,68,79,256,81,233,60,349,34,241,99,154,312,36,229,487,161,60,177,99,784,111,141,127,280,143,588,255,62,439,217,1353,117,116,35,428,265,165,35,1189,103,0,161,608,48,66,289,437,1102,181,1575,69,2898,362,132,99,148,0,115,57,57,236,176,101,366,110,41,444,252,327,926,301,151,242,0,168,113,607,1564,589,267,231,72,115,236,98,140,0,767,349,151,50,85,237,127,96,129,384,43,396,2078,165,509,118,380,201,186,171,560,586,253,57,256,0,184,146,863,31,282,263,360,353,0,968,209,300,351,825,1932,493,750,48,583,291,81,512,55,160,134,201,75,117,0,345,0,210,1328,118,53,70,334,101,166,554,108,345,171,126,145,160,37,122,349,152,293,0,115,242,249,136,0,204,211,519,110,641,71,222,1243,161,0,1407,147,463,440,114,124,0,87,268,310,704,0,96,267,2549,53,102,67,342,330,55,161,57,169,94,157,87,201,742,330,257,191,226,368,259,448,0,194,208,648,68,98,217,599,648,867,250,618,47,462,170,461,46,104,165,643,42,264,628,400,98,170,114,0,110,174,639,826,245,130,371,85,1380,536,0,733,126,56,176,51,75,47,102,83,63,515,0,140,282,134,67,1204,106,90,252,440,77,133,143,44,240,212,128,0,225,110,78,169,87,29,516,27,0,84,359,187,179,220,0,0,142,78,441,78,180,275,70,275,66,261,0,62,75,154,73,371,0,288,0,69,269,57,216,172,102,241,42,53,86,86,596,716,724,0,107,0,41,680,200,140,87,674,227,167,135,154,130,0,101,234,38,253,225,113,157,0,0,207,131,91,363,84,914,247,40,55,286,111,197,405,498,90,51,287,60,195,133,63,488,311,162,935,52,0,4060,115,429,0,186,141,123,1590,44,140,185,91,217,75,280,264,67,59,69,155,70,114,583,56,89,78,524,107,199,0,341,354,156,87,0,108,141,76,144,137,514,38,0,142,1889,770,118,1039,92,146,316,347,147,118,198,52,899,175,132,106,221,52,1251,79,356,247,1194,0,815,411,0,644,88,0,0,81,69,713,177,118,155,278,503,174,665,48,553,50,118,579,0,142,299,274,159,274,167,0,81,255,194,266,0,301,521,69,821,535,142,280,349,130,111,550,133,0,822,0,45,361,33,117,57,265,72,155,565,245,156,86,546,156,276,158,189,0,531,344,93,79,255,164,259,104,129,187,401,0,232,294,393,621,131,164,94,55,343,121,66,96,722,797,289,311,165,205,132,20,116,543,98,221,507,85,0,124,293,123,167,67,94,40,166,26,0,172,611,181,40,95,294,153,500,53,116,298,100,51,478,0,75,78,232,139,21,358,99,50,52,95,0,44,401,0,149,0,709,240,89,39,555,594,107,116,297,226,167,0,115,158,804,0,768,0,102,187,246,41,110,150,501,124,135,186,1609,0,0,624,153,0,162,118,771,54,169,200,147,184,0,0,380,21,82,1419,0,247,168,115,140,311,50,134,123,257,69,476,88,122,0,78,55,174,46,184,586,839,196,50,102,174,133,99,74,316,166,133,49,114,94,616,151,96,134,56,91,213,46,574,484,233,112,168,63,270,59,57,234,143,146,305,371,66,344,543,202,186,125,151,930,58,47,196,124,511,64,151,0,28,58,1391,220,128,112,0,624,255,232,101,174,50,287,68,714,0,84,24,880,115,1771,308,248,110,53,279,485,90,289,118,360,139,266,204,192,246,43,170,54,280,61,232,33,306,754,0,0,1371,117,0,60,259,209,74,100,567,163,91,0,0,95,53,326,213,266,967,227,280,290,0,61,130,71,178,464,0,59,133,0,135,494,29,39,254,855,65,388,80,117,76,75,580,695,325,429,136,33,841,260,1479,82,89,49,442,74,420,149,140,259,139,88,40,95,102,68,0,160,66,138,742,124,125,53,0,25,66,99,397,33,1220,48,173,174,0,85,150,184,0,342,201,0,220,118,93,230,307,318,0,342,114,125,120,51,179,207,186,76,258,36,9,965,53,149,93,172,261,616,385,153,374,111,87,63,116,78,357,458,157,188,540,78,156,133,47,114,91,97,125,150,0,300,185,151,284,565,221,193,205,143,62,64,44,187,76,398,246,699,59,209,242,121,83,1070,141,47,141,420,0,371,264,0,97,97,696,206,267,0,368,124,177,74,126,68,158,235,659,23,98,0,335,228,257,392,180,258,75,50,126,578,50,0,197,188,91,51,81,121,497,643,56,275,318,101,42,1399,48,170,1474,59,115,0,71,119,149,49,909,212,1039,0,204,85,149,0,48,431,94,316,336,159,146,319,183,198,1586,316,298,0,124,199,197,655,492,222,213,864,52,45,575,262,368,104,451,502,167,43,0,88,131,619,524,448,878,166,45,218,0,34,39,277,71,36,334,0,533,0,105,1189,77,0,37,0,113,263,129,80,369,176,572,391,52,92,650,151,68,57,50,882,1907,75,135,49,94,103,0,261,164,437,980,192,255,359,329,76,60,0,98,361,154,612,45,190,58,344,199,263,400,56,56,468,22,307,0,314,27,176,70,190,59,47,321,871,51,40,90,877,260,133,43,2289,65,99,38,0,0,0,516,132,115,341,1506,77,18,203,0,109,388,234,123,117,138,272,115,240,211,51,302,270,32,117,159,91,50,125,200,268,293,678,86,90,1722,311,215,132,177,113,206,0,109,78,87,77,92,216,118,157,317,212,0,57,0,714,305,130,0,40,41,272,463,116,312,221,0,50,99,0,111,159,208,1244,370,865,334,0,0,67,44,62,201,163,53,433,620,860,296,404,413,398,401,113,149,0,44,186,115,116,56,142,140,82,531,941,27,193,176,51,212,0,69,158,88,324,178,911,83,138,306,182,332,237,0,250,107,151,153,117,469,186,250,144,0,231,218,72,222,383,167,611,335,52,238,369,119,139,50,299,457,0,506,83,0,343,172,178,138,199,74,43,1082,0,630,130,175,140,71,292,166,173,0,177,35,67,150,79,466,68,198,0,69,1652,197,212,1214,165,162,0,177,205,77,168,25,175,468,209,432,286,107,65,43,197,109,229,217,218,71,56,154,178,175,36,348,110,148,588,51,0,78,446,0,197,130,364,86,152,340,75,0,44,0,99,229,48,342,702,57,445,547,37,79,22,0,213,0,238,170,202,563,74,463,79,160,437,66,410,381,90,280,315,448,779,171,505,57,45,211,191,131,75,133,503,56,139,270,133,95,1971,250,0,173,250,91,441,157,181,948,172,279,56,126,38,385,52,563,767,201,88,1099,0,0,110,185,148,163,28,0,51,215,185,147,337,78,1100,236,38,0,0,79,41,214,159,90,69,199,59,94,2288,115,72,1525,151,236,57,294,83,749,250,51,435,288,79,72,262,33,0,330,61,550,202,169,140,63,123,47,74,49,958,248,0,85,0,607,40,131,466,611,432,25,48,128,119,245,95,0,726,0,89,93,63,1031,424,639,507,217,463,57,66,96,56,101,207,103,340,0,1685,366,77,81,76,371,333,59,195,124,127,413,298,299,64,121,126,217,100,53,164,89,138,29,88,222,334,309,0,645,43,0,182,77,0,312,425,46,120,125,398,156,135,0,282,184,124,37,81,329,2908,150,37,69,309,131,180,70,137,832,77,183,256,56,188,103,215,462,110,28,89,48,91,64,98,171,152,48,142,163,0,174,289,174,167,79,133,369,0,96,286,117,199,149,242,955,303,376,158,194,90,61,149,131,233,1382,282,0,0,1036,154,225,429,57,171,214,142,184,37,87,1887,200,666,127,390,278,269,225,459,0,157,152,59,495,250,180,157,88,1183,243,194,55,86,113,0,758,39,56,77,1508,51,76,386,276,100,179,287,38,211,578,145,168,1651,73,993,192,650,83,103,694,72,244,214,270,266,284,28,57,187,263,0,302,290,59,240,0,572,305,454,41,214,243,75,295,26,58,180,113,282,117,124,672,426,81,225,0,0,178,84,379,458,121,131,502,56,77,53,91,571,603,30,51,148,494,79,121,182,304,73,0,301,291,92,73,695,198,243,330,450,515,431,300,0,131,50,0,54,430,56,252,126,0,308,193,74,91,51,624,79,406,299,386,163,245,272,219,0,60,1333,268,978,74,367,148,40,177,154,44,177,209,811,459,103,678,322,644,0,156,0,332,154,65,100,104,149,99,64,159,837,547,86,297,68,62,277,295,0,0,97,96,1209,115,164,0,69,123,170,240,299,194,131,363,109,200,293,994,72,75,1317,285,313,140,156,179,73,21,82,629,33,262,0,216,103,179,130,57,97,444,71,56,105,210,277,172,347,40,223,51,189,387,1419,2220,197,419,196,242,586,85,516,52,375,235,198,113,423,317,419,418,141,92,0,340,209,0,469,435,32,249,252,261,775,107,352,97,550,49,89,37,201,110,242,657,0,2335,255,48,886,0,0,107,264,47,183,236,1308,58,0,175,518,27,48,479,0,0,237,0,233,67,270,476,235,1804,316,36,798,132,524,77,344,0,385,173,72,79,323,61,506,76,79,213,82,365,566,106,86,587,188,734,525,135,61,139,134,95,46,1532,403,45,55,261,276,161,168,0,87,130,49,142,156,310,119,20,334,0,0,661,235,150,433,93,169,55,1645,52,51,63,28,0,32,43,186,653,0,188,380,690,91,243,119,45,70,210,187,164,70,266,1432,68,52,181
225,0,28,0,58,45,108,0,0,143,0,99,0,0,0,62,529,183,0,0,0,418,0,93,26,142,0,0,0,41,0,0,72,0,44,177,253,0,58,294,43,56,45,0,80,0,0,104,572,0,112,35,28,101,0,335,58,0,0,0,0,80,89,388,0,0,48,0,0,0,323,0,0,0,0,214,52,0,444,0,58,0,0,112,0,0,0,0,0,0,344,0,76,83,128,0,49,0,50,0,0,0,0,103,0,0,33,0,51,79,135,106,0,112,97,0,0,61,36,0,39,0,179,0,0,66,0,0,34,0,0,0,79,0,41,0,262,87,0,0,75,27,156,217,0,0,0,0,0,0,0,63,0,0,126,90,49,95,0,0,333,100,0,61,58,39,0,20,153,0,110,214,0,28,0,0,0,43,255,21,0,277,0,0,0,53,46,129,163,0,29,0,75,45,106,51,0,68,0,97,0,141,86,0,156,0,0,0,29,268,0,63,56,0,65,148,32,52,0,0,97,116,0,0,87,20,0,146,390,0,52,0,0,0,27,0,0,0,161,0,0,30,0,0,45,0,0,8,34,0,89,0,67,50,94,32,67,0,0,47,387,197,87,0,0,0,0,237,0,317,0,0,120,109,120,90,54,0,370,192,122,0,82,0,0,73,0,105,1381,62,0,42,257,49,0,75,0,68,0,71,28,0,0,0,19,346,79,263,0,78,53,325,0,0,0,77,0,183,69,37,0,0,0,0,67,65,56,212,0,0,254,0,70,79,0,74,0,26,0,0,0,0,0,75,126,0,0,0,61,756,287,157,0,101,282,0,0,0,116,114,0,84,184,0,104,104,587,98,60,0,86,44,0,31,49,62,137,0,0,80,0,27,74,36,55,362,109,102,65,0,57,0,495,0,33,0,682,0,95,140,0,28,273,0,0,90,55,0,0,27,82,0,107,27,0,0,298,123,225,130,0,63,90,0,94,69,75,52,125,0,0,0,45,0,79,0,0,0,43,119,0,0,178,81,147,0,400,94,28,60,12,0,132,0,117,0,0,0,0,0,97,15,27,97,0,12,0,37,0,42,0,31,460,67,84,60,126,334,109,96,106,0,153,231,0,0,0,124,63,132,82,95,0,90,0,13,146,51,70,22,0,87,0,892,65,31,318,57,0,0,0,43,32,0,0,35,282,56,62,116,154,0,126,237,0,0,49,78,72,48,41,0,0,0,42,45,0,0,0,149,0,103,216,0,47,0,138,0,94,142,89,70,0,91,0,0,37,58,0,66,81,173,0,93,54,43,0,0,0,52,40,349,0,0,0,33,0,269,0,30,250,319,133,0,188,0,272,605,77,0,0,867,0,104,0,0,0,125,0,0,0,56,33,0,0,303,92,231,47,49,0,36,234,291,126,21,80,125,0,96,0,0,0,18,58,0,124,0,0,87,302,0,0,92,31,0,46,66,0,0,0,0,202,0,0,436,0,55,37,338,132,65,44,79,503,0,86,50,84,265,126,32,0,0,0,239,77,47,42,149,197,23,220,0,247,0,33,99,182,0,0,50,58,81,123,36,72,0,82,0,282,0,50,0,46,50,153,0,281,0,34,0,0,79,154,69,43,87,124,118,0,229,299,0,0,0,0,51,228,56,226,96,47,670,237,251,185,24,0,0,144,124,43,0,131,0,0,63,315,161,96,47,889,195,0,118,0,0,101,0,0,97,52,0,87,0,0,60,0,0,30,81,67,28,0,96,0,80,39,143,190,51,67,0,0,379,0,0,0,43,240,78,76,40,0,0,199,102,60,294,0,0,33,42,0,0,0,0,27,44,78,84,81,0,284,145,57,62,149,36,0,33,215,293,68,123,53,0,0,45,180,0,338,69,20,0,66,74,0,211,203,0,44,55,0,0,129,41,0,0,0,0,530,52,133,106,0,0,55,0,183,0,198,0,0,0,307,170,48,456,54,67,42,273,0,117,33,0,0,0,0,26,35,46,264,172,39,37,0,31,61,101,112,52,107,165,0,159,0,41,0,146,0,44,0,180,136,0,52,51,69,135,0,0,0,0,26,551,530,274,91,0,0,35,45,534,253,54,179,39,54,127,52,66,0,55,66,0,41,51,0,36,35,0,42,0,52,116,0,33,0,90,47,0,0,90,43,60,0,0,65,0,0,300,69,0,0,43,229,49,69,0,103,0,79,0,0,135,77,357,25,45,0,32,0,0,0,388,0,0,36,118,0,0,43,72,622,0,948,0,496,184,31,52,86,0,0,0,0,40,0,0,28,39,0,98,76,0,290,104,46,111,0,0,0,155,600,272,82,0,43,56,48,124,64,0,81,80,0,0,48,101,0,0,138,96,0,118,648,112,0,0,152,85,76,0,111,145,33,0,49,0,60,0,420,0,99,83,118,319,0,301,82,0,44,201,1397,154,275,77,128,128,0,85,41,0,115,88,0,0,0,123,0,0,516,40,0,0,92,0,49,68,59,169,61,0,65,23,54,0,90,55,104,0,44,0,81,33,0,38,0,503,56,106,0,75,134,80,0,647,50,222,167,44,0,0,0,0,104,156,0,0,29,582,0,31,0,147,56,30,69,46,30,0,43,0,26,768,32,139,95,0,67,107,128,0,0,0,142,0,44,49,220,36,302,70,206,0,61,0,120,0,151,45,228,17,85,209,0,22,63,0,0,0,47,82,388,77,0,195,64,876,81,0,253,0,0,68,0,94,0,0,46,0,191,45,38,144,41,0,200,0,0,0,90,57,46,53,25,75,35,0,42,119,40,0,101,0,0,222,0,0,53,231,139,59,71,0,0,86,0,158,0,107,0,0,33,0,115,0,0,0,39,0,0,0,74,0,0,85,0,47,157,27,185,0,0,31,0,55,185,69,0,0,32,0,155,31,0,31,72,27,0,29,74,43,0,36,71,0,100,78,0,95,0,21,46,0,0,200,0,170,0,0,46,96,30,50,86,264,0,40,201,0,55,0,0,299,132,55,154,23,0,1261,0,161,0,70,0,28,176,0,59,116,50,175,0,110,140,0,0,59,67,0,0,152,0,65,0,124,0,113,0,109,153,0,32,0,31,55,0,18,0,63,24,0,0,1243,286,46,582,0,46,174,152,42,0,104,0,174,25,36,56,108,0,310,0,64,49,399,0,44,61,0,289,0,0,47,0,0,197,135,36,61,96,36,0,210,19,137,0,97,225,0,38,0,37,45,76,91,0,104,27,105,75,0,139,114,46,321,158,97,87,109,62,0,109,0,0,282,0,29,131,0,35,0,157,0,42,76,88,30,0,231,41,0,106,120,0,73,199,0,0,61,44,58,0,0,103,0,0,152,167,188,242,61,100,32,42,142,82,33,13,324,228,173,0,0,68,0,0,88,182,0,49,484,29,0,0,112,43,41,22,28,0,67,0,0,170,181,81,0,35,165,89,123,43,68,99,44,71,342,0,0,0,105,65,0,151,40,0,0,56,0,0,184,0,62,0,143,133,0,0,188,225,0,0,261,70,54,0,34,43,604,0,219,0,48,96,83,0,0,35,171,0,65,56,147,24,0,219,28,20,0,71,260,0,76,29,131,17,70,0,167,0,0,685,0,127,56,0,39,144,0,46,0,85,41,331,0,29,0,0,0,106,0,76,287,126,101,0,35,0,60,68,0,32,57,77,45,76,39,374,67,65,61,0,43,85,0,277,189,115,0,0,0,199,38,0,105,168,44,70,42,0,49,110,98,0,42,55,367,0,24,35,0,288,0,0,0,0,0,243,92,94,0,0,360,80,60,0,51,0,36,31,193,0,0,0,355,0,428,83,0,25,0,128,147,0,46,0,121,90,128,39,103,74,0,0,0,88,0,18,0,54,231,0,0,469,0,0,0,45,173,0,52,301,118,47,0,0,0,0,138,74,56,801,61,38,134,0,0,99,0,69,49,0,0,76,0,70,0,0,0,138,255,26,130,27,60,0,0,197,120,0,81,38,0,192,142,204,0,0,0,293,0,187,45,90,67,0,55,0,0,12,33,0,102,0,0,212,0,42,0,0,0,0,71,200,0,998,0,47,23,0,13,0,86,0,249,298,49,131,42,50,0,0,183,0,188,111,57,0,0,0,224,43,0,131,0,0,118,0,129,66,133,160,365,342,68,237,148,97,21,39,72,164,225,218,165,343,0,102,74,0,0,36,0,49,80,0,75,92,54,136,75,120,45,93,58,0,27,0,110,0,39,138,576,30,0,54,72,33,717,72,0,85,116,0,111,199,0,32,153,622,0,72,0,479,53,58,0,74,27,123,73,104,0,26,0,164,36,183,205,62,347,0,0,63,88,0,0,93,84,59,0,77,0,92,362,23,0,237,0,0,736,0,0,617,36,0,0,0,95,100,0,727,161,335,0,145,0,86,18,37,146,53,230,102,67,203,203,35,162,644,229,30,0,0,74,127,244,124,0,148,126,0,0,320,126,152,61,298,0,91,0,0,59,0,286,367,367,0,65,10,0,54,0,0,129,0,0,165,0,52,0,0,67,52,0,15,0,82,223,0,85,198,0,407,95,0,0,345,0,0,0,41,110,992,0,164,56,91,0,0,130,66,66,485,0,71,98,185,0,55,0,47,0,87,526,0,0,0,22,128,0,42,0,0,217,0,260,0,395,39,134,0,77,0,0,0,69,0,43,74,303,51,136,0,1354,0,41,0,0,0,0,450,101,124,38,1161,0,0,0,0,42,52,55,119,69,85,71,72,64,49,0,94,104,0,67,47,0,0,86,80,161,61,194,57,0,321,150,74,66,131,99,82,0,53,46,66,0,0,87,32,0,156,58,0,0,0,395,87,0,0,48,0,48,104,0,57,86,0,14,96,0,37,0,110,229,171,0,62,0,0,25,0,106,0,0,0,61,153,191,68,156,127,64,39,0,0,0,0,0,0,69,0,29,62,0,153,373,0,87,196,22,84,0,0,0,0,79,54,349,43,98,40,26,440,68,0,70,42,0,0,50,174,0,35,43,0,127,33,0,0,209,57,313,165,0,53,76,87,0,0,93,228,0,248,32,0,45,0,44,41,0,0,0,339,0,170,0,60,47,34,153,266,86,0,0,0,86,0,0,263,0,43,0,37,512,38,72,363,68,63,0,54,72,0,57,0,83,179,96,150,150,180,0,0,49,56,42,97,25,0,0,34,49,0,0,75,0,53,0,0,0,202,71,0,208,35,176,0,63,84,0,25,0,0,0,210,0,72,64,0,202,189,0,0,0,0,117,0,227,195,40,141,51,36,36,56,130,0,91,76,36,95,127,43,158,327,0,22,0,120,68,0,0,33,201,35,0,54,49,0,150,0,0,0,51,0,108,320,52,211,58,98,12,60,0,169,0,212,330,217,0,321,0,0,143,57,150,62,45,0,25,73,74,0,110,0,150,44,0,0,0,0,17,63,124,0,0,0,0,65,743,0,0,801,85,63,0,168,0,245,159,0,107,65,0,0,160,0,0,253,0,286,131,67,0,53,64,0,0,29,493,103,0,0,0,314,0,146,135,177,225,0,0,50,86,57,42,0,679,0,55,77,57,425,182,214,133,82,478,29,0,71,60,39,0,0,217,0,140,218,39,0,0,58,78,0,97,0,49,134,0,149,55,53,67,82,44,0,24,43,0,0,0,186,151,111,26,288,52,0,127,0,0,136,201,0,77,84,260,66,0,0,72,64,84,0,0,118,1187,98,0,24,99,34,50,48,85,306,40,98,119,60,0,46,115,314,44,0,0,0,73,46,56,94,69,0,44,47,0,62,75,64,157,0,0,361,0,56,120,0,126,77,75,238,153,146,59,126,0,44,75,57,0,558,195,0,0,369,100,43,61,0,58,160,71,114,19,59,819,70,208,38,163,107,171,196,63,0,95,91,0,311,43,68,30,28,412,67,96,0,0,0,0,275,0,0,0,1045,0,58,227,219,108,71,239,0,78,250,65,36,635,0,268,102,190,0,71,474,26,30,0,186,78,55,0,0,111,0,0,225,112,0,151,0,74,105,90,29,127,0,0,50,0,0,80,75,75,50,0,234,398,50,111,0,0,99,0,129,372,35,104,175,0,37,0,70,146,135,0,0,0,202,0,36,65,156,0,0,142,203,46,37,417,98,75,163,213,69,0,85,0,75,0,0,0,178,0,63,73,0,0,134,0,0,0,213,0,149,86,127,88,145,132,208,0,0,530,134,533,0,181,64,0,69,41,0,48,73,321,230,51,420,113,224,0,86,0,91,72,23,35,0,98,64,39,0,251,150,50,173,29,0,109,77,0,0,71,35,485,57,54,0,0,38,104,107,89,115,77,110,47,120,141,437,47,0,323,50,141,50,57,33,32,0,36,306,0,178,0,45,25,111,50,0,51,108,56,0,0,60,123,64,106,28,62,0,58,153,415,1461,54,251,61,122,345,36,183,0,207,81,47,51,196,199,170,131,52,0,0,117,50,0,204,203,0,143,104,55,285,53,218,63,234,53,0,0,69,66,88,525,0,799,134,22,378,0,0,109,75,0,152,97,1212,0,0,62,409,0,0,146,34,0,104,0,159,0,119,132,109,474,110,0,340,0,202,0,194,0,251,102,0,38,0,29,230,0,0,107,37,158,328,33,0,179,112,506,211,80,29,52,68,0,0,634,162,0,0,83,153,61,93,0,62,97,0,48,105,86,34,0,198,0,0,376,82,43,187,52,95,0,868,15,0,32,0,0,0,0,49,163,0,72,92,404,34,109,48,0,34,121,66,40,0,166,553,42,0,67
226,0,27,0,79,57,114,94,0,67,0,288,0,0,0,487,371,271,0,58,0,260,159,99,69,112,0,34,0,0,21,41,72,0,76,224,239,0,101,274,210,81,75,56,401,0,114,57,220,0,308,71,132,202,65,318,39,0,0,36,0,119,106,163,0,119,225,66,0,27,560,0,39,0,0,565,119,0,605,57,173,0,55,158,293,0,52,0,114,0,379,45,108,130,174,51,90,0,35,41,0,34,45,164,41,0,174,46,171,80,239,54,84,128,270,104,65,361,53,0,226,60,129,37,0,24,49,0,67,0,230,0,289,0,110,160,212,130,135,112,135,103,84,240,0,23,156,48,134,132,0,47,94,0,193,150,21,177,59,114,217,63,25,119,143,29,88,0,153,171,275,131,99,93,30,60,55,124,186,61,0,121,0,40,52,116,80,516,310,0,20,0,141,75,71,37,139,34,0,176,45,91,118,0,444,37,91,45,30,183,159,187,53,184,31,236,100,94,0,0,160,227,0,0,266,0,0,146,431,37,119,0,0,89,24,0,68,87,154,47,0,87,48,47,53,0,207,0,59,27,50,64,248,59,285,45,97,0,0,119,390,308,170,54,83,14,0,540,170,323,57,22,190,257,134,73,127,34,1296,192,144,0,126,122,195,96,52,358,1936,211,65,48,280,0,0,61,0,96,50,120,38,33,86,48,42,555,209,199,0,120,86,571,45,0,0,88,75,335,118,66,49,41,0,0,133,158,50,132,0,0,477,0,116,59,73,131,0,0,34,79,0,71,0,141,118,0,0,0,112,236,556,71,0,171,301,17,36,0,514,81,76,0,126,0,0,399,501,164,67,70,113,38,36,40,117,243,151,0,0,186,41,0,52,59,0,719,77,178,82,0,51,0,768,24,71,0,565,94,86,171,0,0,233,0,35,0,73,85,49,58,112,0,62,32,0,53,241,166,167,245,0,214,118,44,108,148,79,101,154,0,0,0,90,0,92,0,35,102,34,215,0,0,161,161,232,160,446,39,0,57,0,0,117,0,145,58,0,0,0,51,214,51,233,87,0,47,0,92,40,0,55,63,473,126,162,54,185,430,199,125,145,37,146,0,94,0,0,72,88,340,167,78,0,125,47,44,245,106,159,44,0,186,37,0,148,132,195,89,54,0,82,70,0,36,0,0,182,34,89,142,125,70,215,426,126,0,102,116,255,0,0,0,0,0,140,45,18,0,0,210,0,242,372,33,42,0,0,0,121,336,144,160,42,111,49,66,0,45,29,98,207,425,0,69,85,158,53,0,0,45,123,195,0,0,41,58,0,454,0,56,170,179,101,0,412,0,244,363,120,0,0,569,0,148,0,0,0,152,0,0,45,0,98,40,0,110,41,58,54,47,0,51,164,236,120,0,78,113,0,99,0,32,0,46,71,0,101,49,0,107,148,0,17,36,0,57,120,79,39,0,0,0,91,0,0,330,0,85,29,0,278,66,0,34,828,0,101,60,150,163,138,76,105,0,0,117,0,0,0,84,227,61,115,25,259,29,40,46,264,0,33,40,143,82,201,20,0,0,92,0,176,0,98,0,30,0,196,0,614,0,32,62,0,0,140,0,0,132,45,80,0,312,276,0,0,45,0,0,205,79,249,109,119,1607,267,235,97,58,0,0,175,105,0,32,59,0,0,0,198,94,178,0,1181,117,0,126,0,0,147,0,50,61,49,0,0,36,0,88,0,43,0,105,40,62,0,133,0,0,0,200,176,96,0,0,0,211,29,0,34,117,99,29,35,0,0,0,219,45,0,523,0,0,99,38,0,0,0,75,40,52,83,47,0,0,445,65,104,61,110,0,0,31,151,155,0,299,0,0,0,91,140,0,325,0,51,0,39,60,0,224,426,0,0,54,30,0,92,89,0,0,0,0,394,0,152,0,0,98,76,0,161,0,78,0,0,13,586,174,0,386,0,64,22,170,32,134,34,0,0,0,0,60,0,60,151,105,0,0,0,43,43,67,65,0,71,132,0,64,0,40,104,164,0,49,77,119,164,36,47,105,102,294,0,84,0,18,0,428,634,274,154,45,151,38,104,532,207,104,158,22,126,187,94,85,33,172,190,0,38,0,67,0,24,37,51,50,90,80,205,0,58,141,0,225,0,367,36,134,73,96,129,0,99,304,125,0,120,0,186,59,67,62,159,111,126,150,56,123,0,703,0,65,38,452,218,70,0,434,47,0,119,267,34,0,146,162,383,79,1098,50,1309,182,55,130,70,40,0,0,0,101,78,43,175,77,34,343,111,104,424,305,46,105,0,181,42,153,417,465,161,146,0,0,79,68,0,0,520,172,102,0,39,176,38,33,130,127,0,263,1234,65,119,130,141,88,68,52,300,326,116,0,146,0,107,108,1222,0,165,260,85,301,0,287,0,67,134,968,1033,240,306,28,164,86,69,399,0,75,88,0,0,60,0,263,0,59,666,0,0,78,121,78,49,225,119,153,172,45,31,82,0,35,229,0,131,16,0,97,255,71,0,113,86,462,148,204,31,125,1016,95,0,489,43,228,291,99,93,0,0,98,164,279,0,35,277,1020,0,59,47,157,225,0,93,37,74,48,86,34,61,538,124,89,109,65,183,77,319,0,80,79,154,115,47,97,332,372,177,61,325,0,296,65,159,0,81,92,138,0,150,217,261,0,103,0,0,70,87,332,525,142,35,228,73,619,81,0,123,139,0,54,0,77,0,49,40,99,136,58,71,135,82,33,471,0,0,135,287,48,0,68,41,126,0,0,56,43,88,0,60,44,37,61,0,0,0,81,101,75,69,0,22,93,0,209,20,87,100,0,149,0,74,0,64,0,60,51,102,0,120,33,0,91,0,114,155,28,68,31,0,123,0,202,233,370,0,0,0,37,218,0,61,75,109,44,32,0,0,90,0,0,100,0,147,83,0,105,0,0,46,42,0,73,0,36,192,0,27,124,0,91,191,212,30,0,132,29,179,98,0,157,139,95,202,0,0,2478,36,156,0,87,45,40,546,0,61,197,47,122,0,243,160,42,0,70,72,0,39,157,0,0,0,291,0,93,26,182,324,47,24,0,42,50,82,0,0,358,23,0,50,1302,446,0,225,49,85,145,222,75,0,106,0,376,0,53,66,97,0,294,0,89,43,428,0,590,383,0,312,48,0,0,0,28,363,194,84,211,77,265,0,260,0,256,0,104,176,0,46,84,247,32,85,28,0,128,123,76,0,52,99,353,0,458,279,91,131,213,60,45,396,0,0,572,0,25,112,0,52,35,240,27,49,481,65,50,48,443,53,0,55,146,0,516,220,63,0,91,80,166,69,0,0,101,0,150,97,188,126,72,0,0,32,192,32,58,59,359,188,135,184,50,89,67,0,65,351,73,153,524,40,0,51,188,43,0,25,41,0,0,0,0,110,337,71,0,43,192,0,78,0,0,142,0,45,76,0,0,0,93,67,0,0,43,0,0,45,0,0,103,0,46,0,170,115,53,0,92,37,67,0,257,33,139,0,0,72,388,0,213,0,52,61,93,0,0,81,140,104,77,218,690,0,0,249,57,48,43,106,393,0,51,70,121,69,44,21,68,0,66,392,0,89,73,0,0,182,0,0,42,0,35,403,32,32,0,0,20,115,0,98,208,399,0,29,53,121,101,0,0,152,74,0,38,66,0,223,79,110,75,0,47,0,0,241,261,0,71,0,0,240,25,0,128,152,66,115,128,0,161,105,92,70,46,61,285,0,0,0,89,223,0,109,0,0,39,689,133,0,63,61,119,158,106,46,233,0,32,0,305,0,0,0,378,45,539,166,131,38,0,120,0,63,89,0,119,107,83,0,84,131,0,101,0,157,38,100,38,165,221,0,13,165,49,0,0,188,174,31,94,374,119,0,0,0,39,60,86,64,166,952,148,102,200,0,27,115,0,83,433,23,0,0,0,0,107,0,0,151,373,0,361,0,78,64,0,179,261,155,195,0,0,316,175,325,0,40,0,331,0,137,80,101,0,72,0,0,37,0,44,0,137,0,56,277,39,95,25,0,0,55,43,127,0,79,0,78,150,0,31,29,102,0,113,138,18,130,0,16,60,63,143,0,151,75,102,0,0,106,88,72,0,180,0,0,486,0,39,53,83,112,290,313,58,139,76,128,0,0,33,0,281,96,112,184,0,0,58,0,0,0,24,0,43,0,75,91,48,29,61,78,0,65,71,0,0,0,28,48,43,97,674,0,62,60,0,0,43,89,91,114,174,0,124,175,0,16,51,264,92,54,0,333,32,74,45,73,0,93,67,227,0,0,0,199,0,138,44,301,109,0,0,75,330,0,0,72,151,39,0,115,0,261,306,0,97,104,0,0,177,59,44,239,56,0,0,0,0,0,0,373,129,361,0,40,70,106,0,46,77,67,174,42,0,105,143,121,95,764,135,124,0,0,54,53,333,145,105,135,489,27,42,222,75,264,25,106,165,73,0,0,0,32,351,177,283,82,0,0,89,0,0,36,132,0,0,201,0,199,0,0,187,0,24,0,0,0,197,51,63,279,34,46,76,0,0,394,63,0,0,33,254,145,36,107,0,44,0,0,103,103,274,67,125,0,0,220,0,0,0,0,207,51,443,0,31,41,118,115,66,187,0,45,137,0,310,0,212,0,24,0,30,0,0,37,156,0,29,75,96,95,68,0,586,0,0,0,0,0,0,424,0,73,97,909,0,0,67,0,0,71,100,75,0,0,174,0,35,0,0,0,419,64,111,54,37,0,60,56,159,32,117,73,0,285,157,169,90,67,95,0,29,0,21,35,0,29,50,52,95,162,60,62,18,23,120,126,77,0,79,0,52,50,0,29,89,0,0,86,0,107,77,92,287,161,794,36,0,0,0,0,33,125,49,0,35,116,552,0,165,131,78,271,0,101,0,0,0,0,37,18,0,64,45,452,280,0,46,111,0,0,0,0,56,57,128,41,230,77,72,0,0,193,82,0,100,116,32,31,124,199,65,135,118,0,107,58,0,172,168,60,307,150,0,46,69,0,133,0,76,94,0,260,44,0,197,96,61,0,60,0,0,601,0,108,46,0,0,0,49,92,0,0,0,0,46,0,0,212,0,0,29,0,113,39,107,226,79,76,0,37,90,0,0,0,87,102,39,154,209,0,0,0,37,113,0,134,50,0,0,0,0,40,0,89,0,0,412,0,0,102,72,0,171,120,92,0,30,100,112,45,0,0,48,231,0,0,107,66,157,253,0,40,0,0,286,35,216,80,104,237,70,286,0,0,34,0,48,0,59,100,149,224,0,141,93,42,0,0,50,0,35,0,137,0,0,0,248,112,1025,48,0,26,0,0,90,137,51,0,98,70,44,69,0,100,33,99,311,159,24,210,0,0,55,0,111,64,0,0,0,86,97,61,72,59,129,150,0,0,0,37,28,143,28,0,0,47,0,94,1185,0,0,388,87,13,0,281,0,0,57,0,191,62,0,30,99,0,0,75,49,251,65,78,62,0,126,0,0,0,969,33,0,0,0,202,0,182,0,227,203,0,0,64,90,120,0,0,253,0,63,0,78,178,131,250,106,58,355,0,0,40,50,0,37,45,121,0,364,180,42,0,0,200,96,50,85,0,68,311,221,242,0,53,58,33,58,0,57,67,82,0,0,233,50,0,0,604,0,0,138,0,0,60,367,0,0,68,64,29,0,0,147,0,37,0,0,254,673,124,0,65,176,0,0,0,111,191,0,86,98,0,137,0,59,142,43,0,40,0,0,51,66,166,80,70,77,0,0,0,0,74,156,0,26,311,0,0,204,0,63,135,0,141,141,177,0,196,0,37,90,89,47,248,97,0,0,269,69,78,76,36,70,144,32,95,0,57,447,0,160,111,52,89,249,158,112,0,46,80,46,134,36,30,36,0,986,34,64,0,38,42,0,204,0,39,53,542,0,91,278,111,139,0,514,0,201,67,0,0,951,78,449,124,60,38,0,209,0,81,102,84,58,68,0,0,37,57,0,110,0,0,169,0,60,0,34,0,84,0,31,148,25,0,0,74,0,81,39,288,362,0,89,0,24,84,24,54,478,53,131,170,0,38,47,96,110,106,0,0,60,131,0,0,30,199,0,0,136,0,0,0,101,30,76,165,94,130,109,65,0,0,0,0,0,115,44,99,0,0,36,98,0,0,0,110,0,157,87,66,40,44,66,22,0,0,505,84,383,25,79,0,0,40,0,0,59,43,303,128,33,222,111,196,34,51,0,143,0,30,0,0,44,0,40,0,135,0,0,103,0,0,168,0,0,0,31,58,308,80,41,0,0,0,111,74,128,131,37,0,76,85,166,267,20,0,57,58,69,0,0,73,60,0,0,431,0,87,0,56,0,16,0,0,0,179,59,0,41,0,82,0,0,29,45,0,59,146,226,548,41,95,71,102,114,63,123,23,83,76,115,37,61,96,165,64,57,48,0,74,82,0,69,135,0,60,69,125,267,22,121,0,141,43,25,0,45,0,179,296,0,1019,97,0,691,0,0,88,48,0,0,65,386,0,0,0,200,0,0,109,61,0,90,0,115,0,210,148,126,228,117,0,285,59,297,37,180,0,216,74,0,0,157,51,80,0,0,113,15,106,352,0,34,84,38,183,367,0,57,45,0,0,0,868,188,0,13,59,165,42,75,0,23,0,0,78,40,80,46,0,160,0,0,251,64,55,121,0,69,22,477,0,0,29,0,0,0,0,84,210,0,72,87,201,68,110,0,0,0,66,50,0,0,0,224,47,0,32
227,0,0,0,66,44,101,63,0,131,0,394,76,28,0,269,176,303,0,39,0,173,74,68,184,65,0,37,55,62,0,0,0,0,49,143,147,0,109,511,86,72,37,38,300,0,106,0,470,32,293,41,160,160,0,315,23,52,0,0,0,261,132,405,65,62,176,0,27,0,337,0,129,0,0,283,169,0,370,75,242,38,53,367,205,122,62,0,101,53,350,136,36,137,119,0,62,0,162,60,0,0,49,218,33,50,96,31,197,61,153,0,85,120,168,76,59,244,69,0,258,0,270,45,68,0,76,33,137,78,161,43,146,0,153,116,127,117,114,72,77,104,236,403,0,25,111,51,0,136,0,78,98,94,214,58,0,161,27,304,424,0,21,142,92,92,66,42,101,112,337,89,59,94,36,86,46,136,93,108,54,383,0,80,64,91,0,579,200,0,0,0,65,96,256,0,106,0,24,164,0,53,129,62,370,0,67,28,34,66,154,109,41,89,41,83,58,52,51,45,154,151,0,33,189,0,20,52,242,0,81,43,21,64,42,0,71,88,388,83,20,168,36,79,46,0,185,0,34,0,48,76,131,78,197,65,96,0,33,79,303,173,41,61,86,0,28,307,167,759,51,0,325,193,78,57,93,39,1132,567,145,0,109,137,59,74,94,127,1553,133,127,85,299,31,0,118,36,100,96,42,39,31,0,109,0,302,178,429,0,255,152,759,113,0,35,110,90,435,239,36,64,109,0,95,266,243,92,202,0,30,642,0,97,99,57,81,0,0,39,49,19,79,0,130,218,70,0,0,254,1018,418,191,0,267,209,43,85,111,171,143,15,112,207,0,153,195,1030,63,41,69,191,46,83,108,154,113,87,0,0,184,81,0,77,59,52,1263,154,81,172,22,72,0,403,56,134,45,521,44,94,402,0,36,353,0,42,143,113,0,60,0,247,0,77,0,0,0,188,137,307,555,0,105,87,63,162,220,117,104,101,0,0,0,0,49,141,42,63,47,0,118,29,41,407,200,339,78,440,87,0,53,0,0,144,17,125,22,60,49,0,27,195,76,138,91,36,113,54,102,75,0,79,79,400,192,130,0,305,172,418,200,318,47,174,92,187,0,0,97,138,515,259,0,65,123,53,117,461,201,201,64,0,370,91,634,149,70,261,124,80,0,192,38,0,93,0,59,397,0,60,291,224,0,197,81,58,0,32,69,164,66,80,0,0,30,73,104,0,0,0,317,36,326,593,69,0,0,54,78,107,513,280,0,75,170,93,41,0,47,115,47,131,159,0,26,191,484,0,0,0,93,212,400,0,0,70,82,0,553,0,52,491,152,148,0,181,0,237,947,147,51,0,1226,0,78,0,34,0,89,0,58,65,0,51,66,79,167,94,104,56,60,0,0,271,495,230,26,75,144,0,57,28,68,0,46,82,98,61,112,0,67,176,0,0,56,44,49,0,34,31,0,21,0,437,0,0,222,0,67,0,310,412,52,0,76,273,0,139,16,65,216,63,0,50,0,0,214,48,198,62,52,479,53,294,0,92,139,36,66,354,74,0,0,65,149,146,76,56,0,146,0,262,27,40,0,87,60,71,0,341,22,47,196,0,231,96,107,0,122,158,190,28,137,162,0,0,0,0,66,154,183,38,81,51,709,333,253,209,225,0,0,154,82,0,74,179,0,0,37,251,234,97,78,1412,196,0,236,52,0,256,0,39,183,26,0,177,49,0,30,0,0,44,113,0,40,0,177,0,161,0,209,290,0,81,66,0,220,46,0,36,42,171,72,275,0,25,0,199,159,122,588,0,0,45,40,0,61,0,0,0,55,96,52,95,31,235,0,148,113,240,47,63,40,180,139,37,508,39,71,39,125,124,0,224,35,65,54,102,43,61,145,155,0,63,0,31,13,157,137,0,0,0,20,249,0,311,81,0,145,67,0,111,0,118,45,0,0,1082,306,83,251,0,0,0,141,61,126,62,0,0,44,33,74,0,69,278,39,57,46,0,129,0,192,122,39,65,191,32,229,0,73,0,174,42,90,0,125,658,0,0,57,118,356,0,69,0,0,44,263,191,426,167,63,57,22,0,229,143,71,91,0,81,182,104,46,0,161,66,0,64,80,0,46,33,0,48,65,121,72,151,0,0,45,43,95,0,71,33,52,60,68,101,0,82,306,47,0,56,0,410,0,51,30,123,87,137,106,0,78,83,242,54,0,0,385,110,0,0,607,69,0,129,330,0,0,0,58,597,0,1173,0,1036,153,48,0,0,0,17,0,0,142,0,43,192,0,0,235,101,55,175,77,81,85,0,101,50,92,743,207,52,96,0,59,120,76,64,0,280,153,43,0,0,157,66,0,81,213,0,236,322,97,132,0,95,58,0,42,203,124,85,0,47,0,143,68,163,0,220,124,135,171,0,325,93,96,94,307,700,111,150,0,124,137,0,200,0,69,68,86,14,18,0,229,0,26,721,0,0,0,67,53,49,44,0,48,46,16,73,73,0,0,154,0,81,0,41,41,0,47,0,63,47,190,79,319,0,91,491,37,0,364,0,115,299,66,0,0,51,55,120,326,0,31,253,960,0,27,0,81,157,0,114,0,68,0,57,0,37,421,119,62,0,79,201,222,374,0,57,50,292,49,0,107,128,257,191,57,264,46,284,22,91,0,60,121,326,0,115,163,105,40,32,44,0,37,0,189,273,97,45,207,55,467,178,0,209,58,38,39,26,0,0,32,54,76,169,0,91,226,70,0,223,0,45,65,249,102,83,184,71,91,49,33,69,113,61,28,38,32,0,183,0,0,48,86,99,109,61,16,0,94,31,192,0,80,78,36,108,0,86,0,43,0,106,33,155,0,148,18,26,148,0,74,0,56,111,0,0,38,0,234,229,277,0,0,0,0,492,22,30,0,193,97,56,42,79,72,0,81,59,0,147,0,0,94,0,0,57,92,47,165,0,125,95,34,0,197,68,67,101,204,82,0,151,0,86,34,40,113,347,75,305,82,0,1785,32,160,0,0,113,70,767,0,108,66,42,100,0,221,113,21,0,0,95,0,56,300,0,0,0,174,59,82,0,152,205,64,0,52,80,70,0,47,18,214,47,0,0,2455,417,55,376,0,81,125,428,85,29,70,0,244,22,47,69,135,29,336,0,226,36,330,0,236,165,0,193,40,0,71,0,0,291,36,76,92,115,131,85,227,26,238,40,83,231,0,55,0,101,49,185,31,52,0,117,64,159,0,109,217,35,517,207,76,95,100,28,56,264,21,0,510,0,0,228,0,0,0,446,0,128,132,109,0,60,267,110,0,125,70,0,148,183,0,0,122,72,85,0,0,73,168,0,319,145,214,147,67,0,0,0,204,56,52,37,339,206,145,110,66,118,69,0,55,334,19,84,259,31,0,0,182,0,0,0,0,0,77,0,0,124,140,22,0,62,76,0,179,0,40,76,0,34,100,0,0,0,56,31,0,164,0,0,0,14,0,0,99,0,0,0,174,136,0,0,268,235,0,0,120,44,80,0,0,74,517,0,0,0,22,54,98,0,0,0,206,99,0,70,208,23,0,146,38,0,51,0,224,0,68,0,104,0,37,0,201,0,26,423,0,59,0,0,76,0,0,34,24,52,0,77,0,0,0,28,0,79,0,0,363,320,32,0,0,101,16,39,0,0,40,0,0,46,0,266,0,65,0,0,0,42,0,190,70,83,58,81,42,79,34,0,67,60,0,103,29,0,26,66,34,0,0,0,271,0,0,0,0,93,0,27,0,0,28,234,39,32,0,0,99,70,34,0,176,32,113,0,116,0,0,0,402,0,378,37,82,0,0,172,96,0,44,0,167,45,138,36,73,55,0,62,0,0,0,32,0,52,340,0,0,348,0,0,0,79,73,0,49,102,60,0,0,0,0,0,108,83,88,237,34,134,45,0,0,53,0,31,214,0,0,0,0,0,183,0,0,0,205,0,167,0,0,0,0,42,111,0,79,53,0,0,45,642,20,0,0,93,0,142,0,0,0,0,0,0,0,0,0,0,38,0,0,403,28,0,0,0,0,0,56,96,0,261,0,0,44,0,0,0,91,0,216,220,41,60,45,0,103,73,64,0,125,50,50,46,0,147,171,102,0,104,0,0,655,0,91,71,0,69,294,165,34,164,146,55,0,0,0,201,127,175,67,170,0,81,74,0,35,55,0,127,69,0,95,94,81,126,519,94,27,57,0,0,0,0,74,0,52,86,856,28,20,65,0,25,699,44,72,61,73,0,287,248,0,0,74,227,34,62,0,199,0,83,38,62,0,39,0,326,0,0,0,207,77,82,145,154,193,0,0,43,362,0,0,21,120,0,0,106,53,277,188,38,149,87,0,0,562,0,39,502,45,0,0,32,63,79,0,321,0,222,0,74,0,113,0,65,348,0,251,55,57,167,130,73,76,639,91,117,0,86,88,98,255,120,118,156,196,0,0,113,134,121,0,252,213,38,0,0,0,0,343,350,261,595,0,0,137,0,51,0,126,0,0,118,0,189,0,0,166,0,0,0,0,50,312,0,59,148,59,101,157,0,0,247,0,0,0,0,277,447,0,97,0,44,0,0,63,99,161,231,74,156,106,136,0,35,0,0,180,77,506,0,34,0,144,98,85,41,0,0,76,0,331,0,317,0,32,0,65,0,0,259,119,0,0,58,71,102,46,0,981,0,51,0,0,0,0,545,92,48,106,1011,0,0,51,0,0,148,92,0,0,49,64,0,255,65,77,229,206,0,200,0,132,55,162,79,284,58,192,0,0,98,107,75,41,107,77,39,90,0,0,0,0,58,88,179,33,302,256,0,0,0,361,96,65,0,27,0,98,68,49,61,227,34,0,0,0,183,77,198,330,356,362,142,0,37,55,0,84,124,33,0,97,0,1054,94,367,44,0,287,0,133,0,54,65,45,0,0,29,109,0,178,565,0,173,199,0,153,0,0,78,55,119,54,159,112,50,99,75,401,72,0,329,60,0,0,34,143,0,104,30,0,221,0,0,87,121,84,508,142,74,0,165,88,64,48,106,247,0,151,73,0,194,127,0,73,132,0,0,1932,0,171,60,0,70,0,67,270,96,0,32,0,15,0,37,249,0,56,42,0,194,0,122,247,0,35,0,40,22,0,73,0,81,161,137,147,257,212,0,0,54,47,107,74,0,0,0,62,64,43,0,57,28,77,305,0,0,230,0,0,65,204,226,0,56,40,0,0,42,0,21,71,0,138,92,0,173,198,0,74,0,0,91,41,72,194,56,248,123,269,152,64,179,0,0,124,47,91,133,192,181,299,55,32,0,164,75,0,0,0,208,0,0,0,39,134,1389,0,0,0,49,35,0,381,117,292,67,70,66,0,0,169,0,353,241,111,0,214,0,0,131,0,60,33,52,0,0,216,61,103,124,60,249,192,0,0,0,34,0,95,51,0,0,86,0,0,1755,0,0,392,48,87,11,211,0,327,53,0,292,128,0,0,42,0,0,116,0,297,72,52,40,0,91,26,0,0,572,0,0,0,0,331,0,81,27,87,142,0,0,111,60,113,0,0,238,0,76,0,0,116,62,97,71,120,240,0,50,0,53,0,0,0,153,0,623,223,0,58,0,233,44,32,73,61,139,86,187,224,0,104,33,20,72,0,62,53,0,0,0,76,44,0,22,347,0,0,0,0,0,0,116,0,52,0,72,0,0,0,202,96,0,0,0,84,309,121,10,49,195,25,0,0,0,0,0,45,129,41,0,0,61,0,0,0,0,0,0,0,47,106,52,33,0,51,0,97,65,100,119,27,41,228,0,0,58,47,0,78,0,117,122,0,50,84,23,41,65,0,79,164,35,0,0,211,86,72,114,53,83,88,62,142,0,38,191,120,378,0,216,53,39,130,222,0,0,0,0,119,95,63,0,0,243,41,131,0,0,0,0,241,0,0,0,745,0,0,110,67,47,0,316,0,66,176,68,44,414,33,273,18,82,0,0,149,51,56,74,176,27,95,0,0,0,79,0,149,0,0,0,0,128,180,157,0,66,57,0,82,0,0,0,44,31,0,34,91,127,0,23,0,0,0,0,74,184,55,125,267,0,39,0,59,75,148,0,0,39,190,0,0,72,122,20,0,50,81,0,0,75,71,49,146,206,0,149,80,0,0,0,0,0,100,0,42,0,0,61,62,0,0,0,119,0,69,0,141,81,72,58,0,0,0,177,67,505,0,72,54,0,0,23,0,0,0,187,186,17,150,126,39,0,0,0,113,91,0,0,0,42,0,0,0,229,237,0,79,0,0,50,57,0,0,0,0,292,58,0,0,0,24,62,0,49,66,46,51,0,32,0,354,29,0,413,29,91,0,0,75,45,0,0,242,0,77,0,0,30,24,0,0,31,130,0,0,0,52,96,0,0,0,0,0,71,0,170,696,66,164,0,88,222,0,119,0,58,33,59,39,65,157,67,130,0,57,0,95,80,0,179,195,0,77,130,68,0,41,178,23,218,0,0,0,50,29,88,146,0,894,0,0,314,0,0,73,62,0,0,0,318,0,0,31,104,0,0,164,0,0,87,0,38,35,108,45,48,129,70,0,85,0,194,0,105,0,180,0,0,0,98,69,186,0,0,42,0,52,195,0,0,150,0,107,369,65,0,65,0,43,0,433,173,0,0,53,137,46,71,0,0,0,0,34,36,41,0,0,171,0,0,104,60,51,167,0,38,0,432,0,0,0,0,0,0,0,34,208,0,75,117,199,0,0,64,0,0,38,0,0,0,58,426,39,0,0
228,0,0,34,127,67,75,68,0,121,0,169,0,42,0,325,364,299,0,54,25,399,71,93,110,226,0,33,123,49,28,0,46,0,0,273,187,0,0,340,167,49,101,53,308,0,100,52,582,36,146,0,146,195,41,317,38,0,0,54,0,243,95,452,63,59,179,51,38,0,467,0,62,0,0,396,132,0,306,79,262,43,59,157,460,91,68,0,79,61,395,121,76,96,188,58,79,0,0,93,0,53,0,276,43,61,124,0,201,77,298,92,129,128,222,68,77,221,0,38,413,29,302,40,41,70,56,23,87,91,171,28,259,19,182,172,278,41,96,80,155,73,178,622,0,0,108,89,97,200,0,53,217,119,127,223,0,232,52,369,342,97,38,232,94,178,69,68,203,437,255,220,60,57,0,92,51,94,303,60,83,457,0,82,81,53,113,841,401,0,20,0,71,123,305,31,165,43,46,135,0,127,249,66,454,0,91,44,73,222,263,154,85,106,51,100,89,61,49,0,227,125,37,0,244,0,0,140,466,0,69,60,38,66,75,0,90,96,453,110,0,159,50,0,79,0,249,0,67,0,78,122,242,108,255,53,0,16,58,85,467,100,73,77,69,0,0,673,139,865,39,47,240,360,48,116,101,0,651,615,129,0,185,405,103,67,135,584,901,135,157,68,303,41,34,69,0,116,118,49,85,58,188,81,54,534,423,339,61,166,153,501,65,0,0,50,90,323,142,82,71,62,0,104,210,186,111,307,0,43,502,0,65,235,248,151,49,37,0,121,0,148,0,74,221,55,43,0,111,924,225,164,0,523,686,29,73,80,324,76,185,76,91,0,99,499,710,303,152,34,345,77,72,83,107,453,341,0,0,165,127,81,111,62,52,845,140,140,179,0,50,0,1301,0,160,58,613,135,181,240,0,28,418,29,0,131,37,77,55,0,112,0,172,0,0,48,385,97,599,189,24,160,95,47,154,168,231,61,366,0,0,29,74,0,125,0,57,174,69,319,0,45,412,176,233,324,232,96,47,70,0,0,211,0,109,76,59,40,0,45,360,53,248,35,79,77,57,81,48,0,46,53,252,110,83,126,298,630,324,124,248,80,534,185,155,0,0,169,58,498,192,38,45,50,106,75,275,133,397,69,0,237,0,463,94,253,513,269,66,0,115,63,0,80,83,0,327,62,165,176,201,74,452,426,237,0,156,133,577,43,51,32,0,0,280,69,0,0,0,220,90,197,405,46,64,0,103,0,80,375,284,112,38,133,125,77,52,57,126,91,385,853,0,117,48,474,0,0,9,117,320,345,29,0,53,55,0,183,0,125,244,446,173,0,657,0,299,724,69,0,40,537,0,82,41,0,43,314,77,0,33,59,117,166,120,109,79,310,71,50,0,0,319,375,195,24,81,71,38,57,0,61,0,45,52,0,93,0,0,202,242,42,0,70,0,56,88,59,43,0,0,0,241,0,0,461,71,63,66,264,211,39,0,131,406,0,99,96,48,196,131,40,41,0,66,184,99,112,0,0,174,60,188,0,548,51,116,42,537,38,0,41,131,32,192,25,106,0,92,0,154,45,59,29,148,49,366,0,259,0,0,87,0,104,205,0,77,150,265,113,100,433,140,0,39,0,0,0,134,60,474,43,70,1382,248,0,142,95,0,0,190,185,36,0,107,0,0,85,560,167,161,40,553,171,0,166,0,0,85,0,51,0,55,0,226,46,0,56,0,0,0,83,0,99,20,55,0,0,23,117,294,148,61,0,20,407,0,30,31,0,64,53,108,48,0,0,146,73,264,649,0,0,0,63,0,142,0,56,107,53,62,70,66,105,372,0,145,144,86,24,117,34,140,536,0,192,34,41,30,68,233,0,480,89,48,74,166,138,0,314,361,0,52,100,0,0,170,115,0,0,0,0,196,36,153,77,0,178,66,49,233,0,165,44,0,0,307,363,135,648,102,36,54,123,41,93,0,0,0,27,0,86,41,0,356,86,38,0,0,43,65,0,245,57,128,57,0,177,0,33,41,154,36,96,148,72,417,112,39,89,119,248,0,118,0,65,38,306,290,419,87,86,160,0,59,660,143,118,137,0,77,344,70,0,69,115,128,0,53,105,77,83,0,28,0,90,148,75,207,0,51,65,25,291,35,193,40,0,0,115,147,0,141,179,65,0,155,57,464,0,83,36,0,152,326,128,42,196,0,541,0,0,0,511,221,73,0,379,59,0,63,135,0,0,167,144,607,60,659,0,940,208,65,60,47,0,28,0,0,71,152,36,285,0,0,503,64,127,501,172,53,75,0,267,66,229,878,199,112,199,0,50,58,53,91,0,564,42,107,0,0,201,0,71,91,298,27,293,811,108,85,0,155,100,39,58,319,267,120,26,112,0,158,91,763,0,105,138,114,190,0,428,85,70,199,259,1028,230,275,0,85,185,0,307,29,88,65,109,0,0,0,43,0,51,778,65,0,48,86,122,89,104,59,113,96,0,88,95,0,0,0,48,199,0,46,57,164,53,0,159,38,299,174,362,51,32,958,51,0,478,59,172,314,79,108,0,51,272,0,390,0,17,315,503,0,36,0,184,213,0,92,24,99,27,0,0,0,321,109,91,68,111,256,145,155,0,115,117,255,119,33,104,164,439,369,141,0,28,233,124,127,0,59,45,300,0,40,199,356,43,82,45,0,0,61,482,245,0,0,233,61,346,155,0,410,113,56,74,0,42,0,64,60,50,241,0,83,198,0,0,564,44,0,90,145,0,68,74,0,123,74,0,51,72,0,0,71,0,0,213,0,0,60,261,40,73,134,33,0,129,36,132,0,67,85,0,57,0,91,0,0,0,96,0,50,0,110,0,0,171,0,76,110,42,81,0,0,48,0,105,227,183,18,0,0,0,183,66,0,0,102,45,0,36,62,53,31,72,84,0,169,56,39,95,0,36,178,49,0,131,32,244,85,0,50,46,66,64,153,88,52,38,73,0,54,54,0,308,126,55,146,41,0,1766,0,153,0,39,42,61,286,0,43,32,0,94,22,105,135,0,0,0,55,0,33,149,0,0,0,209,49,173,0,83,81,0,56,37,0,44,0,0,75,104,0,0,45,1550,428,49,265,0,52,101,206,60,54,58,0,393,67,39,114,35,0,522,0,157,98,257,0,346,140,0,196,47,0,47,54,40,313,58,0,73,172,130,30,215,25,266,0,57,228,0,54,65,112,0,136,100,21,57,52,132,158,0,88,195,0,375,151,73,64,78,0,34,136,45,20,312,0,0,56,0,53,40,260,42,76,212,79,98,45,132,53,133,126,46,0,192,149,0,46,90,54,127,0,55,81,137,0,181,77,179,128,38,94,30,0,99,35,52,0,274,243,166,113,0,110,43,0,85,163,0,81,258,0,0,50,294,0,49,0,63,0,94,0,0,90,367,106,0,39,201,69,139,0,74,111,37,44,198,0,34,0,89,85,25,106,123,0,0,38,0,24,144,0,85,0,336,150,62,0,140,347,0,80,315,49,69,0,38,67,267,0,249,0,0,128,57,0,16,88,565,86,120,147,702,0,0,296,39,0,63,113,215,0,37,98,80,76,0,0,153,0,53,771,0,40,114,0,0,106,0,29,0,77,0,408,43,80,0,52,0,47,0,137,117,436,62,27,25,106,68,80,51,158,37,68,44,65,60,514,117,92,0,0,0,81,32,101,359,91,119,133,87,450,49,0,121,216,67,162,144,68,131,163,36,77,0,117,215,0,0,88,36,182,0,0,0,0,40,780,120,40,61,61,332,118,121,78,197,0,235,0,410,0,0,0,129,51,852,77,126,53,42,52,116,88,90,0,116,76,49,48,110,46,0,94,0,220,0,112,0,174,218,0,28,337,45,0,0,241,228,0,80,310,164,34,0,0,0,0,90,93,154,1058,0,147,111,0,0,0,0,0,179,0,0,0,0,0,323,0,0,170,340,34,406,0,69,56,0,262,323,157,256,0,0,180,130,973,63,41,19,459,0,222,0,117,0,68,37,0,67,0,0,0,135,0,79,845,66,0,0,0,0,0,31,256,0,847,0,116,110,0,0,47,0,0,250,56,0,104,16,48,55,52,60,34,0,0,0,52,0,0,107,0,0,76,0,0,0,0,81,0,27,78,329,223,0,297,66,44,0,0,27,131,206,49,69,143,0,34,59,0,46,0,0,43,48,0,60,131,153,122,103,89,89,82,0,0,0,0,33,0,0,62,193,94,61,104,58,0,259,49,56,0,94,29,279,61,0,0,71,215,81,78,0,130,0,69,0,0,0,0,106,140,0,0,0,0,106,0,127,234,145,0,0,47,0,0,0,46,54,0,0,0,0,0,168,32,38,91,0,0,598,39,0,370,74,0,0,0,39,23,0,264,59,435,0,127,0,29,0,0,100,49,92,209,45,65,146,87,105,386,59,0,0,0,75,129,29,174,0,50,279,0,0,135,57,145,0,142,56,49,0,0,0,142,0,183,138,183,28,0,64,0,0,0,134,0,0,86,0,0,0,65,101,56,0,0,0,76,89,53,0,85,0,275,60,0,70,115,63,36,0,0,0,768,0,46,22,49,27,0,70,0,126,376,86,51,151,72,0,0,0,0,0,77,146,42,0,0,52,117,0,168,0,0,84,0,82,0,174,0,99,0,37,0,0,59,34,24,0,0,325,50,74,0,372,0,0,22,0,0,0,126,0,51,162,281,0,0,78,43,52,90,0,0,0,44,144,60,101,46,54,149,241,37,113,45,94,0,68,103,194,33,255,53,56,694,59,70,0,61,49,79,24,0,0,0,0,0,120,88,71,269,224,0,0,0,185,122,64,0,49,0,137,58,21,119,120,0,25,72,0,72,54,61,902,231,414,135,0,0,0,0,43,95,31,0,49,193,522,0,200,178,177,349,0,97,0,0,0,43,0,0,0,69,0,206,613,0,33,131,0,0,0,33,39,0,116,50,224,0,0,46,0,116,218,0,33,0,38,94,0,42,0,105,0,0,190,108,0,92,51,99,190,75,0,67,57,0,54,0,42,62,0,54,36,0,111,51,94,87,105,49,0,1168,0,71,37,0,52,0,78,114,26,0,72,0,0,0,30,134,0,96,0,0,161,132,36,351,107,38,0,84,114,0,98,0,85,257,143,282,297,92,0,0,77,0,59,0,119,0,0,88,50,122,0,241,60,89,305,0,0,163,142,0,0,97,274,41,0,162,0,0,0,0,0,167,0,29,297,50,84,223,0,82,0,0,150,0,106,85,0,74,0,370,0,71,145,0,198,32,0,174,34,111,131,159,117,0,0,142,33,45,25,0,214,0,0,0,82,88,1592,83,0,91,0,0,167,146,128,162,0,84,0,29,0,189,20,102,280,118,0,225,0,0,40,47,78,86,0,0,0,117,33,57,196,43,120,261,0,0,0,36,37,119,0,0,0,0,0,0,1038,30,0,713,91,32,0,179,0,158,104,0,195,0,0,0,128,0,0,0,0,0,0,61,109,39,0,0,25,0,904,83,0,0,0,351,0,214,99,197,70,0,0,0,135,120,0,0,42,0,0,103,40,287,163,269,145,45,0,0,21,36,76,0,78,41,34,0,686,384,0,0,21,115,0,34,0,94,0,190,302,26,0,78,60,52,50,46,0,0,0,0,39,241,83,85,32,414,0,0,98,0,0,120,190,0,0,133,270,50,0,0,109,40,0,0,0,138,878,136,0,0,129,36,33,0,87,259,0,22,201,67,34,0,82,187,35,0,0,37,0,39,0,132,216,0,0,0,0,0,64,0,0,57,0,373,0,23,55,22,76,0,0,317,40,162,21,0,30,66,0,0,87,420,69,0,0,225,153,0,65,0,133,169,64,179,42,0,558,43,597,68,55,45,125,0,283,0,68,56,42,189,0,51,57,0,507,93,110,0,0,58,0,80,0,45,37,455,0,67,187,119,124,35,317,0,0,239,27,88,367,0,229,76,283,37,48,336,0,113,0,158,85,74,0,0,89,86,0,91,50,0,129,0,107,67,122,0,49,75,0,0,0,0,60,0,74,59,67,183,273,35,87,0,0,44,0,123,453,33,0,63,0,31,0,0,178,81,0,0,80,0,0,40,0,56,45,0,118,202,0,0,231,95,138,222,203,236,113,120,0,0,0,0,0,149,0,94,76,0,140,92,0,0,0,254,24,131,94,91,66,175,147,78,0,0,815,167,222,27,57,51,0,104,78,0,68,70,75,320,62,281,209,257,0,64,0,119,72,0,0,61,69,0,0,47,144,344,0,106,0,0,64,0,0,0,62,0,840,88,58,0,0,0,0,108,86,103,63,107,39,0,67,556,48,0,802,127,133,51,0,71,0,0,27,94,0,154,0,98,0,122,0,0,51,187,0,0,47,126,49,83,122,0,71,0,38,140,550,1386,87,138,76,86,277,0,172,0,60,99,0,83,217,145,299,213,0,0,0,86,26,0,202,0,0,95,162,0,358,34,124,65,78,0,47,0,73,58,0,394,0,1117,54,0,183,0,0,36,95,16,66,31,584,33,0,51,312,0,0,166,28,0,126,0,84,0,60,220,52,741,71,0,436,63,51,24,100,0,235,76,0,0,199,0,186,33,0,86,66,146,85,48,46,251,43,191,85,90,0,83,81,36,0,417,220,0,0,79,0,0,95,0,22,77,26,0,0,78,0,0,174,0,19,92,82,87,289,0,59,0,706,0,0,0,31,0,0,0,58,164,0,65,59,366,0,85,61,0,0,119,123,52,0,137,319,0,0,0
229,0,0,0,48,42,148,140,0,164,0,422,30,73,48,127,415,420,0,42,0,372,0,139,82,125,0,40,121,109,0,0,56,0,76,164,327,0,102,582,207,89,38,27,285,0,100,79,516,22,272,96,193,126,42,362,52,0,0,41,0,153,213,289,0,66,356,53,0,56,413,0,50,60,34,311,116,33,764,0,297,0,61,114,368,59,94,0,86,69,374,46,67,191,149,53,53,0,117,59,0,0,61,360,0,0,87,57,105,71,424,82,153,116,441,103,95,142,39,66,346,0,345,62,0,36,0,56,59,37,192,0,397,48,39,234,286,130,102,83,226,73,231,811,13,0,0,77,113,147,0,59,216,60,231,110,0,173,87,149,397,91,22,131,77,112,145,97,95,318,347,152,25,97,45,0,0,71,299,109,75,373,0,46,63,95,80,1329,273,0,0,0,255,88,305,46,244,56,44,179,0,131,131,54,899,41,126,37,37,216,196,169,49,45,48,222,136,141,0,25,390,385,57,0,358,0,0,152,189,0,130,38,48,0,46,0,64,94,303,26,45,151,36,84,40,0,209,0,81,0,53,107,333,189,391,124,113,0,66,224,299,232,113,128,69,64,43,438,246,476,47,64,373,478,107,0,183,0,1228,288,175,0,133,235,145,95,93,431,2990,124,99,0,507,48,35,160,0,56,53,109,52,60,67,109,23,297,317,187,44,167,154,423,210,0,0,73,85,376,196,58,94,72,27,49,457,234,161,112,0,46,276,0,111,0,114,94,38,0,0,113,41,138,38,115,85,41,0,0,199,1424,211,172,50,308,470,46,86,214,382,401,110,41,142,34,80,264,497,162,108,77,185,134,131,77,203,181,216,0,0,341,67,51,0,69,61,837,125,101,61,0,70,0,1079,0,156,50,656,89,190,256,0,61,498,0,41,105,100,0,97,35,197,0,42,76,0,0,163,141,181,430,41,178,160,0,193,228,86,129,203,0,0,0,138,24,233,29,69,129,0,124,0,0,487,259,231,145,396,136,43,114,59,0,264,0,72,48,96,83,0,69,329,68,422,366,45,106,0,111,68,57,54,86,410,99,59,95,103,318,363,114,251,55,137,164,127,0,0,40,318,421,224,163,45,468,69,70,341,202,247,0,0,363,46,380,157,80,55,120,79,30,131,0,0,73,0,0,319,85,106,206,202,120,351,651,109,42,86,75,696,58,67,0,0,0,108,114,59,0,0,279,60,303,214,56,0,0,89,54,117,573,321,218,74,40,49,0,0,121,54,49,476,156,0,36,135,285,125,48,0,19,177,387,74,0,70,0,0,232,0,110,333,96,165,16,812,0,333,885,144,0,74,720,0,243,34,0,0,221,0,157,43,32,117,0,12,429,63,222,60,70,0,41,391,393,116,0,119,137,0,120,0,0,0,43,71,45,160,0,0,212,404,0,35,98,0,27,146,163,0,0,42,0,134,5,33,311,0,95,38,107,367,0,25,144,610,0,142,155,87,406,87,88,85,0,71,132,83,99,0,93,192,47,172,33,413,86,135,186,324,45,42,46,89,74,201,43,0,70,304,0,70,19,86,0,94,0,326,0,490,0,65,133,0,186,107,26,82,0,36,68,34,437,292,0,51,42,0,68,276,79,540,102,94,880,206,287,65,200,0,0,170,156,0,94,101,0,0,46,454,94,270,43,1248,210,0,91,0,0,143,0,0,75,0,0,63,0,0,89,0,29,35,151,61,113,0,153,0,73,0,110,135,177,0,65,0,351,44,35,86,101,202,44,173,0,0,26,160,81,108,404,0,0,92,61,0,60,14,65,145,59,190,50,0,86,663,133,360,97,96,23,0,0,195,317,0,448,0,50,42,129,216,0,412,62,59,0,0,180,48,196,570,0,0,101,21,0,105,159,39,0,0,50,384,0,202,84,0,58,57,75,225,0,67,63,47,0,480,309,0,888,52,55,24,207,48,77,22,0,64,33,36,0,76,35,63,252,0,0,0,88,81,92,213,100,91,92,0,99,0,66,73,202,0,100,216,195,429,50,0,95,110,320,0,97,0,95,53,188,217,402,339,44,58,0,74,376,203,121,148,0,134,174,147,55,55,196,126,0,56,161,83,108,0,0,70,95,23,127,322,48,44,122,48,158,68,232,0,86,86,83,79,13,163,76,112,27,149,35,719,40,0,116,75,200,360,227,0,120,144,624,99,76,0,630,262,109,0,430,62,0,109,496,0,31,132,128,799,0,307,0,911,31,70,81,41,56,0,0,0,134,105,50,274,0,0,538,54,96,405,320,84,87,0,259,87,206,1393,194,142,215,0,81,142,53,145,0,641,139,161,0,0,64,40,95,71,362,37,387,1186,167,291,51,183,202,70,56,456,312,61,0,94,12,17,80,691,0,147,204,169,170,0,373,144,130,162,322,759,265,401,0,234,189,84,397,0,128,76,86,0,72,0,173,0,58,739,0,56,66,42,48,58,387,91,83,163,86,88,141,0,30,150,39,326,0,75,78,158,44,0,99,102,137,201,564,28,103,1183,0,0,253,55,114,421,97,54,0,79,152,95,420,0,0,344,555,0,26,32,86,247,0,86,28,132,49,65,26,72,373,80,60,42,160,182,67,275,0,90,78,409,125,24,225,186,233,109,71,246,39,321,84,77,0,68,207,380,0,120,237,221,57,91,71,0,0,66,348,529,77,49,56,0,397,172,0,467,89,71,58,0,39,0,0,83,0,160,0,68,291,47,0,967,53,68,199,304,52,66,64,68,216,99,45,37,54,52,57,124,40,0,210,0,0,73,284,105,95,150,0,0,127,75,167,71,85,106,36,75,0,50,0,0,32,107,73,65,0,113,0,0,146,40,50,167,45,98,48,0,0,50,186,246,341,0,72,0,0,296,97,96,49,197,116,0,0,45,62,22,57,83,0,138,98,51,173,0,29,0,62,0,83,41,365,82,40,50,136,46,125,286,245,56,0,149,63,117,65,25,324,173,59,332,73,0,2942,87,177,0,83,66,51,323,0,118,51,0,114,0,193,151,30,0,32,164,36,61,291,41,47,48,142,51,122,0,146,304,51,61,82,67,65,0,0,80,213,0,0,0,1774,807,63,456,73,69,114,384,54,30,148,0,239,69,86,97,107,0,309,0,147,155,474,0,754,329,0,353,36,0,61,31,0,457,83,94,0,104,329,88,267,44,487,26,0,180,0,33,216,125,0,108,136,0,81,98,141,134,0,70,174,0,800,213,98,122,255,101,59,314,44,0,488,0,0,223,0,77,54,398,0,73,360,66,165,36,393,93,167,134,96,0,273,135,36,48,101,91,51,43,55,0,143,0,182,106,103,429,39,126,0,0,283,45,47,25,464,88,221,95,0,109,51,0,90,216,42,207,487,36,0,46,173,0,109,0,0,0,84,0,0,78,246,80,0,0,66,82,338,0,109,135,0,14,244,0,0,0,64,99,0,208,57,42,41,0,0,0,102,0,44,0,125,140,45,0,293,329,95,0,203,164,84,0,49,53,520,0,445,0,52,71,90,0,41,98,101,40,87,74,297,0,0,238,74,26,0,141,474,0,69,93,0,27,0,0,320,0,0,510,0,57,70,31,67,58,22,34,61,210,43,231,0,0,0,0,0,234,0,41,398,304,55,27,52,58,40,73,0,60,85,66,0,0,51,373,74,52,96,0,94,123,0,317,245,123,118,0,0,113,28,0,138,108,52,102,78,0,58,379,0,16,0,55,476,0,51,75,0,142,32,0,0,0,27,393,120,67,0,0,304,95,125,48,90,0,0,42,454,0,0,0,406,0,339,49,107,0,0,176,275,52,254,0,154,34,149,48,146,85,0,57,0,109,0,66,0,78,292,0,0,907,51,0,34,148,158,0,0,126,104,81,0,29,35,0,141,153,235,715,173,65,75,27,0,194,0,131,80,0,0,0,0,0,54,0,0,61,318,34,171,38,0,0,0,190,264,51,108,96,51,300,56,140,0,0,0,290,28,205,35,71,112,103,44,0,54,0,36,0,82,0,0,86,103,100,0,0,0,66,58,156,0,672,0,98,116,0,38,125,94,0,323,135,41,122,24,38,83,124,107,0,101,78,63,64,0,111,165,92,39,135,37,0,437,0,177,0,128,68,392,312,0,269,126,0,59,0,48,177,225,85,65,124,0,92,105,0,37,0,0,68,34,0,108,93,217,188,298,146,64,47,80,0,0,0,157,42,121,58,33,68,29,91,69,72,602,62,115,36,293,38,395,0,0,0,120,138,81,78,0,118,34,119,0,0,0,82,119,221,62,0,0,111,93,84,171,333,194,0,0,131,227,0,0,179,108,0,0,0,55,225,154,45,100,50,0,0,794,0,0,284,160,0,0,54,106,116,0,123,104,405,0,128,0,0,0,0,195,43,78,160,35,85,215,144,220,788,137,161,0,59,0,188,196,163,117,61,35,0,0,190,17,304,27,307,217,66,0,0,0,63,154,170,163,497,0,0,87,43,44,0,133,53,0,79,0,279,0,56,260,57,35,0,0,104,0,0,48,171,59,287,90,0,0,538,75,0,0,0,238,807,31,59,39,55,23,0,265,66,208,421,148,143,102,227,24,35,0,0,189,167,236,0,44,32,125,85,66,212,0,0,181,39,0,0,297,0,80,0,131,29,0,184,233,26,0,0,135,87,84,0,390,0,0,0,0,0,0,187,102,53,132,464,0,0,68,43,0,141,80,79,47,0,207,48,177,93,0,122,172,0,69,42,23,0,0,53,130,152,187,76,35,247,50,39,0,48,82,49,24,0,0,43,0,26,0,47,35,148,58,0,0,0,45,132,69,0,0,0,119,187,49,68,0,0,0,0,0,46,72,0,547,156,240,143,0,0,0,0,58,64,42,0,84,66,202,57,128,81,112,158,0,85,0,0,49,0,45,0,37,58,0,169,413,0,0,111,0,0,0,0,76,0,82,88,274,64,0,108,60,172,148,0,114,0,0,61,0,145,50,91,48,0,85,78,0,69,93,0,250,97,0,0,97,76,43,0,0,0,0,161,27,0,196,117,0,62,70,28,0,410,0,130,48,61,106,0,96,153,0,0,28,0,21,54,58,115,27,113,0,0,805,55,41,528,39,27,0,21,81,0,56,0,0,83,88,178,151,118,0,0,77,34,95,73,83,0,0,80,81,79,0,168,33,22,187,0,0,129,79,0,41,40,150,0,0,76,0,0,0,0,0,82,0,71,161,0,197,180,0,0,0,0,37,0,100,123,69,252,0,168,69,140,271,0,67,67,0,70,44,174,251,211,105,0,0,97,65,22,0,69,72,0,0,127,0,40,754,0,0,62,110,46,84,180,106,375,35,133,0,0,0,92,0,280,186,80,28,431,0,0,81,100,0,92,0,0,0,36,64,50,63,0,185,81,0,0,0,0,35,114,0,0,0,81,0,50,821,0,0,710,47,55,33,171,0,320,126,0,154,167,34,41,82,0,0,130,0,202,99,84,82,64,75,34,22,0,663,78,0,0,0,284,0,71,58,147,202,0,0,61,50,77,0,0,219,0,51,0,52,141,104,289,139,94,0,0,0,50,39,0,0,0,113,0,1017,83,60,0,23,94,141,33,76,0,60,238,305,197,69,64,0,0,76,42,146,36,73,0,57,113,103,0,36,389,0,0,174,59,0,67,332,0,51,63,208,0,77,0,103,106,59,0,0,233,336,107,39,0,102,0,50,0,77,431,37,72,97,34,52,27,99,212,0,0,48,33,38,0,52,100,100,36,77,0,0,120,61,87,0,0,70,183,0,30,87,38,79,51,47,310,114,163,61,72,0,0,39,67,105,355,44,0,0,303,70,162,127,0,74,89,44,112,0,40,422,114,338,60,112,72,269,35,191,0,68,43,0,253,136,43,74,0,854,68,76,0,77,64,39,131,0,38,38,337,0,47,346,74,78,38,258,0,163,103,43,58,1450,38,1073,95,167,0,0,352,42,0,183,103,143,123,0,0,88,147,0,61,63,26,143,0,260,199,166,0,71,114,43,210,0,31,90,37,0,72,77,184,277,0,88,0,0,92,0,119,256,33,87,240,47,45,0,26,194,99,0,0,36,227,0,0,90,146,0,0,108,170,0,0,148,135,64,140,153,187,109,67,0,0,0,0,44,346,0,131,77,0,75,124,0,0,0,426,0,222,35,170,0,162,124,53,0,0,561,0,235,76,60,77,0,62,0,0,0,58,293,80,39,119,52,91,0,59,0,162,83,31,38,49,43,24,0,26,292,145,0,40,72,0,205,141,0,0,72,0,432,92,78,0,0,57,66,59,138,78,0,93,75,69,51,186,0,0,268,66,207,48,123,57,0,0,44,389,0,86,0,0,0,115,50,0,71,152,0,0,0,59,95,38,118,45,50,0,82,135,656,947,76,142,195,99,377,85,160,0,73,121,133,0,161,73,144,98,123,0,32,66,65,0,246,216,0,66,95,75,669,28,289,52,111,0,41,0,0,50,68,118,0,748,60,0,137,0,0,106,85,0,51,0,86,0,0,33,111,0,0,114,37,0,107,0,171,35,63,134,117,826,46,47,273,0,207,84,75,0,150,191,0,30,105,17,141,0,11,176,0,241,359,0,0,137,48,202,110,59,0,65,68,0,0,542,124,25,0,57,114,55,61,0,27,52,65,83,45,57,0,0,130,26,0,205,62,75,118,0,51,0,459,0,0,0,0,0,0,41,98,260,0,61,118,95,0,162,0,0,29,86,90,43,0,107,617,0,0,0
230,0,0,0,0,0,78,0,0,25,0,154,0,0,0,127,174,356,0,0,0,225,0,69,50,155,0,0,46,0,0,0,0,0,59,47,48,0,0,170,71,0,0,0,84,0,49,0,100,0,173,0,103,103,15,35,0,0,0,0,12,115,34,178,0,39,72,0,0,0,317,0,0,52,0,167,62,0,324,0,0,0,0,108,176,35,41,0,40,0,57,52,0,0,71,0,0,0,0,0,0,0,0,107,0,26,0,0,0,0,339,28,55,47,121,31,29,0,0,0,185,0,80,0,0,36,0,0,45,0,60,0,48,0,65,78,69,94,102,55,162,0,115,353,0,0,32,26,26,85,0,0,67,53,32,35,0,81,0,182,96,38,0,149,0,86,38,0,122,67,253,198,0,49,0,37,0,79,83,34,0,209,0,26,0,0,0,245,241,0,0,0,92,96,149,0,123,0,0,83,0,62,88,0,457,0,0,0,0,88,91,211,0,44,0,67,49,95,0,0,202,223,0,0,0,0,0,0,93,0,68,0,0,0,0,0,33,73,193,65,37,41,30,53,0,0,98,0,75,0,50,53,0,83,129,0,35,0,0,37,0,135,40,52,0,0,0,418,157,332,0,0,214,178,44,86,65,0,499,147,47,0,52,63,0,47,46,60,1780,0,57,0,97,0,0,66,0,0,0,0,47,0,44,0,0,113,177,277,0,46,0,378,25,0,0,35,0,56,54,0,34,0,0,0,109,58,0,129,0,0,269,0,65,54,0,26,0,0,0,26,0,86,0,52,88,0,0,0,43,56,208,86,0,126,550,0,0,0,296,0,0,0,93,0,20,205,740,183,83,0,122,0,26,28,0,126,176,0,0,0,51,0,55,0,33,346,83,40,55,0,38,0,259,27,47,0,292,37,62,0,0,0,252,0,37,0,0,0,0,0,33,0,71,0,0,18,157,69,72,62,0,128,56,0,48,61,0,0,167,0,0,0,0,28,0,36,0,0,0,151,0,0,128,35,0,0,184,0,45,0,0,0,93,0,70,0,0,0,0,0,79,0,82,0,0,0,0,0,0,0,0,0,200,74,66,45,118,186,83,94,0,40,78,0,75,0,0,56,0,420,54,0,0,0,0,0,55,76,122,0,0,87,0,201,0,58,115,88,0,0,32,0,17,0,0,52,145,0,79,0,123,0,54,39,75,0,0,29,92,0,10,0,0,0,101,0,0,0,0,62,0,77,233,0,0,0,0,0,45,140,0,0,0,143,58,0,0,31,74,0,72,278,0,0,0,247,6,0,0,0,125,271,0,0,0,0,0,212,0,0,176,153,86,0,220,0,129,405,54,0,0,421,0,66,0,0,0,167,0,0,0,0,0,0,0,75,57,93,62,63,0,0,123,94,62,0,72,69,0,0,13,0,0,0,0,0,40,58,0,0,27,0,0,0,0,0,28,0,0,0,0,0,76,0,0,96,0,61,0,151,260,0,0,30,243,0,58,0,68,0,80,0,31,0,0,147,0,0,0,0,279,0,143,0,104,0,0,0,134,0,0,0,0,91,91,0,0,0,90,0,131,0,0,0,0,0,79,0,127,0,0,59,0,0,101,0,35,55,0,44,0,94,95,0,0,0,0,0,162,81,101,53,36,280,179,0,96,43,0,0,123,0,0,0,52,0,0,0,106,96,0,35,671,117,0,81,26,0,96,0,0,107,43,0,67,0,0,0,0,0,0,56,0,0,0,85,0,69,0,67,136,48,37,0,0,97,28,0,0,18,0,40,0,0,0,0,123,56,44,84,0,0,0,24,0,0,0,39,0,0,0,32,54,0,0,0,98,54,125,0,0,0,182,108,0,322,0,21,23,96,31,0,98,27,0,0,15,0,0,141,140,0,32,0,0,0,72,30,0,0,0,0,231,0,196,58,0,94,37,0,41,0,97,0,0,0,397,71,0,205,0,28,0,175,0,65,0,0,0,0,0,0,0,0,120,105,36,0,0,53,0,95,51,23,58,78,0,69,0,0,0,138,0,0,70,0,60,0,38,0,32,155,0,0,0,0,0,41,46,18,69,0,0,0,0,145,0,0,0,0,0,44,0,0,0,0,0,0,0,34,0,0,0,0,0,0,0,0,0,0,0,0,0,30,0,0,0,0,0,55,46,0,0,0,0,0,0,0,192,0,0,50,0,23,68,0,0,56,0,279,0,34,0,89,43,0,0,55,0,0,0,118,0,0,37,0,171,0,59,0,269,0,0,0,0,0,0,0,0,0,33,0,0,0,0,45,0,0,183,0,0,0,0,0,0,0,253,45,59,0,0,0,29,0,0,0,137,0,0,0,0,0,0,0,0,109,0,0,754,32,115,19,57,0,0,0,0,130,36,0,0,0,0,0,0,0,0,61,0,0,0,85,35,0,0,121,47,0,132,0,0,0,0,101,0,0,0,0,0,29,0,0,0,0,61,0,0,0,0,0,0,116,0,0,0,0,23,0,0,0,0,0,0,0,0,0,0,0,0,0,0,28,0,67,0,0,214,0,0,85,0,0,90,0,0,0,26,90,0,37,0,0,47,121,0,0,0,0,0,0,0,0,0,0,0,0,0,0,46,0,0,0,54,0,69,0,0,0,156,0,0,0,0,0,113,33,0,0,0,0,0,0,0,0,33,0,0,66,100,0,0,0,0,0,0,159,77,0,0,0,0,70,86,0,94,0,0,0,0,0,14,0,0,38,72,0,0,85,0,0,193,0,0,145,111,0,0,66,28,0,0,0,0,36,0,0,0,0,0,73,0,0,0,93,47,37,48,0,0,0,0,79,0,0,120,0,0,0,65,0,0,0,34,54,0,0,64,0,0,0,19,0,70,25,0,0,0,0,0,96,173,332,0,0,0,0,82,18,43,0,88,0,0,0,0,26,0,25,0,0,26,0,53,0,0,0,94,0,0,44,0,130,0,0,0,0,0,52,167,59,0,36,0,0,28,55,0,222,112,17,141,0,0,737,0,73,0,0,50,0,150,0,0,42,0,0,0,60,85,30,0,0,0,0,0,0,0,0,0,40,0,0,0,47,50,0,33,0,0,32,0,28,0,225,0,0,0,689,104,0,105,0,37,23,143,40,30,87,0,92,0,0,0,0,0,122,0,60,0,253,0,601,159,0,232,0,0,25,40,0,95,0,0,23,104,202,0,186,0,74,0,28,63,0,0,43,88,0,92,27,0,24,0,0,0,15,57,64,0,86,70,44,0,71,0,0,149,0,0,323,0,0,0,0,0,0,139,0,32,196,0,44,0,80,0,74,0,42,0,150,0,24,0,52,0,0,0,0,31,0,0,73,0,0,0,0,0,0,0,0,0,0,0,0,125,42,37,0,0,0,0,25,206,0,0,146,0,0,0,79,0,0,61,0,0,0,0,0,0,70,0,0,0,0,0,125,0,0,63,0,21,53,0,0,0,0,62,0,129,52,0,0,0,0,0,68,0,96,0,162,102,0,0,130,120,0,0,74,0,62,0,34,31,140,0,170,0,0,77,30,0,0,0,0,0,0,75,0,0,0,104,0,0,0,104,70,0,0,0,0,0,0,0,118,0,0,447,0,41,0,0,33,0,0,0,23,0,0,141,0,0,0,0,0,0,0,0,123,68,0,0,0,0,0,63,0,0,0,0,52,0,0,406,0,0,0,0,11,0,0,40,130,0,0,0,0,0,0,0,0,51,0,82,0,0,0,38,54,0,0,83,101,10,0,0,0,146,0,0,0,0,0,145,37,0,0,0,68,60,90,0,0,0,0,0,246,0,0,0,120,0,595,0,0,0,15,59,54,0,63,0,70,0,54,0,98,0,0,36,0,0,0,0,0,70,186,0,0,211,0,0,0,47,51,0,0,0,0,0,0,0,0,0,57,59,110,317,0,0,62,0,0,0,0,0,24,0,0,0,0,0,0,0,0,0,172,0,184,0,0,0,0,214,0,0,47,0,0,71,0,0,0,0,0,0,0,211,0,43,21,63,0,0,43,0,0,0,38,0,0,0,65,0,0,0,0,0,0,131,0,120,0,67,52,0,0,0,33,0,160,64,0,0,0,0,0,0,0,0,0,0,31,0,0,0,62,0,0,69,0,0,0,0,0,0,0,0,188,108,0,105,54,0,0,0,0,0,43,75,0,39,0,0,0,0,0,0,0,0,0,0,0,0,37,0,60,40,0,0,0,0,0,0,0,26,0,0,97,0,33,0,0,0,40,0,0,0,0,0,116,26,0,0,0,0,30,0,0,99,0,0,0,0,0,23,0,0,0,0,0,41,0,0,0,78,75,0,0,0,0,0,0,0,45,0,0,0,0,0,0,10,0,0,0,0,0,0,0,131,34,0,0,0,0,0,0,0,41,120,0,39,0,0,0,0,32,0,39,33,0,60,0,0,0,322,0,0,0,0,0,85,0,61,0,0,184,0,0,31,0,174,0,45,0,0,0,0,0,0,79,72,43,0,18,0,0,0,0,0,0,0,0,0,0,0,0,0,0,0,0,0,0,0,0,0,27,101,0,0,0,0,0,252,0,0,0,0,0,115,0,52,0,30,0,0,0,36,0,105,0,0,55,91,0,0,0,0,0,0,65,0,0,0,0,87,0,0,0,0,0,0,0,0,127,0,0,0,0,0,0,0,0,0,0,0,153,0,44,0,43,0,0,0,0,0,0,96,0,39,0,154,0,0,0,0,0,0,0,0,0,0,93,0,31,0,0,79,290,42,37,0,0,0,0,28,107,0,91,50,0,206,39,95,0,0,65,0,0,0,0,0,0,0,0,57,47,0,73,0,0,0,0,35,0,0,50,0,0,33,0,63,0,0,0,0,0,0,0,0,74,80,65,62,0,0,0,0,54,32,0,0,63,70,63,0,106,54,41,64,0,0,0,0,0,0,41,0,0,0,0,256,0,0,0,118,0,0,0,0,0,22,0,0,113,0,0,0,0,175,82,0,137,46,0,42,47,42,0,30,29,0,0,0,0,0,60,0,155,0,0,0,56,0,0,0,32,37,0,0,0,0,33,41,35,0,42,0,0,384,0,38,0,0,41,0,24,161,0,0,0,35,34,0,0,0,0,46,0,0,0,0,0,122,0,0,0,0,0,0,0,0,0,43,65,81,30,74,0,0,32,35,24,12,52,0,0,0,0,0,0,112,0,0,73,0,0,76,43,0,109,0,85,0,0,0,58,0,0,0,0,64,0,62,69,0,63,0,0,0,0,0,150,0,56,85,45,119,66,0,85,64,133,0,46,0,0,29,0,74,25,103,57,0,0,61,0,0,0,0,41,0,0,0,122,0,457,0,0,0,0,0,81,173,0,0,0,40,0,0,0,44,0,152,93,44,0,111,0,0,105,0,0,0,0,0,0,30,44,31,35,0,148,77,0,0,0,0,0,0,0,0,0,0,0,0,103,0,0,255,0,0,0,84,0,0,39,0,0,0,0,0,40,0,0,0,0,42,0,0,0,0,0,0,0,0,16,59,0,0,0,179,0,0,0,75,127,0,0,0,0,21,0,0,41,0,0,43,0,0,97,128,48,0,0,0,0,0,0,0,0,0,0,0,335,174,0,0,0,0,55,0,0,40,0,110,76,0,0,48,0,0,25,0,0,0,0,0,0,99,95,0,0,179,0,0,0,0,0,0,73,0,0,0,39,0,0,0,0,0,0,0,0,55,82,47,0,0,0,0,0,0,0,159,0,0,96,0,0,0,50,59,0,0,0,0,0,0,0,0,25,0,15,0,0,0,0,74,0,0,28,43,0,0,17,0,23,0,0,177,0,68,0,0,0,0,0,0,51,295,68,0,0,151,93,0,65,0,56,50,0,137,0,0,36,0,160,0,0,0,33,0,175,0,0,0,0,88,0,0,0,0,194,47,0,0,0,0,0,62,0,0,0,0,0,0,73,53,0,0,173,0,101,108,0,53,0,0,0,52,54,0,0,128,0,45,0,40,71,60,0,0,0,95,0,0,0,0,54,0,91,72,0,12,0,0,0,28,0,0,66,0,0,0,0,70,137,0,34,0,0,36,0,76,200,0,0,0,0,0,0,0,74,79,0,0,39,0,0,0,40,98,0,0,0,43,0,0,0,0,0,34,0,79,0,0,0,0,0,0,0,0,0,0,0,0,0,42,0,0,0,77,0,0,0,67,30,32,0,26,0,0,66,0,241,0,0,0,0,0,0,0,0,0,0,0,0,67,42,97,0,46,0,55,0,0,0,32,0,0,0,0,117,0,0,26,0,0,24,0,0,0,0,0,48,0,60,0,0,0,0,38,0,0,0,0,0,0,0,107,0,0,0,0,93,0,22,0,0,0,0,42,0,23,0,0,0,36,0,0,0,52,0,0,0,0,0,0,0,0,0,0,41,83,375,205,0,0,0,39,73,9,105,0,0,49,32,0,50,73,87,0,0,0,0,0,0,0,102,0,0,24,0,0,205,0,41,0,77,0,0,0,0,0,35,47,0,250,0,0,0,0,0,42,50,0,0,0,89,0,0,36,46,0,0,0,0,0,0,0,0,0,67,74,22,439,0,0,38,26,201,0,64,0,0,0,0,0,101,0,86,0,0,34,0,47,49,0,0,50,0,94,141,0,0,0,18,0,0,0,49,0,0,0,0,0,0,23,0,0,0,0,0,0,0,0,42,0,0,0,0,0,54,0,0,0,76,0,0,0,0,0,0,0,0,154,0,33,0,64,0,16,0,0,0,0,0,0,0,0,280,22,0,0
231,0,0,0,87,64,83,0,0,153,0,382,0,0,0,347,133,99,0,67,0,389,95,62,71,191,0,71,93,59,0,0,94,0,0,276,174,0,66,275,225,65,65,54,356,0,155,42,382,0,270,23,134,162,50,231,0,0,0,48,0,209,66,290,45,106,98,0,43,0,389,0,0,0,0,547,213,0,334,0,125,29,115,131,296,66,52,38,87,42,350,123,47,50,107,49,80,0,92,32,0,0,0,213,0,23,137,57,81,140,162,75,149,136,166,97,107,271,54,28,377,45,176,49,39,76,0,0,144,55,213,0,445,0,93,92,287,71,207,112,68,110,123,332,0,0,106,65,123,185,0,0,173,66,85,176,0,98,118,316,227,84,40,116,74,102,45,41,177,316,206,238,65,95,0,99,44,151,334,104,0,191,0,82,43,131,50,986,309,0,9,0,74,72,95,0,56,48,0,141,0,115,129,0,196,0,120,30,20,108,172,97,52,110,43,166,31,45,0,53,124,134,68,0,430,0,0,210,670,0,81,0,0,58,0,0,33,70,346,64,0,180,45,85,60,0,281,0,0,0,111,82,450,54,118,0,75,37,69,58,406,149,135,0,130,0,0,530,103,508,64,0,175,410,68,119,83,0,1324,390,78,0,259,241,162,54,71,423,1530,249,91,0,131,29,0,73,39,73,143,72,39,0,54,43,0,599,164,269,0,146,110,457,86,0,0,70,92,345,115,98,66,0,30,0,182,111,80,118,0,0,440,0,229,87,104,169,0,0,41,106,0,48,0,112,145,37,0,0,158,1571,229,188,0,63,582,39,64,40,310,175,44,126,177,56,173,244,711,235,88,52,67,93,51,84,123,97,233,0,0,300,83,65,37,0,142,202,161,225,83,20,56,70,821,51,110,72,797,49,249,192,0,0,331,0,43,158,61,36,98,70,262,0,68,29,0,0,148,145,176,423,0,129,95,0,60,97,92,80,282,43,0,0,0,29,81,41,64,62,33,223,0,22,785,182,284,142,326,188,45,101,0,0,341,34,128,39,70,92,0,0,195,36,268,145,0,34,0,77,33,59,52,50,420,125,65,98,251,423,183,118,165,64,123,418,147,0,39,65,108,601,373,41,21,185,49,82,425,291,278,41,0,163,68,1281,114,113,208,0,95,41,133,74,34,40,0,0,292,98,122,310,230,52,205,231,80,39,72,159,169,47,84,0,0,0,76,161,39,0,0,314,35,192,297,0,43,29,251,75,104,239,126,78,53,85,47,63,0,108,0,101,116,287,0,74,157,247,53,47,0,42,233,392,0,0,27,0,0,125,0,66,209,155,241,0,248,0,630,715,131,51,0,911,0,121,52,21,0,216,0,61,31,52,79,114,84,223,0,228,112,100,0,43,348,432,129,36,104,82,0,46,0,0,0,0,64,0,100,0,0,332,177,26,56,50,34,67,108,141,37,0,0,0,112,0,25,292,0,171,0,73,208,0,0,51,776,0,86,70,42,189,139,77,110,0,45,0,41,45,60,79,272,40,285,44,244,54,0,68,508,58,52,0,122,90,158,0,72,88,166,0,0,67,106,0,45,41,232,34,583,0,34,52,0,96,102,0,57,136,189,200,0,246,134,0,0,0,0,102,342,107,233,60,235,1304,294,561,232,73,0,0,155,95,52,65,92,0,0,46,344,237,461,83,863,161,0,109,0,0,179,0,43,73,62,37,207,0,0,70,0,0,33,78,0,66,0,100,0,51,27,149,177,236,0,0,77,242,53,68,49,115,279,50,130,0,0,0,128,77,73,313,0,0,97,47,0,38,0,148,43,52,103,43,96,55,314,86,196,60,131,41,86,24,348,226,0,269,0,0,49,74,146,35,298,49,0,57,125,63,0,199,446,0,0,67,0,0,0,56,51,0,0,102,290,33,267,69,0,109,64,39,159,0,0,66,0,0,619,337,125,350,37,48,52,320,0,81,71,0,72,34,0,21,0,0,0,259,0,0,0,31,88,75,0,0,96,90,0,65,0,0,82,337,0,130,291,177,197,50,0,76,137,291,0,67,0,51,79,173,160,408,176,0,33,0,75,969,77,85,85,0,126,0,87,0,0,128,169,60,62,73,63,46,46,0,82,62,91,146,176,0,60,112,34,64,0,186,0,61,86,0,82,0,114,183,100,0,111,0,480,0,61,134,72,110,244,145,0,277,87,885,36,0,45,290,93,67,0,417,27,0,97,206,46,0,76,136,532,82,702,0,1994,179,62,95,62,0,55,0,0,125,0,0,140,0,0,400,86,119,482,261,62,0,0,206,49,280,528,449,170,185,0,89,0,0,41,0,257,64,92,0,32,138,51,32,0,217,22,216,514,88,197,99,142,125,57,91,285,319,74,30,136,0,131,141,480,0,134,162,205,96,0,359,113,84,36,530,530,320,238,0,157,170,75,195,0,65,0,97,0,86,0,85,0,99,863,0,24,57,105,26,0,300,94,273,137,103,89,103,0,54,88,82,211,0,46,65,121,100,0,119,56,117,86,385,0,43,460,128,0,454,87,172,334,49,125,0,48,59,0,307,0,0,177,918,0,0,18,271,131,0,121,0,56,42,0,0,43,219,109,81,139,123,0,123,248,0,0,75,236,47,72,113,458,52,200,180,120,0,102,0,166,0,36,126,263,0,53,387,108,43,87,46,0,0,105,153,450,62,26,193,24,337,303,0,230,71,0,50,0,55,0,49,65,0,173,35,63,104,46,0,1129,72,35,241,178,40,84,49,0,102,197,0,41,129,45,0,32,0,0,293,0,0,50,150,92,86,75,0,0,52,0,161,35,82,189,41,33,0,130,0,0,0,117,63,123,0,34,0,0,132,0,0,169,46,0,61,0,0,35,203,194,421,43,99,0,29,71,144,0,41,238,116,54,0,97,52,28,95,41,0,155,109,98,111,0,0,59,37,0,212,65,728,50,0,70,57,59,64,434,106,0,33,169,0,77,61,40,427,118,0,345,38,0,2051,133,88,0,0,55,61,552,0,0,133,74,92,0,157,35,46,0,0,41,23,36,337,0,43,30,63,56,69,23,44,107,85,0,0,64,0,0,37,131,367,0,0,0,1266,334,0,241,119,54,161,130,49,32,41,0,143,144,0,78,0,0,439,63,115,130,153,0,815,195,0,140,33,0,0,0,0,373,97,0,0,135,352,76,173,0,203,0,118,151,0,16,368,139,70,105,67,0,98,179,0,150,37,168,99,38,444,86,134,54,67,0,61,276,102,0,330,0,40,187,0,0,0,127,0,77,246,74,234,0,155,95,278,155,102,0,242,205,0,61,0,91,33,32,81,96,79,0,136,65,152,137,20,55,52,0,173,0,40,0,380,408,0,46,34,103,57,0,0,188,0,282,443,0,0,86,209,80,60,119,0,0,55,0,19,85,334,120,0,67,89,42,269,19,78,68,23,28,195,0,0,0,189,132,0,220,48,50,0,90,0,0,251,41,177,0,122,179,37,0,355,175,82,0,183,188,114,0,15,106,246,0,478,40,77,56,256,33,89,19,491,79,0,112,698,0,0,120,156,0,104,236,159,0,185,86,70,85,42,0,282,0,76,283,0,168,0,73,95,62,53,107,117,160,0,178,37,43,0,0,52,135,0,41,482,564,66,0,94,120,0,0,22,154,136,37,74,47,49,247,0,64,45,0,52,86,13,180,92,81,152,70,55,159,52,55,77,117,101,73,181,60,128,398,131,69,52,64,730,34,0,91,49,426,13,0,0,0,30,595,104,38,50,34,267,80,165,62,138,0,163,30,492,0,49,0,491,45,219,69,141,62,0,238,197,62,202,74,247,42,234,156,151,226,0,113,0,44,36,98,0,173,462,0,0,501,38,0,55,110,136,38,70,150,0,0,51,0,53,0,264,105,282,569,106,123,37,0,73,92,46,135,206,0,0,0,0,0,212,0,0,76,216,0,321,0,32,0,26,129,339,160,135,59,42,503,72,899,29,41,30,147,0,240,63,0,114,129,0,0,65,0,34,0,77,0,47,747,104,83,0,0,0,46,0,110,0,590,0,148,52,0,34,107,56,0,251,278,38,109,69,64,71,89,122,0,191,97,96,47,0,73,232,106,0,172,0,0,377,28,29,47,181,82,553,379,0,405,157,91,0,0,65,114,193,148,110,171,46,61,140,0,33,59,25,110,78,0,49,102,52,68,213,142,39,0,111,0,0,26,47,37,77,124,484,37,83,89,59,52,275,53,47,87,340,0,336,146,0,69,120,243,110,0,0,298,0,66,60,49,0,158,91,239,0,45,0,185,94,101,100,118,252,0,25,25,301,28,0,0,118,0,0,72,0,277,286,35,83,83,0,0,324,30,62,353,0,55,0,67,57,0,0,357,175,363,0,126,61,78,0,0,297,89,174,92,25,150,240,91,0,382,212,85,0,74,92,138,240,157,71,90,578,0,36,227,155,269,0,151,156,80,0,0,0,54,338,349,232,241,84,0,119,42,0,0,123,0,0,125,0,170,0,29,218,69,0,0,0,114,167,44,93,270,53,353,241,0,0,404,59,0,0,36,336,983,0,114,53,77,36,0,47,102,199,330,97,181,235,142,0,53,0,45,171,51,378,0,39,0,82,112,82,165,32,0,147,0,229,0,431,0,127,33,0,0,0,105,156,0,0,51,561,68,64,0,1793,0,57,0,0,0,0,330,0,51,129,636,32,0,62,0,0,121,104,116,36,51,127,58,119,45,0,54,419,51,131,49,58,0,60,41,114,128,331,39,30,541,151,118,91,71,51,90,16,0,0,94,0,71,44,151,39,205,202,41,0,0,183,254,52,0,76,0,85,170,78,84,56,0,0,0,0,0,116,56,418,104,303,173,0,0,0,23,0,99,55,28,172,142,465,64,114,85,92,156,42,85,0,0,74,58,121,0,0,0,0,282,235,0,41,64,56,60,0,0,52,0,258,88,356,56,0,112,90,113,50,0,82,92,0,41,74,237,60,106,55,0,111,50,0,67,296,47,79,116,29,56,142,50,44,0,96,117,0,212,0,0,181,156,50,39,207,0,0,1255,0,112,90,29,105,44,64,105,48,41,48,0,86,49,85,159,0,76,0,0,759,51,121,180,58,52,0,0,86,0,52,0,72,80,53,339,175,64,0,0,66,86,92,74,49,19,18,76,92,63,0,79,58,0,178,0,0,84,116,0,228,70,241,0,42,89,86,0,0,0,0,64,0,141,191,16,191,470,0,50,16,50,248,0,77,66,77,160,0,192,33,73,263,0,99,89,48,65,158,196,185,118,107,0,0,34,89,0,0,65,73,55,36,94,180,99,841,63,0,48,141,31,148,128,63,507,0,114,53,36,0,91,0,212,626,98,0,169,0,0,75,43,70,29,0,0,0,61,64,164,75,32,387,129,0,0,0,0,0,216,125,50,41,0,0,100,790,46,30,792,0,122,30,253,0,194,105,26,181,105,41,51,74,0,0,233,25,442,153,140,52,68,39,0,0,33,850,141,41,0,0,217,0,144,254,431,264,52,0,69,0,0,67,0,527,0,39,0,54,586,195,343,191,117,646,0,33,68,0,86,83,68,246,0,1212,43,52,0,28,85,214,43,198,62,49,70,186,152,51,47,55,112,53,0,93,0,107,0,89,189,182,138,0,550,0,0,160,0,0,129,376,23,99,48,241,91,0,0,76,0,136,0,0,90,1606,61,0,38,62,51,33,45,99,352,55,195,63,0,102,61,139,253,68,0,0,27,0,0,35,150,30,0,75,51,0,63,94,89,291,0,94,0,0,27,202,22,70,143,102,321,327,177,0,231,30,0,138,36,180,565,88,0,0,416,110,116,160,23,0,0,69,147,0,93,917,47,242,72,194,177,261,333,237,0,126,105,49,189,36,111,90,64,305,79,115,29,27,48,0,481,0,53,81,1231,0,55,374,137,69,112,229,0,112,298,100,119,675,101,478,99,305,0,56,302,0,74,66,148,137,198,0,0,108,211,36,259,179,41,126,0,321,188,180,0,212,134,52,155,0,0,118,119,117,0,55,436,327,42,124,0,0,64,0,165,370,0,47,183,0,0,43,89,215,361,0,0,50,190,49,98,80,151,0,0,82,173,0,50,363,133,89,178,22,411,132,36,0,64,0,0,51,355,38,120,53,0,213,121,0,86,32,268,0,231,109,188,172,207,79,201,0,19,473,67,501,69,104,84,0,40,47,0,76,40,91,152,31,226,120,345,0,67,38,241,73,48,0,68,57,53,75,52,308,132,67,100,54,0,258,51,0,0,0,0,349,79,106,0,0,71,98,134,124,52,66,80,113,168,259,394,47,41,234,185,199,96,60,50,0,0,0,269,0,112,0,104,0,69,26,0,38,256,95,0,0,0,69,31,100,0,44,0,78,208,794,561,83,175,172,62,377,101,181,0,116,99,154,44,122,306,169,70,119,73,0,38,110,0,255,143,25,96,0,97,717,0,227,52,223,85,0,35,30,57,131,246,0,853,229,0,348,0,0,144,138,0,107,43,504,0,0,91,224,0,0,74,0,0,194,0,163,45,116,195,242,1246,214,30,231,50,129,93,182,41,154,207,0,0,143,60,341,42,0,274,26,113,230,0,37,91,67,235,482,70,69,0,73,0,0,645,176,0,29,0,93,0,61,0,81,40,61,124,133,209,25,0,121,0,0,609,131,83,117,0,167,0,643,0,0,0,0,0,0,0,180,290,0,67,126,199,51,252,69,0,0,63,52,0,0,135,591,87,0,57
232,0,0,0,38,0,25,0,0,0,0,167,0,0,0,51,60,47,0,0,0,0,0,0,74,0,0,0,66,35,0,0,0,0,0,56,85,0,92,291,0,0,39,0,66,0,0,0,48,0,64,0,125,39,0,188,0,0,0,30,0,104,62,137,25,0,28,0,0,0,49,0,0,0,0,96,88,0,204,0,121,0,0,162,241,82,0,0,0,0,247,0,0,63,0,0,0,0,56,0,0,0,0,158,0,0,0,0,97,0,58,0,64,0,0,0,33,77,0,0,181,0,0,0,0,0,0,0,71,32,0,0,0,0,0,0,0,46,29,0,0,0,97,81,0,0,0,46,0,113,0,0,98,37,144,96,0,101,22,181,214,0,0,135,0,177,54,0,0,130,0,0,0,45,0,26,0,0,0,43,46,131,0,0,0,32,34,259,124,0,0,0,82,74,77,0,0,0,0,46,0,0,96,0,81,0,0,0,29,39,104,0,0,0,0,57,0,0,0,0,0,0,0,13,0,0,0,91,70,11,0,0,0,0,0,0,54,52,266,38,0,97,0,37,0,0,154,0,0,0,0,0,0,0,0,46,70,0,28,82,169,107,42,0,0,0,0,203,60,308,0,0,31,82,0,0,0,0,246,273,44,0,67,123,0,0,0,205,316,55,57,35,165,0,0,62,0,44,61,0,65,0,0,28,0,206,0,253,0,0,0,119,93,0,0,22,42,178,0,38,0,0,0,0,179,0,30,69,0,0,150,0,60,0,0,57,0,0,0,55,0,0,0,0,46,0,0,0,0,216,171,56,0,43,164,0,21,54,0,205,0,0,0,0,0,60,607,74,64,0,0,63,44,29,102,34,69,0,0,66,0,27,0,32,62,830,75,88,35,0,0,0,420,0,47,0,211,0,98,78,0,0,140,0,0,0,0,0,0,0,0,0,0,0,0,0,65,81,117,285,0,0,0,0,103,0,40,0,111,0,0,0,0,0,56,27,0,0,0,47,0,0,206,120,59,0,195,103,0,43,0,0,172,0,0,0,0,0,0,27,131,0,55,67,0,0,0,52,0,33,0,0,188,23,66,0,60,100,47,23,94,0,45,0,0,0,0,0,77,462,128,0,0,76,0,42,224,96,116,0,0,0,0,83,0,0,79,0,0,0,35,0,0,0,0,0,122,0,31,123,78,0,121,104,0,0,0,59,69,27,0,0,0,0,0,0,0,0,0,123,0,0,73,0,0,0,0,0,0,64,131,52,0,63,0,0,0,63,0,30,0,115,0,33,74,0,27,0,0,0,57,133,0,0,0,0,0,106,0,41,129,59,93,0,52,0,281,296,0,0,0,0,0,0,0,0,0,112,0,21,0,0,0,0,0,0,50,74,23,0,0,0,189,133,0,0,0,105,0,41,0,0,0,0,52,0,0,0,0,0,0,0,0,0,0,0,46,0,0,0,0,0,75,0,0,73,0,26,0,77,121,0,0,0,57,0,0,0,0,0,0,0,0,0,0,102,0,0,0,0,226,0,0,0,34,0,0,0,55,0,0,0,0,61,0,0,0,0,0,0,40,0,0,0,0,0,0,0,63,0,0,43,0,0,0,0,0,0,0,0,0,98,152,0,0,0,0,0,0,74,0,86,0,94,166,81,0,0,0,0,0,77,0,0,57,0,0,0,84,0,84,0,136,74,0,0,0,0,115,0,0,50,0,0,0,0,0,0,0,0,0,58,0,0,0,0,0,27,0,96,64,0,0,0,0,58,16,0,0,0,48,0,44,0,0,0,59,46,24,206,0,0,0,0,0,0,0,0,0,25,0,0,0,0,114,0,0,0,105,0,0,0,83,0,0,135,0,0,0,0,129,0,183,0,0,0,0,0,0,0,123,0,0,0,0,0,0,0,0,0,0,0,210,0,129,0,0,39,32,0,96,0,69,0,0,0,435,98,0,0,0,0,0,40,0,0,0,0,0,0,0,30,0,0,119,53,0,0,0,24,0,47,31,0,0,0,0,80,0,0,0,0,0,0,0,46,91,0,0,0,46,72,0,68,0,0,0,76,157,53,113,0,58,0,0,162,37,70,53,0,0,73,48,0,0,110,0,0,0,15,74,0,0,0,0,37,0,40,56,0,0,36,0,0,0,126,0,0,0,0,0,0,0,0,44,0,28,0,0,0,0,94,0,69,88,37,0,51,0,63,0,0,0,193,25,0,0,91,0,0,59,143,0,0,0,90,125,44,0,0,410,0,0,39,0,0,0,0,0,33,0,0,46,0,0,163,0,66,151,132,0,40,0,84,0,58,142,94,0,55,0,0,57,0,0,0,61,0,0,0,0,0,0,0,0,75,0,67,135,0,214,0,0,0,0,0,50,0,0,0,0,0,23,57,273,0,69,0,0,28,0,56,0,0,0,187,207,29,31,0,48,0,0,0,0,0,0,0,0,45,0,0,0,0,403,0,0,0,0,0,0,190,37,0,80,37,0,0,0,0,0,0,68,0,0,55,51,0,0,69,0,88,0,0,0,0,80,24,0,157,0,76,158,0,67,0,0,0,0,151,0,0,137,0,0,0,0,0,0,0,0,0,0,0,0,0,0,43,41,19,33,0,0,48,157,0,0,58,0,0,0,27,129,47,93,0,0,0,61,0,23,0,0,0,68,0,0,43,0,0,0,0,0,0,0,0,152,0,0,0,0,192,90,0,80,0,0,11,0,0,0,45,0,0,0,0,0,44,0,0,49,0,0,68,0,0,45,33,0,0,0,0,0,0,0,0,41,0,0,87,0,0,41,124,55,0,57,0,0,63,0,95,0,42,41,0,0,0,49,0,0,0,0,0,24,0,0,0,0,0,0,0,0,0,0,0,0,0,0,24,0,0,0,0,0,0,26,0,42,0,34,43,0,0,55,0,0,0,0,0,0,0,0,34,0,0,45,0,0,35,0,0,0,0,0,0,44,0,0,111,0,0,82,0,0,0,0,0,86,43,48,0,0,166,0,0,0,0,0,0,142,0,0,0,33,50,0,40,89,0,0,0,0,0,0,73,0,42,0,39,0,72,0,0,0,0,0,0,0,0,0,0,0,0,0,0,0,535,92,0,0,0,0,77,80,0,0,0,0,43,0,0,0,0,0,0,0,33,0,63,0,318,17,0,189,0,0,0,0,0,0,0,0,0,44,132,0,48,19,50,0,0,0,0,0,0,0,0,0,76,0,0,0,64,117,0,55,0,0,118,0,0,0,0,0,0,0,0,0,224,0,0,71,0,0,0,95,0,0,0,0,0,0,59,0,0,91,0,0,0,176,0,0,0,0,0,0,0,0,0,0,73,0,79,0,0,59,0,0,66,0,0,0,133,141,0,0,0,0,0,0,46,117,0,0,15,0,0,0,37,0,0,0,0,0,0,0,0,114,56,101,0,0,73,0,61,0,0,0,27,0,106,0,0,0,36,82,0,37,110,0,0,0,0,0,68,0,38,0,0,160,0,0,163,41,0,27,145,0,107,0,0,49,310,0,51,0,0,0,48,0,0,65,61,36,0,130,67,0,0,180,0,0,0,47,0,0,0,21,23,0,0,0,69,0,0,147,0,0,0,0,0,0,0,0,0,46,0,101,0,0,0,0,0,0,0,39,127,116,22,0,0,59,0,109,0,0,0,0,35,0,0,587,46,26,21,0,0,29,0,99,147,0,0,30,0,119,50,0,77,69,0,0,0,0,0,0,61,0,0,0,231,0,0,0,0,121,0,36,0,0,0,207,99,0,0,0,105,0,86,35,74,0,36,0,260,0,0,0,95,0,109,0,26,0,0,0,56,44,0,0,86,0,65,0,113,44,0,0,0,101,0,0,0,0,276,0,0,281,0,0,0,86,110,0,34,207,62,0,0,0,0,0,87,37,51,443,0,66,0,0,0,46,0,0,83,0,0,0,0,0,104,0,0,70,0,0,0,0,58,0,0,52,83,0,59,0,0,0,100,372,0,0,0,118,0,198,0,34,60,44,0,0,0,0,0,0,58,0,0,154,43,0,0,0,0,0,0,50,0,464,0,54,117,0,0,0,0,0,234,50,0,38,28,0,0,0,0,0,51,0,0,0,0,0,0,0,0,0,0,0,107,0,0,0,0,0,0,31,0,0,0,36,0,0,0,81,73,15,0,0,0,43,0,0,0,0,0,0,0,0,0,0,31,0,59,0,0,0,0,0,0,0,56,0,71,0,109,0,0,0,0,0,324,0,0,0,61,0,219,0,0,0,0,0,57,0,0,84,0,52,0,0,0,0,80,55,0,0,0,78,0,0,64,0,0,0,0,0,47,0,0,58,0,0,0,0,0,21,0,0,0,0,0,0,190,0,0,0,0,0,0,0,64,31,0,0,0,182,0,0,0,0,0,0,54,0,35,0,0,0,51,0,30,206,75,0,0,0,0,113,92,72,0,0,205,0,0,0,0,55,0,203,0,0,0,0,0,0,95,128,25,95,0,0,0,0,0,0,0,0,0,0,0,0,0,0,230,0,0,0,0,0,33,0,0,0,0,43,0,0,32,96,52,0,0,0,40,67,0,0,0,0,0,0,106,0,0,91,0,38,47,50,0,0,0,0,42,119,112,0,0,0,0,62,0,103,0,0,0,0,0,0,0,0,0,0,106,0,0,37,119,0,0,0,252,23,0,0,0,0,0,0,0,0,0,51,56,0,0,120,0,0,0,0,0,0,0,0,0,0,0,0,0,37,0,0,95,0,60,0,0,0,46,46,84,0,0,55,0,0,95,0,70,70,82,0,0,32,0,0,0,0,53,52,0,78,140,0,0,0,64,0,0,0,0,0,64,0,0,0,0,0,0,0,0,45,28,51,100,47,96,90,0,0,0,0,61,52,0,0,0,48,330,0,111,0,0,114,0,37,0,0,0,0,0,0,0,0,0,0,164,0,38,127,0,21,0,0,0,0,0,0,151,0,0,0,0,303,97,0,94,0,0,0,0,140,0,54,0,0,77,0,0,0,177,56,63,84,0,0,83,65,0,0,67,0,0,0,20,0,94,46,0,0,0,0,0,638,0,76,0,0,0,0,32,201,0,0,0,0,0,31,0,157,0,0,0,0,61,0,64,172,0,53,0,0,0,0,0,0,57,84,0,39,73,151,0,0,0,0,62,0,0,0,0,0,0,0,0,0,0,43,80,0,0,146,0,0,12,55,91,0,0,0,0,0,0,0,0,0,27,48,0,0,106,0,0,0,0,0,67,0,0,136,0,178,63,131,58,0,101,0,0,37,0,55,93,71,0,155,39,26,0,0,50,0,0,0,66,0,0,0,43,65,571,0,0,0,0,0,24,247,0,0,0,44,0,0,0,62,0,185,87,0,0,122,0,0,106,0,0,0,0,0,0,61,72,0,75,0,139,89,0,0,0,56,0,109,0,0,0,29,0,0,1124,0,0,334,0,73,0,167,0,132,56,0,232,0,0,0,39,0,0,0,0,143,0,45,0,0,0,0,0,0,554,63,0,0,0,179,0,82,115,238,0,0,0,0,0,153,0,0,0,0,0,36,0,0,60,0,39,63,61,0,32,0,31,0,0,0,0,0,140,153,0,43,0,239,78,22,59,114,0,92,112,70,0,0,0,0,0,0,0,51,55,0,0,66,77,0,0,281,0,0,0,0,0,0,0,0,0,49,85,0,0,0,201,0,0,0,0,55,194,120,0,0,165,0,29,0,0,0,45,0,61,0,106,0,51,99,0,0,0,0,0,0,0,82,62,52,0,0,0,30,0,0,0,48,0,137,0,0,176,0,38,41,63,65,84,0,0,34,49,23,44,0,0,424,51,0,0,217,25,0,0,0,52,0,31,54,0,0,0,68,569,0,83,0,94,0,430,0,32,69,0,87,69,0,0,40,205,0,64,0,0,0,0,0,0,0,34,85,0,0,0,20,86,0,342,0,44,53,56,0,92,0,87,0,52,0,57,166,0,169,0,80,38,0,0,0,34,0,0,0,0,0,0,0,0,48,118,0,72,0,0,37,0,0,41,0,54,0,0,219,0,0,0,0,0,23,0,132,121,61,37,121,0,0,0,0,45,0,0,0,0,114,0,0,65,0,0,0,64,58,0,0,38,0,0,0,85,104,118,60,0,0,0,0,0,76,0,0,0,0,43,99,23,0,0,148,0,41,105,195,0,0,0,0,0,0,205,0,126,0,0,30,0,26,0,0,42,0,151,0,0,39,0,140,0,92,0,0,34,0,0,0,0,57,0,58,258,46,0,0,0,0,35,41,0,0,0,0,261,0,0,0,0,0,0,65,0,0,7,0,0,22,33,0,0,0,0,63,0,0,42,65,0,0,0,0,0,0,0,67,0,0,0,0,0,0,0,0,0,0,0,0,0,0,44,0,69,179,201,179,0,0,44,75,34,0,204,0,0,0,0,0,77,0,0,0,0,0,0,76,0,0,92,65,0,0,71,0,161,0,38,0,84,0,0,0,48,0,0,59,0,164,0,0,0,0,0,0,27,0,0,0,239,0,0,34,42,0,0,127,0,0,0,0,0,0,34,45,27,149,49,0,123,25,108,0,0,0,0,34,0,0,104,0,0,0,0,0,0,97,0,0,0,48,0,0,85,0,0,39,0,0,0,0,0,0,0,68,30,0,0,0,0,0,0,0,0,45,0,0,0,24,0,61,27,0,0,0,0,0,184,0,0,0,0,0,0,0,0,247,0,94,35,0,0,39,0,0,0,40,0,0,0,46,249,0,0,0
233,0,0,0,0,0,0,0,0,55,0,123,0,0,0,52,52,72,0,0,0,229,0,0,0,70,0,0,0,0,0,0,0,0,0,56,0,0,57,0,0,0,0,0,141,0,0,0,148,0,0,0,62,51,0,132,0,0,0,0,0,0,38,53,0,0,0,0,0,0,131,0,0,0,0,0,17,0,0,0,90,0,0,0,41,0,0,0,0,0,194,0,0,62,0,0,0,0,0,0,0,0,0,93,0,0,0,0,33,0,0,0,0,0,0,0,0,0,0,0,43,0,221,0,0,32,0,0,0,0,25,0,176,0,0,0,127,0,0,0,0,0,0,0,0,0,0,0,0,47,0,0,0,0,83,0,0,0,0,22,0,50,0,56,0,0,0,0,111,0,0,108,0,0,0,0,0,0,99,0,0,0,0,0,0,0,0,102,133,0,0,0,0,32,0,0,0,0,0,54,0,70,0,0,134,0,0,0,0,0,0,0,0,0,0,0,0,0,0,0,45,25,0,0,193,0,0,0,123,0,0,0,0,0,0,0,0,39,0,0,0,66,40,21,29,0,68,0,0,0,37,0,174,0,0,0,54,0,0,0,51,0,0,0,0,0,0,192,27,77,0,0,0,164,0,41,0,0,143,23,0,0,0,0,0,0,0,0,414,0,0,0,114,0,0,0,0,44,20,0,23,0,0,0,0,0,160,0,0,0,15,219,0,0,0,0,0,0,0,0,0,0,0,0,0,0,0,0,0,0,149,0,0,47,0,0,0,0,0,0,0,48,0,0,76,0,0,0,0,0,0,0,0,0,53,0,0,0,88,0,37,0,0,0,0,68,20,0,0,0,46,0,0,0,0,63,21,0,0,43,0,0,0,0,0,0,0,0,55,0,0,0,96,0,0,0,170,0,38,0,0,0,0,0,0,0,0,0,0,0,0,0,0,0,0,0,76,0,166,0,0,30,0,0,0,0,55,0,0,0,0,0,0,0,0,0,0,0,0,0,0,0,0,0,0,0,0,0,0,0,0,0,37,0,0,0,0,0,0,0,76,0,0,0,0,0,18,0,0,0,0,0,25,41,0,0,93,0,0,34,0,0,99,36,75,0,0,0,0,0,0,0,0,0,0,0,0,24,46,19,0,0,0,83,0,0,0,0,0,0,0,0,0,0,0,0,0,0,0,0,0,0,60,0,0,0,0,0,110,0,0,0,0,0,43,0,0,0,0,0,0,0,140,0,0,0,0,0,0,0,0,0,0,0,0,0,0,0,44,0,68,140,0,0,0,239,0,0,0,29,96,0,0,0,0,0,0,0,0,0,0,0,36,0,242,0,45,0,0,0,0,0,0,0,0,0,0,0,0,0,0,0,0,0,0,0,37,0,0,0,0,0,54,108,54,0,0,0,0,0,0,0,0,0,0,0,0,0,0,54,0,0,0,0,0,0,0,0,0,0,0,0,56,0,0,66,0,0,0,112,67,0,0,0,84,0,0,0,17,0,0,0,0,0,0,105,0,0,0,0,96,0,0,0,38,0,0,0,0,0,0,0,0,49,33,0,0,0,0,0,0,0,24,0,0,0,0,0,0,0,0,0,0,0,0,0,0,0,0,0,0,0,44,0,0,0,0,0,140,21,0,0,0,119,0,68,0,0,0,0,29,28,0,0,0,0,0,0,59,0,55,0,686,0,0,63,0,0,31,0,0,47,0,0,0,0,0,0,0,0,0,0,0,0,0,79,0,38,0,0,58,0,0,0,0,0,0,0,0,0,67,0,22,0,0,0,51,0,0,144,0,0,0,0,0,0,0,0,0,0,0,0,0,0,0,0,0,0,69,0,0,0,24,24,31,59,0,0,0,0,45,0,101,0,0,0,0,0,0,71,0,0,0,0,0,0,0,0,0,0,0,0,42,0,58,0,0,50,0,0,40,0,87,0,0,0,186,0,0,0,0,0,0,148,0,0,0,0,16,0,0,0,0,0,123,92,0,0,0,0,0,57,0,0,0,52,0,55,0,0,0,0,0,0,41,0,84,0,0,0,0,75,0,0,0,0,0,71,113,0,0,0,0,0,0,180,0,0,0,0,0,0,0,0,0,0,0,0,0,0,0,0,0,0,0,0,0,0,0,0,0,0,0,0,0,52,0,0,0,0,0,0,0,0,0,0,0,0,62,0,0,0,0,0,0,0,0,0,0,0,0,0,0,88,0,0,0,55,0,0,0,0,0,0,0,0,0,0,66,0,39,0,0,0,0,0,0,0,0,0,0,0,0,0,0,55,0,0,105,0,0,0,0,36,0,0,156,194,0,35,0,0,0,0,0,0,38,0,0,0,0,0,0,0,0,44,0,0,118,0,0,0,0,0,0,0,0,0,0,0,0,0,0,0,65,0,0,45,0,28,0,0,0,0,0,135,124,0,41,0,0,0,0,0,0,0,0,0,0,0,0,0,0,0,104,0,0,0,0,0,0,77,0,53,40,0,0,0,0,0,0,0,48,0,0,0,0,0,0,0,0,60,35,0,0,0,0,0,0,61,0,0,66,0,0,0,0,0,0,0,0,0,63,175,0,0,0,45,0,0,0,0,0,0,0,0,0,98,29,0,38,0,0,0,0,0,0,0,0,0,0,0,150,22,0,0,0,0,0,0,0,0,0,0,0,0,0,0,0,0,0,0,0,0,0,42,102,0,0,0,0,44,0,0,0,0,0,0,0,0,0,0,0,0,0,0,0,41,0,0,0,0,0,0,0,0,0,0,0,0,0,0,0,0,0,0,0,0,0,0,0,0,0,0,0,0,0,0,0,0,0,0,0,0,0,0,0,0,0,0,0,0,0,0,0,0,0,0,0,0,0,0,0,0,0,0,0,0,0,0,71,0,0,0,0,0,33,0,0,0,0,0,0,0,0,0,0,0,0,0,0,0,0,0,0,0,0,0,0,0,0,21,0,0,0,0,0,0,0,50,0,0,0,0,0,0,0,0,72,0,0,0,0,220,0,50,0,0,0,0,0,0,24,0,0,0,0,0,0,0,0,0,0,0,0,0,0,0,0,44,0,0,0,0,0,0,0,0,0,0,0,0,0,20,0,0,0,404,63,0,0,0,0,0,65,0,0,0,0,103,0,0,0,0,0,0,0,0,0,0,0,80,0,0,0,0,0,0,0,0,0,0,0,0,0,63,0,0,0,53,0,0,0,0,0,0,0,0,0,0,0,0,0,21,0,0,0,52,0,77,0,0,0,14,0,0,29,0,0,30,0,0,0,0,0,0,99,0,0,49,0,0,0,0,0,0,0,0,0,34,0,0,0,0,0,0,0,0,0,0,0,44,0,0,43,0,0,0,0,0,0,0,0,41,55,0,26,0,0,0,0,0,0,0,0,0,0,0,0,0,0,0,26,0,0,0,0,0,0,48,0,0,0,0,0,0,0,0,0,0,0,0,0,0,0,0,0,0,0,0,0,0,0,0,0,0,0,53,0,0,70,0,0,0,49,0,0,43,0,0,0,0,0,0,0,0,0,0,0,0,0,0,0,0,0,0,33,49,0,0,15,0,0,0,58,0,0,0,0,0,0,0,0,0,0,0,45,0,37,0,0,0,0,0,0,0,0,0,0,0,0,0,0,0,0,0,0,38,24,0,0,0,0,0,0,0,0,0,0,0,0,0,100,0,0,0,0,0,0,0,0,0,0,0,0,0,0,0,0,0,0,0,0,0,0,0,0,0,0,0,0,72,0,0,0,0,0,0,0,0,0,0,108,0,0,0,0,0,0,33,0,0,0,0,0,58,0,0,0,0,0,0,0,0,0,0,0,0,0,0,0,0,0,0,0,31,0,0,0,0,0,0,0,0,0,58,0,0,72,0,0,0,0,43,0,0,0,0,0,0,0,0,0,0,0,41,162,0,0,0,0,0,0,0,0,0,0,0,0,0,0,0,0,0,0,0,0,0,0,0,0,0,28,0,0,0,0,0,0,0,0,0,0,0,0,0,93,0,0,0,0,0,0,0,0,0,0,0,0,0,58,0,0,0,0,0,0,0,0,0,91,0,0,0,0,0,0,0,0,0,27,0,30,0,0,0,0,0,0,0,0,0,0,0,0,0,0,0,0,0,0,0,0,0,0,0,0,67,64,0,0,0,0,0,0,0,0,74,0,0,0,0,0,0,0,0,0,0,0,0,0,25,0,0,0,0,0,0,0,0,0,0,0,0,0,0,32,0,0,0,0,0,0,54,0,0,0,0,0,0,0,0,0,0,0,0,0,0,0,0,0,0,0,0,0,0,0,0,0,0,0,0,0,0,0,54,0,0,0,0,0,0,0,0,0,0,0,0,0,0,0,0,0,0,0,0,0,0,107,0,0,0,0,0,0,0,0,0,0,0,0,0,0,0,0,0,0,0,0,0,0,0,0,0,157,40,0,0,0,0,0,0,0,0,0,141,0,0,0,0,101,0,43,0,0,0,0,0,0,54,0,0,0,0,0,0,0,0,0,0,0,0,0,0,0,0,0,51,0,0,0,0,0,0,0,0,0,0,0,0,0,0,125,0,0,0,0,0,0,0,0,0,0,0,0,47,0,0,0,0,0,26,0,0,0,0,0,0,0,28,0,0,0,0,0,0,0,0,0,0,0,0,0,59,0,0,0,0,0,0,0,0,0,0,0,91,0,40,0,219,0,0,0,0,0,0,0,0,26,0,0,0,0,0,0,0,0,0,0,0,0,61,0,0,0,0,0,49,0,0,0,25,0,0,0,39,0,0,0,0,194,0,0,0,0,0,0,0,0,0,0,0,0,0,0,0,0,73,0,0,0,0,0,0,0,0,0,0,0,0,48,0,0,0,0,0,0,0,0,108,33,77,0,0,0,0,0,0,0,0,0,0,52,83,0,32,0,0,30,0,0,0,0,0,0,0,0,0,0,0,76,141,0,0,0,0,0,0,0,0,0,0,0,0,0,0,0,0,0,32,0,0,0,0,39,0,0,0,0,0,0,31,0,0,0,0,0,0,0,0,0,0,0,0,0,0,0,0,0,0,0,0,0,0,0,0,0,0,393,0,0,0,0,0,0,0,0,0,0,0,0,0,0,0,0,0,0,0,0,0,0,0,0,0,0,0,0,32,0,0,0,0,0,0,64,63,0,0,0,0,0,0,0,53,0,0,0,0,0,0,89,0,0,52,0,0,0,53,0,0,0,0,0,0,0,0,0,0,0,0,55,0,0,46,0,0,0,0,0,0,0,0,0,0,0,0,48,0,31,0,0,0,0,51,0,0,0,0,0,0,0,50,0,0,0,0,0,0,0,0,0,0,0,28,0,171,0,0,0,0,0,39,0,0,21,0,0,0,0,0,0,0,0,0,45,0,0,0,0,0,0,0,0,0,0,0,0,0,0,0,0,38,42,0,0,0,0,0,0,0,0,0,0,0,0,0,0,0,170,0,0,0,45,0,47,0,0,0,0,0,0,0,0,0,0,0,69,0,0,0,0,0,0,0,0,0,10,0,0,0,0,0,0,0,0,64,0,0,0,0,0,0,0,37,0,0,0,0,126,0,85,0,0,0,0,0,0,0,0,0,0,0,0,130,0,0,0,0,0,0,0,26,0,0,0,0,0,0,0,0,0,0,0,0,0,0,0,0,0,0,44,0,73,0,0,0,0,0,0,53,0,0,0,72,0,0,0,0,0,0,0,0,57,307,0,0,0,0,0,0,0,54,106,0,31,0,0,0,0,0,86,0,0,0,0,0,0,0,0,0,0,0,25,0,0,23,0,0,0,0,0,0,0,0,0,0,0,0,129,45,63,0,27,0,0,0,0,0,73,0,0,0,0,0,0,0,0,0,0,0,0,0,0,171,0,0,0,0,0,0,0,0,0,0,0,0,41,0,0,0,0,113,0,0,0,0,0,0,67,0,0,0,0,0,0,52,0,0,0,0,0,32,121,0,0,100,0,107,0,108,0,0,60,0,0,0,0,0,0,0,0,31,0,0,0,21,0,48,0,0,17,58,0,58,0,0,0,0,0,13,0,0,0,0,0,135,0,0,0,0,0,0,0,0,0,0,0,0,0,0,0,59,70,0,0,0,0,0,0,0,0,0,0,0,0,0,0,0,0,0,26,0,55,0,0,0,0,0,0,0,0,0,0,0,0,0,54,0,0,0,0,0,0,0,50,0,0,0,0,0,0,0,36,0,0,0,22,0,0,0,0,0,0,78,37,0,0,0,0,0,0,0,0,27,0,0,0,0,0,0,0,73,53,0,0,0,0,0,0,0,0,0,0,36,0,0,0,0,0,0,0,0,0,0,0,0,0,0,102,0,0,199,0,0,0,0,0,0,0,0,0,0,0,0,0,0,0,0,0,0,0,0,0,0,0,0,0,0,0,0,0,0,0,40,529,0,0,0,42,0,0,0,0,0,0,0,0,0,0,40,43,0,0,0,0,0,0,82,0,0,0,0,0,0,0,0,0,0,0,0,0,0,0,0,0,0,72,0,0,0,0,0,0,20,0,0,0,44,0,0,0,0,0,0,0,0,0,0,0,0,0,0,57,0,68,0,0,0,0,0,0,0,0,0,0,0,0,51,0,0,0,0,0,0,0,0,0,0,65,0,49,0,0,0,0,0,0,0,0,0,0,0,0,0,0,0,0,0,0,0,0,0,0,0,0,18,0,0,0,0,0,36,0,0,0,106,0,0,0,0,0,0,0,0,0,0,0,50,79,0,0,0,0,0,0,0,0,0,0,290,0,0,0
234,0,0,0,67,43,54,71,0,134,0,157,0,0,0,98,70,67,0,42,0,253,0,0,0,90,0,37,50,39,0,0,76,0,0,142,172,0,0,291,106,0,30,0,171,0,77,0,381,21,108,46,71,100,47,241,0,0,0,0,0,180,46,144,37,47,127,0,0,0,297,0,0,0,0,162,71,0,333,0,77,0,56,106,91,42,40,0,44,0,247,74,60,31,103,0,37,0,73,0,0,0,0,76,0,0,0,0,112,86,75,0,76,53,155,33,0,100,0,0,125,0,98,0,0,37,0,0,55,36,93,0,85,0,0,93,205,0,44,103,73,0,125,203,0,0,33,18,61,99,0,35,85,52,58,84,0,103,54,109,270,0,0,58,37,0,0,32,0,166,195,143,0,48,0,0,19,52,205,41,0,72,0,54,32,34,42,497,105,0,0,0,0,0,60,0,0,0,0,96,0,76,57,36,158,0,56,31,0,46,55,87,37,41,39,70,0,74,0,0,0,157,0,0,105,0,0,121,336,0,106,0,0,0,0,0,0,54,179,34,0,88,0,0,0,0,37,0,0,0,49,0,82,13,142,0,49,0,24,31,279,183,36,0,43,0,0,133,81,525,30,0,187,96,65,65,58,0,502,159,84,0,62,178,99,54,81,188,1806,67,0,0,121,0,0,77,0,33,57,23,0,0,66,26,35,304,123,90,0,85,67,516,111,0,0,52,98,252,112,35,0,0,0,0,202,110,0,157,0,0,405,0,94,70,0,78,0,0,0,58,0,51,33,48,66,0,0,0,82,198,106,123,22,173,151,0,59,95,292,232,27,37,38,0,50,100,293,40,22,0,148,0,74,0,87,45,53,0,0,63,36,0,0,53,0,673,0,97,53,0,35,49,588,0,73,32,427,33,83,90,0,0,87,0,37,31,44,27,0,0,84,0,50,50,0,0,115,68,178,298,0,119,88,0,119,107,40,0,68,0,0,0,37,0,123,0,0,23,0,66,0,0,314,147,289,70,205,44,0,0,0,0,89,0,58,37,0,0,0,0,216,0,42,134,0,0,0,70,0,0,71,29,282,100,0,0,108,0,173,115,60,0,122,200,71,0,0,79,132,94,161,43,0,198,21,64,143,117,55,41,0,117,0,384,70,0,220,117,49,0,61,0,0,0,0,0,283,73,30,136,151,0,180,176,56,0,85,70,78,0,0,0,0,0,27,25,0,0,0,159,0,121,358,0,0,0,122,0,63,201,106,67,32,39,44,0,0,29,54,51,59,174,0,0,64,207,42,0,0,0,123,108,0,0,0,0,0,187,0,56,170,39,36,0,117,0,78,430,41,0,42,246,0,70,0,0,0,66,0,58,0,36,73,0,0,92,45,136,0,23,0,54,61,131,55,0,0,31,0,0,0,0,0,42,0,0,0,0,0,161,93,0,33,32,0,28,0,32,0,0,0,0,115,0,0,144,0,41,0,298,77,0,0,0,184,0,106,0,53,50,44,0,36,0,0,116,0,92,39,63,74,40,91,33,165,46,0,36,80,0,0,0,118,0,133,28,27,44,53,0,32,0,0,0,24,0,132,0,101,0,0,68,0,91,46,37,0,0,67,81,0,60,0,0,0,0,0,70,171,0,79,0,93,951,59,368,107,111,0,0,0,0,0,0,70,0,0,0,82,79,179,0,1069,0,0,83,0,0,43,0,0,0,0,0,30,0,0,0,0,0,0,0,0,60,0,130,0,0,0,70,56,118,41,34,0,129,0,0,0,0,192,0,61,32,0,0,115,66,0,123,0,0,0,23,0,27,0,51,0,0,34,0,0,0,69,74,65,45,0,0,0,0,94,298,0,63,0,0,0,0,0,0,44,0,0,0,62,0,0,77,89,0,0,55,0,0,54,0,0,0,0,0,0,0,82,0,0,46,0,0,0,0,39,0,0,0,165,0,32,82,61,27,0,139,0,51,0,0,49,0,0,0,0,0,105,160,0,0,0,0,0,27,40,0,0,0,0,115,0,56,0,86,0,0,173,150,312,70,0,0,0,103,0,42,0,0,0,77,69,66,70,0,0,0,0,371,87,41,56,0,82,49,39,0,57,0,59,0,0,0,27,0,0,0,30,31,0,0,75,0,0,81,0,0,0,0,0,27,0,70,0,0,0,0,0,0,32,0,134,25,0,45,58,0,217,38,0,88,0,206,0,0,0,132,0,0,0,228,0,0,0,126,0,0,100,72,36,23,66,0,404,0,0,0,27,0,0,0,0,39,107,0,0,0,0,134,0,47,277,86,0,0,0,59,0,183,265,237,0,57,0,0,39,0,0,0,75,37,29,0,0,0,0,0,0,65,0,66,512,0,79,0,190,63,39,0,0,45,0,0,40,0,0,0,46,0,28,0,67,83,0,54,0,0,54,185,445,147,320,0,96,0,26,0,0,0,0,0,0,0,0,0,0,64,455,0,0,0,42,0,0,160,0,137,33,40,0,35,0,0,34,29,48,0,0,38,0,18,0,49,38,83,0,112,32,26,96,0,0,186,0,76,86,0,0,0,0,110,50,133,0,0,65,403,0,0,0,105,0,0,0,0,37,0,0,0,0,267,49,40,65,41,77,0,0,0,0,44,0,0,43,66,284,99,68,79,122,0,0,78,80,0,40,0,37,24,0,201,181,15,52,0,0,32,51,298,473,72,0,0,0,251,50,0,80,0,0,0,0,0,0,0,0,65,113,0,0,0,0,0,213,0,0,0,129,0,51,40,0,67,63,0,0,72,0,0,0,0,0,169,0,0,0,57,0,0,28,0,0,24,24,51,0,32,72,0,57,0,72,0,0,0,0,0,20,0,0,0,0,0,0,50,0,19,43,0,0,0,0,0,163,51,0,0,0,0,70,0,0,0,0,0,0,38,63,0,0,0,81,0,0,0,0,84,0,0,0,0,0,113,0,0,69,0,0,44,43,33,133,100,0,0,61,21,0,13,0,64,124,0,0,0,0,671,0,136,0,31,36,0,73,0,0,42,0,43,0,57,39,0,0,0,28,0,0,0,0,0,0,95,0,0,0,69,94,0,0,0,0,0,0,0,12,45,0,0,21,896,257,0,103,0,0,59,111,0,0,0,0,326,0,0,0,0,0,346,0,58,67,0,0,172,120,0,46,0,0,0,0,0,121,0,44,0,42,122,0,174,0,135,0,0,123,0,25,0,66,46,81,0,0,0,0,0,59,0,93,134,0,417,95,0,52,79,55,0,168,0,0,0,0,0,0,0,0,0,119,0,0,109,0,23,0,106,0,39,62,32,0,144,97,0,0,0,0,66,0,0,0,118,0,93,79,40,96,37,34,30,0,95,0,0,0,153,238,48,76,0,0,0,0,0,0,0,0,0,0,0,0,0,0,0,0,0,0,0,0,0,32,27,0,0,54,61,0,77,0,0,57,0,0,0,0,0,0,35,31,0,68,0,0,0,0,0,0,96,0,0,0,79,0,0,0,308,0,0,23,224,0,38,0,0,57,149,0,120,0,0,0,38,0,0,32,110,36,0,45,356,0,0,127,29,0,46,46,60,0,0,37,0,0,0,0,109,0,19,209,0,51,0,0,79,0,0,0,0,0,0,189,0,21,0,0,0,0,0,58,231,305,0,0,0,69,23,0,0,89,68,0,0,0,0,39,0,0,0,0,0,0,0,59,182,0,36,47,0,151,0,0,93,83,0,0,57,0,79,54,48,0,0,0,177,39,0,54,42,169,0,42,0,0,0,70,80,0,0,0,0,38,49,33,65,0,77,0,167,0,0,0,80,0,225,32,101,22,0,141,0,0,0,0,139,29,118,44,0,168,0,34,0,61,0,66,0,30,356,0,0,224,0,0,0,0,172,0,0,102,111,0,0,0,0,0,83,43,78,646,0,80,42,0,13,0,0,0,156,0,0,0,0,0,119,0,0,81,135,0,0,0,0,0,0,80,128,80,0,0,0,73,0,360,0,0,0,131,0,0,0,52,0,0,0,0,0,0,0,0,80,14,28,163,0,0,0,0,0,0,0,45,0,0,0,27,27,0,0,0,0,0,0,37,0,55,0,0,0,0,46,0,108,0,0,0,0,0,0,37,0,0,0,0,105,0,0,0,0,0,137,60,0,94,0,0,0,0,0,128,63,45,0,30,0,0,0,0,0,0,0,51,0,0,67,57,64,75,193,38,0,0,0,0,0,0,26,0,0,50,0,0,0,38,0,0,327,0,0,55,54,0,84,0,0,0,0,41,0,50,0,65,0,0,0,0,0,0,0,121,0,0,0,78,70,0,59,0,0,0,0,0,151,0,0,44,0,0,0,0,0,179,106,0,0,0,0,0,360,0,29,261,46,0,0,0,0,15,0,58,34,216,0,63,0,0,0,0,114,0,42,61,41,61,51,0,27,199,0,0,0,36,29,0,146,112,0,0,106,0,0,102,0,116,0,68,64,32,0,0,0,0,159,0,0,374,0,0,0,0,0,0,70,0,0,37,0,67,0,0,91,0,0,0,0,0,0,0,0,0,0,119,0,0,0,67,0,0,0,0,265,404,0,0,0,0,0,0,0,0,0,122,0,83,68,62,0,0,0,0,83,60,24,0,0,0,0,0,82,58,0,0,95,0,0,0,34,0,41,0,41,0,0,152,88,0,0,53,0,49,50,0,42,0,0,0,0,0,0,45,31,37,84,81,0,0,47,0,0,0,55,0,0,0,0,0,92,0,0,0,102,0,0,0,0,0,35,0,0,63,94,56,0,575,0,50,0,0,81,0,0,0,0,0,0,0,0,0,42,154,0,0,0,0,80,0,0,0,0,0,43,60,0,62,0,0,0,0,0,28,0,0,280,57,0,37,0,0,0,0,75,34,0,0,97,196,200,83,0,39,118,58,0,0,0,0,0,0,0,0,59,0,0,161,325,0,0,77,0,0,0,0,67,0,0,0,52,0,0,0,0,250,87,0,124,0,44,40,55,33,0,0,0,0,77,53,22,0,31,0,0,0,0,53,172,47,0,0,0,0,0,45,0,0,0,0,37,46,0,24,0,64,0,208,0,40,34,0,127,167,0,0,37,0,0,0,0,40,0,0,0,0,167,71,0,502,0,0,0,0,0,0,45,0,0,45,0,64,100,79,0,0,88,53,0,0,59,0,0,0,0,58,0,108,0,18,0,0,0,102,102,0,92,26,62,0,44,24,20,0,0,0,0,0,0,137,197,0,0,0,0,0,0,0,71,0,43,140,43,264,62,33,66,45,94,0,129,77,0,45,0,28,73,105,144,32,0,0,0,0,0,0,78,0,32,0,69,0,397,84,0,40,38,0,129,204,74,96,0,0,0,0,0,51,0,119,0,0,0,401,0,0,71,68,0,0,0,0,0,0,0,0,41,0,229,0,0,0,0,0,0,38,0,0,0,47,0,0,545,0,0,78,0,0,0,116,0,96,0,0,89,0,0,0,0,0,0,65,0,0,70,0,0,0,0,0,0,0,250,0,0,0,0,78,0,0,0,104,0,0,0,0,0,64,24,0,166,0,0,0,0,267,42,155,61,0,0,0,0,0,0,0,0,0,76,0,151,44,0,0,0,78,47,0,0,0,0,78,72,49,0,0,0,0,0,0,0,0,0,0,0,32,0,59,0,241,0,0,34,0,0,41,38,0,0,0,94,0,0,0,36,0,0,0,0,0,718,86,0,0,70,0,0,0,0,123,0,0,41,0,0,15,0,101,26,0,0,0,0,0,0,0,0,0,0,0,0,0,0,23,0,0,0,51,0,0,62,0,0,0,0,124,35,0,18,0,0,0,0,0,0,210,0,0,0,134,0,48,0,0,0,44,0,0,0,0,570,45,89,0,35,97,93,0,138,0,40,33,0,0,35,43,16,0,219,0,0,0,0,0,0,209,0,0,0,331,0,0,0,0,86,0,211,0,0,103,0,0,37,0,0,0,127,0,0,47,0,38,35,0,0,0,0,0,48,0,0,70,87,0,0,0,0,0,46,0,0,0,0,32,0,0,0,0,0,0,0,115,58,0,55,0,0,0,0,29,70,0,0,100,0,0,0,0,57,127,0,0,0,0,0,0,0,45,0,0,44,0,0,0,0,0,0,0,64,0,59,41,0,0,0,0,0,59,0,0,0,0,0,44,0,0,0,163,0,0,0,0,0,41,0,0,0,0,145,28,159,0,0,0,0,0,0,0,0,0,129,0,0,55,18,47,0,0,0,65,0,0,0,0,0,0,0,0,52,193,0,29,0,0,0,0,0,0,0,0,98,0,0,0,0,0,0,0,0,0,0,63,0,0,0,125,0,0,313,0,0,0,0,0,0,0,0,50,0,0,0,0,0,0,0,0,0,83,0,0,0,0,0,0,99,0,21,0,0,26,219,0,0,56,0,77,98,0,0,0,0,0,0,0,0,72,0,102,18,0,0,42,0,0,43,0,0,44,50,0,178,0,64,0,60,0,0,0,36,0,0,57,0,426,0,0,33,0,0,0,0,0,0,0,130,0,0,0,58,0,0,0,0,0,0,0,0,0,0,0,0,305,0,0,79,34,24,0,0,0,0,0,0,0,68,0,72,0,0,0,0,100,47,0,0,119,0,0,0,0,0,0,0,0,0,0,72,0,0,0,0,0,0,0,0,0,0,0,0,0,0,0,42,0,0,0,0,0,0,0,0,0,61,0,0,0,0,0,0,0,0,0,0,0,41,56,0,0,0,0,0,0,0,0,0,0,132,0,0,0
235,0,0,31,66,64,95,0,0,96,0,416,47,0,0,237,278,63,0,41,0,369,89,74,127,115,0,41,97,49,46,0,73,0,0,202,241,38,148,267,144,58,62,31,284,0,80,52,406,0,261,47,166,71,26,287,30,31,0,29,0,178,156,340,42,100,108,0,0,0,263,0,71,26,0,400,171,0,474,84,249,0,64,299,320,104,34,0,89,64,360,104,72,159,172,0,110,0,63,0,0,33,0,149,0,0,105,57,271,102,127,70,161,147,170,100,115,269,46,0,338,31,291,72,0,43,42,0,123,31,193,48,372,44,116,71,257,81,118,82,90,86,195,182,0,0,75,74,53,127,0,45,131,62,247,114,0,262,78,322,298,89,38,142,40,177,46,0,160,287,188,122,77,114,0,74,59,97,214,105,53,281,0,65,39,75,120,947,280,0,0,22,62,101,187,22,85,26,0,159,30,135,174,47,221,45,89,0,65,140,174,97,79,149,0,247,59,78,0,38,117,172,53,31,357,0,0,144,345,0,97,29,55,64,45,0,82,115,273,82,0,131,47,86,79,0,178,0,36,24,71,104,392,62,203,33,187,0,0,72,426,186,159,40,78,0,0,467,0,501,0,0,141,649,105,52,144,69,1185,281,131,0,194,215,86,94,73,405,1380,129,77,63,339,0,0,88,38,59,115,91,71,58,96,78,44,444,537,308,0,87,81,549,225,0,0,72,116,291,152,102,78,48,0,50,427,218,73,230,0,0,382,0,152,115,191,118,0,19,0,56,0,183,0,100,152,45,0,0,85,1355,388,180,73,435,528,30,121,210,412,442,121,102,146,0,140,180,794,179,111,40,360,89,143,98,130,137,214,0,0,377,75,0,89,83,102,1617,125,226,114,0,31,111,701,32,82,66,889,33,81,346,39,70,232,0,0,143,49,49,119,54,212,0,116,59,0,0,204,147,411,383,0,162,142,0,200,128,180,65,273,96,0,56,189,0,305,0,39,174,44,220,0,0,295,188,428,203,428,139,34,99,66,0,188,0,121,0,92,116,0,52,124,46,262,371,72,103,53,110,45,36,82,84,364,131,127,98,180,358,165,118,240,84,317,639,157,0,0,90,335,292,388,223,42,440,75,107,286,307,326,36,0,197,82,1211,79,170,255,237,58,0,193,58,26,0,0,52,388,207,89,175,212,138,141,782,107,0,77,150,508,41,59,0,0,0,78,145,62,27,0,192,0,252,338,60,35,0,367,54,82,355,299,265,44,142,117,46,49,90,149,80,387,424,0,78,92,375,136,24,0,76,189,333,79,19,50,60,0,344,78,52,243,273,161,21,706,0,276,639,110,41,113,692,0,170,0,0,0,199,43,139,47,38,61,96,67,288,143,173,92,102,0,76,234,416,223,40,169,161,0,68,30,62,0,53,92,47,191,66,0,257,407,70,46,82,31,40,85,121,0,0,38,0,211,0,0,305,40,164,59,329,409,51,0,62,633,0,211,100,54,341,179,63,79,0,38,298,71,139,66,139,302,58,305,0,210,84,65,124,465,59,0,99,134,80,301,0,120,84,112,0,239,0,65,23,128,50,161,0,160,0,58,114,0,114,204,48,67,114,269,144,57,456,285,0,0,0,0,125,439,95,416,115,146,1472,298,673,192,151,0,0,143,113,0,64,205,0,0,66,351,233,371,66,1233,186,0,198,32,0,116,0,0,95,75,37,49,67,0,168,0,0,0,120,58,48,0,144,0,73,0,204,272,201,90,67,0,285,83,45,0,0,276,0,166,0,0,24,109,169,178,586,0,0,0,67,0,107,0,102,90,79,56,73,89,81,804,165,118,180,129,42,60,40,418,207,66,413,45,51,68,139,179,0,376,0,76,0,139,90,33,375,311,0,50,49,41,0,80,154,0,0,0,70,414,0,217,93,0,136,71,15,174,54,232,32,0,44,503,207,54,486,37,114,23,411,48,61,63,0,77,0,24,53,53,43,449,270,53,31,0,90,59,89,128,60,112,79,0,132,0,100,55,384,0,63,284,243,482,0,38,63,165,346,0,84,0,69,66,285,332,570,364,97,144,0,83,1517,187,126,127,0,153,331,179,54,72,97,148,52,79,182,78,58,75,34,119,56,112,228,257,44,78,75,0,221,57,200,41,114,49,107,112,0,152,284,116,0,94,39,784,72,86,169,146,62,306,178,59,255,113,547,98,57,42,208,167,87,0,569,39,0,84,436,25,0,179,195,723,66,946,60,2429,198,100,94,44,0,75,0,0,162,149,0,191,87,0,295,91,172,713,287,56,99,0,112,54,164,877,691,100,143,0,72,154,72,78,0,499,194,84,0,0,201,77,75,96,455,0,419,1284,0,393,119,75,253,54,67,324,235,81,66,147,0,129,144,763,0,178,105,366,223,0,276,118,85,162,741,929,361,109,48,191,227,41,243,34,79,88,129,26,88,0,183,0,101,719,74,52,64,120,76,58,440,85,398,140,118,88,111,0,65,140,102,337,0,73,95,139,50,0,107,74,258,132,379,41,160,756,202,0,389,135,133,390,81,145,0,89,189,182,286,0,47,131,999,0,33,0,476,160,0,143,0,109,30,76,55,63,536,118,58,228,103,256,224,261,0,98,75,566,91,108,110,807,237,416,212,321,0,196,105,135,38,89,104,556,0,181,527,229,37,133,53,0,74,145,360,483,128,75,253,51,392,267,0,322,84,62,59,0,53,40,114,80,0,447,0,150,344,64,30,1090,57,59,119,228,87,104,131,71,82,94,70,74,84,43,47,40,44,0,316,0,0,87,279,165,99,55,0,0,188,51,314,62,120,158,64,164,54,143,0,0,37,188,55,213,30,153,0,51,209,25,143,101,77,156,0,0,0,46,408,193,230,9,80,0,0,599,132,47,45,358,106,88,58,132,144,39,130,116,0,249,121,76,162,0,0,123,63,98,156,48,548,167,23,57,394,97,79,271,295,83,39,235,0,207,40,0,446,317,91,522,52,0,1611,83,264,0,222,71,82,1064,0,121,129,97,175,0,388,47,0,0,46,107,0,61,337,54,58,47,353,47,235,0,361,206,56,0,46,41,90,52,88,124,163,59,0,44,2035,421,0,852,64,111,249,407,65,53,125,0,500,94,66,94,136,0,803,36,123,167,575,27,505,222,0,386,57,0,56,50,0,203,95,80,63,202,454,89,166,0,234,0,54,427,0,51,236,115,72,116,78,23,61,152,155,234,47,158,350,54,599,606,62,281,316,88,69,254,91,0,447,12,53,238,0,45,26,316,86,81,209,189,155,31,264,109,217,203,114,0,254,374,28,0,81,65,211,94,68,85,176,0,234,281,149,420,77,91,0,56,321,64,60,72,574,374,162,222,63,205,131,0,43,200,62,151,294,37,0,79,461,72,126,71,34,0,54,0,0,170,178,77,0,0,65,59,424,36,67,79,0,65,179,0,51,0,217,108,30,353,117,61,51,83,0,0,239,28,134,0,193,178,0,49,336,265,100,16,346,124,141,27,40,56,574,0,518,36,84,62,215,39,97,50,623,65,55,146,847,0,0,243,142,0,150,146,445,0,135,154,105,58,66,21,489,0,111,524,0,182,65,61,86,99,48,78,117,151,35,399,0,33,0,0,63,171,41,50,353,510,90,24,105,191,70,117,26,164,181,107,39,86,41,474,59,44,126,0,103,149,0,254,268,53,178,159,83,190,0,52,141,165,118,84,104,75,179,342,122,0,108,87,660,0,46,126,27,423,0,101,0,0,86,403,135,42,34,58,306,57,55,42,101,0,294,0,208,0,0,29,681,35,439,124,180,96,0,163,189,37,189,40,57,50,152,103,84,200,0,238,49,96,39,119,46,336,307,0,0,998,0,0,60,132,260,75,26,175,190,85,57,42,66,0,245,204,272,1176,199,234,135,0,50,250,46,104,205,0,0,36,0,0,448,0,36,78,241,0,605,0,45,43,13,235,404,137,116,104,48,566,89,1281,0,0,0,143,68,187,48,100,109,134,0,0,19,0,77,0,137,59,39,1042,106,120,0,0,0,58,50,126,0,1169,0,66,186,0,70,100,126,0,541,320,66,271,76,79,91,116,112,29,190,81,190,144,0,117,310,125,44,292,0,0,576,0,170,62,160,85,450,642,49,348,236,133,57,0,71,367,540,193,261,174,35,233,146,0,44,63,50,114,104,45,86,226,161,241,294,154,95,92,170,26,36,32,272,66,114,169,699,76,52,123,83,98,1350,148,97,140,515,40,473,227,0,79,198,266,214,57,0,386,0,177,73,71,0,151,299,265,44,60,23,330,107,256,331,232,375,0,41,134,384,0,0,187,193,24,0,103,100,316,258,78,158,126,34,33,1212,55,58,684,123,45,0,53,251,211,0,369,225,489,0,162,105,130,0,47,328,87,258,184,83,168,458,198,205,981,306,162,0,94,80,262,337,310,94,154,550,0,53,158,197,382,0,794,214,60,55,0,54,121,526,800,381,468,73,44,147,0,40,72,379,58,0,105,0,269,0,60,399,75,44,28,15,157,277,33,134,458,77,553,338,30,95,748,93,42,0,57,337,1453,43,161,50,108,65,0,313,125,317,608,175,217,328,224,51,55,0,18,212,322,582,32,72,81,155,261,135,239,54,35,168,0,258,0,681,42,163,44,265,30,0,166,339,0,28,113,592,138,144,0,2121,0,75,0,31,0,0,498,184,126,146,816,48,0,104,35,52,142,121,108,0,76,208,80,171,97,49,116,278,0,197,0,74,71,186,122,183,204,539,77,0,509,174,137,114,212,145,66,37,63,24,83,0,55,158,156,63,334,208,0,0,0,436,89,77,0,48,26,131,308,111,168,312,69,0,69,0,143,135,249,401,257,655,507,0,51,70,23,188,154,34,0,238,173,951,224,148,94,41,293,52,135,0,88,93,68,88,0,99,51,0,406,406,0,215,437,53,170,0,0,106,78,192,78,933,92,54,206,108,673,319,0,295,87,0,118,79,352,50,214,112,0,139,0,63,161,338,141,253,283,42,66,215,118,107,69,246,292,0,150,81,0,287,228,0,65,143,0,0,1126,0,439,107,115,171,30,251,447,101,0,52,66,68,64,38,458,27,254,28,0,1157,0,148,706,51,91,0,89,0,31,74,27,132,253,156,332,410,283,0,35,168,97,338,59,164,81,46,266,87,62,0,327,75,112,384,41,0,421,106,34,224,200,320,0,118,78,68,56,46,0,0,142,45,152,153,0,305,223,55,59,0,18,174,0,172,299,166,341,187,300,182,195,484,0,119,178,87,172,247,253,553,493,205,0,29,101,127,19,0,79,279,46,121,181,143,136,1393,52,0,48,168,114,101,636,101,675,86,264,60,77,0,231,0,500,359,198,48,613,0,0,293,103,107,164,68,0,47,284,128,82,204,77,570,190,64,0,25,64,55,209,160,60,48,146,40,86,2539,32,35,1333,183,101,50,505,73,617,168,0,416,269,65,60,152,0,0,289,103,303,257,137,152,122,162,73,57,38,928,176,22,19,0,563,0,196,177,512,95,35,41,145,217,251,64,0,683,0,98,60,56,660,271,515,300,253,583,37,68,150,88,56,117,75,301,39,1291,214,93,63,0,312,243,77,150,179,164,156,407,311,68,132,61,105,98,73,169,104,129,0,71,201,200,160,53,966,131,0,310,70,0,151,640,0,74,120,358,77,85,0,259,197,103,0,0,72,1644,161,41,91,308,100,127,0,122,498,82,146,228,57,245,63,153,353,82,0,0,42,43,39,104,201,268,64,128,84,0,174,127,64,287,92,67,384,36,0,448,92,126,115,94,464,248,261,83,169,86,75,90,47,179,895,154,38,18,680,184,235,166,26,143,373,94,230,0,76,1236,203,1050,62,465,201,435,262,557,0,115,194,0,336,188,120,94,68,320,119,116,38,76,84,31,624,0,72,87,1345,41,69,623,152,225,104,605,0,0,440,75,123,2074,48,1218,119,296,0,194,488,73,246,240,212,170,161,41,56,179,134,0,275,149,57,186,0,154,251,377,0,132,150,59,339,23,49,121,78,134,0,100,569,496,28,183,0,0,105,69,263,476,130,172,455,35,45,0,102,383,352,0,0,96,293,37,0,94,474,47,0,221,328,38,0,287,137,59,240,375,257,362,186,0,47,0,29,41,561,0,174,142,0,123,121,30,32,0,649,0,245,136,208,134,233,354,149,0,0,827,40,959,68,144,65,0,90,33,0,66,109,324,162,47,286,186,438,59,119,0,218,65,68,0,129,73,76,54,70,318,328,0,124,75,0,178,188,0,0,155,0,630,67,102,0,41,58,75,176,174,121,68,87,86,89,143,306,83,44,602,113,299,73,151,165,95,0,70,303,0,148,0,65,77,234,0,44,58,226,52,28,40,68,138,41,88,74,167,0,164,295,1380,3090,117,140,232,226,489,81,280,34,94,103,124,0,166,205,92,124,198,59,0,194,151,0,211,240,0,80,257,117,1002,54,256,99,468,45,91,45,160,99,160,362,0,879,140,0,502,47,0,160,165,25,116,80,613,0,0,92,289,45,0,305,49,0,185,0,363,0,185,136,178,1827,191,0,698,88,820,54,137,0,253,149,38,43,265,51,238,24,0,193,0,304,289,31,55,216,60,374,357,107,27,130,106,79,37,807,150,35,0,138,147,87,92,56,56,73,83,106,94,110,36,0,191,34,0,272,173,83,190,92,87,0,787,39,0,61,0,41,0,0,119,497,0,114,215,132,0,218,93,0,0,120,146,118,45,219,580,64,42,63
236,0,0,0,71,38,93,32,0,0,0,176,0,0,0,122,246,133,0,40,0,86,0,31,60,65,0,0,0,0,0,0,45,0,68,170,121,0,32,149,89,56,42,0,78,0,57,30,106,0,110,0,57,117,0,97,28,0,0,0,0,75,59,61,0,45,0,0,0,0,292,0,35,0,0,154,0,0,397,0,86,0,0,154,111,67,0,0,60,0,97,0,62,61,0,0,0,0,30,0,0,29,0,69,0,0,53,0,35,63,103,0,55,58,73,44,41,0,18,0,119,0,151,22,0,0,0,0,0,0,141,0,236,0,107,45,72,80,47,44,0,76,54,182,0,0,55,0,53,61,0,0,0,0,52,96,0,0,0,0,139,0,0,39,81,57,0,0,89,59,63,84,24,60,19,0,0,0,62,51,0,64,0,0,0,24,0,295,79,0,0,0,56,0,62,0,54,0,0,58,0,0,45,0,214,39,39,0,0,117,65,0,34,42,0,115,0,17,0,0,90,65,0,0,261,0,0,104,279,22,26,0,0,0,0,0,0,28,137,0,0,57,22,0,0,0,69,0,0,0,0,0,268,45,89,42,62,0,0,54,293,183,87,0,56,0,0,157,72,216,35,0,61,231,91,0,0,0,523,151,51,0,71,67,63,57,40,0,587,80,49,46,181,0,0,40,0,57,0,51,0,0,53,0,0,47,115,84,0,65,38,89,79,0,0,0,60,112,66,0,50,0,0,0,242,71,0,63,0,0,35,0,0,40,73,0,0,0,0,0,0,37,0,0,0,0,0,0,54,328,0,28,0,104,205,0,43,71,180,170,61,43,0,0,0,178,203,96,0,0,58,0,53,0,102,134,0,0,0,190,62,0,0,0,0,511,34,0,0,0,0,39,159,0,43,0,78,0,89,208,0,0,59,0,35,35,0,0,58,0,20,0,46,0,0,0,119,22,84,180,0,75,81,0,100,73,0,0,0,23,0,0,54,0,97,0,0,56,0,88,0,0,68,146,48,106,112,0,22,0,0,0,91,0,25,0,42,55,0,0,83,0,67,52,0,0,0,95,0,0,0,0,58,0,0,0,0,166,104,0,90,0,83,140,111,0,0,0,170,39,169,105,0,95,31,61,127,130,131,0,0,78,41,394,27,85,95,0,51,0,0,0,0,0,31,0,93,53,0,103,0,66,69,292,79,0,0,0,194,0,0,0,0,0,76,81,0,0,0,86,24,137,51,0,0,0,90,0,0,182,105,99,0,0,46,19,0,0,71,0,144,360,0,0,42,309,77,0,0,0,186,89,48,0,0,0,0,0,0,20,0,36,78,0,243,0,78,174,0,0,45,349,0,82,0,0,0,0,0,31,57,28,0,45,0,52,65,99,0,17,0,0,108,0,123,10,0,60,0,49,0,29,0,0,42,0,0,62,0,0,87,0,0,0,0,0,0,0,0,0,0,0,259,0,0,78,0,44,0,333,170,0,0,0,275,0,64,0,20,76,0,0,0,0,0,149,0,114,36,0,321,15,82,23,65,61,0,0,180,0,0,0,0,104,158,0,0,0,0,0,0,0,0,0,26,25,31,0,0,0,0,68,0,53,0,69,0,36,40,0,0,0,82,0,0,0,0,0,66,81,48,0,0,345,96,138,101,163,0,0,0,0,0,0,85,0,0,0,116,45,0,0,562,121,0,137,36,0,164,0,0,99,0,0,79,0,0,0,0,0,0,140,0,0,0,77,0,64,23,39,202,0,101,40,0,93,0,0,0,0,30,0,0,29,0,0,73,77,69,63,0,0,0,24,0,0,0,0,0,0,0,0,43,27,75,0,0,61,190,0,0,0,96,81,0,158,0,48,0,38,0,0,58,0,0,0,0,0,0,0,0,0,0,21,0,0,0,128,0,0,0,0,221,0,230,0,0,106,42,0,0,0,134,0,0,0,608,22,0,107,0,0,0,84,0,37,30,0,0,0,0,0,0,0,335,28,88,0,0,52,0,121,64,0,0,119,0,189,0,0,0,104,0,0,0,0,472,32,0,62,0,248,0,44,0,0,0,113,142,79,27,0,0,16,0,142,0,43,41,0,45,0,0,0,0,68,0,22,0,0,0,0,0,0,0,0,0,74,0,0,0,55,0,48,0,70,0,54,38,0,104,0,0,55,0,0,0,0,126,0,0,27,73,0,156,45,0,0,0,206,0,0,0,34,117,0,0,221,0,0,38,106,0,0,0,0,120,0,174,0,729,37,0,0,0,0,31,0,0,0,0,0,45,0,0,55,0,56,33,108,0,24,0,43,0,48,39,92,61,0,0,0,38,0,0,0,432,102,0,0,0,28,0,0,0,59,0,62,158,0,75,0,0,0,0,0,97,108,73,0,0,0,0,0,211,0,62,161,61,0,0,407,0,62,37,140,322,45,0,0,39,0,39,286,0,0,0,0,0,0,0,157,0,0,124,0,0,0,0,0,74,63,0,48,0,0,0,0,0,0,126,0,0,0,0,25,77,0,0,55,0,125,0,169,0,72,561,28,0,127,16,59,0,60,0,0,0,34,100,98,0,0,0,298,0,56,37,0,54,0,0,0,0,0,57,0,0,121,88,0,38,55,59,98,77,0,0,0,94,0,0,40,94,78,137,0,200,0,108,0,63,0,0,0,112,0,105,111,0,20,0,0,0,0,0,46,254,101,0,0,0,194,109,0,0,77,0,54,0,0,0,0,64,0,219,0,0,137,0,0,258,0,66,114,127,0,58,46,39,153,0,0,24,0,0,0,0,0,0,129,0,0,52,141,49,47,0,0,0,68,59,68,0,90,106,0,0,0,0,0,0,0,31,35,0,0,86,0,0,72,0,0,136,55,92,0,0,0,0,62,97,266,0,16,0,0,95,0,31,0,47,82,0,0,84,45,0,0,46,0,57,34,60,48,0,0,66,0,0,53,0,109,0,0,57,47,41,0,196,117,34,53,122,0,35,46,0,321,117,33,108,35,0,135,0,89,0,0,0,0,178,0,75,90,37,89,0,123,79,35,0,0,115,0,0,121,0,0,0,52,0,48,38,61,50,0,0,36,0,0,0,0,25,281,0,0,0,997,535,0,379,0,0,118,192,46,31,42,0,217,15,57,0,0,0,316,0,0,70,235,0,457,174,0,190,0,0,0,0,0,0,79,0,0,125,288,33,99,0,376,0,93,205,0,0,76,93,0,0,0,0,66,28,57,126,0,0,0,0,256,39,83,21,91,46,0,178,0,0,174,0,0,84,0,0,34,208,0,0,225,97,46,0,76,0,44,110,46,0,204,151,0,0,0,0,0,36,0,0,0,0,127,181,91,177,0,35,0,0,85,34,0,0,125,72,178,0,0,54,31,0,34,137,19,81,368,0,0,0,90,34,81,0,0,0,0,0,0,0,0,0,0,0,75,0,360,0,41,81,0,0,79,0,0,0,0,32,0,171,0,0,0,29,0,0,0,0,75,0,170,35,0,0,245,150,0,54,102,34,0,0,0,44,73,0,105,0,0,34,22,0,0,0,247,90,0,0,691,0,0,53,23,25,52,91,0,0,0,63,0,60,0,0,240,0,0,274,0,68,0,0,46,42,0,0,0,39,0,166,0,0,0,0,0,0,0,46,242,135,0,0,0,52,0,0,0,144,0,0,0,0,0,0,0,75,0,0,0,0,0,50,89,25,63,75,30,84,0,0,58,0,34,76,155,0,143,91,0,0,0,32,361,0,0,60,69,63,0,62,0,0,26,88,52,0,29,0,77,62,0,57,171,0,126,0,104,0,0,0,240,0,569,39,52,0,0,145,72,0,56,51,89,38,117,0,0,74,0,34,0,25,0,51,0,80,308,0,0,766,0,0,0,64,80,0,53,126,0,0,0,0,0,0,111,129,124,333,35,80,65,0,0,0,0,0,227,0,0,0,0,0,190,0,0,0,211,0,168,0,33,0,0,85,173,147,0,84,0,120,47,480,0,0,0,112,0,0,31,36,47,60,0,0,0,0,0,0,25,0,0,328,42,0,0,0,0,0,0,74,0,218,0,0,0,0,0,0,76,0,145,64,0,72,41,0,85,84,22,0,0,48,84,23,0,63,102,76,25,122,0,0,350,0,59,42,90,0,145,224,0,117,70,35,27,0,0,101,125,69,0,52,0,54,51,0,0,0,0,0,0,0,74,66,0,61,167,56,0,50,82,0,0,0,115,0,74,30,560,0,76,58,0,52,513,54,0,66,215,0,95,110,0,0,52,60,72,61,0,168,25,62,26,54,0,73,52,300,0,0,0,180,0,193,60,0,132,0,0,83,249,0,0,109,109,0,0,84,0,165,0,0,74,0,0,0,341,0,0,420,0,20,0,0,78,87,0,84,119,251,0,0,51,74,0,36,94,34,185,0,0,75,142,0,79,627,102,120,0,0,0,93,54,108,46,105,297,0,23,52,132,227,0,317,137,0,0,0,0,0,205,505,215,264,0,0,100,0,0,0,88,0,0,0,0,190,0,0,230,16,0,0,0,51,179,43,0,192,58,156,120,0,0,399,38,0,0,0,122,334,23,85,0,0,0,0,181,88,29,186,0,67,45,185,0,0,0,0,99,90,492,0,54,42,94,83,30,80,0,0,97,0,278,0,199,0,0,0,65,0,0,106,233,0,0,46,113,75,42,0,721,0,81,0,0,0,0,333,88,51,0,605,0,0,0,0,0,124,73,53,0,0,112,29,85,86,0,66,120,0,86,33,33,0,0,0,147,61,173,79,0,116,110,45,66,86,66,0,49,0,0,49,0,0,29,39,29,292,0,16,0,0,77,99,0,0,32,19,39,119,0,0,0,0,0,0,0,95,0,31,151,166,174,0,0,0,0,0,0,89,28,0,105,84,442,52,247,77,0,140,0,21,0,49,63,0,44,0,0,61,0,98,133,0,0,60,0,0,0,0,62,36,103,0,190,80,0,81,56,94,160,0,165,16,45,0,55,135,37,76,53,0,151,0,0,75,216,37,339,124,39,0,105,43,0,0,120,48,0,121,0,0,123,46,36,0,0,0,0,282,0,64,0,42,17,0,46,44,0,0,0,48,41,48,0,196,22,0,28,0,480,0,66,170,25,58,0,0,65,0,29,0,50,56,30,0,257,61,5,28,78,86,0,62,0,0,0,0,0,0,0,0,0,0,77,0,0,0,50,0,121,93,64,0,0,68,0,0,0,0,0,0,0,117,0,0,205,198,0,0,0,0,80,0,37,46,85,209,92,160,95,0,105,0,0,129,28,50,77,144,196,102,85,29,0,31,73,0,0,42,47,0,0,75,50,0,629,0,0,0,83,0,64,44,41,272,0,95,0,43,0,0,0,156,182,0,26,149,0,0,0,55,0,127,0,0,0,0,85,0,45,46,230,62,0,0,0,0,32,115,0,0,0,0,0,67,612,0,0,334,0,50,0,147,0,134,58,0,99,60,0,0,45,0,0,138,0,154,97,86,56,0,47,0,23,0,667,55,0,0,0,177,0,0,0,200,39,0,0,57,0,53,0,0,331,0,49,0,0,176,88,166,61,45,85,0,0,29,0,0,0,0,93,0,230,119,0,0,0,104,74,0,76,55,75,83,157,171,0,29,0,50,34,0,28,0,49,0,0,0,61,63,0,298,0,0,61,0,0,82,136,0,30,47,33,42,0,0,84,38,43,0,0,68,708,0,0,34,55,41,39,0,0,159,0,71,84,0,74,0,0,49,0,0,0,0,0,0,0,109,63,0,23,23,0,46,0,0,60,0,0,75,0,0,114,34,40,91,0,123,175,89,0,98,0,0,0,0,0,217,0,0,0,286,47,47,48,0,0,0,0,67,0,54,559,52,204,0,105,101,91,35,136,0,0,58,29,121,0,79,34,0,354,0,0,0,0,27,0,411,0,0,47,505,0,0,120,48,0,0,0,0,73,105,0,0,327,0,210,56,0,0,42,161,0,73,0,48,75,59,0,0,0,41,0,112,101,0,87,0,45,94,52,0,76,0,0,0,0,0,68,55,0,0,56,240,110,0,65,0,0,0,0,82,0,24,94,111,0,0,0,0,88,324,0,0,35,84,0,0,0,69,0,0,57,133,0,0,86,48,43,86,122,49,100,45,0,0,0,0,0,172,0,26,59,0,26,69,0,0,0,195,0,94,0,47,0,0,119,50,0,0,450,0,236,0,0,64,0,39,0,0,0,33,142,37,0,0,0,54,0,0,0,59,49,0,0,32,0,0,0,0,64,121,38,0,0,0,61,0,0,0,60,0,307,0,65,0,0,0,39,14,67,0,54,45,29,77,126,76,0,0,361,0,60,0,28,46,0,0,0,180,0,39,0,0,0,101,0,0,34,87,29,0,0,0,44,0,69,0,28,0,68,128,287,1050,0,61,85,94,105,0,97,0,28,64,84,0,85,66,105,70,66,0,0,41,38,0,176,101,0,36,65,52,332,0,62,0,121,0,0,0,0,42,40,36,10,31,147,0,296,0,0,56,0,0,0,0,0,0,0,0,0,0,0,71,0,0,32,0,120,25,0,70,57,527,0,0,214,0,73,41,0,0,44,72,0,0,117,0,108,0,0,111,0,113,163,0,0,110,0,0,115,29,32,29,45,0,0,292,0,0,0,51,16,32,0,0,0,0,0,32,51,0,0,0,32,28,0,252,50,0,40,0,75,0,447,0,0,0,0,0,0,0,82,283,0,29,0,41,0,116,0,0,17,41,70,30,0,88,462,0,0,0
237,0,85,111,232,163,241,272,32,367,70,961,157,56,98,849,1172,1401,99,196,34,1134,272,311,366,526,89,133,254,172,95,93,304,0,179,580,618,65,317,1150,641,178,230,122,1101,32,275,208,1215,79,761,264,489,306,149,897,125,98,35,134,46,540,321,1173,124,222,775,164,74,133,1037,0,203,141,98,970,285,90,1067,197,350,92,226,843,897,439,258,84,346,266,1084,230,244,328,537,178,160,39,295,218,0,175,207,367,69,126,324,164,630,275,1043,284,431,315,917,227,214,612,206,84,685,141,733,175,162,174,203,162,275,151,581,93,1060,100,555,549,842,375,358,279,490,326,568,1375,32,70,296,179,376,273,72,132,385,239,532,557,96,520,218,511,807,273,52,548,220,560,163,143,607,681,1191,634,179,314,95,172,159,226,710,270,234,759,62,173,111,284,147,2815,1095,0,67,47,374,289,589,114,591,170,83,461,143,361,765,143,1789,118,265,109,236,578,547,539,171,333,146,458,335,445,90,75,970,1029,115,70,980,55,44,648,1244,73,452,128,79,126,123,41,185,310,798,111,142,227,179,250,189,0,381,84,195,61,214,436,861,448,1012,102,297,66,97,214,1176,543,320,294,211,100,58,1680,659,1741,193,52,1195,1101,245,260,438,121,3484,1244,367,59,482,706,467,217,226,1167,8542,390,342,250,749,98,60,322,97,235,279,250,168,108,405,214,97,1304,1052,1315,137,594,483,2490,540,0,65,226,325,1059,444,180,283,193,82,193,1026,694,252,840,77,140,1627,66,303,527,459,336,117,118,135,272,86,425,82,409,538,95,69,100,625,5080,1035,495,145,1238,1813,134,275,347,1248,978,361,417,828,109,499,1079,3172,704,255,149,955,258,338,183,522,778,602,0,0,942,273,159,300,207,270,3054,363,429,491,129,211,160,1611,248,385,179,2430,255,508,1265,65,149,879,49,132,620,270,158,241,138,559,52,473,183,70,98,1174,471,1285,1321,129,545,550,138,457,559,493,218,690,194,42,98,393,151,616,164,188,334,187,610,72,99,1257,720,870,627,1068,394,128,218,148,33,776,77,551,75,215,255,52,120,907,167,722,844,180,225,94,397,172,165,181,223,1173,555,291,241,908,1310,936,656,769,245,820,760,491,87,68,512,619,1878,782,336,87,1040,217,316,927,635,1096,168,20,832,260,2963,341,503,1290,719,265,86,339,155,88,251,137,137,1059,326,285,641,590,380,957,1772,481,78,179,312,1288,160,269,99,67,98,541,373,135,59,0,732,109,781,1411,195,167,77,491,172,236,1424,913,672,152,381,154,201,111,290,213,184,982,1658,0,337,429,767,260,105,80,248,573,1019,192,60,173,153,72,1300,133,232,905,1059,615,84,1696,106,1112,2206,449,159,218,3848,51,566,84,124,85,591,136,334,197,158,401,335,286,910,322,780,307,278,79,122,1360,1688,484,131,405,639,71,429,174,162,48,119,381,148,408,220,0,718,863,123,107,285,138,226,385,383,146,54,116,90,608,37,160,1729,101,506,176,1004,1222,168,75,550,3601,57,313,402,303,861,450,349,372,68,216,805,393,463,184,326,1419,173,829,155,1714,301,477,406,1039,155,146,221,259,410,722,186,244,183,771,66,813,178,461,86,269,194,1191,142,1799,67,104,414,77,541,502,171,312,329,570,607,124,1390,1441,73,142,129,62,190,1097,435,1576,588,456,2651,1492,1019,766,536,57,61,477,557,187,157,513,66,79,299,1824,571,729,324,5313,885,0,470,138,83,638,45,183,360,198,139,639,172,47,314,85,190,225,591,147,337,82,656,0,301,156,914,746,701,244,163,87,1716,276,211,205,245,559,225,576,114,89,105,563,517,369,1784,56,0,220,233,49,198,42,292,386,387,396,250,305,272,1724,302,754,393,680,107,257,104,1039,1304,202,1281,175,181,199,458,873,118,1571,218,218,196,299,315,130,915,1621,76,74,411,65,52,484,535,143,59,0,232,2151,127,1088,371,84,495,396,208,829,111,584,143,97,99,2813,1060,286,1805,223,243,129,1037,171,359,204,0,135,115,123,228,143,248,1188,894,173,131,0,235,411,366,879,205,339,483,58,476,56,136,376,1065,177,480,917,603,1642,262,117,407,268,1165,0,334,65,243,119,1112,1405,1140,793,301,519,150,229,2942,1002,507,894,88,573,1096,429,243,245,515,539,216,195,321,270,212,129,133,338,292,332,562,623,105,163,469,142,879,153,863,113,264,325,419,477,50,346,755,356,78,262,197,1721,173,223,365,373,267,1275,514,143,651,330,2347,224,243,116,798,515,175,41,2287,260,45,333,1328,127,89,613,583,2373,274,2607,96,5388,614,239,332,253,83,179,75,119,464,515,213,850,160,85,925,508,482,1721,911,312,484,62,422,198,997,3003,1307,528,327,152,198,415,385,327,0,1512,488,220,127,159,461,245,246,374,775,73,789,4490,365,857,284,658,302,286,281,850,1097,386,124,437,39,388,342,2386,51,530,852,856,894,28,1490,351,295,705,1814,4751,872,1460,186,870,454,314,996,154,289,337,282,108,308,42,600,47,336,3160,175,148,208,567,366,308,1254,258,888,458,288,259,236,124,175,547,203,512,72,183,447,512,274,0,432,329,1087,273,1583,152,321,2463,435,63,2221,322,812,659,418,280,40,213,820,468,1296,44,116,488,3780,88,129,173,799,692,129,337,167,333,150,262,123,276,2401,484,432,471,498,1197,577,942,66,429,321,1256,158,214,416,1373,1345,1157,450,871,117,1309,421,762,61,393,534,1008,79,466,1312,1131,163,315,143,35,175,262,1490,1617,346,162,673,183,2674,932,26,1034,319,98,291,93,246,99,305,269,283,1158,126,285,690,198,111,2668,192,238,543,681,233,340,434,174,526,448,187,226,393,182,154,254,91,86,1064,60,53,251,676,483,314,315,127,64,461,185,763,167,429,415,109,379,119,503,63,161,118,250,197,445,88,456,112,79,355,66,275,623,255,413,76,59,227,170,869,1271,791,118,115,91,203,1440,253,153,191,847,357,216,169,475,335,71,168,334,84,435,341,231,624,46,81,241,244,168,630,122,1263,327,87,213,667,322,280,1082,1133,227,158,832,180,636,208,129,1698,891,236,1304,194,66,6580,176,610,66,396,346,171,2531,88,303,513,266,595,163,955,392,112,89,180,520,84,204,1016,115,158,144,643,156,505,93,716,925,161,132,159,197,216,230,182,271,836,116,34,252,6607,2167,216,1924,140,355,713,1034,197,134,203,122,1160,215,167,352,433,69,2330,183,547,503,1791,54,2322,659,49,571,164,81,179,95,80,985,395,273,424,379,1032,254,1224,91,1294,83,390,1304,0,210,402,424,310,589,321,134,348,283,489,718,138,508,679,186,2486,997,399,608,711,228,134,748,164,78,1426,46,145,713,0,173,144,1156,140,384,849,629,388,125,1167,330,510,524,461,0,853,919,123,135,334,226,327,235,161,340,555,96,734,678,521,955,217,288,166,127,877,248,311,172,1674,1382,642,376,213,320,208,55,199,771,210,318,1755,158,59,322,817,170,279,392,190,113,275,56,0,715,1304,449,71,310,493,165,982,71,279,592,189,311,814,40,105,110,593,516,118,597,374,249,108,235,0,86,917,103,695,0,1192,962,187,120,985,1024,291,200,1021,377,586,66,151,401,2706,56,1082,145,289,343,467,133,291,378,1616,417,249,657,3217,114,38,1030,584,124,332,900,1200,90,354,333,522,414,254,74,952,75,289,2227,0,511,251,258,259,577,175,269,240,505,149,1218,143,217,64,148,161,496,74,301,915,1523,246,121,278,436,306,378,99,736,505,184,241,294,198,2015,235,313,409,162,259,283,81,1018,1154,424,634,328,206,836,184,105,610,544,484,565,840,162,801,1160,476,313,296,374,1547,165,123,317,372,1206,104,367,71,79,154,2420,586,189,177,136,1012,500,582,229,743,188,664,147,1908,0,113,84,2457,188,2707,427,517,187,117,504,819,224,580,152,946,217,399,342,632,694,82,456,154,435,256,364,102,763,1593,41,82,1969,220,57,188,551,657,181,257,884,519,125,171,86,250,165,614,468,1300,3424,594,514,706,60,231,505,108,446,1528,43,96,188,85,122,879,106,192,463,1609,148,1670,78,204,168,142,1051,1034,743,687,255,217,2163,400,2894,113,132,123,787,165,1180,251,327,441,666,149,83,267,136,213,63,450,134,209,2382,532,287,61,64,0,176,250,734,55,1908,113,508,402,51,230,285,316,37,1642,642,107,658,318,187,614,575,584,77,611,258,357,171,61,288,476,255,120,716,84,52,1626,124,481,251,502,519,1639,1069,239,1058,369,295,161,195,220,670,1300,399,511,1129,137,307,158,144,137,178,206,248,250,68,553,275,513,581,1017,526,284,423,392,101,71,116,433,163,587,511,2164,223,433,324,171,209,2752,536,325,371,1285,117,1422,716,67,252,277,1626,642,476,46,934,254,497,63,214,90,460,753,1130,125,269,61,920,370,573,768,946,628,125,50,370,1011,114,0,610,391,150,0,333,233,733,1839,214,413,558,149,67,3016,161,214,2696,381,215,55,165,307,252,91,2098,717,1273,65,404,243,333,69,167,753,208,941,528,327,387,438,459,750,2834,660,452,76,168,364,937,1197,554,318,632,2220,86,128,1112,530,1062,208,1015,747,350,183,86,169,242,1377,1098,932,1591,319,44,497,105,87,183,435,72,150,773,49,848,64,186,1592,208,160,98,71,174,769,306,201,937,416,905,827,165,183,1760,254,198,83,104,1352,2757,131,355,101,334,277,52,823,339,1113,1136,469,419,697,723,133,190,38,179,570,379,1664,86,330,147,428,750,367,559,114,112,829,114,1069,70,899,107,335,100,340,67,72,648,1373,85,129,243,2287,469,508,87,5241,107,212,47,65,67,50,1832,315,429,493,3286,213,42,303,106,180,920,367,357,233,267,616,163,482,298,175,870,1743,228,562,256,294,231,617,379,843,329,1035,363,117,2104,652,557,297,622,499,291,218,209,211,328,109,200,351,407,183,1065,681,174,93,113,1209,691,316,0,233,100,494,567,494,472,1035,103,102,306,48,445,471,683,1627,1111,2008,668,29,141,167,96,367,464,273,160,485,799,2618,382,1054,630,499,1064,106,475,44,159,195,214,360,151,208,415,179,1229,1804,109,598,812,123,428,0,83,292,208,710,497,1695,353,437,287,202,1277,829,27,510,326,188,187,322,889,313,540,395,56,574,339,94,503,1016,339,1703,867,162,262,530,365,282,94,476,717,78,1106,251,49,1410,893,300,262,399,132,69,4054,51,1005,317,240,334,107,408,907,253,71,165,113,299,192,189,1437,132,354,139,247,1861,291,415,1768,288,382,0,277,429,80,350,143,509,746,844,1039,924,522,0,102,301,378,350,418,313,148,69,300,411,237,51,478,199,293,1247,169,43,696,556,104,835,540,1471,93,256,467,221,198,166,49,151,726,156,367,879,173,954,1135,90,244,52,101,979,100,825,624,459,1076,321,1117,298,353,937,79,490,344,189,579,496,1368,942,884,626,201,110,838,357,190,120,153,834,168,160,274,619,370,5456,323,78,265,243,131,529,1144,319,1100,452,612,183,249,65,505,102,1399,1257,787,235,1478,113,41,412,267,459,390,153,0,117,911,447,304,610,220,1140,801,70,74,38,230,117,651,307,150,166,323,86,263,5175,189,159,3342,346,432,111,919,170,1479,611,112,1013,518,211,153,639,120,34,740,127,2296,555,492,471,193,283,158,109,106,3042,504,98,101,76,1986,78,842,720,1480,1157,125,117,348,443,546,199,80,1599,55,282,288,365,1580,838,1232,765,599,1686,110,138,310,224,179,333,155,626,149,4373,960,191,187,148,786,661,158,487,420,433,1728,1435,888,250,392,232,331,382,150,553,253,349,46,261,1166,633,388,186,1907,214,27,657,147,78,452,996,77,489,467,835,257,222,0,737,419,479,108,127,1084,4668,734,155,165,813,251,255,132,436,1235,296,484,676,227,493,234,459,1149,177,0,173,151,235,296,217,513,615,270,259,304,69,404,435,421,814,222,280,1346,64,193,882,227,399,334,357,1510,781,680,247,508,164,139,654,388,597,2567,515,61,55,1724,428,838,671,200,373,663,298,528,79,184,3210,457,1943,432,1081,627,794,814,1426,62,376,567,164,1155,425,369,337,199,4373,354,458,137,214,363,121,1669,51,177,241,3208,141,364,1025,543,586,306,1659,112,805,1240,312,397,3779,187,2532,421,1099,236,386,1707,160,510,713,663,489,646,89,118,375,623,108,680,532,158,543,72,1026,1205,1019,163,589,476,178,1029,80,106,345,199,517,346,361,1900,1149,184,400,56,126,450,185,646,2147,246,423,1035,118,145,83,489,914,1042,95,178,313,878,97,106,342,756,183,0,493,738,148,186,1675,320,310,433,620,439,651,378,36,276,82,63,119,1173,153,317,275,34,228,618,176,62,86,1214,122,650,463,815,337,367,554,617,48,49,2711,510,1683,133,595,345,75,301,127,82,241,315,1852,915,172,1347,662,711,96,414,104,383,397,214,173,127,208,169,260,205,1598,1101,218,634,183,79,707,469,0,0,257,265,2015,553,250,0,141,161,317,326,342,543,240,628,223,479,997,1758,122,112,2428,234,424,160,270,332,179,0,146,1113,64,438,53,241,181,425,220,94,288,454,263,251,156,388,449,220,684,143,287,94,365,915,1204,5898,304,511,239,643,882,305,1043,177,666,400,631,251,708,696,602,755,406,306,90,417,650,0,1163,713,93,271,454,612,950,169,568,230,731,241,202,131,261,231,571,1658,91,6461,824,62,2014,64,0,357,291,97,413,237,2912,73,44,229,1213,80,55,627,195,0,349,72,655,163,657,516,687,1928,289,81,1592,253,1183,158,1218,112,514,325,130,144,737,282,915,65,180,518,156,771,906,177,145,1135,308,1772,1838,150,193,207,260,113,96,4165,1198,57,82,303,636,221,201,69,257,250,160,490,447,232,250,0,423,136,48,1980,351,194,881,213,513,66,2616,137,79,97,72,52,110,102,308,1465,68,450,780,1359,215,476,175,91,141,401,403,199,79,572,3045,326,142,195
238,0,0,0,0,0,0,0,0,0,0,0,0,0,0,0,0,0,0,0,0,0,0,0,0,0,0,0,0,0,0,0,0,0,0,0,0,0,0,0,0,0,0,0,0,0,0,0,0,0,0,0,0,0,0,0,0,0,0,0,0,51,0,57,0,0,0,0,0,0,46,0,0,0,0,0,0,0,55,0,0,0,0,0,80,0,0,0,0,0,0,0,0,0,0,0,0,0,0,0,0,0,0,38,0,0,0,0,0,0,0,0,0,38,0,0,0,0,0,0,60,0,0,0,0,0,0,0,0,0,0,0,0,0,0,0,0,0,0,0,0,0,0,0,0,0,0,0,0,0,0,0,32,0,0,0,0,0,0,0,0,0,0,0,0,0,0,0,0,0,56,0,0,0,0,0,0,0,0,0,0,0,0,0,0,0,0,61,42,0,0,0,0,0,0,0,0,0,0,0,0,0,0,0,111,0,18,0,0,0,28,0,0,0,0,0,0,0,0,0,0,0,0,0,0,0,0,0,0,0,0,0,0,0,0,0,0,0,0,0,0,0,0,0,13,0,41,0,0,0,0,32,0,0,25,0,0,0,0,0,0,37,0,0,0,0,0,56,0,100,0,0,0,0,8,0,0,0,0,53,0,0,0,37,0,0,0,26,0,0,0,0,0,0,0,0,0,0,0,0,0,0,53,0,0,0,78,0,0,33,0,0,0,0,0,0,0,0,37,0,0,0,0,0,0,53,0,51,0,0,51,0,0,0,24,0,0,0,0,0,0,0,0,0,0,0,0,0,0,0,0,0,0,0,250,0,0,0,124,59,0,0,0,0,0,55,0,138,0,0,0,0,0,0,0,78,0,0,0,0,0,0,0,0,0,0,0,0,0,0,0,0,53,0,0,0,0,0,0,44,0,0,0,0,0,0,0,0,0,0,0,0,33,0,0,0,102,0,0,41,0,53,53,0,0,0,0,0,44,0,0,0,0,0,0,0,0,0,0,73,0,0,60,0,0,89,0,0,0,0,0,0,0,0,0,0,0,0,0,0,0,0,0,25,0,0,0,0,0,0,0,0,0,0,0,12,0,257,0,0,0,0,0,0,0,0,0,0,38,0,77,19,0,0,0,0,22,87,0,0,0,44,0,0,0,65,93,0,36,0,0,0,0,0,0,0,0,0,0,0,0,0,56,74,55,0,0,0,35,0,0,0,0,0,34,0,0,0,0,0,0,87,0,0,0,0,0,0,0,90,0,31,0,0,0,0,0,0,0,0,0,135,0,54,0,35,0,0,0,0,43,0,0,0,0,0,0,43,0,0,0,114,0,0,0,0,0,0,0,0,0,91,0,26,0,0,0,41,0,0,0,0,0,74,40,71,0,0,0,0,0,0,76,70,0,0,22,0,0,0,0,0,0,0,0,0,0,0,0,0,0,0,0,0,0,0,0,0,0,0,0,0,65,0,0,83,0,51,0,0,59,0,0,44,398,0,0,0,0,0,38,33,0,0,0,0,44,0,0,33,64,0,0,0,63,0,0,0,0,0,0,0,0,0,0,0,59,0,0,0,56,0,0,0,0,0,0,0,0,0,0,0,0,19,30,0,0,0,126,0,0,104,31,0,0,0,0,0,88,0,0,0,0,59,0,37,66,0,0,0,0,0,0,0,0,0,0,0,114,0,71,0,490,0,0,0,0,0,0,0,0,0,0,0,151,0,0,0,0,0,0,37,0,0,0,38,0,0,0,0,0,41,0,0,0,78,0,0,0,0,58,0,0,0,0,0,0,0,69,0,0,0,0,0,0,0,0,0,0,0,0,0,0,0,0,36,0,83,0,0,39,0,87,0,0,59,0,0,13,0,0,0,0,0,0,38,75,0,0,48,81,0,0,0,0,0,0,29,0,0,0,0,63,0,64,25,0,0,0,0,0,0,0,0,0,0,131,0,36,69,0,0,0,95,0,0,0,0,0,0,0,0,0,0,0,0,0,0,0,0,23,0,61,0,0,0,0,0,0,0,0,83,0,0,51,51,46,0,0,0,0,84,0,20,0,0,0,49,64,99,77,0,0,0,0,64,0,0,66,0,0,63,30,0,0,0,0,0,0,38,0,35,0,0,0,0,0,0,0,0,0,0,0,31,0,0,0,24,0,0,44,0,0,0,0,0,0,0,246,22,0,55,0,42,109,0,0,0,25,130,0,0,0,111,0,0,0,0,0,0,0,0,0,0,0,0,182,0,55,0,308,0,0,0,0,0,0,0,0,31,0,0,0,0,0,96,0,34,70,0,0,29,0,61,0,0,365,0,0,0,0,0,0,0,34,0,0,104,0,0,0,0,0,0,0,98,0,100,126,33,0,0,0,39,0,0,33,42,0,0,35,0,0,0,0,0,32,76,43,41,0,133,39,0,0,0,293,78,31,0,26,43,0,0,0,0,0,0,0,0,0,106,0,0,138,0,0,0,0,0,0,105,0,30,0,0,17,0,0,0,83,0,60,0,0,0,0,0,0,0,0,37,0,154,0,92,0,0,0,215,31,67,97,0,0,0,0,0,62,35,0,0,63,204,0,25,0,0,0,0,0,0,0,0,0,0,0,64,0,37,0,0,45,45,66,0,0,0,131,0,0,44,0,0,103,0,154,0,0,0,0,0,0,0,68,0,71,100,0,0,27,0,0,0,35,0,47,46,0,0,0,330,62,0,140,0,0,0,0,42,0,0,0,0,114,0,0,0,0,0,50,0,0,41,75,0,0,37,0,53,0,0,0,62,0,0,57,0,0,59,0,0,0,123,0,0,104,0,0,41,35,122,0,0,0,0,0,0,56,0,11,0,0,0,0,0,0,0,0,0,0,0,39,23,34,0,0,29,0,0,114,83,0,0,0,0,15,0,0,0,0,0,0,36,0,0,0,0,0,0,0,28,0,0,0,0,0,0,0,88,0,54,0,0,0,0,0,0,0,0,0,0,41,0,74,0,0,307,80,53,0,0,0,629,0,120,0,0,0,0,0,0,0,66,0,44,0,129,97,0,0,0,70,0,0,0,0,0,0,0,0,49,0,36,0,0,0,0,0,0,0,0,0,104,0,0,0,171,256,0,247,0,37,66,53,0,0,0,0,45,0,46,0,0,0,263,0,0,0,158,0,114,107,0,46,0,0,0,0,0,112,81,0,58,0,0,0,102,0,178,0,0,136,0,35,0,0,0,41,66,0,43,0,47,31,0,55,0,0,147,56,0,0,82,44,0,93,0,0,213,0,0,0,0,0,0,44,0,39,98,67,0,0,0,0,0,0,48,0,122,64,0,0,0,0,0,17,0,52,59,0,0,80,82,186,34,0,0,0,0,0,30,0,0,130,140,0,0,0,0,0,44,96,20,0,131,0,0,0,61,0,20,0,25,0,51,0,0,35,216,0,0,0,49,48,77,0,57,86,0,0,155,0,0,0,35,0,0,0,40,0,0,0,0,0,107,0,0,0,192,0,0,0,62,236,0,27,141,0,73,0,0,0,27,0,58,0,33,24,50,0,0,0,0,46,0,83,676,0,0,80,0,0,0,0,0,0,37,0,44,80,0,0,0,0,0,384,0,0,0,0,0,83,0,0,0,0,0,161,0,0,0,0,0,0,0,38,0,0,0,0,0,0,44,58,0,146,29,0,0,25,0,293,0,0,53,0,0,0,0,0,114,85,0,0,0,127,0,0,59,99,0,110,160,0,142,60,0,62,0,25,79,0,0,0,56,116,0,81,0,0,0,230,47,0,37,18,227,90,0,35,59,0,0,0,54,0,0,0,386,0,452,63,0,0,0,0,0,0,0,0,42,0,0,37,0,38,0,0,0,25,0,0,15,0,91,0,0,219,0,0,0,121,114,24,0,132,94,0,0,0,0,13,0,34,0,294,64,0,61,0,0,0,0,49,136,0,0,0,0,0,5,0,27,58,296,0,83,0,0,0,0,86,33,141,65,30,0,38,0,0,0,0,0,28,0,95,0,56,0,0,0,0,0,0,20,0,77,0,35,0,0,0,0,0,0,0,0,51,0,143,0,0,56,0,0,0,0,0,0,70,0,76,0,0,0,42,35,0,0,0,0,30,0,34,56,0,0,0,0,0,197,0,0,0,35,0,124,73,0,132,31,0,0,0,22,36,144,66,0,0,0,0,47,0,0,0,0,0,0,0,57,50,0,0,153,0,0,45,0,0,0,0,38,0,0,81,210,0,0,0,0,0,201,49,0,0,82,0,0,47,0,19,0,40,0,66,0,143,0,0,37,0,0,46,0,158,0,0,0,50,0,0,0,48,76,0,0,0,51,0,0,0,0,0,0,0,0,54,0,0,0,0,0,0,99,0,0,187,0,0,0,0,0,0,0,114,68,84,0,69,0,0,0,0,0,38,44,0,0,0,148,0,0,318,90,43,0,0,42,0,0,63,0,25,80,0,0,58,36,97,0,46,76,0,0,0,0,0,31,76,0,166,0,0,68,0,0,0,77,15,0,0,0,58,0,0,0,0,0,0,0,63,40,0,0,31,0,88,88,0,0,154,0,0,0,0,105,288,0,0,0,0,0,0,0,0,65,144,31,0,0,50,0,0,0,0,32,0,120,0,0,0,25,0,40,0,0,0,0,0,69,0,107,0,23,0,0,0,0,70,0,0,0,0,68,43,62,0,486,0,0,0,0,0,0,52,38,48,0,52,0,0,0,0,0,106,0,0,0,0,0,0,56,39,0,0,73,0,89,43,43,0,44,0,198,78,150,0,0,134,0,0,0,41,25,48,55,0,0,37,0,35,0,0,0,125,64,0,0,13,0,92,39,0,0,0,0,118,41,0,117,0,0,60,0,59,47,46,215,272,320,0,0,0,0,0,66,66,36,0,122,112,347,0,237,133,0,136,0,77,0,45,55,0,45,0,0,69,0,81,150,0,29,103,0,0,0,0,0,0,120,0,148,63,96,61,71,241,169,0,117,0,37,0,0,0,0,58,61,0,83,0,0,70,0,0,317,32,0,37,130,17,0,0,0,18,0,248,0,0,164,62,0,0,41,0,0,413,0,0,26,0,0,0,0,145,0,0,0,0,52,46,0,88,0,0,0,0,402,0,0,97,75,0,0,0,41,0,0,0,32,47,42,77,108,101,0,0,0,40,0,115,0,0,0,0,0,0,0,0,0,0,171,0,0,130,130,0,128,59,112,0,0,103,0,0,0,0,0,187,0,97,86,44,0,186,0,0,0,0,36,0,193,117,65,142,0,142,0,0,0,0,0,86,0,0,0,158,117,167,194,0,0,45,0,0,0,38,35,30,0,53,0,0,668,0,0,0,64,0,85,170,38,262,78,0,0,0,0,40,0,75,202,178,0,0,0,0,67,0,108,87,0,0,0,99,0,0,42,0,320,92,0,0,0,0,14,56,0,0,0,0,0,25,291,0,0,553,65,46,0,64,0,73,76,0,107,0,0,0,0,28,0,64,0,307,0,0,35,36,0,0,0,0,282,59,0,0,0,61,0,58,44,63,62,0,0,0,66,39,0,0,135,0,21,86,0,256,86,98,43,74,202,0,0,0,58,22,0,0,59,0,248,287,0,21,0,76,0,0,39,29,0,77,123,77,34,0,0,49,70,0,92,0,0,0,0,106,72,0,0,154,0,0,122,0,0,42,180,0,53,81,102,0,0,0,82,25,68,0,0,0,357,71,0,0,40,0,0,0,77,219,0,72,220,64,0,0,66,51,0,0,0,0,0,0,0,54,67,0,40,0,0,0,0,70,85,0,0,330,0,0,36,0,52,0,0,98,92,117,0,48,0,50,60,0,54,187,0,0,0,99,0,111,52,30,114,115,34,0,33,0,283,0,218,22,97,65,81,92,186,0,0,0,0,149,0,30,0,0,74,0,63,0,40,33,0,161,0,0,0,116,0,0,182,0,36,49,204,0,0,68,47,0,437,0,315,80,81,0,0,216,0,58,100,88,26,29,0,0,49,72,0,0,0,0,132,0,74,198,141,0,79,0,0,147,0,0,0,0,0,0,60,60,316,0,46,0,0,0,0,62,200,0,34,37,0,0,0,46,48,79,0,0,58,141,0,24,0,129,0,0,48,0,39,0,144,50,35,0,47,147,59,48,0,0,0,0,0,0,0,40,0,0,76,49,0,17,0,153,0,124,0,59,32,81,0,62,0,0,283,75,191,0,122,22,0,0,0,0,0,40,109,133,0,97,76,160,0,0,0,0,42,0,0,0,0,0,0,0,47,119,20,0,0,0,50,115,0,0,0,0,223,98,0,0,0,0,0,61,67,53,0,112,60,50,81,309,0,0,250,52,0,0,44,42,0,0,0,238,0,0,0,0,0,0,55,0,0,0,0,0,0,0,50,0,115,0,28,0,0,61,284,60,0,0,53,46,146,0,64,0,83,0,0,0,0,0,74,52,0,0,0,47,29,0,69,146,0,0,0,72,168,0,128,0,100,0,0,0,0,0,0,157,0,1075,71,0,223,0,0,81,75,0,30,56,252,0,0,0,108,0,0,93,0,0,0,0,29,0,45,0,53,237,65,0,157,59,210,0,127,0,0,0,0,0,133,0,83,0,0,85,0,61,201,0,0,94,78,267,156,0,0,0,0,13,0,285,178,0,0,0,82,0,0,0,0,0,0,0,0,66,0,0,0,0,0,173,61,0,143,0,55,0,334,0,0,0,0,0,0,0,49,72,0,0,0,164,0,70,38,0,0,0,39,23,0,0,239,26,0,57
239,0,0,33,61,54,79,0,0,59,0,408,36,37,30,302,168,185,0,53,0,168,83,82,109,120,0,0,118,0,34,0,104,0,66,230,127,0,84,152,155,79,42,0,304,0,55,86,245,0,115,0,88,134,41,190,0,0,0,38,0,194,123,387,26,86,0,49,0,0,450,0,69,0,0,545,55,0,434,33,110,0,0,178,320,112,30,33,95,77,198,95,70,111,119,61,69,0,60,79,0,0,0,130,0,32,97,62,104,124,69,70,83,119,21,107,49,178,0,0,252,45,257,57,45,0,0,0,34,41,247,0,216,0,104,0,159,122,47,69,45,93,132,184,0,0,91,45,95,114,0,0,173,78,178,117,0,99,62,170,108,0,19,85,117,151,58,0,124,281,288,124,68,98,0,0,56,53,141,134,60,389,0,61,31,56,102,602,201,0,0,0,133,64,365,0,58,0,42,175,48,50,179,0,192,51,52,0,62,165,139,114,60,100,0,248,42,77,31,0,92,190,0,0,200,17,0,123,467,0,94,0,0,52,0,0,28,74,232,52,0,83,46,100,51,0,111,0,0,19,0,69,183,49,104,0,93,0,48,63,391,228,154,0,30,0,0,229,0,538,38,0,150,309,96,61,52,0,516,328,46,0,76,264,118,88,61,347,1809,88,70,69,321,0,0,35,42,0,32,120,24,33,39,36,0,387,281,446,0,274,191,582,148,0,0,96,66,369,148,70,125,71,33,66,339,174,65,303,0,30,529,0,89,131,89,70,20,36,52,0,0,102,0,95,170,28,23,0,266,737,442,195,0,204,734,48,0,120,610,104,79,91,276,0,120,237,1105,295,24,79,182,85,85,70,84,144,117,0,0,270,0,22,90,53,69,454,139,138,123,0,79,40,361,55,68,0,788,47,84,141,0,55,300,0,0,107,57,65,61,38,201,0,204,76,0,40,539,173,458,270,0,240,216,0,126,207,177,124,161,32,0,0,115,34,196,0,86,67,73,287,38,0,274,147,344,81,454,152,57,76,0,0,215,0,192,23,65,41,29,0,105,61,195,100,48,0,0,83,56,0,70,40,503,129,190,0,238,655,434,148,0,0,273,188,51,0,26,176,102,580,129,142,32,96,0,52,338,100,155,53,0,302,0,657,189,80,551,166,76,0,129,52,32,116,0,60,227,77,0,178,188,108,147,464,51,0,49,94,335,36,63,46,0,0,91,76,0,0,0,242,30,299,349,72,57,23,146,68,114,467,66,178,0,200,0,80,52,94,0,72,243,215,0,122,70,97,68,48,0,64,96,313,61,0,40,69,0,239,0,36,234,350,193,32,419,0,334,640,67,40,57,1329,0,182,0,29,0,87,0,0,34,43,70,153,93,168,95,192,141,132,0,0,526,550,158,38,156,224,0,213,65,0,0,0,121,66,118,0,0,185,240,39,0,82,0,32,162,146,0,0,0,0,196,0,54,894,41,211,47,203,561,0,0,261,1291,0,89,99,101,224,87,124,147,0,32,225,226,115,69,100,209,0,292,43,345,109,157,68,305,0,57,58,72,53,134,54,96,68,126,0,170,39,139,0,109,53,207,0,374,0,30,159,32,188,98,61,74,125,209,135,70,519,467,15,38,58,0,74,392,49,464,242,112,505,488,408,228,175,0,0,181,85,70,39,172,0,0,170,1076,180,271,104,1475,301,0,122,0,43,77,0,0,69,44,58,227,0,0,68,0,0,91,87,0,73,0,135,27,72,46,317,203,96,86,40,24,980,91,0,43,120,194,51,194,18,0,0,160,153,158,638,0,0,111,76,0,56,0,102,114,124,94,51,94,86,475,107,163,80,97,36,90,0,540,289,80,605,54,0,78,206,170,0,307,73,29,50,123,62,47,179,582,0,41,76,23,0,162,108,49,0,0,0,790,73,216,56,0,122,122,27,144,59,224,63,50,0,305,522,92,359,41,110,90,418,73,100,73,0,45,42,44,54,0,102,376,188,52,48,0,91,159,98,416,0,68,95,0,134,0,0,118,464,63,146,124,137,466,50,55,93,193,393,0,93,0,61,99,169,182,288,189,31,107,85,171,1025,113,123,239,0,214,237,77,0,43,56,172,81,38,73,111,54,52,0,106,54,109,218,261,0,0,233,0,85,28,499,0,96,105,66,101,0,133,177,264,22,178,39,375,51,85,159,109,183,273,164,49,179,111,1094,45,0,37,661,184,54,0,817,59,0,0,314,42,29,76,174,297,76,591,0,1739,192,62,192,78,0,93,0,0,154,84,38,172,45,54,459,117,165,334,501,0,100,0,208,55,350,846,582,249,219,37,44,113,0,77,0,550,93,130,37,0,199,81,61,36,250,24,270,565,51,388,133,158,177,160,108,392,428,76,45,139,0,163,54,1652,0,57,227,296,89,0,210,100,114,84,906,634,270,247,0,351,138,66,421,0,62,45,67,0,144,0,154,0,109,406,46,49,110,146,52,37,548,197,265,277,160,0,97,0,64,121,64,262,0,52,100,338,112,0,87,133,176,313,447,0,70,1009,175,0,628,130,196,529,88,72,0,44,129,109,227,0,42,439,862,0,57,0,281,217,0,69,0,71,93,62,26,121,291,137,115,169,136,187,176,109,39,56,81,304,166,90,125,482,255,296,147,216,0,241,76,154,0,56,128,324,38,111,465,155,41,90,66,0,62,120,249,983,83,0,206,30,807,377,0,329,159,87,35,34,132,0,56,0,95,308,83,0,83,58,0,813,65,40,142,338,60,98,113,38,106,105,0,22,105,92,0,0,38,0,269,0,0,0,64,272,88,53,54,0,114,41,165,29,224,132,0,76,0,212,0,51,57,0,56,126,0,230,0,0,98,0,66,465,69,242,0,0,76,50,174,443,307,78,57,47,55,217,95,0,99,177,77,46,0,120,52,0,0,140,0,103,159,0,83,34,0,149,141,0,175,30,453,93,0,165,142,69,93,228,484,37,119,314,0,149,58,0,1035,236,88,321,27,0,2156,80,244,45,101,124,0,405,0,69,188,111,260,0,161,90,0,33,73,84,0,87,233,22,0,0,159,38,88,0,191,251,47,14,0,63,83,73,0,79,277,29,0,91,1207,426,76,356,60,69,317,259,91,0,74,31,477,73,30,75,204,31,601,38,311,82,837,0,685,331,0,282,62,54,33,0,41,276,179,108,136,93,359,76,466,25,256,0,265,385,20,46,204,143,103,243,43,0,203,113,77,141,50,175,217,63,323,275,295,166,195,32,48,420,71,0,614,0,47,218,0,0,0,250,0,131,396,166,95,0,448,73,149,136,159,0,306,407,0,49,193,80,104,58,61,75,296,0,138,168,171,303,78,0,47,68,190,91,106,29,558,334,144,114,73,62,18,0,0,335,69,136,1080,70,0,115,294,44,63,158,86,44,62,0,0,161,373,156,26,123,191,77,202,0,49,147,58,53,332,0,0,16,91,94,55,170,148,75,0,79,0,0,217,44,265,0,400,175,57,0,373,230,82,87,286,82,207,0,43,173,652,0,604,0,77,77,107,25,86,139,373,150,79,256,777,0,0,226,155,36,116,324,357,38,87,68,115,81,63,0,257,0,63,558,0,169,57,90,80,159,37,71,33,149,0,298,55,80,0,58,55,186,0,93,349,417,118,43,79,144,81,127,0,186,168,81,49,84,73,719,63,96,61,51,97,46,0,211,304,92,197,70,63,325,0,0,132,171,151,171,160,39,201,238,118,94,67,67,439,51,50,87,79,359,17,80,23,0,46,855,103,91,66,0,422,123,102,123,247,0,151,0,287,0,0,0,506,67,910,147,145,93,0,193,230,91,256,0,363,71,173,0,100,187,0,117,0,121,79,82,32,184,493,0,0,550,50,0,75,243,199,32,89,257,148,32,53,0,80,0,195,99,517,948,142,210,171,0,50,177,0,95,355,0,0,97,0,63,193,0,35,144,430,0,319,0,0,61,0,138,236,173,270,66,96,582,104,685,26,51,45,286,56,278,103,82,111,242,44,29,42,50,38,0,104,39,58,510,188,87,0,0,0,51,63,106,0,667,0,59,182,0,63,120,66,0,773,189,0,122,47,52,105,115,106,44,380,116,63,102,36,82,179,54,0,129,38,0,405,32,126,0,194,93,320,292,66,225,115,66,57,0,73,261,203,151,72,281,67,71,108,28,68,44,68,78,58,0,0,201,245,278,221,119,77,91,96,32,0,0,133,56,213,70,592,93,142,195,42,142,926,84,168,264,269,0,717,159,0,61,92,459,305,94,21,264,0,111,44,49,0,170,163,226,48,102,47,682,119,122,316,446,263,55,0,142,197,0,0,239,0,34,36,60,90,123,266,98,68,122,65,28,1296,88,48,494,138,54,0,46,101,90,0,619,198,819,46,116,43,85,0,38,256,99,230,177,71,131,355,187,164,727,339,50,0,45,61,424,625,355,71,125,896,0,0,220,181,530,59,289,103,72,110,0,46,75,1010,416,207,374,85,0,87,56,15,29,308,53,0,132,0,98,22,63,544,57,44,0,0,158,143,122,71,174,87,247,200,45,112,1019,179,56,0,56,308,1070,0,89,37,0,101,0,326,94,380,298,176,126,294,229,78,155,0,35,171,169,271,29,116,0,54,390,87,397,0,80,86,0,270,32,278,0,89,69,147,51,82,153,373,0,44,213,635,89,76,0,1349,0,0,32,0,0,0,362,128,64,189,940,66,0,60,43,46,163,69,125,51,64,250,0,111,134,0,211,413,58,169,28,57,80,181,105,258,152,662,118,0,227,239,104,173,176,106,229,56,72,0,113,40,0,105,100,0,215,140,29,0,28,273,187,56,0,57,34,93,316,111,127,328,0,0,70,0,107,52,140,352,235,623,179,0,25,67,21,66,148,0,0,293,120,527,161,330,129,83,254,57,88,0,61,92,59,154,41,80,127,0,191,479,0,107,165,0,153,0,26,155,59,128,121,618,66,0,165,144,247,236,0,157,55,29,74,124,493,45,154,99,0,0,44,46,126,481,68,569,308,35,55,236,66,99,0,277,205,0,103,40,0,299,156,56,52,115,0,0,869,0,384,0,91,70,0,206,144,63,0,52,19,120,108,56,413,53,98,0,0,816,66,169,940,102,129,0,68,88,71,65,0,124,256,185,216,248,84,0,0,157,117,156,51,90,51,48,110,75,45,0,213,32,73,354,36,0,88,69,0,232,89,326,0,95,125,75,37,46,0,23,183,0,183,141,0,507,194,0,0,0,0,192,0,179,119,144,455,89,264,98,113,177,33,65,227,98,152,277,247,467,163,87,42,0,188,197,0,0,75,197,59,81,108,171,0,920,45,0,38,162,64,58,171,91,561,52,267,21,104,0,200,0,220,315,195,63,813,0,0,138,148,112,156,0,0,38,261,242,49,143,41,714,159,0,0,0,62,43,169,130,0,64,131,0,0,2080,62,45,821,141,232,14,338,0,462,141,0,319,112,0,0,195,52,0,235,49,511,154,93,98,113,123,77,0,40,1150,127,0,39,0,633,26,182,205,452,175,64,0,77,149,211,85,0,436,0,94,102,90,566,134,267,76,352,715,31,45,87,106,77,41,79,261,43,980,287,67,50,0,220,150,48,140,108,95,422,392,359,77,144,66,137,116,34,53,90,85,0,34,251,189,165,60,561,72,0,316,0,0,164,435,31,129,130,284,106,0,0,197,114,111,59,0,212,1910,273,0,66,251,54,111,0,157,362,89,127,249,64,105,52,136,295,72,0,0,44,49,53,102,207,172,100,113,0,0,148,47,64,341,67,77,419,0,55,215,61,98,104,125,167,207,212,110,156,47,47,153,78,153,707,144,0,0,335,139,119,227,0,101,252,111,172,29,50,1294,131,723,94,598,203,368,361,547,0,87,173,0,267,119,131,55,49,975,55,149,46,30,80,0,479,0,76,38,980,0,101,445,158,142,113,588,0,185,0,137,79,518,48,287,143,49,42,131,460,35,141,80,225,95,210,0,48,102,201,0,175,175,0,217,29,307,131,632,43,145,128,41,82,16,0,136,76,81,78,105,450,388,50,86,0,33,113,44,148,535,66,164,318,0,70,0,164,83,333,0,50,139,126,0,0,145,155,61,0,160,358,29,60,487,116,174,231,361,199,328,180,0,139,0,0,53,479,29,57,134,0,106,306,75,0,0,524,30,148,97,336,56,160,190,182,0,0,903,128,456,51,182,138,0,136,68,0,47,125,786,208,96,337,138,315,0,83,0,98,165,63,0,40,117,82,69,65,779,322,96,167,85,0,233,116,0,0,76,42,841,180,42,21,67,72,135,144,98,68,74,84,112,201,359,349,58,34,690,96,128,74,157,183,0,0,68,546,28,206,0,66,73,212,46,38,121,178,57,86,0,128,122,74,107,43,131,51,101,214,492,2066,100,308,117,254,381,87,184,41,179,64,160,0,234,159,295,210,125,115,0,187,199,0,505,121,39,143,235,178,572,73,308,122,242,64,74,0,131,90,113,307,45,1669,384,0,659,40,0,108,128,0,148,118,495,0,0,111,243,29,0,310,0,0,108,0,222,79,157,212,207,553,82,0,608,72,238,0,340,28,196,149,41,0,340,74,122,0,65,172,0,267,450,48,60,286,106,652,549,85,81,107,147,42,0,1450,275,0,0,147,147,85,86,0,102,125,68,131,144,67,124,0,164,0,26,608,189,65,183,71,197,0,1004,76,0,0,44,0,30,0,150,436,15,77,375,298,66,176,80,0,0,168,134,72,0,340,1258,88,52,93
240,0,70,92,198,135,219,188,0,365,58,910,147,82,0,578,1027,708,133,147,91,1379,176,245,277,589,53,66,180,126,91,53,261,0,168,482,440,28,291,800,303,139,158,66,723,0,168,207,1387,80,486,141,300,309,57,764,120,84,0,116,28,672,341,968,143,83,476,81,77,48,862,0,219,105,52,567,185,0,860,172,243,80,105,575,770,268,155,76,195,188,910,268,152,299,466,164,87,0,176,191,0,139,109,294,50,151,158,52,493,259,455,239,176,684,574,127,62,339,152,81,722,68,1558,173,123,193,108,63,201,111,332,97,1095,95,376,332,745,255,120,169,298,221,592,1260,21,69,187,128,151,363,0,108,300,270,503,281,92,440,89,605,705,338,64,325,226,426,142,107,508,395,584,694,99,273,56,111,100,109,788,217,133,843,58,206,68,86,92,1135,1154,0,72,52,369,202,515,103,323,139,87,446,68,432,513,146,675,97,129,75,146,668,378,366,164,184,146,540,194,190,0,59,550,561,173,70,1034,57,44,243,1025,40,293,126,0,72,120,0,190,168,469,142,76,178,165,204,228,0,359,87,107,0,244,259,945,283,560,166,279,0,110,210,983,344,359,145,99,73,57,1670,293,2040,120,42,699,1282,203,366,222,94,2318,669,314,40,211,373,183,132,218,555,5499,176,337,179,920,97,119,233,95,199,244,251,151,101,364,160,82,1233,759,817,97,395,285,1965,381,30,43,279,244,757,345,189,260,148,66,149,729,398,225,526,81,81,1535,0,276,325,386,275,66,78,72,182,52,309,76,395,478,116,88,0,380,4041,735,496,73,607,2072,62,204,293,1072,920,322,332,329,76,478,1073,1759,766,174,125,458,264,218,219,439,740,613,0,28,501,250,123,178,111,253,2264,328,317,333,62,116,143,1252,95,273,110,1816,247,326,503,58,121,1033,44,142,429,208,134,170,111,520,0,292,167,33,90,822,380,836,983,108,461,410,135,305,371,337,197,572,198,0,83,197,71,449,83,107,294,141,689,63,78,1032,541,835,492,1363,429,181,243,70,0,781,56,302,74,160,146,43,111,550,103,629,623,87,142,83,240,130,140,157,178,1183,454,230,220,715,1622,593,482,581,123,734,774,454,64,49,259,524,1040,461,290,126,796,190,259,874,343,585,184,0,594,95,2713,335,439,755,336,138,90,340,172,81,188,121,130,984,323,310,569,567,211,466,896,411,83,124,290,1021,156,215,76,49,0,489,193,97,76,0,632,105,685,1319,131,158,69,509,178,251,974,519,345,122,339,176,197,75,299,196,208,726,1463,0,315,322,755,177,62,74,190,551,979,109,60,130,126,49,801,128,155,862,794,532,92,1379,80,965,2109,307,118,136,1563,0,332,69,130,45,413,98,264,108,168,273,301,185,675,191,686,160,164,44,140,1080,1037,332,107,359,349,49,298,102,131,0,92,213,112,261,169,0,642,752,119,138,203,92,152,279,269,107,32,89,57,459,46,92,1249,91,230,108,731,691,259,86,406,1580,0,371,237,277,680,281,151,331,44,169,457,269,370,124,411,893,141,493,184,1091,125,346,326,1103,98,112,138,368,305,805,84,170,164,483,37,582,115,203,70,280,124,732,108,1214,87,108,302,37,292,303,98,147,302,380,371,145,1084,790,54,73,92,51,257,1122,307,925,333,437,4518,836,1294,490,280,28,32,478,364,128,190,295,34,59,171,1201,386,800,260,5447,365,0,331,94,64,376,0,125,296,111,79,552,88,54,221,49,123,137,263,192,264,62,630,23,283,50,594,488,502,252,79,105,949,194,105,118,338,733,217,325,68,52,81,571,246,455,1778,0,41,205,210,66,230,54,321,248,189,304,207,205,201,1276,382,437,412,517,62,184,71,570,977,159,827,115,77,196,264,594,75,1035,209,119,130,269,248,88,461,1118,51,129,253,96,72,474,314,119,0,0,184,1046,102,583,294,39,289,176,142,519,121,562,159,62,0,1741,830,260,1302,146,196,100,1143,141,387,173,0,142,65,58,170,113,157,966,561,137,117,0,134,169,345,662,169,193,342,37,334,31,169,141,542,157,485,583,658,1226,206,164,163,242,1022,0,231,0,173,112,539,631,860,517,124,231,129,117,1572,340,385,277,52,425,448,310,79,152,330,147,81,124,285,226,129,116,84,171,168,243,320,533,77,90,382,107,323,104,563,0,218,155,210,273,0,358,485,126,70,254,97,1202,120,180,134,317,250,871,503,119,335,192,734,171,154,39,808,402,287,0,1587,122,26,236,1018,0,79,339,492,1542,184,1600,72,2737,486,184,251,125,66,124,54,50,317,319,120,527,143,94,815,330,371,988,654,173,143,0,391,128,650,1660,577,164,373,54,183,298,126,204,0,1218,344,219,51,80,401,202,187,190,748,74,749,3112,276,447,109,396,315,250,85,950,328,196,83,149,0,356,272,1321,0,349,465,421,477,0,932,220,281,258,929,1590,313,801,56,594,362,135,852,108,247,141,185,106,125,0,343,0,184,1892,86,99,128,270,136,168,725,130,346,369,168,199,198,0,168,272,131,432,53,84,371,283,61,0,362,225,538,321,1173,99,294,2000,171,37,1228,146,443,645,204,194,38,131,460,380,875,0,98,591,2339,0,79,91,430,486,41,226,0,265,73,161,79,208,802,432,235,195,364,484,511,619,0,168,260,746,205,91,402,514,711,550,223,668,92,556,275,416,64,113,268,948,82,256,662,505,114,115,144,30,105,126,775,1616,283,131,447,76,924,389,0,601,291,112,173,72,64,44,135,178,220,607,46,191,538,126,96,1923,116,129,447,564,164,163,284,120,344,291,113,124,231,57,76,128,61,0,545,0,0,159,359,252,160,154,50,37,186,129,423,103,133,403,88,299,57,254,0,111,58,131,135,346,0,382,65,0,258,28,201,207,135,230,84,32,214,107,585,508,671,49,140,0,137,852,181,102,53,478,245,126,126,225,242,0,128,274,0,270,179,201,270,0,28,191,126,128,349,61,901,306,59,91,468,127,147,718,532,163,0,429,90,391,133,77,506,731,149,594,129,55,4786,164,510,0,264,192,103,1767,63,241,235,84,228,62,611,189,71,0,55,284,68,119,588,62,100,96,511,82,199,78,548,270,158,58,109,139,153,155,108,173,607,92,0,95,4065,1313,104,1161,178,202,219,809,160,88,198,70,736,137,114,176,209,62,1408,111,302,298,1163,42,1601,531,19,601,95,0,122,103,48,669,114,104,412,293,955,163,503,64,727,57,132,555,0,112,437,232,120,310,151,64,75,288,190,377,136,301,592,74,1274,612,190,410,499,188,145,686,114,57,1012,0,31,388,0,80,75,806,0,196,435,261,263,89,358,212,376,348,381,0,456,248,68,71,225,148,253,162,97,242,289,66,476,407,296,600,204,134,92,66,521,101,205,109,899,668,444,334,175,211,196,52,102,564,143,426,354,109,0,152,561,0,91,232,129,52,181,43,37,355,1126,362,45,131,338,189,417,82,273,283,142,137,736,48,61,71,144,169,44,356,134,107,0,108,0,75,229,36,381,0,681,160,176,51,405,633,209,116,588,235,303,16,104,181,1407,22,1187,71,149,210,358,89,122,270,473,262,97,372,2203,51,0,571,247,79,131,426,1077,78,233,193,274,240,126,55,322,0,127,1670,0,152,162,148,120,226,79,64,151,396,100,805,137,139,36,80,93,525,30,140,544,707,206,84,148,180,123,133,78,499,311,194,80,158,204,564,123,209,134,100,260,278,69,549,732,282,264,147,60,406,0,0,333,242,181,308,459,0,423,638,152,180,135,271,258,74,115,169,232,393,104,220,0,37,97,2289,313,159,132,92,921,241,262,160,509,45,294,118,832,0,69,28,986,148,1910,251,205,190,83,263,644,237,421,76,475,163,248,180,194,331,68,207,52,211,77,171,62,431,513,0,0,599,106,0,77,465,380,82,173,569,306,137,53,65,107,109,77,196,675,1462,379,239,214,40,92,415,73,176,1036,30,82,134,33,118,461,56,71,177,827,103,757,85,136,154,126,508,611,461,656,88,139,952,260,1192,86,125,78,450,85,267,204,229,275,317,117,56,151,73,79,0,218,59,127,766,276,207,47,0,0,129,118,496,0,1744,0,227,213,40,103,242,89,0,1241,303,0,313,198,75,344,387,286,48,348,158,195,88,0,284,189,229,105,382,0,46,1165,46,224,102,271,279,837,470,94,390,166,183,60,94,90,300,626,248,285,671,58,130,176,97,89,128,79,167,121,0,319,176,265,251,478,308,118,181,268,0,65,89,230,60,248,223,794,135,181,203,151,118,1084,191,204,130,791,0,859,314,0,148,169,801,459,301,0,516,108,226,59,154,55,221,451,479,56,100,33,344,240,376,349,598,297,58,0,109,774,86,0,175,336,70,36,100,106,569,883,142,362,223,65,41,1368,98,108,1091,155,152,51,93,147,141,0,1108,399,943,0,211,137,140,0,57,512,156,379,225,118,209,467,296,245,873,390,436,0,104,151,576,522,422,269,230,987,72,91,610,390,356,117,425,599,190,146,51,95,141,604,796,580,810,229,41,191,94,63,113,269,61,73,401,0,720,33,70,755,95,59,47,58,167,260,119,113,526,186,578,617,69,126,882,140,60,0,75,617,1374,40,175,0,190,89,0,256,255,528,941,317,309,535,251,81,90,0,110,429,212,497,0,179,101,408,603,198,256,92,0,299,49,324,0,457,75,218,50,182,0,40,316,630,26,59,125,1360,174,259,54,3641,51,149,42,56,21,0,812,170,234,354,1582,86,33,178,65,104,543,229,209,103,119,212,60,266,220,98,310,1311,175,137,73,165,102,235,142,650,179,512,81,63,1049,296,570,230,225,129,135,127,89,48,120,27,154,142,137,288,283,215,131,88,0,428,494,96,0,198,26,228,331,168,230,402,81,39,110,0,136,136,254,1052,651,930,250,0,99,52,23,253,240,66,42,422,490,632,216,691,325,197,478,94,162,0,133,97,80,162,81,83,226,0,1460,656,40,194,487,95,157,0,70,125,87,504,146,889,227,88,178,162,852,283,0,551,360,66,170,115,600,81,190,152,0,208,97,72,227,599,127,1031,360,55,144,477,248,166,108,376,225,53,257,116,0,397,296,137,109,286,47,0,1582,0,523,114,120,157,140,153,672,72,71,106,133,121,152,159,572,74,220,35,83,916,135,234,436,173,207,0,122,161,94,129,0,184,307,265,399,427,392,24,0,111,188,191,73,241,75,0,180,127,181,20,481,78,118,495,41,0,468,280,42,390,117,422,79,125,279,198,0,58,0,60,353,87,315,462,82,687,1041,78,152,31,111,836,0,231,444,206,309,274,569,274,188,347,73,242,265,84,174,280,420,609,606,212,48,46,286,319,100,35,77,382,61,85,165,528,113,3026,148,23,100,159,66,349,856,164,606,76,346,41,136,34,283,43,870,1374,226,72,389,33,0,315,84,145,169,107,0,0,360,256,238,224,82,1004,433,41,33,0,0,71,426,168,47,102,135,0,104,1394,78,65,1449,266,207,76,585,0,720,295,34,371,278,53,70,381,0,0,305,77,326,218,264,176,95,160,100,95,57,1559,210,36,68,51,1086,32,160,249,644,519,0,58,135,268,136,131,41,640,0,106,85,63,1153,181,674,590,173,424,88,53,104,131,168,151,171,378,41,2395,339,122,53,83,227,220,110,204,55,153,411,714,322,136,233,124,209,163,0,188,70,121,0,122,179,266,310,0,1134,61,0,335,93,0,329,671,43,73,157,585,193,111,0,223,181,76,0,72,371,3613,106,34,55,220,61,99,56,261,843,75,177,288,103,184,99,193,632,117,33,78,76,118,64,99,276,434,49,101,208,46,198,173,267,249,29,140,620,41,93,284,116,165,143,160,951,314,500,107,237,0,61,72,84,382,1133,314,33,0,490,262,284,332,128,104,502,147,296,37,79,2625,230,250,111,284,307,446,235,140,42,203,204,95,541,200,257,81,73,1389,203,228,59,93,109,40,1081,37,100,139,1752,46,68,627,285,134,273,315,58,312,926,178,196,2572,95,1395,288,562,60,100,821,72,90,222,324,157,269,44,54,249,314,49,351,385,72,418,56,576,494,341,41,223,253,61,368,27,59,137,83,185,111,123,652,864,121,283,23,0,198,64,374,443,62,133,385,58,74,47,94,687,775,0,71,180,371,76,121,106,237,82,0,241,375,110,91,611,172,205,371,355,583,316,228,0,133,46,0,0,682,30,163,130,0,264,158,67,114,60,803,49,376,272,272,272,222,261,248,0,56,1250,310,373,83,215,109,0,150,126,0,139,172,873,483,80,502,370,510,0,166,38,271,101,47,110,53,169,120,71,126,571,593,77,237,94,53,153,257,0,0,100,82,1013,172,222,32,42,145,130,221,243,163,75,272,90,194,224,999,61,51,1445,283,248,135,221,169,52,0,89,494,20,281,0,157,68,177,142,40,92,333,88,81,81,216,185,129,327,44,220,0,151,385,836,1768,146,351,130,262,556,58,516,31,219,309,151,133,324,492,440,523,217,113,46,282,252,0,312,339,34,272,214,178,509,72,313,113,199,75,80,51,186,101,178,578,0,2759,229,0,648,59,0,130,248,24,146,101,708,43,43,195,464,0,0,399,0,0,225,41,365,47,204,454,139,1014,346,0,833,135,375,73,420,0,392,181,60,50,470,117,647,111,64,216,84,474,450,144,111,698,115,712,691,142,53,117,131,64,41,1349,490,0,0,156,259,92,168,36,108,134,96,97,153,320,100,24,316,63,33,790,248,131,549,50,156,27,945,63,0,31,30,0,33,75,163,639,0,200,343,717,70,248,91,52,71,221,201,98,0,271,677,89,101,112
241,0,0,0,0,22,0,0,0,0,0,0,0,0,0,0,0,0,0,0,0,0,0,0,0,0,0,0,0,0,0,0,0,0,0,52,0,0,0,17,0,0,0,0,0,0,0,0,0,0,0,0,0,0,0,0,0,0,0,0,0,0,0,0,0,0,0,0,0,0,0,0,0,0,0,0,0,0,0,0,0,0,0,0,0,0,0,0,0,0,0,0,0,0,0,0,0,0,0,0,0,0,0,0,0,0,0,0,0,0,0,0,0,0,0,0,0,0,0,0,0,0,0,0,0,0,0,0,0,0,0,0,31,0,0,0,0,0,0,0,0,0,0,0,0,0,0,0,0,0,0,0,0,0,0,0,0,0,0,0,0,0,0,0,0,0,0,0,0,0,0,0,0,0,0,0,0,0,0,0,0,0,0,0,0,0,0,0,0,0,0,0,0,0,0,0,0,0,0,0,0,0,0,0,0,0,0,0,0,0,0,0,0,0,0,0,0,0,0,0,0,0,0,0,0,0,0,0,113,0,0,0,0,0,0,0,0,0,0,0,0,0,0,0,0,0,0,0,0,0,0,0,0,0,0,0,0,0,0,0,106,0,0,0,0,0,0,48,0,0,0,0,0,0,0,0,0,0,98,56,0,0,0,0,0,0,0,0,42,0,0,0,15,0,0,0,0,0,0,0,0,0,0,0,0,90,0,35,0,0,0,171,0,0,0,0,0,0,0,0,0,0,0,0,0,0,0,0,0,0,92,0,28,0,0,0,0,0,0,0,0,0,0,0,0,0,0,0,0,0,0,0,0,0,0,0,0,0,30,0,0,0,0,0,0,0,97,0,0,0,0,0,0,0,0,0,0,0,0,0,0,0,0,0,0,0,0,0,0,0,0,0,0,0,0,0,0,0,0,0,0,0,0,0,0,0,0,0,0,0,0,0,0,0,0,0,0,0,0,0,0,0,28,0,0,0,0,0,0,0,0,0,0,0,0,0,0,0,0,0,0,0,0,0,0,0,0,0,0,0,0,0,0,0,0,0,0,0,0,0,0,0,0,0,0,0,0,0,0,0,0,0,23,36,0,0,0,113,0,39,0,0,0,0,0,0,0,0,0,18,66,0,0,0,0,0,0,0,0,0,0,0,0,0,0,0,0,0,0,0,0,0,0,0,0,0,0,0,0,0,0,0,0,0,0,0,0,0,0,0,0,0,0,0,0,0,0,0,0,0,0,26,94,0,0,0,0,0,0,0,0,0,0,0,0,0,0,0,0,0,0,0,0,18,0,0,0,0,0,0,0,0,0,0,0,0,0,0,0,0,0,33,0,0,0,0,0,0,0,0,0,0,0,0,0,0,0,0,0,0,0,0,0,66,0,0,0,47,0,0,0,0,47,98,0,0,0,0,0,0,0,0,0,0,0,0,0,0,0,57,0,0,0,0,0,0,0,0,0,0,0,0,39,0,0,0,0,0,0,53,45,0,0,0,242,0,0,0,0,20,0,0,0,0,0,0,0,0,0,0,102,0,0,0,79,0,0,0,0,0,0,0,0,0,0,0,33,0,0,0,0,0,0,0,35,0,59,0,0,0,0,0,0,0,0,0,0,0,0,0,0,0,0,0,0,0,0,0,0,47,106,0,53,39,53,0,0,0,0,0,0,0,0,0,37,0,0,0,0,0,82,0,347,54,0,0,0,0,73,0,0,0,0,0,86,0,0,0,0,0,0,0,0,0,0,0,0,0,0,48,0,48,0,0,0,0,0,0,0,0,0,0,0,0,0,0,0,0,51,0,0,0,0,0,0,0,0,0,0,0,0,0,0,0,0,0,0,58,0,0,40,0,44,75,0,0,0,0,0,20,0,0,0,0,0,0,32,0,0,0,0,0,0,0,0,0,0,0,0,0,0,0,0,0,64,0,0,0,0,0,0,0,0,0,0,0,226,49,20,0,18,0,0,0,0,0,0,0,0,0,0,0,0,0,65,28,0,0,0,0,0,0,0,0,0,0,0,45,0,0,0,51,0,32,41,0,71,0,0,0,0,61,0,0,0,0,0,21,0,0,29,0,0,0,0,269,49,0,37,0,0,0,0,0,0,0,0,0,0,0,0,0,0,0,45,28,0,0,0,0,0,0,0,0,0,0,0,24,0,0,0,0,0,0,0,0,0,0,49,0,0,0,0,0,0,0,0,75,17,137,0,0,0,102,0,0,0,119,0,0,0,76,0,0,0,0,97,0,0,0,702,0,0,0,0,0,0,0,0,0,0,0,0,0,0,111,34,0,140,0,0,0,0,45,0,81,120,0,0,30,0,0,0,0,0,0,0,54,0,0,0,0,0,0,22,0,0,61,312,0,0,0,59,0,0,0,46,0,0,0,0,0,0,0,42,0,0,0,55,54,0,0,0,0,0,146,268,38,74,0,0,0,0,0,0,33,0,0,0,0,0,34,0,0,121,0,0,0,0,0,0,62,0,45,0,0,0,0,0,0,0,0,0,0,0,0,0,0,0,0,0,0,13,0,0,44,0,0,0,94,21,0,28,0,0,0,0,77,0,87,0,0,62,282,0,0,0,74,0,0,0,0,0,0,0,0,0,107,0,0,0,0,0,0,29,0,0,0,0,0,0,52,127,25,40,0,55,0,0,0,0,0,0,0,0,0,48,97,133,0,0,0,0,0,0,171,87,0,0,0,0,75,28,0,142,0,0,0,0,0,0,0,0,0,47,0,0,0,0,0,0,0,0,35,0,0,0,0,0,0,0,0,0,0,0,0,41,0,0,84,0,0,0,35,0,0,41,0,0,0,0,88,0,0,81,0,0,0,27,0,0,0,0,0,0,0,36,0,0,0,0,0,0,0,49,0,0,0,0,0,0,52,0,0,0,0,24,0,0,0,0,0,0,0,32,24,0,0,0,0,0,0,25,0,0,0,0,0,0,0,0,54,0,0,0,0,0,0,142,0,0,0,0,0,68,0,0,69,0,31,0,0,0,185,0,0,0,0,0,0,0,0,0,0,0,47,0,86,0,0,0,0,0,0,0,0,0,0,0,0,0,0,0,0,0,0,0,0,0,0,0,0,0,60,0,0,0,0,112,0,99,0,33,0,0,0,0,28,0,0,0,0,0,0,0,0,0,0,0,174,0,192,0,0,82,0,0,0,0,0,20,0,0,0,0,227,0,20,0,53,0,0,0,0,0,0,0,0,0,0,0,0,0,0,47,0,0,0,0,71,0,0,0,0,0,0,0,0,0,248,0,0,0,0,0,0,0,0,0,0,0,0,0,55,0,0,0,33,0,0,45,0,0,0,0,0,0,0,0,0,0,0,0,37,0,0,0,0,0,0,0,0,0,0,0,0,0,0,0,0,0,35,119,0,0,109,0,0,19,0,0,0,0,0,0,0,0,0,34,34,0,0,0,0,0,84,0,0,41,0,0,0,0,0,0,0,34,0,0,43,0,0,40,0,0,77,0,0,0,38,88,0,0,0,0,30,0,0,0,0,0,0,0,119,0,0,0,0,24,0,0,0,0,39,55,0,0,322,0,0,57,33,0,0,0,39,0,0,0,0,25,0,0,65,0,0,152,0,54,0,0,0,74,0,0,0,0,0,0,0,0,0,0,0,0,0,0,0,79,0,0,0,0,0,57,0,78,44,0,0,0,0,268,0,46,0,0,0,0,0,31,0,0,0,0,0,0,0,0,33,0,0,0,76,0,73,32,35,20,0,40,188,0,0,0,48,132,0,41,0,0,0,126,0,0,0,0,0,41,72,0,107,0,0,0,226,0,0,0,192,0,153,77,0,0,0,0,0,0,0,0,13,0,0,0,47,58,0,17,0,0,0,0,0,34,0,0,0,203,0,0,0,0,0,0,0,35,0,0,0,0,0,15,59,49,0,108,42,0,97,0,0,0,0,0,121,0,0,0,0,0,0,0,0,0,128,0,0,0,0,0,0,154,80,79,33,0,0,75,0,86,0,0,0,0,0,45,0,0,0,0,0,0,0,0,0,0,0,0,0,66,0,0,0,0,0,0,0,43,0,0,0,52,54,0,0,0,0,0,136,35,0,133,25,0,44,28,0,0,0,0,0,0,0,0,80,0,0,45,0,0,0,0,0,0,0,0,193,62,0,112,41,0,0,0,0,0,219,0,0,0,0,0,0,0,0,0,0,0,0,0,0,0,39,0,45,62,0,0,0,0,0,0,0,0,0,64,114,0,0,0,0,0,54,0,30,0,0,0,169,39,0,0,34,55,0,0,0,76,0,0,0,0,0,25,0,101,0,0,0,37,0,42,0,61,90,0,0,0,0,0,0,0,0,0,0,0,0,0,39,0,0,0,0,0,0,0,0,35,0,0,0,0,0,0,0,80,0,0,0,33,0,0,0,0,39,0,57,0,0,41,0,0,0,0,0,0,0,0,0,62,0,0,0,26,0,0,0,0,70,72,0,0,0,0,0,0,0,0,77,154,0,132,0,0,0,0,0,0,0,0,0,0,0,0,0,0,0,0,0,0,0,0,32,0,0,72,34,65,135,0,0,114,0,0,0,0,77,196,0,0,0,41,0,0,0,0,78,47,0,0,0,0,0,0,0,0,0,0,0,0,0,0,16,77,0,0,0,0,0,0,29,0,95,0,0,0,0,0,0,48,0,0,0,0,199,0,63,0,826,0,35,0,0,0,0,89,0,57,0,172,0,0,0,0,0,51,0,0,0,0,0,0,25,0,0,48,69,0,0,0,0,0,0,0,83,0,135,0,0,40,0,28,0,39,29,49,0,0,0,0,0,0,0,0,0,129,26,0,0,0,121,48,0,0,0,0,0,51,0,0,57,0,0,0,0,0,0,0,163,80,132,0,0,0,0,0,63,0,0,0,0,0,148,0,124,0,0,89,0,0,0,38,0,0,0,0,0,0,0,36,171,0,0,46,0,41,0,0,0,0,0,0,0,41,0,0,0,215,73,0,109,0,0,0,0,0,0,38,0,0,42,0,0,25,0,17,124,0,0,0,0,0,0,0,0,79,0,37,0,0,0,0,0,0,0,0,0,143,0,0,0,0,0,0,0,136,0,0,0,0,0,0,0,92,0,0,0,0,182,0,0,0,0,0,0,0,0,0,0,0,0,71,0,67,124,60,0,0,0,0,0,0,0,0,0,0,0,27,0,0,0,0,0,0,0,91,0,0,0,0,50,0,0,0,0,0,0,0,0,33,0,0,0,0,48,72,0,0,0,0,28,0,62,102,0,55,66,64,65,0,37,0,0,0,0,0,0,0,63,89,0,0,0,0,0,0,0,0,96,0,0,0,0,0,192,0,0,0,0,0,0,146,0,28,0,0,0,0,0,87,0,0,50,56,0,0,0,0,82,0,0,0,0,0,0,48,0,28,0,0,50,0,0,0,0,0,0,69,0,0,0,0,0,0,478,0,0,19,0,0,0,131,0,0,0,0,102,61,0,0,0,0,0,0,0,0,0,61,0,0,0,0,0,0,149,0,0,0,0,135,0,44,92,0,96,0,0,0,0,38,0,0,0,0,0,0,0,0,0,91,0,0,0,0,0,0,0,0,0,28,0,0,108,0,0,0,0,40,0,0,0,0,0,41,85,0,0,0,0,0,0,0,47,0,0,0,0,78,0,0,0,274,16,0,0,0,0,0,60,0,0,0,0,0,0,0,73,0,0,0,0,0,60,0,0,0,59,0,0,0,0,85,0,0,32,0,0,0,0,0,0,0,0,0,0,0,0,38,27,0,0,0,0,0,0,50,0,0,0,62,0,0,0,0,0,0,48,64,0,45,0,0,0,0,0,0,0,177,0,0,0,60,44,51,0,24,0,38,0,80,0,10,91,0,0,0,62,0,40,0,0,0,0,0,0,19,0,0,0,0,180,0,0,0,0,0,0,0,0,0,0,0,0,0,39,12,55,0,185,0,48,29,0,0,208,0,172,0,24,0,0,40,0,0,61,45,33,0,0,0,0,0,0,0,0,0,35,0,0,125,58,0,0,0,0,73,0,0,45,0,40,0,0,0,55,0,44,0,0,0,0,0,130,0,0,0,0,0,0,0,33,0,0,0,0,90,0,0,0,73,0,0,0,0,0,0,0,28,0,0,79,90,0,35,0,0,0,0,0,56,19,28,0,0,47,29,0,0,0,48,0,88,0,0,26,0,0,0,0,0,219,51,169,0,0,0,0,0,0,0,17,21,77,45,0,86,0,0,0,0,0,0,0,0,0,0,0,0,0,0,59,71,0,47,0,0,103,50,0,0,0,0,81,0,33,0,0,0,32,0,0,0,0,0,0,0,0,114,0,0,171,45,0,0,0,0,0,0,0,199,0,30,0,0,0,0,0,0,0,0,0,0,0,0,0,0,0,0,23,0,0,77,134,301,0,51,0,20,83,0,0,0,21,56,79,0,64,83,0,33,0,0,0,49,31,0,68,89,0,0,0,46,56,0,56,0,73,0,0,0,24,0,60,75,0,196,0,0,197,0,0,25,0,0,0,0,213,0,0,0,55,0,0,64,0,0,0,0,0,0,55,0,76,200,50,0,153,0,57,0,33,0,0,0,0,0,0,0,70,0,0,35,0,0,134,0,0,50,0,0,76,0,0,0,0,0,0,362,0,0,0,29,45,0,0,0,0,0,0,41,0,61,0,0,0,0,0,0,34,0,31,0,0,0,240,0,0,0,0,0,0,0,24,100,0,0,0,112,0,48,0,0,0,0,23,0,0,0,159,0,0,0
242,0,0,0,0,0,0,0,0,0,0,0,0,0,0,47,49,106,0,0,0,0,19,0,0,0,0,0,0,0,0,0,43,0,0,57,0,0,0,0,0,0,0,0,0,0,0,0,0,0,37,0,0,0,0,0,0,0,0,0,0,0,0,0,0,0,0,0,0,0,0,0,0,0,0,0,0,0,0,0,0,0,0,0,0,0,0,0,0,0,0,0,0,0,0,0,0,0,0,0,0,0,0,0,0,0,0,0,0,40,0,0,0,0,0,0,0,61,0,0,0,0,0,0,0,0,0,0,0,0,0,0,0,0,0,0,0,0,0,0,0,0,0,55,0,0,0,0,0,0,0,0,0,0,0,0,0,0,0,0,0,0,0,0,0,39,0,0,0,0,0,0,0,0,0,0,0,0,0,0,0,0,0,0,0,0,0,0,0,0,0,0,0,0,0,0,0,0,0,0,0,0,0,0,81,0,0,0,0,0,0,0,0,39,0,0,0,0,0,0,0,0,0,0,0,0,0,0,175,0,0,0,0,0,0,0,0,0,0,0,0,0,0,0,0,0,0,0,0,0,0,0,0,0,0,0,0,0,0,0,91,0,0,0,0,0,0,0,34,70,0,0,0,0,0,0,0,0,201,0,0,0,0,0,0,0,20,0,0,0,0,0,0,0,0,0,0,0,0,0,0,0,0,0,0,0,0,0,0,0,0,130,0,0,0,0,0,0,0,0,0,0,0,0,0,0,0,0,0,0,110,0,0,0,0,0,0,0,0,0,0,0,0,0,0,0,0,0,0,93,0,0,0,0,0,0,0,0,0,49,0,0,0,0,0,60,52,0,0,0,0,0,0,0,0,50,0,0,0,0,0,0,0,0,0,0,0,0,0,0,0,0,57,0,0,0,34,0,0,0,0,0,45,0,0,0,0,0,0,0,0,0,0,0,0,0,44,0,0,0,0,0,0,0,0,0,0,0,0,0,0,0,0,0,0,0,0,0,0,0,0,0,0,0,0,0,102,0,0,0,0,0,37,0,0,0,0,0,0,0,0,0,0,0,0,0,0,0,0,0,0,0,49,0,0,0,0,0,0,0,0,0,0,0,0,0,0,0,45,52,0,0,0,34,0,0,0,0,0,0,0,0,0,0,0,0,0,0,0,0,0,0,0,0,0,0,0,0,0,0,0,0,0,39,42,0,0,0,0,0,0,0,0,0,0,0,0,0,0,0,0,23,81,0,0,0,0,0,0,0,39,0,0,0,0,0,0,0,0,0,0,83,0,0,0,25,0,0,0,0,0,37,0,0,0,0,0,0,0,0,0,0,0,0,0,0,0,0,0,0,0,0,0,0,0,0,0,0,0,0,0,0,0,0,0,0,0,0,0,0,0,0,0,49,0,0,0,0,0,0,0,0,0,0,0,0,0,0,0,118,39,0,0,0,0,0,0,0,0,0,0,0,0,0,0,77,0,30,0,91,0,0,0,32,89,0,0,20,0,0,0,0,0,0,0,56,0,0,0,0,0,0,0,0,76,0,0,0,0,0,0,0,0,0,0,0,0,0,0,0,0,0,0,0,0,0,74,0,129,0,0,0,0,0,0,0,0,0,0,0,0,0,0,0,0,0,0,0,0,0,88,0,87,0,0,101,0,0,0,0,0,0,0,0,0,0,0,0,72,0,152,0,92,0,0,0,0,0,0,0,0,0,0,0,0,0,0,0,0,0,0,0,0,0,0,0,0,0,0,0,0,95,30,0,0,0,0,0,0,0,0,0,0,0,0,0,0,0,0,38,0,0,28,0,0,0,0,58,0,0,0,0,0,0,0,0,17,0,0,0,0,0,47,35,0,0,0,0,0,0,0,0,0,0,0,0,0,0,0,0,24,0,0,0,0,0,38,19,0,0,0,26,82,0,0,0,0,0,0,0,0,0,47,0,0,0,59,0,0,0,0,0,0,33,0,0,0,0,0,0,0,0,0,0,111,66,0,0,0,0,0,0,45,0,0,38,0,0,0,0,0,73,0,0,91,0,0,0,0,0,0,46,0,32,0,0,0,0,0,0,111,0,0,0,0,30,0,0,0,0,0,0,51,0,0,0,0,0,0,0,0,0,0,0,0,0,14,0,0,0,0,0,0,0,0,0,0,0,0,0,0,0,0,0,0,0,0,0,0,0,0,0,0,0,86,0,0,0,0,99,0,0,0,0,24,0,0,235,0,0,0,152,0,0,22,27,0,0,97,0,180,28,0,0,0,0,0,0,0,0,0,0,0,0,0,0,0,22,52,0,0,0,0,0,0,40,0,0,26,0,0,0,49,0,0,0,77,0,0,0,0,40,0,0,0,0,0,0,167,0,26,0,0,0,0,0,0,50,0,0,0,0,0,38,0,0,0,0,0,0,0,31,0,0,0,0,37,0,0,0,0,0,0,59,0,0,0,0,0,0,0,37,0,0,0,0,0,0,0,0,0,80,0,0,0,0,0,0,0,0,0,0,0,0,0,0,0,0,0,0,0,33,0,0,0,0,121,0,0,71,0,0,0,0,0,0,0,0,0,0,0,0,0,119,0,0,0,0,0,0,0,0,0,0,0,0,0,0,0,0,0,0,0,49,0,0,0,0,0,0,0,0,0,0,0,0,0,0,0,0,0,0,0,0,35,0,29,0,0,0,0,0,0,0,0,42,0,0,28,0,0,0,40,0,0,0,0,0,0,0,0,0,0,0,55,0,0,36,0,0,72,0,0,0,0,0,0,0,0,53,0,0,0,0,0,0,0,0,0,47,0,0,0,21,0,0,0,0,0,0,0,0,0,0,0,0,0,0,31,0,0,0,0,0,0,0,0,0,0,0,0,0,0,0,0,0,0,0,0,0,0,73,0,0,0,0,41,0,0,0,51,0,0,0,0,0,0,0,0,0,0,0,0,0,0,0,0,0,0,0,0,46,0,0,0,0,0,0,0,103,0,0,33,0,38,0,0,0,54,0,94,0,0,165,0,0,0,0,0,0,141,0,0,0,0,16,0,0,0,0,0,0,28,0,0,0,0,0,0,0,0,0,0,0,56,0,0,0,0,0,14,0,0,76,0,0,0,323,155,0,150,0,0,45,26,0,0,13,0,0,0,0,35,52,0,104,0,0,0,0,0,67,46,0,38,0,0,0,0,0,0,0,0,0,49,28,0,0,0,117,0,0,74,0,0,0,0,0,0,0,0,0,0,0,0,11,0,0,0,111,0,0,0,0,0,0,61,0,0,68,0,0,0,0,0,0,52,0,0,73,24,0,0,114,0,0,0,47,0,54,24,0,0,0,0,0,0,0,24,0,0,37,63,0,95,0,0,0,0,0,0,0,0,134,49,26,0,0,0,0,0,0,30,0,0,0,0,0,0,0,0,0,0,0,0,0,0,0,0,0,0,0,0,38,0,0,0,0,0,0,0,50,0,0,0,0,0,0,0,0,0,0,0,0,0,0,0,0,0,26,0,0,0,0,0,0,0,34,43,0,0,0,0,0,0,65,0,0,0,66,0,0,0,61,0,0,0,214,0,0,85,34,0,0,35,0,0,39,0,0,0,0,0,0,0,0,25,0,0,0,0,0,36,0,0,0,0,0,52,0,0,0,0,0,0,0,0,0,30,0,0,0,0,38,0,0,65,0,0,0,0,0,79,0,0,48,0,0,0,0,0,0,0,0,0,0,49,0,0,0,0,0,0,0,0,49,101,0,0,0,0,42,0,0,0,0,37,0,0,0,0,0,40,0,0,0,0,40,0,0,0,0,0,0,0,0,0,0,0,120,0,55,0,0,0,0,0,0,0,0,0,0,0,0,0,0,23,0,27,0,21,0,0,0,30,0,0,0,78,0,0,0,0,0,20,0,41,0,0,0,0,30,0,16,0,73,27,0,0,57,0,0,0,0,46,72,0,0,0,0,0,0,0,0,0,51,0,54,0,0,0,0,0,0,67,0,0,0,167,0,0,0,0,0,34,0,33,0,0,34,22,0,0,0,0,0,0,0,0,26,79,0,0,0,0,0,0,0,0,0,235,0,0,46,0,0,0,0,0,30,0,0,0,0,0,0,0,45,0,0,0,0,0,0,0,0,24,0,57,0,0,0,0,34,0,25,0,0,41,0,0,0,0,0,0,0,0,0,0,32,50,0,0,0,0,0,0,0,0,0,0,0,0,0,0,0,0,0,0,0,0,0,0,0,0,0,0,84,0,0,0,0,0,137,0,0,0,52,0,55,0,0,0,0,119,0,24,0,0,0,0,0,0,0,0,0,0,0,0,0,80,0,0,0,106,0,0,0,0,64,0,0,37,44,0,0,0,0,74,113,0,0,0,0,0,87,0,0,118,0,0,0,0,0,0,0,182,18,0,0,0,0,0,0,0,0,0,47,0,0,0,0,39,53,57,0,0,0,0,0,0,69,0,0,33,121,0,0,67,0,59,0,0,0,0,0,0,0,0,54,40,95,0,0,0,0,0,0,0,0,0,0,42,0,0,0,0,31,0,0,0,0,0,0,0,0,75,0,0,0,0,0,173,0,0,0,0,32,81,0,0,0,0,0,0,41,41,0,0,37,0,23,0,0,0,0,0,0,0,89,0,0,0,0,0,0,0,0,0,0,0,42,0,61,0,0,0,0,0,0,0,40,0,0,0,87,0,0,0,0,0,0,0,0,0,0,80,0,0,0,159,0,0,0,0,0,0,0,0,0,0,36,0,0,0,0,80,0,0,0,0,0,0,0,0,86,20,59,0,0,0,0,0,0,0,0,0,0,0,0,0,0,0,0,0,0,76,0,0,0,0,0,58,39,0,0,0,0,44,49,0,0,0,0,0,0,0,61,0,25,53,230,0,0,0,0,0,0,0,0,13,0,0,152,0,142,0,0,0,0,79,0,0,0,0,0,0,0,42,0,0,0,0,0,151,0,0,0,0,0,0,29,0,21,0,45,0,18,48,0,0,0,0,0,0,0,41,0,0,0,0,0,0,0,56,72,0,104,0,0,0,39,71,26,0,0,0,0,107,0,0,143,80,0,0,0,0,0,118,0,0,54,0,0,0,32,93,0,0,0,0,0,0,0,44,0,0,0,28,98,0,0,69,0,0,0,0,0,0,0,0,0,0,0,0,90,120,0,0,0,39,0,41,0,0,0,0,0,0,0,0,0,0,174,0,0,132,0,0,69,41,70,0,0,25,0,0,0,0,0,0,23,26,0,0,47,91,0,0,0,0,0,0,51,30,51,36,15,21,0,21,108,0,0,0,0,0,0,119,67,220,0,0,0,46,0,0,0,0,0,0,0,0,0,0,182,0,0,0,0,0,0,95,0,86,41,0,0,0,0,0,0,305,163,51,0,74,0,0,0,0,0,0,0,0,0,0,0,0,0,0,47,0,0,0,0,0,0,54,0,0,0,0,0,0,345,0,0,333,0,0,0,65,0,0,57,0,79,0,0,0,62,0,0,0,0,81,0,58,0,0,37,0,0,0,133,55,0,0,0,124,0,0,94,23,0,0,0,0,0,0,0,0,0,0,0,0,0,167,33,108,0,0,111,0,0,0,0,0,0,0,34,0,172,78,0,0,0,65,0,0,39,0,0,41,47,97,0,0,0,37,0,0,0,0,0,0,0,35,87,30,0,138,0,0,41,0,0,42,53,0,32,0,83,19,0,0,65,0,0,0,0,55,479,48,0,0,0,0,0,0,0,71,0,51,0,0,0,0,38,139,0,0,0,0,0,0,30,0,38,0,0,0,0,0,0,0,87,0,0,64,0,0,0,0,39,0,55,89,69,39,0,0,0,0,0,0,0,270,61,0,0,56,42,0,0,0,36,0,0,41,0,0,268,0,82,20,0,37,53,48,18,0,49,0,0,83,30,62,10,0,223,0,0,0,0,0,0,186,0,0,0,71,0,0,47,57,0,41,121,0,0,42,0,0,48,0,39,0,120,0,0,140,0,0,0,52,38,0,0,0,0,34,0,0,88,0,0,0,53,51,29,0,32,0,0,0,0,0,48,22,0,0,0,0,55,0,0,0,0,52,0,75,87,0,36,53,0,0,0,21,0,160,0,0,0,63,0,0,0,96,0,0,0,0,0,0,0,0,29,0,22,53,0,0,0,0,0,0,0,125,0,0,0,0,39,0,0,0,0,167,0,0,0,0,17,69,0,0,0,0,94,0,143,0,22,0,0,0,0,0,0,0,0,56,0,51,26,0,0,0,0,0,0,0,0,0,0,0,0,0,0,0,0,0,0,0,44,26,0,0,0,0,36,0,0,0,0,0,0,0,0,0,0,0,0,0,43,68,0,0,107,21,0,0,31,0,0,0,0,104,0,0,0,0,0,0,0,0,0,25,0,0,0,0,0,0,0,0,0,0,0,39,142,93,0,37,0,0,145,0,0,0,0,0,28,0,0,0,0,40,27,25,0,0,0,0,0,70,0,0,0,66,126,0,65,0,72,0,0,0,0,0,27,0,0,153,0,0,110,0,0,0,0,0,0,0,0,0,0,0,0,0,0,26,0,0,21,0,91,0,0,0,0,306,39,0,43,0,163,0,63,0,0,0,0,0,31,0,48,0,0,41,0,91,99,0,0,62,0,200,130,0,0,0,0,0,0,355,0,0,0,0,66,0,0,0,0,0,18,38,27,0,0,0,0,0,0,103,0,0,42,0,0,0,187,0,0,0,0,0,0,0,0,190,0,0,0,0,0,26,0,0,0,0,0,0,0,0,77,0,0,0
243,0,78,64,184,157,300,192,0,221,61,1142,95,89,94,570,887,651,83,115,61,718,196,283,330,398,51,70,177,79,82,55,133,0,142,528,372,37,227,631,579,208,176,88,1026,0,165,149,820,65,780,192,340,381,110,737,112,75,39,105,46,424,281,836,92,218,436,90,137,62,1015,0,202,76,69,961,660,77,1521,142,583,65,110,602,525,240,172,65,233,222,957,225,153,249,403,114,142,34,182,207,0,100,102,411,99,74,266,146,492,216,684,166,187,428,630,257,122,478,109,91,482,128,921,176,97,92,109,79,441,93,598,102,1437,78,335,368,489,286,170,133,394,218,374,1299,0,76,220,110,189,237,0,70,236,156,412,433,84,455,95,605,504,167,56,404,212,335,137,125,448,560,921,489,122,372,73,314,133,138,477,298,162,751,55,121,143,261,113,1167,876,25,38,53,391,226,550,84,306,97,73,521,95,221,580,108,879,110,125,84,152,439,284,307,178,246,78,497,221,291,44,151,467,669,169,41,1345,62,53,392,788,66,312,83,49,126,0,48,174,177,532,183,69,343,118,256,159,0,277,59,128,58,155,253,1121,213,639,132,236,41,77,216,993,564,321,125,117,74,54,1303,389,1180,145,80,767,1265,334,213,306,125,3390,810,193,43,226,472,259,296,155,741,5850,368,244,164,709,56,90,178,104,183,368,259,188,110,195,140,77,877,606,651,46,190,159,1117,341,0,50,176,277,745,168,133,127,53,75,143,674,214,165,511,64,0,771,0,266,347,214,197,42,91,70,121,48,183,62,274,333,108,69,71,168,2998,532,284,93,574,1253,0,267,213,651,712,167,214,49,62,325,696,1415,624,249,119,427,249,191,87,347,437,615,0,0,325,159,117,172,131,232,2254,209,262,238,77,0,137,1375,0,279,158,1693,168,203,704,38,91,586,35,81,363,187,86,101,69,447,46,296,88,0,0,812,331,866,872,122,253,240,67,352,146,314,196,753,159,25,50,113,0,363,60,51,173,125,576,32,48,750,517,408,245,910,423,117,241,83,0,630,58,160,92,153,90,30,128,304,46,656,519,78,169,68,250,33,173,102,67,928,238,193,244,504,1161,233,291,461,122,631,629,235,0,61,238,438,887,662,198,108,688,146,302,910,474,540,95,0,172,171,2008,301,189,720,333,169,104,154,129,61,74,91,72,441,273,306,599,301,92,277,508,246,99,158,218,668,73,175,78,32,43,274,181,107,56,25,601,100,213,741,50,105,71,420,135,200,340,635,188,158,195,148,150,59,277,173,153,508,1013,0,219,290,817,149,86,0,92,422,542,61,0,0,96,0,616,124,78,434,588,559,48,868,79,1217,1026,271,94,114,208,0,184,39,62,58,532,73,267,97,98,180,329,175,746,145,482,144,156,43,108,990,1400,293,81,158,261,61,263,89,116,0,72,157,75,300,124,0,435,637,68,83,162,102,132,204,328,75,24,105,51,439,0,97,958,54,207,114,651,430,108,46,313,1352,29,210,200,227,652,282,154,193,0,84,384,275,340,54,262,756,95,207,0,690,194,229,281,873,91,77,166,225,228,529,46,181,88,481,0,363,147,214,55,152,113,491,87,1256,62,71,152,69,344,345,109,148,209,503,170,96,762,630,0,59,76,39,193,420,245,830,296,319,2299,644,850,214,373,0,48,274,424,132,101,215,53,0,140,1115,228,412,172,2287,137,0,320,76,0,332,0,104,190,156,98,503,98,29,198,55,84,95,388,118,132,56,240,0,205,0,385,418,379,177,112,76,869,141,95,84,197,555,95,420,80,37,49,515,203,234,1651,45,0,194,130,0,156,0,184,150,160,232,155,87,126,1084,267,408,240,378,34,202,81,502,623,116,376,62,113,99,129,593,74,1145,145,131,117,282,212,45,573,772,49,74,159,0,51,248,285,62,61,0,113,1058,92,552,164,0,293,173,95,570,64,450,111,87,47,1491,706,244,1095,104,112,112,513,119,315,73,0,88,60,41,184,105,114,583,407,144,51,0,88,162,247,527,121,185,252,0,252,36,79,172,468,93,311,443,500,1266,123,105,259,303,798,0,105,34,146,151,744,904,841,325,210,412,156,102,1504,516,127,368,69,515,905,137,118,132,251,330,65,118,234,93,190,161,38,96,133,212,115,323,74,65,453,59,622,32,321,89,86,221,206,232,45,172,597,155,26,150,79,1128,34,171,212,80,177,846,216,75,473,251,1631,73,97,62,558,259,135,30,813,171,0,160,448,79,49,287,149,1658,201,1977,0,1822,426,162,160,186,46,67,63,0,152,264,166,630,54,93,416,141,115,870,387,109,205,35,206,98,895,2212,914,327,133,44,130,130,181,236,0,886,173,106,39,58,394,82,153,225,662,0,384,2309,298,463,165,424,425,312,188,412,685,179,22,275,0,246,141,1243,0,300,557,125,565,0,593,267,261,375,1021,2379,694,771,87,677,301,160,507,76,72,233,191,68,168,23,184,29,241,1291,73,75,74,142,225,79,941,119,428,200,184,180,76,49,130,145,168,614,47,133,305,236,173,0,144,266,582,211,1243,101,96,1340,229,46,724,63,259,680,225,146,0,120,498,128,527,0,31,399,1246,40,59,102,426,435,48,266,72,137,126,63,84,259,1303,349,131,256,384,696,340,395,35,197,110,725,129,117,205,742,994,482,271,223,86,916,227,214,66,174,309,482,99,123,327,699,121,182,81,30,0,254,993,1510,103,83,468,123,1037,311,0,843,151,86,107,43,122,52,147,197,206,324,65,114,193,81,40,1190,89,62,290,284,100,192,196,0,250,230,45,68,135,73,42,221,63,55,741,23,31,150,627,248,172,223,33,0,199,67,291,71,178,338,0,101,0,259,0,90,49,112,98,137,44,212,44,0,193,62,99,237,95,253,58,0,128,78,292,597,514,52,111,0,108,492,116,187,83,277,153,109,0,288,119,33,78,85,0,161,235,169,207,0,74,171,99,0,192,49,563,102,20,81,258,178,147,647,556,91,97,343,55,213,77,64,681,423,148,484,76,0,2293,102,162,29,167,127,60,681,25,85,313,117,206,76,334,478,58,42,135,143,42,94,543,34,113,51,247,69,229,0,295,331,88,110,53,82,104,109,83,140,447,0,0,98,2361,698,65,456,106,104,260,282,108,97,302,46,360,105,53,95,195,0,658,111,307,204,829,72,1072,325,34,904,81,0,44,59,0,401,225,95,276,224,676,117,545,90,438,37,159,310,0,61,348,207,149,268,218,52,163,175,229,438,97,145,218,53,940,452,195,241,382,97,93,423,81,0,760,0,44,410,0,88,46,420,65,180,356,132,220,90,463,180,235,353,274,26,330,345,37,62,122,45,132,92,73,87,272,0,247,232,250,264,63,280,51,71,340,120,176,39,486,465,233,124,60,147,72,0,179,306,131,364,697,71,0,85,783,0,71,198,94,29,153,35,0,321,488,164,0,102,146,175,338,86,208,334,102,124,688,0,58,39,181,261,61,306,259,111,25,71,0,73,316,0,367,0,478,427,100,0,500,613,121,129,458,173,341,0,102,185,1391,0,596,73,91,251,276,40,55,157,574,110,55,430,1665,53,0,553,137,39,59,414,603,0,173,210,257,198,111,36,333,42,185,1405,0,121,212,74,184,278,16,111,163,406,75,654,55,64,0,50,34,244,0,64,678,861,212,55,100,219,170,238,0,337,103,178,97,128,135,1393,65,117,171,0,113,311,72,545,592,228,246,125,81,187,86,0,259,222,187,312,325,54,338,515,176,126,101,241,392,57,54,188,114,400,68,213,33,51,142,755,209,168,83,64,868,293,236,122,203,92,293,84,667,0,0,50,721,51,1151,284,304,100,61,366,647,92,305,53,381,85,296,122,319,151,41,235,38,116,71,197,91,449,609,11,0,500,112,32,0,212,228,77,78,309,219,148,60,62,66,0,138,123,905,1296,163,246,295,0,44,158,53,141,417,0,0,151,26,101,394,36,40,75,919,61,1081,109,81,66,49,785,642,313,219,78,162,554,142,1243,68,41,59,208,50,579,53,214,361,340,101,29,160,47,85,0,226,71,105,839,282,141,0,0,0,51,168,491,0,2134,39,159,320,0,77,129,193,24,1136,427,88,496,166,124,115,144,188,44,372,120,169,104,47,181,426,149,0,296,0,0,750,0,113,69,177,141,1032,945,117,681,287,85,52,53,109,444,1044,317,262,452,74,165,189,0,93,79,85,154,162,0,102,213,268,309,557,300,188,100,165,75,67,61,206,78,252,323,737,122,152,127,135,100,1622,291,171,193,535,0,857,241,67,90,275,665,476,71,45,407,78,192,78,95,52,203,398,627,74,75,41,480,227,256,430,358,499,35,0,131,438,74,0,209,197,74,0,118,121,406,548,150,159,260,70,0,1534,60,123,819,166,114,0,137,192,185,0,970,294,766,28,340,88,106,43,51,500,112,263,387,89,314,391,213,148,1248,400,160,0,125,210,663,592,342,148,173,949,40,61,336,236,511,68,615,205,112,141,0,101,142,724,645,504,753,164,43,245,77,51,78,296,63,50,266,0,257,28,122,766,113,0,56,0,140,291,88,150,363,98,678,497,39,135,917,159,59,43,67,652,2009,30,254,62,222,103,39,301,189,386,948,231,271,450,309,87,105,0,43,245,247,615,48,106,63,157,641,216,397,65,61,107,0,292,35,700,92,187,80,217,49,49,341,505,55,58,135,831,231,366,37,2583,0,98,40,35,0,29,555,175,305,277,1226,62,29,175,55,41,173,204,125,78,118,283,116,307,128,109,413,714,92,305,127,150,117,289,135,316,99,490,73,56,1347,367,248,216,325,55,115,48,97,82,153,53,135,98,250,134,213,383,75,58,0,352,408,155,0,142,0,129,260,137,235,452,47,50,143,0,180,193,352,909,387,1008,281,0,51,69,58,112,212,136,62,149,369,1223,154,334,225,386,553,0,292,0,98,82,131,159,38,123,175,80,645,487,55,290,364,58,232,0,65,65,94,384,208,1160,118,173,96,102,469,268,0,286,157,80,167,149,691,156,263,174,0,107,190,0,224,805,92,472,506,39,131,124,150,154,43,271,362,33,555,113,0,348,302,100,46,228,88,0,2005,0,461,153,79,201,68,201,323,110,0,75,37,127,80,116,686,44,213,51,110,510,196,271,766,222,234,0,88,175,0,69,44,258,223,338,622,281,289,0,0,55,154,226,230,251,87,0,184,158,141,0,397,127,95,705,59,0,309,276,55,269,266,749,28,134,248,94,0,67,0,68,360,61,107,592,111,518,680,50,130,0,62,361,62,329,240,217,235,77,589,102,223,666,0,362,184,112,132,352,423,271,459,265,0,70,349,194,97,55,54,294,53,76,86,291,207,2925,184,0,151,98,92,310,388,96,434,184,412,108,148,44,187,0,597,862,354,114,615,37,0,195,78,196,146,58,0,53,460,269,245,162,71,363,426,31,0,0,76,37,207,165,104,59,122,22,144,2171,82,48,2161,133,209,43,380,69,521,267,48,546,260,100,53,214,0,0,237,85,799,150,161,101,86,114,75,39,61,916,319,39,51,45,969,0,303,531,713,327,45,47,95,142,269,50,0,620,0,85,171,118,751,571,674,350,301,687,38,69,151,136,75,200,101,378,0,1775,589,72,59,73,351,361,71,162,64,88,585,296,272,107,231,112,137,145,37,185,61,172,0,104,400,469,210,32,835,127,0,326,63,0,177,632,35,159,199,321,92,57,0,277,152,186,64,77,439,1727,116,34,68,197,161,89,37,240,728,108,201,372,100,253,63,316,479,93,0,30,58,58,96,91,151,181,66,83,138,0,133,117,146,304,107,151,606,32,77,418,90,215,155,253,863,269,412,103,216,46,106,226,91,271,2127,229,0,0,1097,286,270,227,67,189,216,121,329,54,101,1324,159,451,119,584,176,305,276,329,0,145,236,41,581,167,143,176,95,1728,224,206,72,64,76,42,563,0,69,83,1512,56,129,581,212,168,128,516,34,296,443,171,162,1411,103,997,231,322,62,208,851,77,120,201,337,299,253,0,40,131,317,0,298,207,71,335,40,515,363,578,48,219,197,92,321,0,43,297,113,251,152,102,836,767,66,230,0,0,138,84,577,800,86,133,347,0,84,40,175,394,483,33,41,143,358,72,95,139,408,75,0,267,202,114,53,758,235,182,341,389,493,459,190,0,158,50,0,70,415,45,159,91,0,210,183,62,95,44,799,0,293,269,356,293,409,168,256,0,58,1307,302,1131,87,219,140,48,125,80,0,128,91,711,396,80,442,316,375,56,254,30,274,146,63,87,145,104,81,80,137,784,658,68,192,50,44,168,194,18,0,60,101,774,139,166,0,46,81,204,152,201,234,52,399,170,202,294,1101,101,56,1452,238,536,67,161,237,76,0,85,923,0,237,0,111,84,147,106,30,56,373,90,69,0,216,166,66,388,75,191,0,213,531,1613,1234,97,275,234,319,660,51,619,0,292,248,193,74,143,482,363,440,0,104,35,211,196,0,418,284,0,165,193,208,1052,93,415,60,591,96,0,69,130,76,228,728,36,1809,256,68,910,0,0,290,175,0,209,109,1224,0,38,122,539,20,0,310,102,0,284,29,295,69,287,395,147,2233,231,42,676,68,551,93,217,0,449,271,55,0,341,77,629,69,62,299,88,446,789,115,77,573,121,684,607,167,58,100,78,67,46,1142,338,54,55,171,178,105,154,27,66,45,66,103,123,256,121,0,403,66,0,659,121,126,367,45,159,45,652,65,60,56,0,52,0,57,245,790,0,272,409,820,77,330,180,57,88,131,174,103,42,183,916,118,0,79
244,0,0,23,0,43,51,0,0,62,0,70,0,0,0,126,168,163,0,52,0,206,63,0,53,107,0,0,54,0,0,0,104,0,0,192,98,0,34,224,0,24,41,0,172,0,44,44,218,0,92,0,0,47,0,94,0,0,0,0,0,39,53,306,0,0,68,0,0,0,118,0,40,0,0,0,0,0,158,0,0,0,0,93,99,0,0,0,80,47,108,0,38,56,79,29,42,0,40,0,0,0,0,0,0,0,54,0,84,120,123,67,43,90,98,0,35,160,0,0,153,0,137,19,0,0,0,0,0,0,0,0,338,0,95,40,126,0,42,0,0,72,97,293,0,0,42,0,0,86,0,0,75,0,82,98,0,67,0,54,143,39,0,113,0,99,0,26,94,176,109,124,0,0,0,0,0,0,96,0,38,252,0,0,0,0,57,222,73,0,0,0,0,34,156,0,0,38,0,79,0,55,128,0,254,0,0,0,32,96,91,36,44,65,0,29,0,56,0,0,38,176,43,0,299,0,0,118,403,0,0,0,0,0,0,0,0,0,87,0,0,58,0,0,0,0,39,0,0,0,38,68,296,0,69,0,0,0,24,33,292,0,0,0,0,0,0,139,74,119,44,0,63,237,37,69,0,0,462,128,63,0,101,144,0,38,26,270,1173,101,33,0,139,0,0,84,0,37,0,0,21,10,0,0,0,233,158,116,0,98,68,0,64,0,0,0,64,61,72,0,38,45,0,0,133,96,44,0,0,0,69,0,0,45,0,57,0,0,0,20,0,48,0,59,0,0,0,0,92,703,63,53,0,95,253,0,0,35,68,93,0,69,112,0,80,79,268,113,21,0,105,33,38,34,59,57,44,0,0,71,71,21,41,26,31,492,58,52,0,0,47,27,0,39,0,0,0,0,0,50,0,0,183,0,35,56,0,0,0,22,76,0,0,0,0,0,140,0,141,178,0,0,87,0,79,125,48,0,35,0,0,0,26,0,50,0,0,0,0,128,0,0,142,38,82,0,166,63,0,28,0,0,63,15,78,0,0,0,0,0,71,0,113,80,0,0,0,35,31,0,18,52,147,0,0,0,69,166,192,0,0,0,75,183,106,0,0,0,62,313,75,0,0,106,0,52,104,39,51,0,0,147,0,516,0,0,160,94,0,0,63,0,0,0,0,0,79,0,0,71,64,0,57,141,0,0,0,45,62,0,0,0,0,0,31,27,0,0,0,50,21,194,0,28,0,0,106,0,0,224,45,49,0,33,43,0,0,36,45,23,0,39,0,0,0,229,0,0,0,0,128,183,0,0,39,0,0,95,0,0,98,137,0,0,105,0,48,286,50,12,0,594,0,77,0,0,0,71,0,0,0,0,29,0,0,54,0,65,0,0,0,0,182,202,72,0,0,0,0,81,0,0,0,29,0,0,47,43,0,85,102,0,0,0,0,0,64,64,0,0,0,0,159,0,20,264,0,0,0,139,112,0,0,0,102,0,52,0,0,102,57,0,72,0,30,43,0,0,0,0,257,29,67,0,174,0,0,0,311,0,32,0,79,63,122,0,0,0,144,0,43,0,66,0,0,0,148,0,424,0,34,0,0,43,51,0,25,103,0,0,0,123,202,0,0,0,0,33,0,85,102,89,63,779,53,137,28,0,0,0,138,58,0,30,0,0,0,20,252,50,147,0,294,84,0,93,0,0,100,0,0,70,0,0,0,0,0,0,0,0,0,69,0,44,0,38,0,58,0,0,95,101,45,0,0,175,0,0,0,49,73,0,61,0,0,0,91,0,0,224,0,0,0,0,0,0,0,50,0,0,93,0,0,20,122,0,135,0,115,0,0,0,0,132,0,100,0,0,0,35,99,0,182,0,0,0,0,0,0,64,148,0,0,37,15,0,54,0,0,0,0,0,259,0,212,0,0,54,0,0,91,0,43,0,0,0,487,168,0,177,0,0,0,0,0,55,0,0,0,0,0,0,0,0,137,81,0,0,0,0,20,62,55,0,30,63,0,59,0,0,36,0,41,0,95,48,137,26,0,0,47,0,0,53,0,0,0,0,0,182,30,0,0,0,0,98,29,51,0,0,0,63,29,0,0,81,49,0,0,33,0,0,0,0,0,34,0,0,79,0,0,0,0,60,0,136,0,0,0,0,0,0,31,0,0,0,31,0,81,0,0,31,0,0,25,26,0,42,0,248,0,0,0,0,78,0,0,72,0,0,54,96,0,0,0,102,340,0,120,0,209,0,0,47,0,0,0,0,0,0,0,38,153,0,0,99,0,76,0,154,46,0,0,39,14,0,312,0,33,47,0,0,36,0,0,0,239,0,0,0,0,0,0,0,0,84,0,60,126,56,65,0,56,45,0,0,57,59,0,0,35,0,0,51,300,0,139,0,0,41,0,0,0,0,106,11,234,67,96,0,0,52,0,179,0,0,0,0,0,0,0,0,0,0,487,0,0,28,0,30,0,75,0,22,68,0,0,26,0,0,0,0,81,0,0,0,72,0,0,82,0,30,0,0,0,0,420,0,0,57,0,0,124,0,36,0,0,0,0,149,0,0,0,107,0,0,0,29,134,0,54,0,0,0,0,0,0,127,0,0,0,0,138,92,157,0,0,59,72,21,0,0,0,252,0,26,34,0,224,0,0,0,0,0,138,0,0,0,0,0,0,0,0,0,26,27,200,0,0,0,0,72,0,0,89,56,0,0,0,0,0,0,0,0,0,0,0,80,0,0,256,0,0,37,39,0,40,46,0,68,0,0,0,0,0,47,0,0,0,125,0,0,0,62,38,0,0,0,0,20,0,0,0,0,44,0,0,0,0,0,0,0,0,0,50,0,108,0,0,33,0,0,62,0,0,0,0,0,43,154,60,124,0,0,0,0,75,0,0,0,146,93,47,0,51,0,0,0,0,0,0,38,0,69,0,0,0,0,0,0,0,145,0,0,21,0,40,0,170,50,0,0,67,0,0,45,0,111,126,0,284,38,0,176,29,111,0,0,42,0,323,0,39,0,0,0,0,0,0,0,0,0,41,0,0,253,0,0,0,52,0,42,0,0,57,0,0,0,32,0,0,0,41,73,0,0,0,974,209,0,60,47,0,0,128,0,0,0,0,87,0,0,65,0,0,0,0,89,0,356,0,156,45,0,142,0,0,0,0,0,0,0,0,0,0,123,77,76,0,121,0,0,37,0,27,111,0,0,73,0,0,0,84,38,70,0,0,49,0,327,68,0,0,111,0,43,65,0,0,33,0,0,145,0,0,0,176,0,0,72,0,0,0,56,95,59,62,0,0,0,0,0,0,48,0,0,0,0,0,78,0,119,0,0,0,28,0,0,0,308,0,0,0,527,36,0,0,30,33,22,0,0,0,0,98,120,0,0,0,30,0,0,27,0,0,0,0,0,38,0,0,0,0,41,0,60,0,0,0,0,0,92,0,0,0,0,0,0,74,37,0,0,0,0,0,0,0,32,0,0,76,0,0,83,104,0,0,0,0,68,0,0,54,78,0,34,0,0,30,24,0,0,0,0,0,0,49,104,0,0,117,0,0,0,32,0,0,0,0,0,0,0,0,77,0,0,255,0,0,0,0,34,0,0,0,0,41,0,0,0,0,0,0,0,0,0,35,84,0,0,0,0,0,0,0,0,0,0,0,0,0,0,245,0,0,0,0,0,0,0,95,0,0,39,0,0,57,0,0,41,0,0,0,0,0,0,37,0,0,0,26,31,0,0,0,0,0,0,0,0,0,0,29,47,0,0,0,84,0,61,0,15,0,0,0,162,0,0,0,154,0,115,0,0,0,0,38,81,0,0,0,137,0,26,0,0,0,0,0,0,56,0,0,0,0,167,0,0,179,0,0,7,0,0,0,0,96,0,0,0,0,0,0,0,0,62,0,0,0,0,0,0,0,0,0,49,0,0,0,0,0,21,0,0,56,0,0,45,0,0,0,0,66,0,0,0,0,0,123,40,92,0,0,0,90,0,104,0,0,63,0,0,0,0,0,0,0,0,0,0,0,0,0,0,0,0,0,0,82,0,184,0,54,70,0,0,0,0,0,116,47,0,37,0,0,0,0,53,0,0,0,0,21,0,0,55,0,0,39,0,0,51,0,35,0,0,68,0,141,0,0,0,0,19,0,0,0,69,54,0,132,0,0,0,0,0,0,0,0,0,0,0,30,0,0,175,0,0,0,51,0,0,0,0,0,0,37,98,0,0,0,0,0,61,0,0,0,167,0,54,0,0,0,0,149,0,0,0,102,0,0,0,0,0,0,0,65,0,0,0,74,39,0,54,50,60,0,0,45,86,0,0,77,0,0,0,0,0,78,135,0,0,48,0,0,187,0,0,0,0,0,0,0,0,0,0,226,0,179,0,0,0,0,0,0,75,0,0,70,0,0,68,0,51,292,0,0,0,0,37,59,101,46,0,0,43,0,0,76,0,132,0,60,0,0,0,0,0,38,90,21,0,150,0,0,0,0,0,0,34,0,0,68,0,0,0,0,224,0,0,0,0,0,0,0,0,46,0,80,0,0,46,264,0,0,0,0,0,137,11,35,0,0,0,0,98,0,38,87,0,51,131,78,0,0,0,0,0,52,84,0,27,0,0,85,0,56,0,0,48,0,52,0,37,0,0,0,29,0,0,55,160,0,0,0,62,0,0,0,47,0,0,0,0,0,0,42,0,0,87,80,0,0,0,0,0,20,0,0,0,0,43,0,46,0,0,68,22,0,0,0,0,0,39,0,0,28,0,0,0,53,0,0,29,0,26,0,0,0,0,0,0,0,0,0,0,0,0,0,0,0,57,0,0,0,0,0,0,0,0,0,68,0,0,0,0,0,32,0,98,0,202,26,0,0,0,0,0,35,0,0,0,76,0,0,0,38,0,50,0,25,0,0,0,0,0,0,0,0,0,85,42,0,0,79,0,0,0,0,37,0,0,0,198,0,0,0,0,0,0,0,0,0,0,0,0,63,0,41,0,0,0,0,0,71,118,0,0,60,0,0,0,0,0,0,50,26,0,69,0,0,81,76,0,0,0,0,0,234,0,30,34,0,29,0,0,0,0,0,0,0,0,0,0,65,0,0,0,0,79,0,0,104,0,0,0,0,36,0,0,0,0,0,0,63,0,0,0,0,39,0,0,31,0,0,0,0,0,0,0,46,0,0,117,0,0,28,44,0,0,0,0,0,0,0,0,0,0,0,0,32,0,0,52,0,96,44,0,0,0,0,30,0,61,0,24,91,0,55,0,0,74,0,0,0,0,0,0,96,0,28,0,0,0,0,0,0,0,0,52,0,0,0,0,0,331,0,0,0,0,0,0,0,0,0,0,69,0,0,0,30,0,91,48,80,0,76,0,0,0,0,35,0,0,0,0,49,40,0,0,0,0,51,0,0,0,0,0,0,0,0,0,0,0,0,240,0,0,151,58,24,0,0,0,43,23,0,0,0,0,0,65,0,0,55,0,72,36,0,0,0,0,0,0,0,0,21,0,0,0,263,0,0,57,0,44,0,0,0,63,0,0,0,158,0,0,0,0,197,53,70,80,0,112,0,0,0,0,0,0,0,142,0,296,33,0,0,0,54,0,0,0,0,0,96,0,0,0,57,0,45,0,0,95,0,0,0,0,0,44,44,0,36,0,0,63,0,0,53,0,0,0,0,49,26,0,0,0,0,0,0,0,66,582,31,0,0,0,0,0,0,27,119,0,0,0,0,0,0,0,62,0,0,0,0,0,0,0,0,88,0,0,0,0,0,0,0,58,0,0,0,0,0,63,0,0,35,28,128,52,52,0,50,0,0,0,18,0,183,0,0,0,107,58,101,53,0,0,95,0,65,0,0,354,0,23,0,88,42,42,74,0,0,0,23,0,72,19,61,24,0,308,0,25,0,33,0,0,197,0,0,0,763,0,0,47,0,0,0,102,0,39,104,11,28,101,0,43,0,86,0,0,110,0,0,78,30,51,28,0,0,0,37,0,133,56,0,49,0,86,91,81,0,0,0,0,118,0,0,0,0,51,0,0,65,74,0,32,0,0,0,0,0,70,0,0,47,0,0,0,0,89,124,0,0,0,32,0,0,0,53,0,0,0,103,0,0,154,0,0,0,0,0,0,0,0,0,0,0,0,64,0,0,0,0,0,30,0,0,0,124,0,156,0,40,0,0,67,96,0,0,121,0,0,0,0,0,0,33,0,0,0,0,0,0,0,73,0,34,0,25,0,0,0,0,0,0,0,0,0,0,50,0,18,26,0,0,0,32,0,0,34,0,304,0,45,0,0,0,0,0,83,39,0,0,0,50,56,0,0,0,0,0,0,0,0,0,0,0,0,58,0,0,0,0,0,56,0,0,0,0,0,0,0,0,0,0,0,0,0,0,0,0,212,692,0,0,0,0,74,0,0,0,0,110,0,0,75,54,0,0,30,0,0,0,0,0,47,0,0,0,0,0,93,0,30,26,0,0,0,0,0,30,0,71,0,52,50,0,47,0,0,0,0,0,61,0,131,0,0,0,54,0,0,0,0,0,0,0,43,0,0,0,0,152,0,0,0,0,29,0,0,0,0,34,0,0,0,0,0,0,0,0,0,44,0,0,0,0,0,52,0,0,0,0,40,0,0,38,0,0,0,0,0,0,0,0,19,16,0,0,24,0,0,0,0,0,0,159,0,0,0,22,0,0,0,0,0,0,0,0,0,42,0,107,0,0,0,0,0,0,0,0,0,0,0,0,0,79,153,0,0,0
245,0,0,0,0,0,76,84,0,43,0,134,35,0,0,133,209,0,0,0,0,121,29,53,76,95,0,46,0,0,0,0,0,0,29,134,62,0,0,59,120,59,0,0,209,0,71,31,203,0,150,72,47,118,0,166,23,42,0,35,0,60,0,353,0,53,179,0,0,0,347,0,51,0,0,248,43,0,332,46,121,26,51,147,80,56,45,0,54,0,259,46,0,30,133,26,0,0,0,28,0,47,38,132,0,0,49,44,78,0,51,0,78,118,179,95,64,153,0,0,56,36,198,44,0,46,0,0,33,0,142,0,314,0,121,0,0,58,83,61,94,43,95,153,0,0,42,0,81,29,0,12,0,0,29,38,0,77,69,0,41,0,0,84,51,36,38,0,74,0,229,119,0,35,24,0,0,87,33,32,0,167,0,0,30,45,34,552,325,0,0,0,97,50,124,0,0,0,0,109,0,0,58,0,87,0,90,24,0,86,0,97,27,39,12,84,70,115,0,0,0,281,36,0,284,0,0,32,187,0,155,0,0,32,0,0,0,0,207,0,0,47,23,36,25,0,0,0,0,11,48,0,289,0,206,44,0,0,0,57,191,137,53,0,70,0,0,464,0,139,21,16,176,347,88,50,75,0,403,199,0,18,75,43,95,69,22,41,2946,0,30,75,57,0,0,56,0,77,0,0,0,0,0,34,21,239,173,118,0,65,47,131,115,0,0,0,108,151,0,0,0,0,0,0,197,62,62,81,0,0,0,0,32,0,0,62,0,0,0,0,27,71,0,0,0,0,0,0,62,732,51,73,0,0,290,0,77,116,279,126,56,33,0,0,63,226,231,143,45,36,67,0,62,64,57,174,73,0,0,119,0,0,28,0,0,572,0,0,0,0,0,0,514,0,74,40,65,59,138,269,0,53,272,0,0,81,0,0,37,0,148,0,58,0,0,15,212,0,150,200,0,106,49,0,91,81,54,53,70,0,0,0,0,0,177,0,0,34,0,138,34,0,275,86,215,51,35,0,0,24,0,0,0,0,0,0,62,55,0,0,274,0,110,123,0,0,0,61,0,0,57,38,79,30,0,26,0,344,94,0,112,43,0,172,56,0,0,82,0,136,119,40,13,151,59,118,179,110,259,0,0,89,44,554,84,36,160,36,39,0,85,34,0,19,18,0,142,0,0,87,92,0,279,138,41,0,33,35,211,33,42,0,0,0,114,54,0,0,0,127,0,45,49,0,0,0,109,39,0,202,114,42,0,0,0,0,0,0,46,43,136,211,0,0,54,123,0,0,0,0,65,160,17,0,0,0,0,0,0,93,114,201,0,0,350,0,49,251,0,30,65,131,0,65,0,0,0,115,0,36,0,25,0,90,52,125,0,153,0,36,0,0,185,235,38,0,106,62,0,19,0,0,0,0,55,0,37,0,0,122,155,0,0,0,42,42,0,41,0,0,0,0,105,0,0,99,0,0,51,67,43,56,0,0,395,0,0,58,66,174,134,0,47,0,0,46,0,48,0,69,122,0,74,18,204,0,0,49,333,0,36,0,0,0,0,0,79,44,45,0,77,29,30,0,53,27,127,0,138,0,0,0,0,50,171,0,36,89,185,92,26,90,110,0,0,0,0,26,250,0,159,0,75,141,206,139,101,61,0,0,183,0,0,0,0,0,0,0,128,71,136,0,771,0,0,62,0,0,0,0,0,31,48,0,131,0,0,0,0,19,0,0,34,0,0,87,0,34,0,135,92,60,0,0,0,77,0,0,0,36,203,0,66,0,0,0,92,0,73,162,0,0,0,0,0,51,0,53,37,0,0,74,0,0,149,52,28,102,50,0,86,0,75,236,0,63,27,0,61,0,50,0,139,32,0,59,100,73,0,271,59,0,41,49,18,0,73,0,0,0,0,0,208,0,0,45,0,47,57,0,48,36,46,0,0,0,137,137,69,348,36,55,0,227,27,66,0,0,0,0,0,0,0,0,87,56,0,0,0,0,0,36,32,24,75,0,0,60,0,0,31,84,0,79,54,154,185,70,42,53,128,381,0,0,0,34,47,203,189,254,191,0,43,49,0,377,65,35,95,0,149,132,109,0,48,40,80,0,43,119,0,30,80,0,0,0,69,58,0,0,0,117,0,77,0,40,0,46,62,57,119,0,0,75,0,0,66,47,624,30,0,0,64,148,162,45,0,55,54,409,60,28,0,281,49,0,0,476,0,0,0,262,0,0,146,48,445,44,284,0,305,95,0,24,52,0,0,0,0,92,98,0,0,0,26,190,95,61,186,59,0,48,0,111,0,328,451,187,80,94,0,34,94,48,49,0,107,0,40,0,0,97,0,0,0,329,0,109,450,102,52,0,158,184,86,0,68,193,94,0,49,0,87,0,175,0,62,127,39,136,0,370,43,98,66,243,505,148,298,0,224,108,59,105,0,0,41,61,0,45,0,93,0,69,310,54,0,0,92,42,63,289,0,61,45,0,47,0,0,0,78,0,244,0,0,76,47,26,0,43,77,163,85,266,25,0,261,0,0,222,0,80,326,59,0,0,37,133,71,121,0,0,177,774,0,0,20,83,0,0,78,0,0,0,24,0,61,293,150,0,0,109,102,158,94,0,0,25,308,0,0,53,201,143,266,46,142,0,39,70,73,0,0,111,196,0,43,73,151,0,53,0,0,0,47,267,585,48,34,62,0,418,48,0,109,56,34,66,0,0,0,0,0,0,66,0,21,0,24,0,0,0,0,0,0,0,0,0,0,49,0,0,0,0,0,0,0,0,0,71,0,0,0,38,52,51,27,31,0,59,0,30,0,0,78,0,0,0,0,0,0,0,44,0,35,0,55,0,0,62,0,0,93,0,74,0,0,34,0,81,74,81,0,0,0,0,73,0,0,0,136,0,41,0,41,0,0,45,0,0,57,43,52,36,0,0,85,0,0,0,0,30,0,0,41,0,0,0,303,89,0,0,82,0,43,0,0,348,33,0,200,0,0,630,0,69,0,0,0,0,276,0,0,49,25,60,0,72,90,0,0,15,40,0,0,98,0,0,0,37,26,69,0,0,66,0,0,0,0,0,28,34,0,45,0,0,0,472,196,0,64,0,0,0,0,41,41,0,0,116,0,0,0,0,0,100,42,0,0,80,0,0,0,0,112,0,21,0,0,0,194,45,0,57,153,141,0,81,0,84,0,68,51,0,0,0,0,0,0,0,0,26,38,51,0,0,0,22,0,121,44,65,0,0,0,0,0,0,0,215,0,0,100,0,0,0,60,0,0,0,0,0,0,108,37,0,31,39,0,32,64,0,0,30,0,0,0,0,0,0,0,56,0,60,46,0,0,0,0,72,41,0,0,223,67,0,0,29,64,0,0,0,145,0,29,184,7,0,0,0,0,0,0,0,0,0,0,0,57,71,0,0,24,59,0,35,0,44,93,0,0,126,0,0,0,0,46,0,61,0,0,0,0,0,0,0,0,0,0,138,86,0,0,134,154,0,0,0,26,0,0,56,50,245,0,126,0,0,98,0,0,0,33,119,27,0,21,501,0,0,83,0,0,55,0,136,0,0,0,0,73,0,0,57,0,0,618,0,0,83,0,0,59,0,0,0,0,0,0,0,0,0,0,0,20,0,0,156,51,57,0,0,0,41,0,0,128,75,0,0,0,33,75,0,0,0,0,0,0,0,98,60,62,0,26,0,0,0,0,107,0,0,78,117,0,144,65,0,41,0,59,52,0,0,32,43,0,0,81,0,0,0,268,96,0,33,0,181,87,72,0,0,0,53,0,211,0,0,0,0,0,313,90,0,0,0,64,0,0,57,0,72,36,46,0,53,109,0,18,0,0,0,39,0,33,179,0,0,170,41,0,0,39,0,0,0,187,0,0,0,0,0,0,39,22,25,0,0,0,78,0,0,0,0,0,159,0,0,17,0,0,60,0,0,0,231,0,0,0,26,0,0,165,88,133,56,0,0,0,72,119,0,0,0,87,0,149,0,0,0,0,0,0,0,0,0,0,0,0,48,166,0,0,0,0,0,0,0,202,0,295,0,49,0,0,0,34,50,0,50,0,0,0,0,0,61,38,59,0,101,0,0,0,0,0,74,11,0,69,0,0,0,0,0,0,0,41,66,139,0,60,43,0,0,22,0,53,61,0,44,139,0,24,30,0,0,0,0,0,0,0,83,65,45,58,0,0,0,52,0,0,0,0,26,0,72,0,69,0,0,0,0,12,199,0,0,43,78,0,75,20,0,0,50,227,0,77,0,93,0,0,0,0,4,0,0,80,0,0,0,112,0,52,44,0,81,0,0,58,0,0,0,65,33,0,0,0,9,0,182,0,0,68,0,0,297,0,0,383,16,0,0,0,0,0,0,285,24,218,0,0,0,0,0,0,83,0,56,0,40,34,63,0,0,284,0,21,0,0,0,35,184,98,0,56,306,0,0,106,0,59,31,152,61,24,0,0,0,0,148,92,165,64,0,0,39,0,0,0,86,0,0,69,0,65,0,0,282,0,0,0,0,27,0,17,0,81,34,61,61,0,0,162,42,0,0,0,99,182,0,0,0,0,0,0,126,31,0,98,0,74,36,27,0,21,0,0,0,47,125,0,42,0,44,0,0,131,0,0,126,0,0,0,162,0,25,27,0,0,0,37,191,0,0,31,170,0,34,0,432,0,0,0,0,0,0,123,0,0,36,229,0,0,0,0,0,60,35,0,0,0,44,0,0,0,0,26,52,0,31,0,0,0,26,0,62,60,115,0,0,288,0,52,0,34,0,0,0,0,0,17,0,0,0,76,53,67,116,0,0,0,0,61,59,0,0,0,0,104,100,67,0,0,0,24,0,0,83,0,281,86,466,0,0,0,0,0,0,103,32,0,59,161,88,0,78,69,71,160,0,128,0,0,0,0,0,0,0,15,0,132,141,0,0,0,0,0,0,0,0,41,52,0,168,0,0,45,0,0,99,0,56,22,47,24,0,72,43,106,0,0,43,0,0,114,62,0,71,64,0,64,98,0,70,0,0,0,0,116,0,0,222,192,0,0,0,0,0,554,0,69,93,0,0,0,0,27,0,0,0,0,0,43,0,92,0,0,0,0,272,0,0,33,0,0,0,0,64,0,0,29,34,0,0,36,50,0,0,0,0,0,0,46,35,0,0,0,0,45,0,89,0,0,318,0,0,0,109,0,47,0,30,0,0,41,0,0,0,0,0,56,0,62,163,0,0,101,0,0,0,0,70,0,46,0,50,26,0,152,0,0,0,0,97,51,13,0,68,254,171,0,118,0,0,48,20,0,0,0,47,0,0,35,42,43,661,39,11,0,0,0,120,38,0,157,0,71,0,0,0,0,26,0,94,51,0,0,0,0,0,0,0,71,0,0,0,35,0,0,27,0,200,110,0,0,0,0,0,77,43,0,0,35,0,57,447,0,0,347,79,33,0,131,0,136,51,0,48,59,0,0,79,0,0,105,0,276,40,56,0,0,39,0,0,0,227,51,0,0,0,229,0,147,125,0,0,0,0,0,44,0,0,0,217,0,0,0,51,121,48,91,71,67,229,0,0,19,0,0,0,0,83,0,249,0,0,0,0,0,0,0,66,0,0,205,93,111,0,47,48,0,0,0,0,0,0,0,0,202,109,0,0,282,0,0,27,0,0,0,61,0,0,50,135,0,0,0,0,0,68,0,0,88,254,41,0,0,0,0,29,0,0,214,0,77,0,20,0,0,60,158,0,0,0,0,0,68,0,65,72,0,0,38,0,0,0,40,149,0,0,129,0,0,24,0,32,69,72,144,98,64,0,121,0,0,68,49,0,369,81,0,0,69,31,0,0,0,0,103,0,63,0,0,147,66,37,80,95,56,52,106,31,0,49,0,0,141,38,25,0,0,522,0,44,0,0,0,0,139,0,0,38,440,0,51,46,35,0,0,92,0,89,123,0,0,471,42,315,42,180,22,24,195,0,0,0,66,42,0,0,0,49,0,0,78,56,0,45,0,83,104,76,0,89,0,0,46,0,0,61,65,69,0,0,46,94,0,38,0,0,0,0,131,373,0,55,115,0,0,0,57,0,117,0,0,28,0,0,0,0,0,0,0,0,0,31,0,121,0,34,0,33,0,79,0,0,0,0,0,0,0,0,0,0,0,0,81,0,0,0,101,0,49,57,34,41,0,0,42,0,0,115,47,0,0,107,22,0,47,0,0,0,78,119,108,0,66,58,94,0,0,0,39,0,22,24,38,0,0,0,0,91,0,0,0,0,0,59,45,0,0,26,0,282,0,0,0,0,0,0,48,38,0,0,54,0,0,0,163,0,0,78,0,111,0,0,40,0,0,0,93,0,0,0,0,0,0,0,0,0,52,0,0,0,0,0,0,47,0,0,0,0,16,505,694,0,0,61,53,45,0,0,0,113,0,0,0,45,87,28,65,0,33,0,0,60,0,86,0,0,28,0,0,303,0,45,0,0,0,0,0,0,0,62,50,0,334,0,0,0,0,0,0,0,0,59,61,53,0,0,0,0,0,0,0,0,0,0,0,0,0,39,0,49,704,0,0,56,0,0,0,0,0,0,0,11,0,68,0,106,0,0,41,0,46,97,0,0,56,70,200,260,0,0,0,0,0,0,433,65,0,0,0,57,0,0,0,0,0,0,35,48,0,0,0,29,0,0,229,63,0,97,0,28,0,413,0,0,0,0,0,0,0,0,105,0,0,31,118,0,44,0,0,0,0,0,0,0,0,303,0,0,0
246,0,20,0,0,36,103,115,0,58,0,206,0,0,0,295,150,221,30,81,0,204,93,87,0,204,0,32,103,0,0,0,72,0,0,193,32,0,21,67,112,61,0,52,281,0,49,0,147,0,261,61,45,209,0,98,0,0,0,40,0,113,47,104,0,0,241,33,0,27,550,0,0,0,0,254,37,0,511,0,85,0,43,55,395,0,37,0,77,0,124,0,0,46,93,30,73,0,0,0,0,0,0,142,0,0,127,43,41,90,281,69,41,113,311,68,0,239,82,0,513,39,188,0,0,53,68,17,62,0,155,0,254,0,0,130,117,63,63,40,113,95,84,331,0,0,99,68,78,267,0,0,176,47,0,53,0,51,0,323,0,33,34,52,112,0,31,0,206,301,260,214,77,0,45,32,39,42,116,41,0,0,26,0,27,102,68,213,178,0,0,0,97,45,93,0,89,0,0,131,0,67,0,27,479,30,0,0,0,43,237,118,51,125,0,153,145,83,0,0,129,220,41,0,235,14,0,0,449,0,89,0,0,56,0,0,32,0,35,100,0,0,60,51,59,0,251,0,61,0,51,0,238,80,375,38,0,0,83,61,349,162,113,52,44,0,0,211,136,348,59,0,176,130,126,90,150,0,1163,46,14,0,48,253,86,96,0,431,1729,179,63,0,137,0,0,0,0,140,74,77,39,0,127,34,0,314,426,238,49,127,119,588,220,0,0,0,97,303,116,0,0,0,0,80,358,152,75,119,0,36,454,0,60,106,154,37,25,0,0,125,0,149,47,0,139,36,0,0,115,894,145,54,0,442,277,0,108,160,305,73,131,30,111,0,39,224,611,126,40,37,332,68,103,54,150,173,88,0,0,222,89,37,45,72,47,746,92,59,91,0,0,0,913,0,92,39,470,56,232,197,0,61,176,0,60,63,27,50,69,0,121,0,89,0,0,0,227,103,258,429,0,134,83,54,141,93,124,55,69,23,0,0,0,0,199,36,55,139,44,85,23,0,400,203,163,170,163,110,0,69,0,0,133,0,67,43,74,69,0,0,297,0,125,59,71,0,59,96,0,38,38,37,206,135,57,38,185,252,138,143,140,0,264,0,126,0,0,110,93,372,141,56,33,0,44,99,366,95,141,67,0,98,62,139,78,136,250,253,53,0,107,0,0,67,0,0,98,0,34,268,86,0,352,76,153,0,84,48,569,0,28,0,0,0,115,81,0,0,0,219,0,142,390,0,0,0,0,0,38,208,126,0,61,72,109,52,0,69,140,52,450,429,0,78,119,433,0,0,0,0,238,238,0,0,22,0,0,161,0,92,149,192,191,0,642,0,337,341,0,0,71,441,0,63,0,0,0,79,0,0,0,0,44,68,56,55,65,54,0,0,0,51,126,73,93,0,57,138,0,61,0,42,0,52,72,0,72,0,0,72,0,39,0,0,0,0,74,0,0,0,0,0,71,0,0,324,0,29,0,59,0,0,0,134,155,0,145,61,0,72,45,0,32,0,0,185,117,97,0,48,222,55,119,0,233,44,139,0,185,0,0,40,89,71,127,30,76,0,110,0,105,0,0,0,48,46,131,0,386,0,0,69,0,47,0,0,54,39,125,62,28,181,260,0,0,0,0,47,185,67,260,98,51,947,277,208,140,79,0,0,63,78,0,56,88,0,0,29,385,47,123,0,973,0,0,83,0,0,97,0,0,52,0,0,46,25,0,0,0,0,33,82,0,60,0,125,0,63,0,182,139,0,0,39,0,216,43,0,51,44,88,0,49,0,0,0,45,84,113,145,0,0,46,0,0,46,0,0,56,60,73,32,54,0,236,49,172,91,114,0,72,0,121,109,0,76,22,0,35,0,99,0,205,0,0,0,82,0,0,32,271,18,0,0,0,0,48,69,0,0,0,0,625,0,130,59,0,92,74,29,88,16,50,0,0,0,367,73,71,127,0,0,0,197,0,0,44,0,30,0,0,39,0,47,57,95,0,25,0,0,48,83,207,0,0,101,0,67,0,93,0,83,0,105,59,89,359,0,0,0,105,119,0,0,0,0,52,145,168,303,125,0,38,0,47,88,36,0,74,0,47,105,80,0,0,0,99,36,0,73,0,75,48,0,0,28,67,145,106,23,0,76,52,78,0,213,0,0,14,33,0,0,0,221,67,0,60,0,548,0,47,37,0,86,115,42,0,0,134,378,42,19,0,269,94,26,0,225,0,0,0,125,0,0,0,72,692,0,651,0,428,142,20,75,0,0,0,0,0,0,0,0,52,0,0,233,0,48,45,124,0,45,0,105,27,101,938,82,92,79,0,84,0,0,93,0,281,80,48,0,0,126,0,19,73,174,0,80,337,114,213,0,104,132,0,54,107,218,18,0,113,0,113,48,394,0,42,53,112,169,0,146,118,46,49,195,295,145,149,0,77,116,0,210,0,0,62,65,0,42,0,60,0,23,205,0,0,0,41,0,0,85,53,0,60,22,116,61,0,0,0,0,191,0,58,0,99,44,0,60,0,103,140,148,0,75,419,0,0,206,42,85,326,0,0,0,0,53,0,177,0,0,182,274,0,0,0,0,94,0,100,0,38,0,25,0,18,258,33,0,0,43,100,138,59,0,0,0,231,73,0,39,102,46,149,0,0,0,92,0,74,0,0,62,255,0,63,137,107,0,37,0,0,0,0,165,219,0,0,152,0,230,179,0,286,52,55,25,0,69,0,0,31,0,63,0,16,92,0,0,200,0,23,84,196,0,44,45,0,102,0,0,0,50,0,0,0,0,0,141,0,0,0,115,0,0,42,0,0,0,0,172,0,51,60,0,39,0,46,0,0,0,0,0,52,0,78,0,0,0,0,50,106,0,84,0,0,34,23,56,281,193,0,0,0,0,142,0,0,0,63,73,0,0,57,70,0,0,79,0,0,46,0,116,0,0,38,38,0,98,0,59,0,0,51,68,33,43,223,116,0,35,85,22,160,48,22,278,74,18,85,0,0,1010,0,191,0,37,57,0,347,0,32,93,0,99,35,174,45,0,0,0,0,0,21,209,30,0,0,117,0,48,0,49,151,0,0,15,0,44,0,0,0,211,0,0,0,453,349,0,188,0,66,120,68,0,0,36,0,345,0,0,72,33,0,205,0,99,35,362,0,375,186,0,128,27,0,19,0,0,171,72,0,89,66,160,62,264,0,242,0,71,115,0,46,75,131,0,97,57,0,71,0,38,71,0,45,105,0,430,56,85,0,161,53,0,236,0,0,61,0,0,114,0,37,0,130,0,63,234,48,0,0,217,79,37,60,92,0,216,156,0,0,67,0,53,41,0,44,81,0,47,82,32,132,65,60,28,23,125,56,37,0,268,157,125,62,0,0,30,0,0,54,0,46,349,23,0,0,53,0,0,0,50,0,47,0,0,45,202,71,0,0,0,0,0,0,0,60,16,0,35,0,0,0,80,51,0,54,0,0,0,25,0,0,79,0,38,0,110,116,0,0,260,125,0,39,256,65,26,0,20,0,185,0,252,0,0,49,62,0,60,96,357,46,0,0,344,0,0,127,96,0,87,0,214,0,39,36,0,0,0,0,0,0,44,407,0,57,63,0,59,69,0,0,48,72,0,238,0,39,0,0,0,91,0,43,220,211,0,32,55,99,0,32,0,85,96,0,0,0,0,157,53,0,0,0,29,40,0,147,384,0,55,85,41,74,0,0,49,55,39,0,67,60,72,173,41,0,0,0,297,0,0,39,0,188,0,47,0,0,0,382,0,0,0,0,63,58,35,54,83,0,144,0,140,0,0,0,0,0,337,33,69,0,66,120,95,50,81,30,106,0,87,45,53,132,0,0,0,76,0,0,0,0,276,0,0,96,0,0,21,123,198,0,0,97,141,0,0,0,0,0,103,0,112,744,0,104,48,0,37,58,0,0,135,0,0,0,0,0,230,0,0,54,189,0,91,0,0,0,0,48,155,70,98,0,0,270,37,777,0,0,0,130,0,123,38,90,63,33,0,0,0,0,0,0,126,29,0,682,0,0,0,0,0,0,0,109,0,64,0,0,35,0,0,46,0,0,68,75,0,57,0,0,62,42,0,0,0,0,0,0,0,38,61,0,0,72,0,0,178,0,0,0,75,0,112,226,0,77,47,52,12,0,42,136,104,52,0,0,0,36,44,0,0,0,0,0,33,0,0,47,0,137,52,0,18,0,100,0,0,0,102,0,86,67,0,0,0,0,0,0,570,0,0,78,295,0,32,0,0,0,57,0,0,0,0,165,0,37,0,12,0,92,73,72,0,0,0,116,0,20,161,66,122,0,0,0,87,0,0,32,0,0,0,0,54,72,31,0,58,0,0,0,611,0,0,87,0,0,0,0,0,62,0,0,86,340,0,47,0,0,0,0,0,0,0,53,0,74,82,0,69,70,114,56,0,0,42,0,76,159,38,0,108,0,0,0,0,21,0,155,89,0,0,0,0,0,197,0,57,172,0,0,0,0,0,30,65,0,23,25,0,119,0,0,256,0,0,0,0,41,0,0,0,89,38,46,0,0,0,51,57,0,0,0,62,124,0,58,0,25,0,0,50,0,57,248,0,0,0,0,29,0,0,0,76,61,0,0,42,0,53,38,0,140,0,0,0,0,0,0,99,0,0,0,51,0,0,64,166,0,0,33,0,34,0,0,144,0,0,0,0,0,0,72,74,27,47,61,0,0,0,0,0,66,0,49,0,0,0,0,0,0,0,0,82,0,96,0,74,0,47,0,53,51,238,27,19,238,98,45,0,70,21,65,0,0,0,0,15,0,0,79,47,281,94,0,0,0,74,45,48,0,0,0,71,108,0,145,69,0,0,37,0,114,47,30,243,61,484,84,0,0,0,0,0,88,0,0,53,235,534,34,28,115,0,150,0,80,0,0,22,45,0,0,0,53,0,200,294,0,30,53,0,0,0,0,0,0,37,0,289,41,30,46,28,152,0,0,197,35,0,42,0,93,0,111,46,0,159,0,0,141,85,31,95,99,33,73,66,0,68,0,63,57,0,47,0,0,93,80,50,37,47,0,0,654,0,95,0,0,20,0,60,68,0,0,64,0,0,0,0,135,0,0,31,0,366,16,53,231,75,49,0,0,38,0,46,0,39,55,0,205,182,55,0,0,24,44,41,0,66,0,0,0,47,36,0,118,51,0,327,0,0,47,175,0,55,96,56,34,0,102,0,0,0,0,0,110,0,69,71,0,111,46,0,0,0,0,78,0,97,81,38,0,56,211,65,27,100,0,79,66,0,33,74,100,63,83,176,0,0,0,43,0,0,0,48,0,0,58,0,44,827,0,0,0,0,0,171,80,39,175,0,72,0,33,0,61,0,0,63,91,0,235,0,0,79,34,56,0,0,0,0,65,0,0,42,53,170,153,0,0,0,0,0,44,40,0,0,36,0,0,164,0,0,368,0,42,0,109,0,167,46,0,49,0,0,0,52,0,0,118,0,178,97,53,0,0,0,0,0,0,98,50,0,0,0,148,0,106,190,154,174,0,0,0,0,44,0,0,226,0,0,0,31,220,108,246,0,73,142,0,0,29,0,0,0,37,70,0,197,0,0,0,0,42,0,0,62,0,36,277,67,51,0,0,0,39,0,0,63,0,0,0,0,145,52,42,29,155,0,0,101,0,0,63,228,0,0,0,94,0,0,0,0,37,38,0,0,177,409,65,0,0,0,0,0,0,61,192,19,52,0,0,56,45,58,88,0,0,0,0,0,0,0,0,39,0,0,0,0,56,51,66,76,0,0,101,0,0,121,0,0,0,72,110,100,155,0,35,0,0,49,49,30,293,0,0,0,155,0,96,0,45,0,23,38,0,0,0,299,62,133,42,118,119,72,75,99,0,0,74,0,70,48,59,0,0,659,0,50,0,0,0,0,333,0,0,0,446,0,29,197,0,63,51,172,0,150,39,40,0,0,0,0,75,109,0,45,112,0,43,38,95,88,37,0,0,50,65,0,95,66,0,151,0,112,150,85,0,72,37,0,100,0,0,98,0,110,0,0,152,251,0,77,0,0,0,0,76,279,0,0,96,0,0,0,0,35,183,0,0,0,0,0,0,0,54,0,0,72,0,0,0,155,38,37,96,107,97,193,52,0,0,0,0,0,144,0,0,0,0,71,37,0,0,0,424,0,0,25,0,0,57,55,61,0,0,282,0,0,0,0,0,0,29,29,0,0,0,0,56,0,20,0,0,0,25,0,0,0,0,0,0,0,0,0,0,43,0,0,0,0,0,0,45,0,0,0,0,254,0,0,0,0,36,0,0,0,0,0,0,0,0,0,42,0,0,36,39,84,60,105,65,0,0,59,67,0,0,0,11,33,0,0,0,0,54,0,0,0,0,75,0,0,0,53,0,63,52,134,256,0,49,0,0,150,0,67,0,0,0,0,0,42,42,162,41,59,0,0,56,0,0,0,35,0,0,83,0,99,0,91,0,0,0,0,0,36,0,0,0,0,319,0,0,64,0,0,0,112,0,53,22,0,0,0,62,0,0,0,72,0,0,38,0,140,0,0,147,0,396,57,0,190,0,0,0,40,0,96,0,0,0,0,0,77,0,0,0,0,244,67,0,0,0,0,0,47,49,0,44,0,0,0,99,60,0,0,63,0,51,34,0,0,0,0,0,0,60,0,0,87,0,0,59,54,0,48,0,0,0,428,0,0,0,0,0,0,0,0,352,0,0,0,48,0,0,24,0,0,37,40,51,0,0,142,0,0,0
247,0,0,0,25,0,0,0,0,74,0,229,0,0,0,83,325,114,0,23,0,209,0,0,40,115,0,0,0,0,17,0,52,0,0,93,78,0,73,76,137,0,0,0,201,0,78,0,287,0,65,0,56,109,36,144,0,0,0,0,0,0,47,156,0,40,0,0,0,0,298,0,0,0,0,160,90,0,257,0,147,0,0,101,381,40,0,0,62,0,172,0,25,0,79,30,0,0,0,0,0,0,0,160,0,0,0,0,38,47,149,0,44,85,0,35,50,67,0,0,290,0,150,38,0,30,0,0,57,0,134,0,317,0,28,0,136,50,67,62,105,49,59,280,0,0,0,79,54,130,0,0,136,0,129,78,0,28,0,225,56,0,24,58,56,0,0,35,96,233,228,140,0,55,0,34,41,47,124,56,0,144,0,0,37,0,43,399,145,0,0,0,45,46,145,0,65,0,0,116,0,47,77,0,198,0,0,21,0,63,223,126,0,44,0,79,0,61,0,0,84,204,42,0,282,0,0,65,159,0,83,0,0,0,0,0,0,33,50,58,0,146,35,0,0,0,191,0,0,0,33,0,253,42,0,0,31,0,43,0,166,138,60,21,64,0,0,245,112,61,0,19,83,266,81,61,0,0,266,45,34,0,74,177,87,65,0,260,1567,36,0,0,191,0,0,27,0,50,63,0,21,0,32,45,0,312,338,0,0,74,0,251,57,0,0,0,56,154,84,46,80,23,0,0,112,0,0,43,0,0,251,0,62,56,42,74,0,0,32,0,0,116,0,45,0,0,29,0,89,715,0,42,24,384,636,0,59,71,293,82,49,0,105,0,70,153,0,253,77,0,218,0,33,0,0,128,184,0,0,64,75,0,0,38,0,725,24,95,0,0,0,0,426,0,33,0,93,32,53,165,0,0,0,0,43,64,20,0,0,32,41,0,50,36,0,0,132,0,170,136,0,94,84,0,83,65,57,0,248,0,0,0,89,0,104,0,0,43,49,305,0,0,173,28,82,66,103,29,40,0,0,0,0,0,121,0,54,0,0,0,85,16,86,55,61,34,0,0,0,0,39,0,66,71,0,95,65,524,101,64,120,0,150,0,123,0,0,44,102,0,78,45,0,103,0,54,141,49,111,0,0,124,0,241,0,50,84,172,0,0,0,0,0,0,0,0,142,0,104,82,50,64,124,401,68,0,0,100,295,0,28,0,0,0,75,50,0,0,0,106,0,144,159,37,57,0,39,0,0,174,164,142,0,0,0,50,0,0,51,62,221,304,0,103,43,281,44,0,0,0,186,39,0,0,25,0,0,0,0,35,0,205,0,0,441,0,83,104,0,0,0,388,0,128,0,0,0,183,0,37,0,0,0,53,17,0,0,79,0,0,0,0,117,165,0,0,0,0,0,67,0,0,0,0,0,0,0,0,0,0,79,0,0,0,0,0,0,52,0,0,0,0,0,0,0,107,0,0,0,38,0,0,0,38,327,0,61,0,47,82,75,54,0,0,18,0,26,0,0,21,0,0,0,0,148,39,36,0,118,0,0,0,50,0,59,0,53,0,34,0,72,0,47,0,72,0,103,0,209,0,0,0,0,35,106,0,0,53,79,0,22,54,191,0,0,0,0,0,112,0,127,92,33,544,59,183,0,53,0,0,93,121,0,0,0,0,0,0,158,0,98,0,472,69,0,0,0,0,0,0,0,0,38,0,98,0,0,0,0,0,0,0,0,0,0,66,0,0,0,0,0,54,0,0,0,44,0,0,0,0,59,0,50,0,0,0,139,0,87,265,0,0,0,0,0,48,0,0,17,0,0,0,0,0,106,0,43,47,0,0,20,0,83,89,0,84,0,0,0,0,156,0,303,0,0,0,77,0,0,186,0,0,0,37,0,0,107,0,0,0,0,0,212,0,30,0,0,0,0,0,174,0,0,0,0,0,53,72,0,144,0,0,0,46,0,80,0,0,0,0,0,31,0,0,41,37,0,0,0,0,0,0,81,0,50,0,0,0,0,0,55,49,0,0,73,0,109,0,15,0,48,112,0,0,0,0,0,125,128,269,180,0,0,0,0,180,0,49,0,0,26,46,82,0,0,147,55,0,51,84,50,0,39,0,41,57,48,0,185,0,0,0,0,44,0,189,0,0,0,0,0,0,90,110,0,0,61,33,530,0,0,0,0,67,0,114,0,55,75,162,62,0,0,228,68,54,0,196,40,0,89,199,0,0,0,73,395,0,355,0,662,81,0,68,0,0,0,0,0,101,0,0,148,0,0,161,0,55,219,223,51,0,0,85,50,128,413,130,0,65,0,48,75,0,41,0,184,40,46,0,0,71,47,0,0,213,0,249,227,61,57,59,37,89,0,0,210,55,0,0,46,0,43,39,260,0,153,27,40,48,0,212,61,27,70,317,0,85,83,0,46,102,0,123,28,64,0,67,0,0,0,0,0,38,753,42,0,39,76,0,32,0,26,38,93,0,66,0,0,0,37,0,92,0,47,0,72,0,0,32,0,102,64,67,0,0,350,0,0,195,0,74,114,19,25,0,60,0,0,268,0,0,110,156,0,0,0,38,99,0,77,0,55,0,0,0,0,58,41,0,0,0,54,76,261,0,0,0,333,45,0,87,70,137,265,0,0,0,144,0,100,29,0,0,170,0,0,159,0,43,26,39,0,0,64,79,95,0,60,60,33,23,45,0,311,0,0,37,0,0,0,0,28,0,0,0,0,0,0,0,161,0,0,0,168,0,0,0,0,0,0,0,0,0,0,0,0,0,0,149,0,0,45,232,0,20,88,0,0,66,0,89,0,0,60,0,0,0,29,0,0,0,0,0,0,0,0,0,0,56,0,0,0,0,69,0,0,0,0,66,215,155,0,0,0,0,164,31,41,17,71,0,0,0,39,55,0,0,0,0,44,0,43,26,0,0,0,0,0,0,0,152,23,0,0,82,0,78,123,55,0,0,41,0,54,36,0,166,42,41,117,20,0,1695,0,49,0,71,0,0,209,0,0,0,0,0,0,110,67,0,0,0,0,0,38,0,0,40,0,34,0,90,0,119,52,0,35,0,0,0,0,0,0,107,0,0,0,546,46,0,46,0,44,0,83,0,0,0,0,87,30,0,0,0,0,153,0,0,0,129,0,0,152,0,126,40,0,0,0,0,260,0,0,0,0,50,0,147,0,26,0,0,0,0,0,48,96,0,0,83,0,0,0,72,82,0,43,54,0,210,129,0,88,0,0,0,208,0,0,149,0,0,0,0,48,0,75,0,28,204,0,0,0,95,0,37,98,0,0,205,57,0,0,0,70,0,0,0,0,33,0,46,0,79,93,0,99,0,0,40,36,27,0,79,94,0,0,0,35,0,0,50,75,0,0,89,0,0,0,40,0,0,0,40,0,44,0,0,27,118,0,0,31,53,33,84,0,0,49,0,0,117,0,0,0,0,0,0,41,28,0,0,0,0,0,0,0,39,0,156,68,0,0,135,112,0,35,123,0,0,0,0,0,86,0,34,0,0,35,0,0,0,95,128,81,0,55,660,0,0,120,0,0,0,79,101,0,0,61,0,70,0,0,59,0,0,377,0,0,33,0,52,97,0,0,0,0,0,209,0,49,0,0,0,0,0,0,179,198,0,0,0,50,45,0,0,169,0,0,0,0,28,97,0,91,0,0,0,0,0,68,295,67,0,58,0,85,0,0,73,63,0,41,155,0,119,33,0,64,0,64,99,0,0,0,84,79,0,52,0,0,0,250,58,0,43,0,195,34,0,29,183,0,65,0,63,0,0,0,65,47,431,112,78,0,0,93,0,21,0,0,127,33,91,0,0,23,0,0,0,0,0,58,0,0,155,0,0,173,0,0,0,121,105,0,78,179,55,0,0,0,0,0,0,33,0,363,0,74,111,0,0,0,0,0,235,0,0,21,0,0,139,0,0,0,118,0,56,0,0,0,0,152,156,154,58,0,0,0,70,418,0,0,0,55,0,50,59,71,0,0,0,0,0,0,0,0,71,0,51,158,0,0,0,0,0,0,0,104,0,0,0,0,0,0,0,0,53,0,65,0,0,0,35,0,59,53,0,0,70,0,0,0,0,0,27,0,0,42,0,0,190,0,40,0,0,33,126,104,0,110,0,22,0,0,0,79,0,38,0,45,0,0,0,0,0,25,18,0,0,0,31,53,0,74,109,0,0,0,0,0,0,0,46,0,37,0,183,0,34,50,51,0,370,0,0,0,59,0,0,60,0,0,25,79,0,43,0,87,0,0,0,0,0,0,0,137,0,0,0,36,0,0,52,62,0,0,0,25,122,0,0,0,61,0,0,0,0,83,98,0,34,0,0,0,412,0,43,193,0,0,0,0,0,0,0,72,0,257,0,57,0,28,0,0,50,30,62,0,0,42,91,0,56,239,82,87,0,0,0,0,101,101,41,0,177,0,0,66,0,96,0,28,134,0,0,0,0,0,54,34,68,213,28,0,52,0,0,0,56,0,0,64,0,134,0,0,91,0,0,0,0,35,65,0,0,72,39,226,131,0,0,39,46,0,0,0,200,568,0,49,0,0,53,0,0,0,0,374,0,0,0,84,0,0,0,0,55,0,166,0,0,0,61,0,49,121,0,0,45,0,88,0,0,0,87,0,0,0,0,90,121,0,0,0,209,38,28,0,697,0,0,0,0,0,0,109,42,0,0,268,0,0,0,0,0,109,50,16,0,0,30,35,0,45,0,55,46,0,0,0,0,0,44,65,76,0,0,0,0,313,136,0,0,55,0,0,0,31,0,0,0,0,0,0,0,0,0,0,0,0,62,82,0,0,0,0,28,0,0,57,73,0,0,0,0,0,0,47,375,77,81,39,0,0,0,0,0,0,23,0,81,130,167,0,65,49,79,27,0,0,0,0,0,0,19,0,0,0,0,64,52,0,44,32,0,0,0,0,0,0,57,44,400,0,0,0,25,0,82,0,0,0,0,0,0,125,34,46,0,0,0,49,0,0,148,0,66,154,0,40,73,0,0,0,138,0,0,97,37,0,0,0,0,0,49,32,0,0,0,60,0,0,0,0,0,42,0,0,52,0,0,44,0,149,0,0,0,0,142,70,77,83,0,73,0,31,53,0,0,0,44,117,0,120,22,0,0,0,0,0,68,0,0,0,0,0,33,59,0,56,39,24,61,0,0,56,97,0,31,33,62,0,0,0,0,0,0,0,0,55,0,0,164,22,225,120,0,0,0,0,0,0,69,0,0,0,0,38,0,0,52,0,74,0,34,85,101,44,99,41,106,0,0,42,111,33,0,0,80,0,0,0,0,0,211,57,0,37,9,0,92,0,0,86,30,147,0,44,0,88,0,36,137,91,0,82,0,0,0,0,0,0,0,0,0,85,98,72,58,0,199,0,0,0,0,0,0,0,0,0,0,0,0,0,1151,0,0,112,41,0,0,34,0,63,33,0,221,0,0,0,55,0,0,64,0,0,0,0,48,0,0,0,0,0,91,0,0,0,0,71,0,55,59,123,62,0,0,0,0,102,0,0,149,0,0,0,0,158,38,210,0,0,0,0,34,0,0,0,0,19,0,0,143,40,0,39,0,232,76,0,0,0,0,27,85,0,0,0,0,35,0,0,0,0,0,0,0,80,0,0,0,133,0,0,35,0,0,0,74,0,0,0,76,0,0,0,135,0,0,0,0,0,180,47,0,0,123,0,18,0,0,231,0,0,0,0,0,0,10,51,0,0,0,0,0,0,0,24,0,0,0,0,0,0,0,0,0,0,0,80,0,0,53,0,20,0,34,102,0,63,0,0,0,0,0,0,0,144,0,0,0,182,0,0,0,0,0,67,0,0,0,0,200,0,160,0,0,56,80,0,90,0,0,0,0,48,0,35,0,0,84,0,0,0,0,0,0,161,0,0,0,158,0,0,46,50,0,0,98,0,42,78,0,0,225,0,169,35,121,0,0,87,0,69,0,0,0,44,0,0,33,43,0,36,63,0,53,0,32,30,0,0,0,0,0,71,0,0,31,0,0,0,0,114,129,0,60,0,0,0,0,60,152,0,0,19,0,0,0,0,46,126,0,0,24,0,0,0,0,161,0,0,99,72,0,0,55,0,0,91,85,72,174,69,0,0,0,0,0,65,0,21,0,0,28,48,0,0,0,72,0,0,43,0,0,34,36,0,0,0,690,85,104,0,0,0,0,73,0,0,31,47,0,45,48,120,34,95,0,0,0,77,43,0,0,18,0,31,0,0,0,0,33,54,0,0,0,0,0,0,0,0,504,0,0,0,0,0,27,42,0,0,27,55,0,59,0,193,0,0,0,0,94,0,0,61,41,0,0,132,0,0,0,0,47,29,0,0,0,127,0,0,0,0,89,58,45,0,53,0,0,0,174,288,0,16,64,52,81,0,0,0,0,0,0,0,197,0,0,21,0,0,0,77,45,0,100,0,0,0,57,0,261,0,54,0,78,0,0,0,53,0,16,144,0,208,55,0,104,0,0,69,0,0,25,0,211,0,0,0,105,0,0,104,0,0,63,0,42,0,28,0,0,486,0,0,316,26,169,0,0,0,124,65,0,0,118,0,0,0,0,73,0,0,139,0,0,0,0,0,186,43,0,0,0,0,0,205,0,0,0,0,0,37,48,0,0,56,0,0,0,0,0,0,102,0,0,116,47,0,56,0,0,0,297,0,0,0,0,0,0,0,61,52,0,0,0,168,0,80,0,0,0,92,71,42,0,75,421,23,18,0
248,0,0,0,0,0,0,65,0,90,0,88,61,0,0,150,117,137,0,23,0,270,46,66,177,116,0,0,49,0,0,0,23,0,0,89,77,0,79,229,84,0,0,0,94,0,0,0,394,0,81,0,134,76,0,200,0,37,0,37,0,202,67,215,38,0,126,0,0,0,147,0,104,0,0,114,129,0,78,0,189,0,0,281,295,106,36,0,0,73,220,136,0,36,142,0,36,0,0,45,0,56,41,146,51,0,65,0,68,50,119,0,50,68,128,0,25,134,0,0,382,0,274,0,0,30,0,0,116,37,80,0,296,0,120,86,245,0,37,50,70,0,117,77,0,0,59,58,62,171,0,24,89,59,104,0,0,70,0,273,221,61,0,135,54,100,54,0,124,113,196,155,0,29,0,85,0,0,231,0,50,231,0,83,63,70,39,195,333,0,0,0,104,96,228,0,0,0,0,0,0,108,213,73,163,0,0,0,37,53,179,84,0,68,0,48,0,90,0,46,52,248,32,21,267,0,0,0,187,0,101,27,0,0,0,0,34,93,172,53,0,165,42,0,0,0,86,33,0,0,63,122,269,0,69,42,69,0,61,81,96,49,0,0,0,0,0,501,46,508,0,22,230,358,0,74,0,0,883,337,64,0,52,100,80,0,42,167,2640,116,76,66,122,0,0,75,0,50,103,23,68,65,82,0,29,591,425,201,25,106,69,618,47,0,0,0,0,34,129,82,38,37,0,49,89,104,53,182,0,40,397,0,112,60,194,213,0,0,0,53,0,166,26,69,154,44,0,0,115,1392,149,85,0,228,562,31,18,0,419,259,161,103,151,33,147,327,481,195,99,0,149,113,0,0,0,187,189,0,0,126,87,56,57,0,120,423,70,171,99,0,46,48,443,29,62,0,208,67,161,144,0,0,200,0,52,145,35,52,47,52,56,0,90,36,0,29,173,0,182,49,62,166,76,0,51,93,53,32,228,56,0,0,29,0,73,0,0,143,0,121,0,28,385,0,141,227,174,155,45,141,0,0,217,0,82,0,0,0,0,56,108,33,289,86,35,0,54,0,27,0,0,39,198,139,49,98,240,199,203,156,98,58,143,286,199,0,0,90,186,330,182,0,41,148,47,0,52,137,276,40,0,160,0,733,47,145,187,120,0,30,30,64,0,42,0,0,128,107,101,0,0,0,116,163,114,44,50,165,497,0,64,0,0,0,113,74,0,0,0,40,52,171,338,0,32,31,169,0,0,233,76,0,0,68,0,45,0,133,101,112,376,370,0,58,0,444,96,0,0,62,265,145,0,0,27,0,0,96,35,0,215,201,136,0,657,0,258,490,57,35,16,686,0,100,0,29,0,182,0,52,0,45,46,83,0,293,0,179,20,31,0,48,114,129,79,0,95,53,0,0,12,0,0,58,45,0,61,66,0,267,352,56,0,82,32,20,47,63,0,0,43,0,155,0,0,296,0,31,0,76,163,0,0,125,171,0,127,96,78,310,72,0,58,0,30,0,78,72,0,62,431,61,138,44,197,34,97,105,193,0,0,0,120,119,152,0,96,66,88,0,180,27,26,0,80,0,159,20,133,0,37,53,0,33,51,58,57,57,160,89,34,218,112,0,0,0,0,48,265,132,350,59,163,917,148,220,151,83,0,0,65,73,0,61,0,0,0,0,407,90,283,35,1649,64,0,78,40,0,190,0,0,114,0,0,122,52,0,45,0,0,0,88,0,0,0,213,0,114,0,98,112,176,0,0,0,240,0,46,0,71,202,0,51,0,0,0,188,0,124,355,0,0,43,52,0,62,0,93,98,25,26,0,71,69,315,78,70,175,170,0,95,0,44,236,0,238,0,0,60,57,92,0,162,66,25,43,108,116,0,71,166,0,0,43,0,0,95,63,0,0,0,73,168,25,248,54,0,51,32,0,101,40,0,0,0,0,799,45,104,557,0,75,0,292,0,138,42,0,46,0,0,39,44,29,65,206,0,0,0,42,60,130,185,54,27,166,0,100,0,49,0,79,0,105,224,170,260,65,0,71,78,211,0,64,0,0,0,168,175,212,35,70,93,0,53,199,0,65,73,0,69,170,0,0,0,195,66,0,0,44,0,50,28,22,66,39,31,109,209,0,0,65,0,145,0,131,0,56,96,0,0,0,123,167,99,0,79,0,199,0,0,54,34,100,117,156,0,0,80,484,0,0,0,333,66,66,0,184,93,0,122,133,0,0,33,56,226,39,560,0,1005,85,52,39,0,28,43,0,0,0,57,54,240,0,0,247,37,57,78,50,39,48,0,149,44,124,520,197,94,114,0,36,0,30,0,0,157,87,71,0,0,67,0,0,50,190,0,229,0,40,202,50,90,76,0,49,334,187,0,26,71,0,65,137,647,0,212,151,193,118,0,130,90,74,193,365,426,140,141,0,102,94,59,112,0,0,41,60,0,29,0,78,0,0,571,0,0,0,0,91,0,180,79,28,0,44,36,70,0,28,65,0,127,0,34,0,98,52,0,87,37,125,90,307,0,36,286,0,0,82,112,32,206,58,91,0,0,82,66,240,0,0,240,454,0,0,30,45,168,0,73,0,39,34,0,0,0,209,121,0,25,100,222,134,326,0,85,54,134,45,0,0,98,440,90,0,94,0,350,27,0,0,0,127,123,28,73,393,69,0,55,52,0,23,30,138,313,58,0,104,0,190,126,0,394,45,0,0,0,63,0,56,49,89,112,39,52,152,47,0,769,0,51,109,172,0,57,66,0,89,76,0,0,97,50,21,52,0,36,310,0,0,36,179,165,68,70,17,0,92,0,130,61,97,62,25,93,0,86,0,41,0,54,0,63,0,113,0,0,111,0,74,166,0,102,38,0,81,0,145,364,174,0,31,0,76,324,65,33,58,120,101,0,34,88,53,0,43,77,0,119,80,46,83,0,0,50,0,21,146,0,362,57,0,56,112,56,112,246,318,38,0,235,0,113,52,0,340,141,0,217,0,0,1558,52,171,0,54,54,41,318,0,40,255,74,135,61,111,145,23,0,80,95,0,41,329,0,29,0,206,0,79,0,114,287,51,37,0,0,0,57,58,89,182,0,0,0,417,378,52,277,39,0,175,134,64,0,58,25,192,56,0,46,119,0,308,47,120,113,547,0,429,159,0,146,28,0,0,30,0,275,178,91,111,81,88,62,300,0,223,0,81,138,0,43,111,89,41,128,86,0,95,113,78,131,57,70,166,44,189,188,92,91,204,90,44,182,44,0,378,0,0,260,0,0,0,134,0,82,207,67,134,0,413,83,170,71,182,0,192,249,16,43,61,46,128,0,55,0,154,33,50,165,130,249,55,71,0,41,215,56,91,33,258,154,110,97,0,81,62,0,0,242,57,130,314,0,0,44,144,38,67,54,52,0,71,0,0,176,354,137,0,63,126,95,95,0,94,97,74,71,447,0,0,0,165,136,0,110,107,45,0,57,0,0,234,45,137,0,201,187,0,0,150,231,0,0,105,62,154,0,0,56,545,19,281,0,0,98,115,0,83,102,515,82,62,140,1202,0,0,135,99,0,104,221,399,0,100,96,76,91,0,0,91,0,0,671,0,93,88,75,30,60,40,108,59,113,0,146,37,0,0,20,73,132,0,85,124,344,98,0,89,104,32,111,0,262,175,98,62,66,76,596,61,61,0,68,62,102,32,240,269,189,98,104,84,124,43,0,81,65,80,110,225,67,272,161,146,50,0,99,407,0,0,92,93,438,36,170,0,0,0,897,82,74,49,0,521,88,188,42,192,0,182,45,562,0,0,0,94,47,492,80,120,35,0,74,216,60,96,41,119,44,68,81,174,260,0,55,0,104,39,82,0,110,243,0,0,493,34,0,28,111,51,0,51,182,35,0,50,0,40,55,172,0,341,433,60,121,95,0,46,112,0,88,408,0,23,90,0,57,252,39,0,111,284,73,203,0,57,40,50,247,312,305,257,0,44,353,95,802,40,47,0,214,0,321,46,47,124,116,69,0,73,22,0,0,71,44,0,850,113,44,0,0,0,0,62,171,0,757,0,148,138,0,28,44,0,0,168,128,35,160,21,50,135,122,143,0,119,58,0,0,0,99,155,71,23,50,20,0,533,0,106,0,87,112,389,317,34,323,128,82,0,0,40,149,331,116,58,311,39,80,67,26,61,0,49,101,0,0,107,0,143,126,248,125,136,90,20,46,0,0,121,0,134,64,110,61,98,32,57,0,501,115,74,0,108,0,265,0,0,51,97,332,141,106,22,282,66,112,26,0,0,94,96,228,26,39,0,40,153,79,157,237,188,32,0,84,337,0,0,116,0,0,0,0,57,216,396,37,101,95,30,0,593,47,88,424,65,0,0,61,0,86,18,436,138,175,0,133,0,0,28,0,319,70,27,261,45,118,97,0,166,113,207,115,0,76,47,95,211,77,118,21,478,16,0,244,83,70,59,260,211,99,43,0,0,116,34,216,79,433,66,0,81,27,43,0,80,0,0,165,0,204,0,88,411,55,24,0,0,43,0,71,69,73,111,302,58,37,80,104,0,30,0,35,431,898,0,91,0,72,56,0,182,0,271,394,112,160,130,35,0,0,0,40,191,104,108,0,92,0,100,103,132,103,0,0,175,30,52,0,323,0,86,0,76,0,0,184,314,0,0,0,432,67,111,0,677,32,56,0,25,0,0,102,110,83,262,197,0,0,117,0,40,189,112,66,48,45,0,48,173,54,19,122,258,65,85,37,54,0,61,36,245,94,374,85,68,499,133,185,94,91,122,93,0,0,0,72,0,0,0,68,98,109,122,50,0,0,45,33,38,0,62,0,77,189,0,140,94,0,0,66,0,38,35,56,780,221,454,151,0,29,0,0,88,109,49,0,83,161,274,114,270,89,136,250,33,37,0,81,71,78,75,0,73,117,31,400,204,0,46,218,0,0,0,24,123,48,79,47,680,122,124,126,62,346,192,0,242,102,40,114,58,255,61,131,59,20,0,59,38,103,244,0,578,162,0,70,105,103,56,0,199,0,37,205,0,0,158,58,45,0,135,0,0,921,0,334,0,66,80,18,162,220,0,0,83,47,53,51,20,200,0,101,0,0,767,100,108,417,77,77,0,0,85,0,0,0,59,61,80,317,0,178,0,0,121,99,139,65,131,0,0,76,76,122,0,278,55,38,262,0,0,191,145,0,166,53,179,0,100,71,39,0,0,0,39,217,48,104,150,40,314,234,0,0,0,32,257,0,196,177,63,384,131,264,118,120,299,0,111,141,41,53,102,176,300,252,116,45,0,99,137,30,0,65,0,37,64,123,172,0,1130,43,0,49,133,50,141,315,36,425,92,204,0,63,0,59,0,335,245,239,28,369,0,0,149,78,122,104,41,0,0,90,133,74,53,0,198,119,0,0,0,35,0,44,123,18,17,0,0,36,1045,31,0,586,72,47,0,91,42,217,71,0,193,96,0,44,209,0,0,146,0,732,46,0,45,39,75,0,0,35,448,94,0,0,0,237,0,201,157,140,449,64,0,64,67,118,50,43,312,0,48,0,70,508,109,430,173,81,753,49,38,61,51,46,68,56,189,28,1045,157,56,27,50,149,98,0,177,42,58,654,142,144,55,48,0,94,37,0,160,70,0,0,65,315,122,117,63,234,0,0,158,45,0,119,287,0,162,81,353,66,62,0,148,47,200,0,0,373,1301,248,44,0,209,40,31,0,110,357,42,171,74,40,73,0,95,371,47,0,80,25,52,87,60,66,118,115,62,72,0,64,133,214,388,27,72,199,0,44,109,37,46,0,78,421,227,210,40,95,0,0,236,131,128,653,104,0,21,272,38,246,158,110,28,134,67,56,0,35,892,68,350,134,131,89,247,339,187,0,146,79,0,139,70,71,54,18,1435,96,112,0,78,48,44,244,0,0,0,778,0,96,288,70,188,82,744,53,315,353,27,86,943,40,710,116,368,94,48,197,0,72,216,150,135,176,0,41,175,146,0,155,107,41,154,0,205,437,123,35,189,112,0,344,0,0,45,38,81,141,59,138,380,32,125,0,45,112,0,173,601,57,72,157,0,0,0,166,201,161,54,0,109,157,54,63,35,174,41,0,131,173,49,43,185,0,42,190,164,311,83,98,0,44,0,0,35,205,0,95,52,0,139,125,41,47,0,313,0,242,87,155,147,71,144,123,0,0,520,106,611,31,242,67,0,63,0,0,79,122,406,153,52,373,90,517,0,58,0,91,81,58,51,0,0,110,0,52,351,329,37,162,32,0,167,89,0,0,73,0,488,98,74,0,29,0,51,216,142,173,0,188,101,88,140,302,0,53,645,156,119,0,89,84,54,0,0,165,0,122,0,103,0,63,46,0,57,139,0,99,61,83,50,39,267,0,51,0,65,122,428,1235,87,148,141,171,148,62,157,39,234,121,139,0,116,255,120,163,79,49,29,82,103,0,213,147,0,97,107,176,591,40,54,52,242,0,0,0,61,54,128,478,0,1004,116,0,450,0,0,137,63,0,63,127,827,0,0,45,373,0,0,139,52,0,78,0,179,0,187,62,134,658,144,0,307,99,360,49,329,0,207,87,0,0,286,0,297,48,0,123,0,176,120,0,78,256,122,795,264,92,0,57,68,38,0,822,223,0,0,96,121,0,90,0,0,0,57,96,98,148,34,0,198,18,0,396,163,0,96,49,84,0,445,35,0,0,0,0,39,0,68,331,0,54,182,226,68,131,50,0,43,84,68,0,0,115,749,0,57,105
249,0,0,0,68,42,55,92,0,112,0,470,36,0,0,266,231,376,19,0,0,420,75,99,121,168,21,0,115,30,0,0,69,0,88,176,144,0,179,180,146,38,64,0,416,0,82,46,317,0,204,0,106,115,35,351,0,0,0,36,0,126,181,189,36,76,175,35,0,50,348,0,72,0,31,364,232,0,284,35,232,0,30,218,490,82,58,0,83,75,406,91,60,130,157,0,59,0,67,77,0,50,0,223,0,35,81,0,90,63,191,56,57,197,266,97,43,202,65,43,590,0,343,93,32,66,0,41,157,43,96,0,488,43,105,180,258,122,115,98,74,98,144,612,0,43,86,113,103,305,0,31,161,47,235,160,0,108,0,249,214,85,34,88,81,160,64,75,131,342,188,266,52,139,0,89,65,107,247,133,57,192,30,40,76,75,82,457,320,0,0,0,145,43,158,0,155,0,0,242,0,132,228,0,656,54,0,27,53,100,347,61,60,107,44,225,110,69,0,63,240,156,73,0,533,33,0,148,306,0,113,0,0,51,0,0,0,60,201,72,0,200,45,115,44,0,315,0,39,0,95,122,455,97,293,68,147,0,110,77,303,153,149,65,87,45,28,612,215,392,63,48,155,564,61,118,136,55,971,393,83,0,126,329,131,49,0,453,1844,125,98,0,442,0,24,54,48,80,171,109,56,39,165,0,0,268,452,277,0,77,0,396,63,0,0,49,80,181,73,41,51,37,0,93,233,122,81,151,22,40,433,0,107,103,153,65,0,0,37,42,39,164,0,51,125,0,0,0,67,793,238,191,0,312,440,0,102,84,425,336,101,61,106,0,74,419,639,176,61,42,312,114,84,66,0,246,166,0,0,147,42,42,44,41,100,840,151,93,105,0,40,26,301,37,117,62,331,126,163,148,0,61,400,0,0,0,0,46,43,0,177,0,92,0,0,38,198,73,301,91,61,176,79,0,95,116,99,64,149,0,0,0,134,16,226,37,0,92,0,136,0,0,330,98,366,168,191,162,35,104,0,0,163,0,119,0,57,26,0,0,54,40,229,180,46,0,0,49,44,0,67,50,231,94,82,78,209,271,114,84,108,48,231,143,95,0,0,91,139,555,144,119,0,253,66,94,168,121,258,34,0,142,23,647,110,152,177,216,86,35,121,0,0,0,48,62,356,96,102,99,251,105,120,577,198,0,44,76,416,55,0,0,0,0,178,59,0,0,0,139,0,214,291,51,31,34,94,43,46,320,89,214,0,123,26,70,0,122,0,30,325,592,0,41,37,257,62,0,0,64,181,310,58,0,26,0,0,262,0,0,420,142,114,0,362,0,159,878,41,0,44,448,0,104,26,0,0,114,49,82,23,31,141,102,67,181,66,117,0,60,0,0,416,651,172,0,106,95,0,85,0,52,0,58,43,0,42,0,0,195,202,0,49,60,0,59,74,83,40,0,0,0,290,0,46,219,0,0,54,255,217,95,24,52,247,0,115,0,116,125,133,39,94,0,0,158,47,62,64,58,210,83,155,0,129,63,57,79,325,75,58,0,133,63,253,0,92,39,333,0,189,36,55,0,50,37,158,33,755,0,0,45,0,192,141,73,0,104,175,123,0,257,305,0,0,0,0,91,263,54,178,91,141,1257,280,392,198,132,0,0,138,65,31,37,86,0,0,0,266,165,207,57,1415,93,0,164,14,0,107,21,36,0,58,0,183,0,0,48,0,51,47,99,33,158,24,146,0,37,0,93,251,207,66,29,28,133,0,52,105,107,221,46,260,44,0,0,192,99,61,371,0,0,97,44,0,0,0,64,44,55,217,96,86,43,351,62,340,77,72,0,80,0,168,143,39,238,29,39,45,65,102,0,191,38,0,0,109,57,0,212,348,0,0,21,0,27,159,53,38,0,0,70,359,0,221,97,0,138,75,87,102,0,159,61,0,7,333,344,85,325,0,0,35,277,71,120,55,0,57,0,0,42,25,0,331,199,47,0,0,54,91,56,83,0,91,51,0,162,0,51,42,96,0,150,244,146,258,0,72,0,139,219,0,54,0,0,54,219,262,365,153,36,127,66,0,427,0,134,66,0,178,160,84,0,68,50,175,42,0,122,67,60,59,26,49,42,0,122,304,0,31,136,0,201,50,166,0,88,72,60,0,0,131,197,44,0,152,0,668,41,47,70,100,153,231,150,0,111,103,628,49,0,0,492,103,113,0,324,45,0,34,332,0,22,163,129,518,87,772,0,977,193,70,72,76,48,38,0,0,97,136,49,213,43,33,425,61,126,179,162,56,0,0,210,0,219,831,181,133,164,0,72,107,0,82,0,284,37,116,0,0,134,45,35,51,288,0,232,332,87,182,51,0,161,101,80,333,288,40,0,114,0,55,78,331,0,58,89,153,76,0,226,114,66,101,292,289,404,74,0,256,143,67,252,31,80,27,116,0,59,0,63,0,106,679,0,0,23,0,93,0,135,37,87,50,46,63,83,0,0,56,0,195,0,44,100,90,48,0,75,98,239,224,336,21,43,549,0,0,96,64,0,346,45,59,0,79,180,116,194,0,0,339,716,0,0,0,74,150,0,120,0,71,33,0,0,71,201,66,0,44,115,148,63,104,0,53,68,457,127,0,72,193,272,95,95,220,30,271,140,51,34,0,124,253,0,38,230,185,0,139,67,0,35,117,241,726,110,38,164,0,250,225,0,306,68,59,36,0,0,0,0,0,28,193,0,83,253,41,0,968,59,0,41,172,87,0,119,59,108,163,0,55,168,42,0,0,0,0,82,0,0,0,90,93,48,45,0,0,37,0,100,0,121,67,46,122,0,130,0,0,0,67,0,137,0,79,0,41,120,0,113,61,51,132,0,0,33,0,212,240,154,0,52,0,0,314,84,0,0,201,0,45,0,54,0,0,46,135,0,141,113,38,0,0,0,33,48,0,268,23,403,119,0,0,174,0,48,221,217,67,0,173,0,86,0,0,94,238,34,337,69,0,1287,51,231,0,105,59,0,550,0,125,77,54,146,0,61,0,0,0,27,95,0,61,120,22,0,0,250,0,52,0,196,179,39,0,63,0,38,44,63,78,158,0,0,67,2436,333,31,260,0,0,194,453,40,0,0,0,424,67,34,42,99,0,406,0,109,157,277,0,224,107,0,40,0,0,53,0,0,178,36,63,55,60,142,0,226,0,237,0,0,166,0,0,153,52,0,109,38,0,0,100,0,69,0,130,209,22,224,308,38,164,213,74,50,188,0,0,276,0,29,121,0,0,0,375,42,78,0,99,113,37,330,0,134,61,81,0,111,231,17,0,0,58,161,0,63,114,128,0,280,83,118,116,67,36,39,0,72,55,0,70,211,343,67,145,45,96,77,0,0,137,52,122,133,0,0,61,54,0,43,46,0,0,34,0,0,70,311,125,0,0,50,87,205,0,80,69,50,28,275,0,0,0,0,70,0,87,46,58,0,0,0,0,50,53,73,0,75,56,60,0,212,115,58,0,192,45,42,0,0,58,257,0,144,0,73,38,0,0,78,49,376,111,0,68,1163,0,0,134,100,24,117,99,260,0,0,115,0,115,0,0,151,0,36,439,0,86,58,35,58,114,31,0,33,43,42,189,0,41,0,0,53,98,0,46,186,297,0,0,77,50,62,77,0,238,187,0,0,0,64,424,0,82,31,82,35,90,0,331,191,80,100,58,48,130,0,0,85,114,87,71,218,56,273,129,41,0,0,83,310,31,0,81,97,159,0,103,0,0,0,541,83,45,59,35,329,65,71,0,159,0,131,0,274,0,0,0,251,51,176,152,84,0,0,138,88,55,103,0,134,41,84,34,56,333,0,58,0,86,0,87,0,66,217,0,0,415,0,0,37,74,149,0,53,139,96,0,0,0,0,38,125,90,322,475,101,72,129,0,0,129,0,44,359,0,0,36,0,27,169,35,0,65,228,0,168,0,0,0,0,178,243,238,169,53,53,397,57,528,0,38,0,85,0,133,63,48,61,124,46,0,61,0,0,0,67,0,64,586,125,82,0,0,0,0,61,121,0,672,0,0,49,0,61,37,67,0,140,90,0,225,40,0,106,140,169,0,175,91,144,48,0,70,46,17,0,241,0,0,352,0,67,62,82,94,270,170,26,124,0,65,0,0,22,264,408,59,196,175,27,96,63,0,0,0,48,0,81,0,106,91,123,201,283,90,76,81,64,0,24,0,137,0,64,165,532,0,120,75,55,0,872,162,0,114,184,0,114,176,0,38,23,247,96,111,0,189,37,104,0,85,0,58,27,283,0,0,25,197,29,200,178,74,70,0,0,65,97,17,0,93,189,20,0,78,70,84,274,21,111,70,0,0,938,0,0,504,34,0,0,0,125,103,19,368,131,288,0,68,93,85,0,38,66,51,205,120,33,36,138,53,83,405,141,111,0,0,113,81,291,146,71,163,583,0,44,288,101,163,30,362,170,92,0,0,31,0,348,538,332,396,25,0,112,0,0,0,112,0,0,114,0,182,0,0,223,31,0,28,0,48,214,77,0,390,65,168,185,33,0,200,0,42,0,0,160,614,0,25,0,84,66,0,138,125,131,316,38,36,0,93,0,37,0,33,102,128,194,0,68,65,112,57,48,115,0,26,187,0,255,0,142,32,51,0,107,0,29,153,135,0,0,90,276,94,167,0,1153,0,56,0,0,0,0,460,104,140,72,835,0,0,0,15,0,167,63,50,48,40,59,36,47,111,41,96,197,0,94,40,54,77,125,64,202,97,415,55,0,261,151,83,72,135,57,158,39,0,0,29,41,0,64,106,0,217,157,24,44,8,279,201,51,0,43,0,71,239,24,80,321,0,0,54,0,98,43,118,320,150,320,155,0,0,47,0,31,62,56,0,171,119,377,131,201,140,160,175,0,33,0,0,0,0,0,0,76,98,0,201,195,0,85,98,30,129,0,0,114,0,187,38,385,56,69,85,0,69,68,0,100,61,47,49,0,258,0,64,0,0,94,77,0,51,229,48,311,267,0,43,170,28,45,0,70,230,0,204,61,0,53,82,70,0,74,43,0,1130,0,405,0,77,70,60,169,71,69,0,0,0,0,88,77,339,0,120,0,0,632,103,85,657,88,91,0,35,94,0,45,0,69,146,49,140,150,101,0,0,121,0,153,72,80,0,0,110,72,48,0,143,38,45,215,0,0,92,123,0,93,101,120,0,109,143,41,0,51,0,0,159,0,93,108,0,199,509,0,57,0,0,185,0,138,37,0,338,0,235,0,86,143,29,86,59,0,91,97,71,419,158,140,0,0,78,61,0,27,43,146,0,71,87,110,52,1220,33,0,62,90,55,110,90,46,249,52,89,0,72,0,58,0,116,621,101,0,573,0,0,42,88,83,0,0,0,0,262,83,51,108,33,419,204,0,0,0,0,47,148,75,0,0,45,0,94,424,0,0,447,74,104,0,225,0,187,60,0,64,48,68,0,116,0,0,105,0,377,0,107,91,0,31,0,33,29,1017,93,0,0,0,485,0,176,182,279,130,0,0,47,67,45,0,0,296,0,37,58,68,571,126,256,98,166,510,0,0,70,0,65,0,39,173,0,703,210,29,0,0,28,202,0,84,56,61,256,319,118,41,94,48,112,53,41,90,0,86,0,37,188,111,137,49,336,49,0,54,0,0,128,123,0,73,100,153,81,0,0,36,0,92,0,0,199,1380,181,0,0,111,75,0,0,46,180,53,84,106,0,136,0,69,130,0,0,0,31,46,56,0,166,108,72,0,34,18,48,0,61,209,0,47,206,0,0,169,0,43,131,79,251,126,92,43,130,0,34,109,71,119,353,96,0,0,487,92,183,46,0,69,101,0,134,19,0,1169,55,350,70,328,84,122,212,165,0,74,124,55,122,79,62,54,0,632,48,42,0,0,68,0,244,0,64,52,703,0,72,89,83,118,83,420,0,0,158,63,53,699,54,357,40,181,0,116,182,0,63,90,78,90,91,0,0,64,140,0,131,77,0,81,0,220,99,307,0,122,77,50,207,0,0,83,76,68,0,69,382,125,48,71,0,30,66,44,110,442,0,63,139,0,0,0,93,140,158,0,28,103,266,0,0,57,129,52,0,102,166,0,33,252,70,44,133,290,93,298,210,0,43,0,0,40,61,43,49,81,0,53,114,0,0,0,277,0,181,95,118,71,102,135,117,0,0,478,88,151,0,136,0,0,90,0,0,68,137,332,113,63,131,68,344,0,97,0,189,0,0,0,55,0,97,28,0,231,113,27,56,0,0,182,107,0,0,71,0,549,129,78,0,0,27,30,184,78,112,129,35,64,85,166,323,0,0,127,63,199,0,0,106,0,0,34,174,0,65,0,82,62,119,34,34,0,187,34,0,0,0,178,61,0,0,80,0,55,217,614,1261,81,140,99,155,241,80,294,51,167,110,166,0,200,166,143,0,0,73,0,213,124,0,96,237,0,63,197,156,418,64,174,48,80,0,33,21,95,49,122,187,0,1369,142,0,303,0,0,106,54,69,69,81,384,0,0,37,144,0,0,266,39,0,88,0,77,0,133,125,162,675,0,0,150,71,201,0,214,0,110,79,0,49,220,51,251,0,0,101,26,148,132,0,76,0,68,359,373,42,43,118,78,70,0,988,263,0,0,138,185,90,45,0,57,63,0,129,89,29,39,0,96,0,0,344,219,63,101,46,56,0,1387,26,33,0,0,0,23,0,71,302,0,124,130,221,0,105,30,0,0,93,74,71,0,133,414,47,39,66
250,0,16,0,61,33,42,0,0,122,0,239,0,0,0,75,342,284,0,0,21,239,0,55,54,116,0,0,0,0,0,0,52,0,0,104,121,0,50,171,116,0,38,0,252,0,77,38,462,0,114,33,112,81,0,262,44,0,0,38,0,149,94,96,26,0,64,51,0,0,150,0,49,19,0,107,57,0,162,0,49,0,0,123,73,90,32,0,78,0,353,118,45,66,155,0,0,0,0,0,0,0,0,43,0,0,41,0,162,58,129,0,0,177,61,0,0,79,59,0,58,0,344,45,0,0,35,0,58,0,116,28,251,0,0,0,221,50,98,66,65,78,125,503,0,0,0,0,81,0,0,0,0,50,126,73,0,83,37,85,150,54,0,74,34,152,0,63,159,92,37,138,0,63,0,36,40,74,134,64,64,0,0,41,0,65,0,337,281,0,0,0,103,45,0,38,117,35,0,137,0,97,91,35,185,0,0,0,61,242,52,91,51,38,39,37,0,0,38,0,170,129,44,0,235,0,0,86,165,0,48,20,0,0,0,0,49,69,294,0,0,36,60,36,70,0,0,0,15,0,71,126,241,66,78,0,60,0,0,39,272,86,0,42,67,0,0,408,90,400,0,0,121,178,0,65,45,24,482,414,64,0,117,74,90,0,46,158,1164,67,56,0,212,38,0,48,0,50,51,0,39,0,60,0,0,203,198,154,0,64,0,351,0,0,0,65,50,142,71,32,67,0,0,43,0,93,78,95,0,39,325,0,41,71,76,52,0,27,0,58,0,74,26,55,107,0,16,0,92,1061,145,105,0,207,574,0,52,0,265,134,43,89,87,19,113,229,357,228,0,0,134,55,0,0,52,181,56,0,0,135,0,44,0,0,33,151,92,64,85,0,43,25,741,19,60,0,213,58,142,129,0,0,335,0,0,102,31,37,52,0,67,0,67,39,0,0,254,42,254,163,0,126,144,0,0,72,85,44,66,0,0,0,88,0,55,0,16,43,43,184,0,0,445,90,280,100,266,66,49,0,0,0,77,0,101,0,0,79,0,0,240,0,76,135,0,0,0,66,24,0,47,45,232,102,55,0,201,407,121,99,64,57,94,110,38,0,0,93,81,354,89,69,0,139,0,42,183,80,233,0,0,77,0,824,54,59,145,97,0,0,60,33,0,27,33,0,287,109,23,101,164,73,278,326,74,0,71,0,173,20,65,0,0,0,106,95,0,0,0,136,0,186,210,46,40,0,66,0,59,227,0,123,0,39,38,32,0,37,0,0,126,344,0,68,0,84,0,0,0,43,0,253,0,0,0,0,0,81,0,66,247,258,57,29,267,0,145,609,0,0,0,522,0,150,32,0,0,55,0,35,0,47,0,47,31,85,48,209,80,65,0,0,263,324,95,0,78,92,0,75,0,0,0,0,54,0,52,0,0,216,125,0,32,46,0,0,37,101,21,0,0,0,175,0,0,127,0,113,24,265,249,0,0,58,546,0,45,46,45,138,89,73,48,0,36,153,35,36,38,0,167,32,190,0,227,30,59,47,264,0,0,0,84,42,150,0,0,52,0,0,184,0,89,0,34,38,164,0,58,0,0,85,0,90,81,49,43,75,59,107,16,80,198,0,0,0,0,68,243,53,217,74,93,884,143,284,163,57,0,0,114,92,0,0,92,0,0,0,182,133,188,0,997,137,0,89,0,0,76,0,0,30,44,0,75,0,0,0,0,0,0,0,0,0,0,106,0,61,0,116,115,178,47,0,0,128,0,43,0,38,112,55,72,41,0,0,115,68,65,212,0,0,0,33,0,35,0,79,59,0,0,41,52,68,186,21,0,69,73,0,69,0,232,245,0,267,0,0,0,74,148,0,248,64,0,0,0,0,0,136,132,0,0,61,0,0,50,0,34,0,0,55,294,0,107,85,0,66,0,0,131,0,105,0,0,0,440,184,66,150,57,53,0,259,0,49,0,0,36,23,0,40,0,27,197,174,46,0,0,0,0,85,93,0,0,84,0,154,0,21,73,225,0,46,244,95,225,60,0,59,0,359,0,0,0,39,0,108,125,99,178,63,102,0,0,144,54,56,47,0,99,121,90,0,32,29,97,0,0,98,0,0,0,0,61,0,19,43,73,0,0,0,0,140,25,106,0,0,0,0,54,0,70,83,0,0,0,0,486,0,0,0,0,0,192,87,26,30,69,267,44,0,0,0,149,29,0,108,75,0,0,248,0,0,103,58,194,28,372,0,904,0,41,51,0,0,22,0,0,63,57,64,298,0,0,31,0,52,0,86,0,0,0,0,0,128,0,74,0,32,0,0,63,0,0,0,410,101,0,0,0,0,36,47,0,180,0,148,177,0,0,0,0,47,52,0,186,108,60,0,72,0,0,0,368,0,45,116,82,71,0,152,83,107,193,136,345,216,0,0,109,51,0,281,0,52,0,0,0,0,0,95,0,0,224,0,16,0,37,54,28,0,29,45,56,0,0,0,0,0,59,0,70,0,0,50,81,0,0,61,35,104,0,211,0,67,828,0,0,270,0,87,82,46,73,0,55,74,43,120,0,0,0,271,0,0,0,0,221,0,41,0,46,0,27,0,48,76,106,44,33,53,256,0,68,0,107,27,310,0,0,59,77,370,64,0,108,0,427,49,73,0,0,71,87,0,71,164,97,39,65,39,0,0,70,160,136,45,35,39,0,285,0,0,228,63,0,0,0,0,0,0,0,0,0,0,69,156,58,0,426,0,0,59,97,0,39,0,0,66,65,28,0,0,0,0,53,16,0,38,0,0,0,108,25,59,57,0,0,0,0,124,21,0,87,0,74,0,38,0,0,0,74,0,55,0,80,0,0,92,0,53,0,0,0,0,0,0,0,139,95,191,0,0,0,0,150,50,0,0,111,41,0,0,0,47,0,0,57,0,87,0,0,54,0,0,47,31,0,0,0,254,92,0,0,91,0,38,124,0,0,0,57,0,79,47,0,103,49,76,190,0,0,574,0,101,0,42,0,24,179,0,37,0,0,0,0,158,72,0,0,0,33,0,0,94,0,0,0,143,27,0,0,95,100,0,0,29,0,54,0,0,42,124,0,0,0,645,296,46,0,0,49,0,184,61,0,62,0,165,55,0,0,39,0,0,0,76,71,419,0,190,120,0,201,54,0,0,0,0,86,0,17,0,0,106,31,120,0,182,0,0,60,0,37,46,62,0,46,57,0,0,51,0,72,0,0,174,0,298,161,0,65,124,76,0,123,0,0,389,0,0,74,0,0,0,137,0,0,137,0,53,35,125,38,95,0,44,0,101,0,0,0,94,0,83,41,0,0,55,0,73,0,130,95,34,38,0,0,52,0,0,0,104,0,40,77,0,44,55,0,0,207,0,35,211,25,0,0,0,0,0,56,0,0,0,0,0,0,0,0,0,0,44,0,71,0,0,76,0,0,15,0,0,0,0,0,0,78,37,0,0,27,0,0,77,0,77,0,155,37,0,0,0,0,0,0,248,67,78,0,0,0,69,0,166,0,0,0,0,0,0,44,0,0,64,91,420,0,0,22,0,0,0,146,154,0,0,50,0,30,0,24,67,0,0,70,0,43,0,0,0,34,0,0,0,65,0,266,0,0,0,0,0,52,0,66,29,105,0,0,0,40,0,0,0,71,0,0,0,0,0,135,66,0,63,0,0,48,0,54,241,0,93,0,0,184,0,0,0,128,42,68,90,0,87,182,65,39,49,0,220,0,0,0,0,103,0,0,0,0,0,41,0,0,0,0,15,72,0,0,0,0,0,0,116,0,0,0,364,0,417,46,48,41,0,0,134,0,81,0,51,0,0,0,39,0,0,0,0,89,0,41,0,30,98,0,0,235,0,0,0,104,165,0,0,0,137,0,0,0,0,0,57,28,169,827,70,64,0,0,0,46,0,74,0,0,0,0,0,0,0,0,0,95,241,0,0,0,0,26,0,40,120,99,0,0,0,58,0,181,0,0,0,146,0,63,0,91,49,90,0,0,0,0,41,0,101,0,0,22,66,20,0,0,0,0,0,47,0,135,0,0,28,0,0,42,0,0,58,0,0,44,0,0,129,106,18,0,21,0,52,0,0,75,41,74,32,60,0,0,423,0,39,0,0,0,82,85,0,46,0,0,0,0,0,48,77,0,65,0,0,0,0,33,0,0,0,0,0,0,49,0,0,41,74,0,0,57,0,0,0,0,37,0,0,27,67,0,61,0,0,0,190,0,0,0,73,0,105,0,0,0,0,0,25,73,0,0,0,0,0,0,0,0,0,208,0,0,0,66,0,63,0,0,0,0,0,0,172,0,0,41,0,0,0,0,0,146,108,0,86,57,0,0,177,0,47,376,0,0,0,0,0,0,0,0,48,129,0,0,29,0,0,0,80,0,41,0,54,0,52,0,67,243,0,106,0,0,30,32,104,48,73,0,396,0,0,36,0,85,0,67,197,0,0,0,0,0,84,151,50,197,39,0,69,0,0,0,0,0,0,46,0,211,0,0,65,0,0,0,0,0,0,46,0,59,98,71,103,0,0,228,0,0,0,0,222,155,11,0,0,0,41,0,61,0,45,59,0,0,59,60,0,0,0,0,146,0,94,0,0,0,104,0,64,57,0,0,95,0,38,0,52,0,14,0,0,0,0,80,52,0,0,0,331,90,0,0,541,0,0,0,0,0,0,68,0,28,30,167,0,0,0,0,0,214,54,0,0,0,76,16,0,0,30,111,247,0,70,46,47,0,0,34,43,0,47,95,0,279,0,109,0,0,135,0,0,0,0,0,0,0,33,89,57,97,137,0,0,0,52,164,0,0,29,0,67,0,0,32,47,0,0,44,0,30,0,48,148,94,249,0,0,0,0,0,0,78,37,0,0,75,337,41,80,49,69,243,0,74,0,0,0,0,30,0,0,66,0,278,229,0,37,0,0,29,0,0,0,41,155,0,0,22,0,0,0,77,255,0,68,53,0,0,19,0,33,52,16,0,34,0,0,50,0,56,198,0,0,0,0,0,48,0,0,37,0,214,0,0,0,0,35,0,67,0,0,736,0,146,37,0,30,28,57,61,0,0,0,0,0,0,61,0,0,0,0,0,0,53,0,225,83,0,0,34,67,0,42,0,0,105,83,59,104,19,0,0,0,18,0,69,55,0,0,0,0,0,0,78,0,47,148,0,0,0,94,0,0,67,174,0,0,0,41,51,0,0,0,122,0,0,162,0,0,379,0,54,0,0,167,0,101,0,0,167,0,213,0,0,44,0,63,0,0,75,0,65,74,27,57,52,0,100,0,20,0,0,0,0,0,0,132,77,1072,58,0,35,0,0,89,102,49,47,0,0,0,0,0,43,33,0,453,135,0,232,0,0,0,34,72,125,0,0,0,76,0,66,0,0,59,124,0,0,0,0,0,77,0,0,0,0,0,0,385,0,0,475,78,43,0,157,0,96,75,0,66,0,0,0,92,0,0,0,0,116,0,55,0,0,52,0,0,0,190,51,0,0,0,293,0,41,59,59,0,0,0,44,60,0,0,0,88,0,30,0,34,47,76,51,66,60,66,0,0,0,35,0,0,0,0,0,245,34,0,0,0,28,48,0,61,0,40,136,65,138,0,46,0,0,0,0,0,0,30,0,0,95,63,0,0,272,0,0,37,0,0,0,64,0,0,55,97,0,0,0,0,0,0,0,0,59,166,39,0,0,0,0,0,0,0,0,0,73,32,49,0,0,70,82,0,0,0,0,0,0,0,0,92,0,0,47,0,23,50,0,0,0,0,285,0,0,32,0,62,0,0,72,104,32,0,0,0,0,0,0,0,168,92,0,0,162,52,0,39,0,0,138,35,63,0,0,187,34,53,0,93,0,104,0,0,0,0,41,0,149,0,0,0,0,328,0,66,0,0,0,0,91,0,0,33,74,0,0,82,41,38,0,86,0,52,197,0,0,59,0,0,18,108,0,45,184,0,0,0,109,33,0,0,0,38,0,0,0,0,0,0,0,0,0,96,0,66,0,0,0,0,0,0,0,24,0,0,112,68,0,0,0,0,56,0,64,194,0,56,123,0,0,0,0,85,88,0,0,84,86,0,0,0,97,43,0,46,0,0,0,0,54,55,57,38,0,69,39,0,0,0,0,0,97,0,0,0,0,0,43,0,0,0,181,0,0,59,0,0,118,0,26,0,0,242,0,377,0,0,0,0,0,27,0,63,0,221,0,0,220,0,327,0,0,0,48,0,0,0,0,0,76,0,36,86,0,0,108,0,0,0,57,0,0,0,0,357,0,0,0,0,0,69,152,0,0,0,0,0,0,0,0,0,0,140,0,69,27,45,0,0,0,34,312,0,0,0,72,0,0,0,0,0,0,0,0,44,0,34,23,0,0,0,0,36,107,204,221,36,42,0,184,185,0,95,0,0,0,0,0,73,0,93,28,0,0,0,41,0,0,0,85,0,0,0,26,97,0,110,0,222,16,0,0,0,0,0,160,0,0,39,0,274,0,0,45,26,0,0,0,292,0,0,28,89,0,0,70,0,0,45,0,63,0,0,83,0,235,29,12,156,89,171,0,0,0,62,0,0,0,219,0,27,0,0,0,0,129,220,0,54,49,0,0,0,22,0,0,0,0,0,0,0,0,14,0,61,0,0,0,0,0,0,0,0,0,0,0,58,0,0,127,0,0,0,0,0,0,142,0,0,0,0,0,0,0,0,212,0,33,39,0,0,0,0,0,0,67,40,0,0,0,98,0,29,0
251,0,0,0,0,0,54,0,0,95,0,65,0,0,0,117,65,56,0,0,0,195,40,82,0,91,0,8,58,0,0,0,0,0,0,53,0,0,56,158,0,0,0,0,45,0,0,0,216,0,37,0,94,84,0,249,0,0,0,20,0,0,102,62,0,0,25,0,0,0,173,0,0,0,0,150,102,0,234,0,95,0,0,59,171,34,0,0,0,0,286,0,0,106,75,0,0,0,0,0,0,0,0,93,0,0,47,0,0,0,59,32,0,174,35,0,0,64,0,0,234,0,313,0,0,30,0,0,68,30,0,0,386,30,0,0,155,41,0,0,0,0,65,96,0,0,0,0,0,131,0,0,85,0,121,0,0,0,0,198,93,70,0,124,37,72,0,0,86,181,90,143,30,25,0,51,0,0,121,0,0,93,0,0,0,26,33,98,310,0,0,0,83,45,77,0,0,0,0,0,0,51,41,0,148,0,0,0,0,43,96,0,0,53,22,57,0,0,0,0,21,43,48,0,396,0,0,30,80,0,0,0,0,0,0,0,0,63,198,45,0,47,37,0,44,0,150,0,0,0,35,0,380,0,79,41,62,0,46,53,112,125,47,0,0,0,0,529,0,57,0,0,0,483,53,63,30,0,249,195,40,0,0,130,0,0,0,198,172,72,0,0,202,0,0,0,0,0,50,46,28,0,0,30,0,234,81,0,0,102,81,238,96,0,0,44,64,108,104,59,78,48,0,0,263,142,23,168,0,0,222,0,79,41,53,62,0,0,0,29,0,22,0,44,59,0,0,0,99,633,0,41,0,0,347,0,51,75,216,50,0,33,95,0,64,90,93,137,52,0,34,63,63,0,0,0,99,0,0,110,39,0,52,41,40,650,0,80,0,0,0,0,187,24,48,69,266,0,0,118,0,0,126,0,15,87,0,0,0,0,74,0,33,70,0,0,75,32,96,173,0,0,133,0,84,118,19,60,70,26,0,0,0,0,91,0,0,55,0,120,0,0,250,81,55,55,208,73,35,40,0,0,143,0,32,0,29,0,0,0,156,38,124,77,0,40,0,40,34,0,0,48,162,63,0,38,101,231,169,59,104,0,90,81,61,0,0,48,47,0,183,0,0,67,0,55,72,141,109,0,0,197,0,120,95,36,170,44,55,0,44,33,0,52,0,0,122,42,0,82,64,0,148,123,25,0,0,48,66,0,0,0,0,0,0,0,0,0,0,103,0,193,148,33,0,0,49,0,33,296,99,0,0,0,0,0,0,50,0,0,52,128,0,0,0,130,0,0,0,0,99,121,0,0,0,0,0,0,0,0,93,73,78,0,166,0,129,227,45,0,35,407,0,124,0,0,0,121,0,0,0,0,0,75,46,105,39,59,0,35,0,0,250,482,76,0,0,124,0,105,0,0,0,0,90,0,0,0,0,169,70,33,0,0,20,0,30,108,0,0,0,0,95,0,0,0,31,33,0,202,75,0,0,0,679,0,0,0,0,107,42,83,0,0,0,79,0,44,0,0,0,0,33,0,91,47,0,38,87,48,0,0,0,0,94,0,81,0,0,0,110,0,105,0,71,0,72,0,0,0,0,53,21,133,0,0,0,0,166,78,0,115,189,0,0,0,0,0,229,0,84,101,92,322,340,136,54,89,0,0,0,115,54,0,51,0,0,0,0,43,122,44,1069,49,0,70,0,0,0,0,0,0,0,33,104,0,0,0,0,0,0,0,0,0,0,120,0,0,0,200,107,110,65,0,0,0,54,0,0,0,67,0,146,0,0,0,83,68,171,430,0,0,0,43,0,74,0,63,0,62,0,0,0,0,140,0,58,120,28,0,0,0,99,44,22,88,0,0,24,0,189,0,313,0,0,0,105,50,0,78,142,0,0,0,0,0,0,14,0,0,0,47,465,0,49,24,0,52,89,0,199,0,90,38,0,0,170,302,55,223,0,34,0,223,55,63,0,0,27,25,0,71,0,54,131,154,0,0,0,0,23,0,0,0,35,0,0,67,0,0,66,95,40,70,119,0,226,0,0,0,84,0,0,0,0,0,0,259,296,269,107,0,0,0,36,371,112,0,67,0,0,0,68,0,43,87,0,0,52,94,0,24,38,0,0,47,73,49,130,0,0,0,0,0,0,135,0,72,0,83,82,0,79,150,51,0,51,0,350,39,55,59,86,111,0,58,0,134,89,115,50,67,0,273,0,0,0,473,0,0,61,147,0,0,67,37,239,0,382,0,549,99,0,62,0,0,19,0,0,0,96,0,0,48,0,202,126,35,319,191,86,0,0,119,45,61,346,221,0,98,0,49,23,62,31,0,0,79,40,32,22,102,42,0,59,252,0,132,866,30,63,52,142,129,0,0,118,81,75,0,0,0,71,0,221,0,112,0,78,175,0,335,96,0,0,347,339,0,318,0,0,139,0,0,17,0,55,70,0,48,0,103,0,0,633,0,0,39,0,0,57,73,0,52,100,44,46,51,0,0,114,64,214,21,38,0,87,0,0,0,0,213,78,83,0,0,0,56,0,276,36,104,272,0,0,0,0,180,103,203,0,0,188,1207,0,0,0,96,0,0,90,0,51,0,0,18,0,330,0,43,78,0,48,123,193,0,0,0,195,63,29,62,176,45,186,92,226,0,0,55,43,0,0,0,243,0,38,152,170,44,0,0,0,0,0,264,158,93,0,120,39,81,56,0,173,0,35,72,0,46,0,0,0,63,54,0,0,0,0,0,252,0,0,28,48,0,51,0,0,0,0,0,0,0,0,0,79,0,0,148,0,0,32,113,0,0,90,0,0,36,0,108,0,56,56,0,60,0,44,0,0,0,0,0,35,0,67,0,0,0,0,57,42,0,0,0,0,50,0,82,85,0,0,0,0,37,240,0,49,0,23,0,0,0,68,0,0,0,64,0,29,0,39,0,0,0,51,0,0,76,0,40,59,0,26,97,49,0,197,0,0,0,0,0,117,0,0,132,0,0,48,0,0,111,0,158,0,79,0,0,236,0,0,85,13,68,0,107,136,0,0,0,0,0,0,81,0,0,0,142,0,59,0,112,0,0,0,0,0,0,0,0,39,44,0,0,0,100,0,0,142,0,0,52,0,27,0,71,25,229,0,0,0,0,0,117,30,0,59,261,0,161,0,0,210,0,0,0,0,0,0,67,0,84,59,165,0,105,0,0,0,0,0,0,53,60,0,0,0,78,0,86,0,0,97,35,54,109,0,140,173,0,88,102,0,0,0,0,0,127,0,0,0,0,0,0,33,0,0,0,0,43,0,0,0,61,75,116,0,0,74,0,0,0,0,84,0,0,0,56,0,0,46,82,0,50,55,0,0,42,0,65,25,154,110,0,49,0,0,0,0,51,108,60,0,280,0,0,0,135,0,0,0,0,0,0,0,0,57,204,53,0,0,72,0,94,0,0,108,0,0,122,0,0,0,0,42,0,73,60,0,0,29,0,0,85,0,0,0,274,72,0,0,135,85,0,0,57,60,0,0,0,0,239,0,41,0,0,64,53,0,0,57,0,48,0,0,524,0,0,54,0,0,0,0,70,0,49,0,0,0,0,0,91,0,28,497,0,63,51,0,0,72,0,0,0,0,0,93,0,37,0,0,0,0,0,30,129,154,0,0,0,0,68,45,0,95,0,0,0,31,24,272,0,0,0,0,0,0,0,74,129,35,14,0,0,85,0,0,0,0,0,140,104,0,126,134,44,46,0,0,170,0,0,0,41,114,0,0,0,0,23,453,0,27,34,0,192,93,43,32,101,0,0,0,168,0,0,0,103,25,553,71,57,0,0,50,0,25,30,0,12,29,49,41,0,0,0,65,0,0,0,40,0,75,170,0,0,107,44,0,0,116,37,0,0,69,0,0,0,0,0,0,76,51,0,130,0,43,137,0,0,23,0,57,157,0,0,38,0,0,40,0,0,50,303,0,219,0,0,29,0,40,68,104,107,0,0,0,32,136,0,0,0,109,0,60,31,0,0,0,19,0,0,0,0,0,0,0,44,0,0,0,0,0,0,0,0,108,0,267,0,0,45,0,0,0,0,0,200,60,0,143,56,0,59,56,0,0,167,50,92,0,0,0,57,29,0,94,0,0,146,0,0,0,0,25,267,40,0,157,0,0,0,0,0,113,283,42,136,78,24,0,0,0,0,38,0,0,0,0,105,0,60,0,82,83,19,70,0,0,0,28,38,26,0,53,200,28,44,0,0,36,361,97,0,88,49,0,351,59,0,26,32,135,0,91,0,39,36,58,0,35,0,30,85,70,0,0,0,129,0,149,44,0,101,0,0,0,23,20,0,52,52,0,0,0,0,66,83,52,28,31,0,0,226,0,0,235,0,0,0,25,51,43,0,213,0,66,0,67,0,41,0,0,0,22,0,54,0,0,0,51,0,515,65,26,0,0,0,121,172,0,0,0,276,0,0,78,85,238,0,133,62,0,0,0,0,0,270,251,163,127,50,0,0,0,0,0,0,0,0,0,0,0,0,0,106,0,0,0,0,31,92,0,0,169,35,110,146,0,0,386,0,0,0,0,131,295,0,0,0,55,0,0,67,70,99,178,50,36,69,99,0,0,0,0,0,48,244,0,0,0,45,121,25,69,0,0,87,0,83,0,69,0,0,0,45,0,0,34,80,0,0,0,223,50,72,0,1108,0,0,0,0,0,0,169,0,62,76,277,0,0,0,0,0,85,49,0,0,0,123,0,65,57,0,77,222,18,71,0,0,0,0,37,141,61,132,84,0,190,0,51,0,0,105,48,0,0,0,0,0,32,73,48,37,77,61,28,0,0,80,99,0,0,36,0,97,105,0,59,0,0,0,0,0,0,42,49,337,108,402,77,0,0,0,0,0,53,0,0,40,66,41,0,160,48,61,152,0,33,0,49,0,0,0,0,0,0,0,116,301,0,0,0,0,0,0,0,51,36,92,0,38,26,34,86,46,65,181,0,72,0,32,0,0,0,0,93,0,0,0,0,0,118,0,45,236,0,0,0,87,0,58,0,41,0,0,56,0,0,159,48,46,39,28,0,0,379,0,105,21,0,34,0,33,0,0,0,0,0,37,0,23,0,0,0,0,0,529,45,0,199,30,0,0,0,0,0,42,0,0,98,0,88,72,0,0,0,82,48,40,28,43,0,0,0,41,0,0,86,0,44,170,0,0,15,72,0,63,0,0,0,0,45,0,37,0,0,0,51,0,49,78,0,66,139,0,30,0,0,127,0,99,0,42,273,0,180,0,0,93,0,0,85,0,38,0,171,36,40,98,35,0,35,0,0,0,33,80,0,0,0,114,0,1056,0,0,0,65,0,84,35,40,293,19,0,0,0,0,92,0,113,232,57,0,189,0,0,0,0,46,67,0,0,0,9,0,53,67,0,121,137,0,0,0,0,0,35,34,0,0,0,0,0,527,0,0,695,0,0,0,90,0,95,77,0,103,52,0,0,33,0,0,69,0,225,45,0,0,0,0,18,26,0,118,74,0,0,0,44,0,209,40,0,174,0,0,0,24,70,0,0,154,0,0,0,57,106,0,271,0,54,225,0,0,0,0,0,0,44,103,0,106,134,0,0,0,122,0,24,69,30,0,241,0,0,0,0,0,0,34,0,33,0,0,0,0,170,112,0,0,175,0,0,32,23,0,0,73,0,40,33,0,26,0,0,102,31,47,0,0,149,510,100,0,0,96,0,23,0,104,323,0,85,114,19,0,0,83,0,53,0,27,0,0,54,0,0,40,0,35,0,0,0,0,51,102,50,0,143,0,0,38,0,46,0,0,0,87,195,0,0,0,0,58,60,0,413,46,0,0,57,0,58,53,24,0,59,0,0,0,0,405,0,162,86,81,0,53,128,179,0,0,39,0,149,0,0,0,0,673,0,0,0,0,0,0,102,0,0,0,447,0,69,73,48,129,0,295,0,88,0,0,0,475,0,233,93,0,39,0,246,0,85,43,0,0,0,0,0,0,0,0,86,0,0,111,0,0,70,96,0,125,0,0,0,0,0,0,0,47,63,0,0,150,0,122,0,0,43,0,109,400,0,0,61,0,0,0,0,0,0,0,0,82,0,0,0,64,42,36,0,72,172,32,0,112,48,55,186,69,194,0,100,0,0,0,0,0,106,0,0,84,0,112,48,24,0,0,97,27,55,70,128,46,71,115,48,0,0,560,117,0,0,0,48,0,0,0,0,0,0,138,134,0,131,0,251,0,0,0,228,47,0,0,66,34,45,0,0,245,221,0,37,0,0,25,73,0,0,53,0,375,0,0,0,0,0,0,118,0,0,0,103,0,0,0,393,0,23,361,94,234,0,41,42,0,0,0,112,0,73,0,51,0,122,0,0,0,225,0,0,0,43,22,0,125,0,53,0,56,106,752,945,0,61,73,123,162,0,128,0,0,46,29,0,140,113,61,139,38,36,0,90,74,0,117,0,0,35,32,0,412,0,129,0,0,0,58,0,71,44,0,145,0,461,0,0,178,0,0,57,49,0,55,0,261,0,0,20,95,25,0,143,0,0,133,0,60,17,0,65,42,942,73,0,253,72,62,0,0,0,160,64,0,0,200,0,120,0,0,60,40,0,109,0,0,193,0,58,209,78,0,0,66,0,0,390,100,31,0,64,0,0,55,0,0,53,0,41,0,81,0,0,138,0,0,33,24,100,119,31,0,0,74,0,0,0,0,0,0,0,45,181,0,0,73,244,0,88,29,0,0,81,62,0,0,134,205,0,47,0
252,0,0,0,0,0,0,0,0,0,0,136,0,0,0,0,0,46,0,0,0,0,0,0,0,22,0,0,0,0,0,0,0,0,0,74,0,0,0,39,0,0,0,0,97,0,0,0,0,0,0,0,0,0,0,0,0,0,0,0,0,0,0,0,0,0,26,0,0,0,65,0,0,0,0,46,0,0,89,0,0,0,0,0,29,0,0,0,0,0,0,0,0,0,0,0,0,0,0,0,0,0,0,0,0,0,0,0,0,0,0,0,0,0,39,0,0,0,0,0,30,0,46,0,0,0,0,0,0,0,0,0,0,0,0,0,0,0,0,0,0,0,0,55,0,0,0,0,0,0,0,0,0,0,0,0,0,0,0,0,51,0,0,0,0,0,0,0,0,0,63,43,0,0,0,0,0,0,0,38,0,0,0,0,0,0,0,0,0,0,0,0,0,0,0,0,0,0,0,66,0,0,0,0,42,0,0,0,0,0,0,0,0,0,0,0,0,0,0,0,0,0,0,0,0,0,0,0,112,0,0,0,0,0,0,0,0,0,0,0,0,28,0,0,0,0,0,0,0,0,0,0,0,0,32,0,0,0,0,39,149,40,0,0,0,0,0,0,0,34,0,0,0,0,0,0,0,0,145,0,0,0,0,0,0,0,0,0,311,0,0,0,0,0,0,0,0,0,0,0,0,0,0,0,0,158,0,0,0,0,0,123,0,0,0,0,0,78,0,0,0,0,0,0,40,0,0,0,0,0,66,0,0,0,0,35,0,0,0,0,0,0,0,0,0,0,0,0,0,72,50,0,0,0,106,0,0,0,94,0,0,0,0,0,0,112,0,40,0,0,0,0,0,0,24,69,0,0,0,0,0,0,0,0,0,36,0,0,0,0,0,0,175,0,0,0,0,0,0,0,0,0,0,0,0,0,0,0,0,0,0,0,0,0,0,0,0,0,0,80,0,36,0,0,0,0,0,0,0,0,0,0,0,0,0,0,0,0,0,70,0,0,125,0,0,0,45,0,0,0,0,0,0,0,0,0,0,0,0,0,0,0,0,0,0,0,0,0,0,0,0,0,0,0,0,0,0,181,0,0,0,0,0,0,0,0,0,0,0,27,0,0,0,0,0,0,82,31,49,0,0,0,0,84,0,0,50,0,0,0,0,0,0,0,0,0,0,0,0,54,0,0,0,0,0,0,0,0,43,0,0,0,0,0,0,0,0,0,0,68,0,0,80,0,0,0,0,0,0,0,0,0,0,0,0,0,0,0,0,19,24,96,0,0,0,0,0,0,0,0,0,0,0,0,0,0,0,0,0,0,0,30,0,0,56,0,0,0,0,0,0,130,0,0,0,0,0,0,0,0,0,0,0,0,0,0,0,0,0,0,0,0,107,110,0,0,0,0,0,0,0,0,0,0,0,0,0,0,0,0,34,0,0,0,0,0,0,0,0,0,0,0,0,0,0,57,0,0,0,0,62,0,0,0,0,0,0,0,0,17,0,0,0,0,0,0,0,0,0,0,0,0,43,0,32,0,0,0,0,0,0,0,0,0,0,0,0,0,0,0,0,0,0,0,0,0,0,0,0,0,0,0,0,0,0,0,0,0,0,38,0,0,0,0,0,0,0,0,58,0,0,0,0,0,0,55,62,0,0,0,0,0,0,0,0,0,0,0,58,0,0,0,300,45,0,0,0,0,0,0,0,0,0,0,0,0,0,0,0,0,0,0,0,0,0,0,0,0,0,0,0,0,0,0,0,79,0,0,0,0,39,0,0,0,0,0,0,0,30,0,0,0,0,0,0,0,0,0,0,0,0,0,0,0,43,0,0,0,0,0,0,0,41,0,0,87,0,0,0,0,0,0,0,0,0,0,0,0,0,0,0,0,0,0,0,0,0,0,0,0,0,0,0,0,0,0,0,0,0,0,0,0,0,0,0,0,52,53,0,66,0,0,0,69,0,0,0,0,0,0,0,0,0,0,0,0,0,0,0,0,0,0,24,0,0,0,0,0,0,0,0,0,0,0,0,0,0,0,0,0,0,70,0,0,0,0,0,0,34,62,0,0,0,0,0,78,0,0,0,0,0,0,0,0,0,0,0,0,0,0,0,0,0,0,0,0,0,0,0,0,0,0,0,0,0,0,0,0,0,0,39,0,0,0,0,0,0,0,0,0,0,0,0,0,0,24,0,0,0,0,0,0,0,0,0,0,0,231,0,0,0,0,0,0,0,0,0,0,0,0,140,0,0,0,0,0,0,0,0,0,0,0,0,0,0,27,0,0,57,0,0,0,0,0,0,75,58,42,0,15,0,0,0,0,0,0,0,0,0,0,0,0,0,0,0,0,0,52,160,0,0,0,0,0,0,0,59,0,41,0,0,0,0,0,75,0,0,0,0,0,0,99,0,0,0,0,113,23,0,0,32,0,0,0,0,13,0,0,0,0,0,0,0,0,0,0,0,0,0,0,0,36,0,0,0,0,0,0,0,0,0,0,0,0,0,0,0,0,0,0,0,0,0,46,0,0,0,0,0,81,0,0,0,0,0,0,0,0,0,0,0,0,0,226,0,0,0,0,0,0,0,0,0,0,0,0,0,0,0,0,0,0,0,0,0,0,0,0,0,0,0,0,31,0,82,0,47,0,0,0,0,0,0,0,36,0,24,64,0,0,0,0,0,0,0,0,0,0,0,0,0,60,24,0,0,0,0,0,0,0,0,0,0,0,29,0,0,27,0,0,181,0,0,68,0,25,0,51,0,0,0,0,0,0,0,0,0,0,0,52,0,0,0,0,0,0,0,0,0,0,0,0,0,0,65,0,0,0,0,0,0,0,0,0,0,0,0,0,0,0,0,0,0,0,0,0,0,0,0,0,0,64,0,0,0,0,90,0,0,0,0,0,0,0,0,0,0,0,0,0,0,0,39,0,0,0,0,0,0,0,0,48,0,0,0,0,0,0,57,0,0,0,0,0,0,0,0,53,118,0,0,0,0,429,0,0,0,0,52,0,76,0,0,58,0,0,0,22,0,0,0,0,0,0,0,0,0,0,0,0,0,0,0,0,0,0,0,0,0,0,0,0,0,79,0,0,0,658,0,0,48,0,0,0,96,0,0,0,0,0,0,0,0,0,0,101,0,68,0,0,0,253,55,0,0,0,0,0,0,0,70,0,0,43,0,91,0,0,0,0,0,0,0,0,0,0,37,0,102,0,0,0,28,0,0,0,15,0,0,46,0,0,0,0,0,0,0,0,0,48,0,0,0,0,0,0,131,0,75,53,0,25,0,48,0,43,0,43,0,69,0,0,0,0,0,0,0,0,0,65,0,96,0,54,0,0,0,0,0,0,0,0,0,0,0,0,0,0,0,0,0,0,0,0,27,53,0,0,11,43,0,0,0,0,0,0,0,0,0,94,0,0,0,0,0,0,0,0,0,0,0,0,0,0,0,0,0,0,0,0,0,0,0,0,0,53,0,0,0,0,0,0,0,0,0,0,0,0,0,0,0,0,0,0,0,71,0,0,0,0,0,0,0,0,0,0,40,0,0,0,0,0,0,0,0,0,0,0,0,0,0,0,0,0,0,0,0,0,0,0,0,0,0,0,0,0,0,0,81,0,0,0,0,0,0,0,0,0,0,0,0,0,0,0,0,0,0,0,0,0,0,0,121,0,0,0,0,0,0,0,0,36,0,31,0,0,0,0,0,0,0,0,0,0,0,0,0,0,0,0,0,84,0,0,0,0,54,0,0,0,0,0,161,0,0,0,0,0,0,0,0,0,0,0,0,42,0,0,0,0,0,98,0,0,0,0,0,0,0,0,0,0,0,0,41,0,35,0,0,0,0,0,0,0,0,0,0,0,69,0,0,0,28,0,0,0,0,0,0,0,0,0,0,0,0,0,98,0,0,0,0,0,0,0,0,0,0,0,0,0,0,0,0,0,0,56,0,0,0,0,0,0,0,0,0,59,0,0,69,0,51,0,0,0,0,0,41,0,0,0,0,0,0,0,0,0,0,0,0,0,0,0,0,0,0,0,0,0,0,0,0,0,0,22,0,0,0,0,0,28,0,0,0,0,0,0,0,0,0,20,0,0,0,0,0,0,0,0,67,0,0,47,0,0,0,0,0,0,0,0,0,0,0,0,0,0,0,0,0,0,77,0,0,0,0,0,0,0,0,0,0,0,0,0,0,89,0,20,0,0,0,0,0,0,0,0,0,119,0,0,0,0,0,0,0,0,0,0,0,60,14,0,0,0,136,0,0,0,0,0,0,0,0,0,0,0,0,0,0,0,0,0,39,0,58,0,0,0,0,50,0,0,0,68,0,0,0,0,46,129,0,0,0,0,0,71,0,0,53,0,0,0,0,0,0,0,173,0,0,0,0,0,0,0,0,0,0,0,55,0,0,0,41,0,75,0,0,0,0,0,0,0,0,0,0,0,0,0,32,0,107,0,0,29,0,0,0,0,0,33,98,99,51,0,0,0,0,0,0,0,0,0,67,0,43,0,0,40,0,0,0,0,0,35,0,0,98,0,0,0,0,0,116,0,0,0,0,58,45,0,0,0,0,0,0,0,76,63,0,38,0,0,37,0,0,0,0,53,0,78,0,0,0,14,26,0,0,0,0,0,0,44,0,0,0,0,0,0,0,0,19,0,0,0,0,71,0,0,0,283,0,0,0,0,0,0,61,0,0,0,163,0,0,0,0,0,0,0,0,0,0,66,0,40,0,0,0,185,35,0,0,0,0,0,0,75,0,0,0,0,74,0,81,0,0,0,0,0,0,0,0,0,0,0,0,43,34,0,0,0,0,0,38,0,0,0,0,0,0,0,43,0,0,0,0,0,0,0,0,257,77,0,0,0,0,0,0,0,0,0,0,0,0,0,0,0,0,0,0,0,0,0,0,0,0,0,0,0,0,0,184,40,0,0,0,0,0,0,0,0,0,41,0,40,0,0,0,0,68,0,0,87,0,0,0,0,0,0,0,0,0,0,0,0,0,0,0,0,0,0,0,0,0,0,0,0,0,0,0,0,0,43,0,0,0,0,0,0,0,0,0,0,0,0,0,0,0,0,0,0,0,0,0,0,0,0,0,0,0,0,0,0,77,0,0,0,0,0,0,0,0,0,0,0,87,0,0,0,0,0,0,0,0,0,0,0,0,0,0,0,0,0,0,0,0,0,43,0,0,0,0,0,0,0,0,37,0,0,0,0,0,0,0,48,0,0,130,0,0,0,0,106,0,0,0,0,34,30,0,38,0,68,0,0,0,0,0,0,63,0,0,0,0,0,0,9,0,0,0,0,0,0,0,87,0,49,0,0,0,0,0,0,49,0,0,0,23,0,0,0,0,0,125,190,0,0,69,0,0,0,0,0,0,0,0,0,0,0,35,0,0,0,0,0,0,0,0,0,0,37,0,0,0,0,0,59,0,0,53,0,0,0,0,0,0,0,0,0,0,0,0,0,0,0,0,0,116,0,0,0,0,0,0,0,0,0,0,0,0,0,0,0,0,0,24,26,0,0,0,0,0,0,0,84,0,0,13,0,181,0,0,0,0,134,0,0,0,0,0,0,0,82,0,111,51,0,0,0,0,0,0,50,0,0,77,0,0,0,0,0,33,0,0,40,0,0,0,0,0,0,70,0,62,0,0,42,0,0,50,124,0,0,0,40,0,0,0,28,0,0,0,0,0,390,0,0,0,0,0,0,0,0,0,0,40,57,0,0,0,0,59,0,0,0,0,0,0,0,0,0,0,0,0,0,0,0,0,48,0,0,0,0,0,0,0,0,0,0,0,62,0,0,48,0,0,35,0,0,46,0,0,0,73,0,53,0,0,0,0,0,27,0,0,246,0,0,0,0,36,30,67,0,0,0,0,0,35,0,34,0,0,82,0,0,0,0,0,0,93,0,0,0,164,0,0,125,0,0,0,0,0,0,0,0,0,44,0,0,0,0,0,0,44,0,35,0,0,0,0,0,0,0,0,0,29,46,0,0,0,0,79,0,0,61,0,0,104,0,0,0,0,0,0,0,45,98,0,0,0,0,0,0,0,51,0,0,0,0,0,0,36,0,103,0,0,0,73,0,0,0,71,0,0,0,0,0,0,0,0,0,0,0,0,0,0,0,0,0,0,0,0,0,0,0,0,0,0,0,0,0,0,0,0,0,0,0,29,0,0,0,0,145,0,0,0,0,0,0,0,0,0,0,0,123,0,0,89,0,0,0,0,0,0,0,0,0,0,0,0,0,0,0,0,0,47,0,0,17,0,0,0,0,0,85,0,0,0,0,0,0,0,0,0,0,0,0,0,0,0,0,0,0,0,0,0,0,0,0,0,0,0,0,0,0,0,0,0,0,0,0,0,0,0,0,0,0,0,0,0,0,0,0,32,0,144,21,0,0,0,64,0,0,0,0,0,0,0,0,0,0,0,0,0,0,0,0,0,0,77,0,0,30,0,0,0,38,0,0,0,0,0,0,0,0,114,0,77,47,0,0,0,0,0,0,0,0,0,111,0,0,0,65,0,0,0,0,0,0,0,0,0,0,0,0,0,26,0,53,0,52,0,0,0,0,0,0,0,0,0,0,0,0,39,0,0,0,0,0,0,0,92,103,0,0,0,0,0,0,147,0,0,0,0,44,0,0,0,0,0,0,0,0,0,0,0,0,0,0,0,0,0,0,0,0,0,0,0,0,0,0,0,0,0,0,0,0,0,65,0,0,74,0,0,0,0,0,0,0,0,0,0,0,0
253,0,0,0,0,0,0,0,0,0,0,0,0,0,0,20,0,76,0,0,0,0,0,0,0,0,0,0,0,0,0,0,0,0,0,0,0,0,0,83,0,0,0,0,0,0,0,0,0,0,0,0,0,0,0,0,0,0,0,0,0,0,0,31,0,0,0,0,0,0,21,0,0,0,0,0,0,0,0,0,0,0,0,0,0,0,0,0,0,0,0,0,0,0,0,0,0,0,0,0,0,0,0,0,0,0,0,0,0,0,0,0,0,0,0,0,0,0,0,0,0,0,0,0,0,0,0,0,0,0,0,0,0,0,0,0,0,0,0,0,0,0,0,94,0,0,0,0,0,0,0,0,0,0,0,0,0,0,0,0,0,0,0,0,0,0,0,0,0,0,0,0,0,0,0,0,0,0,0,0,0,0,0,0,0,0,0,0,0,0,0,0,0,0,0,0,0,0,0,0,0,0,0,0,57,0,0,0,0,0,0,0,0,0,0,0,0,0,0,0,69,0,0,0,0,0,0,0,72,0,0,0,0,0,0,0,0,0,0,0,0,0,0,0,0,0,0,0,0,0,0,0,0,19,0,0,0,0,0,0,135,0,0,0,0,0,0,0,0,0,0,0,0,0,0,0,0,0,0,0,0,0,0,0,0,0,0,0,0,0,0,0,40,0,0,0,0,0,0,0,0,0,0,0,0,0,0,0,0,0,0,0,0,0,0,0,0,0,0,0,0,0,0,0,0,0,0,84,0,0,0,0,0,0,0,0,0,0,0,0,0,0,0,0,0,0,0,0,0,704,0,0,0,0,127,0,0,0,105,0,0,30,0,0,41,36,0,55,0,0,0,12,0,0,0,16,0,0,0,0,0,0,0,0,0,61,0,0,0,0,0,0,0,0,0,0,83,0,0,0,0,0,0,0,0,58,0,0,0,0,0,0,0,0,0,0,80,0,0,0,0,0,0,0,0,0,0,0,0,0,0,0,0,0,0,0,0,0,0,0,0,0,0,0,0,0,0,0,0,0,0,0,68,0,0,0,0,0,0,0,0,0,0,0,0,0,0,0,0,0,0,0,0,0,0,0,0,134,0,0,0,0,0,24,13,0,0,0,0,27,0,0,0,0,0,0,0,0,45,0,0,36,0,376,0,0,138,0,0,0,0,0,0,0,0,0,0,0,0,0,0,0,0,0,0,0,0,0,0,0,32,0,0,0,0,0,0,0,0,0,0,0,0,0,0,0,0,0,0,0,0,0,0,0,0,0,0,0,0,0,0,44,0,0,0,32,0,0,0,0,0,0,0,0,0,0,0,0,0,0,0,53,35,0,49,0,70,30,0,0,0,0,0,0,0,0,0,0,0,0,0,0,0,0,0,0,0,0,0,0,0,0,0,0,0,0,0,0,0,0,0,0,0,0,0,0,0,0,0,38,0,0,0,0,0,0,0,0,0,0,0,0,33,0,0,139,0,0,0,0,34,0,0,30,93,0,0,0,0,0,0,0,0,0,0,0,0,37,0,0,50,0,39,0,83,0,30,0,0,0,0,0,0,0,0,0,0,0,0,0,0,0,0,0,0,0,48,0,0,0,0,0,0,0,0,0,0,0,0,25,0,102,0,0,0,0,0,0,0,17,86,0,0,0,0,0,0,0,0,0,0,0,0,0,0,0,0,24,0,54,0,0,0,0,0,0,0,0,0,0,0,0,0,0,0,0,0,0,0,0,0,0,0,0,0,0,0,0,0,0,0,24,0,0,0,164,0,0,0,0,0,0,0,0,0,0,0,0,0,27,0,0,0,0,0,0,0,0,0,0,0,0,0,0,0,0,0,0,0,0,0,0,48,61,0,0,0,0,0,0,30,0,35,0,0,0,0,0,0,0,139,0,0,0,0,0,0,0,0,0,0,0,0,0,30,0,0,0,0,0,31,0,0,0,0,0,95,0,0,33,0,0,0,0,0,0,0,0,0,0,0,0,0,0,0,0,0,0,0,0,0,0,46,0,0,0,0,0,0,0,0,54,0,0,0,0,107,0,0,0,0,0,0,0,0,0,0,134,127,72,0,0,0,0,0,204,39,0,0,0,0,0,0,0,0,63,0,0,0,0,0,0,0,0,0,0,0,0,0,0,0,30,0,69,0,0,0,0,0,0,0,0,0,73,0,0,0,0,77,0,0,43,35,0,40,0,0,0,0,0,0,0,0,82,73,0,0,0,0,0,38,58,0,0,0,0,64,0,257,0,81,0,0,0,0,0,0,0,0,0,0,0,83,0,0,44,0,0,0,80,0,0,0,0,0,0,127,0,0,0,0,0,0,0,0,0,195,0,0,0,0,0,0,0,21,0,0,0,360,0,95,0,0,0,0,0,0,0,26,0,0,0,0,0,0,0,39,21,40,46,0,70,0,0,0,52,195,0,33,0,50,0,0,94,0,0,30,0,0,0,0,58,0,0,52,0,0,0,0,0,0,94,0,0,34,0,0,0,0,0,48,0,0,0,0,0,0,0,0,0,0,143,0,50,0,0,346,0,0,0,0,0,37,0,0,0,0,47,31,94,0,0,0,75,0,0,0,61,57,0,0,0,0,0,0,0,0,127,0,0,0,0,54,0,108,0,0,0,0,0,0,0,38,0,41,0,72,0,0,0,0,0,0,0,0,0,0,84,67,0,0,0,0,0,0,98,115,0,0,26,0,111,54,0,34,0,0,0,0,0,0,0,0,0,40,0,0,0,0,0,78,0,0,0,57,0,0,0,0,52,0,0,0,0,0,0,40,0,0,25,0,0,0,97,0,0,60,0,0,0,0,0,0,0,0,0,0,0,0,0,0,0,0,0,0,0,0,0,0,0,0,0,29,0,20,0,0,0,0,0,53,105,0,0,0,0,48,0,0,0,0,27,0,0,0,0,0,0,0,0,0,0,0,0,0,0,0,0,0,0,0,0,0,0,28,0,0,0,0,33,0,0,0,0,0,0,0,191,54,0,44,0,0,642,0,42,0,13,0,0,60,0,0,0,0,0,0,21,95,0,0,0,47,0,0,66,0,0,0,31,0,0,0,0,0,0,0,0,0,0,0,0,0,87,0,0,0,167,219,0,170,0,0,0,0,0,22,0,0,55,0,0,0,0,0,82,0,37,0,0,0,61,84,0,102,0,0,0,0,0,69,0,0,35,62,33,22,0,0,121,0,0,32,0,0,55,24,0,0,47,0,0,0,51,0,0,0,0,0,134,0,0,0,0,0,0,85,0,0,0,0,0,68,0,0,0,0,0,0,60,0,0,0,16,18,0,0,0,0,72,0,0,0,0,0,0,0,0,0,0,0,0,0,0,105,0,51,0,0,30,0,0,0,99,0,33,0,0,0,0,0,34,0,0,0,113,0,0,0,0,0,0,40,0,0,0,0,0,0,0,0,0,0,31,0,76,0,0,71,0,0,0,0,0,0,36,0,0,94,0,0,0,0,0,0,108,0,60,0,135,38,0,0,0,0,0,0,56,48,67,0,0,0,67,0,57,0,0,15,62,0,0,34,0,0,0,108,243,0,0,0,0,0,0,105,143,0,57,0,0,0,0,0,101,0,0,49,0,44,0,0,0,130,0,24,0,40,0,105,0,0,0,0,0,49,0,0,86,0,30,0,0,0,45,46,0,70,0,0,0,0,0,276,0,0,0,0,22,0,0,0,90,0,59,0,0,0,0,0,0,0,0,81,48,0,43,139,0,15,0,0,138,0,0,0,18,115,0,0,0,0,0,46,0,0,0,0,75,50,0,0,60,0,0,0,65,0,0,0,116,0,185,63,0,0,0,0,72,0,48,0,0,0,0,36,0,0,0,23,0,0,0,0,0,0,0,0,0,166,0,0,0,68,37,0,0,62,0,0,0,0,0,0,0,0,136,277,17,0,93,0,0,0,0,46,81,0,0,0,0,0,0,0,0,0,227,0,0,0,0,0,0,79,0,56,0,0,0,93,0,92,0,0,0,37,0,75,0,43,22,71,0,0,0,0,21,0,32,0,0,88,47,0,0,0,0,0,0,0,0,131,0,0,84,0,0,0,0,0,0,36,0,28,0,0,0,0,0,0,0,0,0,0,0,0,59,0,0,42,0,0,0,0,39,0,35,0,54,153,0,0,0,0,0,0,0,35,0,0,0,0,0,0,0,0,0,0,0,0,0,0,0,0,31,0,68,0,0,0,39,0,0,0,0,0,33,0,0,0,22,0,0,0,154,0,0,0,199,0,49,0,0,0,0,0,24,33,0,41,0,0,0,0,0,27,0,74,0,0,0,30,0,0,0,62,87,0,0,35,0,0,0,58,0,0,0,0,0,0,66,0,0,0,0,0,186,0,0,63,0,0,0,0,0,0,0,0,76,52,0,0,0,0,0,0,0,0,0,0,0,0,0,0,59,74,78,0,0,0,0,0,44,0,0,0,61,0,0,41,0,63,0,86,38,0,0,0,0,0,34,0,46,42,0,0,0,0,0,0,0,0,0,0,0,38,0,0,161,0,0,0,0,0,0,0,0,44,0,0,45,0,0,118,0,0,0,0,106,68,0,0,0,0,0,0,74,0,25,31,0,0,0,0,0,0,0,0,0,42,0,0,0,0,0,0,34,0,0,0,0,0,0,0,72,0,0,0,0,0,0,0,99,0,0,0,0,0,0,0,306,0,0,0,0,0,0,0,37,0,0,193,0,0,0,0,0,36,0,0,0,0,34,0,27,0,0,0,107,26,0,0,0,0,0,56,60,0,106,26,0,64,0,78,0,0,0,0,0,0,0,0,0,0,23,0,48,0,20,19,0,0,29,39,0,0,0,0,49,0,0,51,0,0,0,0,0,41,42,0,133,70,193,0,0,0,0,0,0,24,0,0,108,0,247,0,69,0,18,64,0,30,0,0,0,0,0,0,0,0,0,225,148,0,0,55,0,0,0,0,0,0,0,0,57,0,0,59,0,70,0,0,0,56,0,0,48,0,0,65,53,0,0,0,0,53,29,0,93,0,0,0,104,0,0,0,41,0,0,30,0,0,126,83,0,0,0,0,0,188,0,120,39,0,0,0,44,23,0,0,0,0,0,34,0,0,0,0,0,0,147,0,0,211,0,0,0,0,0,20,0,0,0,86,0,0,49,0,0,0,31,46,0,0,0,0,0,0,23,0,0,52,0,0,108,0,0,40,0,0,49,36,58,0,0,0,0,0,0,0,0,0,0,64,0,0,65,0,0,0,0,0,115,0,38,0,65,91,33,62,0,0,0,0,0,64,0,49,0,106,79,61,42,0,0,0,0,0,0,0,79,0,0,0,90,0,387,0,0,0,34,0,27,0,0,121,0,0,0,0,0,47,0,89,0,27,0,193,0,0,0,31,0,0,0,0,0,0,0,0,62,0,216,36,0,0,0,0,0,32,34,0,0,0,0,67,290,0,0,254,38,0,0,117,0,76,44,0,45,0,0,0,96,0,0,115,0,106,50,35,52,0,51,0,0,0,300,28,0,0,0,162,0,63,92,133,0,0,0,0,0,0,0,0,212,0,0,0,48,97,0,66,65,0,165,0,0,0,0,0,30,0,66,0,411,85,0,0,0,0,76,18,62,0,0,125,112,40,0,0,0,0,0,0,0,0,0,0,0,112,40,33,0,194,0,0,0,0,0,37,0,0,26,0,165,0,0,0,0,0,0,0,0,118,488,49,0,0,0,0,0,0,42,129,0,51,85,0,0,32,44,195,0,0,0,0,26,33,0,0,31,0,0,0,0,0,38,0,71,0,0,142,0,0,36,0,27,71,36,141,114,67,0,113,0,0,45,0,74,238,27,0,0,112,36,44,66,0,0,57,0,44,0,45,456,38,150,42,0,94,54,76,67,0,72,0,0,96,29,0,0,0,494,26,0,0,0,0,0,197,0,0,0,405,0,54,0,37,35,0,125,0,0,133,0,51,376,63,129,0,273,0,0,142,0,0,0,0,44,0,0,0,80,53,0,83,33,0,39,0,110,0,0,0,57,35,0,69,0,0,40,49,0,0,0,166,0,0,0,0,0,25,0,44,252,0,0,92,0,0,0,0,59,155,0,0,0,99,0,0,0,46,0,0,46,29,0,0,0,0,0,55,90,0,59,0,0,0,0,0,0,69,0,0,0,0,29,68,0,0,0,172,0,51,43,69,28,0,54,0,0,0,73,0,81,0,63,37,0,0,0,0,0,0,84,139,0,36,80,94,0,35,0,0,0,0,0,0,0,0,0,0,93,68,0,0,0,0,0,61,0,0,0,0,209,87,0,0,0,0,0,33,0,51,0,70,0,0,57,131,0,0,200,30,0,0,36,27,0,0,0,0,0,42,0,0,0,0,0,0,0,0,0,0,0,0,0,0,51,0,0,0,0,57,0,537,0,0,0,43,50,0,103,0,88,0,50,30,44,47,0,65,0,0,0,0,0,0,105,87,0,0,32,40,31,0,0,0,44,0,0,0,0,0,24,65,0,755,47,0,74,0,0,0,0,0,0,0,112,0,0,0,0,0,0,0,0,0,0,0,33,0,0,0,0,101,0,0,121,0,97,0,96,0,0,0,0,0,0,0,53,0,0,0,0,64,13,0,0,86,0,168,56,0,0,0,0,0,0,222,130,0,0,0,0,0,0,0,0,0,0,0,0,0,0,0,0,0,0,114,0,0,132,0,0,0,105,0,0,0,0,0,0,0,0,101,0,0,63,59,0,0,0,0,0,23,0,0,0,45,264,0,0,0
254,0,0,0,0,0,0,0,0,0,0,0,0,0,0,0,0,0,0,0,0,0,0,0,0,0,0,0,0,0,0,0,0,0,0,0,0,0,0,41,0,0,0,0,64,0,0,0,62,0,47,0,0,0,0,0,0,0,0,0,0,0,0,56,0,0,13,0,0,0,0,0,0,0,0,0,0,0,33,0,0,0,0,44,42,0,0,0,0,0,63,0,0,0,0,0,0,0,0,19,0,0,0,0,0,0,0,0,0,0,66,0,0,0,0,0,0,0,0,0,65,0,0,0,0,0,0,0,0,0,0,0,0,0,36,0,0,0,0,0,0,0,41,0,0,0,0,0,0,41,0,0,0,0,0,0,0,23,0,0,36,0,0,0,0,29,0,0,0,0,0,45,0,0,0,0,0,0,0,0,0,65,0,0,0,0,0,0,23,0,0,0,0,0,62,0,0,0,0,33,0,0,0,0,101,0,0,0,0,33,0,0,0,0,0,0,0,0,0,0,0,0,0,0,0,0,0,0,82,0,0,0,0,0,0,0,0,0,0,0,0,0,0,0,0,0,0,0,0,0,0,22,0,0,0,0,0,0,0,0,0,0,0,0,0,0,0,0,0,33,0,0,0,0,0,0,0,0,72,0,0,0,0,0,0,0,0,0,92,0,0,0,0,0,0,0,0,0,0,0,0,0,55,0,0,0,74,185,0,0,0,0,0,0,0,0,0,0,0,0,0,0,0,0,0,0,0,0,0,0,57,0,0,0,0,0,0,0,0,0,0,26,0,0,0,0,0,0,0,95,129,0,0,39,0,0,0,0,102,0,0,0,0,0,0,70,418,0,0,0,0,0,0,0,0,61,0,0,0,0,0,0,0,0,0,83,0,0,0,0,0,0,131,0,0,0,49,0,0,0,0,0,50,0,0,0,0,0,0,0,0,0,0,0,0,0,0,0,0,0,0,45,0,0,0,0,0,0,0,0,0,0,0,0,0,0,0,33,0,0,0,0,47,0,30,0,50,0,0,0,0,0,0,0,0,0,0,0,0,0,0,0,0,0,0,0,0,0,0,0,0,0,56,0,41,0,43,0,30,0,0,0,0,46,44,0,0,0,0,158,0,0,0,0,0,0,0,0,34,0,0,0,0,242,0,37,0,0,0,0,0,0,0,0,0,0,43,0,0,0,32,0,40,0,54,0,0,0,71,0,0,0,0,0,0,0,0,0,0,0,0,0,0,0,0,0,47,0,0,0,0,0,0,56,0,0,0,0,0,0,71,217,0,0,0,57,0,0,0,0,59,59,0,0,0,0,0,155,0,0,0,0,0,0,76,0,0,103,20,0,0,64,0,0,0,0,0,0,21,0,0,0,0,0,0,0,0,48,0,0,0,0,0,0,0,0,0,0,0,0,0,0,0,0,0,0,0,0,0,11,0,0,0,0,0,0,0,0,0,0,0,0,0,0,0,0,0,0,0,0,119,0,0,0,0,0,0,0,0,0,0,0,0,0,0,0,0,0,0,0,48,0,97,0,21,0,0,0,72,0,0,0,0,0,0,0,0,0,0,0,0,0,0,0,0,0,0,0,0,0,0,40,0,28,0,0,0,0,29,69,0,0,0,0,0,0,0,0,85,0,0,0,0,0,0,0,82,0,0,0,0,0,0,0,0,0,0,0,33,88,0,0,400,67,0,0,0,0,0,0,0,24,0,0,30,0,0,0,0,0,0,0,0,0,0,55,0,0,0,22,31,0,0,0,0,0,0,0,0,0,15,0,0,0,0,0,50,0,0,117,0,0,0,0,0,0,0,0,0,0,0,0,29,0,0,0,0,0,0,0,0,0,0,49,0,148,0,0,0,31,47,0,82,0,0,0,0,0,0,0,0,0,0,0,0,0,0,0,0,0,0,0,0,0,0,0,0,0,0,0,0,0,0,0,0,0,88,0,0,52,0,15,0,82,0,37,0,0,0,0,0,0,0,0,0,0,0,0,0,0,0,40,0,0,0,0,0,0,0,0,0,0,0,17,0,28,71,0,0,0,0,57,0,0,0,0,0,35,27,0,43,0,0,0,0,35,40,0,44,0,0,43,0,0,0,0,0,0,0,0,0,0,0,0,0,0,0,22,0,0,0,0,0,0,0,0,0,0,0,0,43,0,0,20,0,0,0,0,0,0,0,0,0,0,92,0,0,0,0,0,0,0,0,0,0,0,0,51,0,0,0,41,0,0,0,0,62,0,82,0,223,26,0,0,0,0,0,0,0,23,0,0,0,0,0,0,0,0,36,0,0,0,0,0,0,0,49,80,0,0,0,0,0,0,0,0,0,59,0,0,0,32,0,0,0,0,0,0,187,0,0,0,0,0,0,0,0,0,0,0,0,0,0,0,115,0,0,0,59,0,0,96,0,0,0,104,252,0,0,0,0,0,0,0,0,0,0,0,0,0,0,0,0,0,0,0,0,0,0,0,0,87,0,0,0,0,0,0,0,0,0,0,56,0,0,0,0,0,0,0,0,0,0,99,0,54,0,0,0,76,0,21,0,0,0,0,0,0,0,0,0,0,0,0,0,0,0,0,0,0,0,0,0,0,0,0,0,150,0,0,0,0,0,0,39,0,0,0,0,0,0,0,57,0,0,0,0,0,0,0,0,0,0,0,0,0,52,70,0,0,0,0,0,0,0,0,56,0,0,23,0,108,0,0,0,0,0,0,0,0,0,0,0,0,76,0,0,40,0,0,156,0,0,0,35,0,0,0,0,34,0,0,0,0,0,0,0,0,0,41,0,0,0,0,0,0,0,0,0,0,0,25,0,0,0,0,0,0,0,0,0,0,0,0,0,0,0,0,0,0,0,0,42,0,0,0,0,0,0,43,0,0,0,0,0,0,93,0,0,0,33,0,0,0,0,0,0,0,0,0,0,0,0,36,0,0,35,0,0,0,0,0,0,0,0,0,0,0,0,0,0,0,0,0,32,0,0,56,0,0,66,0,0,158,0,0,0,0,0,0,138,0,0,0,0,0,0,70,0,0,0,20,0,0,0,76,0,0,0,28,0,0,0,0,0,0,0,0,0,0,0,0,0,28,0,0,0,364,108,0,76,0,0,0,0,0,0,0,0,53,0,0,0,0,0,103,0,0,0,35,0,39,0,0,85,0,0,0,0,0,56,0,0,0,0,56,0,0,0,68,0,0,80,0,0,0,0,0,0,0,0,0,0,0,0,0,0,0,0,137,60,0,0,0,0,0,51,0,0,33,0,0,95,0,0,0,71,0,0,0,23,24,0,0,29,33,0,0,0,38,0,0,0,0,0,0,27,0,0,0,0,0,50,0,37,0,0,0,0,62,0,0,0,151,0,0,0,0,0,0,0,0,0,0,35,74,0,0,0,0,0,0,0,0,0,0,0,0,0,74,21,0,0,0,0,0,0,0,20,0,0,31,0,0,0,0,0,0,29,0,0,0,0,0,0,0,0,15,0,71,0,0,0,0,0,0,0,33,0,0,0,0,0,0,0,0,0,0,0,29,0,0,0,76,0,0,0,0,0,0,0,0,0,0,0,48,0,0,0,0,0,0,0,0,0,0,0,0,0,0,0,0,0,0,0,0,0,0,41,0,0,0,0,0,0,0,0,0,0,0,0,0,0,0,0,0,0,0,0,0,0,0,79,0,0,0,0,0,0,0,0,53,0,0,0,0,0,0,0,0,0,0,0,0,0,0,24,0,0,0,0,0,0,0,0,0,0,0,0,0,0,0,51,0,0,0,0,39,0,0,0,0,0,49,0,0,0,0,0,0,0,185,0,0,0,0,0,0,0,0,0,0,0,0,0,0,0,0,0,0,0,0,0,0,0,0,0,0,77,0,0,0,0,0,0,0,18,0,0,0,0,0,0,0,0,64,143,0,0,0,0,0,0,0,0,75,0,0,0,0,0,46,0,0,0,77,0,0,0,0,0,0,0,0,0,0,0,0,0,0,92,0,0,0,0,0,0,0,0,0,0,0,0,0,0,0,0,0,0,0,122,0,0,0,0,0,0,0,0,0,73,0,0,0,0,0,0,0,0,84,0,0,0,0,0,0,0,51,0,0,0,0,0,0,21,0,42,0,0,0,0,142,0,62,0,0,0,40,40,0,0,0,0,0,0,0,50,0,0,0,92,0,34,0,0,0,0,0,0,0,0,0,0,0,0,78,0,40,0,0,0,0,0,0,0,0,0,129,0,0,0,0,0,173,0,0,0,0,0,0,0,0,0,0,55,0,0,0,41,0,0,0,0,0,0,0,108,0,0,0,26,54,0,0,97,0,0,0,0,86,0,0,0,0,0,0,0,0,107,80,0,0,0,0,0,60,21,30,73,0,0,0,0,0,0,0,121,0,31,0,0,0,0,0,0,31,0,54,46,0,0,0,70,63,135,45,0,0,0,0,44,0,0,34,44,97,0,0,100,0,0,0,122,26,0,0,0,0,0,0,66,57,201,0,0,0,0,0,0,0,0,0,61,0,0,0,0,128,0,0,0,0,0,54,0,0,0,0,0,0,0,0,105,0,0,0,0,174,29,0,0,0,0,0,0,54,0,127,37,73,0,65,36,0,0,0,0,51,39,49,0,40,0,0,0,53,0,0,0,39,0,37,0,0,0,0,0,25,0,0,65,80,0,0,0,64,49,0,0,0,0,0,0,0,0,0,126,0,0,50,298,0,0,0,0,0,0,59,0,0,0,0,0,53,0,0,38,128,30,0,0,0,0,0,0,116,0,70,0,0,194,0,0,22,0,45,0,0,0,0,0,0,0,0,0,44,0,0,0,0,0,0,0,0,0,28,0,0,50,0,0,0,0,0,0,0,0,0,0,225,95,64,0,0,0,0,0,0,0,0,0,0,34,32,51,124,34,39,0,0,0,0,22,0,0,0,0,31,0,0,201,0,0,0,81,0,0,0,0,0,0,0,0,75,0,0,0,0,59,0,0,61,39,0,0,0,59,0,0,0,0,0,0,0,0,95,0,159,0,0,0,0,24,0,0,52,0,0,0,0,0,0,0,0,0,21,0,0,0,0,133,0,28,0,0,42,0,0,0,0,0,0,0,0,0,0,0,0,0,108,0,0,203,0,0,0,0,0,0,0,0,0,0,0,0,48,52,0,0,0,0,0,0,33,0,0,0,0,46,0,69,0,0,35,0,0,52,25,0,0,0,56,0,0,41,31,0,0,0,0,0,0,0,88,0,0,42,0,0,0,0,81,0,0,0,0,66,0,11,0,0,0,0,0,0,0,0,0,0,105,68,0,0,0,0,0,0,0,0,0,0,0,0,99,0,0,30,0,0,0,0,35,46,0,0,0,31,0,0,0,0,0,109,77,0,0,177,0,0,0,0,0,0,0,0,0,0,39,0,0,0,44,0,0,0,0,0,0,60,0,0,0,0,0,0,405,0,0,0,0,0,0,59,0,0,0,0,54,0,0,0,64,0,0,43,0,0,0,26,0,0,0,0,0,0,203,0,0,0,0,114,0,0,0,0,50,0,0,0,0,0,0,0,114,0,0,0,0,0,0,53,60,30,40,22,0,0,0,0,32,0,0,0,499,0,0,0,0,0,0,0,0,0,0,0,0,36,0,0,0,0,0,0,28,0,0,0,0,0,0,0,0,142,0,0,0,0,0,0,53,0,0,0,158,0,0,0,0,0,0,0,0,39,92,0,0,0,24,0,0,0,23,55,0,0,0,0,0,0,0,173,0,0,0,0,0,0,0,0,0,0,0,0,0,0,0,0,0,0,0,52,0,0,0,0,0,0,0,180,0,37,0,0,0,0,0,0,68,105,31,0,0,0,54,39,0,0,0,0,0,62,0,0,0,0,0,0,75,0,0,0,54,0,65,0,0,0,0,0,0,0,225,38,0,0,0,0,0,0,0,0,18,114,0,0,0,0,0,0,68,0,44,89,0,0,126,0,0,0,110,0,0,0,0,0,0,24,0,0,0,0,92,52,0,0,0,0,16,0,97,81,78,0,0,53,0,32,0,0,0,0,0,0,0,0,88,0,0,0,0,0,0,0,0,0,0,48,0,0,0,0,105,0,0,0,0,0,0,0,0,149,0,0,0,67,0,0,0,0,0,0,88,79,69,0,0,0,0,0,0,74,0,0,0,0,0,34,0,0,0,65,0,0,0,0,0,35,0,0,0,0,143,0,313,0,0,0,0,0,0,0,0,0,0,0,0,0,0,0,0,0,0,38,0,0,0,0,0,0,0,0,62,59,0,0,0,0,23,0,0,0,0,0,61,0,0,0,0,0,0,0,0,0,0,0,0,0,55,31,0,0,104,0,47,28,0,0,0,0,0,103,0,0,0,0,0,46,0,0,0,47,0,0,0,0,0,0,31,0,0,0,0,0,116,262,0,0,0,0,34,0,0,0,48,0,0,0,0,49,0,0,27,0,0,0,0,0,0,0,0,0,37,0,0,0,52,0,193,12,0,0,0,0,0,89,0,88,0,0,83,0,0,49,57,0,0,0,76,0,0,42,81,0,0,0,0,0,0,0,49,0,0,58,28,62,52,0,79,0,199,0,0,0,0,0,0,0,11,0,79,0,0,0,0,39,72,0,0,0,0,66,75,0,0,30,0,0,0,136,0,0,0,0,0,0,0,0,0,0,0,0,0,0,0,0,0,0,0,98,0,0,0,0,0,0,141,0,0,17,0,0,0,0,0,58,0,0,0,0,0,43,0,0,0,0,0,0,0,44,59,0,0,0
255,0,0,54,136,115,124,92,0,172,0,270,104,79,40,293,441,191,52,92,0,670,104,184,269,256,0,34,179,107,22,0,103,0,61,418,255,0,91,603,68,76,98,38,294,0,56,73,552,22,396,91,184,127,0,340,56,55,0,57,0,221,116,675,41,0,252,0,89,40,364,0,144,0,46,0,353,0,539,87,320,59,0,499,610,174,95,0,69,67,363,0,87,159,255,47,112,0,178,50,0,60,71,363,59,0,77,0,157,149,454,64,156,309,322,0,78,241,45,44,636,0,691,0,77,114,42,0,320,32,74,0,1022,53,204,219,401,139,71,37,251,94,309,594,0,0,88,145,65,340,0,61,335,66,186,240,0,152,0,722,473,142,44,254,78,281,160,60,282,567,394,355,57,77,65,238,59,74,420,83,87,388,0,79,92,103,115,684,693,0,0,0,302,130,233,44,149,44,0,141,0,191,281,52,776,0,78,31,88,242,393,271,113,130,75,39,127,199,0,91,206,371,154,39,963,0,61,248,624,33,144,54,0,59,42,0,69,134,393,169,0,192,109,68,117,0,346,0,93,0,144,160,906,106,354,154,98,0,120,210,757,246,26,53,47,0,69,1062,189,602,63,59,386,1165,106,163,165,31,1762,251,164,0,129,463,76,73,76,825,3739,148,150,105,305,0,80,163,29,88,291,0,88,59,69,66,0,268,333,337,25,168,166,1167,186,0,0,83,167,308,172,58,81,75,38,52,280,232,81,207,59,97,922,0,148,177,0,85,43,0,0,131,51,118,0,126,317,46,47,50,164,2109,249,204,76,356,893,0,130,149,473,605,0,153,227,61,235,320,777,378,132,44,216,180,88,77,144,183,372,0,0,437,107,92,75,56,162,677,122,143,211,52,88,85,831,48,149,103,920,87,291,453,40,56,332,0,65,227,85,50,132,49,242,0,106,69,0,0,398,219,472,333,90,151,182,77,122,214,193,82,348,91,0,50,148,29,189,0,86,65,97,321,0,51,670,293,367,81,480,274,69,160,55,0,468,0,90,42,136,180,0,75,382,0,361,410,50,92,0,170,57,110,94,64,527,252,72,140,442,834,318,306,249,107,405,430,179,0,0,104,395,363,343,181,0,633,117,172,309,273,472,112,0,290,90,1466,101,80,327,151,149,65,141,41,37,64,42,0,371,189,173,191,248,123,370,692,95,46,91,108,224,51,92,56,0,55,160,278,88,0,0,227,67,253,744,55,97,0,267,71,133,550,276,230,49,103,91,65,33,162,117,46,165,559,0,175,78,448,158,39,0,93,266,281,79,0,63,0,0,413,63,84,331,532,375,40,287,31,808,764,130,63,43,1031,0,220,63,58,0,276,48,192,65,0,207,297,167,249,87,277,56,51,0,86,203,442,293,30,101,110,53,92,39,76,0,79,66,49,0,126,0,215,291,92,82,94,79,154,165,93,79,0,0,51,319,0,0,602,51,74,63,314,234,0,46,171,730,0,251,82,103,315,199,88,114,0,32,236,116,183,90,140,502,114,248,28,254,100,140,90,524,50,59,57,174,204,409,52,185,74,330,0,120,106,103,0,146,135,135,70,689,26,62,125,18,160,154,86,78,177,434,151,100,516,258,26,0,57,48,139,360,171,416,98,154,1929,273,562,237,205,0,0,303,164,0,100,179,0,0,87,672,161,446,109,1323,177,0,278,51,29,245,0,130,200,88,0,393,56,43,84,29,105,35,229,72,202,0,153,0,198,0,152,373,146,83,46,55,540,40,45,107,134,340,68,208,54,60,0,281,134,272,651,0,0,102,51,0,106,0,107,117,54,186,72,110,108,511,144,421,204,262,0,197,68,184,272,76,334,0,66,63,94,267,0,516,98,80,126,268,108,54,282,682,41,72,50,53,0,82,176,42,0,0,51,365,66,423,82,0,238,77,93,273,52,212,0,0,0,1036,131,204,558,58,89,53,350,38,174,99,0,72,0,0,62,0,49,295,180,77,0,0,111,123,210,324,50,98,304,0,260,0,102,87,166,50,248,219,298,712,69,49,101,163,277,0,94,0,49,71,449,468,449,186,116,200,78,65,1022,238,135,227,42,279,464,105,59,0,236,194,53,81,163,82,78,59,33,113,70,135,176,167,37,62,165,32,381,0,326,46,109,73,77,168,0,81,240,106,0,0,97,737,68,79,139,178,143,278,100,0,161,148,615,46,23,39,469,149,64,0,411,92,0,135,142,46,0,61,192,744,91,753,39,2115,210,138,112,112,31,0,31,30,52,26,66,213,50,47,223,58,140,427,370,64,141,0,106,60,528,1326,502,123,78,49,69,51,110,117,0,464,290,66,0,61,182,0,0,140,429,0,228,930,141,268,128,98,190,152,100,183,190,136,48,170,0,184,123,650,0,158,169,256,316,0,715,150,77,205,822,1234,419,238,50,343,166,68,329,47,81,103,125,31,57,0,275,0,185,610,73,0,68,236,130,151,422,69,262,203,70,102,50,33,73,212,50,338,0,74,137,168,90,0,127,125,393,166,380,40,185,791,125,0,1045,131,365,413,82,125,0,0,126,149,355,0,34,259,1059,36,51,31,243,223,27,115,48,96,0,96,0,116,656,162,191,145,107,338,167,363,0,96,88,478,95,80,104,409,618,540,84,399,51,353,23,321,38,103,152,370,0,213,485,209,0,160,0,0,50,154,273,827,111,0,236,91,947,259,0,515,98,59,159,0,94,0,126,104,158,391,50,117,343,127,23,680,63,79,169,147,115,131,217,76,254,181,33,91,170,60,52,102,64,34,475,44,0,96,352,122,171,138,32,0,210,85,464,46,150,297,45,83,0,230,0,55,0,121,45,137,0,162,40,0,193,34,84,266,92,141,42,0,104,67,173,644,362,34,69,0,82,188,83,81,41,204,160,0,71,182,136,0,86,95,0,234,115,159,208,0,45,60,108,0,233,0,449,121,36,113,166,133,95,660,260,123,75,228,58,269,80,63,743,472,159,280,60,35,1688,52,368,0,98,133,60,547,0,179,209,74,188,67,329,173,43,0,74,198,44,58,447,42,71,52,223,71,254,44,252,215,59,56,73,53,79,66,0,64,376,61,0,107,2791,855,115,704,71,171,225,506,146,0,105,61,302,74,100,175,120,0,860,117,240,156,560,0,548,320,0,331,79,0,81,0,18,264,173,87,172,105,531,119,613,57,611,47,137,322,0,78,174,189,136,251,141,55,146,103,213,248,69,259,230,39,924,379,164,178,325,67,44,202,50,0,900,0,48,257,0,82,62,454,0,168,366,140,80,79,328,136,128,236,246,0,369,264,54,37,176,62,106,108,48,159,262,40,328,208,312,423,95,154,67,48,398,60,144,0,921,630,319,144,56,156,84,20,93,455,69,192,576,36,23,87,205,86,105,113,53,22,118,24,0,169,671,262,0,83,389,199,373,66,160,164,97,104,681,0,39,0,313,144,34,340,91,73,42,97,0,40,425,61,235,0,245,236,80,42,433,454,82,82,471,182,150,22,71,130,680,0,807,41,96,122,244,41,93,116,590,130,159,179,1239,0,0,470,142,51,140,281,466,48,184,101,121,105,65,30,399,0,65,964,0,169,120,84,130,207,45,150,50,286,36,435,82,103,25,29,79,215,0,149,507,472,153,42,110,119,91,79,73,242,210,179,75,69,143,380,136,95,146,83,94,232,0,326,401,175,194,105,69,370,55,48,251,302,120,165,238,72,252,623,198,107,80,158,683,55,61,75,210,627,60,210,0,0,36,1092,204,117,79,80,897,141,183,71,276,66,236,67,595,0,30,0,631,97,790,222,109,138,0,253,476,125,422,26,272,114,205,69,171,348,50,86,36,270,0,102,34,151,646,0,0,926,69,0,64,152,291,74,85,507,259,121,107,78,77,74,253,199,439,1653,187,174,148,30,46,219,53,149,679,30,0,114,0,79,244,41,36,165,447,76,305,78,107,46,83,345,262,225,322,114,82,592,204,912,0,67,78,605,79,238,133,113,273,185,112,0,118,0,96,29,217,42,82,960,148,86,0,0,0,54,76,279,0,1671,49,153,79,0,57,204,120,0,371,389,71,227,53,66,191,174,183,50,192,43,0,95,34,179,295,235,69,68,0,35,841,0,189,66,272,209,637,592,61,368,248,197,37,93,127,415,459,344,66,420,0,67,134,0,65,0,54,116,127,0,189,210,319,239,610,226,85,129,244,51,40,0,140,38,147,207,733,139,112,137,83,39,1125,183,185,83,668,0,851,170,0,39,212,538,265,189,0,563,87,141,48,61,39,300,312,709,70,32,0,219,161,111,284,383,378,44,31,145,517,30,0,157,86,38,0,95,80,514,587,138,190,172,32,0,1339,59,111,1149,195,45,0,81,106,88,29,727,415,574,0,178,0,74,36,52,390,198,254,195,109,337,420,148,192,722,493,241,0,85,140,161,302,219,180,101,801,46,0,316,172,283,88,332,377,102,88,0,53,163,378,258,268,886,80,0,292,39,53,77,222,0,52,237,0,389,0,87,546,91,50,37,0,167,214,85,128,114,146,388,211,47,109,344,125,57,42,83,724,1191,16,253,72,147,72,0,248,83,280,560,184,241,338,126,62,0,0,56,388,112,543,49,145,0,227,254,208,305,42,0,221,0,300,0,639,64,128,43,110,0,0,330,445,34,0,112,370,286,218,0,1640,0,43,0,65,0,0,398,119,181,218,694,54,0,116,58,60,265,267,220,52,91,140,63,251,225,73,351,504,79,203,75,132,95,254,66,367,221,564,143,73,475,256,257,133,191,179,161,87,50,67,140,48,68,56,129,138,387,204,85,50,0,228,224,100,0,85,51,131,367,94,232,352,41,42,108,0,147,94,142,927,556,646,279,0,73,30,50,162,146,75,0,291,198,1023,218,401,161,229,394,62,104,0,107,124,131,151,40,116,177,62,636,448,34,114,364,51,95,0,47,154,69,245,113,885,153,144,164,123,647,369,0,303,144,88,131,52,513,105,189,80,0,218,108,61,172,530,74,543,260,67,58,280,157,102,55,259,176,0,286,88,0,276,169,66,62,182,53,32,1160,0,524,70,125,151,85,172,498,51,31,117,67,109,93,118,430,64,210,50,102,936,192,184,743,129,161,0,55,178,60,78,39,131,167,238,451,356,207,37,0,128,109,103,147,165,63,40,147,161,142,0,287,108,78,432,45,0,312,112,32,244,187,454,52,144,100,108,82,65,0,54,376,71,220,278,107,476,613,46,111,0,0,363,41,345,318,126,509,198,383,172,185,434,0,103,266,74,106,247,280,536,373,248,72,0,268,205,55,34,98,135,63,103,131,265,114,2146,101,0,118,162,33,242,582,113,658,151,267,76,99,0,164,37,618,906,363,44,574,0,0,221,98,215,202,83,0,0,367,138,146,111,52,735,327,0,0,0,0,56,337,118,52,0,237,60,118,2431,86,75,1767,209,160,67,399,73,814,329,48,422,258,49,63,365,47,0,261,37,386,151,182,153,83,137,76,0,32,1261,245,41,57,0,1176,0,215,407,458,594,0,0,139,208,195,0,0,502,0,120,185,143,386,272,357,404,184,615,99,54,92,99,48,201,30,261,0,2899,631,75,65,97,300,204,71,208,102,150,502,383,369,116,233,120,0,165,78,201,85,72,0,159,275,352,66,34,772,102,0,286,76,0,79,431,46,120,156,745,0,98,0,290,221,105,33,74,341,315,129,50,86,281,83,166,46,187,559,55,137,386,82,134,67,252,819,64,47,69,0,142,99,89,207,356,54,109,149,0,265,243,214,310,78,128,553,43,120,239,120,216,165,168,712,271,321,169,252,58,129,115,131,473,1489,313,23,0,569,251,334,339,109,310,372,102,338,100,103,437,231,604,92,317,180,222,288,396,42,265,170,91,597,301,62,120,61,1238,229,135,0,73,105,41,493,0,62,91,1053,40,102,472,264,145,69,357,54,352,494,93,216,2527,93,1574,188,723,84,140,848,75,156,226,263,151,291,0,0,316,304,55,200,107,54,229,0,594,531,295,0,179,351,59,429,0,33,194,129,225,111,93,581,550,97,175,0,0,201,55,404,616,101,180,661,47,91,42,105,429,271,49,120,192,358,67,119,178,575,113,0,253,192,102,134,905,170,118,210,422,400,572,249,0,157,0,24,56,318,46,132,108,0,218,286,83,89,0,812,0,310,315,452,214,351,186,440,0,0,1232,191,1388,50,253,210,47,119,66,62,166,183,820,249,102,288,189,524,65,234,76,141,239,102,100,54,67,144,184,172,990,589,108,142,36,39,271,138,0,0,105,0,927,174,128,0,70,71,155,243,187,152,98,478,100,280,567,497,78,73,1516,176,140,78,164,227,94,0,75,788,22,115,18,203,110,146,99,62,85,160,200,98,121,209,225,103,531,72,180,0,226,499,673,1902,133,169,143,404,610,109,479,89,247,200,195,61,267,438,233,407,123,226,0,274,364,0,679,319,51,96,250,220,646,73,313,66,784,165,78,50,152,54,153,382,45,2140,474,47,852,40,0,292,157,56,265,128,950,0,0,86,291,0,0,420,45,0,71,45,253,99,157,300,261,813,252,40,698,124,608,57,385,74,154,123,67,61,489,200,525,83,102,168,49,403,701,98,103,618,120,718,1267,92,129,137,71,81,42,2201,389,0,34,207,179,144,61,0,139,71,0,204,226,266,140,0,119,58,0,983,244,79,204,65,243,52,1444,88,45,0,31,51,31,35,109,628,0,238,438,394,99,163,181,0,102,194,179,146,39,140,1689,221,94,106
256,0,0,0,0,0,0,0,0,0,0,0,0,0,0,0,52,132,0,0,0,22,0,0,0,0,0,0,0,0,0,0,0,0,0,0,0,0,0,60,0,16,0,0,89,0,0,0,65,0,0,0,0,63,0,67,0,0,0,0,0,0,0,63,0,0,0,0,0,0,84,0,0,0,0,0,0,0,61,0,0,0,0,0,0,0,0,0,0,0,69,0,0,0,0,0,0,0,0,0,0,0,0,0,0,0,0,0,0,0,77,0,0,0,0,0,21,0,0,0,0,0,0,0,0,0,0,28,0,0,0,0,0,0,0,0,0,0,0,0,0,0,40,180,0,0,0,0,0,0,0,0,0,0,0,0,0,0,0,34,0,0,0,0,0,0,0,0,0,0,0,0,0,0,0,0,0,0,30,0,0,52,0,0,0,0,0,84,0,0,0,0,0,0,0,0,70,0,0,30,0,0,0,0,258,0,0,0,0,0,0,14,0,0,0,0,0,0,0,0,75,0,0,0,0,0,0,0,70,0,0,0,0,0,0,0,0,0,0,0,0,0,0,0,0,0,0,0,0,0,0,0,0,0,0,0,0,0,0,0,58,0,0,0,0,0,0,0,105,69,0,0,0,21,0,0,0,0,0,0,0,0,43,0,0,0,0,0,56,0,0,0,0,0,0,0,0,0,0,0,0,0,0,0,0,0,0,0,0,24,21,0,0,0,0,0,0,0,0,0,0,0,0,0,0,0,0,27,0,0,78,0,0,0,0,0,0,0,0,0,0,0,0,0,0,0,0,0,0,129,0,0,0,0,39,0,0,0,0,138,0,0,0,0,0,0,0,0,0,0,0,0,0,0,0,0,0,0,0,0,0,0,0,0,0,178,0,0,0,0,0,0,31,0,0,0,0,0,0,0,0,0,0,0,0,0,0,0,0,0,0,0,0,0,0,0,0,0,53,0,0,0,0,0,0,0,0,0,0,0,0,0,0,0,0,0,0,0,0,0,0,0,0,0,0,0,0,0,0,0,0,0,0,0,0,0,0,0,0,0,0,0,0,60,0,0,0,0,0,0,0,0,0,0,0,0,37,0,0,0,0,0,0,0,0,0,0,0,70,0,0,0,0,71,0,0,0,0,0,0,0,54,0,114,0,0,0,0,0,0,0,0,0,0,0,0,0,0,0,0,0,0,0,56,0,0,0,0,0,0,0,0,0,0,0,0,0,0,0,0,0,0,31,0,0,0,0,0,0,114,0,0,0,0,0,0,0,0,0,0,0,0,0,0,0,0,0,0,0,0,0,0,0,0,0,0,0,0,0,0,0,0,0,0,0,0,0,0,0,0,0,82,0,0,0,0,0,0,0,0,0,0,0,91,55,79,0,0,0,0,0,0,0,0,0,0,0,0,0,0,0,0,0,0,0,0,0,0,0,0,80,0,0,0,0,0,0,0,0,0,0,0,0,0,0,0,0,0,0,0,0,0,0,0,78,0,0,0,0,89,0,0,0,0,0,0,0,0,0,23,0,0,39,0,59,0,0,42,71,0,0,0,0,0,0,0,32,0,0,0,0,0,0,0,0,0,0,0,16,0,0,0,0,0,0,0,0,0,71,11,0,71,0,0,0,0,0,0,0,0,0,0,0,65,0,145,0,0,0,0,0,0,0,0,0,0,0,0,0,34,47,0,0,0,0,0,0,0,0,0,0,0,0,0,149,0,0,0,0,0,0,0,0,0,0,0,0,0,0,0,0,20,0,0,0,50,0,0,0,0,65,0,0,0,0,0,0,0,0,90,0,0,0,0,0,18,0,0,0,0,0,0,0,0,79,0,0,0,0,0,63,0,0,0,0,0,0,0,0,0,0,0,43,0,0,37,45,33,0,0,94,0,0,0,0,0,0,0,0,0,0,0,0,0,0,0,0,0,0,0,29,0,0,0,0,0,0,0,49,209,0,0,0,0,0,0,0,0,0,0,0,0,0,0,0,51,0,0,0,0,0,0,0,0,0,0,0,0,0,0,0,0,0,0,0,59,0,0,0,0,0,91,0,0,0,28,0,0,34,43,112,0,0,0,0,169,24,36,0,0,0,63,47,0,0,0,0,0,0,0,0,0,0,0,0,0,0,39,53,0,0,52,0,0,0,22,0,0,60,36,49,0,0,0,0,0,0,0,30,28,0,0,64,37,157,0,0,49,0,118,0,29,0,92,62,0,0,112,15,0,0,89,0,0,32,46,0,0,0,0,133,0,0,0,0,0,0,0,0,36,0,0,115,0,0,48,0,0,212,35,0,0,0,0,0,38,154,89,0,0,0,0,33,0,0,0,180,46,0,0,0,0,0,0,0,31,0,0,640,0,0,0,109,31,21,0,44,53,0,0,0,0,0,0,156,0,0,0,32,0,0,132,0,29,25,142,138,0,222,0,26,0,50,125,0,0,0,0,0,0,0,56,0,0,21,0,0,0,0,0,0,0,0,56,32,0,0,0,0,0,71,0,37,0,0,0,27,0,0,0,0,0,36,206,0,0,317,0,0,50,0,0,73,0,0,0,0,0,55,0,0,0,41,253,0,0,0,36,82,0,0,0,0,0,44,0,0,45,0,0,0,73,0,34,0,0,20,0,0,0,0,0,56,63,0,0,174,0,69,0,0,0,0,105,73,0,43,52,72,0,0,0,0,0,0,109,148,42,0,0,0,65,39,0,97,51,0,0,0,0,0,0,0,0,95,0,0,23,0,0,120,0,0,36,87,0,0,0,0,0,0,0,0,31,0,0,0,0,0,35,0,0,0,34,0,0,30,0,0,0,0,0,0,0,0,0,0,0,64,0,0,0,0,0,0,0,0,0,0,41,0,0,72,21,28,0,0,0,0,0,156,85,0,0,0,0,55,0,0,0,0,0,0,0,0,0,0,0,0,0,42,36,0,0,0,0,0,0,0,71,0,49,0,0,0,0,0,0,0,56,0,0,0,0,0,0,0,67,0,0,28,0,0,807,0,32,0,0,0,0,45,0,0,45,0,31,0,45,38,0,0,0,0,0,0,60,0,0,0,0,0,34,0,55,0,0,0,0,0,0,0,0,0,74,0,0,43,88,78,0,179,0,0,0,0,0,0,0,0,0,0,0,0,0,0,174,0,0,0,113,0,175,81,0,26,0,0,0,0,0,97,0,0,50,0,0,0,140,0,32,0,40,130,0,0,33,49,0,0,0,0,45,0,34,0,0,72,0,0,40,50,45,38,19,0,0,89,0,0,93,0,0,0,0,0,0,0,0,0,111,41,0,17,0,0,0,37,0,0,90,0,0,0,0,30,0,0,0,0,0,0,0,48,80,100,0,0,0,0,67,0,0,0,167,193,0,0,0,40,0,0,0,129,0,0,183,0,0,0,78,0,0,31,0,0,0,0,0,61,13,0,0,0,0,0,0,0,0,51,0,0,0,0,0,0,0,41,0,0,56,0,0,0,0,0,49,0,64,0,109,0,0,0,0,26,0,0,0,0,94,0,0,0,289,0,113,0,0,39,0,0,0,0,121,0,0,129,73,0,0,0,0,0,32,59,106,0,0,0,64,0,0,0,0,0,0,156,0,21,0,0,0,0,0,0,0,0,0,0,0,0,0,0,0,0,0,0,0,158,0,0,0,0,0,48,0,0,0,0,0,32,0,240,0,0,0,0,0,0,0,79,0,0,42,0,0,0,0,0,0,0,0,46,0,0,0,66,0,0,0,34,174,0,0,0,0,57,0,0,0,0,0,52,0,0,0,0,0,41,52,0,0,0,57,0,151,0,0,0,107,0,93,22,42,29,0,13,32,0,66,0,0,0,0,0,38,35,0,0,0,0,0,23,0,50,37,0,0,71,0,0,0,0,0,0,0,0,0,0,0,0,0,0,38,0,83,85,0,52,0,0,0,23,0,0,0,0,0,0,0,0,0,0,0,0,97,0,105,0,0,0,0,72,37,0,0,0,0,59,0,179,0,0,0,36,0,123,0,0,0,36,0,0,0,0,0,0,0,0,0,199,0,0,0,0,0,0,0,72,0,80,0,62,100,0,0,0,32,0,93,0,0,69,0,0,111,119,94,0,37,0,0,0,0,58,67,39,0,0,0,0,310,0,33,0,33,51,118,203,0,78,45,0,0,0,0,134,131,0,0,138,0,33,0,0,0,0,0,0,0,0,45,40,111,46,115,0,0,0,42,0,0,0,91,0,65,0,0,0,47,36,25,0,569,37,35,0,121,0,189,0,0,0,73,122,57,0,0,0,0,0,0,0,0,0,77,102,26,0,0,42,0,0,71,98,104,0,0,0,190,0,0,47,0,0,0,0,0,150,242,0,68,0,0,0,257,0,25,267,80,0,0,9,65,39,6,207,83,123,0,30,0,0,0,0,0,0,0,51,0,38,53,0,0,115,0,96,0,0,0,44,0,45,50,0,62,0,0,143,0,119,0,164,157,54,0,0,0,0,93,108,0,116,0,0,55,0,0,0,50,0,0,80,0,181,0,0,191,0,0,0,0,0,0,0,0,0,68,68,0,0,0,233,0,0,0,0,190,219,0,22,0,29,0,0,68,0,0,189,0,0,0,0,0,0,0,0,105,86,0,0,36,0,98,93,75,39,0,0,108,0,0,0,133,0,0,0,80,0,0,70,121,0,0,0,48,0,35,0,307,0,28,0,0,0,0,0,66,41,0,0,0,0,0,0,0,156,51,0,0,0,74,0,0,0,0,0,50,0,0,39,0,0,0,0,0,62,110,0,0,395,0,0,34,0,0,0,0,0,0,0,0,0,34,0,54,51,0,0,0,0,0,52,0,0,0,0,33,114,0,66,0,0,0,0,0,0,0,47,250,33,0,0,0,0,0,0,0,0,0,0,60,59,52,0,15,56,105,0,0,0,0,0,0,0,0,0,0,0,0,94,157,0,0,48,0,0,0,0,0,0,32,32,0,0,43,54,0,0,52,0,0,0,0,56,0,63,27,0,0,0,20,0,0,0,77,35,0,0,0,0,0,31,0,0,0,0,0,158,0,0,0,0,0,21,0,0,0,101,0,35,0,0,0,0,0,46,0,0,0,0,0,0,0,0,0,0,0,0,240,49,0,92,0,0,0,0,0,0,0,0,0,53,32,112,0,20,0,0,0,0,0,51,66,0,0,0,45,45,0,123,0,0,0,0,0,0,59,0,79,0,38,0,0,0,0,0,0,0,0,49,0,34,108,0,47,81,0,0,0,0,0,0,72,0,0,61,0,0,0,0,0,0,96,0,0,40,0,58,0,48,55,0,0,0,0,0,0,25,0,0,0,0,0,0,52,36,0,45,41,0,75,77,27,181,0,0,0,0,0,37,0,142,107,54,0,76,0,0,0,22,37,0,0,0,0,48,0,0,27,0,142,0,0,0,0,0,0,0,0,0,0,0,0,48,197,0,0,327,0,28,0,0,0,156,0,0,37,44,0,0,39,0,0,43,0,77,0,0,50,0,37,45,0,0,380,39,0,0,0,179,0,0,67,263,84,0,0,0,0,0,0,0,120,0,16,31,0,36,120,0,0,0,61,0,0,0,0,0,0,0,0,0,0,140,0,0,0,75,107,0,38,0,0,0,147,96,0,29,0,0,87,0,0,0,61,0,0,40,75,0,0,0,0,0,0,0,0,33,0,0,0,0,72,0,0,0,0,56,0,0,0,0,318,0,0,0,0,0,0,0,0,101,0,0,142,0,72,0,50,66,0,0,0,34,0,0,0,76,16,0,0,0,0,0,0,0,0,0,0,0,0,0,85,24,0,70,47,0,47,0,0,89,16,0,0,0,0,160,0,0,0,239,0,0,34,0,78,40,0,59,0,0,189,54,136,0,0,0,34,25,144,0,0,40,0,66,0,0,0,34,69,0,0,0,0,56,0,82,0,20,0,245,14,0,0,55,0,0,0,0,36,88,0,0,421,44,303,0,0,0,0,99,0,0,39,0,52,0,0,0,49,0,0,56,0,0,0,0,0,50,0,0,58,0,0,71,0,0,46,50,44,0,79,288,64,0,0,0,0,0,0,78,58,0,48,87,0,39,0,0,41,100,0,0,0,61,0,0,0,145,0,0,43,106,0,0,59,0,0,94,61,56,0,35,0,0,0,0,0,89,0,43,46,0,61,70,0,0,0,86,0,100,93,35,0,35,70,35,0,0,244,60,339,0,0,0,0,0,0,0,0,41,102,80,0,249,73,72,0,0,0,107,0,0,0,17,0,0,0,0,79,89,0,110,0,0,40,0,0,0,0,0,316,29,40,0,0,0,0,0,56,116,0,31,0,0,0,183,0,0,222,0,123,0,0,25,0,0,0,0,0,32,0,0,0,71,0,0,16,139,0,0,0,0,0,0,27,0,0,0,23,54,256,706,69,0,65,0,89,0,56,0,0,0,0,0,61,55,0,67,41,0,0,34,0,0,35,52,0,0,49,0,200,0,28,33,170,0,0,0,27,0,38,240,0,236,0,0,58,0,0,51,38,0,0,0,522,0,0,0,199,0,0,46,0,0,66,0,0,0,54,0,54,313,37,0,118,0,221,0,46,0,60,61,0,0,0,0,96,0,0,95,0,44,0,0,0,125,0,111,0,0,0,0,0,0,0,168,44,0,0,0,0,0,25,0,0,0,0,0,0,0,0,0,58,0,0,71,0,0,66,0,0,0,114,0,0,0,0,0,0,0,68,124,0,0,0,166,0,97,0,0,0,50,0,0,0,79,250,0,0,33
257,0,0,0,0,20,67,0,0,33,0,122,0,0,0,81,49,0,0,0,0,117,0,0,0,49,0,0,0,0,0,0,0,0,33,119,128,0,0,162,41,0,0,0,0,0,0,25,180,0,75,0,0,79,0,141,0,0,0,0,0,29,52,57,0,29,0,0,0,0,151,0,0,0,0,142,46,0,241,0,41,0,0,0,41,0,0,0,33,0,186,0,57,0,23,0,0,0,42,0,0,0,0,0,0,0,0,0,45,0,0,33,0,55,0,0,0,0,0,0,48,0,198,0,0,0,0,0,38,0,53,0,106,0,0,44,76,79,0,0,0,0,0,106,0,0,0,0,0,26,0,0,0,0,53,41,0,0,0,68,138,0,0,0,30,0,0,0,43,0,0,73,0,27,0,0,0,0,90,29,0,17,0,0,0,56,0,76,0,0,0,0,0,0,0,0,0,0,0,42,0,30,41,0,102,0,0,0,0,0,0,0,30,0,0,73,0,0,0,0,0,0,0,0,92,0,0,42,176,0,0,0,0,0,0,0,0,0,34,0,0,0,0,0,0,0,37,0,0,0,21,0,105,0,58,0,0,0,0,0,214,104,58,0,0,0,0,38,0,0,0,0,0,0,61,25,0,0,325,79,50,0,0,0,33,42,0,56,58,51,0,0,151,9,0,69,0,26,0,0,0,0,66,0,0,222,148,52,0,67,0,62,48,0,0,32,35,77,79,0,53,0,0,0,72,104,0,0,0,0,32,0,60,0,71,47,0,0,0,35,0,56,0,0,0,0,0,0,65,383,49,43,0,71,210,0,0,71,127,157,58,0,59,0,47,108,154,77,0,0,72,0,0,0,0,95,0,0,0,149,0,0,0,0,30,255,0,81,0,0,0,0,290,0,0,36,168,0,0,171,0,0,29,0,0,55,31,0,0,0,0,0,0,52,0,0,0,0,62,78,0,65,112,0,0,59,0,0,0,0,0,0,54,0,60,0,0,50,0,91,0,0,46,38,156,85,166,31,0,0,0,0,69,0,60,0,0,34,0,0,81,0,0,96,0,0,0,0,39,0,38,0,153,0,0,0,0,117,60,0,80,0,42,0,39,0,0,0,96,100,83,113,0,156,52,28,80,112,111,0,0,62,29,128,0,57,0,40,60,0,55,0,0,0,0,0,93,53,0,40,60,53,74,326,75,0,0,59,120,0,23,0,0,0,56,51,0,0,0,51,0,149,0,0,0,0,0,0,38,120,0,118,0,17,0,0,0,0,46,0,84,227,0,0,0,152,0,0,0,0,57,0,0,0,26,0,0,60,0,19,70,42,53,0,192,0,100,224,51,0,0,230,0,100,0,0,0,31,0,42,0,0,46,173,89,129,59,91,34,40,0,0,55,59,70,28,33,0,14,0,0,0,0,0,0,0,0,31,0,62,141,0,0,37,0,71,0,0,65,0,0,46,92,0,0,168,28,43,0,210,94,0,0,38,61,0,87,0,50,151,81,0,49,0,24,146,0,72,0,50,131,43,87,0,140,50,0,51,99,0,0,0,93,37,136,0,60,0,67,0,0,54,0,0,109,0,94,0,43,0,0,63,0,0,71,0,0,26,168,41,0,45,69,0,0,0,0,0,246,0,78,0,54,861,90,92,0,78,0,0,39,0,0,0,78,0,0,0,175,59,0,80,1216,77,0,46,0,0,72,0,43,63,45,0,327,36,0,0,0,60,0,73,0,25,0,139,0,36,0,0,51,62,67,19,0,185,0,0,0,0,115,0,64,0,0,0,91,64,143,191,0,0,0,44,0,65,0,33,28,0,0,0,0,0,65,0,94,126,78,0,92,0,143,90,40,117,0,28,0,32,28,31,53,0,0,92,117,36,0,114,64,0,0,46,0,0,26,57,9,0,0,0,112,0,99,0,0,0,0,0,0,0,125,0,0,0,234,76,95,250,0,28,0,141,0,69,0,0,0,0,0,0,0,0,241,76,37,0,0,39,0,38,64,0,25,0,0,40,0,0,0,115,0,144,74,81,267,0,0,21,0,86,0,0,0,34,0,77,95,228,31,0,0,0,0,383,0,0,0,0,0,0,0,0,0,37,44,28,39,31,0,0,0,0,72,50,38,201,84,0,0,0,27,31,0,27,0,0,34,27,83,0,0,79,0,0,28,0,119,0,23,49,37,48,141,37,0,136,46,242,0,30,0,207,0,0,0,0,0,0,0,49,0,0,49,0,484,0,303,0,1076,58,0,0,0,0,44,0,0,0,64,0,0,0,0,83,0,0,294,0,35,0,0,54,0,0,413,301,0,34,0,0,0,0,0,0,0,68,0,0,0,65,0,0,0,71,0,64,675,94,114,43,59,0,0,0,96,73,62,0,50,0,51,34,148,0,28,45,171,60,0,189,75,0,0,234,148,108,142,0,0,69,30,0,0,0,0,36,0,34,0,106,0,0,353,0,0,0,38,0,36,168,0,109,0,35,61,27,0,0,0,39,43,0,0,33,0,0,0,29,0,71,30,179,0,65,0,52,0,106,78,0,82,37,0,0,0,83,31,212,0,0,118,94,0,0,0,105,0,0,80,0,38,0,48,0,0,112,29,0,75,52,0,109,56,0,0,0,95,0,0,54,207,0,39,67,88,0,0,0,67,0,0,45,172,0,72,355,118,0,0,0,0,0,0,179,53,36,0,77,0,54,214,0,276,0,0,35,0,27,0,0,0,84,39,0,0,0,50,0,0,0,0,48,86,0,57,0,0,0,0,0,0,0,0,0,31,0,0,123,0,0,23,121,0,72,0,0,0,0,23,213,0,0,61,0,0,0,0,0,47,0,35,0,0,0,57,0,0,120,0,0,53,0,46,0,0,73,0,76,81,86,0,0,0,46,262,0,46,0,102,44,44,0,42,88,0,0,0,0,101,0,49,117,0,0,45,0,0,0,0,57,35,0,0,117,33,28,166,36,0,0,41,0,206,0,0,81,60,52,174,0,21,514,21,43,0,69,0,0,210,0,0,102,0,29,0,242,45,0,0,51,46,0,30,59,0,35,0,66,46,0,0,151,0,0,0,0,0,0,76,0,0,88,0,0,0,603,190,72,132,0,102,36,81,87,0,0,30,65,0,0,65,0,0,176,0,29,0,179,0,184,83,0,100,0,0,0,0,0,82,82,0,118,127,129,0,73,0,122,0,33,35,0,0,60,46,0,0,46,0,0,49,35,95,44,0,66,0,336,109,28,56,61,0,20,89,0,0,522,0,0,0,0,0,0,81,0,0,78,0,0,53,0,0,0,71,114,0,91,51,0,0,32,0,34,0,0,43,0,0,57,42,198,0,0,57,0,0,106,0,86,0,216,0,98,0,0,83,0,0,0,287,94,31,199,0,0,0,77,33,63,55,0,0,0,0,0,119,112,62,0,0,186,0,144,0,0,135,0,0,58,0,0,0,88,35,0,56,33,0,16,0,0,0,100,0,103,0,368,78,0,0,50,113,0,0,148,0,78,0,0,47,335,0,0,0,0,0,44,0,0,0,60,0,0,78,844,0,0,239,59,0,0,101,166,0,0,0,0,108,0,0,97,0,0,162,0,84,24,0,40,102,0,31,0,0,0,339,0,0,0,33,0,39,0,0,145,89,0,0,0,0,71,16,0,170,0,0,0,38,0,149,39,0,0,0,0,0,0,200,187,29,33,0,0,127,0,0,113,54,0,146,218,0,168,0,67,95,0,0,267,0,0,0,56,162,0,43,0,0,0,467,123,0,66,0,109,108,37,0,0,0,0,0,173,0,0,0,231,0,619,101,0,0,0,48,0,0,0,0,55,77,58,40,56,0,0,0,0,0,0,0,0,70,128,0,0,456,47,0,0,37,93,0,0,232,72,0,0,0,0,0,146,79,119,387,58,0,109,0,0,0,0,0,193,0,0,0,0,0,0,19,0,71,402,0,124,0,56,0,0,0,61,180,145,45,0,57,113,215,0,0,0,129,0,126,0,111,27,73,0,0,0,0,0,0,43,0,71,140,0,28,0,0,0,0,68,41,0,209,0,56,67,0,0,0,0,0,204,0,0,69,73,0,67,56,47,0,47,0,0,0,0,55,54,61,0,52,0,0,259,0,33,0,17,0,239,0,0,206,0,0,0,0,0,107,146,0,34,59,0,0,0,0,0,31,40,53,0,0,0,0,57,104,168,87,0,0,0,0,0,0,41,0,42,55,76,0,57,0,61,24,359,0,0,99,0,0,143,48,0,0,0,102,0,0,0,92,0,51,0,0,0,0,0,198,0,33,0,219,46,27,143,96,74,0,0,0,226,0,0,0,0,0,0,0,46,143,124,0,52,43,0,0,520,0,54,0,0,37,0,30,0,0,0,149,0,178,0,94,0,0,0,0,252,0,70,0,0,0,0,42,0,82,38,58,0,0,49,86,145,63,59,29,370,0,0,94,107,112,0,43,0,0,0,0,0,0,327,101,99,219,64,0,86,0,0,0,0,0,0,63,0,90,0,0,156,50,0,0,0,0,0,49,0,75,55,222,112,36,0,196,0,0,14,0,303,596,0,0,0,57,0,0,0,0,127,288,76,99,85,0,0,29,0,0,113,0,0,0,0,0,55,56,101,42,0,0,0,0,0,0,0,0,57,0,28,0,0,69,110,0,0,68,490,109,77,0,808,0,33,0,0,0,0,81,0,63,76,197,0,0,0,0,0,113,56,0,0,0,0,39,119,0,0,81,74,0,124,0,0,0,80,50,87,60,151,96,0,376,117,0,68,130,129,44,0,32,0,59,0,0,58,54,0,159,0,0,0,0,28,63,34,0,0,0,131,69,0,65,161,0,0,0,0,38,0,115,372,140,350,51,0,0,0,0,73,38,22,0,32,142,357,0,59,75,37,136,0,63,0,45,0,0,55,0,0,0,0,142,312,0,67,109,0,36,0,0,63,0,86,0,161,0,46,61,0,294,147,0,197,0,41,0,26,157,0,67,50,0,107,41,0,66,193,57,115,237,0,0,35,30,57,32,87,56,0,73,44,0,0,0,43,43,0,0,0,272,0,188,0,37,0,0,112,128,0,0,0,38,38,0,0,298,0,48,0,0,220,0,95,413,0,77,0,32,45,0,63,0,115,120,0,67,131,133,0,0,71,0,0,0,0,0,0,0,30,86,0,0,0,49,242,0,0,126,79,0,107,94,0,0,42,72,0,32,0,0,0,79,0,37,185,0,130,124,0,0,0,0,0,0,93,132,53,238,71,122,86,0,82,0,94,56,41,92,114,0,86,181,111,38,47,0,47,62,0,0,0,0,0,0,0,70,529,70,0,49,34,0,99,157,82,254,41,64,46,46,0,104,0,119,155,103,0,357,0,0,106,70,69,60,27,0,0,121,75,39,86,0,79,78,0,0,0,0,0,51,0,0,0,61,0,0,611,0,0,250,83,90,0,170,0,173,38,0,155,58,0,0,0,0,0,56,0,148,17,49,43,0,0,0,0,0,310,0,0,0,0,181,0,147,114,42,280,0,17,0,67,98,0,0,135,0,0,0,66,145,55,240,102,66,100,0,0,0,52,0,47,52,60,0,693,0,0,0,0,55,0,25,0,27,0,146,113,61,35,0,0,0,39,0,77,41,0,0,40,146,70,0,54,305,0,0,92,0,0,0,254,0,0,50,0,0,40,0,70,0,0,0,0,108,261,157,0,19,139,0,37,0,65,275,0,18,35,43,0,0,49,0,42,0,42,0,0,31,0,42,98,54,24,0,0,35,0,152,33,0,0,211,0,0,0,0,0,0,59,206,0,151,0,44,0,0,0,0,103,309,0,0,0,0,32,123,95,68,40,130,59,34,0,0,406,51,168,61,96,39,96,55,93,0,0,0,0,73,56,0,0,0,494,60,91,0,0,45,0,159,0,0,39,191,0,41,245,0,110,0,337,0,103,99,68,70,587,0,414,56,0,0,0,112,0,0,83,151,50,82,0,0,0,73,0,35,0,0,76,0,133,300,76,0,0,93,0,150,0,0,49,0,56,25,0,63,190,0,85,0,0,0,0,74,316,0,0,146,0,0,0,20,155,162,0,0,45,87,0,0,81,156,0,0,155,84,0,0,45,78,33,84,113,245,137,83,0,0,0,0,0,166,0,32,0,0,128,42,0,0,0,219,0,44,79,156,65,84,53,53,0,0,936,96,349,0,71,0,0,138,0,0,38,0,314,129,68,280,101,126,20,0,0,61,54,0,0,0,28,0,0,0,362,214,0,97,0,0,126,0,0,0,0,0,928,65,50,0,0,0,29,50,0,57,46,48,41,61,38,282,0,0,651,75,75,0,51,40,26,0,0,125,0,47,0,0,0,0,0,0,0,91,0,0,0,93,52,69,0,0,42,0,48,0,391,545,0,66,53,107,250,52,94,39,74,35,92,0,182,132,127,173,41,0,0,97,71,0,124,81,0,38,72,88,225,35,159,29,144,0,0,0,65,21,89,381,0,933,42,0,217,0,0,68,50,0,0,51,601,0,0,21,275,0,0,158,0,0,55,0,70,25,86,63,122,409,100,0,444,0,148,0,97,0,0,53,0,0,132,0,145,33,25,74,0,144,94,43,0,222,43,187,199,0,0,44,0,0,0,537,181,0,0,58,88,29,0,0,0,35,0,73,0,61,48,0,66,0,0,206,99,33,126,0,47,0,350,0,0,0,0,0,0,0,55,149,0,34,170,251,45,83,0,0,0,153,115,0,0,0,333,0,0,0
258,0,0,0,0,0,0,0,0,0,0,0,0,0,0,73,228,188,0,0,0,40,0,0,40,0,0,0,0,0,0,0,0,0,0,0,0,0,0,32,0,0,0,0,0,0,0,23,26,0,0,0,0,0,0,69,0,0,0,0,0,0,53,0,0,0,31,0,0,0,46,0,0,0,25,0,0,0,40,0,0,0,0,48,61,0,0,0,0,0,73,0,0,51,0,0,0,0,0,0,0,0,0,0,0,0,22,0,0,0,0,0,0,0,49,0,0,67,0,0,38,0,0,0,0,0,0,0,0,0,0,0,137,0,40,0,0,0,0,0,27,0,0,325,0,0,0,0,0,0,0,0,26,0,0,0,0,0,0,0,37,0,0,0,0,0,0,0,0,33,54,0,0,0,0,0,0,0,30,0,0,0,0,0,0,0,0,53,0,0,0,0,0,0,0,0,104,0,0,0,0,0,0,0,143,0,0,0,0,118,0,0,0,27,0,0,0,0,0,0,109,0,0,0,103,0,0,0,0,0,0,0,0,0,0,0,0,0,0,0,0,0,0,0,0,0,0,0,0,0,0,0,109,69,44,0,0,0,0,0,0,0,0,0,0,0,0,0,61,0,0,0,33,115,0,0,0,0,84,0,0,0,0,33,0,0,0,144,219,0,0,0,109,0,0,0,0,0,0,0,0,0,0,0,0,96,63,59,0,0,4,0,0,0,0,0,0,79,9,0,0,0,0,0,41,21,0,0,0,0,0,0,0,0,0,0,0,0,0,0,0,0,0,0,0,0,0,0,0,343,42,57,0,86,0,0,0,0,0,59,19,0,0,0,67,0,139,0,0,0,48,0,0,0,41,0,0,0,0,81,0,0,0,0,0,73,0,0,0,0,0,0,84,0,0,0,0,0,0,0,0,0,107,0,0,40,0,0,0,0,67,0,0,0,0,0,41,0,82,99,0,0,34,0,0,0,0,0,0,0,0,0,0,0,63,0,0,0,0,0,0,0,77,0,94,36,0,0,0,0,0,0,47,0,0,0,0,0,0,0,51,0,0,70,0,0,0,0,0,0,0,0,0,0,0,0,0,0,59,0,0,0,35,117,0,0,0,0,0,47,0,0,0,90,0,0,72,0,43,0,0,93,0,309,0,0,26,0,0,0,0,0,0,0,0,0,113,40,0,59,66,0,0,142,0,0,0,0,131,0,0,0,0,0,0,0,0,0,0,54,0,0,0,0,0,0,62,0,0,88,34,54,12,0,0,0,0,0,0,0,75,31,0,0,0,0,0,0,0,0,0,71,0,0,0,0,0,0,0,0,91,0,0,0,172,0,61,262,0,0,0,0,0,0,0,0,0,0,0,0,0,0,0,0,0,0,26,45,0,0,0,0,0,0,0,0,0,0,0,0,0,0,0,0,0,0,46,0,0,0,0,25,0,0,0,0,0,0,0,0,0,0,0,0,0,0,0,0,0,110,81,0,0,0,62,0,0,0,0,0,0,0,0,0,0,80,0,0,0,0,52,0,23,0,49,0,0,0,0,0,0,32,0,0,0,0,51,0,0,0,0,0,0,0,0,0,35,0,131,0,0,0,0,0,0,0,0,0,73,0,0,60,0,0,0,0,0,0,69,0,107,0,0,0,48,42,27,0,0,0,0,0,0,0,36,0,0,0,0,0,47,0,195,56,0,0,0,0,0,0,0,0,0,0,47,0,0,29,0,0,0,0,0,0,0,36,0,0,0,0,47,0,0,0,0,0,0,0,0,0,0,0,0,0,0,0,21,0,0,132,0,0,0,0,0,0,0,0,0,0,0,0,0,0,138,0,0,0,0,0,50,0,0,49,0,119,0,0,0,0,0,0,68,0,0,0,0,0,0,0,0,0,0,0,0,0,0,0,0,0,0,0,0,0,0,0,0,0,0,0,35,0,50,0,0,0,79,32,36,59,0,0,0,53,0,0,0,0,0,0,0,0,0,0,124,0,0,0,0,10,0,0,0,0,0,0,0,27,0,0,0,0,0,0,0,0,0,0,0,0,32,125,0,0,0,0,0,180,171,129,0,0,43,0,0,230,113,49,34,0,45,133,0,33,0,0,35,0,0,0,44,0,0,0,0,22,58,54,46,0,0,0,0,104,0,78,15,0,0,0,53,0,36,78,0,0,0,0,0,0,0,0,0,64,132,69,0,0,0,256,0,0,0,201,30,0,0,49,0,0,0,40,0,0,50,62,146,0,203,0,766,102,0,0,0,0,0,0,0,0,15,0,0,0,0,132,0,36,61,78,22,44,0,68,19,0,134,179,66,0,0,0,0,39,0,0,90,61,0,0,0,88,0,0,36,0,0,171,127,0,110,37,0,42,22,0,102,126,0,0,0,0,91,57,175,0,14,0,45,134,0,106,0,35,57,300,481,44,0,24,60,42,0,0,0,56,46,0,0,0,0,79,0,0,217,0,0,0,40,23,0,0,0,49,0,0,0,0,0,0,39,0,52,0,0,0,0,0,0,71,0,149,75,162,0,52,167,0,0,106,0,0,88,0,42,0,0,0,0,130,0,0,124,121,4,31,0,55,33,0,0,0,63,0,0,0,0,288,0,0,26,47,87,141,26,0,34,0,26,0,0,54,137,138,134,0,90,0,79,40,37,0,0,0,204,0,68,33,55,0,17,0,0,0,0,66,66,0,0,63,24,249,99,0,87,0,0,0,0,0,0,0,0,0,36,0,0,35,0,0,217,0,0,51,138,0,0,0,0,0,27,0,0,0,0,0,0,0,0,45,0,0,0,0,0,0,0,0,0,0,0,0,0,0,0,0,48,0,0,0,0,0,0,0,92,0,60,0,0,0,0,0,17,0,0,0,0,0,0,94,103,172,0,0,0,0,403,0,0,0,87,0,31,0,0,0,0,0,56,0,0,0,0,39,0,0,0,0,0,39,0,0,46,0,0,186,0,37,0,0,0,0,47,0,25,38,0,45,0,0,146,0,0,848,0,94,0,122,0,0,385,0,0,0,0,0,0,0,0,0,0,0,44,0,0,0,0,0,0,112,0,0,0,208,0,0,0,0,0,0,0,0,25,105,0,0,0,262,0,0,83,0,0,0,65,0,0,0,0,191,0,0,0,0,0,64,0,0,19,249,0,202,143,0,41,0,0,0,0,0,99,0,0,44,0,82,0,103,0,0,0,0,34,0,0,0,70,0,0,0,0,0,0,27,0,0,27,95,0,135,216,0,180,76,0,0,152,0,0,0,0,0,61,0,0,0,0,0,0,123,0,0,0,0,0,44,0,0,0,134,0,22,0,21,0,61,0,0,0,0,0,29,0,0,150,0,0,0,0,65,0,0,0,158,76,0,62,0,0,0,0,0,0,0,0,0,0,0,23,63,0,0,0,0,0,0,0,0,0,99,0,0,0,152,0,17,0,0,114,0,0,65,0,0,0,0,0,0,0,0,0,0,0,0,0,0,0,0,0,224,0,0,0,0,0,0,0,161,0,0,0,0,0,110,0,0,0,0,0,0,0,55,65,130,42,0,0,394,0,0,128,53,0,53,0,33,0,0,30,0,35,0,0,0,0,0,107,0,0,0,0,0,73,0,0,0,0,0,247,0,0,0,31,0,0,0,50,47,194,0,0,39,109,0,14,0,100,88,0,0,0,0,87,52,28,0,33,0,0,0,0,151,34,0,22,0,147,0,0,70,95,31,116,78,0,87,83,0,0,0,0,81,0,0,0,42,0,0,49,0,0,0,464,0,0,0,0,50,92,0,0,64,0,0,0,0,0,0,0,0,0,339,81,66,0,0,0,38,25,30,0,51,71,0,0,0,139,0,0,0,83,0,0,0,75,0,0,0,61,0,0,0,55,92,0,0,230,79,0,0,0,0,0,0,0,62,491,0,114,61,0,22,11,0,0,123,0,0,0,0,0,65,0,0,73,322,0,104,0,46,0,0,51,117,74,141,0,0,264,101,208,0,0,0,146,0,0,34,78,0,0,0,0,0,0,0,0,82,0,0,189,0,0,0,0,0,0,0,0,0,0,0,0,0,0,0,0,0,0,54,0,0,30,0,0,52,55,62,0,0,0,0,0,0,71,0,0,0,40,0,0,308,0,0,0,36,59,43,0,0,0,0,49,0,0,0,135,73,31,62,114,0,48,0,0,0,0,0,0,0,0,61,0,0,75,129,0,58,59,59,0,0,0,89,0,0,0,178,0,0,0,0,0,468,0,46,0,175,0,118,79,0,0,0,177,55,54,0,173,18,19,0,0,0,0,71,0,0,0,0,0,73,64,81,167,0,0,0,0,164,0,0,33,60,0,0,0,0,105,211,0,44,0,0,0,336,40,0,324,0,0,0,0,0,39,0,220,79,0,0,0,27,34,0,0,33,0,84,127,33,31,0,71,0,75,90,79,0,0,0,0,34,0,80,54,72,0,0,89,0,0,0,111,150,38,0,0,0,47,27,0,133,0,0,0,0,0,0,0,0,0,0,110,0,98,0,0,64,0,0,0,0,0,97,0,0,0,46,132,59,0,0,32,0,0,0,0,98,265,0,0,0,0,0,0,52,43,179,246,117,0,39,25,0,0,0,0,130,54,109,0,0,0,57,50,0,18,0,0,89,0,74,0,50,0,43,0,30,0,0,0,38,0,0,0,132,0,0,0,308,0,0,0,0,0,0,165,52,0,79,377,0,0,56,0,0,106,36,0,0,46,0,0,49,37,0,28,92,0,0,15,0,26,69,0,66,52,210,40,0,327,150,50,34,142,82,57,0,41,0,0,0,33,33,30,44,78,29,0,0,0,89,65,0,0,0,0,53,96,24,59,91,0,0,0,0,33,38,105,200,76,98,35,0,0,0,0,23,44,0,0,74,55,158,0,38,41,74,0,0,0,0,0,0,0,0,0,0,0,0,158,101,0,84,63,0,57,0,0,0,0,115,0,183,0,0,53,42,86,109,0,73,0,0,34,0,160,32,0,0,0,0,44,0,0,124,0,87,240,0,0,77,0,0,0,93,91,0,74,0,0,83,60,16,0,37,0,0,323,0,52,27,0,0,0,0,96,0,0,0,0,0,0,0,315,0,0,0,0,288,50,114,68,0,93,0,0,55,0,0,0,126,65,0,0,87,27,0,0,0,34,33,0,0,0,0,0,0,0,0,52,0,0,0,31,0,0,45,0,53,36,0,0,0,43,22,27,21,0,0,0,0,66,121,0,208,150,0,0,0,0,70,0,0,42,0,132,0,73,0,0,0,0,70,47,50,49,119,124,45,38,0,0,0,0,89,22,0,0,72,0,0,0,68,0,219,48,0,35,39,0,33,109,0,195,0,69,0,69,0,87,0,0,193,22,0,108,0,0,46,0,0,52,0,0,0,103,47,52,47,0,166,0,0,0,0,0,0,0,0,0,0,0,0,0,0,0,0,243,44,0,0,23,0,101,41,0,0,67,0,0,0,0,0,70,0,0,33,0,0,0,25,0,0,0,179,0,0,0,0,175,0,0,39,56,95,0,0,0,57,0,0,0,149,0,0,0,0,130,0,62,0,119,55,0,0,0,34,0,0,0,54,0,100,54,33,0,0,0,77,0,0,0,0,113,105,81,0,65,0,0,0,0,46,0,29,0,0,0,40,0,0,39,0,0,53,0,0,27,86,0,0,36,0,0,0,0,0,0,0,0,0,93,332,45,0,0,0,0,0,0,19,0,0,0,41,0,0,0,30,0,0,0,0,0,0,0,0,41,0,0,57,0,0,0,0,0,0,0,0,143,0,0,82,35,0,0,0,0,0,42,0,0,0,0,0,0,0,139,0,0,0,150,0,40,41,0,0,108,0,53,0,0,268,0,60,0,187,69,155,32,22,0,0,0,9,95,0,0,0,0,270,0,0,0,0,0,0,145,0,0,0,182,0,0,96,0,0,0,74,0,101,0,0,0,448,0,249,0,0,0,0,142,0,0,0,66,0,41,0,0,0,37,0,0,0,0,0,0,60,107,148,0,0,0,0,54,0,0,0,0,0,0,0,84,0,0,0,0,0,24,0,0,18,0,0,51,0,0,0,0,0,50,0,0,44,66,0,0,55,0,0,0,65,120,0,0,254,0,35,97,96,90,132,25,0,0,0,0,0,74,0,0,50,0,45,80,0,0,0,195,0,71,36,104,0,0,150,74,0,0,347,19,130,0,0,0,0,81,0,0,0,36,152,42,39,192,0,124,0,0,0,145,40,0,0,0,34,0,0,0,224,150,18,91,0,0,47,0,0,0,68,0,417,0,0,0,0,0,0,69,59,67,0,42,0,69,73,81,0,0,450,41,127,0,0,60,0,0,0,0,0,64,0,30,16,69,0,0,34,198,0,0,0,79,69,56,51,0,0,0,28,75,211,995,35,115,0,50,0,27,34,0,45,57,32,0,141,40,110,159,0,0,0,0,0,0,152,72,0,56,96,0,0,0,0,0,73,0,0,0,0,39,71,151,0,304,122,0,81,0,0,0,0,0,61,33,293,0,0,0,131,0,0,38,0,0,120,0,33,0,63,0,0,141,0,0,191,0,62,0,71,0,103,0,0,0,109,0,105,0,0,0,0,77,0,34,0,211,0,188,124,0,0,58,30,0,0,177,58,0,0,0,36,38,45,0,27,41,0,30,51,0,0,0,99,0,0,197,34,53,42,0,80,0,467,0,0,0,0,0,0,0,0,105,0,0,111,63,0,0,0,0,0,77,52,46,0,69,308,28,0,0
259,0,0,0,38,0,95,0,0,65,0,111,33,0,0,117,137,343,0,0,0,223,0,0,104,83,0,0,0,0,0,0,0,0,0,53,64,0,50,93,71,50,0,0,0,0,62,0,293,0,117,0,0,118,0,184,0,0,0,0,0,0,80,81,0,36,107,40,0,57,330,0,0,0,0,184,52,0,311,47,60,0,0,144,112,37,0,0,0,0,230,0,22,73,55,0,0,0,0,0,0,0,0,67,0,0,25,0,80,0,383,0,66,72,132,45,49,40,0,0,167,0,189,0,0,25,0,77,60,0,108,0,78,0,100,69,127,0,68,65,112,0,0,354,0,0,51,0,49,78,0,0,41,0,78,0,0,0,0,134,0,48,0,57,78,70,22,37,0,50,134,118,21,0,0,35,0,62,123,0,0,67,0,0,0,0,33,550,185,0,0,0,51,31,37,0,174,0,0,0,0,0,44,0,749,0,50,34,0,82,82,86,22,47,0,42,57,64,0,0,226,160,0,0,79,0,0,0,203,0,61,0,19,0,0,0,0,0,157,34,0,0,0,0,43,0,180,0,60,0,58,33,69,88,162,0,59,0,0,49,171,0,34,50,35,30,0,312,254,78,0,0,176,260,0,50,83,0,419,138,44,0,105,77,78,0,53,135,1377,50,31,52,235,0,0,0,0,63,45,26,0,34,42,0,0,192,266,298,0,61,29,309,55,0,0,0,73,107,0,0,0,0,0,0,122,0,83,91,0,26,325,0,26,75,109,43,0,0,0,53,0,88,0,0,102,0,16,0,50,709,251,160,0,263,425,0,77,56,218,104,95,69,68,0,117,120,728,164,0,42,166,0,0,0,79,84,116,0,0,112,0,0,0,0,28,428,94,41,91,0,30,0,552,0,0,0,157,30,75,166,0,19,306,0,0,94,0,0,45,0,66,0,62,0,0,0,212,0,219,245,0,78,0,0,55,0,83,68,135,0,0,0,57,0,91,0,0,79,25,218,0,0,294,93,157,151,103,0,0,36,0,0,86,0,63,29,0,38,0,34,180,0,199,78,39,45,0,58,0,0,40,0,47,83,84,0,151,312,54,82,99,31,145,117,100,0,0,51,60,382,129,45,0,74,0,77,76,108,140,43,0,32,0,430,75,103,118,123,43,0,33,32,0,0,0,0,297,41,51,87,202,30,159,199,51,0,61,0,277,52,40,0,0,0,46,82,0,0,0,104,0,17,207,0,0,0,88,0,0,59,150,72,0,129,0,0,0,0,0,33,209,204,0,0,58,80,0,0,0,0,129,284,0,0,0,48,0,227,0,42,302,251,53,0,369,0,134,772,0,0,0,349,0,0,0,0,0,75,0,36,0,0,50,90,0,100,0,96,45,0,0,0,0,52,107,0,0,0,0,53,0,37,0,0,0,0,0,14,0,113,128,0,0,0,17,42,0,58,39,0,0,0,154,0,0,56,0,28,0,77,56,0,0,0,438,0,83,0,0,115,31,59,27,0,0,0,0,20,0,0,206,0,0,0,121,0,0,52,91,0,0,0,31,59,108,0,17,0,84,0,46,0,62,0,0,0,100,0,200,0,0,26,0,0,0,0,29,0,43,0,0,34,125,0,0,0,0,0,63,53,140,53,74,481,108,179,0,0,0,0,46,0,0,0,0,0,0,0,68,0,46,51,638,0,0,126,0,0,67,0,54,39,0,0,140,0,0,0,0,46,0,0,15,38,0,66,0,47,0,69,139,116,0,0,0,46,0,0,0,18,114,0,0,0,0,0,37,0,61,111,0,0,0,0,0,0,0,35,0,0,38,0,0,0,57,0,91,58,75,0,37,0,97,110,0,64,0,0,0,0,61,0,86,0,0,0,0,47,0,61,0,0,0,0,0,0,0,54,0,0,0,37,121,0,68,0,0,70,0,0,61,0,0,0,0,0,331,0,41,218,26,0,0,60,0,0,0,0,0,0,0,0,0,0,0,96,0,0,0,0,27,61,0,0,43,62,0,95,0,0,53,93,0,74,162,63,94,30,0,51,0,195,0,0,0,0,0,296,258,140,100,0,0,0,0,179,110,0,54,0,0,18,0,0,0,51,36,0,0,0,0,0,0,0,29,0,41,64,0,0,0,0,0,0,0,38,0,0,0,0,0,0,0,238,0,0,0,0,108,0,53,43,0,0,30,0,0,0,0,135,0,0,0,53,80,10,0,250,0,0,42,49,0,0,0,0,197,54,781,0,557,137,0,0,0,0,0,0,0,55,0,0,57,0,0,82,31,0,87,0,0,0,0,31,0,113,151,75,20,58,0,0,0,36,0,0,234,24,0,0,0,98,0,0,44,103,0,49,0,0,164,0,37,0,0,0,33,42,0,0,0,0,46,0,129,0,50,90,111,103,0,0,0,0,0,111,419,70,55,0,0,43,0,124,0,0,42,0,0,37,0,46,0,54,186,0,0,0,0,0,0,125,0,0,0,0,0,0,0,37,0,0,48,0,0,78,16,0,0,0,0,240,0,25,0,0,381,0,0,146,39,52,0,0,0,0,0,0,0,81,0,0,0,286,0,0,0,0,44,0,35,0,0,0,0,0,0,216,84,29,0,0,38,108,96,0,0,0,0,0,0,0,62,76,44,0,37,0,86,0,0,0,38,0,57,0,33,160,0,0,36,0,0,0,0,0,133,0,0,159,43,233,121,0,57,35,0,0,0,0,0,0,33,0,128,0,31,68,0,0,112,0,0,80,58,37,39,61,0,0,0,0,0,46,0,0,50,0,0,110,0,0,0,93,0,0,91,0,0,0,0,0,0,42,0,0,0,0,69,0,0,0,0,0,0,0,18,0,0,16,0,38,55,0,62,0,0,23,0,0,96,174,0,0,0,0,0,0,0,0,0,0,0,0,45,30,0,0,64,0,0,49,0,34,0,0,0,0,0,64,0,0,41,0,0,0,0,0,99,99,0,0,86,0,54,0,0,188,73,0,0,0,0,378,0,74,0,0,0,0,44,0,34,44,0,61,0,70,85,0,0,0,47,0,0,0,0,34,0,67,0,35,0,56,135,0,0,24,0,0,0,0,0,171,0,0,23,1003,137,17,152,0,0,78,124,0,0,0,0,158,0,0,0,51,0,226,0,65,0,111,0,311,88,0,48,0,0,0,0,0,64,0,0,39,0,164,0,133,0,104,0,47,121,0,0,0,57,33,69,63,0,26,0,38,64,0,64,80,0,60,55,0,42,92,0,0,60,0,0,119,0,0,0,0,0,0,188,0,38,136,63,0,0,152,0,0,60,74,0,134,109,0,0,0,0,0,0,0,0,83,0,112,60,30,121,36,59,0,0,0,0,32,0,80,172,77,60,0,0,0,0,44,58,0,0,150,0,0,0,82,43,0,0,0,0,0,0,0,0,119,0,0,0,0,0,128,0,0,0,0,0,0,0,0,0,32,0,0,87,0,0,0,35,0,0,0,0,0,0,62,38,0,0,128,30,0,0,205,35,0,0,0,0,191,0,0,0,0,0,0,0,0,0,71,80,0,47,421,0,0,0,0,0,31,33,0,0,0,0,0,0,0,0,110,0,0,40,0,98,0,0,47,97,0,0,0,31,0,316,0,41,0,0,0,0,0,0,130,118,0,0,0,0,0,0,0,71,0,0,0,0,0,0,0,44,0,0,0,30,0,78,46,0,48,0,0,56,0,0,0,65,28,0,92,0,72,82,23,47,0,0,444,0,0,0,0,131,0,40,0,0,0,180,0,0,0,0,0,0,0,0,85,0,24,0,113,0,0,0,0,34,71,101,44,0,0,59,52,0,0,0,36,0,49,21,0,45,0,39,0,0,0,0,0,65,159,0,0,400,0,0,0,77,99,0,0,0,100,0,0,0,0,0,149,57,58,615,0,0,0,0,0,0,0,0,0,0,0,0,0,0,51,0,0,0,72,0,139,0,0,0,0,0,56,92,42,52,0,122,0,96,0,0,0,0,0,0,31,68,33,0,0,0,0,0,0,0,86,0,35,116,0,0,0,0,0,0,0,0,0,88,0,0,0,0,0,0,42,0,0,90,0,0,0,0,113,73,44,0,46,0,0,36,0,111,83,69,0,0,0,0,348,0,0,0,50,36,45,105,15,0,43,63,0,18,0,109,0,91,0,69,0,0,32,0,0,0,0,34,0,0,64,66,0,83,129,0,0,59,0,0,0,0,63,0,38,0,108,0,36,0,0,0,383,0,0,25,81,0,74,0,0,0,0,88,0,55,0,144,31,0,0,0,0,58,0,80,0,0,0,48,36,0,73,65,88,0,0,0,220,0,0,35,0,0,0,0,0,168,82,0,106,0,0,0,407,0,39,340,0,0,0,0,0,0,0,107,63,93,0,0,0,0,0,0,148,47,36,37,42,61,135,0,0,127,88,102,0,0,0,0,60,41,92,0,84,0,0,78,0,115,0,74,122,0,0,0,0,42,70,0,47,239,0,0,44,0,0,0,100,0,0,0,0,178,0,41,102,0,0,0,0,66,47,0,40,0,89,52,0,0,0,213,38,0,0,0,218,92,0,54,0,0,0,0,39,0,0,111,0,66,68,22,0,0,0,0,119,0,106,0,0,0,118,0,60,32,0,0,79,0,56,0,170,0,0,0,0,0,0,92,103,0,0,0,0,65,0,0,144,0,0,0,0,0,0,55,44,0,48,158,0,0,28,0,0,177,89,27,0,0,0,0,109,0,0,59,21,0,0,0,0,0,0,0,87,0,0,0,0,0,0,0,22,0,0,0,27,0,0,0,0,0,43,0,0,105,0,0,0,0,0,0,0,0,0,0,64,54,0,0,0,0,0,0,0,22,0,0,111,89,357,88,0,0,0,0,38,55,0,0,0,90,80,0,121,0,0,82,0,44,0,0,0,0,0,0,0,0,0,34,178,0,0,45,0,0,0,0,0,0,0,35,71,0,0,0,0,151,0,0,86,0,0,25,0,41,0,141,0,0,58,0,0,105,71,0,132,0,0,0,0,0,52,0,0,0,0,0,0,0,18,36,0,0,0,0,0,149,0,37,0,0,0,0,0,84,0,0,0,0,0,0,0,0,0,0,0,0,0,0,0,57,0,0,0,0,0,0,23,0,0,0,0,167,76,44,0,0,0,0,65,0,40,0,0,0,52,0,0,71,25,0,179,0,0,0,90,0,55,0,125,0,0,0,0,0,0,0,0,0,0,0,40,0,0,0,0,0,0,0,0,0,0,60,0,0,45,81,33,38,76,0,0,0,0,0,0,37,21,49,80,0,0,77,0,0,0,0,24,0,0,0,0,0,518,0,0,0,0,19,51,84,58,109,0,27,0,0,0,0,0,89,0,0,0,44,0,0,0,0,0,0,0,0,0,0,0,0,0,0,127,76,0,0,0,0,0,24,0,0,26,0,0,0,146,0,0,120,0,0,0,79,0,31,26,0,42,0,0,27,37,0,0,88,0,0,82,0,0,26,0,0,0,0,0,0,0,0,0,0,0,43,0,0,0,0,0,20,0,0,0,0,153,0,0,0,0,264,0,123,73,0,46,0,0,0,0,27,30,31,69,0,69,0,0,0,0,25,0,0,0,0,0,62,0,67,0,0,0,48,0,0,0,0,0,0,0,0,0,62,0,195,0,0,86,0,0,72,133,0,0,0,46,50,0,0,0,0,0,0,0,0,702,59,0,0,0,0,0,0,60,144,0,0,0,0,0,0,0,72,0,0,0,0,0,0,0,0,0,0,56,0,0,0,0,21,35,0,0,40,0,0,0,0,0,0,0,136,0,100,0,0,0,0,0,0,0,41,0,0,0,86,0,0,0,0,0,0,0,0,0,0,564,0,82,0,57,114,120,0,128,0,0,0,0,45,0,86,0,0,0,0,0,0,0,0,0,380,0,0,0,367,0,0,146,0,0,76,111,0,0,64,0,0,60,0,60,58,48,0,0,82,0,54,0,0,0,0,0,0,0,0,0,91,111,0,79,0,0,97,81,0,0,0,0,0,0,0,0,0,0,0,0,0,228,0,46,0,0,0,0,0,70,0,0,0,0,0,0,0,86,269,0,0,0,40,0,0,0,0,0,0,58,0,0,0,93,0,0,56,31,0,0,0,0,0,0,0,0,160,0,0,0,0,0,40,0,0,0,230,0,0,42,0,0,0,0,0,0,0,193,0,50,0,97,0,0,0,0,0,0,58,114,0,0,0,0,43,0,32,0,0,0,0,0,0,0,0,0,0,97,66,0,0,16,0,0,31,0,0,0,0,181,0,0,0,0,0,0,0,0,0,0,28,0,0,0,0,0,0,148,0,61,0,41,0,0,0,23,0,0,0,0,0,0,0,0,0,15,0,0,0,0,0,44,0,0,0,0,0,41,65,118,384,0,0,0,48,41,0,103,0,104,0,0,0,0,0,0,0,59,0,0,27,0,0,0,26,0,0,0,0,83,0,33,0,0,0,0,0,0,0,0,0,0,107,0,0,49,0,0,0,0,0,0,43,79,0,0,0,0,0,0,41,0,0,0,0,109,0,0,0,0,151,0,0,126,0,0,0,0,0,0,0,0,0,54,0,0,0,0,0,0,108,0,0,0,0,0,190,0,0,0,0,0,0,0,0,0,0,0,0,0,0,0,0,0,0,0,0,0,0,0,0,47,0,0,0,40,0,0,0,0,0,89,0,0,0,0,0,0,0,0,182,0,0,51,0,0,16,0,0,0,0,0,0,0,0,107,0,0,34
260,0,0,0,58,44,92,42,0,130,0,177,31,0,0,284,108,217,39,43,0,574,54,0,71,181,0,0,34,50,0,37,71,0,95,151,219,0,89,338,105,52,63,0,243,0,0,0,381,0,287,52,0,188,0,277,0,0,0,0,17,45,123,479,0,51,111,0,0,47,402,0,34,49,0,319,124,0,507,34,161,29,0,188,173,74,61,0,72,64,313,0,64,106,121,0,0,0,91,55,0,35,0,156,0,0,108,0,91,98,335,47,47,149,123,43,20,56,79,0,117,0,191,0,44,71,59,38,65,0,101,0,256,42,90,79,293,127,40,36,173,82,272,51,0,34,77,24,0,61,0,0,60,0,184,116,0,127,0,166,211,135,0,0,111,80,37,0,194,92,212,189,58,47,0,67,53,37,323,50,0,334,22,0,57,93,0,260,174,0,0,0,57,0,192,0,70,0,0,101,0,159,191,0,458,56,0,45,41,50,39,151,33,91,62,198,55,115,0,0,89,287,37,0,249,0,0,144,302,34,90,0,0,0,0,0,47,0,54,45,0,78,58,55,0,0,75,0,74,0,79,32,249,0,103,43,32,0,0,56,274,210,97,0,38,0,0,274,122,116,0,0,193,249,92,79,99,0,1215,119,107,0,55,77,54,69,0,139,2353,149,0,35,300,0,0,82,0,131,76,76,23,58,47,33,0,170,182,192,0,49,69,541,112,0,0,55,109,156,0,0,0,0,0,0,168,0,37,118,0,0,455,0,58,116,0,0,0,37,0,36,0,78,0,88,228,19,0,0,48,1032,56,43,0,169,710,0,82,74,432,130,38,89,52,0,137,250,384,353,125,0,120,82,59,0,103,151,217,0,0,0,0,33,37,27,57,348,76,0,127,17,0,67,463,0,0,43,716,51,107,152,0,0,228,0,0,119,50,52,0,0,136,0,113,0,0,0,326,135,375,218,0,170,0,31,93,0,163,38,269,52,17,0,51,0,69,0,0,0,64,336,0,0,260,215,141,77,233,123,56,65,0,0,307,0,66,0,43,0,0,0,68,0,175,119,0,0,34,101,0,70,0,0,310,123,0,84,258,544,73,129,187,0,221,279,53,0,16,89,73,303,196,0,20,131,0,95,246,152,128,47,0,61,42,861,57,56,154,98,63,0,54,0,0,0,22,0,135,113,98,142,47,33,35,221,65,0,34,0,124,0,47,28,12,0,98,0,0,0,0,130,0,0,323,0,47,0,167,32,79,91,157,65,28,56,35,45,0,87,53,0,85,257,0,93,69,203,0,0,8,78,49,222,0,0,0,0,0,76,0,0,90,246,234,0,227,0,386,272,62,0,0,255,0,55,20,0,0,203,0,44,0,30,54,100,0,193,55,119,60,0,0,35,126,282,41,0,72,101,0,77,0,0,0,0,0,0,0,0,0,216,241,26,0,58,0,0,58,47,0,0,0,0,90,0,0,353,0,47,0,224,146,0,0,89,355,0,134,0,0,209,41,34,83,0,0,179,60,94,0,28,210,43,148,0,88,33,54,49,310,0,0,0,95,62,163,32,42,61,65,0,63,0,35,0,0,0,0,0,165,0,32,53,0,91,0,23,0,102,111,93,0,143,97,0,0,0,0,0,168,63,80,91,155,1164,193,161,103,108,0,0,149,96,0,51,150,0,0,0,288,156,221,71,673,143,0,0,0,0,120,0,0,0,0,0,175,0,0,0,0,43,0,103,0,47,0,94,0,59,0,163,78,185,33,43,35,223,33,47,14,70,106,0,91,0,0,0,50,105,0,467,0,0,32,0,0,34,0,97,0,33,50,0,52,46,146,0,68,55,102,0,56,0,142,95,37,217,0,0,39,0,125,0,244,35,0,51,62,0,0,63,228,0,0,0,0,0,0,43,0,0,0,67,284,0,187,0,0,51,37,16,138,0,148,0,19,0,427,166,46,299,0,0,0,174,28,0,37,0,38,0,0,38,0,0,204,186,0,0,0,44,0,55,165,32,0,39,0,0,0,69,0,113,0,142,171,105,292,17,0,67,0,154,0,0,0,0,0,138,200,0,207,0,0,56,0,414,37,91,57,0,151,0,115,14,0,42,59,0,0,33,0,0,0,0,0,0,29,0,0,0,0,117,0,0,0,159,0,46,77,46,0,0,0,42,0,0,0,0,152,0,0,71,46,0,199,37,40,86,0,507,56,0,0,0,79,0,0,405,0,0,0,251,0,0,70,112,204,0,188,0,642,61,0,101,62,0,0,0,0,119,0,0,126,0,21,0,101,87,274,181,0,0,0,0,0,186,322,186,96,0,0,0,78,0,33,0,300,0,0,0,0,0,65,41,0,113,0,39,963,40,0,44,148,0,92,0,46,214,30,0,55,0,30,54,637,0,0,145,70,71,0,150,0,50,73,231,260,124,289,0,182,0,68,217,0,0,0,0,0,45,0,53,0,99,90,0,25,38,46,0,35,155,0,123,95,36,0,0,0,0,58,22,50,0,0,28,119,0,0,72,82,152,0,354,39,0,364,45,0,293,0,99,55,56,37,0,0,127,65,48,0,0,0,583,0,0,23,103,93,0,0,0,0,33,0,0,76,123,68,51,64,120,101,0,32,0,47,57,168,0,0,0,155,122,127,52,111,0,55,37,83,0,0,110,38,0,21,113,154,0,38,0,0,0,93,262,488,51,69,73,0,197,0,0,78,102,0,0,0,63,0,0,0,59,81,24,0,43,76,0,83,0,68,45,0,0,26,62,0,125,25,0,0,0,0,0,0,25,19,93,22,0,0,82,0,64,52,0,0,50,57,289,0,74,0,0,0,0,0,0,0,0,0,23,44,0,67,37,0,39,0,0,74,0,109,0,0,61,42,0,66,93,0,0,0,0,67,0,29,0,26,95,24,0,45,95,0,0,0,0,61,0,0,106,0,0,84,45,0,0,0,0,0,0,41,0,0,0,0,80,0,0,41,30,222,0,31,243,128,101,78,0,0,275,0,44,0,0,39,0,182,0,0,156,41,129,0,274,42,0,0,50,125,0,0,224,0,0,31,74,0,89,0,0,36,46,0,0,49,27,0,41,0,33,0,0,0,252,528,67,229,0,101,110,59,80,41,64,44,124,0,57,84,0,0,156,0,107,34,182,0,207,0,0,167,46,0,0,0,0,0,113,0,97,131,52,66,57,0,263,0,76,122,0,0,36,0,0,87,33,0,54,98,78,63,46,0,60,0,424,0,74,0,104,0,44,0,0,0,529,0,0,110,0,0,31,0,0,67,0,52,0,27,67,82,0,62,139,0,0,130,0,0,0,0,37,75,0,0,47,0,0,102,91,233,0,0,0,0,136,54,56,0,291,20,172,38,0,0,0,0,0,265,79,93,372,0,0,35,124,0,0,64,0,0,42,0,0,46,0,33,0,0,0,42,85,0,75,92,0,0,156,0,0,0,168,108,0,64,56,0,0,0,0,0,171,0,86,0,195,191,0,0,159,116,0,0,174,30,157,0,0,48,184,0,226,0,0,48,129,0,32,70,67,0,0,213,742,0,0,183,0,0,40,87,106,0,99,0,51,109,0,0,74,0,0,254,0,57,34,0,34,72,0,88,46,78,0,210,0,0,0,0,0,0,0,31,91,0,0,0,0,0,57,63,0,151,60,49,0,45,55,472,0,0,0,0,0,69,0,81,236,85,95,0,0,56,45,0,105,76,48,61,212,0,132,68,69,61,0,36,55,0,0,0,20,283,0,49,0,0,0,145,83,0,0,0,238,62,160,46,0,0,0,0,483,0,26,0,116,0,445,69,0,36,0,57,149,0,68,0,92,0,45,73,105,89,0,61,0,56,15,0,37,166,157,0,0,62,50,0,22,150,105,0,0,57,96,37,39,0,0,0,0,49,181,552,0,0,103,0,0,50,0,0,109,0,0,0,0,0,46,0,0,57,246,0,206,0,0,40,0,233,37,175,54,0,0,174,0,122,0,0,0,104,0,187,0,78,54,59,0,0,0,0,0,0,72,0,0,111,46,0,0,0,0,0,0,102,0,356,38,128,119,0,0,51,48,0,118,80,0,47,0,0,0,0,49,0,72,0,0,77,0,0,0,0,0,56,0,0,75,0,60,0,0,25,103,118,0,0,0,0,0,0,0,0,125,23,24,0,0,0,91,0,0,0,0,0,0,0,0,107,0,0,59,41,43,0,0,0,0,0,0,0,0,75,157,0,0,0,0,0,114,53,41,42,103,0,157,0,0,0,0,0,0,0,0,79,0,0,0,0,0,0,63,31,0,0,0,104,0,0,0,150,0,0,0,0,46,0,0,22,36,0,0,0,0,0,0,0,0,0,0,0,35,0,0,0,32,0,0,0,0,0,0,34,40,161,0,0,0,0,0,0,34,0,47,72,0,0,220,43,65,272,0,0,0,0,59,67,0,98,0,0,99,0,0,83,58,228,0,23,0,0,0,0,0,0,155,111,54,59,0,0,0,0,0,0,153,0,0,0,0,0,0,0,36,0,0,0,0,104,67,0,0,87,0,75,56,0,0,216,25,0,0,0,0,153,0,28,0,0,0,0,27,28,126,107,48,33,59,128,0,0,0,0,0,0,123,0,0,0,0,55,0,61,0,0,0,0,75,0,73,0,0,0,23,0,0,0,0,0,0,39,97,45,29,0,424,0,0,0,0,0,0,79,47,44,66,182,0,0,0,0,0,0,0,0,0,0,80,0,24,0,0,162,114,37,51,0,0,0,0,0,94,0,0,0,0,498,0,108,0,0,61,0,23,0,0,0,0,0,0,42,65,0,68,0,0,0,76,79,0,0,33,0,47,0,32,0,0,0,0,21,0,0,0,26,159,0,230,0,0,0,0,0,0,73,0,0,0,227,195,0,123,30,65,155,0,33,0,0,0,0,42,0,0,71,0,253,176,0,0,0,0,0,0,0,0,0,75,39,403,0,0,0,0,113,59,0,70,54,51,34,0,0,0,95,0,0,0,0,0,78,33,34,178,0,0,86,35,0,34,0,73,89,0,71,0,0,71,54,0,27,0,0,0,448,0,71,0,0,0,0,0,84,0,0,0,0,0,0,0,60,0,0,0,0,151,0,0,47,0,0,0,0,0,0,0,0,0,59,107,102,0,32,0,0,0,24,0,0,44,0,0,0,44,0,0,71,0,0,69,0,0,50,179,0,32,0,144,0,0,68,41,0,0,0,0,73,0,0,166,0,127,47,0,0,0,0,129,0,39,62,0,0,20,134,35,0,45,0,133,0,0,0,0,124,0,39,155,0,0,107,56,0,0,0,0,0,0,16,110,60,948,42,0,30,0,0,175,81,0,0,0,129,44,0,0,80,0,0,43,49,0,56,0,0,37,0,53,53,0,0,0,0,40,29,49,0,50,68,0,0,0,0,0,73,0,0,0,0,0,0,300,0,0,410,0,49,0,155,0,117,94,0,59,0,0,0,63,0,0,67,31,116,0,51,0,0,0,0,0,0,216,100,0,0,0,305,0,49,83,146,0,0,0,0,0,0,34,0,92,0,0,64,0,185,65,105,86,116,109,0,0,31,0,0,38,0,0,0,578,179,0,0,0,31,81,0,0,0,0,173,52,0,0,62,0,43,0,0,31,0,0,0,0,88,87,53,0,270,35,0,0,0,0,58,53,0,0,50,199,33,0,0,44,0,0,0,0,98,712,84,0,0,52,0,0,0,0,88,54,0,103,0,77,0,78,223,0,0,0,0,0,0,0,45,58,0,23,28,0,30,72,39,52,0,22,106,0,26,131,0,51,0,32,219,44,0,0,0,0,0,47,0,88,312,0,0,0,155,86,61,0,0,47,43,0,109,0,0,503,0,55,0,144,43,43,32,123,0,67,82,0,210,0,0,0,0,452,0,38,0,0,34,0,119,0,0,0,76,0,34,65,37,49,0,147,0,70,88,37,51,132,0,97,0,213,0,70,295,0,0,0,68,31,38,0,0,113,64,0,0,0,0,0,0,145,72,156,0,32,62,0,69,0,0,27,0,0,0,0,131,60,26,51,0,0,0,0,74,191,0,0,36,0,0,0,36,86,100,0,0,26,138,0,0,0,47,0,0,19,0,0,0,80,50,54,115,42,67,0,0,0,0,0,0,0,136,0,0,0,0,36,0,0,0,0,237,0,69,0,0,0,106,0,0,0,0,51,0,0,0,76,0,0,0,0,0,0,0,73,0,0,0,0,95,0,65,0,76,0,0,0,0,0,0,0,0,0,0,0,0,0,0,0,101,0,0,0,0,28,46,0,0,0,0,51,43,0,0,0,41,0,0,26,135,0,0,203,21,107,0,49,0,0,0,0,212,0,71,0,0,0,0,36,0,0,61,0,0,0,43,27,0,0,0,0,0,62,130,286,109,0,76,0,0,194,0,167,0,93,27,0,0,0,57,82,82,38,0,0,0,16,0,52,120,0,45,0,33,194,0,119,0,62,0,0,0,0,0,0,45,0,464,0,0,152,0,0,0,30,0,0,0,36,0,0,0,32,0,0,0,0,0,56,0,109,0,53,106,27,403,42,0,0,0,25,0,58,0,104,67,0,0,44,0,95,0,0,40,0,134,228,0,0,109,0,136,65,36,0,0,0,0,0,259,97,0,0,0,84,0,37,0,0,0,0,0,0,39,0,0,91,0,0,27,0,0,0,0,0,0,227,0,0,0,0,0,0,0,63,258,0,67,0,103,0,84,0,0,0,0,0,0,0,0,85,0,0,25
261,0,0,0,42,0,35,0,0,33,0,109,0,0,0,47,95,242,0,32,0,57,0,52,0,52,0,0,81,0,0,0,31,0,97,167,165,0,61,319,153,0,0,0,196,0,50,13,93,0,78,39,132,0,0,60,0,0,0,0,0,48,0,41,0,71,69,33,0,30,0,0,0,0,0,335,113,0,288,48,93,0,28,45,190,0,31,0,0,0,59,0,53,35,95,0,29,0,68,0,0,0,28,105,0,0,0,35,112,71,150,0,78,37,62,54,45,60,0,0,257,17,108,44,0,0,0,45,70,0,137,0,84,0,116,59,49,113,60,70,39,0,60,320,0,0,0,36,79,134,0,0,73,0,76,81,0,123,34,294,248,0,0,102,0,0,27,0,56,130,84,39,0,0,0,36,0,46,83,0,0,68,0,0,0,0,0,542,56,0,0,0,78,61,39,0,106,0,0,111,15,0,0,0,453,45,0,0,0,78,99,45,32,26,0,128,0,52,0,0,120,131,0,0,68,0,0,111,384,21,60,0,0,0,0,0,50,75,234,72,33,60,0,17,0,0,124,0,0,0,0,0,58,59,68,0,47,0,38,45,220,161,95,47,51,0,0,93,136,182,0,0,180,85,75,19,34,0,424,135,83,0,103,91,82,64,29,260,739,0,47,0,96,0,0,72,0,0,0,78,33,49,104,0,0,280,209,168,0,67,63,437,128,0,0,0,100,224,94,45,0,31,0,0,297,94,43,202,0,48,343,0,53,76,134,85,0,0,0,90,0,71,0,56,86,30,0,0,78,836,162,86,40,192,301,30,58,78,264,233,123,72,162,52,115,0,443,137,67,52,187,78,96,54,131,54,165,0,0,122,44,55,67,45,100,708,66,85,81,0,50,0,458,0,78,23,296,0,182,181,0,0,185,0,30,107,0,0,0,26,168,0,64,0,0,0,157,39,234,319,0,75,69,0,125,109,103,61,199,0,0,0,0,33,153,0,31,78,0,74,0,0,406,172,219,177,157,135,0,73,30,0,237,0,107,0,50,0,0,49,238,0,223,306,0,0,0,95,0,24,47,0,167,110,73,62,119,140,161,118,83,46,136,124,67,0,0,71,156,244,86,52,0,310,52,72,221,74,206,0,0,127,0,596,112,144,224,128,36,0,97,0,0,36,0,0,237,53,89,128,113,28,177,122,127,22,58,84,380,0,52,0,0,0,43,0,35,0,0,193,23,109,271,0,0,0,71,37,36,234,86,0,28,75,35,28,0,88,53,52,276,408,0,0,64,178,61,37,0,58,114,187,0,0,23,0,0,211,28,49,179,87,124,0,457,13,239,413,39,0,66,773,0,0,41,0,0,158,0,82,0,0,100,147,112,142,121,71,73,88,0,23,217,320,80,0,145,117,0,48,15,0,0,0,64,44,56,45,0,95,118,55,0,28,0,59,46,0,56,0,0,0,94,0,0,149,32,113,0,182,272,0,0,47,714,0,103,55,49,109,0,0,79,0,0,274,0,29,33,89,245,46,197,31,150,34,0,0,180,0,0,0,76,61,209,47,106,0,193,0,84,57,54,0,108,0,86,32,303,0,0,112,0,104,0,0,31,73,282,140,49,186,126,0,0,15,0,23,227,69,164,51,53,998,274,88,195,105,0,0,48,65,0,0,205,0,0,0,122,146,0,72,894,181,0,0,0,0,106,0,51,85,0,0,226,0,0,61,0,0,40,91,0,0,0,91,0,89,0,156,116,69,75,25,0,139,55,0,49,68,89,0,119,0,0,0,63,148,164,221,0,0,0,54,0,74,0,0,34,59,98,0,55,31,198,72,205,146,94,0,146,0,236,203,50,362,0,32,42,88,75,33,181,0,0,71,198,0,0,0,208,0,0,0,0,0,43,61,46,0,0,0,339,0,166,0,0,80,66,49,73,0,203,0,0,0,456,296,153,231,0,49,0,214,29,0,60,0,0,0,0,0,0,46,278,86,29,0,0,75,0,104,92,25,0,103,0,69,0,41,39,224,27,81,95,121,131,0,0,0,63,45,0,0,0,0,29,209,220,345,136,0,118,0,0,425,100,0,122,0,74,244,58,38,23,44,54,0,42,53,0,62,0,0,50,0,73,97,128,0,0,0,31,120,0,67,0,37,36,45,69,0,28,160,0,0,59,0,296,0,0,141,62,76,190,36,27,165,87,316,27,0,0,174,118,0,0,248,45,0,0,296,0,0,61,0,663,0,547,0,892,104,62,31,46,0,54,0,0,54,61,24,184,0,0,198,87,0,441,176,0,73,0,0,0,186,778,260,69,82,0,52,89,53,56,0,284,66,61,0,0,97,22,0,53,180,0,79,661,100,268,51,48,72,29,37,63,133,43,0,42,0,90,20,247,0,0,118,107,146,0,136,107,0,68,327,699,133,111,17,122,125,29,261,36,0,47,75,0,74,0,85,0,60,213,0,0,0,66,54,0,207,0,126,73,100,58,52,0,0,69,49,131,0,54,0,0,29,0,0,52,165,80,218,0,38,507,75,0,311,45,130,139,61,35,0,0,60,74,98,0,0,129,698,0,0,0,96,152,0,89,0,0,0,40,46,0,289,0,66,60,78,112,153,0,0,44,0,247,51,0,33,191,148,0,90,160,0,205,40,122,0,0,44,183,0,54,217,71,0,0,0,0,0,60,116,200,53,32,107,25,385,254,0,325,74,0,0,0,62,0,0,45,48,154,38,45,113,0,0,347,0,48,101,149,0,97,94,0,121,65,0,38,0,0,0,96,11,0,360,25,0,45,194,120,0,153,0,0,50,62,130,0,223,117,0,57,0,36,0,41,42,56,0,75,0,191,0,0,102,34,40,143,31,232,0,0,67,0,81,207,286,0,0,30,38,212,0,62,0,66,81,30,0,151,76,0,44,48,0,96,75,93,81,0,0,71,36,0,0,0,154,52,25,70,94,110,54,324,214,0,45,190,20,192,70,0,424,139,0,121,0,0,1352,32,93,0,73,0,0,236,0,0,110,115,250,0,199,213,0,0,55,135,0,78,106,0,53,0,92,0,67,0,151,112,32,43,0,0,64,56,35,58,202,0,0,0,959,542,0,335,33,69,369,132,0,56,109,30,246,0,58,46,107,0,294,48,86,86,604,0,454,139,0,321,0,0,0,25,0,180,112,55,121,142,228,0,158,0,299,0,88,132,0,0,56,79,0,77,122,0,86,71,61,171,0,0,94,46,420,168,103,81,179,61,0,237,0,0,159,0,67,99,0,32,39,189,0,42,151,82,59,0,169,42,93,81,116,0,193,424,0,0,110,0,28,68,0,47,107,0,117,85,0,267,0,83,0,0,131,83,0,0,218,53,238,60,0,75,42,0,122,0,56,0,342,57,0,0,219,44,71,0,37,0,0,0,0,116,0,43,0,0,115,0,174,0,29,158,24,45,87,0,0,0,77,0,0,165,0,0,0,46,0,0,54,0,52,0,341,31,0,0,167,0,0,0,152,81,85,0,0,35,552,0,333,0,50,0,96,0,24,74,332,55,0,110,275,0,0,185,30,0,81,63,94,0,92,0,105,42,32,0,211,0,95,93,0,146,0,0,38,84,0,0,86,141,0,138,0,0,0,42,33,73,0,54,177,171,0,0,47,61,0,0,0,52,149,57,0,68,25,62,44,44,94,0,0,73,0,232,161,0,0,71,42,120,0,0,106,99,0,165,74,0,66,260,81,0,55,0,326,0,0,31,40,125,0,42,0,0,0,149,79,0,0,0,135,146,59,0,149,0,120,0,155,0,0,0,434,0,594,45,96,48,0,80,197,0,184,37,91,53,68,93,0,239,0,144,0,51,0,42,18,241,250,0,0,535,0,0,0,165,131,48,53,243,71,56,0,0,0,0,163,87,114,555,77,54,65,0,0,53,0,69,136,0,0,0,0,0,168,0,0,84,413,0,493,35,41,58,0,56,107,51,42,71,0,24,115,524,0,0,0,91,0,0,27,60,119,35,0,0,0,0,33,0,91,0,0,500,37,0,0,0,0,0,56,29,0,372,0,41,87,0,0,83,45,0,220,217,41,179,0,34,78,82,134,0,96,54,0,32,0,71,182,59,0,59,0,0,333,0,148,0,71,79,302,220,27,240,207,57,49,38,41,282,354,124,46,94,0,147,92,0,0,0,0,88,62,0,124,0,41,177,352,118,60,132,75,18,0,0,211,0,0,143,391,24,0,47,74,0,1146,121,0,99,248,0,182,90,0,0,96,242,47,105,0,193,79,74,55,0,0,76,39,318,0,0,0,282,55,51,267,98,245,0,0,140,179,0,0,197,34,0,0,52,71,146,257,0,80,65,0,0,905,0,60,876,48,0,0,39,145,154,0,229,96,255,0,116,0,57,27,22,281,47,143,124,76,103,167,50,221,399,173,90,0,83,78,98,184,97,65,73,288,17,0,250,0,148,0,501,137,70,0,0,28,84,442,195,114,492,0,0,115,0,43,0,98,0,0,98,0,167,0,0,185,47,48,29,0,80,144,29,106,86,53,299,61,0,51,283,0,0,0,0,345,696,0,84,46,96,33,0,323,30,125,522,0,151,194,140,0,56,0,32,144,193,343,0,0,0,86,95,101,52,0,0,237,0,179,0,496,0,106,0,134,0,0,222,139,0,0,58,422,162,159,0,61,0,0,0,0,0,0,221,175,165,136,604,0,0,45,0,60,95,69,53,0,30,76,49,191,66,0,167,219,0,78,58,0,0,0,77,238,142,569,146,40,540,102,94,59,55,165,167,52,40,75,90,0,0,86,70,38,263,78,0,0,0,236,175,0,0,0,0,100,312,0,86,42,0,16,93,0,103,56,45,682,186,103,103,0,34,0,0,86,48,61,0,122,207,740,113,302,157,121,86,36,31,0,56,77,0,122,31,53,98,69,251,527,0,49,135,0,52,0,0,89,0,147,0,182,0,163,95,83,287,257,0,242,70,38,51,21,137,78,0,0,0,145,69,0,63,152,47,373,103,44,53,150,64,0,0,52,111,0,392,0,0,89,73,87,63,75,20,0,433,24,235,0,67,58,34,119,235,59,0,55,22,63,0,49,91,0,43,0,42,665,61,64,349,108,61,0,51,130,29,81,0,0,148,116,131,300,116,0,0,113,0,83,158,57,0,0,44,0,104,0,141,0,60,52,0,0,155,141,0,143,152,185,0,55,125,0,66,0,0,42,173,39,133,291,49,90,245,0,0,0,0,158,0,215,151,48,347,72,90,74,75,238,0,131,105,0,108,110,119,217,219,109,75,0,159,42,62,0,67,155,31,62,105,72,71,426,93,0,71,76,37,151,320,93,382,140,47,0,65,0,143,0,219,380,249,0,295,0,0,115,71,145,138,33,0,0,42,57,64,93,48,299,0,0,0,0,0,24,185,56,0,46,37,0,0,1022,32,0,844,59,101,0,160,0,74,152,0,195,68,0,0,85,0,0,128,38,252,76,113,70,32,0,0,0,0,895,132,0,0,0,311,0,151,168,123,263,0,0,0,56,83,23,0,156,0,0,86,63,220,96,136,204,97,266,0,32,0,76,29,53,40,141,27,573,273,32,34,0,192,37,0,83,80,0,206,224,42,37,71,63,60,45,49,0,0,17,0,0,177,152,69,34,439,25,0,145,0,0,79,183,0,42,123,159,45,0,0,140,36,0,0,33,148,728,102,0,0,135,0,28,0,79,201,0,86,117,74,0,0,124,196,0,0,51,0,0,35,0,162,103,49,42,0,0,38,0,92,109,52,0,409,0,0,66,0,110,42,97,426,145,130,18,72,45,81,49,40,92,415,135,0,0,182,81,0,100,0,165,103,101,114,38,0,573,0,613,69,198,142,168,113,206,0,59,0,39,266,49,50,62,0,591,67,164,0,0,0,0,402,0,52,57,387,0,55,205,137,97,0,283,0,168,186,95,57,553,0,318,70,84,0,59,399,0,132,0,241,102,55,0,0,63,62,24,80,99,46,108,27,111,89,184,0,92,82,0,49,0,0,90,0,81,62,40,151,270,0,57,0,0,65,0,151,390,45,27,60,0,26,0,0,263,219,0,0,48,80,0,40,88,108,20,0,81,189,44,0,232,41,21,187,112,109,137,59,0,40,0,0,0,315,0,97,74,0,64,129,39,0,0,356,0,110,73,211,46,68,178,69,0,0,328,81,347,0,64,62,0,47,0,0,0,0,251,119,31,249,100,171,0,0,0,71,80,0,41,0,29,0,0,0,324,310,40,134,40,0,94,104,0,0,84,0,367,42,0,0,0,0,38,71,95,60,0,179,0,46,185,227,35,0,524,48,0,23,132,89,33,0,0,157,0,70,0,0,0,102,41,0,71,101,0,0,36,57,48,0,181,0,67,0,37,0,91,1429,93,37,0,134,105,0,60,0,49,55,49,32,121,119,75,95,99,36,0,63,69,0,241,65,0,27,81,81,0,22,87,61,164,30,51,0,52,65,69,329,0,531,131,0,249,0,0,63,43,0,33,0,580,0,0,27,266,0,0,65,0,0,63,0,124,35,85,0,72,145,84,0,183,29,213,0,78,0,87,35,0,0,120,39,131,0,26,0,0,194,124,57,0,155,32,0,292,71,0,0,84,0,0,574,97,0,0,47,80,0,46,0,0,0,49,50,27,105,35,0,89,0,0,128,21,0,128,53,0,0,169,0,0,22,0,0,0,0,0,307,0,0,142,202,0,0,48,0,29,77,50,43,0,154,511,48,0,0
262,0,0,0,0,0,0,0,0,0,0,0,0,0,0,0,36,0,0,0,0,0,0,0,0,0,0,0,0,0,0,0,0,0,0,0,0,0,0,0,0,0,0,0,0,0,0,0,0,0,40,0,0,0,0,0,0,0,0,0,0,0,0,66,0,0,0,0,0,0,0,0,0,0,0,29,0,0,0,0,0,0,0,0,0,0,0,0,0,0,0,0,0,0,0,0,0,0,0,0,0,0,0,0,0,0,0,0,59,0,0,0,0,0,0,0,0,0,0,0,0,0,0,0,0,0,0,0,0,0,0,0,0,0,0,0,0,0,0,0,0,0,0,0,0,0,0,0,0,0,0,0,0,0,0,0,0,0,0,41,0,0,0,0,0,0,0,0,0,0,0,0,0,0,0,0,0,0,0,0,0,61,0,0,0,0,0,0,40,0,0,0,0,0,59,0,0,0,0,0,0,0,0,0,104,0,0,0,0,0,0,0,0,0,0,0,0,0,0,0,0,0,0,0,19,0,0,0,0,0,0,0,0,0,0,0,0,0,0,0,0,0,0,0,0,0,0,0,0,0,0,0,0,0,0,0,0,0,0,0,0,0,0,0,0,0,0,55,0,0,0,0,0,0,0,0,0,0,50,71,0,0,0,0,0,0,0,0,194,0,0,0,0,0,0,0,0,0,0,0,0,0,0,0,0,27,0,0,0,0,0,0,0,0,0,0,0,45,0,0,0,0,0,0,35,0,0,0,0,0,0,0,0,0,0,0,0,0,0,0,0,0,0,0,0,0,0,0,0,118,0,0,0,0,185,0,0,0,83,0,0,0,0,0,0,52,55,83,0,0,0,0,0,0,0,32,0,0,0,0,0,0,0,0,0,102,0,0,0,0,0,0,229,0,0,0,84,0,0,0,0,0,0,0,0,0,0,0,0,0,0,0,0,0,0,0,110,0,0,33,0,0,31,0,0,0,0,0,0,0,0,0,0,0,0,0,0,0,0,90,0,0,0,0,0,0,53,0,0,0,0,0,0,0,0,0,0,0,0,0,0,0,0,0,0,0,0,0,0,0,0,0,27,0,0,0,0,112,0,0,20,0,0,0,0,0,0,0,0,0,0,0,0,0,0,0,54,0,47,0,0,0,0,0,0,0,85,0,0,0,0,0,0,0,0,0,0,0,0,0,0,0,25,70,0,0,0,0,0,0,0,0,0,0,0,0,0,0,0,34,0,0,0,0,0,0,0,0,0,0,0,0,0,0,0,0,0,0,0,0,0,59,0,0,0,0,0,0,0,0,30,0,0,0,0,0,0,0,0,0,0,99,0,0,0,0,0,39,0,0,0,35,0,0,0,0,0,0,0,0,0,0,0,0,0,42,0,27,0,0,0,0,0,54,0,0,0,0,0,0,0,0,0,0,0,0,0,0,0,0,61,0,0,0,0,0,0,0,0,0,0,0,0,0,0,0,0,0,0,50,0,0,0,0,41,0,0,0,0,0,0,0,0,0,0,0,0,0,0,0,47,0,0,0,0,0,0,0,56,0,0,0,0,0,0,0,0,0,0,0,34,0,0,0,0,0,0,0,25,0,0,0,0,0,0,0,0,0,0,0,0,0,35,0,0,0,0,0,81,0,0,0,0,134,0,48,0,0,0,0,21,24,0,0,0,0,0,0,0,0,0,0,97,45,0,0,0,0,0,0,0,0,0,0,0,0,0,0,0,0,0,0,0,0,0,0,0,0,0,0,0,0,0,0,0,0,0,0,0,0,0,0,0,0,0,0,0,0,31,117,0,0,0,0,0,0,0,0,0,0,0,0,0,0,0,0,0,0,0,0,0,0,56,0,0,52,0,0,0,12,66,0,82,0,0,0,34,0,0,0,0,0,0,0,0,0,0,0,0,0,0,0,0,0,0,0,0,0,0,0,50,0,0,0,0,0,118,0,0,99,0,0,0,60,0,0,0,0,0,0,0,0,0,0,34,0,0,0,0,0,0,0,0,0,0,0,0,0,0,0,0,53,0,0,0,0,88,0,0,0,65,74,0,0,0,0,0,0,0,0,0,0,0,0,0,139,0,24,0,0,0,43,0,0,0,66,48,0,0,0,0,0,0,0,0,0,0,0,68,0,0,0,0,0,0,24,0,0,0,0,0,0,0,0,0,0,0,0,161,0,0,0,0,0,0,44,0,0,0,141,0,0,0,67,0,0,0,20,0,0,0,0,0,0,0,32,92,0,0,0,153,0,0,0,20,0,0,0,0,0,0,0,0,0,0,96,0,0,88,0,0,0,0,41,0,54,172,0,29,60,0,0,0,0,0,0,0,0,0,0,0,0,0,0,0,107,0,27,114,0,38,0,0,62,0,0,59,40,0,0,0,0,0,0,25,0,58,0,0,0,0,88,0,0,0,39,104,35,0,0,28,0,0,0,0,0,0,0,0,0,0,0,0,0,406,0,0,0,0,0,0,89,0,28,0,0,0,0,0,0,0,0,67,0,0,0,0,0,0,0,0,0,0,72,0,0,105,0,0,149,0,48,134,0,0,0,0,0,0,167,0,0,51,64,0,0,0,0,0,0,0,0,0,0,0,0,0,11,0,0,0,0,51,0,92,0,0,0,36,0,0,0,0,60,0,0,0,0,0,0,0,0,0,0,0,0,0,43,0,0,17,0,0,0,0,0,89,0,0,0,0,17,34,0,0,0,0,0,0,0,0,0,0,0,0,0,0,0,0,0,71,0,0,22,0,0,0,40,0,32,0,0,0,0,0,0,0,0,0,58,0,0,0,0,0,0,0,0,0,0,0,50,0,0,0,0,0,0,0,0,0,0,0,0,43,0,0,0,0,0,0,0,43,0,0,0,0,0,0,52,48,0,0,0,0,0,70,0,0,0,39,0,0,0,24,0,0,0,0,0,0,0,0,0,0,0,0,0,0,35,0,0,0,0,0,21,20,0,75,0,0,0,28,0,40,0,0,80,66,0,72,0,0,0,0,35,0,0,0,0,111,0,0,0,0,0,0,28,0,0,0,0,0,0,0,58,0,0,0,0,0,0,0,34,30,0,0,0,0,0,0,0,0,21,0,0,0,253,144,0,0,0,0,0,45,0,0,0,0,0,0,0,0,0,0,88,0,0,0,0,0,100,0,0,0,0,0,0,0,0,0,0,0,64,0,77,0,0,0,69,0,0,0,0,0,0,0,0,57,0,0,0,0,0,63,0,0,0,0,91,69,0,25,0,0,0,0,0,0,46,0,0,0,0,0,0,72,0,43,0,0,0,0,49,0,0,57,51,0,0,0,0,0,0,0,0,0,0,0,58,0,0,0,0,75,0,0,0,0,0,0,0,0,0,67,0,0,0,0,0,0,0,0,0,0,109,0,0,43,0,0,0,0,0,0,0,0,0,0,0,0,0,19,0,0,68,0,0,27,0,0,59,0,0,0,40,0,0,50,0,38,0,0,0,0,34,0,61,0,0,32,0,0,81,62,0,0,64,0,51,0,0,0,90,0,30,0,0,0,27,0,0,0,49,0,0,42,325,0,0,0,0,0,0,77,0,0,0,0,0,22,0,0,99,0,0,0,0,0,0,0,0,0,0,0,0,0,0,81,0,0,0,0,0,0,0,0,74,0,0,0,0,0,0,44,0,73,0,0,0,0,0,177,0,0,0,0,0,0,0,0,58,0,92,0,0,55,0,0,0,0,74,0,59,0,48,48,0,0,0,0,39,0,0,0,0,32,0,22,0,0,0,82,0,0,0,0,70,33,0,0,32,0,0,0,0,0,0,0,121,0,109,18,0,0,0,53,56,0,11,0,53,0,0,20,0,39,0,0,0,0,31,0,0,53,151,0,0,89,0,0,0,0,38,0,18,0,22,0,0,0,27,0,0,30,126,242,0,0,0,0,0,0,0,43,68,0,0,0,0,0,0,0,0,0,67,0,89,0,0,0,0,0,0,66,30,0,0,199,0,88,0,0,0,0,0,68,0,0,0,60,0,0,0,0,0,0,0,0,0,73,25,0,0,0,0,0,0,0,0,75,0,0,0,0,0,0,0,0,136,62,0,52,0,0,0,0,0,0,62,36,0,0,0,0,129,0,0,0,0,0,91,0,45,0,37,0,100,175,0,73,65,0,0,0,0,0,105,0,0,0,0,0,0,0,0,0,0,0,0,0,0,0,0,0,107,0,0,0,54,0,0,0,0,0,0,0,128,0,0,0,0,0,0,47,0,0,152,0,212,0,0,0,80,48,48,0,0,0,0,0,0,0,0,35,83,66,0,0,0,0,0,0,0,22,140,0,0,32,44,0,0,40,0,0,0,0,0,41,34,0,0,0,0,0,0,0,9,54,0,0,0,0,0,0,0,0,112,50,0,0,0,0,0,0,0,0,45,0,0,0,0,0,72,153,67,0,0,0,0,99,94,0,0,0,0,0,0,0,72,50,0,54,0,0,0,0,0,0,83,62,92,138,0,0,24,0,0,0,0,0,0,0,0,0,0,0,0,0,0,0,0,0,0,0,0,35,0,59,90,0,0,72,0,0,0,0,59,206,0,0,0,16,0,0,76,0,0,92,0,0,43,0,0,0,0,0,0,0,77,0,0,0,35,76,0,0,0,0,0,0,71,0,170,0,0,0,0,0,0,53,0,0,0,0,43,0,39,0,690,0,0,0,0,0,0,71,0,0,26,197,0,0,0,0,0,42,0,41,0,0,0,0,0,0,34,0,167,0,61,0,0,0,0,0,65,0,159,0,0,293,82,64,58,0,0,0,0,0,0,32,0,0,0,37,0,0,70,0,0,0,0,65,0,0,0,0,0,79,0,39,0,0,0,0,0,0,0,0,118,131,168,66,0,0,0,0,0,66,0,0,26,126,93,21,66,66,80,118,0,0,0,0,0,0,44,0,0,0,0,180,60,0,0,34,0,0,0,0,0,0,97,0,231,0,0,0,0,10,0,0,0,0,0,0,48,149,0,64,0,0,0,33,0,42,151,0,97,65,0,43,46,0,0,0,67,36,0,50,0,0,45,0,0,0,93,0,0,606,0,57,0,0,0,0,35,0,0,0,0,0,0,0,0,0,0,0,0,0,160,40,0,0,0,23,0,0,64,0,0,0,0,0,0,77,0,49,0,0,0,66,0,0,47,0,0,0,0,0,0,98,0,0,99,0,0,0,87,0,111,0,0,0,0,0,0,0,0,0,0,0,0,0,98,0,110,107,0,33,0,0,96,0,50,0,40,0,0,162,0,0,0,0,75,0,25,0,106,41,0,0,103,0,0,0,40,0,0,0,0,14,0,0,45,43,875,0,0,0,0,0,121,0,0,40,0,76,32,0,0,0,0,91,102,47,0,0,0,0,0,0,40,0,0,0,0,0,57,0,0,0,68,112,0,0,0,0,0,0,0,0,0,0,0,0,155,0,0,421,0,41,0,67,0,76,67,0,36,0,0,0,57,0,0,0,0,102,0,35,0,0,0,0,0,0,166,75,0,0,0,248,0,67,175,40,0,0,0,0,49,0,0,0,0,0,0,0,0,27,89,70,94,59,0,0,0,0,0,0,0,0,0,0,72,32,34,0,0,0,0,0,0,0,0,143,0,74,31,56,0,0,0,0,31,0,0,0,0,136,108,0,0,129,0,0,40,0,0,0,0,0,0,44,91,0,0,0,0,0,0,0,0,83,149,0,0,0,30,0,0,0,51,57,0,0,52,21,0,0,57,99,0,0,0,0,0,0,21,0,109,0,0,0,0,22,0,0,0,0,0,165,0,0,49,0,40,0,74,146,0,71,0,0,0,0,32,32,0,525,0,0,0,88,0,70,60,0,0,79,49,40,0,0,219,0,253,62,91,0,107,0,145,0,45,0,0,132,0,0,48,0,383,0,50,0,0,0,0,60,0,0,0,89,0,30,78,0,0,0,0,0,54,121,0,0,284,0,148,46,59,0,0,231,0,46,39,75,78,0,0,0,43,0,0,0,0,0,62,0,0,0,110,0,0,0,0,40,0,0,62,0,103,36,18,80,89,0,0,0,0,38,12,115,257,0,51,60,0,0,0,0,99,43,0,0,0,62,0,0,0,129,0,0,56,0,0,0,140,0,0,0,54,92,88,57,0,0,0,0,0,107,0,0,0,0,99,81,0,0,0,159,0,0,0,35,51,59,45,0,0,0,234,0,197,0,0,0,0,0,0,0,0,21,45,45,0,111,0,0,0,0,0,0,0,0,0,0,0,0,0,0,0,169,0,48,0,0,0,58,0,0,33,0,235,42,41,0,0,0,0,0,0,47,46,91,44,0,53,135,0,0,425,50,0,25,0,57,36,0,0,78,0,0,0,0,0,0,17,0,37,0,0,0,0,77,80,0,106,0,37,0,0,0,202,636,0,0,45,45,74,0,0,0,0,0,0,0,0,98,0,115,35,0,0,48,0,0,58,45,0,0,0,30,138,0,57,0,113,0,0,0,0,0,76,104,0,420,40,0,66,0,0,0,63,22,0,0,215,0,0,49,100,0,0,62,0,0,0,0,80,0,64,0,0,85,74,0,158,0,180,0,56,0,0,53,0,0,45,0,134,0,0,90,0,62,0,0,0,164,0,160,92,0,0,0,0,15,0,79,74,0,0,0,55,0,0,0,0,22,0,0,31,0,0,0,0,0,0,100,40,0,57,0,0,0,658,0,0,0,0,0,0,0,47,102,0,0,0,91,0,63,21,0,0,0,0,0,0,0,231,0,0,0
263,0,0,0,0,0,0,0,0,0,0,312,0,0,0,92,38,187,0,0,0,0,0,0,55,0,0,0,40,0,30,0,0,0,0,0,89,0,71,29,103,0,0,0,307,0,83,0,116,0,149,0,52,0,46,163,0,0,0,0,0,62,52,0,0,0,47,45,0,0,88,0,37,0,0,196,34,24,0,0,25,0,0,120,122,52,0,0,65,0,198,0,0,48,40,0,0,0,0,0,0,0,0,0,0,0,22,0,71,0,145,0,81,0,64,23,48,0,0,0,170,0,81,66,0,0,0,0,0,0,95,0,110,0,92,0,0,16,87,69,107,54,0,181,0,0,32,0,82,58,0,0,62,0,106,39,0,53,30,72,0,0,0,0,0,52,0,0,46,54,128,0,0,85,0,0,48,63,0,99,0,0,0,0,0,62,0,581,49,0,0,0,0,0,0,0,131,0,0,171,0,0,0,0,183,0,42,0,0,0,78,84,0,29,0,85,0,0,0,0,168,135,0,0,71,0,0,46,46,0,0,0,0,0,0,0,0,34,107,0,26,0,0,78,0,0,46,0,39,0,0,33,70,72,93,0,0,0,0,0,0,67,50,65,0,0,0,90,58,197,0,0,67,34,0,0,44,0,562,81,0,0,62,74,96,0,0,63,862,67,40,42,170,0,0,0,0,0,0,0,0,0,0,0,20,261,0,128,0,64,28,266,97,0,0,0,49,78,20,0,0,0,0,0,162,0,0,90,0,0,238,0,0,33,0,67,0,0,26,0,0,0,0,38,55,0,0,0,66,493,101,0,40,34,459,0,46,68,346,306,34,31,60,0,0,184,358,122,58,0,43,0,47,19,0,72,188,0,0,167,42,0,31,0,36,210,0,44,0,0,0,0,212,0,25,0,204,0,31,81,0,0,171,0,0,69,0,41,52,0,0,0,118,0,0,0,263,30,94,84,0,158,39,0,59,0,24,0,199,0,0,0,34,0,119,0,0,27,38,141,0,0,0,44,0,45,122,41,47,0,0,0,73,0,68,0,0,43,0,0,76,0,142,262,0,0,0,17,0,0,0,0,103,0,0,55,79,365,45,66,76,26,45,128,77,0,0,58,165,222,0,67,0,315,23,48,76,0,83,0,0,0,0,322,32,0,130,34,0,0,0,0,0,0,0,0,0,98,83,45,0,43,34,144,38,0,49,30,157,0,0,32,0,0,0,61,48,0,0,65,34,0,175,0,44,0,68,0,0,0,38,56,0,35,29,24,0,23,43,0,113,187,0,99,19,145,0,0,0,29,97,137,0,0,0,0,0,75,40,0,0,222,78,0,220,0,146,98,0,0,0,313,0,51,0,0,0,121,0,117,0,0,34,41,40,0,0,131,75,50,0,0,0,99,79,0,0,49,0,0,0,0,0,0,53,0,0,0,0,0,108,0,0,41,0,0,0,0,0,0,0,0,126,0,0,0,0,83,0,60,0,0,0,0,164,0,0,0,0,88,46,0,0,0,0,67,0,0,0,0,196,0,0,0,110,0,0,0,47,0,0,0,0,83,29,0,40,0,79,0,44,0,0,0,43,33,56,0,106,0,0,0,0,0,44,0,0,0,93,0,26,94,65,0,0,0,0,0,0,59,0,0,0,73,144,0,0,0,0,0,0,0,0,0,0,0,0,0,21,0,36,0,402,0,0,62,0,0,111,0,0,0,0,0,64,0,0,0,0,0,22,38,0,38,0,57,0,0,0,117,82,0,0,0,0,39,27,0,29,0,0,0,54,0,0,0,0,0,92,0,0,0,0,0,0,50,0,0,0,51,32,20,0,45,127,0,87,55,111,0,40,0,190,91,0,0,0,0,0,0,0,0,0,0,13,0,65,0,0,65,89,0,0,0,0,0,0,0,0,0,0,0,146,0,85,0,0,54,0,0,0,0,0,0,0,0,487,46,48,135,0,0,0,62,0,0,0,0,0,0,0,0,0,0,49,0,0,0,0,0,0,106,0,0,0,109,0,109,0,0,0,210,0,24,0,29,149,0,0,28,49,269,0,0,0,0,0,148,158,156,63,0,0,0,54,160,148,64,125,0,34,77,43,0,0,61,0,0,0,0,26,0,0,0,0,0,75,43,53,0,23,38,0,43,0,104,0,0,53,0,0,0,0,194,91,0,0,0,164,0,71,0,0,57,105,37,0,76,0,204,0,0,0,96,32,0,0,94,0,0,42,127,0,0,66,66,183,0,676,0,189,209,0,52,0,0,0,0,0,42,32,0,0,0,0,87,0,62,130,88,0,88,0,0,0,0,184,145,50,43,31,0,0,39,0,0,206,0,0,0,0,146,0,0,38,120,0,68,220,0,52,0,35,92,0,0,89,0,96,0,26,0,104,0,409,0,81,24,43,132,0,273,0,67,31,293,943,36,84,0,54,0,0,124,0,0,0,43,0,0,0,0,0,0,252,0,0,0,86,0,43,78,75,0,49,0,0,0,0,0,0,0,123,0,0,0,85,0,0,39,0,112,67,202,0,0,160,36,0,645,0,165,135,0,41,0,0,60,31,101,0,0,63,148,0,0,0,0,0,18,35,31,31,0,0,0,0,318,144,102,36,49,66,58,151,0,0,0,80,42,24,0,132,94,168,58,69,0,55,0,78,0,47,0,143,0,0,37,70,0,0,13,0,0,0,108,189,0,0,216,0,605,78,0,105,42,0,48,0,0,0,0,0,68,63,0,0,55,0,0,293,0,0,0,0,0,0,0,0,0,0,0,0,0,0,31,0,0,0,70,0,0,0,70,0,50,0,0,0,53,0,131,0,0,50,0,0,0,0,0,59,0,0,0,40,0,0,0,0,61,0,0,49,0,0,0,0,69,0,67,63,0,0,0,0,45,0,0,0,0,56,69,0,0,0,44,0,25,0,0,70,0,0,0,0,0,0,0,0,0,0,66,0,0,0,0,0,0,89,46,0,0,0,0,146,0,0,137,0,0,81,0,0,206,0,43,0,0,0,0,132,0,0,112,0,0,0,151,0,0,0,46,0,0,0,153,0,0,0,0,11,53,0,0,59,0,6,0,0,0,52,0,9,40,0,0,0,122,100,0,196,0,50,0,51,0,0,0,40,51,0,0,0,0,0,154,0,0,46,90,0,159,0,0,0,0,0,0,0,0,0,71,0,163,0,84,0,94,0,48,0,0,119,0,0,23,0,0,0,0,0,36,0,65,33,41,0,0,0,143,0,0,0,0,0,0,0,0,0,209,0,0,61,0,0,0,0,0,0,0,41,0,0,93,60,26,0,147,0,0,39,0,0,0,0,0,50,0,0,0,0,14,68,50,95,0,0,0,0,164,0,60,0,289,42,0,0,15,56,26,0,0,56,64,0,134,0,0,0,0,26,0,0,0,0,0,0,0,37,0,0,0,0,0,50,49,0,0,0,0,0,169,0,0,0,66,0,0,58,0,0,0,0,0,0,74,0,0,0,0,43,0,0,113,45,0,0,0,52,41,0,0,0,173,0,239,0,0,0,0,0,0,0,97,0,0,27,0,0,0,58,41,0,0,0,0,0,13,0,0,0,0,0,65,0,0,93,0,52,16,0,0,0,0,0,0,101,0,0,0,0,0,0,0,0,0,0,95,0,68,0,0,0,0,27,0,0,0,39,0,0,0,242,0,0,0,0,0,78,0,0,33,0,0,0,0,0,0,0,0,0,0,0,0,0,0,167,61,0,0,0,284,0,0,0,0,100,0,0,0,0,0,0,0,0,0,0,151,0,0,0,0,0,0,0,66,0,0,0,0,0,0,0,0,0,0,47,162,0,88,0,69,0,45,0,33,0,0,0,0,0,0,0,0,0,98,0,0,294,0,0,0,39,0,0,0,0,0,31,0,0,0,0,87,28,0,61,0,0,0,0,0,0,0,0,0,0,0,45,0,36,0,0,0,0,0,0,0,0,0,0,0,0,71,0,0,0,0,33,0,98,0,0,0,0,0,70,0,0,81,0,0,0,0,0,0,0,0,0,0,101,0,0,0,0,0,0,0,0,0,392,0,0,0,0,0,0,0,0,141,46,0,44,0,0,64,83,56,0,61,0,31,0,0,0,42,0,0,64,0,0,71,0,0,0,58,0,214,0,0,156,0,0,0,28,0,0,81,39,50,0,0,0,0,0,0,0,0,0,0,0,100,0,135,0,134,0,32,72,0,0,0,0,0,0,0,0,108,41,0,0,0,0,0,0,63,25,54,0,338,0,0,22,16,0,52,72,0,0,52,44,0,0,0,0,0,146,0,0,0,53,0,54,0,198,56,0,0,0,58,0,0,0,0,0,0,0,0,103,80,63,0,0,0,0,0,44,0,336,0,0,0,0,0,0,0,0,88,0,0,61,0,0,0,0,0,0,0,62,40,0,29,77,0,257,0,29,0,0,0,94,73,0,19,0,107,0,0,119,0,81,0,0,63,40,0,0,0,0,113,111,36,265,0,0,64,0,0,0,36,0,0,31,0,43,0,0,49,0,0,0,0,0,0,0,0,104,44,189,0,0,0,116,0,0,0,0,281,401,0,0,0,0,0,0,0,0,165,148,94,0,0,65,0,0,0,0,30,0,0,0,0,0,0,94,65,0,0,0,39,0,0,0,61,0,77,0,0,0,0,114,0,0,0,0,136,85,0,0,145,0,0,0,0,0,0,0,0,0,54,102,0,0,0,0,38,111,76,0,30,0,51,36,76,0,0,58,237,34,72,0,0,0,0,0,55,0,0,0,0,173,0,93,0,0,0,0,0,0,22,82,0,27,0,0,41,141,62,0,0,0,76,83,0,0,59,0,62,0,0,55,0,0,0,50,0,53,0,0,58,66,71,60,0,0,0,0,31,54,0,0,0,130,300,0,58,118,35,83,0,0,0,0,0,0,109,0,0,0,0,161,179,0,0,0,17,0,0,0,0,0,94,37,131,0,62,0,0,105,31,0,126,66,36,0,51,0,0,0,45,0,75,0,0,28,0,31,73,0,0,0,0,0,0,0,0,0,0,71,0,0,24,0,76,0,66,0,0,213,0,39,0,0,0,0,0,77,0,29,0,0,0,0,0,67,0,23,0,0,72,0,0,67,46,0,0,0,0,0,40,0,0,55,0,113,129,41,0,0,0,55,0,38,51,0,0,0,41,0,0,90,30,31,0,0,0,76,86,0,191,0,123,0,0,112,0,0,0,0,0,123,0,0,64,0,0,156,0,0,0,0,141,0,186,50,52,46,34,94,46,31,41,0,48,0,0,56,0,0,0,66,97,0,0,58,0,0,0,0,43,38,0,0,135,58,415,0,0,31,0,0,63,100,0,78,45,0,25,0,0,67,0,0,260,178,0,65,0,0,80,0,93,0,0,0,0,0,0,62,57,0,0,49,0,0,0,0,0,89,0,0,0,0,0,0,334,0,0,518,0,80,0,127,0,0,72,0,95,0,0,0,0,0,0,57,0,41,0,52,0,0,38,0,0,0,180,41,0,0,0,139,0,0,89,0,0,0,0,0,74,24,0,0,118,0,0,0,8,57,37,0,0,149,0,0,18,45,69,0,0,0,0,0,33,54,0,0,0,92,0,0,0,29,0,79,60,62,0,34,0,0,0,0,0,0,0,0,0,50,53,0,0,225,54,0,17,0,0,15,0,0,0,110,115,0,0,0,39,0,0,0,0,21,218,32,0,0,0,0,0,0,0,0,43,0,83,61,50,0,70,46,0,0,0,0,0,0,0,0,89,0,0,0,0,0,0,0,0,0,0,397,0,0,75,0,49,0,36,92,0,0,0,0,0,0,0,0,0,164,0,0,0,0,0,0,41,0,0,141,77,0,0,0,64,0,120,0,214,0,0,0,112,0,0,73,33,158,0,0,0,0,221,0,106,0,0,0,0,0,0,0,0,243,0,0,0,0,0,0,112,0,0,0,63,0,96,0,77,0,57,0,82,213,0,0,0,176,0,49,0,0,45,48,0,31,0,0,0,0,31,0,273,0,0,0,0,0,0,0,46,0,41,0,0,62,0,0,0,0,0,0,0,59,115,0,0,0,0,0,0,0,0,0,0,0,29,0,0,0,33,75,0,0,0,0,0,0,59,0,0,34,57,59,53,0,0,0,0,0,0,72,0,0,0,0,47,34,0,0,0,98,0,0,0,71,0,0,36,0,0,0,139,0,118,24,70,0,0,0,0,0,40,55,172,0,0,77,0,82,0,0,0,57,0,0,0,0,36,0,0,0,153,0,0,0,0,0,0,0,0,0,0,0,239,0,0,0,0,0,0,0,0,0,0,36,67,0,0,98,0,0,0,30,67,0,0,0,0,0,0,0,0,93,0,0,0,0,0,0,0,69,0,0,0,0,40,0,16,0,0,0,0,0,318,290,0,116,0,51,77,0,0,0,97,0,0,0,44,0,110,0,0,0,0,0,0,0,71,0,0,88,0,0,114,0,0,0,64,0,0,0,0,0,0,132,0,91,33,0,0,0,0,53,0,0,0,39,167,0,0,0,105,0,0,0,0,0,36,0,37,0,0,82,0,388,0,0,0,33,99,31,0,0,81,74,0,0,73,0,69,0,12,146,0,38,0,0,0,0,0,126,0,0,0,0,0,0,0,18,0,0,0,0,0,0,30,0,0,0,0,0,0,0,0,0,71,0,0,35,0,0,0,0,0,0,271,0,0,0,0,0,0,0,81,24,0,0,38,94,0,143,0,0,0,35,0,0,0,0,205,0,0,0
264,0,0,0,192,110,72,59,0,158,0,367,75,0,0,381,101,336,0,119,0,319,106,50,197,136,0,52,180,64,26,0,158,0,51,423,381,0,160,463,131,49,167,47,214,0,69,39,528,0,211,52,198,104,49,443,0,0,0,41,0,239,179,453,63,80,162,58,52,0,264,0,119,0,0,454,262,0,395,93,151,51,73,331,489,140,35,48,48,84,453,103,117,168,120,0,88,0,107,93,0,61,0,184,0,53,135,32,253,178,339,58,99,125,227,74,63,273,0,0,543,0,238,32,71,49,0,0,181,33,176,49,440,81,222,59,244,96,95,76,114,46,277,415,0,32,129,94,101,337,0,92,251,86,346,373,0,206,0,489,462,67,43,145,66,214,53,0,148,365,177,220,93,125,0,135,0,68,196,104,79,510,0,82,47,142,85,594,416,0,0,27,54,66,324,0,160,22,65,120,16,86,167,47,468,0,113,0,83,128,240,92,138,170,40,199,100,59,0,63,242,211,67,38,460,0,0,331,996,0,58,58,0,56,75,0,85,136,212,125,0,181,42,76,44,0,384,0,50,0,64,163,335,85,261,38,107,23,103,73,769,210,108,62,58,0,24,646,223,677,0,0,163,517,86,106,132,44,834,269,201,0,189,379,130,65,119,507,1460,220,146,106,501,46,26,117,34,0,199,77,58,29,83,85,0,130,495,280,0,102,61,693,143,0,0,58,79,250,88,43,59,50,0,33,269,156,97,188,0,0,447,0,0,149,170,43,0,0,43,0,0,181,0,145,192,58,0,0,99,1279,233,203,37,346,229,31,84,95,421,208,141,82,157,32,123,427,811,98,150,47,307,54,95,58,62,218,306,0,22,136,155,50,55,48,32,857,129,94,163,0,54,68,181,36,126,40,347,75,92,247,0,0,376,42,93,115,110,51,58,33,268,0,42,0,0,0,0,122,397,238,0,166,110,0,106,127,155,73,383,75,0,0,90,0,136,55,39,120,0,88,0,34,243,118,368,166,348,52,0,59,0,0,152,0,124,0,80,57,0,53,213,22,150,140,48,71,91,43,38,74,67,54,355,164,105,119,255,131,229,174,218,30,346,389,314,41,0,41,161,633,164,79,0,154,68,76,319,132,146,56,0,162,54,770,116,167,98,251,63,0,139,0,0,47,0,39,448,132,129,198,223,0,172,426,84,0,0,63,517,52,52,0,0,0,120,101,0,0,0,184,76,187,434,50,0,0,241,75,83,255,200,135,29,99,139,126,0,60,203,0,369,323,0,0,82,942,49,0,0,103,531,425,31,0,35,46,32,422,50,30,322,0,168,0,658,0,353,826,174,0,40,661,0,142,0,0,29,276,23,53,0,76,126,159,103,335,76,235,30,0,0,70,334,457,139,0,111,128,0,94,0,42,0,71,66,38,152,60,0,0,216,0,55,76,46,48,119,118,42,0,44,0,138,0,50,661,0,50,0,343,271,0,38,246,683,0,225,137,107,284,109,76,121,0,61,207,186,0,49,129,463,93,236,0,381,0,126,151,311,0,67,71,176,166,316,46,51,0,89,0,44,0,84,0,66,63,289,35,399,23,41,114,0,95,78,0,69,84,130,176,35,338,264,0,0,43,0,105,304,180,498,97,30,2119,260,400,193,0,0,38,103,114,34,73,91,0,0,97,752,178,62,92,1117,159,0,108,40,40,158,0,39,111,0,38,314,42,0,120,0,0,26,94,59,118,26,128,0,109,24,244,203,0,113,0,0,447,0,0,0,141,252,43,94,33,0,0,191,99,105,816,0,0,137,61,0,42,0,0,168,0,42,53,112,85,525,125,154,130,231,28,96,0,122,398,83,363,0,0,43,93,179,0,343,87,0,72,92,87,41,117,453,0,0,97,0,0,47,0,33,0,0,0,411,45,235,67,0,133,0,64,135,35,202,47,0,0,931,296,120,534,79,41,37,341,46,135,81,0,0,0,0,69,33,70,246,145,60,0,0,77,89,163,379,44,34,185,0,91,0,96,84,122,31,144,46,273,0,106,0,76,125,480,0,58,0,41,55,427,487,226,241,52,128,0,0,930,327,52,312,0,79,262,165,76,83,170,68,68,46,86,45,39,40,0,103,97,77,282,253,0,0,73,0,166,62,128,51,111,48,108,212,0,197,285,42,0,122,60,375,91,0,104,177,78,212,227,0,149,0,276,68,102,0,304,215,78,0,997,69,0,88,376,0,35,170,89,434,71,1071,0,1668,126,91,58,34,0,66,0,0,147,155,19,239,74,0,291,211,57,386,219,86,199,0,143,67,196,441,429,64,123,61,42,115,126,38,0,551,133,108,44,38,100,84,67,129,209,37,383,1624,77,272,75,247,181,72,0,471,106,197,52,0,0,84,69,312,0,202,215,317,372,0,439,0,134,144,561,2106,113,432,76,115,88,37,403,19,135,130,52,0,110,0,175,0,44,888,55,47,0,132,78,83,223,0,218,118,90,32,93,47,61,191,69,189,0,0,105,75,0,0,79,49,426,135,178,0,90,1079,117,0,559,112,205,279,87,44,0,36,255,154,454,0,48,219,1740,41,53,46,221,244,50,53,70,152,0,69,0,46,827,185,119,131,62,239,116,330,0,83,45,206,76,63,194,357,261,420,126,388,0,245,86,149,0,157,85,202,0,148,549,308,63,29,76,0,55,48,511,228,145,78,136,58,961,245,0,85,83,38,98,20,95,31,69,95,97,289,54,77,161,129,0,1195,47,98,134,160,106,169,142,0,297,140,37,62,131,0,0,120,87,0,384,0,0,98,271,46,48,183,43,0,124,104,349,43,134,188,0,79,27,194,0,60,34,51,61,139,22,98,0,0,144,66,72,226,70,200,0,0,71,66,249,368,207,38,51,28,63,336,113,126,0,234,211,85,48,181,127,24,51,99,35,172,109,86,232,0,0,149,42,0,219,47,400,96,0,87,163,126,90,360,89,94,73,61,66,139,0,0,557,339,144,423,75,0,1835,72,200,0,102,95,49,499,0,74,187,60,207,39,261,237,0,31,63,201,68,71,460,0,0,49,145,0,108,0,192,71,79,78,40,64,77,83,47,92,151,64,0,62,2468,956,112,641,58,143,181,253,131,42,194,43,281,89,76,83,18,28,499,54,97,161,553,45,511,254,0,611,90,19,53,0,0,247,169,35,135,134,348,121,355,0,576,24,152,370,0,0,158,109,124,193,144,0,113,155,123,284,66,233,178,0,1067,280,128,136,296,74,63,173,42,0,959,0,38,380,0,53,74,393,27,101,255,142,175,51,59,172,175,191,236,28,240,191,32,52,117,42,109,63,72,116,129,0,297,214,233,454,54,148,68,0,374,89,105,0,614,520,267,101,54,99,94,0,128,490,73,131,700,35,0,88,261,0,80,84,37,0,86,0,0,140,304,107,0,51,164,92,160,38,74,182,35,59,302,0,31,0,279,127,0,92,96,60,0,75,0,31,269,39,126,0,345,167,34,37,228,272,75,84,172,127,173,0,51,94,612,0,258,32,54,136,260,0,73,69,615,53,0,186,374,0,0,377,93,0,120,178,233,0,174,110,77,0,49,0,89,0,79,626,0,142,118,70,0,132,45,123,89,145,0,193,35,54,0,48,0,159,0,0,242,607,94,0,49,176,82,83,45,70,92,110,44,46,94,447,50,0,108,0,45,54,44,134,222,102,197,127,105,67,42,43,243,95,138,142,91,75,0,325,101,0,66,130,264,40,0,88,0,414,0,0,0,0,0,602,216,85,43,0,408,159,150,0,43,0,279,31,591,0,61,0,558,0,1148,104,178,60,25,121,197,0,102,82,194,71,100,154,123,193,0,133,0,71,68,130,27,177,361,0,0,556,72,0,28,147,111,60,34,293,70,0,0,0,63,0,106,90,275,591,153,270,168,0,30,60,35,122,81,0,22,94,0,76,367,0,0,56,512,0,373,0,63,38,37,309,328,0,180,72,0,466,136,1076,0,48,32,124,0,215,64,72,105,102,63,0,93,52,66,0,100,62,63,937,70,96,0,0,0,63,35,262,0,622,48,127,142,0,58,47,68,0,290,214,51,218,55,96,157,83,186,46,193,116,102,101,19,86,150,93,0,206,0,36,332,0,147,70,79,153,643,315,106,533,175,108,0,47,43,224,437,166,117,361,46,171,0,0,53,60,0,111,110,23,104,145,326,155,297,208,124,106,101,59,31,0,183,52,164,191,477,123,62,129,125,0,744,147,117,112,348,0,651,157,0,0,101,408,156,88,0,427,56,106,0,66,44,74,204,482,77,41,0,255,134,209,233,255,194,0,0,144,191,0,0,238,111,63,30,77,74,259,426,116,60,252,43,0,791,57,123,721,189,43,0,78,202,134,0,545,99,824,0,252,59,90,0,0,336,97,239,229,94,145,103,146,181,739,196,119,0,65,158,180,368,354,73,158,552,0,44,346,150,195,59,629,159,114,60,0,87,120,418,481,246,727,53,0,193,58,29,0,219,0,54,196,0,159,0,79,483,122,53,43,0,48,159,55,107,287,85,841,138,0,94,413,95,0,45,31,781,1761,0,112,0,140,39,0,373,82,308,866,176,216,331,164,60,42,0,63,97,206,344,39,84,51,90,224,212,255,0,44,250,22,193,0,516,56,227,42,166,53,0,274,405,0,32,83,379,231,213,0,1180,31,89,0,0,0,0,493,150,194,201,914,0,0,119,81,56,197,201,58,59,139,150,123,139,155,93,95,671,112,305,67,147,43,128,44,172,171,525,120,71,759,193,344,160,141,117,179,55,43,45,81,0,89,59,239,162,282,385,75,73,18,305,299,143,0,139,34,93,289,99,256,163,50,0,0,18,168,120,97,1032,218,886,193,0,54,28,32,176,191,58,0,242,211,964,113,228,152,139,404,74,130,0,47,95,75,68,0,74,113,53,826,362,0,72,304,74,102,0,64,124,89,279,80,559,69,114,166,115,563,221,0,244,170,44,151,73,359,57,216,61,0,169,69,45,210,530,42,293,230,34,92,304,116,139,0,275,143,0,269,40,40,215,201,53,54,223,40,0,2489,0,207,109,72,137,69,159,351,59,0,115,0,74,90,110,321,41,151,52,27,986,100,154,798,65,106,0,35,75,49,60,0,83,67,45,385,319,251,28,0,184,71,111,92,250,42,29,149,96,153,0,390,84,0,543,0,0,295,172,54,235,189,203,52,77,110,160,45,0,0,42,114,68,288,312,25,423,623,54,96,23,67,479,45,180,307,77,369,88,441,131,144,531,0,156,205,74,65,264,179,292,404,179,72,0,54,173,58,0,67,197,30,0,128,383,191,2629,103,0,87,163,52,171,446,74,627,108,226,106,82,0,135,21,500,898,121,39,633,0,0,228,131,61,113,58,0,26,129,168,152,53,54,651,366,0,0,18,67,40,255,119,0,50,142,36,59,1615,0,0,990,122,162,0,351,52,509,185,0,267,176,0,29,165,0,0,173,49,265,113,168,62,110,108,0,31,0,954,150,0,18,0,658,34,246,129,87,322,0,28,85,146,179,38,0,418,0,76,55,78,505,144,505,156,144,376,0,48,82,79,43,74,107,280,33,792,168,42,40,33,215,108,77,103,84,102,505,346,261,86,190,68,78,43,50,157,74,0,0,0,286,174,88,38,825,61,0,220,38,0,117,406,0,67,167,220,53,51,0,161,150,76,0,0,387,1081,214,0,66,240,0,115,39,62,399,67,58,101,55,0,41,136,243,79,0,48,0,61,68,87,143,218,73,61,51,0,140,91,203,137,72,0,390,0,0,0,75,141,80,49,358,149,163,89,99,72,52,87,126,113,346,132,0,0,171,161,227,101,94,107,210,122,222,0,52,785,168,531,98,376,151,270,139,404,0,77,113,61,391,172,126,56,0,1544,81,141,0,49,0,0,391,0,71,97,1092,0,97,428,170,148,82,517,0,188,188,125,63,1253,40,756,74,262,84,95,570,64,160,150,230,92,90,0,0,94,85,31,235,207,0,123,0,191,509,299,40,81,97,0,209,0,40,53,57,110,139,35,113,443,53,138,0,24,72,0,177,638,75,123,436,0,0,0,74,168,308,56,47,156,260,0,118,139,562,58,0,223,188,74,47,285,163,187,378,370,469,229,229,0,44,0,0,60,345,55,155,68,0,231,141,70,78,0,413,27,330,121,277,195,295,151,114,0,27,1155,124,860,78,52,100,0,140,97,0,99,51,732,161,61,360,148,385,78,87,40,203,91,85,52,89,87,79,112,50,627,394,71,160,51,30,375,123,0,0,79,60,1034,116,150,0,50,89,132,163,199,115,87,342,106,170,337,541,91,55,913,229,240,106,85,163,117,0,58,485,0,221,0,107,56,123,71,45,63,224,99,37,49,112,130,96,345,79,143,47,116,176,962,1773,111,289,175,295,519,133,229,67,73,178,250,35,256,341,238,277,99,108,37,241,204,0,260,282,0,190,169,281,565,87,380,63,438,94,69,0,142,74,173,430,0,1272,290,35,749,0,0,244,190,0,112,35,843,34,33,142,324,0,0,365,48,0,158,0,173,51,196,243,309,1243,219,36,637,112,737,86,166,32,414,177,0,42,386,85,467,0,70,269,44,258,455,85,92,413,0,241,596,165,65,108,74,64,0,1909,193,30,0,180,180,71,169,52,61,43,55,166,99,207,95,0,366,29,0,415,88,78,136,91,174,61,911,63,37,59,0,0,0,38,218,277,0,81,373,387,109,313,118,22,61,185,168,65,0,177,450,114,89,0
265,0,0,0,73,84,124,0,0,84,0,66,0,38,0,73,130,163,0,58,0,322,0,57,42,149,0,0,0,0,0,0,87,0,54,268,233,0,118,282,84,74,74,0,241,0,49,35,258,0,125,50,0,134,0,256,0,0,0,0,0,115,107,238,0,0,88,0,0,0,389,0,36,48,0,179,0,0,525,23,92,0,30,170,0,91,56,23,54,109,305,36,100,111,110,0,35,0,55,65,0,0,37,58,0,0,0,0,0,103,142,0,67,103,140,46,0,117,31,0,56,0,266,0,24,0,0,31,0,0,129,0,212,0,89,74,177,112,0,35,153,52,105,175,0,0,0,0,26,28,0,64,0,43,135,185,0,0,24,55,243,64,0,0,88,147,46,0,119,28,196,141,14,28,0,0,22,0,142,22,79,208,0,0,0,40,0,428,83,0,0,0,117,0,130,0,79,0,0,70,0,89,283,0,345,0,0,0,72,73,0,164,70,0,0,84,47,89,0,0,112,199,0,20,230,0,0,185,506,0,54,0,0,0,0,0,0,0,114,0,0,26,49,0,39,0,0,0,34,0,51,93,179,51,163,54,75,0,0,74,527,214,65,43,0,0,0,99,130,354,0,0,178,195,123,82,66,0,580,168,119,0,43,0,45,106,43,41,1487,69,70,0,297,21,0,47,0,64,60,43,0,0,0,68,0,0,81,83,0,184,195,306,169,0,0,41,77,279,154,0,66,75,0,0,363,209,0,178,0,0,250,0,0,0,45,0,0,0,58,0,0,0,0,59,103,0,0,0,186,1128,105,53,35,0,192,35,89,133,136,121,47,65,209,0,90,41,145,0,46,0,0,49,118,0,144,56,64,0,0,311,0,37,54,49,45,810,0,0,65,0,66,41,88,72,59,54,291,0,51,122,0,56,53,0,0,124,26,0,84,0,152,0,46,41,0,0,118,52,145,347,0,77,89,16,92,218,39,64,130,55,0,25,33,74,264,0,71,53,0,44,0,0,231,217,57,46,186,82,0,45,24,0,101,0,266,0,90,66,0,0,51,66,132,216,0,69,0,117,42,0,0,61,240,66,34,0,136,91,391,68,132,27,0,269,82,0,0,46,125,105,220,51,0,246,0,84,254,197,147,0,0,298,0,610,99,39,218,0,81,21,38,0,0,80,0,0,121,75,0,171,55,0,41,143,0,0,18,0,206,0,58,0,0,0,41,112,41,0,0,219,0,201,184,40,0,0,175,72,48,537,219,59,39,45,0,84,0,40,0,0,158,0,0,0,112,130,70,0,0,52,113,39,0,0,47,0,0,63,31,0,58,64,93,0,288,0,164,170,45,38,63,1006,0,90,0,0,0,77,0,78,0,0,0,34,0,109,28,142,0,0,0,0,193,145,79,0,102,0,0,61,0,0,0,0,0,0,0,0,0,108,298,0,0,71,0,0,78,0,0,0,0,0,101,0,0,237,0,0,0,0,245,26,0,93,288,0,51,0,49,221,48,0,0,0,0,49,58,105,62,55,303,0,183,0,120,0,80,56,0,0,0,0,28,85,63,0,0,0,0,0,152,0,44,0,54,38,105,0,117,0,0,0,0,19,0,0,0,0,65,163,0,268,101,0,0,0,0,49,285,111,129,29,54,225,0,185,260,112,0,0,41,81,0,0,31,0,0,0,230,125,85,0,953,141,0,60,30,0,162,0,0,49,0,0,34,39,0,21,0,0,0,99,0,0,0,122,0,68,0,0,103,103,0,15,0,182,0,0,0,0,156,36,0,0,0,0,60,0,79,333,0,0,31,46,0,35,0,34,69,0,0,31,98,54,177,0,0,52,137,0,0,0,79,155,0,314,31,0,58,77,124,0,237,48,0,0,0,64,0,99,307,0,0,0,0,0,107,71,0,0,0,0,68,0,207,51,0,53,0,0,112,0,0,0,0,0,637,143,34,375,26,62,0,303,0,46,76,0,0,0,0,0,39,0,53,138,0,0,0,43,55,75,150,30,0,97,0,61,0,0,45,45,27,0,102,0,378,25,0,45,52,114,0,93,0,51,0,151,186,193,138,41,73,0,0,187,128,80,179,0,43,145,0,0,41,221,72,0,0,44,45,0,0,0,37,73,75,116,137,0,54,67,0,149,0,108,0,0,62,96,58,0,80,170,0,0,32,0,109,0,64,111,0,54,298,98,0,0,0,404,0,55,0,148,65,42,0,26,44,0,120,134,0,0,114,113,426,46,604,0,1364,115,0,50,0,0,0,0,0,0,109,0,117,0,0,125,0,61,191,141,90,102,0,52,58,129,365,54,89,0,0,0,54,28,0,0,145,0,36,0,41,84,0,53,65,106,0,192,752,86,232,0,163,65,0,43,170,185,33,0,55,0,64,87,93,0,203,139,135,87,0,57,0,0,124,0,660,97,312,0,89,65,54,134,0,81,0,59,0,75,0,0,0,46,860,35,0,0,99,59,0,338,0,46,73,80,61,0,0,32,0,0,87,0,0,0,0,40,0,124,39,162,45,291,52,0,234,0,0,579,37,210,88,45,84,0,0,178,0,292,0,0,98,117,0,0,0,36,171,0,0,0,79,0,0,0,0,175,44,102,0,91,242,115,326,0,83,77,0,0,0,91,37,233,278,0,0,0,232,66,135,0,41,88,128,0,0,200,238,0,24,18,0,0,29,360,366,0,0,170,31,606,141,0,0,43,0,0,0,0,0,0,0,52,173,0,42,134,0,0,391,22,37,75,0,42,33,95,34,119,90,0,27,54,0,40,0,0,0,37,0,0,0,58,82,47,0,0,0,0,35,0,0,0,75,0,37,27,49,0,23,0,49,16,88,0,127,0,0,89,0,50,99,43,0,0,0,31,62,147,42,138,0,0,0,0,45,41,0,0,157,125,48,0,0,0,0,0,37,0,108,39,29,123,0,0,0,66,0,76,0,184,33,0,0,0,0,0,145,213,29,0,123,34,108,0,44,149,131,0,238,0,0,329,0,128,0,0,57,0,216,0,58,33,0,0,0,60,42,0,0,0,77,42,0,317,0,0,0,100,36,0,0,42,86,0,0,37,51,41,0,66,50,123,0,0,0,1236,372,0,595,0,0,68,213,0,38,57,0,142,0,47,87,62,0,455,0,137,72,286,0,338,67,0,199,0,0,0,0,0,34,63,0,45,106,131,98,35,0,241,0,91,288,0,0,65,0,0,131,0,0,65,78,31,0,0,49,94,0,596,69,95,51,90,51,38,0,25,0,77,0,0,249,0,0,0,188,0,75,115,141,50,0,160,123,93,21,74,0,95,91,0,0,96,0,50,0,0,48,166,0,127,250,0,300,53,0,0,0,228,0,43,0,373,128,89,67,0,66,24,0,0,37,35,39,357,0,0,24,79,70,86,70,22,0,30,0,0,0,125,55,0,40,78,40,290,0,0,0,0,0,139,0,0,0,0,0,0,139,43,0,0,56,0,0,117,0,152,0,0,73,17,0,136,102,0,50,138,47,79,0,0,0,241,0,194,0,0,31,60,0,0,39,201,0,34,115,351,0,0,45,62,0,0,208,54,0,0,0,0,34,0,0,267,0,0,373,0,127,35,0,0,0,0,0,56,81,0,115,0,0,0,0,0,0,20,47,176,240,61,0,0,70,0,0,0,80,0,40,29,0,0,346,42,0,38,0,0,49,0,69,0,0,60,75,40,112,0,0,0,93,34,0,51,0,79,136,69,0,18,47,479,0,0,0,0,181,0,0,0,0,0,281,44,0,0,0,147,0,0,0,55,0,139,0,171,0,0,0,268,0,228,0,84,32,0,97,148,0,83,41,87,0,87,62,46,0,0,52,0,98,0,21,0,78,225,0,0,732,0,0,0,79,93,0,0,98,83,0,0,0,24,0,164,129,234,578,0,90,0,0,0,0,0,35,37,0,0,38,0,0,224,0,0,76,35,0,101,0,0,29,0,132,79,71,77,82,39,191,52,596,0,0,0,116,0,86,38,56,46,96,0,0,0,0,0,0,84,23,0,247,74,0,0,0,0,0,0,89,0,541,0,0,94,0,0,45,64,0,512,114,0,0,0,0,59,51,0,0,138,67,0,0,0,51,121,0,0,71,0,0,227,0,49,0,83,47,125,206,36,113,0,0,21,0,0,83,51,0,61,123,0,96,94,0,32,0,0,0,0,0,85,99,143,51,143,33,35,68,137,0,0,0,99,24,116,0,431,56,93,36,0,0,330,0,52,58,376,0,385,132,0,0,80,171,239,88,0,167,51,0,44,0,0,61,173,141,31,25,0,120,74,63,69,149,148,0,41,82,0,0,0,139,62,0,0,75,0,47,183,0,75,61,0,0,308,22,0,521,82,0,0,0,96,79,0,217,165,255,0,36,0,66,32,35,87,0,128,61,47,73,266,0,95,647,62,83,0,0,0,302,183,138,42,114,433,0,0,66,40,129,0,309,115,0,75,0,0,54,203,171,153,114,37,0,53,0,0,54,112,41,0,62,0,155,0,27,349,0,35,0,0,110,155,74,0,102,0,102,75,30,63,303,46,0,0,0,75,234,32,56,0,0,0,0,166,0,107,125,54,56,104,200,0,29,0,0,52,117,435,0,55,0,79,322,0,83,0,0,105,0,194,0,146,0,33,0,94,0,0,50,302,0,0,40,274,0,0,0,331,0,0,0,0,0,0,314,72,0,117,466,0,0,42,0,35,83,0,55,0,49,118,17,39,38,0,55,189,41,45,0,0,0,55,0,133,0,162,71,0,328,79,84,73,0,101,46,0,0,0,37,0,0,0,29,0,63,79,0,0,0,61,66,0,0,39,0,44,72,0,121,76,0,0,0,0,0,0,71,322,204,195,70,0,0,0,0,37,43,0,0,90,196,198,67,159,70,72,145,0,32,0,0,0,0,0,0,25,0,0,176,112,0,0,95,0,0,0,26,0,0,74,0,236,52,0,35,0,137,75,0,50,0,46,64,74,223,0,76,64,0,0,57,0,47,157,0,173,138,0,45,89,0,0,0,65,72,0,141,0,0,113,45,31,0,81,0,0,510,0,123,0,31,57,0,62,87,0,0,0,0,35,19,0,149,0,66,0,0,143,48,82,228,0,67,0,21,49,0,0,0,44,55,0,165,60,69,0,0,0,91,0,59,80,0,0,66,44,36,0,189,27,0,100,0,0,58,93,0,97,42,88,0,43,62,40,0,0,0,0,0,0,64,177,0,85,136,0,0,0,0,146,0,26,74,77,106,0,118,36,70,112,0,59,0,42,27,156,132,145,130,150,32,0,0,34,0,0,0,72,0,30,0,108,40,184,64,0,56,0,0,114,138,19,84,0,90,0,0,0,0,0,172,150,0,20,235,0,0,0,0,0,37,0,0,0,83,38,0,0,0,172,68,0,0,0,0,0,45,38,0,0,63,0,0,595,0,0,735,64,42,0,0,20,292,134,0,130,67,0,0,146,0,0,0,0,242,0,27,0,52,39,0,0,0,254,120,0,0,0,146,0,146,133,149,220,19,0,0,45,83,0,0,101,0,0,37,0,0,182,75,105,54,213,0,0,28,0,0,36,0,100,0,532,151,0,0,42,157,79,0,52,0,0,326,45,56,42,17,57,0,0,0,82,0,50,0,0,96,129,0,0,58,0,0,199,0,0,0,267,0,0,50,303,0,0,0,80,52,55,0,0,172,84,80,0,0,117,47,64,0,0,99,0,41,0,0,78,0,108,342,0,0,27,0,47,0,0,24,58,54,59,33,0,68,89,110,96,21,0,158,0,45,130,0,103,20,77,212,87,0,43,0,0,30,90,70,65,437,113,0,0,253,0,139,49,46,96,88,31,0,0,0,42,95,295,60,0,60,155,103,196,0,131,62,0,245,57,0,66,0,696,49,51,0,23,0,0,86,0,0,0,243,0,42,208,144,53,0,148,0,143,155,55,32,611,0,371,0,262,42,0,407,0,68,67,67,88,0,0,37,124,0,0,39,0,0,78,0,93,203,118,0,59,59,0,176,0,0,120,28,65,46,0,173,220,37,0,0,0,79,0,153,221,30,45,158,0,0,0,42,117,40,0,0,56,74,0,0,0,113,32,0,58,72,0,27,159,40,29,58,132,82,58,63,0,45,0,0,0,89,0,84,0,0,50,0,14,0,0,234,0,86,113,66,0,43,0,87,0,0,312,46,201,0,64,0,0,35,23,0,68,42,111,110,20,192,62,176,0,59,0,35,0,0,0,0,0,35,0,36,114,38,0,75,0,0,50,46,0,0,0,0,273,45,48,0,0,0,35,65,99,0,0,0,0,61,104,137,0,0,0,0,0,0,67,50,0,0,31,173,0,0,0,56,0,0,0,0,0,30,0,0,46,0,65,41,0,0,45,0,96,169,0,119,41,0,38,89,73,0,145,0,62,0,63,0,87,65,165,0,45,43,0,62,0,0,0,88,0,0,92,62,101,0,90,0,108,0,0,0,0,0,68,152,0,556,103,0,99,0,0,29,27,0,62,0,243,0,0,0,114,0,0,90,0,0,0,0,85,0,49,123,0,0,34,0,97,32,87,0,50,0,59,41,0,0,133,0,131,0,0,45,0,164,188,0,0,0,31,297,211,0,0,43,0,0,0,232,80,0,0,47,52,29,0,0,0,35,0,0,53,44,0,0,49,0,0,224,45,0,107,0,64,0,352,0,0,24,0,0,0,0,42,284,0,59,32,123,0,59,0,0,0,52,36,0,0,49,0,0,0,51
266,0,0,0,0,0,0,0,0,24,0,98,0,0,0,0,91,0,0,0,0,118,0,0,41,0,0,0,0,0,0,0,0,0,0,0,0,0,32,67,0,0,0,0,132,0,0,0,116,0,0,0,0,0,0,82,0,0,0,0,0,0,0,153,0,0,0,0,0,0,0,0,24,0,0,33,0,0,0,0,0,0,0,60,50,0,0,0,0,0,123,0,0,0,44,0,0,0,0,0,0,0,0,0,0,0,0,0,0,0,59,0,0,0,0,0,0,0,0,0,36,0,0,0,0,0,0,0,0,0,10,0,0,0,51,0,48,33,0,0,0,45,0,0,0,0,0,0,0,0,0,0,0,0,47,0,0,0,0,0,58,0,0,39,0,0,0,0,0,0,0,0,0,0,0,0,0,0,0,31,0,87,0,0,0,0,0,0,0,0,0,0,29,0,87,0,0,0,0,81,0,0,115,0,119,0,0,0,0,74,0,0,0,0,0,36,0,0,0,0,0,0,0,0,0,0,0,0,67,0,28,0,0,0,0,0,0,0,85,0,0,0,0,0,0,0,0,0,0,0,0,0,0,0,0,0,41,0,0,0,73,0,21,0,0,0,0,51,0,0,0,0,30,0,0,0,0,0,0,63,0,0,0,0,0,0,0,22,627,0,0,24,71,0,0,0,0,0,0,0,0,0,0,0,0,100,93,39,0,0,0,67,0,0,0,0,0,25,0,0,0,0,0,0,68,0,0,52,0,0,0,0,0,0,0,0,0,0,0,0,0,26,0,0,0,0,0,0,0,409,0,0,0,0,64,0,0,28,174,0,0,0,0,0,59,90,134,0,0,0,0,0,0,0,0,62,56,0,0,40,0,0,0,0,0,74,0,0,0,0,0,0,240,0,0,0,0,0,20,12,0,0,0,0,0,0,0,0,0,0,51,0,0,0,0,0,92,0,21,54,0,81,0,0,0,0,0,0,87,9,0,0,0,0,60,0,0,0,0,0,0,0,50,0,31,0,56,0,0,0,0,0,41,0,28,0,0,0,0,0,8,0,90,0,0,0,0,0,0,0,0,0,47,0,0,26,0,116,52,0,0,0,0,0,0,0,0,0,0,88,66,0,0,0,0,0,55,81,0,0,0,51,0,0,37,0,39,0,0,0,0,0,0,0,0,0,0,0,0,34,0,0,0,35,0,0,0,0,120,0,0,0,0,0,48,27,0,0,0,0,0,0,52,0,0,0,0,0,0,61,0,0,0,0,0,0,0,14,0,0,92,0,0,0,0,119,0,0,0,0,47,0,0,0,0,0,0,23,0,0,0,93,19,0,163,0,0,0,0,0,0,134,0,0,0,0,0,0,0,0,0,0,18,52,0,54,0,86,0,0,0,0,0,75,0,0,0,0,0,0,0,0,0,0,0,0,0,0,0,42,76,0,0,0,0,0,0,0,0,0,0,0,0,0,0,177,0,0,0,0,59,0,0,46,81,0,0,0,0,67,0,0,0,0,0,0,0,0,0,0,122,0,37,0,213,0,64,0,86,0,0,0,20,0,67,0,53,0,62,0,0,0,0,0,0,0,145,0,89,0,0,0,0,0,0,0,42,0,111,0,0,136,0,0,0,0,0,0,76,39,208,0,0,200,0,0,39,0,0,0,0,0,0,0,0,0,0,0,120,0,59,0,236,36,0,0,0,0,38,0,0,0,0,0,107,0,0,0,0,0,0,0,0,16,0,0,0,0,0,0,0,49,0,0,0,141,0,0,0,0,29,0,0,0,0,0,0,0,75,0,0,0,18,0,0,40,0,0,0,0,0,0,0,34,145,0,102,44,40,0,20,0,62,164,0,34,0,0,0,0,0,0,0,0,0,0,53,0,0,0,0,0,0,52,0,0,34,0,0,0,0,0,0,0,53,0,0,0,0,0,0,0,0,0,0,0,251,0,43,102,39,0,0,78,0,0,0,0,0,0,0,0,0,0,0,33,0,0,0,0,0,0,68,0,0,0,0,0,0,0,0,50,0,0,0,43,55,28,0,0,44,69,0,0,0,0,0,0,31,150,53,0,0,0,28,0,0,54,0,0,0,0,0,0,0,0,0,0,0,0,48,0,0,0,0,0,0,0,0,0,0,0,0,0,0,136,0,0,0,0,0,0,21,16,0,0,0,0,111,0,0,0,0,0,0,0,0,0,0,69,0,0,0,24,0,0,0,0,0,0,0,56,0,0,0,78,188,0,50,0,0,0,0,71,0,0,0,0,0,0,0,0,0,0,0,42,0,61,0,180,0,0,0,42,0,0,164,35,0,0,0,0,30,0,0,0,54,0,0,0,0,0,0,0,0,84,0,30,0,37,0,0,0,0,0,0,50,38,0,0,0,0,38,0,225,0,0,0,0,71,0,73,29,0,0,86,99,42,0,0,31,59,0,52,0,0,0,43,0,0,0,0,0,0,200,0,0,0,0,0,0,0,0,0,90,0,0,0,0,0,0,0,75,0,0,0,66,0,0,0,0,0,0,41,0,0,74,0,0,0,0,0,99,0,0,0,0,0,0,83,0,0,0,37,0,0,0,0,0,0,0,0,0,0,0,0,0,102,0,0,0,0,43,43,0,0,0,0,158,0,0,0,54,43,0,0,0,0,0,0,0,0,0,0,117,0,0,63,0,0,0,0,0,0,0,0,0,0,0,0,0,0,0,0,110,0,0,0,0,0,0,0,0,0,62,0,0,0,0,0,0,0,0,0,0,0,0,0,0,0,0,0,0,0,0,0,0,0,0,0,0,0,0,0,31,0,37,0,0,0,0,0,0,40,0,0,0,0,0,0,0,0,0,0,0,0,0,0,0,0,0,0,0,0,37,0,0,0,0,0,92,46,0,0,0,0,30,0,0,0,0,0,0,0,0,0,0,0,0,0,0,0,0,0,0,0,0,0,0,0,0,0,0,0,0,0,0,0,27,55,0,0,54,0,0,0,0,104,0,0,0,0,0,448,0,45,0,0,0,0,0,0,0,38,0,36,0,0,31,0,0,0,0,0,0,30,0,0,0,0,0,0,0,0,0,0,0,0,0,0,0,0,0,0,0,0,0,0,41,0,48,0,0,0,0,0,0,40,0,0,0,0,0,38,0,110,0,0,0,0,0,88,0,0,95,0,0,0,0,0,72,0,0,0,34,19,0,76,0,0,0,0,0,0,0,0,0,0,0,0,0,0,0,0,44,0,0,0,0,0,42,0,0,0,0,0,0,0,0,0,0,0,0,0,0,0,0,0,0,0,0,0,0,0,0,0,41,0,0,0,0,0,0,0,0,0,0,0,0,0,0,0,26,0,47,0,30,0,0,24,0,0,0,83,0,0,0,0,0,0,0,0,0,0,0,133,0,0,0,0,0,0,0,0,0,0,0,0,0,31,0,0,0,0,0,100,0,0,0,0,0,0,0,0,0,18,0,0,33,0,0,0,0,0,0,0,0,0,0,0,0,0,0,0,39,0,0,0,0,0,0,0,0,47,0,0,0,0,0,63,0,0,0,0,43,0,0,273,0,0,0,0,0,0,0,61,0,0,0,0,0,0,0,73,0,0,137,0,0,13,0,0,0,0,0,0,0,0,0,0,0,0,0,0,0,0,0,0,0,0,0,0,0,0,0,0,59,0,0,0,0,0,0,0,0,0,0,0,0,0,66,0,0,0,0,0,0,0,0,0,0,0,0,0,0,27,0,0,0,0,0,38,0,0,0,0,0,0,44,0,0,0,100,0,0,0,0,0,0,0,0,65,0,0,0,61,0,0,0,0,0,76,0,0,0,0,0,0,0,0,0,0,0,0,0,0,0,0,0,0,0,0,0,0,31,0,0,0,64,0,0,0,40,0,0,26,0,0,0,0,0,0,0,0,58,0,34,0,0,0,0,0,0,0,0,94,0,0,0,0,0,0,0,0,0,0,0,0,0,0,0,0,68,0,38,23,0,0,78,0,0,0,0,0,0,0,24,0,0,0,0,0,0,0,0,0,0,0,0,0,0,0,0,0,0,0,0,0,40,0,98,0,0,0,0,0,0,0,0,0,0,0,0,0,0,0,0,0,0,0,0,35,0,0,0,0,0,0,0,0,0,68,0,27,0,0,0,0,58,0,0,0,0,0,0,0,57,0,0,33,0,0,0,30,0,0,0,0,0,0,0,0,0,0,28,54,0,0,0,0,0,0,0,0,0,0,0,0,0,0,0,0,0,238,0,0,0,0,0,0,0,0,0,0,0,0,0,0,114,0,0,0,0,0,0,0,0,0,0,0,0,0,52,49,0,0,0,0,0,0,0,0,0,0,0,0,0,0,24,0,0,0,0,0,0,176,0,0,0,0,0,0,0,0,0,0,0,0,0,0,0,0,0,0,0,64,0,0,0,0,0,0,0,0,0,0,0,0,0,0,0,0,0,0,0,0,0,0,0,41,0,0,56,0,0,0,0,0,0,0,105,0,51,0,0,0,0,0,0,0,0,0,0,0,0,0,0,0,0,0,0,0,0,0,0,0,50,0,0,40,0,0,0,0,0,0,0,0,31,0,0,0,0,0,0,22,0,0,0,0,0,67,0,0,0,0,0,0,32,65,0,0,0,0,0,0,0,0,0,0,0,0,0,55,0,0,0,0,0,0,0,0,0,0,0,81,0,0,0,282,0,0,0,0,0,0,0,21,0,0,65,0,0,0,0,0,0,0,0,0,0,0,0,0,0,0,31,0,0,23,0,0,0,0,0,0,0,0,0,0,111,0,0,0,0,0,0,0,0,0,0,0,0,0,0,0,0,0,0,0,0,0,64,0,0,0,0,0,0,0,0,0,0,0,0,0,0,0,0,0,0,39,30,0,0,0,0,0,0,0,0,0,53,0,0,0,0,0,56,0,17,0,0,0,0,0,0,0,0,0,0,111,0,0,0,0,0,0,0,0,0,65,0,120,0,0,0,0,96,0,0,80,0,0,0,0,0,0,0,0,0,0,0,0,0,28,0,0,73,0,0,0,0,0,0,61,0,0,0,0,0,0,0,0,0,40,0,0,0,0,38,0,0,0,0,0,65,0,0,0,0,0,0,0,87,0,0,0,0,86,0,0,200,0,0,0,0,0,0,0,0,35,61,0,68,0,0,0,0,0,0,0,0,0,0,0,0,0,0,0,0,0,0,54,0,0,0,33,0,0,0,0,0,0,16,0,0,0,0,0,0,0,0,27,0,98,115,0,0,0,0,0,0,0,54,0,0,44,48,36,0,0,0,0,0,0,32,0,0,16,0,60,0,0,0,36,0,0,0,0,0,0,0,0,0,72,0,0,0,0,0,40,0,0,40,0,41,0,0,0,0,0,0,118,0,0,188,0,0,61,22,0,0,0,0,0,0,0,23,49,0,0,0,0,0,0,0,0,24,0,0,0,0,0,0,186,0,0,70,0,0,0,0,0,54,0,0,41,0,0,0,0,0,0,0,0,0,0,0,0,0,0,0,0,0,140,0,0,0,0,58,0,38,0,67,0,0,0,0,0,0,0,0,55,0,0,0,0,0,36,0,0,0,79,0,0,0,0,0,0,0,0,0,241,0,0,0,0,0,0,0,0,0,0,99,94,45,0,0,0,0,0,0,0,0,0,0,0,61,0,0,0,67,0,0,0,0,0,0,0,0,0,0,0,0,0,0,0,0,0,0,0,0,0,0,0,0,24,0,0,0,0,0,0,0,0,0,0,0,0,30,0,0,0,0,0,0,0,0,0,0,0,0,0,0,0,0,13,0,0,0,0,0,0,0,0,0,0,113,0,0,0,0,0,0,0,0,0,0,0,0,0,78,0,40,34,0,0,0,0,0,0,0,0,0,0,35,0,0,0,0,0,0,0,0,0,0,0,0,0,0,226,0,0,0,0,0,0,34,0,0,0,59,0,0,0,0,0,0,78,0,36,0,0,0,154,0,59,0,0,16,0,59,0,0,0,0,0,33,0,0,0,0,0,0,0,0,0,0,88,0,0,0,0,0,0,35,0,0,0,0,0,0,0,82,37,0,0,0,0,0,0,0,138,0,0,19,0,0,0,0,45,40,0,0,0,0,0,0,0,0,0,0,0,40,0,0,120,0,0,0,0,0,0,0,0,24,0,0,0,0,0,0,0,0,0,0,0,0,0,128,0,0,0,34,0,0,20,0,0,0,87,0,0,0,68,0,0,0,0,0,0,24,0,0,0,0,0,0,0,0,0,0,0,0,0,0,0,0,0,0,0,0,0,0,0,0,84,0,0,0,0,0,0,0,0,0,0,0,39,0,0,0,0,0,0,0,0,0,0,0,0,0,0,0,0,0,0,0,0,92,0,0,0,0,0,0,0,0,0,0,0,0,0,0,0,0,0,0,0,0,0,0,105,216,0,0,0,31,38,0,0,0,80,0,74,0,0,0,0,35,0,0,0,0,28,0,0,0,0,0,0,56,59,0,29,0,0,0,0,0,0,0,0,52,0,169,0,0,168,0,0,0,0,0,0,0,0,0,0,0,35,0,0,0,0,0,0,0,0,0,0,0,53,224,0,0,47,0,15,0,25,0,0,0,0,0,0,0,0,0,0,0,0,69,107,0,0,59,34,115,99,0,0,0,0,0,0,243,37,0,0,0,0,0,0,0,0,0,0,0,0,0,0,0,0,0,0,0,0,0,18,0,0,0,134,0,0,0,0,0,0,0,0,89,0,0,0,56,0,0,0,0,0,0,0,0,0,44,72,0,0,0
267,0,0,0,0,26,126,0,0,76,0,294,25,34,0,98,46,49,0,0,0,117,0,67,65,102,0,0,67,0,0,46,72,0,68,66,77,0,77,74,91,90,0,0,266,0,90,0,304,0,95,0,155,179,0,264,0,0,0,57,0,144,81,193,39,57,63,0,0,0,434,0,48,25,0,260,31,0,487,0,154,0,0,132,159,41,0,0,97,0,280,45,0,65,119,0,0,0,0,0,0,0,0,175,0,0,22,34,48,55,213,43,0,129,80,0,0,81,61,0,215,0,303,78,0,0,62,0,0,25,100,0,444,0,70,30,147,168,71,66,93,102,0,136,0,0,44,49,24,103,0,0,103,46,81,44,0,70,11,81,31,0,0,139,96,102,64,0,108,202,124,133,0,77,0,24,47,58,111,76,0,188,0,0,40,0,35,195,315,0,0,0,141,98,110,0,0,0,0,200,0,36,91,0,369,30,0,46,0,77,116,105,0,0,35,126,36,53,0,0,0,88,62,0,368,0,0,65,178,33,44,0,0,0,0,0,0,86,203,0,0,154,0,74,65,0,119,0,48,0,0,51,262,0,109,56,93,0,44,109,184,258,69,0,42,0,35,572,73,326,51,0,87,427,136,73,75,35,559,240,0,0,82,183,58,89,43,216,995,48,70,34,218,0,0,0,26,125,0,0,55,0,0,62,0,357,167,182,0,152,88,438,92,0,0,96,91,203,84,37,62,0,0,0,170,90,26,86,0,0,224,0,99,52,47,79,23,0,0,119,0,52,0,70,63,47,0,0,178,1175,230,110,0,70,250,0,73,53,217,271,0,87,108,59,111,107,439,131,0,0,49,0,63,79,69,57,87,0,0,84,54,88,0,0,0,644,26,155,0,42,24,0,617,37,74,0,538,0,203,294,0,37,120,0,0,131,45,35,0,0,158,0,75,24,0,0,220,81,95,199,0,91,112,0,77,99,40,0,127,0,0,0,75,0,146,0,43,29,28,139,26,0,506,71,265,70,366,0,26,0,0,0,97,0,65,27,74,0,0,0,320,0,116,160,0,62,0,49,35,0,66,0,319,93,71,0,111,205,167,101,153,42,146,103,86,0,0,71,135,188,113,86,34,192,53,89,266,89,238,0,0,139,65,535,61,36,166,0,70,0,144,35,0,72,0,0,190,41,45,171,144,74,293,416,0,0,0,87,147,0,65,0,0,0,0,0,28,0,0,175,0,163,238,40,0,0,65,38,83,198,276,134,0,63,40,0,0,0,42,82,100,108,0,57,52,124,79,0,0,0,126,133,0,0,0,0,0,213,0,75,149,157,75,0,275,0,187,407,66,0,38,469,0,147,0,0,0,72,0,93,0,30,29,85,30,161,0,110,56,45,0,34,266,411,49,44,67,65,0,29,0,0,0,0,39,0,0,0,0,93,219,31,0,97,0,0,47,116,31,0,0,0,94,0,40,66,0,66,48,247,30,0,0,0,564,0,119,0,34,174,96,67,53,0,0,82,0,39,0,57,0,68,0,29,72,60,0,92,381,0,0,0,66,0,212,0,65,29,181,0,101,44,69,0,111,0,48,42,259,0,0,0,0,71,92,0,0,138,162,0,62,115,104,0,0,0,0,47,207,0,107,27,0,739,158,192,69,100,0,0,190,0,0,63,93,0,0,0,86,0,156,57,827,0,0,63,0,0,0,0,0,0,46,0,143,61,0,0,0,34,0,0,37,28,0,98,0,0,0,101,124,63,59,0,0,98,38,0,50,68,96,39,72,0,0,0,81,82,180,151,0,0,35,98,0,84,0,41,0,24,104,40,28,57,133,65,183,186,0,0,48,0,187,154,0,0,0,42,0,0,45,0,62,0,0,46,89,59,0,177,118,0,0,0,0,0,0,38,0,0,0,0,276,0,0,51,0,60,36,37,60,0,52,0,0,0,31,297,45,276,0,20,0,126,62,55,20,0,0,0,0,22,0,0,168,130,40,0,0,0,0,0,43,0,70,0,0,65,0,62,72,129,0,147,88,118,197,0,0,0,176,76,0,0,0,0,68,101,110,107,0,0,45,0,0,728,66,0,133,0,0,113,35,0,0,98,0,0,0,137,0,37,44,0,0,24,36,0,107,0,0,28,0,74,16,101,0,0,0,0,57,0,87,40,54,0,73,63,435,0,0,0,0,108,0,107,0,159,45,133,16,28,0,365,0,0,0,169,0,0,79,102,0,0,0,0,0,0,99,0,122,0,0,24,0,0,0,0,0,25,0,0,84,0,0,225,0,0,264,0,0,47,0,154,0,32,327,313,0,117,0,0,32,0,0,0,36,0,78,0,0,0,0,0,0,286,0,145,419,0,0,64,69,130,0,0,243,0,49,0,48,0,27,0,441,0,74,0,0,84,0,198,63,0,42,386,664,153,130,0,31,35,0,0,0,38,26,0,0,0,0,60,0,0,180,44,0,0,115,0,50,0,0,215,32,0,0,50,0,0,0,46,237,0,0,0,97,0,0,0,0,79,150,0,0,0,61,126,0,411,0,127,348,0,0,0,50,33,51,90,0,0,229,75,0,0,0,176,59,0,0,0,40,0,0,0,0,130,0,63,99,0,100,42,131,0,0,0,260,88,65,62,306,107,298,108,43,0,145,0,119,0,0,0,26,0,0,39,29,0,43,46,0,0,49,104,151,37,0,0,0,418,0,0,187,0,74,68,0,0,0,53,55,24,0,0,0,141,74,0,236,0,0,48,0,0,85,61,0,0,0,0,0,0,0,0,65,47,0,141,0,0,53,124,0,39,41,0,0,60,0,214,0,0,55,0,0,0,0,0,0,0,43,0,0,0,111,0,24,110,0,56,57,0,61,0,0,37,0,92,274,143,0,0,0,0,101,0,56,0,81,0,0,0,87,82,0,60,61,0,122,0,0,0,0,11,109,61,0,0,23,94,46,0,25,74,67,41,95,0,0,0,0,0,145,29,0,157,82,115,111,0,0,1457,0,157,0,52,26,36,113,0,0,33,0,0,0,201,114,0,0,0,0,0,0,70,0,0,0,168,38,56,0,104,0,0,0,0,0,46,37,0,55,133,0,0,0,625,0,56,0,0,91,0,150,0,0,109,23,204,0,0,0,0,0,0,0,109,0,295,23,239,67,0,296,67,0,0,34,0,230,20,0,80,47,160,0,199,0,0,0,40,0,0,0,48,0,0,52,32,0,0,0,68,153,0,0,104,0,76,221,0,85,110,0,0,72,0,0,545,0,0,58,0,0,0,112,0,0,61,0,59,0,0,0,120,146,34,0,65,25,0,0,73,58,98,66,0,0,88,0,85,0,143,0,40,38,0,0,36,36,0,22,23,0,0,68,0,85,35,0,49,319,50,0,183,0,0,0,0,0,29,60,0,0,0,0,0,0,181,0,0,0,48,38,101,0,35,127,0,0,117,0,0,0,0,60,0,73,78,0,0,0,0,0,0,0,104,0,316,126,0,0,0,0,0,27,130,62,90,0,0,34,123,0,347,0,0,0,0,0,0,60,141,46,0,84,1289,0,0,73,54,0,55,97,205,0,0,0,0,120,0,0,104,0,0,114,0,0,0,0,0,134,0,0,0,90,0,104,0,16,0,0,0,60,0,0,144,91,56,0,0,0,46,97,0,271,30,43,0,0,0,529,23,59,0,0,0,60,0,109,239,35,34,0,0,91,40,0,0,69,35,141,256,0,260,187,0,82,0,0,170,0,0,0,90,0,0,117,0,0,0,433,0,0,47,0,170,98,40,0,131,29,25,0,160,0,0,0,58,0,435,86,0,78,24,58,189,0,139,0,69,0,0,0,83,0,0,0,0,57,0,31,0,0,96,0,0,269,43,0,0,141,96,0,44,69,80,36,0,0,0,53,28,49,187,563,0,0,86,0,0,46,0,0,302,0,0,0,0,33,50,0,0,47,400,0,22,0,0,0,25,98,69,248,167,29,0,205,38,153,0,0,35,96,0,265,0,46,80,69,0,0,24,0,0,0,74,0,33,202,63,0,0,0,0,0,0,35,0,362,0,42,84,0,0,66,29,0,154,46,0,0,0,0,82,93,0,0,28,0,26,33,0,100,0,70,43,76,0,0,487,0,66,0,0,0,156,67,0,118,0,46,0,0,24,94,32,46,52,31,0,0,0,0,0,0,0,77,0,0,67,67,0,44,351,69,0,60,0,24,0,0,0,0,28,24,117,0,0,60,0,0,342,0,46,0,0,0,45,54,0,0,0,89,0,46,0,88,40,53,0,0,0,0,0,239,0,0,0,0,68,47,0,183,0,0,0,46,256,0,0,0,0,0,0,0,0,234,68,0,131,31,0,0,307,0,44,306,38,0,0,0,0,0,0,105,0,284,0,0,0,34,0,0,203,36,0,80,0,37,52,40,70,281,90,158,0,53,0,76,0,143,76,0,180,36,0,91,65,50,0,79,228,0,0,0,0,0,20,131,33,357,32,0,118,0,0,0,117,0,0,0,0,249,0,0,145,0,0,0,0,0,45,0,0,116,68,53,95,0,34,76,0,0,0,0,297,284,0,38,0,31,0,0,31,0,106,76,0,121,156,58,0,0,0,0,132,29,81,0,0,0,147,46,78,123,0,0,0,0,60,0,33,0,0,0,0,0,0,149,94,0,0,0,272,119,0,0,646,0,24,0,0,0,0,93,0,0,94,78,0,0,43,0,0,166,40,43,0,0,55,0,137,0,0,45,0,0,33,0,55,0,80,0,138,63,141,46,0,358,53,61,0,49,52,36,0,0,0,0,0,0,0,0,67,0,101,0,0,0,94,21,0,0,0,0,0,83,0,86,99,0,0,36,0,0,0,42,377,86,114,69,0,0,0,0,0,74,0,0,0,63,0,33,148,57,91,184,0,0,0,0,22,0,0,0,0,0,0,215,98,0,36,32,0,28,0,0,0,0,70,45,232,63,0,64,0,0,70,0,30,38,0,66,0,70,0,0,0,0,0,46,0,37,79,0,210,97,0,27,0,0,0,0,45,48,0,70,0,0,0,0,0,0,35,0,0,748,0,22,0,0,79,0,0,32,0,0,40,0,0,0,0,101,0,0,0,0,301,55,41,0,0,0,0,0,0,0,0,0,35,37,0,103,0,0,0,0,33,0,79,0,117,0,0,0,49,47,0,211,0,0,41,0,0,0,65,0,0,0,56,0,0,40,0,0,0,0,0,116,0,29,127,0,85,58,0,48,0,0,72,0,100,0,0,128,0,195,0,62,76,0,61,0,0,34,0,0,58,67,115,0,0,47,0,0,0,0,46,0,0,56,56,33,917,41,0,29,57,0,107,32,0,157,0,83,0,20,0,0,0,32,101,109,0,0,0,0,0,0,58,0,0,0,0,84,0,0,0,0,0,95,0,0,0,0,0,0,0,0,0,0,0,0,1124,0,0,45,0,33,0,39,0,108,0,0,263,41,0,0,47,22,0,0,0,72,0,22,94,0,0,60,0,0,111,0,0,0,0,119,0,0,54,160,0,0,0,0,0,127,0,0,64,0,0,91,0,120,49,136,114,52,0,0,0,0,0,0,45,29,45,0,95,320,0,28,0,168,75,0,53,66,0,38,168,0,0,35,0,0,93,0,0,0,57,0,0,0,26,0,0,71,0,0,36,0,0,34,0,0,0,37,44,0,0,0,97,39,0,0,0,0,437,49,0,0,171,0,0,0,0,166,0,45,196,0,54,0,0,69,22,0,0,51,0,0,0,0,0,0,0,50,0,35,46,0,0,47,0,26,0,0,62,0,0,0,0,184,65,0,0,13,40,48,0,0,0,190,35,0,0,104,53,0,0,0,93,0,18,83,24,0,315,0,361,0,78,0,0,0,292,0,0,45,0,0,0,0,0,0,0,43,0,0,0,0,0,0,0,0,0,126,0,0,0,0,33,0,113,0,0,217,0,32,268,0,166,33,92,0,0,57,0,101,0,0,0,0,0,0,0,0,0,0,0,0,42,0,0,0,76,0,51,0,0,47,0,0,44,0,41,0,75,243,67,0,55,0,0,0,0,69,61,57,0,0,0,49,0,0,115,0,0,0,64,0,0,0,51,120,0,0,59,104,0,0,82,0,0,179,125,0,155,63,0,0,0,0,0,0,0,49,48,0,0,98,31,0,0,58,0,52,0,127,0,0,103,0,0,0,374,24,0,0,0,0,0,0,0,0,51,0,309,38,0,126,0,168,0,27,0,136,81,0,0,0,42,33,0,0,366,160,0,40,0,0,0,0,0,0,79,0,203,0,0,0,0,0,0,107,21,0,0,113,41,0,0,104,0,0,464,0,103,0,0,73,0,0,0,0,0,97,0,44,31,66,25,0,51,134,0,0,0,52,41,0,120,32,58,0,0,48,321,1281,0,103,102,102,33,0,93,0,0,53,0,0,143,0,38,102,0,0,0,72,0,0,186,0,0,72,84,0,286,15,31,0,52,0,40,0,56,52,0,172,0,158,0,0,0,0,0,86,0,0,0,0,208,0,0,0,124,0,0,127,0,0,73,0,0,29,17,32,0,542,0,0,213,54,113,0,0,0,111,51,0,0,145,0,36,0,33,69,0,30,0,0,43,184,0,45,82,75,0,47,44,25,0,114,15,0,0,41,0,0,45,0,0,48,0,0,0,0,0,0,105,0,0,0,0,53,0,42,0,0,215,25,0,0,0,0,0,0,60,67,0,18,165,73,0,63,0,0,0,60,65,0,0,118,442,0,0,0
268,0,0,0,0,0,50,0,0,108,0,79,23,0,0,95,261,244,28,0,0,538,38,47,81,208,0,0,0,44,0,0,53,0,0,60,0,0,0,181,0,0,0,0,32,0,0,0,381,0,72,0,27,0,0,171,0,0,0,0,0,0,57,180,0,0,100,0,0,0,0,0,40,45,0,145,47,0,185,0,33,0,0,119,0,68,24,0,0,0,206,43,0,47,93,0,36,0,48,0,0,0,0,0,0,0,66,0,43,47,327,46,0,75,113,30,0,109,0,27,54,0,227,0,0,77,0,32,30,0,64,0,238,0,38,0,274,82,0,0,156,0,197,328,0,0,42,0,0,37,0,0,0,0,77,0,16,59,0,63,125,117,0,0,0,100,0,37,191,0,175,251,0,0,0,36,0,0,343,0,39,145,0,0,0,45,0,126,45,0,10,0,88,0,112,0,134,0,0,35,0,178,143,0,448,0,0,0,0,65,0,129,0,38,37,64,0,0,0,0,191,92,34,0,207,0,0,0,182,0,0,0,0,0,0,0,0,0,70,0,0,20,49,0,54,0,0,0,59,0,0,44,221,87,122,0,0,0,0,32,68,121,0,54,0,31,0,69,142,21,0,0,140,203,65,132,77,0,605,136,60,0,0,55,0,0,0,73,640,85,0,0,158,0,0,91,0,0,42,0,0,0,42,0,0,146,84,90,0,68,45,273,90,0,0,0,83,84,38,20,0,0,0,0,102,54,0,100,0,0,282,0,0,64,33,39,0,0,0,0,0,0,0,0,75,0,0,0,55,589,75,88,22,77,229,9,54,106,328,146,0,0,91,0,91,205,294,84,0,0,0,0,35,0,0,103,55,0,0,211,0,0,43,0,0,132,54,59,42,0,0,0,210,0,68,0,102,33,0,52,0,50,171,0,0,60,0,0,49,0,0,0,47,0,0,0,159,32,160,68,0,139,50,0,0,46,49,0,63,0,0,15,0,0,174,0,0,0,0,96,0,0,48,0,221,58,63,27,0,0,0,0,0,0,62,0,37,36,0,0,0,0,58,161,0,0,0,0,0,0,44,0,73,72,0,0,101,147,43,70,0,0,132,47,67,0,0,55,108,163,67,37,0,210,0,55,85,0,0,0,0,64,0,214,42,44,102,36,36,0,68,0,0,0,0,0,172,71,21,66,109,0,42,96,54,0,0,35,75,0,44,0,0,0,0,47,35,0,0,74,17,104,202,0,0,0,51,0,0,108,28,27,0,33,0,45,0,0,31,0,72,122,0,57,0,189,58,0,0,0,139,149,0,0,0,0,0,46,0,0,185,122,40,0,82,0,84,459,39,0,49,432,0,0,0,0,0,55,0,76,0,0,0,72,47,153,0,95,74,69,0,0,67,188,0,22,47,102,0,0,43,0,0,0,97,0,0,33,0,266,88,20,0,0,13,0,47,128,0,0,0,0,0,0,0,212,0,110,48,108,117,0,0,74,612,0,53,45,41,72,106,59,0,0,0,71,53,44,0,120,168,0,93,29,180,40,76,71,129,0,0,0,61,62,70,0,38,47,122,0,150,0,88,0,0,0,161,0,54,0,0,0,0,49,133,0,39,46,81,0,0,133,80,0,0,0,0,90,158,59,200,0,153,551,309,297,0,62,0,0,87,0,0,0,0,0,0,0,220,56,219,0,826,66,0,25,0,0,51,0,0,40,50,35,84,0,0,0,0,0,53,47,54,0,0,80,0,0,0,208,41,214,27,0,38,141,69,56,0,0,136,70,65,0,0,0,65,0,48,199,0,0,0,44,0,28,0,82,63,84,44,56,0,0,59,88,78,42,76,0,47,0,312,184,23,120,35,0,0,39,53,0,95,28,0,0,87,0,0,213,196,0,0,0,0,0,153,35,0,0,0,77,270,0,74,110,0,0,81,24,50,0,49,0,27,0,295,60,49,169,29,26,0,208,0,60,0,0,0,0,0,25,0,54,82,271,0,0,0,0,56,0,136,0,84,0,0,40,0,0,72,310,0,0,273,124,155,39,0,0,0,313,0,73,0,0,0,72,75,202,204,55,32,0,0,383,92,59,78,0,68,53,88,20,0,0,102,22,0,32,23,0,0,0,61,0,67,101,0,0,0,0,0,98,0,0,0,54,34,46,116,0,0,180,0,0,0,37,230,0,38,51,66,34,132,0,0,139,41,365,49,0,0,81,84,0,0,302,0,0,0,308,0,0,72,100,232,83,698,0,965,87,35,0,0,0,0,0,0,66,46,0,100,0,0,120,52,82,117,0,0,0,0,37,0,119,533,124,71,0,0,0,101,0,56,0,180,234,22,0,0,107,34,0,0,106,0,0,421,54,107,0,104,35,33,0,0,150,89,0,60,0,107,55,68,0,0,105,98,111,0,280,63,97,85,107,475,100,164,0,63,75,0,189,0,0,0,49,0,39,0,136,0,0,156,0,0,0,84,0,54,274,0,127,0,46,0,0,0,44,113,0,52,0,0,91,0,45,0,95,0,0,30,249,0,177,373,64,0,178,60,53,52,85,47,0,0,120,82,52,0,0,0,328,20,47,0,113,72,0,47,0,0,15,63,0,0,207,112,42,70,58,159,85,42,0,36,64,90,0,41,0,212,126,250,117,143,0,177,37,82,0,44,77,83,0,188,270,119,0,46,0,0,25,0,203,172,60,51,128,0,267,131,0,202,65,0,49,0,64,0,31,31,0,207,0,61,170,0,0,828,28,91,114,147,0,0,77,45,209,66,0,0,75,28,0,31,0,0,172,0,0,0,111,79,57,0,64,0,0,91,0,41,66,68,18,24,0,99,0,0,16,50,0,42,41,103,0,0,84,0,37,167,50,107,28,0,0,0,87,199,156,29,58,0,0,218,74,0,0,62,63,0,35,53,0,0,34,55,0,101,69,47,101,0,0,50,55,0,113,36,316,50,0,100,146,39,41,163,216,55,76,118,0,0,34,0,645,198,0,184,50,0,1536,57,142,0,97,59,36,266,0,83,43,39,75,0,0,61,0,0,27,188,28,0,189,0,0,0,122,0,52,0,207,141,76,0,34,65,56,0,39,85,142,0,0,41,1412,770,0,296,65,0,75,223,0,60,0,0,225,61,71,64,93,0,427,0,127,103,512,0,486,176,0,96,0,0,34,0,0,209,99,0,48,121,175,47,178,0,507,0,95,234,0,0,152,103,0,115,40,27,105,128,47,85,0,86,97,21,468,198,94,106,183,75,76,172,69,0,146,0,0,249,0,0,55,259,0,70,175,98,117,0,219,78,165,43,0,0,174,114,0,34,105,32,66,0,0,79,117,0,149,135,0,150,0,32,21,25,143,0,0,0,417,282,320,54,0,71,51,0,0,67,0,152,528,54,0,0,70,0,0,31,67,0,43,0,0,118,184,107,0,0,39,0,38,0,31,158,43,45,124,0,0,0,103,36,0,66,0,44,0,0,0,0,107,27,51,0,311,48,0,0,0,180,51,48,223,48,0,0,0,0,436,0,265,0,33,0,39,0,0,90,202,74,0,59,750,0,0,23,117,25,53,0,224,0,0,71,96,58,40,0,48,0,0,238,0,42,16,0,0,111,26,46,0,63,0,155,0,35,0,0,0,103,0,29,81,148,40,0,46,57,49,0,0,108,71,51,0,45,25,0,0,52,63,0,54,53,15,260,226,57,124,46,0,146,0,0,0,117,131,164,166,0,137,105,65,0,42,43,50,0,0,62,55,207,13,44,0,0,0,278,0,0,0,0,168,151,42,67,102,0,65,0,165,0,0,0,224,0,935,62,68,0,0,0,89,0,80,0,34,0,0,0,52,115,0,0,0,0,0,70,0,26,40,0,0,0,59,0,0,190,96,0,51,62,126,31,0,0,47,0,47,0,150,421,107,84,133,0,49,82,0,88,186,0,0,0,0,0,126,0,0,0,449,0,152,0,0,55,0,89,232,111,91,0,0,431,0,367,0,0,0,0,0,94,35,61,59,68,0,28,0,47,33,0,74,0,0,289,48,57,0,0,0,0,63,73,0,389,0,28,0,0,44,50,96,0,295,0,0,172,0,38,77,93,95,0,119,0,39,0,0,154,0,91,0,101,0,0,665,0,0,0,23,80,244,0,33,233,0,0,0,49,0,260,316,0,51,275,0,60,0,0,0,0,0,0,60,0,86,41,123,185,66,82,52,42,0,26,30,0,131,32,0,99,188,83,32,50,69,0,770,149,59,66,154,0,562,89,17,0,0,298,134,92,0,86,0,48,0,40,0,31,139,113,36,0,0,123,56,47,260,235,0,0,0,0,301,0,0,34,93,0,0,16,70,283,266,72,145,66,0,0,994,37,39,422,91,0,0,0,54,81,0,382,0,295,0,94,0,32,0,0,24,0,74,91,70,0,0,107,0,533,52,140,0,0,74,139,285,126,120,63,0,41,0,161,0,240,34,140,290,56,53,0,40,78,195,65,109,78,0,0,37,0,0,0,53,0,0,123,0,259,0,0,61,42,0,30,0,0,82,0,0,153,55,336,48,0,0,314,61,0,0,0,282,714,0,0,0,73,0,0,62,66,147,449,77,0,0,132,0,0,0,0,232,85,143,0,0,19,169,199,79,127,0,0,163,0,62,0,0,0,87,0,0,0,0,0,135,0,0,46,110,0,134,44,230,0,0,0,0,0,0,140,79,131,88,299,0,0,73,0,0,132,100,0,0,46,150,0,29,0,0,91,89,24,67,50,0,64,68,47,112,93,210,54,15,458,51,0,0,34,25,72,0,0,0,71,0,28,65,46,38,113,80,0,0,0,190,91,0,0,32,0,105,192,52,76,180,23,0,36,0,23,65,103,369,148,349,119,0,0,0,0,58,113,0,0,76,161,0,38,113,87,114,160,0,58,0,0,0,0,107,0,0,61,0,112,283,0,91,102,0,101,0,32,0,0,141,0,257,41,39,0,24,246,121,0,129,17,40,46,42,103,55,85,61,0,63,63,0,87,99,56,185,64,0,0,59,0,49,0,120,159,0,167,0,0,104,120,48,44,74,0,0,522,0,89,45,24,0,0,61,180,56,0,0,0,60,0,0,105,0,0,0,28,384,60,0,214,61,32,0,40,65,0,57,0,39,96,20,161,0,69,0,0,0,47,82,54,61,0,0,57,0,0,0,123,22,37,235,0,0,110,148,0,173,0,144,0,26,65,0,0,0,0,0,106,0,52,234,0,229,82,0,15,0,0,83,0,109,139,84,66,0,149,70,43,126,0,92,43,0,76,51,90,187,124,142,0,0,0,89,0,0,38,159,35,0,54,49,0,646,72,0,51,56,0,107,175,72,111,0,86,0,19,0,80,0,71,118,109,0,171,0,0,89,0,61,57,0,0,0,160,74,54,61,0,164,113,0,0,0,0,0,0,0,0,0,47,0,58,445,49,0,302,0,50,0,44,81,328,55,0,106,152,0,18,137,0,0,77,0,89,0,0,53,0,58,0,0,0,31,27,0,0,0,54,0,67,29,113,167,0,0,59,0,45,0,0,146,0,44,0,54,149,47,322,194,27,93,0,0,0,0,0,60,54,0,0,1098,0,0,0,0,56,79,0,0,0,0,285,104,150,18,0,46,23,0,0,72,0,28,0,50,77,0,0,0,46,0,0,77,56,0,0,200,0,0,52,174,0,82,0,42,126,0,0,23,142,473,67,0,37,107,0,45,0,57,268,0,32,0,0,0,0,42,212,67,0,35,0,49,34,0,0,0,45,48,56,0,100,69,85,0,0,77,146,0,60,65,61,0,53,0,362,87,146,39,98,0,0,0,61,179,138,120,0,0,90,0,108,174,37,0,0,0,0,0,0,412,117,168,83,0,46,87,49,61,0,0,48,0,113,70,42,0,0,551,94,0,0,36,22,26,293,0,0,0,95,0,0,173,97,63,0,226,0,130,268,42,107,919,38,543,102,142,39,0,188,51,0,140,72,0,207,0,0,67,194,0,0,53,0,104,0,237,162,46,0,53,134,0,154,0,0,0,50,24,37,0,111,296,34,113,0,0,106,0,66,196,0,0,152,0,0,0,0,212,190,0,0,0,84,0,56,0,43,12,0,0,56,46,0,312,0,51,122,0,237,39,0,0,59,0,0,0,240,31,62,0,0,109,0,0,40,0,203,0,157,0,88,99,0,0,76,0,0,225,91,82,0,123,0,0,44,0,0,13,44,174,137,33,341,97,117,0,47,26,58,0,58,22,0,0,0,33,0,121,206,41,125,0,0,179,52,0,0,0,31,404,126,107,0,0,0,97,44,117,87,0,135,39,107,206,361,0,0,612,111,106,27,70,0,0,0,23,267,0,42,0,0,0,58,0,0,0,78,64,0,0,106,0,37,133,0,0,0,0,112,463,373,70,72,64,54,109,77,98,46,125,136,144,0,86,190,0,169,81,96,0,0,77,0,42,75,0,58,39,124,280,0,91,0,0,61,0,0,0,0,0,325,0,1366,138,0,393,0,0,0,43,0,71,0,622,0,0,42,268,0,0,0,31,0,47,0,141,0,89,0,181,500,138,0,86,41,108,0,204,0,106,50,0,0,59,65,261,29,0,89,0,134,222,30,0,204,62,226,470,39,72,0,25,0,0,832,241,0,0,0,53,0,0,0,0,0,0,117,66,119,0,0,92,0,0,354,49,0,137,0,99,0,148,0,0,0,0,0,0,27,71,177,0,48,56,196,35,93,24,0,0,71,0,0,0,41,164,89,0,0
269,0,0,0,0,0,0,0,0,0,0,36,0,0,0,37,0,39,0,17,0,207,0,0,0,112,0,0,0,0,0,0,33,0,0,108,0,0,0,50,0,0,0,0,56,0,0,0,73,0,75,0,85,0,0,0,0,0,0,0,0,63,0,52,0,0,28,0,0,0,40,0,0,0,0,43,0,0,0,0,53,0,0,37,0,0,0,0,0,0,21,23,0,0,0,0,0,0,0,0,0,0,0,0,0,0,0,0,0,0,0,0,53,127,0,0,20,0,0,0,102,0,228,0,0,0,0,0,0,0,0,0,111,0,0,0,75,0,0,0,0,0,41,77,0,0,0,0,0,46,0,0,0,18,0,31,0,0,0,61,68,39,0,46,0,0,0,0,164,0,31,147,0,0,0,0,0,0,70,0,0,0,0,21,0,0,0,306,95,0,0,0,0,34,0,0,0,0,0,26,0,66,0,0,52,0,0,0,0,0,0,0,0,0,0,0,0,0,0,0,0,0,0,0,120,0,0,27,138,0,0,0,0,0,0,0,0,43,122,0,0,44,50,0,81,0,30,0,0,0,34,0,96,0,0,14,0,0,0,0,176,0,0,0,0,0,0,193,0,142,0,0,58,125,0,55,0,0,171,89,0,0,0,0,0,0,0,40,243,0,0,0,0,0,0,16,0,0,29,0,20,0,0,0,0,87,0,110,0,0,0,165,72,0,0,0,0,0,0,13,0,0,0,0,163,0,0,0,0,0,126,0,0,0,0,0,0,0,0,0,0,0,0,0,0,0,0,0,0,752,59,0,0,67,199,0,0,58,63,27,0,41,0,0,59,35,291,81,52,0,55,41,34,0,0,0,83,0,0,47,38,0,0,0,48,396,31,49,0,0,0,0,61,0,0,0,230,0,68,0,0,0,44,0,0,73,0,0,0,0,0,0,20,0,0,0,0,30,0,0,0,0,0,0,69,26,0,0,117,0,0,0,0,0,97,0,0,0,0,0,0,0,64,0,0,0,58,71,0,44,0,0,125,0,24,0,0,0,0,0,59,0,134,0,0,0,0,0,0,27,0,0,55,44,0,33,0,115,0,47,108,0,47,79,66,0,0,0,0,125,53,0,0,0,0,0,0,62,0,0,0,0,0,541,0,30,37,38,0,0,0,0,0,0,0,0,0,0,48,0,0,0,72,0,0,0,0,0,0,0,37,0,0,0,0,0,0,0,0,0,0,49,137,0,0,0,55,0,0,48,99,0,0,55,55,0,0,0,0,23,0,0,0,0,0,160,0,0,0,0,139,47,0,0,0,0,0,30,0,0,0,53,130,0,0,0,217,31,0,0,26,203,0,35,0,0,0,147,0,0,0,0,0,0,0,72,0,51,0,0,0,0,0,135,56,0,0,0,0,0,0,0,0,0,0,0,0,0,0,0,62,0,0,0,0,0,0,0,0,0,0,0,29,0,0,122,0,0,0,70,0,0,0,0,89,0,0,0,0,51,0,0,0,0,0,0,0,0,0,37,0,0,93,0,0,0,0,0,72,0,0,0,0,0,0,0,0,0,0,0,0,0,0,0,0,0,0,0,0,0,0,0,0,0,0,0,0,0,0,68,0,71,37,0,0,0,0,0,0,0,44,0,0,212,15,56,0,0,0,0,32,0,0,0,0,0,0,0,90,76,0,0,160,54,0,46,0,0,0,0,0,0,0,0,51,0,0,0,0,0,0,0,0,0,0,0,0,0,0,32,56,0,0,0,0,103,0,0,0,0,25,0,0,0,0,0,0,0,0,0,0,0,0,0,0,0,0,0,0,0,0,0,26,0,98,0,0,32,0,0,0,0,0,33,0,28,0,0,0,0,0,0,38,0,0,0,0,0,0,0,0,0,0,0,0,0,0,0,0,0,0,0,60,0,0,0,0,30,0,0,0,0,59,0,0,0,65,0,0,155,0,0,0,37,0,0,0,0,0,0,0,0,0,0,79,26,0,0,0,0,0,0,0,0,0,30,0,0,0,0,0,0,0,0,0,0,0,0,0,0,0,101,0,0,0,0,0,0,47,0,24,0,0,0,0,0,46,0,0,0,0,38,0,0,0,0,0,0,0,0,0,0,0,0,0,0,0,0,0,0,0,0,0,0,0,51,0,0,0,0,0,0,0,0,0,0,0,0,39,0,0,0,0,0,30,0,0,0,46,26,0,0,0,0,31,0,0,191,0,0,0,0,0,0,0,0,101,0,0,0,0,0,0,0,0,0,0,0,0,27,20,0,40,0,0,0,0,0,119,53,0,0,0,0,0,0,255,0,0,0,0,0,0,0,0,0,93,41,0,0,0,0,0,0,0,42,0,0,0,0,55,0,0,0,0,0,0,0,0,0,0,0,0,0,97,0,0,0,0,39,0,99,0,34,0,0,154,0,0,0,0,0,0,76,0,0,0,0,0,0,0,0,0,0,52,0,0,0,0,0,0,46,0,0,0,0,0,0,0,0,0,0,44,0,0,0,0,0,0,0,0,0,0,143,0,0,211,0,0,131,0,35,36,0,0,0,0,56,0,0,0,0,0,203,0,0,0,0,35,0,0,0,0,0,0,0,0,82,0,0,0,46,46,0,62,0,0,0,144,0,0,0,29,68,118,0,0,0,63,0,22,0,0,32,0,0,0,0,55,0,0,0,0,0,0,96,0,0,0,0,0,152,0,0,83,0,0,0,0,0,0,0,0,0,0,0,0,0,0,0,130,0,0,0,0,0,0,0,0,0,0,0,0,0,0,0,0,0,0,0,0,0,0,0,0,0,0,0,0,0,0,0,0,0,0,0,0,0,0,0,0,0,0,0,0,0,0,0,0,33,0,0,0,0,0,0,0,0,0,0,45,85,0,0,0,0,0,0,0,0,0,0,0,0,0,0,0,0,0,0,45,0,0,0,0,0,0,0,0,0,0,0,0,0,0,0,0,0,63,56,0,0,0,0,0,23,0,79,0,0,33,0,0,162,0,0,0,0,0,0,121,0,0,38,0,43,0,50,9,0,0,0,0,0,0,0,0,0,0,0,0,0,0,0,41,0,0,0,0,18,0,0,0,67,0,0,0,79,0,0,41,0,0,34,0,0,0,0,0,0,0,0,34,0,0,0,0,0,0,179,0,59,45,0,0,0,0,0,0,0,0,0,0,0,0,60,0,44,0,0,0,0,34,0,0,0,0,0,0,0,0,0,0,0,78,0,0,0,0,141,0,0,0,51,0,0,0,0,0,170,0,0,0,0,0,0,0,0,0,37,0,0,0,42,0,0,55,26,0,43,35,0,0,0,0,0,0,0,0,0,0,0,0,36,0,0,0,0,0,92,0,0,0,159,0,0,0,0,0,0,0,0,51,0,0,0,0,0,0,0,0,0,0,0,0,53,0,0,0,0,0,0,0,0,49,0,0,42,0,0,0,127,0,0,0,0,40,0,32,0,0,0,0,0,0,30,0,0,0,69,43,0,0,38,155,0,0,0,58,0,0,0,0,67,0,100,0,0,0,0,0,0,0,0,0,0,0,176,0,0,104,0,0,0,44,0,0,0,0,0,0,0,0,0,0,0,170,0,0,29,0,0,0,0,0,0,55,0,0,0,0,0,0,0,0,0,0,39,0,0,0,0,0,0,0,0,0,0,0,0,0,0,0,0,0,37,0,0,53,0,0,48,50,0,0,0,0,0,0,65,0,0,0,0,0,0,144,0,0,0,46,83,0,0,0,0,65,0,0,0,0,0,0,52,36,0,0,114,0,51,0,0,0,0,0,201,0,0,0,75,0,138,42,0,35,0,0,82,0,102,0,40,0,0,0,42,0,0,0,0,0,0,0,0,0,0,0,0,79,0,0,0,0,0,0,0,0,0,0,0,0,0,0,0,0,81,0,29,0,0,0,0,0,0,33,0,0,0,0,0,28,0,0,0,0,49,12,0,0,0,0,0,98,0,0,0,0,0,28,0,0,0,0,0,0,0,58,0,0,73,59,0,0,0,0,0,0,0,0,0,0,0,0,0,0,0,0,0,70,0,263,0,33,0,0,0,40,0,0,39,0,0,57,17,0,0,0,0,0,0,0,0,0,0,0,62,0,0,0,0,0,0,0,0,0,0,0,43,123,0,47,0,0,0,0,0,0,70,0,0,56,0,0,26,0,0,0,0,0,0,0,0,0,0,0,59,0,49,0,0,0,0,0,0,12,0,0,0,0,0,0,0,0,50,0,8,0,77,0,0,0,0,0,0,54,0,0,0,0,0,0,0,0,0,0,51,0,0,0,0,0,32,0,0,70,77,0,0,0,0,0,0,0,0,0,0,0,0,0,0,0,0,54,0,0,0,0,0,52,0,0,0,0,0,0,0,77,0,25,0,0,0,0,0,0,113,0,0,78,0,14,0,46,0,212,37,0,0,0,0,31,0,0,0,0,33,0,0,0,0,57,0,75,0,0,0,0,0,0,37,32,0,0,0,0,0,0,0,0,0,0,0,0,0,0,0,43,31,0,0,0,0,0,0,0,0,0,0,0,37,0,0,65,0,0,0,0,0,0,0,0,0,0,0,0,30,0,69,0,34,50,89,84,0,0,0,0,0,21,122,0,0,0,0,0,0,36,0,0,0,0,38,0,82,0,0,0,0,0,0,0,33,0,0,0,59,0,0,0,411,0,0,0,0,0,0,41,17,0,61,0,0,0,31,0,0,0,0,0,0,22,33,0,41,0,0,67,28,0,0,0,0,0,0,0,0,0,22,0,0,45,26,0,0,0,0,0,0,0,0,0,0,0,25,0,0,63,0,0,0,0,75,28,0,0,0,0,0,0,0,0,0,0,0,0,0,0,0,52,95,0,219,0,0,0,0,0,19,24,0,0,0,72,298,0,0,0,0,49,0,19,0,0,0,0,37,0,0,0,0,0,0,0,0,73,0,0,0,0,0,0,0,0,0,0,0,0,0,49,0,0,45,0,0,0,0,44,0,0,0,0,0,0,0,46,66,0,0,0,0,0,0,0,25,0,0,0,0,0,0,0,71,0,0,0,0,0,0,0,0,63,0,0,0,0,39,64,0,0,0,0,0,0,0,0,0,0,0,0,0,0,0,136,0,0,0,0,0,0,0,0,0,0,64,0,63,33,0,0,0,30,0,0,0,0,0,5,0,0,0,0,0,0,111,0,0,44,0,0,57,51,118,0,0,36,0,0,0,0,0,55,0,0,0,0,0,79,0,0,0,0,0,0,0,44,0,0,0,47,0,0,63,0,0,0,0,32,0,70,0,61,0,0,0,50,0,0,0,0,0,0,0,0,0,0,318,0,0,0,0,0,35,77,0,0,0,0,0,0,0,42,0,64,92,0,0,113,0,0,0,0,0,0,0,0,0,0,0,0,0,0,0,0,0,0,0,0,0,0,0,0,0,0,0,0,100,0,0,144,0,0,0,59,0,63,0,0,0,0,0,0,0,0,0,0,0,122,0,0,0,0,0,0,0,0,29,0,0,0,0,106,0,21,0,0,0,0,0,0,0,0,0,0,33,0,0,0,0,0,0,0,120,31,0,0,0,0,0,0,0,0,0,0,76,35,0,0,0,33,0,0,0,0,0,0,0,18,0,0,0,0,0,0,0,0,0,0,0,0,24,0,0,85,0,0,0,0,0,0,65,0,0,0,32,0,0,0,0,0,20,0,0,0,136,0,0,0,27,0,0,0,0,0,0,0,53,0,0,0,0,52,0,0,0,0,0,0,0,0,0,0,0,0,0,0,0,0,0,0,0,0,0,0,37,0,0,0,0,244,0,0,0,0,0,0,0,0,0,0,0,0,0,48,0,0,0,0,0,0,0,0,0,0,116,0,0,0,53,0,50,0,0,0,0,0,0,58,0,0,0,0,0,53,0,0,0,0,0,0,0,0,0,109,0,0,57,0,0,0,27,0,0,63,0,0,239,0,152,0,40,0,0,100,0,0,0,0,0,0,0,0,0,0,0,0,0,0,0,0,0,0,39,0,0,0,0,47,0,0,0,0,0,0,0,52,0,0,0,0,0,0,0,0,0,0,0,0,0,0,0,0,121,0,0,0,0,0,0,0,0,49,0,0,21,0,0,0,0,0,0,0,0,58,0,0,0,0,0,0,0,0,0,0,0,0,0,0,0,0,0,0,0,0,0,0,0,0,0,0,0,0,31,0,86,0,52,0,0,0,0,0,0,0,0,21,0,0,0,0,0,0,0,0,0,0,0,0,0,0,0,0,52,47,0,0,0,0,0,0,0,0,0,0,58,0,0,0,0,0,0,0,0,0,0,31,0,0,0,31,0,0,60,0,0,0,0,0,0,0,0,0,0,0,0,0,0,0,0,0,0,0,0,0,0,0,0,0,27,0,0,0,0,0,209,0,0,0,57,0,0,0,0,0,50,0,0,0,57,31,0,0,0,0,0,0,0,0,0,0,0,0,0,0,227,0,0,0,0,0,0,0,0,0,0,0,0,380,0,0,0,0,0,0,0,0,0,0,0,0,0,0,0,0,0,0,0,0,0,0,0,0,34,32,0,217,58,0,41,0,0,0,53,0,0,0,0,0,0,0,55,0,0,50,0,0,0,0,0,0,0,135,0,0,0,0,0,0,0,37,59,0,0,0,0,0,0,0,0,0,0,0,0,54,0,0,0,0,0,36,0,0,0,0,0,0,72,0,0,0,0,0,0,0,26,0,0,0,19,0,0,42,0,0,0,0,0,0,0,0,0,0,0,0
270,0,0,0,0,0,0,0,0,53,0,184,0,0,0,0,0,97,0,0,0,0,0,0,0,0,0,0,0,0,0,0,29,0,0,94,116,0,0,139,52,0,43,0,182,0,0,0,131,0,0,0,56,44,0,69,0,0,0,0,0,0,31,93,0,29,0,0,0,0,153,0,0,0,0,138,0,0,0,0,0,0,0,86,35,0,0,0,41,0,83,0,46,33,54,0,0,0,24,0,0,0,0,0,0,0,0,0,0,0,26,0,0,31,0,0,0,0,0,0,27,0,0,0,0,0,0,0,0,0,47,0,41,0,38,0,0,48,0,0,0,56,0,84,0,0,0,0,0,0,0,0,0,0,0,59,0,0,0,0,143,0,0,50,0,0,0,0,0,0,50,0,0,53,0,0,30,0,0,43,0,74,0,0,0,0,0,123,102,0,0,0,0,0,55,0,0,0,0,110,0,0,0,0,81,0,0,0,0,0,0,0,0,0,0,79,0,0,0,0,44,64,0,0,34,0,0,59,118,0,51,0,0,0,0,0,0,36,92,0,0,0,0,42,0,0,0,0,0,0,0,39,43,0,24,0,32,0,0,0,158,0,0,0,0,0,0,144,32,0,31,0,23,49,0,0,0,0,72,100,67,0,0,0,0,0,0,37,853,0,0,27,84,0,0,0,0,41,0,32,0,0,0,0,0,149,72,50,0,44,34,75,24,0,0,0,24,108,0,0,25,0,0,0,48,32,0,35,0,0,94,0,0,0,40,20,0,0,0,0,0,0,0,28,0,0,0,0,40,73,83,0,0,0,138,0,0,0,46,95,0,0,0,0,0,57,104,60,36,0,17,0,0,0,58,0,77,0,0,0,33,0,0,0,0,0,39,22,0,0,0,0,266,0,0,0,236,0,0,84,0,0,59,0,0,0,0,0,0,0,78,0,0,0,0,0,66,35,0,133,0,0,0,0,0,45,0,32,84,0,0,0,0,0,35,0,0,0,0,33,0,0,98,67,65,67,141,34,0,0,0,0,82,0,0,0,0,0,0,0,29,0,0,82,0,0,0,21,0,0,0,0,135,0,0,0,0,55,79,0,0,0,49,50,50,0,0,17,66,130,47,0,0,127,0,0,156,0,81,0,0,64,0,132,63,38,39,0,0,0,0,0,0,0,0,0,0,0,48,101,0,0,0,0,39,0,23,35,76,0,0,0,0,0,0,0,0,0,0,73,0,46,70,0,0,0,0,23,0,128,0,0,39,45,0,0,0,0,0,0,52,80,0,22,55,61,0,0,0,0,45,146,0,0,0,0,0,0,0,0,0,59,74,0,0,0,78,89,0,0,0,133,0,0,0,0,0,64,0,0,0,0,0,0,0,0,0,0,0,0,0,0,50,54,40,0,29,0,0,0,0,0,0,0,0,0,0,0,0,57,45,0,0,0,0,0,0,0,0,0,0,0,0,0,0,35,0,0,0,72,87,0,0,0,0,0,0,0,0,49,24,0,0,0,0,0,0,28,0,0,54,0,106,0,0,0,0,0,0,0,0,0,0,0,0,0,0,0,81,0,31,0,0,0,0,0,0,0,111,0,0,27,0,0,31,0,0,0,40,0,0,0,0,0,0,0,0,0,96,0,0,0,0,163,36,116,82,30,0,0,0,0,0,0,0,0,0,0,48,56,64,0,212,25,0,44,0,0,0,0,0,0,0,0,52,0,0,0,0,0,0,0,0,0,0,0,0,0,0,0,46,0,0,0,0,0,0,0,0,0,52,0,0,0,0,0,38,0,0,0,0,0,0,0,0,0,0,0,0,0,37,0,0,0,0,0,85,0,0,0,0,0,41,0,0,95,0,0,0,0,0,0,0,0,0,0,0,0,0,66,52,0,0,0,0,0,43,0,0,0,0,0,0,0,0,0,0,0,0,0,0,0,0,0,0,0,143,31,0,0,0,0,0,88,0,0,11,0,0,0,0,0,0,0,133,0,0,0,0,21,0,0,23,0,0,0,0,0,0,0,0,41,0,75,0,0,148,14,0,0,0,108,0,0,0,0,0,39,63,22,109,0,0,0,0,0,0,30,41,0,0,0,48,0,0,0,0,0,0,0,0,0,0,0,0,0,0,0,49,0,0,0,0,0,0,45,0,0,0,0,32,0,0,0,0,0,0,0,165,0,35,23,0,0,51,0,0,0,0,33,0,0,0,0,0,0,0,110,0,0,0,57,0,0,0,41,32,0,137,0,249,60,0,0,0,0,0,0,0,0,0,0,0,0,0,70,0,40,69,0,0,0,0,0,0,82,79,0,0,0,0,0,0,0,0,0,76,22,0,0,0,58,0,0,0,90,0,37,53,0,69,0,0,0,0,0,53,0,0,0,0,0,0,0,236,0,0,0,0,69,0,61,0,30,0,0,195,0,0,0,0,0,0,53,0,0,0,0,0,0,0,44,0,28,0,0,0,0,43,0,0,121,0,0,0,0,0,0,0,0,0,0,40,0,0,0,0,0,0,0,0,0,0,42,0,0,95,0,0,223,0,50,0,0,0,0,0,0,0,58,0,0,0,64,0,0,0,0,23,0,0,0,0,0,0,0,0,123,0,39,0,0,0,0,0,0,0,0,73,0,0,29,0,0,46,0,0,0,41,0,50,0,0,0,0,0,20,38,0,0,0,0,0,0,0,0,0,0,0,81,0,159,0,0,0,0,0,0,0,0,0,0,0,0,64,0,0,0,0,0,0,0,0,0,0,0,0,0,0,0,0,0,0,0,0,0,0,0,0,0,0,0,0,0,0,0,0,0,0,0,0,0,0,0,25,0,0,0,0,0,0,0,0,0,0,0,0,0,0,0,0,0,77,0,0,0,0,0,0,0,0,0,0,24,0,0,175,0,0,0,0,0,0,0,0,0,0,0,0,0,0,0,0,0,0,0,0,0,0,0,0,139,0,0,0,73,0,0,0,0,0,0,0,0,27,0,0,94,0,0,0,0,0,72,0,0,0,38,0,0,136,0,0,0,0,0,0,0,0,0,0,10,0,0,0,0,0,0,0,0,0,0,0,72,0,0,0,0,0,0,0,0,0,0,0,0,0,0,40,0,183,8,0,0,0,0,0,0,0,0,0,0,0,0,0,153,0,0,0,121,0,119,0,0,41,0,0,0,0,0,0,0,0,0,0,106,0,0,0,0,0,40,75,0,0,93,0,0,0,0,0,0,28,0,0,0,0,0,0,0,57,36,41,0,0,0,0,19,0,0,0,0,0,0,0,0,0,0,0,0,23,0,0,29,0,0,0,0,0,0,0,0,0,0,0,0,0,0,34,0,0,0,0,0,59,0,0,0,0,0,0,0,0,56,51,50,0,0,0,0,0,0,0,0,36,93,0,0,0,39,0,0,0,0,0,0,0,0,0,0,0,0,0,0,0,0,0,0,0,0,0,0,0,0,0,18,0,0,0,22,24,0,0,0,0,24,0,0,0,0,0,0,0,0,0,0,0,67,0,0,0,0,0,148,0,53,0,14,0,0,0,0,0,90,0,0,0,159,0,0,0,0,0,0,0,86,0,0,0,0,0,0,0,0,0,0,78,0,0,0,0,0,0,0,0,0,54,0,0,0,0,0,0,0,0,0,0,0,0,0,0,0,0,0,23,0,0,0,0,0,0,0,163,0,0,0,0,0,31,0,55,60,0,70,0,0,0,0,0,0,0,0,0,0,0,0,52,0,0,0,0,65,0,0,0,0,69,0,0,0,0,0,36,0,0,0,0,0,0,32,24,40,0,0,0,124,0,0,0,59,0,216,17,0,0,0,0,74,0,0,0,0,0,0,0,0,0,0,0,0,0,0,0,0,0,0,0,0,0,0,0,0,48,26,0,0,0,0,0,0,0,0,0,0,0,144,157,0,0,0,0,0,0,0,0,0,0,0,0,0,0,0,0,0,0,0,0,90,0,0,0,0,53,0,0,0,0,21,0,0,63,0,0,0,0,0,55,0,0,0,49,0,0,0,0,0,0,0,0,0,125,0,0,0,0,0,0,0,30,0,83,0,0,0,0,0,0,0,0,48,0,0,0,0,0,0,0,0,0,0,0,0,0,0,30,0,0,0,0,0,0,159,0,0,0,53,0,0,70,0,0,0,0,0,0,0,0,0,0,0,86,0,0,0,0,0,0,0,0,0,0,0,0,30,0,82,0,0,0,0,0,0,0,0,0,0,0,49,0,0,0,0,14,67,0,0,0,0,0,116,0,0,0,0,72,0,0,0,0,0,0,0,0,0,35,47,50,0,0,0,67,0,0,0,45,38,0,0,0,0,0,0,0,0,0,0,0,0,42,93,0,37,0,0,0,0,0,0,0,0,0,0,0,0,0,0,102,46,0,0,0,0,0,0,0,73,0,0,31,0,0,0,0,12,126,21,65,0,0,0,0,48,0,51,0,130,0,0,71,0,83,0,35,74,0,0,0,0,26,82,0,0,92,0,0,0,0,0,0,0,0,0,48,0,87,0,0,128,0,0,0,0,0,0,0,0,0,0,0,26,0,0,130,0,0,0,0,60,79,0,0,0,0,0,0,0,0,21,0,0,45,122,0,0,0,0,0,55,0,0,0,0,0,52,52,0,0,0,0,0,0,0,0,0,0,0,0,0,0,0,23,41,0,0,0,81,0,0,0,0,0,0,0,0,0,0,0,0,0,35,0,0,0,0,0,0,53,0,37,0,0,58,0,55,0,0,0,0,0,15,0,0,0,26,42,0,0,37,0,0,263,41,0,41,48,0,0,0,0,0,0,0,0,36,0,0,0,0,0,0,0,76,52,0,0,0,0,60,0,0,0,0,0,0,0,0,0,0,0,23,45,102,29,0,0,0,0,0,0,0,0,0,49,117,0,29,0,0,39,0,0,0,0,0,0,0,0,0,0,0,30,311,0,0,0,0,0,0,0,0,0,41,0,103,0,0,0,0,0,89,0,0,0,0,0,0,133,0,0,0,0,48,0,0,0,146,0,0,47,0,0,0,0,0,0,42,28,0,0,0,0,0,0,0,52,0,0,0,231,0,0,0,0,0,0,0,0,0,0,0,0,0,0,0,88,0,0,0,0,108,0,41,0,0,0,0,27,0,0,53,0,0,89,0,49,60,0,0,0,0,0,0,0,0,0,0,0,0,0,0,29,0,32,0,0,0,0,0,0,0,0,0,0,0,0,0,0,0,0,0,0,0,0,79,0,59,76,0,0,0,0,0,0,0,0,0,42,0,0,0,0,0,0,54,0,0,77,56,33,0,50,0,0,0,0,0,0,0,0,79,0,0,0,0,0,152,0,0,0,0,0,62,0,52,52,0,0,0,19,0,68,0,0,122,0,0,0,0,0,0,0,0,63,0,0,0,0,0,0,64,0,25,0,0,0,0,0,0,0,0,0,0,0,0,0,340,0,0,0,0,0,0,79,0,31,0,0,57,37,0,0,0,0,0,75,0,109,41,0,0,0,0,0,0,0,88,0,0,0,0,208,0,28,0,0,75,0,0,0,0,0,0,0,171,0,0,0,0,0,0,0,0,0,85,0,0,0,0,0,0,0,0,0,162,0,0,0,0,51,0,0,0,0,0,64,0,0,0,0,0,0,0,0,0,0,0,0,0,36,0,0,0,170,0,0,0,0,0,0,0,0,0,0,0,0,0,0,28,0,0,0,0,59,0,30,0,0,40,0,0,0,0,0,0,0,0,0,0,0,0,37,0,0,0,0,0,0,0,0,0,0,0,0,0,0,0,0,38,0,0,63,0,0,16,0,0,0,0,0,0,0,0,0,0,0,0,0,0,0,0,0,0,0,45,0,0,0,0,0,0,84,0,0,53,0,92,0,0,55,0,52,63,0,0,0,0,0,0,0,0,0,214,0,0,0,0,0,0,125,0,0,0,201,0,0,0,0,0,0,70,0,38,0,0,0,190,0,116,0,17,0,0,0,0,0,37,26,0,0,0,0,0,35,0,42,0,0,0,0,50,0,0,0,0,0,0,0,0,0,0,0,0,0,0,0,0,0,0,0,0,0,0,0,66,0,0,0,0,0,0,0,0,45,0,0,0,0,0,0,44,0,0,0,0,0,0,0,0,0,0,0,0,48,0,0,0,0,0,0,0,0,0,0,0,0,0,55,0,0,0,0,0,0,0,109,26,24,19,0,0,0,0,0,0,0,0,0,0,0,0,0,0,0,166,0,0,0,0,0,0,0,0,0,0,0,0,0,0,0,0,0,257,0,0,0,0,0,0,0,0,0,0,0,35,0,0,0,0,0,0,0,0,0,0,0,0,0,0,39,0,0,0,0,0,0,0,0,0,0,0,0,0,0,0,0,0,0,0,0,0,0,0,0,0,0,0,0,0,0,0,0,0,0,0,209,0,0,0,47,49,0,0,0,0,0,0,0,0,38,35,0,0,0,0,0,0,0,91,0,0,0,0,0,0,0,26,0,0,0,0,0,0,0,0,44,0,69,0,0,75,0,0,0,0,0,0,0,93,0,0,0,0,0,0,0,0,0,0,0,0,16,0,0,0,0,0,0,0,0,46,0,0,0,0,0,0,0,43,0,59,0,0,0,0,0,0,0,0,0,0,0,0,0,0,0,0,0,0,83,0,0,0,0,0,0,0,0,0,0,0,0,0,0,0,0,0,0,0,82,0,0,0,0,0,0,0,0,0,0,0,0,0,0,0,0,0,0,106,39,0,0,0,0,0,0,0,0,0,0,252,0,0,0
271,0,0,0,56,41,22,29,0,161,23,350,0,0,0,65,129,122,0,68,0,368,0,40,69,131,0,23,0,0,0,0,110,0,50,183,165,0,153,182,50,0,0,0,394,0,57,66,602,0,133,55,147,98,0,434,0,0,0,0,0,139,150,40,33,0,98,0,41,0,262,0,41,48,0,183,142,0,122,0,95,0,0,186,70,38,0,0,63,0,492,64,34,173,69,40,46,0,29,0,0,0,0,117,0,0,50,0,85,132,202,79,101,184,97,0,51,90,0,0,69,0,314,76,0,51,0,0,111,39,0,0,290,54,93,58,295,99,84,46,168,103,66,249,0,0,27,0,34,67,0,25,36,58,278,65,0,118,28,282,155,86,0,170,54,78,0,0,196,100,141,200,0,99,0,60,50,0,315,101,12,0,0,44,0,0,31,560,332,0,0,0,0,106,59,0,56,38,0,178,0,130,65,0,143,0,64,0,28,155,0,180,53,30,0,93,38,64,0,0,101,176,0,0,257,0,0,86,352,0,83,0,0,0,0,0,44,89,316,73,0,49,53,78,64,0,94,0,34,0,82,0,263,58,74,0,106,0,15,0,327,102,59,27,45,0,0,494,52,401,53,0,86,395,0,114,66,0,788,343,95,0,99,103,0,0,58,144,1240,105,79,54,463,45,0,32,0,74,97,36,60,38,68,85,0,473,265,209,0,105,57,293,172,0,0,60,69,57,101,61,66,0,0,32,369,80,84,104,0,0,260,0,78,144,42,110,36,0,0,73,0,102,24,71,131,39,0,0,97,1383,103,107,0,403,273,0,52,151,299,151,24,91,84,41,156,121,463,121,0,0,254,67,110,43,70,84,77,0,0,215,0,53,0,66,60,1000,123,146,103,0,38,0,730,40,49,0,269,0,154,221,0,63,291,0,0,160,42,34,59,36,78,0,0,42,0,0,120,37,347,208,0,112,76,0,143,69,108,0,105,38,0,0,0,0,243,45,0,30,0,92,0,18,496,81,146,57,241,92,0,78,0,0,97,0,88,0,0,65,0,0,284,0,172,106,0,78,0,0,24,0,0,36,279,75,37,27,189,252,146,77,214,45,225,149,58,0,0,43,123,490,139,76,0,133,0,58,91,124,204,0,0,111,0,523,56,58,158,196,41,0,73,64,0,33,20,0,259,83,42,0,135,0,292,206,77,0,77,92,159,39,91,0,0,0,49,90,0,0,0,40,0,146,180,0,0,0,111,0,68,171,199,79,0,47,62,60,0,83,90,86,112,234,0,0,45,206,56,0,0,54,100,351,0,0,0,0,0,61,30,72,189,128,69,0,428,0,62,462,54,53,80,468,0,126,30,0,30,56,0,45,0,0,54,73,78,178,0,87,0,51,0,32,55,29,0,0,0,72,25,40,24,0,0,0,0,0,48,0,0,154,130,40,0,0,39,46,0,68,20,0,0,0,98,0,0,77,0,67,0,160,57,0,0,0,276,0,91,0,55,86,54,48,76,0,0,137,0,35,0,122,64,0,141,0,184,0,31,54,352,0,28,0,51,0,129,0,130,0,148,0,69,0,56,0,65,0,101,25,272,0,0,0,0,69,65,0,0,59,208,91,36,0,121,0,0,0,0,88,191,0,122,43,93,510,259,436,145,29,0,0,89,40,0,0,97,0,0,0,126,142,120,55,1279,126,0,0,0,0,46,0,0,0,0,0,142,34,0,0,0,0,32,35,58,49,0,161,0,0,16,153,52,188,34,0,0,90,63,46,0,85,255,0,56,17,0,0,71,84,138,205,0,0,51,44,0,64,0,46,0,53,80,0,48,51,72,121,151,68,0,25,88,0,192,176,0,0,0,0,0,0,58,0,112,0,0,40,124,35,0,129,57,0,0,0,0,0,0,28,0,0,0,51,257,0,60,31,0,37,56,35,74,0,105,0,30,0,158,133,71,213,0,0,0,218,0,46,54,0,31,0,0,25,0,42,131,270,0,0,0,0,0,0,29,17,0,0,0,48,0,0,46,199,0,88,228,194,92,38,0,0,137,220,0,50,0,40,69,130,121,318,140,0,75,0,0,579,98,56,85,0,51,184,59,0,0,68,0,55,36,130,0,91,79,0,128,37,63,214,106,0,61,56,0,83,0,72,0,0,0,0,61,0,48,81,0,0,121,0,809,0,46,60,0,177,192,51,0,102,64,75,30,0,0,597,0,0,0,118,25,0,0,257,0,0,63,80,374,0,281,0,2010,120,39,0,0,41,62,0,0,0,53,0,73,0,0,452,39,53,225,105,0,0,0,227,0,109,964,259,0,196,0,35,92,0,96,0,61,61,115,0,0,122,0,0,0,407,0,154,374,90,219,0,86,239,0,0,135,46,38,60,0,0,87,141,111,0,73,0,351,106,0,105,55,62,42,217,512,100,191,0,71,133,41,65,0,0,0,82,0,46,0,93,0,0,173,0,0,0,30,41,26,108,0,128,41,50,54,83,0,0,78,0,343,0,36,61,46,0,0,110,0,122,197,235,0,56,138,69,0,155,158,46,326,0,122,0,74,57,45,139,0,0,359,397,0,0,0,128,60,0,88,0,46,0,38,19,0,240,90,32,58,53,115,151,112,0,0,56,442,122,33,62,216,90,0,0,106,20,145,48,24,33,0,0,326,0,66,585,54,0,21,0,0,0,0,87,183,0,0,96,22,285,287,0,192,0,50,0,0,45,0,0,32,54,67,0,0,115,59,0,170,0,0,0,0,19,64,70,0,0,27,0,0,11,0,0,0,0,0,159,0,0,0,101,58,69,0,0,0,80,0,183,0,0,46,0,0,0,42,0,0,0,42,0,63,0,63,0,0,97,0,0,64,0,39,0,0,43,0,101,89,0,0,0,0,0,50,0,0,0,40,0,0,0,70,75,0,0,0,0,110,53,0,0,0,0,47,45,0,0,0,187,23,0,0,0,47,35,38,63,0,0,77,0,124,0,0,107,125,60,57,0,0,215,34,0,0,0,77,33,324,0,45,159,0,0,0,198,0,0,0,48,24,0,0,0,0,0,0,66,28,92,0,26,0,0,0,0,0,0,0,0,29,0,0,0,0,781,137,53,0,42,60,36,94,71,0,25,0,127,0,0,41,0,0,142,0,98,0,197,0,148,0,0,102,0,0,0,0,0,85,70,0,76,58,88,0,94,0,70,0,49,70,0,0,90,0,0,158,0,0,48,0,67,96,74,0,69,0,207,65,0,0,94,0,0,0,0,0,437,0,0,0,0,0,0,99,0,106,0,24,0,26,65,0,43,82,172,0,0,56,0,0,60,0,0,57,0,0,117,0,92,0,95,0,0,0,0,0,93,0,75,0,205,44,25,29,37,74,0,0,0,251,0,60,254,0,0,0,86,34,61,0,0,0,0,0,0,60,236,53,0,47,0,42,153,0,0,57,31,0,108,0,0,21,101,0,16,126,0,0,0,0,0,0,152,18,0,0,81,32,37,0,213,110,0,40,162,33,22,0,0,92,277,0,107,0,0,71,179,0,0,0,164,0,0,0,627,0,0,175,0,0,27,54,190,0,120,0,32,77,0,0,128,0,26,339,0,62,72,28,32,0,0,42,56,46,0,145,33,0,0,0,0,84,0,0,220,102,44,0,0,25,19,0,0,145,40,0,0,0,0,100,39,22,0,0,39,0,0,171,0,31,55,0,19,178,0,25,81,0,0,39,176,0,174,125,0,66,0,63,238,24,0,0,0,227,0,0,0,0,0,415,79,30,0,0,135,46,0,0,79,0,49,0,0,0,33,0,260,42,175,57,37,0,0,102,79,0,64,34,182,0,96,94,0,73,0,51,0,73,0,0,0,69,330,0,0,404,0,0,0,54,131,23,0,74,94,0,31,0,0,0,93,72,97,454,83,0,45,0,0,69,0,44,91,0,0,29,0,0,52,0,0,48,150,0,134,0,0,0,22,169,100,151,144,74,0,90,31,260,0,0,0,71,0,39,61,31,0,50,0,0,0,0,0,0,68,0,43,205,0,46,0,0,0,0,0,161,0,371,0,0,0,0,0,26,55,0,60,0,0,81,0,0,77,99,121,0,0,0,0,26,0,0,0,0,0,89,0,0,160,0,0,0,80,96,135,41,63,82,0,0,0,36,0,0,179,0,48,287,0,0,31,0,0,0,0,50,56,0,61,52,0,35,181,31,19,47,63,0,0,0,0,31,44,67,227,0,65,43,0,0,152,62,34,90,174,0,166,78,0,0,0,308,50,65,0,0,0,57,0,0,0,68,0,141,0,0,0,175,45,78,55,75,0,0,0,0,66,0,0,0,52,38,0,0,0,71,322,0,0,122,0,0,199,0,30,307,0,0,0,0,0,0,0,408,129,206,0,40,0,0,0,0,224,0,59,64,54,0,53,58,39,284,81,64,0,0,67,44,167,75,0,51,349,0,0,223,114,232,39,0,87,72,0,0,44,53,333,224,102,311,31,0,67,0,0,0,69,0,0,103,0,125,0,27,222,0,0,0,0,50,48,0,0,168,74,120,41,0,0,331,0,32,0,0,178,246,0,0,0,0,40,0,0,35,152,185,65,85,208,106,0,25,0,0,49,0,222,0,36,22,52,72,65,74,0,0,159,0,123,0,0,0,0,0,0,0,0,139,146,0,0,0,230,0,41,0,654,0,28,0,0,0,0,150,0,0,99,275,0,0,0,0,0,136,19,78,41,41,119,0,74,0,0,0,187,0,0,0,0,0,31,0,110,0,37,45,0,644,89,100,83,82,76,0,0,0,0,0,0,37,0,0,64,0,0,0,45,0,70,85,18,0,36,0,0,0,0,125,47,0,0,0,0,0,40,14,335,91,0,96,0,20,0,0,65,0,0,0,0,334,101,0,117,77,87,0,0,0,0,0,0,0,46,0,0,31,0,254,105,0,0,87,0,0,0,0,0,0,142,0,383,34,0,29,0,243,113,0,313,60,88,112,43,235,0,0,42,0,36,0,0,0,261,0,168,130,0,133,0,33,0,60,231,42,0,87,0,0,0,0,0,0,118,0,0,35,0,0,0,0,38,44,0,178,14,0,0,57,0,0,0,197,0,83,0,0,264,41,69,178,0,61,0,0,0,0,0,0,54,0,0,148,105,101,0,0,0,60,100,54,118,32,0,60,48,58,0,206,0,0,0,0,0,122,250,0,139,0,77,0,0,47,0,0,0,0,0,0,0,0,317,0,429,302,43,0,0,0,115,0,24,142,61,80,79,0,125,0,77,0,169,0,37,0,80,72,36,181,220,0,0,0,149,59,0,0,0,0,0,0,69,0,44,114,0,64,0,0,240,174,0,121,0,186,0,56,0,37,0,124,462,0,0,125,0,0,67,0,0,60,29,0,0,0,125,62,0,0,0,0,0,0,0,0,0,39,0,0,0,33,0,0,0,0,0,427,34,63,0,89,0,53,84,0,0,0,0,0,42,0,0,0,0,35,33,0,0,41,0,0,0,0,260,47,0,0,0,104,0,17,81,53,126,0,0,31,0,0,0,0,49,0,0,0,0,193,36,156,107,70,68,14,0,0,48,0,0,49,0,0,298,115,39,0,0,58,0,0,0,0,45,57,0,104,0,0,0,41,0,0,36,0,0,0,0,0,58,40,0,182,0,0,183,0,0,67,241,0,0,37,84,36,0,0,43,0,0,0,0,0,500,0,0,0,63,0,24,0,32,95,0,0,0,0,0,0,50,96,37,0,0,0,0,0,0,34,0,0,62,47,0,0,59,96,0,0,0,277,0,0,33,0,37,15,47,232,25,0,0,38,0,0,0,0,53,165,41,0,0,68,0,62,36,0,0,51,0,31,0,0,471,22,232,0,111,0,158,27,116,0,47,0,0,127,36,0,0,0,44,55,54,0,0,0,0,44,0,0,0,139,0,0,192,0,27,0,86,0,0,111,45,38,281,0,86,30,113,0,0,225,0,41,0,78,0,0,0,0,39,40,0,27,0,15,0,0,33,189,88,0,0,44,0,44,0,0,0,11,0,0,0,0,165,0,43,0,0,0,0,41,0,0,0,107,0,0,0,0,139,0,0,0,48,77,0,25,40,108,0,0,108,39,0,31,124,55,108,138,60,134,30,100,0,32,0,0,0,0,0,65,0,0,61,52,0,0,0,54,0,86,89,72,42,86,64,97,0,10,506,27,144,17,0,0,0,60,54,0,0,0,119,75,18,278,55,82,12,57,0,143,50,0,0,67,35,0,0,43,120,41,0,102,0,0,63,0,0,0,50,0,357,0,61,0,0,39,65,31,64,57,0,0,58,90,138,123,27,0,43,51,147,34,0,0,0,0,0,252,0,74,0,58,0,0,0,0,0,112,0,0,27,0,0,0,0,0,56,0,32,87,731,857,49,92,64,83,187,0,136,0,0,66,0,0,41,80,173,0,0,0,0,84,0,0,94,0,0,47,0,42,328,0,104,0,63,44,0,0,64,0,63,233,0,515,122,0,178,0,0,0,78,0,48,0,450,0,0,38,178,0,0,157,0,0,89,0,0,0,89,155,71,777,62,0,281,0,120,0,63,0,145,55,0,0,118,0,152,0,0,33,0,0,216,0,23,0,0,74,128,61,0,0,0,0,0,403,75,26,0,65,0,0,47,0,44,0,0,0,71,66,0,0,119,0,0,379,0,54,78,0,78,0,0,0,0,0,0,0,0,0,0,78,0,40,70,79,0,40,46,0,0,60,76,0,0,0,228,45,0,0
272,0,0,37,49,67,196,135,0,188,33,285,69,42,30,555,441,355,42,74,49,489,176,124,174,230,25,0,68,0,23,34,126,0,83,176,130,0,104,179,232,126,41,68,310,0,111,78,772,0,329,76,176,216,54,286,50,41,0,55,0,227,146,110,51,96,330,60,0,0,545,0,101,63,31,422,66,33,780,117,237,0,37,315,336,135,102,37,93,61,384,131,36,125,176,74,93,0,34,86,0,68,68,208,46,27,219,59,319,125,206,86,51,272,292,95,43,228,48,23,230,51,559,43,62,67,49,41,66,67,270,79,542,46,226,283,344,115,62,104,161,93,0,522,0,29,182,67,136,137,0,0,129,88,163,137,0,385,0,251,183,118,0,156,129,177,86,67,276,284,234,268,104,58,61,65,37,73,370,88,84,203,0,92,48,140,85,325,487,19,0,0,160,107,173,0,93,55,0,172,46,162,222,59,479,0,0,55,90,194,239,176,67,177,87,247,116,121,0,0,184,316,75,0,424,0,0,156,387,37,161,0,0,48,104,0,134,96,384,59,0,119,77,66,125,0,148,0,0,31,71,115,446,84,340,81,100,0,0,145,350,369,142,62,48,0,0,592,173,699,0,40,375,495,172,112,179,0,1699,451,81,0,122,258,180,139,80,634,2905,284,88,93,371,52,40,0,0,70,54,100,70,0,240,71,0,648,746,133,73,265,213,926,206,0,0,98,152,312,196,119,145,126,40,78,464,254,35,260,0,21,932,0,246,263,227,162,22,0,0,111,38,261,0,141,338,50,0,59,307,2417,273,277,78,739,985,0,140,156,594,465,124,165,166,38,293,543,296,307,43,64,576,34,130,110,136,343,120,0,0,357,69,54,83,95,54,1391,94,286,228,53,96,80,907,0,145,115,1064,154,177,353,0,49,227,0,0,283,72,73,147,72,295,46,136,119,0,43,230,204,854,388,0,232,239,79,254,268,336,114,113,115,0,53,133,33,220,0,71,148,87,349,0,62,336,257,325,241,520,67,70,0,71,0,162,35,107,0,141,120,12,0,267,95,130,287,107,97,43,124,94,42,70,99,603,192,102,46,460,875,548,258,271,60,588,385,111,0,0,118,277,341,638,95,63,318,82,142,357,463,275,112,0,411,79,1389,191,185,375,410,150,0,163,66,31,107,71,0,530,174,53,173,371,160,272,769,239,0,91,175,574,59,138,0,28,0,207,219,80,58,0,280,28,415,675,108,82,0,258,97,141,607,247,274,57,66,101,71,44,37,115,111,395,821,0,125,117,380,98,41,35,125,177,200,64,24,74,31,0,300,78,48,448,331,165,42,830,64,304,1117,98,78,92,764,0,317,0,55,62,99,55,130,48,100,158,219,146,259,106,323,124,90,0,78,206,446,385,25,40,132,49,94,0,90,0,61,73,74,172,61,0,361,427,65,67,109,86,101,194,108,56,0,25,0,488,0,30,796,49,173,42,441,426,59,36,232,793,0,206,154,161,365,65,75,120,0,75,212,169,213,0,90,385,82,210,0,474,92,141,138,376,32,47,76,205,110,220,67,148,96,226,0,167,77,115,0,137,116,356,0,429,0,59,174,0,112,95,132,108,108,321,112,65,727,236,0,0,62,36,135,216,148,505,113,209,1691,411,695,123,238,0,0,119,110,54,64,168,0,38,111,846,138,410,91,1175,256,0,372,0,39,213,7,75,166,22,48,361,57,0,147,0,54,52,175,59,142,0,141,0,157,0,208,495,241,113,75,74,654,62,55,84,0,406,0,140,83,39,49,280,151,153,608,0,0,49,42,0,83,0,147,137,63,132,0,50,140,853,106,295,117,196,0,180,68,398,476,76,504,38,63,0,155,212,43,332,96,103,86,224,128,0,135,844,40,0,101,0,32,172,184,0,0,0,108,366,58,289,43,0,292,95,65,197,0,252,0,55,42,901,242,213,876,89,0,73,142,0,157,25,0,76,34,37,72,57,49,491,432,102,39,0,78,136,158,351,84,69,206,0,343,0,95,101,394,46,179,344,328,891,80,80,102,73,477,0,133,0,72,45,578,703,542,134,0,73,94,77,668,205,208,147,34,206,236,74,77,70,201,230,57,75,124,94,110,50,49,111,110,131,220,105,0,97,247,50,162,43,272,53,162,93,86,236,0,147,382,105,0,55,69,629,80,103,153,180,85,341,187,43,180,98,805,53,55,0,245,223,49,0,716,72,0,149,256,41,0,183,271,942,93,1396,43,2214,306,97,110,110,0,44,0,0,164,132,41,280,92,50,306,120,251,555,368,89,133,0,126,72,331,1633,241,166,129,37,63,96,77,169,0,617,320,52,34,22,203,59,64,157,359,34,486,1453,181,300,70,186,125,156,98,361,391,178,0,206,0,176,205,875,0,193,181,266,314,0,559,120,110,131,477,1054,456,353,0,347,234,88,359,48,108,121,103,0,138,0,234,0,143,836,0,66,82,82,68,90,470,98,137,195,146,122,54,29,75,224,70,94,0,58,117,196,83,0,204,138,522,94,363,52,188,925,94,0,371,89,150,196,76,159,0,87,235,264,487,0,43,178,1100,0,115,42,188,207,34,128,36,179,48,112,41,98,580,178,62,102,93,149,203,304,0,61,152,651,55,39,227,268,328,267,93,431,44,292,116,128,0,108,101,316,40,235,407,273,108,180,73,0,87,122,356,1051,212,72,347,91,639,275,0,483,120,0,111,0,90,0,120,0,184,279,44,132,241,49,0,671,32,0,195,205,93,138,131,62,89,47,36,61,160,44,0,65,0,0,264,30,0,71,281,129,119,90,74,0,205,49,113,0,168,235,37,35,0,168,0,81,44,170,50,84,0,178,33,0,237,0,0,188,56,224,0,0,144,28,243,233,412,0,44,42,103,138,59,65,53,194,73,0,83,141,38,0,109,39,0,273,75,116,74,23,0,58,76,0,269,26,315,43,0,139,76,126,70,485,276,28,84,167,36,351,66,0,930,248,39,312,55,50,1006,51,173,37,52,65,72,314,0,73,250,112,240,0,118,125,68,0,94,57,0,86,148,50,68,0,0,68,214,47,107,215,41,52,48,0,94,120,40,70,375,32,0,0,2486,481,0,282,0,42,289,380,0,38,111,58,96,0,34,0,128,26,599,61,141,91,749,0,681,222,0,335,0,33,56,0,0,219,196,0,242,124,485,65,211,50,243,0,157,272,0,32,138,112,86,128,128,0,136,93,178,287,88,179,76,40,388,124,146,79,322,91,38,257,49,0,301,0,70,123,0,50,35,357,0,89,234,142,112,47,328,47,167,186,279,26,223,283,0,36,105,39,0,0,0,152,150,43,282,66,133,365,70,109,59,37,129,106,124,0,307,417,117,40,0,187,78,0,45,190,124,114,662,75,0,49,386,79,128,122,52,0,102,0,0,283,472,168,42,73,305,59,396,0,126,342,67,89,307,0,55,44,197,151,0,267,121,0,55,72,0,0,294,0,183,0,621,160,0,49,477,357,75,93,416,193,155,0,44,129,1254,20,627,55,44,122,244,0,85,98,541,217,127,155,1497,38,0,486,134,59,108,165,771,0,156,154,154,166,73,0,407,0,55,540,0,180,114,110,111,322,0,119,58,263,81,441,57,104,0,61,56,176,0,155,402,491,78,22,94,144,184,99,48,321,183,97,57,103,78,530,120,221,100,50,84,205,0,633,264,218,205,130,95,404,44,53,242,204,120,312,335,56,255,427,144,149,52,68,704,57,33,150,134,418,44,99,27,0,80,1021,217,55,126,71,485,246,198,97,395,66,300,60,648,0,0,0,552,101,1325,269,163,114,0,251,415,84,313,0,249,147,189,66,124,227,38,116,0,232,59,141,27,169,463,0,0,1023,122,0,88,232,279,37,154,461,236,109,55,55,60,64,282,183,383,1489,96,179,323,13,51,160,33,130,639,37,54,58,0,46,422,41,32,211,829,40,566,76,125,51,52,398,502,234,281,136,79,835,200,1057,54,61,49,408,22,298,111,117,221,155,53,0,116,77,55,0,204,54,136,891,106,87,46,19,0,38,131,245,0,1038,38,180,157,0,65,156,142,0,491,186,0,85,74,74,159,109,54,42,239,134,112,137,0,126,204,90,51,202,0,0,617,0,164,38,43,57,435,396,56,273,115,119,0,31,0,184,151,150,163,235,78,76,116,0,0,98,41,111,0,0,116,261,136,174,356,114,34,117,82,0,44,40,146,70,115,95,399,109,37,209,95,82,931,66,77,210,215,0,750,105,0,14,118,333,214,96,0,271,80,130,0,75,50,83,198,421,0,44,33,435,46,201,309,186,262,0,0,127,393,63,0,144,159,45,0,61,57,303,162,110,143,174,0,0,862,45,37,701,46,0,0,40,133,82,0,501,56,740,0,142,78,55,0,0,273,87,192,83,59,129,393,127,190,1127,179,170,27,94,59,290,401,341,137,143,302,28,0,76,232,409,44,357,236,0,50,0,41,70,735,515,273,517,51,0,150,63,0,43,287,0,0,100,0,294,0,54,397,54,0,0,0,127,144,0,79,297,99,335,328,32,67,767,113,35,0,42,285,1003,51,93,33,75,41,0,228,105,133,637,172,183,343,327,59,71,0,0,269,183,572,0,64,50,187,300,68,308,36,33,104,27,216,0,318,0,140,54,158,37,36,233,285,0,0,164,320,114,95,0,1686,0,83,0,0,0,0,414,109,80,103,845,36,0,55,0,49,255,112,0,0,29,291,57,170,110,103,86,456,82,362,87,156,64,123,92,246,138,283,139,61,531,160,273,125,164,210,90,50,46,42,79,44,100,96,225,126,403,360,65,62,0,257,346,98,0,76,48,162,154,113,196,193,32,0,98,0,225,119,113,900,411,771,149,0,0,0,49,123,231,62,36,180,337,1156,206,244,154,255,539,50,152,27,172,46,123,94,0,103,44,62,557,743,0,109,230,45,133,0,46,204,106,398,163,433,133,96,62,50,392,274,0,433,169,77,91,109,401,76,331,105,0,259,141,61,223,377,76,137,268,78,141,228,142,146,67,210,205,0,321,61,31,266,200,73,95,246,62,0,2222,30,449,129,102,126,0,263,252,54,0,83,86,79,66,68,361,48,138,69,0,343,117,136,868,101,114,0,72,150,43,126,34,100,200,173,704,502,161,0,41,190,109,95,143,145,33,0,99,171,124,0,233,155,73,461,43,0,183,276,0,258,242,195,0,150,144,88,60,0,0,51,249,45,206,328,64,360,441,0,104,0,40,388,43,228,233,120,689,220,511,201,131,247,0,137,119,59,146,185,280,416,309,249,83,0,97,161,55,36,44,325,37,95,63,215,152,2766,109,0,101,69,0,241,315,104,284,97,201,85,83,0,220,47,505,575,231,0,731,32,0,164,133,157,159,47,0,0,177,163,171,155,94,459,290,24,0,0,53,43,161,108,0,61,125,0,56,1665,38,0,976,78,191,31,349,73,529,161,0,291,198,0,0,201,58,0,249,65,474,174,145,202,101,82,87,30,0,1045,149,0,0,0,697,0,257,317,311,417,0,0,61,60,125,0,0,534,20,74,147,138,515,114,383,148,131,605,0,39,48,104,54,71,44,289,24,711,543,57,46,0,228,63,53,176,169,94,591,376,273,113,158,95,104,163,57,137,52,42,0,0,315,194,136,27,657,52,0,326,53,0,150,587,18,104,152,168,63,94,0,187,157,102,20,0,540,1157,139,33,46,177,0,71,42,122,484,56,149,410,49,75,81,171,259,41,0,61,82,76,111,60,142,107,75,74,76,37,165,66,206,234,76,37,347,0,73,103,67,114,80,127,266,247,255,52,112,80,121,152,94,107,803,165,27,0,234,131,202,127,69,259,137,147,167,81,55,762,186,574,135,282,217,305,269,483,0,83,95,71,276,114,107,57,57,1829,65,220,0,75,145,31,636,0,49,82,1047,23,95,574,146,145,107,471,0,341,284,132,56,1321,51,804,157,227,57,108,381,56,135,234,338,84,137,0,0,55,111,0,182,161,84,185,29,117,336,325,79,177,48,0,272,0,0,146,60,154,163,159,489,577,59,109,0,0,153,0,251,747,52,136,323,39,101,0,149,171,343,39,46,142,316,51,73,167,227,59,0,177,181,125,55,551,157,123,366,292,279,256,163,0,113,54,0,42,350,0,211,93,0,117,242,74,49,33,460,0,375,292,407,99,235,196,157,0,0,683,132,588,83,157,159,0,110,58,0,156,127,741,264,88,558,159,424,0,131,0,278,159,79,146,126,119,116,52,130,826,453,54,218,54,61,265,306,0,0,84,85,848,95,98,32,76,40,122,207,263,227,94,342,89,93,242,434,88,93,1243,125,352,59,88,149,59,0,53,570,0,187,0,150,54,154,148,40,112,313,54,49,90,208,173,87,391,46,78,36,89,225,1321,2001,157,236,203,267,469,100,363,0,179,210,176,74,263,267,251,372,128,63,45,187,126,0,457,271,0,147,196,177,988,76,360,55,259,45,76,0,91,0,185,606,0,1153,180,0,612,0,0,138,73,36,150,100,1310,31,49,71,429,0,0,283,89,0,240,0,204,63,233,237,205,1732,161,40,528,144,420,123,206,0,388,238,0,47,383,75,290,37,68,272,41,253,452,76,111,535,72,528,474,151,38,98,61,68,0,1060,202,0,56,121,200,90,147,0,70,59,46,133,107,157,128,21,357,41,0,422,138,111,241,87,110,0,1108,75,0,26,0,0,0,62,235,626,0,157,370,402,58,347,84,0,101,157,71,66,43,160,1316,80,70,71
273,0,0,0,0,0,0,40,0,67,0,43,0,0,0,125,191,158,0,0,0,49,0,0,0,0,0,0,19,0,0,0,0,0,0,54,0,0,59,0,62,0,0,0,72,0,0,32,220,0,42,0,0,0,0,120,0,0,0,0,0,54,32,44,0,0,103,0,0,0,0,0,0,21,0,31,0,0,96,0,0,0,0,56,0,0,26,0,0,38,163,0,0,39,40,0,0,0,0,0,0,0,45,0,0,0,0,0,0,0,162,0,0,0,110,20,0,52,0,0,29,0,82,0,0,0,0,0,0,0,59,0,168,0,34,52,47,27,0,0,60,0,0,265,0,0,39,0,32,0,0,0,0,0,75,52,0,0,0,0,0,0,0,0,0,77,0,30,0,43,154,0,0,0,0,0,0,22,0,0,39,0,0,0,0,0,0,50,0,0,0,0,0,0,41,0,39,0,0,27,0,0,88,0,290,0,0,0,40,64,0,102,0,60,0,0,0,113,0,0,115,263,0,0,161,0,0,0,82,0,105,0,0,0,0,0,0,0,0,0,0,0,0,0,0,0,0,0,37,0,0,37,160,68,90,0,45,0,0,0,72,40,0,0,0,0,0,0,51,120,0,0,195,96,0,0,0,0,253,97,0,0,38,0,53,0,26,88,2332,0,33,0,146,0,0,0,0,0,28,0,0,0,39,0,0,99,84,0,0,110,78,353,75,0,0,0,47,131,68,0,0,0,0,0,127,87,0,298,0,0,212,0,0,67,0,0,0,0,37,0,0,0,0,0,101,0,0,0,105,323,61,47,0,116,195,0,47,32,101,38,34,33,53,0,40,0,75,83,0,0,115,0,36,58,76,0,36,0,0,0,0,0,98,0,0,72,0,0,63,0,0,26,299,0,40,0,316,0,60,77,0,0,84,0,0,36,0,0,0,0,162,0,77,0,0,0,68,68,169,197,0,47,49,0,0,53,66,55,41,0,0,0,40,0,58,0,0,0,0,81,0,0,224,94,141,88,127,37,0,22,0,0,99,0,89,0,0,0,0,0,84,0,75,41,0,0,0,41,0,0,0,32,156,84,0,0,140,208,124,93,0,0,112,147,0,0,0,57,0,0,89,0,0,59,0,64,175,78,138,0,0,101,0,558,68,64,290,79,33,0,120,0,0,0,0,0,155,41,0,119,86,39,70,177,0,0,0,0,162,0,0,0,0,0,0,0,0,0,0,88,0,80,223,0,0,0,115,55,37,131,0,77,0,0,0,47,27,32,0,0,99,46,0,0,62,83,0,0,0,0,0,65,0,0,23,0,0,0,0,0,82,109,64,0,177,0,68,206,0,0,0,323,0,0,0,0,0,0,0,0,34,29,35,51,53,0,49,147,0,0,0,0,71,70,0,0,89,0,0,29,0,0,0,0,0,36,26,0,0,78,40,32,0,0,0,0,0,0,0,0,0,0,38,0,0,313,0,0,0,189,311,0,0,0,83,0,0,82,35,0,26,0,0,0,35,140,62,104,0,44,101,0,125,0,290,30,79,0,108,0,0,0,0,25,0,32,46,0,50,0,0,0,0,0,0,35,203,0,111,0,0,98,0,32,0,0,54,33,112,85,18,108,78,0,0,0,0,0,137,0,303,0,52,298,0,130,120,61,0,0,53,0,0,0,89,0,0,0,371,78,106,30,688,147,0,26,0,0,69,0,0,0,0,0,105,0,0,0,0,0,0,69,0,0,0,58,0,0,0,0,41,47,57,0,0,222,0,0,0,0,63,0,51,0,0,0,56,104,58,222,0,0,0,0,0,42,0,0,73,0,26,0,34,0,137,48,40,35,64,0,56,0,0,226,0,330,0,0,0,84,40,0,80,0,0,0,52,0,29,61,98,0,0,63,0,0,0,58,26,0,0,0,44,0,160,0,0,24,0,0,30,0,91,0,0,0,226,45,65,0,41,0,0,165,0,41,0,0,0,0,0,16,0,0,159,57,0,0,0,70,0,40,148,0,0,56,0,0,0,0,0,0,0,92,62,0,397,35,0,0,104,266,0,91,0,38,0,253,290,159,110,44,57,0,44,394,116,167,60,0,47,82,0,42,0,104,88,0,0,93,72,0,47,0,51,40,79,72,174,0,26,120,0,68,28,146,0,0,59,30,0,0,87,155,73,0,72,0,398,0,57,55,40,119,257,119,0,0,0,285,0,36,0,237,65,52,0,430,42,0,68,145,0,0,58,212,425,53,620,0,746,141,51,66,48,0,0,0,0,110,42,31,134,0,0,241,55,145,140,184,48,46,0,136,25,179,415,193,66,137,0,0,52,74,41,0,178,66,52,0,0,174,57,0,46,245,0,208,845,97,181,37,83,122,40,0,153,126,0,0,53,0,117,0,632,0,115,92,92,163,0,185,0,79,108,306,654,197,188,0,45,61,56,149,0,71,52,35,0,36,0,46,0,63,564,0,0,0,54,32,33,330,62,83,81,49,0,76,0,24,56,0,167,0,0,107,154,0,0,90,0,243,119,367,27,40,278,39,0,272,44,98,182,50,35,0,37,58,0,196,0,0,158,334,0,0,0,81,78,0,56,0,62,0,0,0,0,410,138,74,41,91,118,123,170,0,66,65,237,54,0,79,195,197,159,0,76,0,211,46,65,0,50,89,173,0,59,199,101,42,67,35,0,0,52,165,330,0,0,164,38,230,124,0,143,47,26,0,0,0,26,0,0,80,77,0,0,0,0,0,251,22,39,42,110,0,0,56,0,76,0,39,0,0,0,0,0,0,0,0,0,0,0,97,35,0,55,0,0,0,35,0,0,59,64,0,43,0,0,0,0,0,0,0,100,0,59,0,0,0,0,0,69,0,0,0,0,70,0,176,78,176,0,0,0,40,219,0,52,0,148,37,41,0,0,0,0,0,0,0,0,86,34,19,0,0,52,0,0,0,0,72,34,0,0,151,0,73,107,39,0,0,75,0,0,0,0,274,123,0,214,0,0,1298,0,124,0,90,59,0,328,0,0,110,41,58,0,0,109,0,0,0,69,0,0,138,25,0,0,68,0,62,0,156,0,0,9,0,0,0,62,60,32,160,0,0,0,454,275,0,140,0,0,121,0,0,21,89,0,86,0,0,0,0,0,210,0,81,36,248,0,200,137,0,229,0,0,0,0,0,174,86,0,142,81,199,0,56,0,142,0,42,66,0,21,37,69,0,113,34,25,38,0,44,0,0,60,61,0,0,215,0,117,189,42,0,138,0,0,91,0,0,90,0,42,0,56,39,81,195,0,29,14,0,38,69,0,100,0,170,147,0,0,0,42,0,0,0,0,84,0,66,61,39,138,0,0,0,0,65,0,52,22,53,91,76,27,39,0,0,0,70,45,0,0,274,0,0,61,202,26,43,115,0,0,48,0,0,59,202,55,0,0,216,57,145,0,95,139,0,27,231,0,0,0,99,29,0,64,48,57,0,0,0,0,150,0,160,0,214,74,0,0,77,204,0,39,71,58,137,0,0,28,263,0,412,0,0,82,179,0,65,85,356,130,80,141,956,0,0,170,159,58,0,233,187,0,126,89,0,80,0,0,116,0,96,556,0,0,54,0,0,132,0,48,0,122,0,187,0,40,0,0,38,58,0,104,132,210,44,0,75,51,66,46,0,194,164,38,0,0,63,281,65,124,11,58,41,132,0,132,152,121,137,57,0,225,0,0,61,107,119,103,215,36,185,149,80,67,0,76,197,0,0,57,86,227,35,128,20,0,35,330,67,40,60,0,323,127,41,50,228,0,97,0,132,0,37,0,143,34,556,113,0,91,0,60,229,0,123,56,66,90,55,101,0,237,0,109,0,114,56,88,0,235,0,0,0,281,0,0,0,109,47,0,91,282,39,64,25,0,47,63,64,61,320,377,0,90,155,0,58,50,0,0,388,0,0,46,0,44,110,0,0,156,371,0,387,28,53,42,0,255,257,184,92,0,63,641,119,357,34,0,0,303,0,37,0,57,114,133,45,0,0,23,0,0,47,23,57,593,127,0,0,0,0,0,0,168,0,811,0,41,138,0,54,76,0,0,214,104,0,109,0,0,126,104,89,0,0,0,73,0,0,106,146,120,0,122,0,0,571,0,111,0,119,66,153,207,0,65,103,0,0,0,52,89,222,56,137,127,0,86,35,0,32,36,0,0,54,0,143,52,66,50,144,56,19,102,118,0,0,0,107,0,86,93,142,31,0,0,0,0,359,88,69,52,396,0,200,0,0,44,75,161,140,112,0,168,64,64,0,0,0,90,255,424,0,36,0,89,51,175,95,140,159,0,0,99,373,0,0,89,36,0,0,0,0,319,301,0,68,38,0,0,232,0,83,666,61,0,0,0,81,70,0,247,171,145,0,41,59,0,0,0,0,0,32,57,50,77,84,48,151,25,109,68,0,0,72,134,77,43,111,30,303,0,0,167,131,48,0,227,136,49,51,0,22,0,143,413,74,287,29,0,175,0,0,0,91,0,0,122,0,132,0,0,220,0,0,0,0,44,33,0,0,157,92,111,109,0,0,124,38,0,0,0,554,253,0,60,0,54,37,0,175,0,97,214,70,0,94,0,0,0,0,21,183,107,186,0,33,0,82,125,146,95,0,0,101,0,55,0,174,0,0,0,89,0,0,117,184,0,0,43,329,224,99,0,572,0,52,0,0,0,0,91,77,97,109,184,0,0,36,0,49,161,153,81,39,32,27,0,0,81,53,173,640,78,147,30,76,0,56,71,268,84,206,95,0,701,86,198,0,103,124,86,63,39,0,93,0,77,55,113,105,224,257,57,80,33,54,304,0,0,129,0,84,169,77,147,93,0,28,68,0,107,72,62,324,273,478,201,0,0,0,0,0,81,0,0,228,71,678,108,298,116,163,181,55,56,0,35,102,47,79,0,45,120,0,476,461,0,50,174,55,0,0,0,84,0,287,76,252,106,74,159,88,124,149,0,204,110,0,95,114,185,0,132,132,0,131,90,0,98,125,50,351,179,0,0,205,84,87,0,70,57,0,151,0,0,257,130,58,61,171,26,0,1321,0,204,0,67,55,83,118,107,0,51,0,30,81,67,52,246,0,71,0,34,575,71,69,434,66,56,0,41,69,0,54,0,68,123,83,244,271,93,0,0,73,151,138,80,159,0,17,56,63,50,0,245,55,63,329,0,0,81,45,0,247,138,141,35,52,98,119,50,0,0,0,155,0,162,299,52,128,502,0,61,0,64,350,22,209,74,163,299,74,219,69,53,150,27,157,185,24,93,77,267,338,174,0,43,0,105,58,54,0,34,82,54,73,65,248,109,975,91,0,92,133,48,69,103,96,525,49,96,40,68,0,157,0,290,777,185,53,431,0,0,87,0,116,80,0,0,0,72,89,134,116,54,631,161,0,0,0,0,0,52,67,0,0,114,0,70,1339,0,0,431,0,108,32,127,63,264,58,0,216,177,0,53,65,31,17,174,0,395,98,0,146,68,127,47,43,0,928,89,29,0,0,244,0,64,201,265,241,0,35,110,54,128,55,0,363,0,70,34,39,571,100,406,104,66,323,0,0,54,68,56,24,65,153,0,517,177,69,30,0,112,137,0,142,0,119,202,360,252,76,46,0,102,102,0,101,0,46,0,0,62,70,133,0,191,36,0,204,39,0,124,397,0,94,88,124,89,65,0,113,94,100,0,0,172,1503,39,38,67,93,23,56,32,179,457,47,98,179,0,152,76,53,138,81,0,48,53,0,0,83,143,77,0,84,0,0,73,0,116,147,0,44,319,0,0,244,51,36,81,63,147,192,332,44,160,0,26,120,49,97,496,95,0,0,240,47,196,90,61,69,102,64,76,0,59,890,110,176,0,83,196,239,133,120,0,33,73,0,140,87,96,45,0,844,45,104,0,57,72,0,417,0,56,0,625,0,24,447,83,0,90,114,0,170,139,72,0,1261,44,727,164,174,0,49,173,41,0,184,151,69,91,0,29,64,140,0,129,114,41,225,0,154,293,115,0,123,93,0,261,0,0,78,89,78,0,115,299,512,0,162,0,0,62,0,143,120,47,149,300,37,53,27,99,105,341,0,0,70,213,23,0,84,217,28,0,79,141,25,55,388,60,47,134,131,142,115,39,0,66,0,0,40,366,35,114,55,0,44,79,53,0,0,418,0,189,214,258,62,123,83,174,0,0,407,131,306,22,107,44,26,52,0,0,78,74,430,288,0,346,185,345,35,140,0,60,82,0,0,0,50,0,54,98,493,209,68,152,59,0,118,69,0,0,59,45,354,143,57,0,0,43,78,130,128,75,60,177,71,153,229,446,0,36,546,60,61,50,95,60,52,0,43,266,0,0,0,75,39,92,37,0,49,58,39,53,48,71,94,43,182,0,60,0,135,381,291,1100,88,100,88,193,229,0,338,21,140,76,123,68,110,173,39,164,98,0,0,52,70,0,205,202,0,0,86,159,367,0,141,34,134,57,0,31,36,53,89,363,0,1053,200,0,358,0,0,118,75,16,92,0,515,0,0,37,277,0,0,73,43,0,38,0,178,40,101,0,85,329,117,0,269,93,256,0,205,17,176,89,25,0,234,0,273,0,61,99,31,248,248,69,51,210,47,199,253,58,52,54,52,37,40,710,195,0,0,52,105,40,60,0,57,0,52,83,115,84,74,0,134,52,0,496,123,0,276,0,99,0,731,0,0,0,0,0,0,0,79,436,0,144,220,279,47,121,46,0,0,82,63,45,0,95,383,79,45,24
274,0,33,0,85,69,96,85,0,283,49,413,0,58,0,188,516,382,72,56,56,701,63,102,177,402,0,68,180,34,29,0,78,0,73,204,312,0,235,324,249,69,68,0,658,0,150,119,974,0,278,99,169,196,54,680,70,40,0,60,0,239,262,283,61,96,245,59,48,40,639,0,105,68,0,589,209,59,460,52,226,0,71,266,591,96,101,0,191,0,780,109,104,307,293,91,53,0,70,45,0,54,69,251,39,33,70,75,165,79,511,113,124,373,279,113,71,139,83,33,498,51,806,57,55,128,95,43,199,67,272,24,938,91,151,193,586,138,181,144,222,170,0,525,0,37,79,121,140,294,0,0,305,97,460,145,44,148,52,295,286,190,31,258,127,82,122,52,385,448,591,501,43,115,0,109,98,174,509,135,0,223,0,74,69,79,90,956,429,0,0,29,215,119,186,49,172,62,0,215,50,231,58,82,441,66,83,62,0,232,330,295,76,77,93,220,121,176,41,56,294,399,118,0,833,29,0,143,440,0,175,39,48,0,0,0,62,139,466,68,44,154,135,113,146,0,331,0,113,0,150,51,793,144,340,132,158,0,76,181,408,247,195,107,134,34,0,703,219,774,98,31,372,787,166,248,148,0,734,557,148,27,209,397,188,131,70,467,3603,117,106,93,727,66,63,70,28,139,170,105,73,37,90,77,79,968,395,138,0,227,125,1496,220,0,0,73,148,223,185,137,99,61,0,105,464,205,60,274,49,117,1193,0,243,175,108,227,74,45,84,214,49,169,101,123,292,42,27,25,172,2449,147,178,57,430,957,72,137,146,720,300,153,112,383,118,198,402,250,323,85,68,361,123,133,109,153,186,234,0,0,413,119,169,122,85,103,1181,27,266,267,37,105,23,1805,82,114,92,605,111,455,554,0,77,256,0,43,298,61,126,106,74,232,0,132,53,0,69,448,131,457,330,48,336,163,100,163,218,203,100,200,40,0,38,120,125,233,0,0,115,94,340,50,71,1388,277,395,112,407,157,74,129,53,23,326,0,414,107,102,104,0,51,531,59,252,298,59,82,53,127,68,56,90,75,444,339,43,48,464,739,420,363,345,143,308,189,164,0,0,138,153,240,405,83,42,326,168,137,274,334,746,114,0,284,88,832,162,103,391,260,113,28,138,137,37,72,37,0,330,61,122,170,212,100,593,520,100,33,196,220,497,0,109,40,0,39,126,182,50,0,0,192,0,320,885,64,84,0,116,68,97,477,354,171,0,0,93,165,39,123,153,153,343,354,0,144,117,568,65,0,19,161,274,156,41,0,66,0,55,125,0,174,237,429,209,63,481,52,381,555,90,68,94,1668,0,204,72,64,0,171,0,104,67,72,139,145,102,272,122,283,45,63,0,56,563,605,216,35,0,108,0,108,0,57,0,52,76,0,91,93,0,320,286,0,61,90,52,99,96,44,103,0,28,36,215,0,0,392,0,107,75,274,140,45,39,116,936,0,121,96,70,253,130,80,105,29,80,262,83,158,29,159,626,44,164,45,635,84,112,83,380,41,43,35,149,211,315,0,68,100,268,18,220,76,111,32,108,47,537,84,676,0,61,56,19,113,194,50,84,155,158,102,62,324,374,0,41,34,0,114,308,194,456,109,229,1711,298,640,143,154,0,0,227,169,42,49,155,0,0,86,436,134,396,114,2189,80,0,208,70,0,221,0,100,142,71,31,271,49,0,0,0,132,44,164,78,104,0,265,0,106,0,199,244,168,65,41,76,451,52,41,96,82,321,76,140,0,0,0,168,112,150,442,0,0,0,92,0,86,0,168,73,61,159,83,63,58,253,151,397,119,293,0,111,28,169,485,47,135,46,77,16,33,234,79,420,100,75,92,141,165,0,378,378,33,47,157,35,0,62,149,0,0,0,66,537,37,420,108,0,141,70,91,247,0,155,68,29,0,1162,331,159,792,89,34,57,195,67,134,0,0,85,26,0,49,47,45,327,289,57,24,0,0,104,169,195,61,136,110,0,120,0,52,86,185,43,316,280,255,594,109,50,140,186,493,0,90,0,81,97,432,510,443,314,112,182,111,66,1875,238,160,171,45,330,320,199,76,73,240,94,65,86,154,109,115,78,0,85,135,113,204,242,40,60,228,54,225,68,227,56,121,96,156,111,0,155,325,97,37,161,53,669,55,91,138,145,129,488,185,72,226,194,551,93,122,49,611,232,113,0,617,143,0,201,443,0,32,227,190,842,125,1013,0,2147,255,70,84,118,0,68,39,0,155,145,125,417,69,50,507,108,148,489,233,117,78,0,262,86,592,1663,762,122,227,33,90,149,100,153,0,657,140,138,0,42,190,84,89,154,405,42,473,2286,179,251,150,368,253,159,68,366,246,100,42,83,0,183,128,662,0,183,314,271,451,0,428,191,145,357,1025,1382,216,648,72,427,211,75,600,45,159,134,92,38,84,0,191,0,149,1243,46,50,36,104,97,82,544,95,434,127,123,97,102,39,106,122,73,373,0,98,175,158,57,0,139,155,430,164,545,62,91,1133,233,0,726,118,263,517,146,118,0,88,238,148,568,0,35,409,811,0,38,0,484,392,0,124,0,158,63,71,44,153,857,250,127,259,168,423,143,351,0,200,92,446,107,117,256,710,834,373,161,292,52,703,151,154,38,139,139,502,0,82,407,311,97,76,62,14,58,130,437,975,123,83,270,75,760,279,0,634,194,70,91,0,66,0,83,109,98,224,0,46,76,66,0,1000,47,48,193,158,71,150,107,59,162,162,30,45,105,29,0,93,0,0,499,0,0,90,338,77,83,116,0,0,119,26,250,45,108,180,0,83,0,74,0,73,0,0,59,80,0,158,0,0,97,29,87,79,0,132,53,0,98,0,123,174,181,0,88,0,57,203,73,40,0,127,25,38,0,227,107,0,0,123,0,129,116,83,121,0,0,187,64,0,163,48,409,90,24,37,173,130,0,377,172,40,29,93,0,190,47,0,433,223,104,169,61,0,1204,83,346,0,105,124,0,375,0,90,72,62,116,0,353,162,0,0,0,111,0,74,23,0,66,0,216,0,100,32,170,156,0,54,43,0,72,74,53,138,270,0,0,0,2391,522,88,726,94,110,180,283,107,76,106,49,461,98,59,68,84,0,681,61,156,136,558,0,833,177,0,373,57,0,44,53,28,167,67,0,154,221,284,0,201,30,329,0,76,336,0,105,267,81,30,256,116,48,82,78,120,300,60,106,211,0,436,211,87,138,233,86,40,187,53,0,551,0,0,0,0,0,45,396,44,174,136,173,153,33,200,0,226,233,161,0,166,194,0,52,104,32,141,92,53,69,203,0,322,209,158,528,109,137,0,37,177,72,90,0,229,193,187,108,0,91,0,0,75,283,47,178,478,0,0,83,85,38,47,159,47,26,89,0,0,109,325,176,22,48,224,154,250,81,133,190,61,56,560,0,42,0,81,97,0,151,133,115,0,0,0,0,236,0,272,0,427,189,63,0,315,287,72,66,317,100,225,0,52,76,600,0,363,0,66,94,82,0,32,101,163,79,72,317,1453,0,0,326,121,0,43,330,472,27,80,152,74,134,0,0,217,0,44,690,0,113,68,62,90,220,0,56,81,208,39,285,0,77,0,40,0,149,19,87,353,559,218,0,42,127,96,113,26,316,110,192,39,0,118,568,79,73,66,34,68,210,30,331,292,172,254,54,35,271,47,0,153,117,182,201,312,0,281,183,131,122,65,71,387,46,42,78,75,358,55,151,0,0,0,547,157,139,97,32,772,133,152,53,161,50,113,45,590,0,0,0,429,67,903,259,180,39,0,166,341,95,125,0,156,98,170,74,97,204,0,74,0,126,73,93,59,96,420,0,20,483,57,0,58,187,196,0,83,382,177,92,64,55,75,0,139,115,442,831,141,160,175,0,44,130,0,57,290,0,0,122,0,85,179,0,0,126,565,74,144,69,76,36,0,306,371,327,175,64,65,598,175,540,58,53,0,244,24,308,94,61,177,222,96,26,118,0,32,0,127,41,106,265,176,86,28,0,0,39,73,196,0,1895,0,184,193,0,68,68,62,0,239,271,40,189,60,0,70,104,87,0,193,0,65,0,0,86,203,84,0,97,0,0,369,0,100,0,178,60,287,347,0,171,126,144,0,0,69,106,384,217,80,151,0,113,60,0,0,0,69,69,43,21,123,100,100,125,388,110,80,84,89,0,0,33,125,0,121,119,204,32,103,82,59,49,572,151,67,115,328,0,356,92,0,57,72,247,185,102,0,397,63,69,0,39,0,143,196,275,21,54,0,268,73,54,93,179,231,0,0,40,258,37,0,51,90,0,0,0,31,237,208,26,91,44,0,0,608,30,58,474,63,65,0,0,88,108,0,179,194,352,0,86,0,52,0,0,234,99,95,145,52,202,196,97,108,461,265,97,0,56,84,123,227,207,97,49,528,0,0,154,77,139,30,370,144,49,27,0,0,68,315,135,212,720,116,0,99,0,0,43,119,30,29,109,0,148,0,50,398,29,0,0,0,73,82,58,89,165,67,290,174,0,58,341,26,42,0,61,370,722,0,147,0,93,96,0,89,73,217,369,110,149,184,74,0,35,0,0,176,155,147,0,101,19,76,113,113,103,0,0,111,0,64,0,337,0,90,0,134,0,0,226,321,0,0,56,525,111,159,0,586,0,0,0,17,0,0,174,117,122,112,367,66,0,67,0,38,97,116,103,0,0,48,42,164,85,31,116,238,45,111,98,57,25,96,60,46,58,213,109,48,936,133,188,28,136,184,56,0,48,0,85,29,42,66,56,128,192,78,35,0,0,140,83,0,0,0,0,140,136,89,159,128,0,30,134,0,98,92,64,610,85,297,61,0,0,0,0,35,93,76,24,117,307,560,104,75,305,134,201,0,66,0,0,0,0,100,0,81,45,46,463,500,0,39,186,0,90,0,43,140,0,78,49,42,0,117,79,53,202,321,0,159,111,63,139,61,132,77,75,70,28,122,80,0,47,39,87,180,235,37,103,122,54,52,0,57,79,0,349,66,0,290,143,127,74,82,41,35,572,0,268,67,107,73,0,153,117,0,0,87,32,62,0,31,306,29,57,30,0,347,80,104,616,151,66,0,47,114,0,69,0,85,131,94,181,187,149,0,29,168,93,64,130,189,0,0,57,0,98,24,354,34,66,183,0,0,123,200,0,187,108,148,52,64,242,49,75,0,0,52,347,30,130,420,96,135,206,0,34,0,0,262,0,346,100,95,547,88,222,68,66,179,0,224,116,0,92,114,300,339,223,215,63,25,130,59,80,31,0,162,33,67,53,118,63,1056,147,0,100,66,0,266,143,101,226,109,32,0,52,19,123,30,235,320,319,0,526,19,0,67,129,226,157,21,0,16,126,57,59,97,43,278,141,0,0,0,81,0,73,107,40,23,96,0,36,1985,21,0,535,86,106,0,122,0,354,91,0,377,154,43,40,115,0,0,201,0,197,111,56,45,40,86,28,33,27,110,73,0,0,0,145,0,175,199,237,130,0,0,68,72,218,44,0,529,0,72,0,74,255,225,321,62,190,349,0,70,57,89,0,46,56,168,0,279,73,60,78,41,335,156,0,0,114,88,260,116,241,39,29,60,53,51,0,52,54,94,0,0,176,119,98,49,251,73,0,165,0,0,0,242,0,48,105,106,57,0,0,343,152,59,27,0,206,981,152,0,34,234,52,80,39,115,341,71,0,99,81,135,55,0,189,57,0,0,0,34,57,53,45,138,68,71,23,0,98,38,89,180,111,19,389,0,0,210,86,44,67,110,253,35,200,67,84,55,0,58,59,44,456,114,0,0,413,87,50,76,38,71,155,52,153,0,0,572,125,611,68,395,152,239,189,358,0,77,116,0,157,131,63,80,36,705,49,119,0,0,43,0,232,0,0,35,893,0,69,266,104,166,61,471,0,182,141,69,0,920,32,580,100,154,30,149,240,60,198,0,135,122,0,28,45,61,56,0,172,117,39,130,11,30,255,276,0,0,0,44,0,0,32,125,48,75,77,0,374,308,0,125,9,0,90,37,183,390,77,114,238,0,25,0,75,94,193,0,0,71,282,39,63,108,153,58,0,151,132,37,0,330,68,121,220,166,112,256,133,0,0,0,0,0,447,32,82,48,0,72,129,41,36,0,364,0,186,140,218,115,120,41,115,0,0,821,118,432,40,189,98,0,69,64,0,56,175,324,155,52,331,157,120,0,95,36,167,118,59,40,35,76,0,60,65,381,174,56,122,60,0,221,138,0,0,36,38,496,97,111,0,33,44,72,56,109,130,156,194,62,138,245,452,0,0,576,68,153,46,83,143,0,0,39,233,0,169,0,47,66,66,82,0,80,225,62,0,0,70,224,67,210,0,87,0,71,146,327,610,0,184,135,115,200,80,216,58,189,165,132,31,180,277,179,88,144,97,0,114,275,0,309,229,0,140,111,128,544,40,166,47,240,63,0,0,67,34,129,263,0,726,232,0,584,0,0,78,78,0,126,147,726,0,0,58,232,0,0,178,54,0,131,0,239,51,152,180,184,571,144,0,417,48,173,43,230,0,236,96,56,66,220,108,370,0,0,131,38,202,221,42,0,153,99,532,735,90,45,62,0,0,0,1911,139,0,0,76,117,98,83,0,72,44,64,156,117,119,33,0,210,0,0,478,260,80,190,0,125,25,1427,0,0,0,0,0,0,0,131,290,0,81,153,277,40,155,51,0,0,83,102,92,0,118,742,82,0,140
275,0,0,0,0,0,0,0,0,0,0,0,0,0,0,0,0,0,0,0,0,0,0,0,0,0,0,0,0,0,0,0,0,0,0,0,33,0,0,0,0,0,0,0,0,0,50,0,0,0,0,0,0,0,0,54,0,0,0,0,0,41,0,0,0,0,0,0,0,0,0,0,0,0,0,0,0,0,0,0,0,0,0,0,0,0,0,0,0,0,74,0,0,0,0,0,0,0,0,0,0,0,0,0,0,0,0,0,0,0,0,0,0,0,0,0,0,0,0,0,0,0,0,0,0,0,0,0,0,0,44,0,0,0,0,0,0,0,0,0,0,0,0,83,0,0,0,0,0,0,0,0,0,0,0,0,0,0,0,0,0,0,0,0,0,0,0,0,0,78,0,0,0,0,0,0,0,38,0,0,0,0,0,0,0,0,0,0,41,0,0,0,0,0,0,0,0,0,0,0,0,0,0,0,0,0,0,0,0,0,0,0,0,0,0,0,0,0,0,0,0,0,0,0,0,0,0,0,0,0,0,0,0,0,0,0,0,0,16,0,0,0,0,0,0,0,0,0,0,0,0,0,0,0,0,0,0,0,0,0,0,0,0,0,0,0,0,61,0,104,0,0,69,0,0,0,0,0,0,0,0,0,18,58,35,0,0,28,226,0,20,0,0,0,0,0,0,0,0,0,0,0,0,0,0,46,79,0,0,0,0,0,0,0,0,0,0,0,0,0,0,0,0,0,0,0,0,0,0,0,0,0,0,0,0,0,0,0,0,0,0,0,0,0,0,0,0,0,0,0,0,0,0,78,0,0,0,0,0,43,0,0,0,0,0,0,0,0,0,0,72,0,0,0,0,0,0,0,0,30,0,0,0,0,0,79,0,0,0,0,0,0,44,0,0,0,0,0,0,0,0,0,59,0,0,0,0,0,0,0,0,0,0,0,0,0,0,0,77,0,0,0,0,0,0,0,26,0,0,0,0,0,21,0,25,0,0,0,0,0,0,0,56,0,0,0,0,0,0,0,0,0,0,0,0,0,0,0,0,0,0,0,0,51,0,0,0,0,0,0,0,0,0,0,0,0,0,0,0,0,0,0,42,0,0,0,0,0,65,0,0,17,0,66,0,0,19,0,0,0,0,0,0,0,0,0,0,55,0,0,0,0,0,0,0,0,0,0,0,0,0,17,0,172,0,0,0,22,77,0,0,0,0,0,0,0,0,0,0,0,0,0,0,0,0,0,0,0,0,0,0,41,0,0,0,0,0,0,0,0,57,0,0,0,0,0,31,0,0,0,0,35,0,0,0,0,0,0,0,0,34,0,0,0,98,0,0,154,0,0,0,32,0,29,0,0,0,0,0,0,0,0,0,0,0,0,0,57,0,0,0,0,0,30,0,0,0,0,0,0,0,0,0,0,0,0,0,0,0,0,0,0,0,0,0,0,0,0,0,0,0,0,0,0,0,30,0,0,0,49,38,0,0,0,127,0,0,0,0,0,0,0,0,0,0,60,0,0,0,0,0,0,0,0,0,0,0,0,72,0,0,0,0,0,44,0,0,0,0,0,0,0,0,0,0,0,50,0,78,0,0,20,0,39,32,0,0,21,0,0,0,0,0,0,0,0,0,0,51,0,68,0,0,42,0,0,0,0,0,0,0,0,0,0,36,0,0,0,48,0,0,0,0,0,0,0,0,0,0,0,0,0,0,0,0,0,0,0,0,0,0,0,0,0,0,0,0,0,0,0,0,0,0,0,0,0,0,0,0,9,0,0,37,0,0,0,38,0,0,0,0,0,0,0,0,0,0,0,0,0,0,0,0,0,0,0,28,0,0,0,0,0,50,0,0,77,0,0,0,0,0,0,0,0,0,0,0,0,0,52,21,0,0,0,0,0,0,0,0,0,0,0,0,0,0,0,0,0,0,0,0,0,49,0,0,0,0,65,0,0,0,0,0,51,0,15,0,0,0,0,0,0,0,0,72,0,0,0,0,0,0,0,0,0,0,0,0,0,0,0,0,38,0,0,0,0,0,0,0,0,36,49,0,0,0,0,0,0,0,0,0,0,0,0,0,0,0,0,0,0,0,0,0,0,0,0,0,0,0,0,0,0,0,0,0,0,0,0,0,0,0,0,0,0,0,32,0,0,0,0,0,0,35,0,0,0,0,0,0,0,0,0,0,0,0,44,0,0,0,72,0,0,0,102,0,11,0,0,0,0,0,22,0,0,0,0,0,0,113,0,112,0,0,0,0,0,0,0,0,0,0,0,0,0,0,60,0,0,0,0,0,0,0,34,0,0,0,48,0,0,0,0,0,0,0,0,0,0,0,0,0,0,0,0,0,0,0,102,0,0,49,0,0,0,0,0,112,35,0,0,0,0,30,0,0,0,0,0,0,0,0,25,0,0,0,0,64,0,27,0,0,0,13,0,0,36,0,0,0,0,0,0,0,0,156,0,0,0,0,0,0,65,0,0,0,0,0,0,0,0,0,0,0,0,0,0,0,0,0,0,0,0,18,0,0,0,0,0,0,0,0,0,113,0,0,0,0,0,0,78,0,0,75,0,0,0,0,0,0,0,0,0,0,0,0,0,0,0,0,0,0,0,0,0,19,0,0,0,0,19,0,51,0,0,0,0,0,0,0,0,27,0,0,0,0,0,0,0,0,0,0,25,0,0,0,0,0,0,0,32,0,22,31,0,0,0,0,0,0,0,0,0,0,0,0,0,0,0,0,0,86,0,0,0,49,0,0,0,0,0,0,0,0,0,0,0,0,0,0,0,0,0,0,0,0,0,0,0,0,0,0,0,0,0,0,0,0,0,0,0,0,0,0,0,42,0,0,0,0,0,0,0,0,0,0,0,0,0,0,35,0,0,0,0,0,0,71,0,0,0,0,0,0,0,0,0,0,0,0,0,0,0,0,0,0,0,0,0,0,0,0,48,0,0,0,0,0,0,0,0,0,0,0,0,0,0,0,0,0,0,46,0,0,565,0,0,0,0,0,0,0,0,0,0,0,0,0,0,0,0,0,0,0,0,0,0,0,0,0,47,0,0,0,0,0,0,0,0,0,0,0,0,0,0,0,0,0,56,0,0,0,0,0,0,0,0,0,0,0,0,0,0,0,0,0,88,0,0,31,27,0,0,50,0,0,0,0,0,0,0,114,0,0,0,0,0,0,0,0,0,0,0,0,0,0,0,0,0,0,0,0,0,0,0,0,0,26,0,0,0,38,0,0,27,0,0,54,0,0,0,0,0,0,0,0,0,0,0,0,66,0,0,0,0,0,0,0,0,0,50,0,0,0,0,0,0,0,0,0,0,0,0,0,0,0,0,0,0,0,0,0,0,0,0,62,0,0,0,0,0,0,0,0,0,0,97,0,0,0,0,0,0,0,0,0,0,0,0,0,0,0,0,0,61,0,0,0,0,0,0,0,49,0,0,0,0,0,0,0,0,0,0,0,0,0,22,0,0,0,0,15,0,0,0,72,0,0,57,0,0,0,0,0,190,0,0,0,0,43,39,0,0,0,93,0,0,0,76,0,0,0,0,0,0,0,87,0,0,0,0,0,0,0,0,0,0,291,0,0,0,0,0,0,0,0,0,0,0,28,0,0,0,0,0,0,0,28,0,0,0,0,0,0,0,0,0,0,0,0,0,0,0,0,0,0,0,0,0,0,0,93,54,0,0,0,0,0,0,0,0,35,0,0,0,0,0,0,0,0,0,0,0,0,0,13,0,39,0,0,0,0,0,74,0,0,0,0,37,0,0,0,0,0,32,0,0,0,0,0,64,0,0,22,0,0,0,0,0,0,0,0,0,0,0,0,0,60,0,0,0,38,0,0,0,0,0,0,0,26,0,0,0,27,47,0,0,81,32,0,0,0,0,0,0,0,0,137,0,0,0,0,0,0,0,0,66,0,0,0,0,0,0,0,0,0,0,0,18,0,0,0,0,69,69,0,0,0,0,25,0,0,0,0,0,88,0,0,0,0,0,0,0,0,0,0,0,0,0,0,0,163,0,0,0,0,0,0,0,95,0,0,0,0,0,0,0,0,0,0,0,0,0,0,0,0,56,71,29,0,20,23,0,0,0,16,0,0,0,0,0,0,116,0,39,0,0,0,84,0,0,58,0,0,0,0,0,0,45,0,0,67,0,0,0,18,0,0,0,0,0,0,42,0,0,0,0,0,0,0,38,0,0,0,0,0,20,0,32,0,0,0,0,0,44,0,21,0,136,0,50,0,0,0,0,76,0,28,0,0,0,22,0,0,0,0,56,77,0,0,0,0,0,0,0,75,0,0,0,0,0,0,0,0,0,0,0,0,0,0,98,0,30,0,0,0,47,0,0,155,0,0,0,0,0,0,0,152,65,0,0,0,0,0,0,0,0,0,0,0,0,0,0,0,61,0,0,0,0,0,0,0,48,0,0,0,331,0,0,77,0,0,0,0,65,0,0,0,0,0,0,0,0,40,0,0,27,0,0,0,0,0,0,31,0,51,0,0,63,0,0,0,0,0,0,21,0,0,47,0,0,0,0,0,0,0,0,0,0,207,0,0,0,0,0,0,38,0,0,60,0,0,0,0,0,0,0,0,38,0,0,0,0,0,36,0,0,0,0,0,0,0,0,0,0,0,0,0,0,0,0,0,56,0,0,0,119,0,0,0,120,0,0,0,0,0,0,0,0,0,0,138,0,0,0,0,0,75,0,0,0,0,0,0,0,55,0,0,33,0,0,0,0,0,0,0,0,61,148,28,0,202,0,0,0,0,47,28,0,0,0,0,0,0,0,0,0,61,0,0,0,0,73,38,0,0,0,0,0,155,0,0,12,0,0,0,0,0,0,25,51,68,0,0,0,0,0,0,0,0,0,0,50,47,117,0,40,0,0,0,0,0,0,0,22,0,0,0,0,0,0,70,84,0,0,57,0,0,0,0,38,0,0,0,0,46,0,55,44,87,72,0,0,0,0,0,0,58,0,0,0,0,0,0,0,0,72,0,0,0,0,0,60,0,0,0,0,0,0,0,0,0,34,0,0,0,0,0,0,25,0,101,0,0,0,0,34,64,0,0,0,0,0,36,0,0,0,0,0,0,272,0,29,56,0,0,0,0,0,0,0,0,0,0,0,57,0,24,0,0,34,0,0,0,0,0,0,0,0,0,0,0,0,0,0,0,0,47,0,0,42,28,0,0,0,0,0,0,0,0,0,0,0,51,47,0,0,93,0,0,0,0,0,0,0,63,0,158,0,0,38,0,0,0,44,39,0,0,55,33,103,48,0,0,0,0,0,0,0,34,0,0,0,0,24,0,0,0,0,0,56,0,0,69,0,202,0,0,0,0,0,39,0,91,101,0,0,58,0,0,35,0,0,32,0,0,0,0,0,0,0,0,148,0,0,0,0,0,0,37,0,0,0,0,0,0,220,0,0,0,0,44,0,0,0,0,0,0,58,0,0,0,0,0,0,42,0,0,39,22,31,0,0,0,0,0,90,0,0,0,0,42,0,0,0,64,0,0,0,0,0,0,0,0,108,0,0,0,0,80,34,43,0,0,65,0,0,0,0,0,0,0,31,0,47,0,0,0,0,0,0,0,0,0,0,0,90,0,0,0,0,0,0,0,0,0,0,0,0,0,0,0,0,0,0,0,0,0,0,30,44,0,0,25,0,0,0,0,0,0,0,0,0,0,218,0,0,0,0,0,0,0,0,84,0,0,0,0,0,0,0,38,0,0,0,0,0,0,0,0,0,0,0,0,0,0,0,0,0,0,0,54,0,0,60,0,0,0,0,0,0,0,0,0,0,0,0,0,0,57,21,0,0,73,0,34,0,0,0,0,0,0,0,0,186,0,98,0,56,58,0,0,0,0,0,0,0,0,0,0,0,0,39,0,43,0,0,0,0,176,0,0,0,199,0,0,0,0,0,0,42,0,0,22,0,0,99,0,127,0,0,0,0,0,0,0,29,57,19,0,0,0,0,0,0,30,39,0,45,0,0,0,56,0,0,0,0,25,0,0,0,0,0,0,0,62,99,0,0,0,0,0,0,0,0,0,0,0,0,0,0,0,0,99,0,0,0,21,0,15,0,0,0,0,53,88,0,0,221,0,0,0,78,0,85,62,0,33,0,0,0,81,0,0,34,0,0,0,0,0,0,0,0,29,48,55,0,0,63,70,0,0,297,0,90,0,7,0,0,37,0,0,0,22,111,0,0,0,0,120,0,0,0,0,0,0,0,0,0,0,0,0,115,16,0,0,0,0,0,0,0,0,27,0,247,0,0,0,0,0,0,45,0,0,0,0,0,54,0,0,0,0,42,0,0,0,0,0,0,0,0,52,0,0,0,0,0,74,0,0,0,0,0,0,0,0,39,0,0,0,40,0,0,0,80,640,0,0,0,31,65,0,57,0,0,0,0,0,80,0,0,33,0,0,0,63,0,0,65,0,0,0,52,0,0,0,0,0,54,0,0,0,34,0,0,0,0,87,47,0,45,0,0,0,0,0,78,0,0,0,0,0,0,0,0,87,0,0,0,0,59,0,0,0,32,172,0,0,186,0,0,0,34,0,0,0,0,0,52,0,0,0,0,0,0,0,38,0,0,55,0,0,82,0,0,0,0,0,0,222,0,0,0,58,0,18,0,0,25,45,0,0,53,0,0,0,0,0,0,216,33,0,0,14,40,0,190,0,0,0,10,0,0,0,0,76,0,0,49,0,0,0,0,0,0,30,0,0,0,83,166,0,0,0
276,0,0,0,0,0,39,0,0,0,0,156,0,0,0,0,150,161,0,0,0,30,0,0,0,0,0,0,0,0,0,0,23,0,0,0,0,0,60,51,58,0,0,0,129,0,0,28,0,0,0,0,0,67,0,135,0,0,0,0,0,0,49,0,0,0,0,0,0,0,137,0,0,0,0,84,0,0,170,0,0,0,0,0,73,0,0,0,33,0,165,0,0,0,0,0,0,0,0,0,0,0,0,0,0,0,0,0,0,0,0,0,0,0,0,0,0,0,0,0,61,0,0,17,0,0,0,0,0,0,0,0,20,0,0,0,29,0,0,0,0,50,0,201,0,0,0,12,40,0,0,0,0,0,85,24,0,0,0,0,0,0,0,0,0,0,0,19,0,38,0,0,0,55,0,0,0,0,0,40,0,0,0,0,0,0,0,109,0,0,0,0,0,0,0,0,90,0,0,81,0,0,0,0,90,0,0,0,0,63,0,0,0,0,0,57,0,0,0,0,114,0,0,0,0,0,0,0,0,0,0,0,0,0,0,0,0,0,0,0,0,0,0,0,0,0,25,0,0,0,0,0,0,66,0,0,57,0,0,0,0,76,0,0,0,0,0,0,38,0,0,0,0,0,0,0,0,0,58,0,0,0,0,41,55,28,0,41,0,0,0,0,150,0,0,0,0,48,0,0,0,0,53,0,0,0,82,58,0,64,55,0,0,0,0,0,0,0,0,0,0,0,0,0,0,15,0,0,0,0,0,0,0,34,54,0,0,0,0,0,0,35,0,0,0,0,0,0,0,74,35,180,0,136,0,0,0,0,0,0,0,0,0,0,0,52,132,0,0,0,118,0,0,0,0,30,0,0,0,117,0,0,0,0,0,141,33,0,30,0,0,0,0,0,0,0,34,0,0,71,0,0,108,0,0,0,0,0,0,0,0,0,0,0,0,0,54,0,147,24,0,0,33,0,0,0,40,0,0,0,0,0,0,0,83,0,0,0,0,0,0,0,54,0,235,73,0,0,0,0,0,0,0,0,0,0,0,0,0,0,0,0,0,0,0,0,0,0,0,0,50,0,35,0,0,0,0,54,0,0,0,0,111,0,0,0,0,0,0,107,0,0,0,0,0,0,41,0,60,0,0,0,0,44,0,52,67,73,0,0,38,0,0,0,0,0,331,0,0,0,210,0,0,82,52,0,0,0,184,0,0,0,0,0,0,18,0,0,0,0,0,47,0,0,0,0,0,0,0,0,0,0,0,0,0,0,0,0,0,0,119,187,0,0,0,0,0,0,0,0,0,78,0,0,0,0,0,0,0,0,255,83,0,0,139,0,0,638,0,0,0,52,0,0,0,0,0,0,0,0,0,0,0,56,39,0,0,33,0,0,0,0,55,63,0,0,0,0,0,0,0,0,0,0,0,0,27,0,0,0,0,0,0,0,0,0,0,0,0,0,0,0,0,0,0,0,0,34,0,18,39,0,0,0,127,0,0,0,0,0,0,0,0,0,0,0,0,0,0,0,0,0,0,0,54,0,0,0,49,0,10,0,0,0,0,0,72,0,54,0,0,0,0,0,0,0,0,0,104,0,0,0,0,0,0,0,0,0,116,0,0,87,0,0,0,0,0,0,120,0,0,0,0,0,0,61,0,0,0,0,0,0,0,0,23,0,0,0,0,0,56,0,363,35,0,0,0,0,0,0,0,0,0,0,113,0,0,0,0,0,0,75,0,0,0,32,0,0,0,0,33,0,0,0,0,30,0,0,0,45,38,0,0,0,0,0,0,0,57,75,0,0,0,0,0,0,0,0,0,0,33,0,0,0,157,0,39,0,0,0,0,0,61,0,0,74,0,0,0,0,0,0,0,0,0,29,81,0,0,0,48,0,0,0,0,0,0,0,0,0,0,0,0,0,97,0,0,0,0,0,0,0,0,0,0,0,118,0,42,91,0,0,0,111,0,0,0,0,0,0,0,0,0,0,0,0,0,0,0,0,0,0,0,0,0,0,0,0,0,0,0,49,0,0,0,38,118,0,0,0,0,157,0,19,0,0,0,160,97,81,37,0,0,0,0,128,56,0,32,0,45,62,0,0,0,0,59,17,0,0,0,0,0,0,0,0,63,71,76,0,0,0,0,0,0,0,0,0,0,0,68,0,64,165,10,0,28,0,42,0,42,90,28,0,0,89,0,0,0,284,0,0,0,61,0,0,0,0,0,0,0,23,0,0,0,41,250,0,520,0,209,151,28,0,0,0,0,0,0,0,0,0,50,0,0,132,0,30,67,0,0,0,0,0,0,0,141,112,75,64,0,0,0,0,0,0,49,43,31,0,0,131,0,0,0,0,0,206,194,0,134,0,0,0,0,24,152,160,71,0,28,0,86,0,109,0,0,0,66,0,0,282,0,43,0,56,252,43,0,0,71,0,0,0,0,0,0,0,0,58,0,0,0,0,217,0,0,0,0,0,34,256,0,36,0,72,31,37,0,0,0,0,0,0,0,35,0,0,0,0,0,165,0,0,0,33,126,0,0,77,0,0,0,0,0,0,0,0,0,73,0,0,68,144,0,0,0,0,0,0,0,0,26,0,0,0,0,156,77,0,0,0,57,105,0,0,0,0,0,0,0,31,120,77,37,0,70,0,121,0,23,0,0,17,177,0,0,81,0,0,0,0,0,0,21,0,64,0,0,145,25,0,157,0,51,0,0,29,0,0,0,0,0,0,35,0,0,0,0,0,222,0,0,41,125,0,0,0,0,66,42,0,0,0,0,0,0,0,0,81,0,0,0,88,0,0,0,0,0,45,0,46,0,0,0,0,0,0,0,0,0,0,0,0,0,0,46,0,0,0,0,0,0,0,0,0,0,0,0,73,157,103,0,0,0,0,179,0,0,32,57,0,0,0,42,0,0,0,0,0,39,0,0,69,0,0,0,0,0,49,0,42,0,0,0,78,29,0,51,103,0,0,58,0,17,0,0,60,0,0,73,26,0,759,0,0,0,36,0,0,158,0,0,0,0,0,0,0,66,0,0,0,56,0,0,0,0,0,0,0,0,58,0,84,77,0,0,0,0,0,0,0,0,89,0,0,0,515,242,0,180,0,0,0,45,0,0,0,0,36,0,40,0,0,0,224,0,0,56,84,0,217,130,0,95,0,0,0,0,0,148,0,0,0,0,42,0,179,0,163,0,0,59,0,0,0,71,0,22,0,0,0,0,45,76,0,0,49,0,145,128,0,72,0,0,0,156,0,0,120,0,0,0,0,0,0,111,0,0,155,0,0,0,112,0,28,65,0,0,143,54,0,0,0,0,0,0,0,48,24,0,50,0,39,90,0,0,0,0,81,0,0,0,221,54,100,0,0,0,0,0,0,67,0,0,52,0,0,0,43,0,0,0,0,0,0,0,0,0,51,0,0,0,62,0,95,0,0,66,0,0,54,0,0,0,0,0,0,53,26,0,0,33,0,0,36,0,0,0,167,0,0,0,0,54,47,0,67,73,0,0,0,0,172,0,98,0,45,0,0,0,56,0,291,51,0,0,94,0,0,0,88,0,74,0,200,0,39,49,0,0,0,0,88,0,0,79,0,72,0,0,0,76,0,0,0,0,0,47,0,0,0,0,18,39,0,0,0,169,0,0,51,43,23,51,0,0,72,0,0,0,0,175,0,58,0,29,0,0,0,88,104,0,0,60,0,45,0,0,0,0,30,53,0,32,34,227,0,0,51,0,164,0,0,0,0,99,0,30,0,0,0,96,0,0,0,0,70,73,0,44,88,0,119,0,47,0,0,0,288,0,440,0,59,0,0,0,0,0,81,0,0,0,0,0,0,196,0,0,0,0,0,38,0,58,26,0,0,194,0,0,31,124,0,0,0,52,0,0,0,0,35,0,98,23,0,146,0,70,54,0,0,43,0,62,127,0,0,0,0,0,122,0,0,0,202,0,41,0,0,0,0,0,90,0,0,0,0,261,0,383,0,0,0,47,0,57,0,0,0,0,0,0,0,38,0,0,0,0,0,552,0,50,0,0,0,0,0,0,0,47,0,0,33,0,30,45,0,0,63,126,0,50,0,0,58,58,0,0,49,0,68,0,0,58,71,64,0,110,6,0,359,0,0,0,0,35,143,180,0,91,72,0,0,0,0,49,85,66,85,0,0,0,0,0,0,23,0,0,29,0,84,0,67,0,61,0,0,78,0,0,0,0,0,0,0,0,206,0,50,0,0,0,126,27,28,0,50,0,85,81,0,0,53,110,50,77,0,193,47,44,0,0,0,0,34,0,0,0,0,0,73,119,0,152,126,0,0,0,205,0,0,0,63,0,0,0,0,125,77,0,60,0,0,0,113,25,0,458,60,0,0,0,0,0,0,149,0,100,0,0,61,32,0,0,27,0,98,47,44,62,0,57,0,109,22,44,0,0,44,41,0,42,71,91,139,0,0,100,75,56,0,69,68,0,0,0,0,0,0,292,151,29,0,0,0,0,0,0,0,0,0,35,0,67,0,0,131,0,0,0,0,0,105,0,0,188,35,68,51,0,0,96,0,0,0,0,105,281,0,49,0,0,0,0,0,68,158,95,74,0,71,0,0,0,0,0,127,29,72,0,0,36,74,42,0,47,0,0,139,0,93,0,137,0,0,0,0,0,0,0,133,0,0,0,176,0,0,0,368,0,42,0,0,0,0,247,0,0,107,441,0,0,54,0,35,76,0,0,0,0,48,0,49,46,0,105,227,0,81,0,0,0,0,53,89,95,242,0,0,279,70,64,43,0,63,41,0,0,0,53,0,0,50,59,0,96,66,0,15,0,193,120,0,0,69,0,0,157,0,64,0,0,0,0,0,65,0,0,96,108,143,41,0,0,0,0,37,0,0,0,37,68,368,0,81,77,59,53,0,43,0,0,0,35,0,0,0,60,0,135,181,0,0,42,0,0,0,0,44,0,110,116,105,0,0,99,64,163,95,0,28,43,0,0,52,108,0,0,62,0,0,44,0,0,126,55,152,59,0,0,52,0,0,0,0,0,0,76,0,0,0,31,0,0,77,0,0,346,0,0,0,0,0,0,0,95,0,0,0,0,0,55,43,72,0,0,0,0,537,42,0,56,38,0,0,45,13,0,0,0,0,102,142,228,138,40,0,0,0,36,0,30,34,0,14,0,91,0,0,0,48,0,74,0,0,0,71,0,113,70,313,0,0,61,0,25,0,0,0,112,0,22,112,0,0,266,0,0,0,39,81,0,74,100,0,152,0,59,0,0,68,0,82,73,0,81,0,67,120,68,66,0,0,113,11,0,0,46,140,16,0,79,62,0,394,48,0,0,110,0,50,85,0,265,42,0,33,16,0,59,0,96,292,63,0,0,0,0,44,0,48,69,0,0,0,0,27,45,63,0,98,55,0,0,0,0,0,57,34,0,0,0,0,0,282,0,0,253,38,82,0,155,0,215,0,0,65,62,0,0,92,0,0,63,0,137,63,51,0,0,54,0,0,0,337,0,0,0,0,118,0,19,87,153,0,0,0,0,0,0,0,0,123,0,31,0,0,78,79,242,51,0,48,0,0,0,0,0,0,54,72,0,277,28,0,0,0,0,59,0,44,0,0,75,63,104,0,0,0,0,0,0,0,0,0,0,0,22,39,0,0,312,0,0,0,0,0,0,104,0,0,0,145,0,0,0,41,0,0,0,0,0,157,0,0,0,52,0,0,0,74,242,0,0,0,0,0,0,23,174,40,0,0,0,40,0,40,41,25,0,0,24,0,56,42,0,0,0,0,68,0,19,56,0,0,39,58,173,77,113,0,46,0,0,29,0,42,143,67,0,0,93,0,0,46,0,0,68,0,44,0,0,167,62,133,0,49,29,21,0,40,0,66,0,0,78,0,0,0,0,116,0,49,0,0,0,0,110,0,0,0,288,0,0,125,0,43,0,50,0,0,88,59,27,358,0,154,63,159,0,0,103,0,0,0,64,0,33,0,0,83,40,0,74,68,0,74,0,52,0,0,0,0,0,0,29,0,0,0,45,49,0,0,225,147,0,78,0,0,41,18,0,72,0,58,118,0,0,0,0,47,109,0,0,71,98,0,0,30,0,0,0,106,84,0,0,255,0,24,0,82,67,71,54,0,50,0,0,0,60,0,0,42,0,36,50,0,0,0,34,0,70,0,114,0,0,124,95,0,0,338,55,198,0,65,0,0,0,0,0,0,0,322,163,0,168,92,186,0,0,0,0,0,0,0,0,18,35,0,0,356,99,0,57,0,0,65,73,0,0,69,0,217,36,15,0,0,0,0,72,0,46,0,63,0,0,0,255,0,0,278,32,69,0,0,0,0,0,0,0,0,0,0,58,0,58,40,0,28,0,0,35,0,53,55,0,47,0,33,0,0,77,245,1048,0,76,0,93,74,0,71,0,94,0,23,48,79,0,0,100,0,0,0,72,0,0,67,93,0,26,78,0,107,0,61,0,95,0,0,0,0,0,38,165,0,365,72,0,61,0,0,27,32,0,62,0,256,0,0,0,105,0,0,95,0,0,0,0,39,0,47,0,40,209,0,0,319,39,118,0,139,0,0,38,0,0,119,0,0,0,0,57,0,0,0,0,0,127,28,275,141,0,0,0,32,0,0,272,63,0,0,0,57,0,0,0,0,0,0,0,86,0,59,0,0,0,0,197,79,0,140,0,0,0,312,0,0,0,0,0,0,0,0,0,0,0,128,114,0,48,0,0,0,50,57,16,0,74,306,0,0,0
277,0,0,0,73,53,54,69,0,59,0,235,0,22,0,175,38,103,0,42,0,178,62,39,100,89,0,13,66,50,0,29,46,0,82,194,167,0,47,270,67,42,73,0,249,0,69,28,215,0,135,47,71,89,0,117,0,0,0,34,0,187,56,351,0,66,167,0,0,0,267,0,73,0,0,261,118,0,336,33,63,0,0,286,89,130,50,0,49,36,155,41,33,39,144,0,0,0,52,64,0,0,0,92,0,35,48,0,128,67,126,61,95,72,219,55,56,82,0,0,0,0,209,32,56,0,0,0,125,0,63,0,294,0,90,135,75,130,88,44,83,68,180,98,0,0,79,0,44,0,0,0,89,68,79,143,0,137,32,119,159,31,0,90,47,144,23,0,124,129,71,106,27,67,0,79,0,58,108,88,55,334,0,69,0,48,0,542,263,0,0,0,104,46,249,0,30,39,42,168,0,66,84,39,259,54,0,0,48,49,51,54,34,75,12,149,55,45,0,0,44,191,37,0,305,0,0,149,353,29,86,0,0,0,24,0,49,36,96,45,0,51,53,54,44,0,0,0,0,0,38,111,292,0,218,44,58,0,0,46,285,311,136,0,54,0,0,439,111,428,49,0,187,289,149,59,50,0,611,136,65,0,91,110,44,99,0,139,1641,87,112,56,186,0,0,106,0,59,99,65,0,0,49,0,0,294,99,101,0,134,72,178,100,0,0,57,65,252,0,32,0,32,0,0,246,48,0,113,0,34,0,0,63,67,59,88,0,0,37,71,0,49,0,0,0,0,0,0,148,457,140,54,0,127,136,0,61,86,264,125,39,46,74,0,63,320,273,89,0,40,120,50,72,53,73,162,53,0,0,175,0,0,36,31,49,264,0,48,0,0,47,18,436,0,64,0,898,62,120,138,0,46,84,0,0,62,0,56,61,0,118,0,71,0,0,0,189,141,172,240,0,113,32,0,66,94,58,60,69,0,0,0,0,0,214,0,53,34,31,109,0,0,263,90,138,132,229,101,0,49,0,0,180,0,89,0,0,63,0,0,183,0,83,133,0,0,0,58,0,41,52,0,303,0,59,0,0,273,145,41,42,0,112,88,66,0,0,47,101,124,113,0,0,80,34,51,229,86,152,0,0,160,0,446,90,80,185,91,0,0,82,49,25,62,32,0,130,57,0,143,57,0,152,73,32,0,44,66,95,0,37,11,0,0,109,76,0,0,0,210,35,101,69,0,21,0,73,0,0,171,58,0,0,58,54,61,0,56,70,59,79,253,0,59,82,290,39,0,0,0,106,0,14,0,0,0,0,143,0,50,80,158,140,0,155,0,303,173,0,0,56,378,0,0,0,0,0,53,0,0,0,0,53,0,0,124,41,97,0,0,0,0,214,370,90,0,116,49,0,38,0,0,0,0,27,0,50,0,0,126,118,0,0,0,0,0,57,66,0,0,0,0,144,0,35,285,0,0,0,163,180,26,0,66,236,0,29,37,42,114,87,34,33,0,0,84,56,0,37,97,68,0,140,0,124,0,33,76,85,0,0,0,43,0,80,0,0,0,125,0,85,0,0,0,0,0,70,0,167,0,0,41,0,68,102,40,0,57,61,93,0,230,141,0,0,0,0,0,154,47,138,43,60,530,122,141,149,0,0,0,86,75,0,0,105,0,0,0,334,122,106,0,541,65,0,113,0,0,0,0,0,0,44,0,10,0,0,0,0,0,0,0,0,36,0,73,0,0,0,86,87,106,37,0,0,196,0,27,32,0,106,0,133,0,0,20,141,80,0,266,0,0,0,0,0,0,0,53,18,47,73,0,37,0,118,91,175,61,27,0,44,0,115,121,0,230,0,0,0,69,107,0,228,0,0,0,49,37,0,136,93,0,43,36,30,0,93,0,49,0,0,0,210,0,0,0,0,63,22,31,97,0,60,0,0,0,181,216,51,306,0,41,0,151,44,108,45,0,0,0,0,0,0,0,166,169,33,0,0,45,0,0,105,0,54,26,0,111,0,0,0,124,0,42,151,105,0,18,0,71,0,182,0,0,0,0,29,198,166,205,106,0,34,22,72,403,33,56,49,0,84,63,48,0,0,81,83,0,13,58,0,0,0,0,0,46,46,0,165,0,0,57,0,107,0,136,0,29,0,43,173,0,68,221,69,0,73,82,270,0,37,0,43,47,52,79,25,217,31,91,20,76,0,130,62,59,0,246,41,0,58,154,0,0,88,104,274,0,759,0,188,82,45,79,58,0,0,0,0,39,71,58,154,0,0,260,48,86,587,127,51,61,0,106,30,268,206,156,0,102,0,0,55,0,0,0,265,58,76,0,0,70,0,0,41,131,0,176,1636,65,48,0,260,47,49,0,152,72,157,0,69,0,82,0,354,0,86,148,0,59,0,626,0,37,110,348,246,199,583,0,138,74,18,185,0,50,21,47,0,0,0,76,0,89,689,55,0,36,58,0,128,0,61,101,91,0,54,74,0,0,83,69,98,0,0,0,87,0,0,42,41,222,64,135,28,45,287,0,0,228,0,86,175,66,0,0,0,76,45,189,0,0,111,401,23,0,0,108,77,0,69,0,47,0,0,55,36,100,0,41,36,0,75,59,167,0,0,46,148,40,0,50,112,272,351,131,104,0,242,78,71,0,0,0,156,0,40,89,114,0,71,0,0,0,57,189,251,0,0,117,32,262,0,0,74,54,24,132,0,28,0,49,32,0,120,0,43,125,0,0,222,0,0,88,167,0,48,76,42,0,52,0,0,54,0,0,61,0,0,197,0,0,33,140,0,0,63,0,0,77,0,76,0,47,126,0,0,0,67,0,0,0,0,36,0,0,73,0,0,0,16,35,73,0,0,0,0,0,0,40,169,178,0,0,0,0,47,0,38,0,0,0,0,0,85,0,0,0,0,0,37,56,89,13,0,0,32,0,0,74,0,65,28,0,0,0,60,43,282,0,0,0,0,0,0,44,0,126,111,0,0,39,0,1074,0,66,0,0,0,0,61,0,47,106,0,35,27,44,92,16,0,0,0,0,0,103,0,0,0,77,0,96,0,0,53,0,0,0,0,0,0,0,0,217,0,0,0,1150,57,0,167,0,0,40,172,0,0,37,0,92,0,18,0,0,0,221,0,74,27,155,0,403,129,0,130,0,0,0,0,0,151,57,0,0,62,213,0,98,0,0,0,0,135,0,0,23,0,32,51,52,0,0,0,110,84,0,70,54,0,0,0,47,0,93,34,0,203,0,0,95,0,0,91,0,0,0,201,0,35,146,58,0,0,41,0,52,67,74,0,145,43,0,0,47,38,41,0,0,0,91,0,139,99,0,91,0,44,0,0,0,0,45,0,169,156,19,0,0,27,0,0,52,39,0,51,169,0,0,40,39,0,0,50,0,0,0,0,0,56,0,72,0,0,0,36,68,0,33,36,0,0,155,0,0,0,37,0,0,0,34,0,0,0,0,0,48,39,67,0,93,0,0,0,51,90,0,0,0,0,46,0,0,31,202,0,0,0,0,0,0,0,0,0,326,45,0,68,128,0,0,165,47,0,102,0,62,0,0,59,42,0,0,0,0,0,0,92,0,0,0,0,0,26,0,0,0,0,0,58,0,0,0,0,0,0,0,0,0,294,0,0,0,73,0,15,0,0,71,0,0,0,28,88,0,0,0,0,0,0,0,71,68,0,71,87,41,26,0,0,91,0,56,36,66,46,26,0,0,0,0,0,96,0,0,51,0,59,0,0,0,0,0,154,71,0,0,0,217,31,0,0,0,0,124,0,47,0,0,0,39,0,215,41,97,0,0,0,38,0,0,0,76,0,0,0,0,128,0,0,0,44,0,58,18,46,106,0,0,154,0,0,0,60,0,0,0,83,0,0,0,0,0,0,46,23,127,46,0,84,0,0,0,0,0,0,94,0,0,32,0,0,260,0,0,43,103,0,133,0,0,0,0,0,149,36,45,0,0,173,36,646,14,0,0,0,0,0,0,0,0,59,0,0,0,0,0,0,0,0,0,518,50,0,0,0,0,0,16,0,0,237,0,0,49,0,0,0,23,0,0,0,0,65,0,0,0,35,0,0,0,0,38,0,0,53,0,0,0,115,0,0,190,0,0,0,34,0,133,122,27,83,0,43,0,0,0,54,151,0,41,72,0,32,47,0,0,0,0,78,0,0,0,0,52,0,260,64,0,0,0,0,0,0,0,0,0,61,181,0,0,0,0,0,232,65,0,0,0,0,83,72,0,0,0,95,35,0,0,158,0,0,0,0,0,0,29,266,0,0,0,42,0,48,57,0,0,0,0,0,127,0,0,43,47,0,0,0,0,108,0,0,0,38,0,0,184,0,0,183,0,0,0,0,57,46,0,104,0,42,0,33,0,13,0,0,237,0,110,0,0,43,109,0,0,289,107,72,0,42,0,0,0,0,0,38,202,0,0,0,67,147,0,135,80,0,0,0,30,38,0,131,98,351,23,0,104,0,0,0,27,0,0,0,0,110,0,0,49,0,0,0,0,65,74,20,0,148,0,108,87,0,66,243,0,25,0,0,337,165,0,41,0,0,0,0,42,35,30,133,0,166,240,0,0,0,0,0,74,64,116,0,0,0,62,0,66,0,0,0,50,0,55,0,0,0,47,0,29,0,0,141,46,0,0,0,151,86,57,0,633,0,0,0,0,0,0,124,0,52,31,205,0,0,0,0,0,57,80,0,0,33,73,0,69,38,0,13,180,0,135,0,0,0,0,0,0,0,0,10,0,359,0,111,0,0,0,0,0,0,0,0,0,51,0,47,38,85,42,0,0,0,49,193,0,0,0,0,43,0,56,85,69,0,0,0,0,58,26,0,174,0,293,67,0,0,0,0,0,48,0,0,83,68,403,0,0,103,83,102,0,35,0,0,0,0,29,0,0,0,0,258,60,0,0,64,0,0,0,0,47,0,175,30,145,0,65,27,0,42,45,0,48,45,29,27,0,55,0,90,46,0,46,58,0,71,47,0,40,0,0,30,80,24,62,0,0,49,0,49,0,0,215,124,48,0,95,0,0,381,0,0,0,0,0,0,18,0,0,0,0,0,0,0,63,38,0,0,0,0,156,43,0,188,55,0,0,0,0,0,0,0,0,102,40,144,72,25,0,0,38,0,18,0,60,0,0,0,46,0,0,108,0,25,244,0,0,0,67,0,83,72,63,0,0,94,48,0,0,0,0,63,0,43,147,21,33,370,0,0,0,0,198,0,62,0,52,129,0,114,0,0,34,0,79,40,0,58,52,187,0,48,103,0,0,0,0,15,0,0,34,0,0,0,76,60,626,62,0,39,0,0,62,0,0,108,37,0,34,0,0,96,0,145,443,84,0,157,0,0,0,0,50,0,0,0,0,56,0,91,86,0,221,73,0,0,0,0,0,0,0,0,0,0,0,0,264,0,0,298,0,0,0,138,0,135,60,0,64,0,0,0,87,0,0,73,0,0,54,46,0,0,0,0,0,0,134,50,0,0,0,216,0,0,126,143,44,0,0,0,0,0,0,0,230,0,0,0,0,115,46,64,0,75,87,0,0,0,0,0,0,0,42,0,96,73,0,0,24,72,52,0,36,0,20,0,0,0,0,35,0,0,0,0,0,0,0,0,0,21,65,0,0,269,0,0,0,0,0,31,41,0,0,0,167,0,0,0,83,27,0,0,0,0,237,52,0,0,0,0,0,0,0,0,30,24,0,0,67,0,45,213,0,0,0,0,0,0,0,0,0,0,0,0,0,0,49,0,44,36,0,101,0,27,100,0,0,0,51,59,37,0,0,0,0,0,0,0,0,271,82,0,0,154,0,51,0,0,55,0,0,42,0,0,148,37,225,0,90,40,0,50,213,0,56,64,0,103,42,0,0,0,0,0,18,0,0,0,0,192,0,0,27,355,0,0,31,50,0,0,93,0,0,0,0,0,358,0,234,13,148,0,46,171,0,52,51,37,49,0,0,0,90,31,0,77,50,0,0,0,41,74,98,0,0,0,0,100,0,0,48,0,46,0,0,119,37,0,0,0,0,67,0,86,73,0,0,73,0,0,0,0,42,85,0,0,83,0,0,0,0,70,41,0,0,68,0,0,80,51,0,21,104,112,77,0,0,0,0,0,0,85,0,0,40,0,38,0,27,0,0,143,0,58,99,62,0,57,0,0,0,0,104,42,171,0,0,26,0,0,0,0,0,0,105,47,0,0,57,102,0,65,0,50,33,0,0,0,27,27,0,45,130,0,0,0,0,0,31,0,0,0,0,0,65,0,0,0,0,0,0,48,0,30,0,0,0,35,61,137,0,0,74,47,60,0,0,0,0,0,0,59,0,61,0,76,0,48,0,0,0,64,0,0,48,0,0,0,0,0,0,0,73,168,231,295,0,83,0,127,145,0,178,0,0,0,0,0,67,0,81,0,0,0,0,0,0,0,110,0,0,53,37,0,137,0,68,0,90,0,0,0,0,25,0,59,0,388,78,0,67,0,0,29,0,0,0,0,94,0,0,0,0,0,0,0,0,0,39,0,55,0,0,77,0,240,0,0,26,37,110,0,0,0,69,53,0,0,169,0,0,0,0,111,0,79,49,0,0,0,0,0,175,0,0,0,0,0,0,227,83,0,0,0,0,0,0,0,0,0,0,0,0,60,0,0,54,0,0,246,0,0,54,0,44,0,151,0,0,0,0,0,0,0,73,254,0,0,65,101,0,83,0,0,0,0,0,0,0,57,312,0,32,0
278,0,0,0,37,30,0,0,0,0,0,0,0,0,0,0,0,31,0,25,0,0,0,0,0,0,0,0,0,0,0,0,33,0,0,93,39,0,0,0,0,0,0,0,0,0,0,0,0,0,0,0,0,0,0,0,0,0,0,0,0,0,0,0,0,0,0,0,0,0,0,0,0,0,0,0,35,0,0,0,0,0,0,0,0,0,0,0,0,0,0,0,0,0,0,0,0,0,0,0,0,0,0,32,0,0,0,0,0,36,0,0,0,0,0,0,0,0,0,0,0,0,0,0,0,0,0,0,0,0,0,0,0,0,0,0,0,23,0,0,0,0,0,32,0,0,0,0,0,0,0,0,0,0,0,55,0,0,0,0,0,0,0,0,0,0,0,0,0,0,0,0,0,0,0,0,0,0,0,0,0,0,0,0,0,0,0,0,0,0,0,0,0,0,0,0,0,0,0,0,0,0,0,0,0,0,0,0,0,0,0,0,0,0,0,0,0,0,0,0,0,0,0,0,0,0,0,57,193,0,0,0,0,0,0,0,0,0,0,0,0,0,0,0,0,0,0,0,0,0,0,0,0,0,0,0,0,0,0,0,233,0,0,0,0,0,0,0,0,71,0,0,0,0,0,0,0,0,35,0,0,0,0,0,0,0,0,0,62,0,0,0,0,0,0,0,0,0,0,0,0,0,0,0,0,0,0,0,0,0,0,0,0,0,0,0,0,46,0,0,0,0,0,0,0,0,0,68,0,0,0,0,0,0,0,0,0,0,0,0,0,0,0,0,0,0,0,0,0,217,0,0,0,0,59,0,0,0,65,0,0,0,0,0,0,0,18,0,0,0,0,0,0,0,0,0,0,0,0,0,0,0,22,0,0,0,0,0,0,0,0,0,105,0,0,0,79,0,0,0,0,0,0,0,0,0,0,0,0,0,32,0,0,0,0,0,35,14,0,0,0,34,0,0,0,0,0,0,9,0,0,0,0,0,0,0,0,0,0,0,0,0,0,0,48,0,0,0,0,0,0,0,0,0,0,0,0,0,0,0,0,0,0,0,0,0,0,0,0,0,0,0,0,0,0,0,0,77,27,0,0,0,0,0,0,0,0,22,0,0,0,0,0,0,0,0,60,0,0,0,0,0,0,0,0,0,100,0,0,0,0,0,0,0,0,0,0,0,0,24,0,0,0,0,0,0,0,0,0,0,0,0,0,0,0,0,0,0,0,43,0,0,0,0,0,0,0,0,0,0,0,0,0,0,0,0,0,0,0,0,0,0,0,0,0,0,0,0,0,0,0,0,0,0,0,0,0,0,0,0,0,0,0,0,0,0,0,0,0,0,0,0,0,0,0,0,0,0,0,0,0,0,0,0,0,0,0,0,0,0,0,0,67,41,0,0,0,0,0,0,0,0,0,0,0,0,0,0,0,72,0,0,0,0,0,0,45,29,0,0,0,0,38,0,0,0,0,0,0,38,0,0,0,0,234,0,0,0,0,0,0,0,0,0,0,0,0,0,0,0,0,0,0,0,73,0,0,0,0,0,0,0,0,0,0,0,0,0,22,0,0,0,38,0,0,0,64,0,0,0,0,0,0,0,0,0,0,0,0,0,0,143,0,0,0,0,0,0,0,0,77,0,41,0,0,78,40,0,0,0,0,0,0,0,0,0,0,0,0,0,84,0,0,25,0,0,0,0,0,0,0,0,0,0,0,0,0,0,0,0,0,0,0,0,0,0,0,0,0,0,0,61,0,0,0,38,0,0,0,0,0,0,0,0,0,0,0,0,0,0,0,0,0,0,0,0,0,33,0,0,0,0,0,0,181,0,0,0,0,0,0,0,0,0,0,50,0,0,0,0,0,0,0,0,0,0,0,0,0,0,151,0,0,0,0,0,0,0,0,0,0,0,0,0,41,0,0,0,0,0,0,0,0,0,0,0,63,55,0,0,0,0,0,0,0,0,0,0,0,0,0,0,0,0,0,70,0,0,0,0,0,0,22,0,0,0,0,24,0,0,34,26,0,0,66,0,0,0,0,0,0,42,0,0,0,0,0,86,93,0,0,0,0,0,0,97,0,0,0,0,0,0,0,0,0,0,0,0,0,0,0,0,0,0,0,0,0,0,33,0,0,0,0,0,0,0,0,0,0,0,29,0,0,0,0,0,0,0,0,0,0,45,0,0,67,0,0,0,0,0,0,0,0,96,0,0,0,0,0,0,0,0,0,0,0,0,48,0,74,0,0,0,0,0,0,0,0,0,0,0,0,0,75,0,0,0,0,0,68,0,0,0,0,0,0,0,82,78,0,0,0,0,0,0,0,0,69,0,0,0,0,24,0,0,43,41,0,0,187,0,75,0,0,0,0,0,24,0,27,0,5,0,32,0,36,0,0,0,30,77,0,134,0,0,0,140,223,0,48,0,0,0,0,59,0,0,0,0,0,0,0,0,0,0,126,0,0,0,0,0,0,123,0,44,0,0,0,0,0,0,0,0,0,0,0,0,0,0,0,0,0,112,0,87,0,0,100,0,0,0,0,0,0,0,0,0,0,0,0,17,0,0,68,0,0,0,0,0,32,0,0,0,0,0,0,0,0,150,0,0,0,0,0,0,0,0,0,0,0,0,0,0,61,24,0,0,20,0,32,0,0,0,0,0,41,0,0,42,51,0,0,0,0,0,0,114,54,0,0,0,0,45,52,0,53,0,0,0,0,0,0,0,0,0,78,0,0,0,0,0,204,0,0,70,0,0,0,0,0,24,0,0,0,0,0,0,0,0,0,53,0,0,0,47,0,0,0,0,0,0,0,35,0,37,0,0,0,0,0,0,0,0,0,0,0,0,0,0,0,0,0,0,0,0,0,0,0,0,0,43,0,68,0,0,0,0,0,0,0,0,0,0,0,0,0,0,0,0,0,0,0,0,0,39,0,0,0,0,0,0,0,59,0,0,0,0,0,0,83,64,0,0,37,0,0,0,0,0,0,0,92,0,0,139,0,0,0,0,0,0,36,0,0,0,0,0,0,0,53,0,0,0,21,0,0,0,0,0,0,0,0,0,0,0,47,0,0,0,0,0,0,28,0,48,0,0,0,0,67,0,231,0,0,53,0,0,0,18,0,84,0,0,0,0,0,122,0,28,0,0,0,198,0,0,68,0,0,0,0,0,0,0,0,0,0,0,0,55,0,48,0,0,145,0,0,0,0,0,0,0,0,0,0,24,50,0,0,21,0,193,0,0,0,0,0,0,40,0,0,0,0,0,66,0,0,0,0,0,0,0,54,0,0,0,0,48,0,0,0,0,45,0,0,0,0,0,0,0,0,0,0,0,89,47,76,0,0,0,0,45,0,0,0,131,0,0,0,0,0,0,0,0,0,0,40,0,0,0,0,0,0,0,40,0,0,0,0,0,0,42,0,0,0,0,32,86,0,0,137,0,0,150,0,0,0,59,28,0,49,47,0,0,0,0,0,40,0,81,0,225,53,0,0,0,70,0,0,167,0,90,0,0,0,46,0,73,0,0,35,58,0,0,22,0,0,0,86,359,0,0,0,0,0,0,166,88,0,50,0,0,0,0,0,70,0,0,246,0,27,0,0,0,0,0,0,0,34,0,181,0,0,0,34,0,0,0,0,0,0,0,0,0,0,0,0,0,76,0,0,0,0,27,153,0,0,0,0,0,0,0,49,138,49,124,0,0,65,0,0,0,98,55,85,62,0,76,0,0,51,0,26,65,0,0,0,46,94,0,0,0,0,0,48,0,0,0,0,202,104,0,0,0,0,0,0,60,0,0,0,79,0,372,86,0,0,0,0,49,0,0,0,0,0,0,0,0,14,0,0,0,0,30,0,0,0,0,0,0,142,51,0,0,36,119,0,0,0,97,0,0,0,34,0,0,50,278,608,0,0,62,0,0,0,0,0,71,0,0,0,0,0,0,0,0,0,332,0,61,0,0,0,0,0,0,0,0,0,53,70,0,0,0,0,0,0,0,75,0,41,25,135,0,0,0,0,0,0,64,0,0,58,99,0,0,0,0,0,0,86,0,227,0,0,48,0,0,0,0,0,86,41,0,0,0,0,35,35,0,0,0,0,0,0,0,0,39,0,0,38,0,0,116,0,80,0,0,0,96,149,0,56,43,0,0,0,0,0,33,46,0,0,0,0,0,0,0,0,0,35,0,0,57,0,0,0,124,0,0,59,0,0,0,0,0,0,0,0,0,0,0,0,0,0,164,0,0,0,106,0,0,0,0,0,33,0,0,52,0,0,0,0,0,0,0,0,41,122,0,0,0,38,0,0,27,49,46,0,0,34,0,0,0,31,0,0,0,0,0,0,28,0,0,0,0,0,163,0,0,229,0,0,0,0,0,0,0,58,20,0,0,0,0,0,0,0,60,0,0,31,0,0,0,38,91,87,0,0,0,0,0,27,54,0,0,0,0,0,0,0,0,29,0,43,0,0,0,0,0,0,66,34,0,212,0,0,0,0,0,0,0,0,0,0,0,32,0,0,0,0,0,0,0,0,0,0,0,0,0,103,0,0,0,94,0,0,0,0,118,194,0,29,0,0,0,0,37,0,104,172,0,54,61,25,0,0,0,0,39,26,0,0,0,0,31,0,0,0,0,0,16,0,0,0,130,0,0,0,0,0,0,82,37,0,0,0,73,38,0,0,75,0,0,0,0,0,0,0,0,0,0,0,0,0,0,0,0,64,23,0,0,0,0,0,66,51,0,47,65,0,30,0,0,0,0,44,43,0,0,0,0,86,0,0,0,0,0,0,0,0,0,0,0,0,40,0,0,55,0,0,0,0,0,48,0,0,0,0,77,0,32,73,0,0,0,0,0,25,0,0,95,52,52,39,0,0,0,0,0,0,0,0,101,0,230,46,38,0,0,72,0,0,0,0,0,0,39,0,31,0,0,0,236,0,0,43,0,0,0,0,0,0,68,37,0,42,0,0,0,146,66,0,79,0,0,0,45,56,0,0,28,0,0,0,0,0,71,43,41,0,0,0,93,0,0,0,34,0,0,48,0,0,103,28,0,30,0,0,0,110,0,114,0,33,0,0,59,58,0,0,23,0,30,35,0,0,0,0,0,0,45,0,0,175,0,0,0,24,0,0,29,0,0,70,47,66,85,0,0,0,0,60,0,0,54,0,0,7,0,0,0,99,0,0,0,0,0,0,0,0,79,50,87,0,0,19,0,0,0,0,0,0,0,110,44,0,66,116,0,0,0,0,26,0,0,59,55,34,49,77,31,35,97,0,0,0,0,42,35,177,162,54,0,0,0,82,26,0,0,0,39,0,0,0,0,0,214,0,0,0,0,0,0,73,31,117,0,0,0,0,0,88,0,164,160,0,30,137,0,0,48,0,0,34,0,0,0,0,0,53,49,0,226,65,0,0,0,0,0,34,38,0,0,0,0,0,51,0,0,427,0,39,0,93,0,0,67,0,0,0,0,0,31,0,0,0,0,234,0,0,33,0,0,0,0,0,219,54,0,0,0,117,0,0,98,117,161,0,0,0,0,0,0,0,111,0,0,51,0,156,73,41,72,37,183,0,0,0,0,0,0,0,58,0,497,179,0,0,0,0,31,0,52,0,0,56,133,0,0,0,0,0,82,16,40,0,0,0,34,0,84,0,0,200,0,0,0,0,0,0,34,0,37,0,51,0,0,0,0,0,48,0,0,26,188,0,0,0,0,0,0,0,20,76,0,49,185,0,0,0,74,98,0,0,0,0,0,0,0,40,48,0,0,14,0,0,0,45,78,0,0,137,0,0,61,0,54,0,67,145,95,38,0,32,0,42,64,0,56,348,0,0,0,119,0,52,43,17,114,64,0,0,0,0,182,0,296,0,39,0,0,89,121,0,24,0,0,130,0,29,49,0,115,0,0,0,0,38,0,140,0,0,0,324,0,0,37,54,0,0,26,0,0,74,29,0,0,0,25,0,49,0,0,188,0,37,0,50,65,51,0,0,0,69,0,51,34,0,38,0,132,66,73,0,55,63,0,77,0,0,72,0,78,0,45,160,45,0,0,0,0,0,0,61,36,0,0,0,0,0,0,48,92,86,0,0,0,0,0,0,0,0,0,0,0,44,0,0,0,0,0,19,0,0,70,0,0,0,0,0,0,0,0,0,0,0,0,0,0,0,0,0,0,68,0,0,27,0,0,0,0,0,155,86,0,0,42,0,0,0,0,0,0,42,71,100,0,0,71,0,0,0,0,0,0,0,0,0,0,0,0,0,46,211,0,0,0,0,0,0,0,0,0,0,137,0,51,0,0,0,0,0,27,45,0,43,0,29,71,248,0,0,263,0,0,0,0,32,0,0,0,151,0,0,0,0,0,0,0,0,0,0,0,0,0,45,0,0,62,0,0,0,0,43,0,178,0,0,0,66,0,0,0,0,72,50,0,0,0,56,0,137,0,0,0,0,0,0,36,0,0,0,0,0,28,0,0,17,0,0,0,0,0,0,0,0,0,194,82,0,131,0,0,0,0,0,0,0,0,0,0,0,0,0,0,34,0,0,0,0,42,0,0,0,0,0,64,0,98,0,42,0,90,0,34,0,0,0,61,0,73,0,0,0,0,0,110,0,0,138,26,143,0,0,0,15,0,0,0,144,61,0,0,29,0,0,0,0,0,0,0,0,0,54,0,0,0,0,0,74,71,0,114,0,32,0,318,0,0,0,0,0,0,0,0,0,0,0,18,210,0,0,0,0,0,0,23,0,0,0,110,0,0,0
279,0,0,0,82,0,80,0,0,42,0,634,39,0,0,271,569,257,33,27,0,427,70,48,93,170,0,0,177,0,70,0,0,0,71,97,272,0,87,434,130,38,84,0,518,0,45,0,179,0,260,45,106,115,0,170,61,0,0,0,0,91,72,336,0,36,62,0,46,0,293,0,53,0,0,182,229,0,437,0,156,0,59,171,582,62,40,0,124,68,213,49,137,108,77,49,78,0,74,75,0,38,0,116,42,0,73,43,0,38,234,54,69,140,106,64,0,219,38,0,483,0,295,112,26,76,33,41,195,46,103,0,176,25,120,98,174,90,57,27,77,130,177,314,0,0,72,102,31,218,0,45,259,0,175,228,0,0,54,351,379,90,0,94,82,118,37,0,191,406,122,262,52,173,44,103,78,44,240,197,54,306,0,37,61,66,110,567,210,0,0,0,86,33,203,51,68,0,0,277,0,127,284,0,486,0,61,0,53,160,297,70,53,92,0,62,74,86,0,59,91,253,0,0,207,0,28,206,192,0,68,0,0,69,0,0,0,69,298,88,15,178,47,170,59,0,233,0,53,26,85,102,135,51,191,0,116,0,80,58,315,124,0,28,0,0,0,351,151,270,0,0,226,254,78,109,112,62,918,386,128,0,63,367,58,0,0,663,1715,79,0,55,197,0,0,73,63,69,163,25,32,0,67,77,0,296,328,133,0,144,169,246,145,0,0,0,43,79,83,0,0,40,0,52,282,100,30,230,0,0,68,0,64,65,75,50,0,0,12,0,0,103,18,0,0,0,21,0,127,1155,174,38,0,260,644,0,64,126,216,176,46,108,74,0,181,146,256,293,34,0,203,60,86,43,0,62,108,0,0,271,80,0,87,39,43,824,55,64,0,0,0,0,779,0,65,0,396,0,56,64,0,38,59,0,0,148,32,0,85,0,137,0,80,63,0,0,335,104,82,67,0,119,74,0,103,97,0,0,103,0,0,42,0,0,152,0,37,40,54,203,0,0,264,0,126,144,144,85,55,0,0,0,108,0,48,0,75,69,0,0,106,0,111,120,42,88,31,0,0,0,0,44,206,45,62,31,38,484,212,56,138,0,100,177,129,0,0,68,210,258,165,62,43,241,0,61,37,124,90,0,0,207,28,946,62,79,259,165,81,0,63,31,0,57,0,0,48,0,0,0,0,40,199,215,84,0,59,74,280,0,92,24,0,0,39,124,0,0,0,73,0,163,225,48,54,0,110,32,62,311,210,68,0,33,70,0,0,63,83,37,238,250,0,99,0,191,95,0,25,0,156,164,43,0,0,0,0,127,0,44,39,241,63,0,413,29,142,117,77,46,51,355,0,41,0,0,0,87,0,77,0,0,0,32,0,0,0,73,58,60,0,0,271,242,112,0,153,66,0,64,0,0,0,0,53,34,0,77,0,104,184,0,0,36,0,43,48,115,0,0,0,0,250,0,0,217,20,39,33,249,254,56,0,94,539,0,78,48,0,160,57,82,0,0,0,75,58,88,61,0,351,0,157,64,157,87,64,0,141,0,0,0,36,116,81,0,43,20,79,0,175,0,102,0,68,53,133,0,106,0,0,58,0,113,79,57,48,0,116,86,42,101,183,0,25,0,0,57,499,86,178,55,86,480,239,221,228,106,0,0,27,0,73,0,97,0,10,44,269,100,53,0,1865,159,0,89,0,0,143,0,0,140,0,0,0,48,0,21,0,0,42,60,0,0,0,199,0,117,34,127,134,105,54,25,0,252,51,0,0,0,58,0,95,0,0,0,40,95,130,0,0,0,0,49,30,68,0,0,36,56,53,58,83,30,150,0,53,98,161,0,0,0,158,173,0,349,48,47,67,103,0,0,0,0,0,0,54,49,0,116,171,0,0,45,0,0,143,57,64,0,0,29,273,0,278,55,0,88,66,0,0,48,37,0,0,0,621,248,0,283,0,91,30,522,46,0,49,0,0,30,0,0,0,29,80,124,45,0,0,46,42,142,123,26,56,162,0,161,0,45,84,159,0,0,129,0,281,29,0,72,0,59,0,0,0,0,0,326,472,521,62,52,68,37,0,190,177,54,117,0,115,149,0,51,0,166,67,0,95,37,0,65,0,0,0,0,97,102,149,0,0,82,64,149,0,108,0,36,0,53,54,0,93,214,44,0,0,0,174,14,55,89,28,0,0,118,0,86,65,233,0,0,0,83,109,50,0,215,77,0,113,44,0,0,14,69,720,34,724,0,918,145,31,51,25,0,0,0,0,0,38,60,176,0,0,109,0,56,204,76,0,84,0,0,56,248,990,148,64,0,0,62,0,67,87,0,316,44,29,0,0,166,0,0,124,101,0,226,342,152,109,0,73,0,70,0,216,118,72,26,65,0,131,0,189,0,140,121,169,271,0,263,65,0,149,213,849,185,143,46,151,219,0,206,49,60,111,131,0,55,0,0,0,61,543,0,0,0,87,51,47,223,32,114,22,91,103,0,36,30,0,0,45,0,32,27,47,26,0,0,57,319,55,0,0,0,630,47,0,378,73,116,104,38,37,0,0,85,47,280,0,0,67,288,0,0,20,38,129,0,155,19,0,0,0,0,63,685,0,62,52,0,238,145,269,0,55,0,158,0,35,95,121,290,195,0,98,38,361,0,130,0,99,0,405,0,39,284,156,0,63,0,0,0,68,212,288,43,0,201,0,284,159,0,270,0,0,56,0,68,0,89,83,81,150,0,50,193,41,0,489,0,0,95,65,0,87,65,72,55,79,30,57,74,36,0,141,27,0,201,0,11,78,355,82,67,187,0,0,129,29,131,0,81,110,0,0,0,68,0,0,0,34,33,54,0,112,0,0,70,46,0,111,0,69,0,0,66,0,127,172,274,0,0,0,53,115,0,100,0,153,40,48,35,140,0,0,0,98,34,81,73,61,87,0,52,67,61,0,94,0,244,33,0,50,77,79,31,286,276,30,31,123,23,93,44,0,301,172,52,263,78,0,904,0,239,0,28,31,0,269,0,96,138,26,102,0,76,227,42,0,55,0,0,33,111,35,74,0,66,0,130,0,56,218,0,73,62,49,58,47,0,44,266,0,0,0,1951,175,29,190,0,33,128,359,0,0,123,0,284,0,0,63,107,0,180,40,112,95,401,0,449,116,0,349,25,0,68,0,0,101,119,90,131,52,170,0,187,29,110,0,86,144,0,73,57,69,0,65,130,0,90,86,119,177,58,64,65,0,372,53,125,0,196,42,29,73,34,0,218,0,0,97,0,0,0,431,26,50,156,61,66,0,248,0,93,158,188,0,127,198,16,20,60,32,41,0,0,66,75,0,240,36,81,129,86,137,0,0,141,25,86,0,254,170,61,46,0,55,37,0,133,79,38,83,279,0,0,0,62,0,0,97,66,0,0,0,0,140,254,100,0,0,49,0,50,0,0,65,0,51,77,0,0,0,47,36,0,61,61,0,0,0,0,0,92,27,165,0,127,0,24,0,106,41,0,34,280,51,83,0,0,0,728,0,279,0,0,0,73,0,48,122,249,0,0,167,832,0,0,147,97,0,74,212,335,0,66,0,97,69,0,0,47,0,0,167,0,51,25,62,55,83,30,0,23,101,47,443,28,0,0,0,34,112,0,0,151,190,0,46,60,91,49,30,0,136,71,0,0,52,0,223,0,0,63,0,47,62,0,356,363,42,0,79,51,156,0,0,54,145,41,58,157,0,128,153,0,56,28,0,143,0,0,0,39,72,0,57,0,0,0,447,60,0,0,0,81,65,33,37,103,0,160,0,136,0,0,0,175,38,278,111,46,56,38,85,140,32,148,0,48,0,62,35,0,179,0,45,0,0,23,0,0,84,79,0,0,145,0,0,22,216,180,0,0,140,161,0,0,0,25,0,68,0,289,1015,81,120,87,0,28,74,0,71,187,0,0,0,0,0,129,12,0,48,155,0,115,0,0,0,27,172,148,136,114,0,0,293,71,495,0,0,29,0,0,77,53,175,72,89,0,0,51,0,0,0,108,0,40,375,82,40,0,0,0,0,104,0,0,295,0,0,95,0,27,68,64,0,347,154,29,183,48,43,102,107,66,0,41,0,0,0,0,0,166,73,0,119,0,0,265,0,101,0,132,55,452,344,41,344,105,89,31,30,56,134,394,91,94,138,0,51,49,0,38,0,32,85,59,0,71,70,47,56,321,97,67,80,94,0,0,0,107,37,132,105,108,0,70,67,0,38,382,147,61,0,286,0,135,0,0,43,122,225,204,51,0,208,50,64,0,0,13,119,105,275,0,0,0,76,97,109,88,179,213,0,0,95,162,0,0,150,80,0,0,0,0,193,240,0,71,63,20,0,299,0,49,495,33,0,0,57,79,90,0,331,185,444,0,90,0,0,29,0,238,0,61,164,52,72,68,80,127,600,199,95,0,58,99,179,102,224,64,0,368,0,0,135,111,223,0,255,195,0,64,0,44,85,90,284,121,600,92,0,98,0,0,0,112,0,44,121,0,179,0,64,249,43,37,0,0,54,0,28,90,191,85,234,131,0,58,305,74,0,25,34,316,655,0,58,0,93,0,0,204,86,210,267,97,121,147,141,30,0,0,0,101,102,156,0,73,33,100,212,92,173,0,0,106,0,52,0,276,35,62,0,105,38,0,259,329,0,0,0,483,117,160,0,718,0,47,0,0,0,0,75,98,135,116,178,0,0,85,0,49,140,94,97,0,53,119,36,139,56,0,87,147,0,110,0,72,0,51,0,136,175,470,65,0,260,91,0,39,63,131,93,0,0,0,74,0,44,0,108,0,98,139,0,0,28,45,100,71,0,0,0,64,228,69,53,66,0,23,66,0,0,85,0,0,107,441,32,0,0,0,0,0,99,0,31,89,176,349,37,114,57,73,206,0,97,0,28,71,0,113,0,32,30,0,132,222,0,0,79,0,0,0,0,86,46,139,34,250,65,51,144,78,60,195,0,158,0,43,39,68,123,0,125,89,0,50,54,0,143,116,0,69,85,0,72,93,0,72,0,82,40,0,52,0,0,204,189,40,0,61,0,0,919,0,119,0,0,0,0,51,56,0,0,0,0,0,39,0,107,0,0,0,0,911,44,70,129,0,38,0,0,100,0,32,0,0,36,37,107,139,63,0,0,0,71,0,0,54,0,0,0,39,0,0,90,0,36,304,0,0,59,123,0,153,79,103,0,31,59,0,55,0,0,0,151,0,70,129,28,149,99,0,37,0,0,69,0,122,0,90,313,58,268,54,0,61,0,56,101,0,0,82,192,149,101,120,56,0,58,60,0,0,95,0,0,0,147,86,104,956,35,0,36,152,0,147,101,0,476,20,81,0,0,0,43,0,133,178,117,43,114,17,0,0,32,74,86,0,0,0,69,42,67,0,0,245,109,0,0,0,26,0,127,36,34,0,29,0,21,512,23,0,694,59,45,0,235,35,200,116,0,88,78,0,0,131,0,0,39,41,159,0,101,94,0,42,0,0,0,720,103,0,0,0,287,0,65,203,209,96,0,0,0,0,0,41,0,101,0,34,54,19,221,124,252,93,192,127,0,0,79,25,0,0,50,81,0,655,201,0,0,0,33,121,53,22,59,20,119,292,62,0,50,43,50,71,18,0,0,47,0,0,61,138,94,0,407,56,0,67,0,0,91,69,0,51,28,93,47,34,0,56,53,43,0,0,93,852,43,0,0,106,59,0,0,44,236,41,26,202,0,68,0,101,187,42,0,0,0,45,0,0,113,0,0,0,31,0,47,44,0,76,0,0,154,0,45,109,24,100,0,85,155,58,103,0,51,0,43,48,0,72,652,82,0,0,385,77,53,41,0,98,130,0,120,0,0,497,56,443,0,361,0,111,64,230,0,53,109,43,215,56,0,50,0,404,0,43,0,35,75,0,28,0,48,61,352,0,0,101,96,0,0,114,0,55,196,52,34,664,0,435,39,159,0,107,335,0,73,119,71,86,74,0,0,0,61,0,75,0,0,81,0,88,87,310,0,41,59,35,85,0,0,98,0,120,0,75,312,237,0,85,0,0,82,0,149,133,0,41,112,0,35,0,45,102,51,0,0,66,79,24,0,0,90,25,0,31,254,0,0,145,69,99,107,163,109,160,65,0,0,0,0,0,129,0,66,100,0,0,84,0,0,0,206,0,52,115,82,49,80,98,78,0,0,65,129,335,0,181,63,0,0,0,0,37,96,153,150,0,190,118,105,0,106,0,0,54,0,20,0,0,0,0,36,132,156,0,70,0,0,136,0,0,0,49,0,88,174,35,0,0,0,32,31,68,56,69,72,0,52,33,333,0,0,321,48,0,0,56,78,23,0,0,128,0,59,0,0,0,107,0,0,38,44,0,52,0,29,68,0,85,0,32,0,63,217,184,1104,57,53,0,124,214,71,249,27,138,53,140,0,24,84,117,146,72,0,0,73,58,0,175,61,0,36,120,109,67,33,85,81,177,0,0,0,32,85,50,245,0,1385,0,0,205,0,0,0,0,0,0,98,457,0,0,35,187,0,0,113,0,0,0,0,99,0,62,178,139,80,107,0,0,0,198,0,229,0,103,0,0,0,104,0,97,0,22,0,0,133,115,37,0,177,104,432,142,44,0,50,82,22,0,613,235,0,0,51,0,0,49,0,37,76,0,99,40,90,29,0,104,0,0,170,91,0,114,34,43,0,577,0,0,0,0,0,0,0,0,199,0,114,91,310,0,29,0,0,0,0,0,37,0,204,437,0,0,80
280,0,12,47,89,59,120,133,0,296,0,317,85,39,0,277,398,275,73,73,75,1068,90,81,192,451,18,62,176,65,0,0,100,0,68,286,512,0,155,694,299,83,101,46,589,0,127,117,1029,0,521,42,149,108,68,535,45,29,0,66,0,151,242,648,0,90,294,61,61,29,339,0,115,45,0,414,282,52,520,51,226,42,64,408,556,0,107,0,147,137,634,66,114,235,249,74,105,0,152,76,0,46,59,255,50,42,121,76,156,123,400,125,160,442,344,108,105,265,54,26,515,76,807,64,79,182,30,67,212,43,260,0,1095,54,150,219,579,102,114,78,161,147,207,352,0,0,106,117,132,268,0,99,271,55,283,245,41,168,61,397,631,265,50,205,74,279,87,51,468,372,172,578,46,77,57,127,92,113,668,65,114,483,0,55,60,151,120,924,530,0,0,36,166,108,358,0,95,78,51,175,74,309,327,25,621,28,64,0,118,337,327,157,59,102,115,156,160,0,0,74,155,198,156,75,990,0,33,297,471,0,89,35,23,45,62,0,98,87,336,98,0,219,127,91,168,0,283,0,0,0,219,188,983,77,491,89,101,0,89,140,446,283,132,33,121,0,0,617,219,498,97,42,413,1040,125,290,212,0,1983,402,306,0,215,398,149,86,82,568,1640,176,105,74,585,82,86,137,0,63,194,65,106,65,71,57,51,755,429,305,26,235,182,708,147,0,0,77,91,440,282,111,164,130,0,70,336,351,91,137,0,47,361,0,221,153,136,201,35,30,54,85,31,162,44,131,203,59,33,29,222,1853,261,227,59,589,885,56,89,98,350,440,102,144,239,66,216,165,688,336,192,49,419,146,105,99,124,116,387,0,0,268,163,84,45,60,143,1088,109,285,144,0,50,70,1135,53,182,86,1191,49,138,53,38,52,354,37,104,254,69,51,88,82,179,0,84,102,0,32,216,194,443,572,0,180,275,0,161,350,168,71,497,101,0,0,121,42,235,46,59,119,71,309,26,43,560,206,476,136,377,183,61,128,49,0,335,36,182,58,118,66,0,77,267,113,530,381,104,0,86,115,105,78,97,148,406,163,98,164,216,581,487,155,80,84,318,442,309,0,19,94,305,405,380,182,0,551,48,103,417,305,343,60,0,499,0,1593,122,141,124,312,97,0,189,73,0,117,0,0,445,167,214,244,278,102,257,533,98,53,126,189,371,63,132,24,0,0,75,109,56,0,0,356,109,593,346,108,58,43,306,38,112,927,172,193,66,63,143,67,0,149,194,135,267,304,0,101,149,764,128,0,31,118,428,443,69,0,111,0,0,222,91,71,411,318,257,30,506,49,592,1023,127,70,56,1131,0,220,0,0,0,465,14,180,52,78,183,294,155,233,145,430,108,70,24,48,324,674,353,33,85,70,0,118,26,96,0,0,45,49,65,41,0,306,431,0,0,98,41,98,79,191,46,0,0,47,538,0,0,408,26,193,51,373,436,0,0,127,1221,0,155,94,87,331,152,116,109,0,84,279,126,93,0,120,305,84,226,47,453,26,121,122,364,35,56,0,129,95,369,50,99,39,136,0,166,100,162,0,81,60,353,72,510,25,41,166,0,121,189,112,74,119,226,121,51,274,199,0,0,0,0,50,359,103,380,129,127,1401,228,264,122,101,0,0,147,131,84,76,226,0,0,75,534,143,192,94,1625,209,0,293,0,0,135,0,61,60,66,72,421,29,0,26,0,67,0,125,49,178,0,194,0,64,0,98,419,192,99,0,0,428,41,40,66,88,209,79,118,54,0,0,129,219,112,559,0,0,73,46,0,70,0,97,63,53,77,54,42,142,249,101,115,88,163,42,141,75,332,626,64,516,53,28,65,159,218,43,369,136,56,123,128,107,40,277,279,0,50,134,43,0,141,137,37,0,0,77,203,45,147,115,0,242,48,88,206,34,223,40,0,0,552,245,141,581,114,80,41,345,37,100,28,0,45,0,38,51,49,0,417,309,78,48,0,118,75,76,264,57,136,80,27,326,0,81,127,406,48,158,263,188,380,101,31,45,152,233,0,73,0,41,77,427,425,293,121,175,234,0,82,172,307,90,326,48,54,554,54,93,42,105,87,64,37,130,43,0,49,0,106,89,90,146,355,0,42,102,41,419,32,376,0,122,76,104,179,0,151,183,104,0,234,67,544,81,54,55,165,173,211,195,0,60,75,228,46,42,23,636,230,135,0,375,102,0,63,152,0,0,66,135,550,28,615,0,1591,138,98,130,0,64,0,0,13,74,79,98,322,55,0,568,72,94,273,385,89,161,0,277,78,120,486,283,33,305,48,51,38,118,48,0,569,141,167,0,48,117,59,33,137,291,0,254,1010,118,133,53,218,147,54,0,382,63,140,30,95,0,69,130,997,0,190,128,232,339,0,510,85,65,327,534,1560,142,421,61,82,118,75,327,0,85,117,64,0,0,0,218,0,57,819,58,0,83,163,123,84,146,79,84,163,0,64,171,0,0,192,0,228,0,36,0,278,0,0,99,36,312,226,283,40,129,1034,43,0,829,73,299,477,48,99,0,67,145,146,492,0,0,354,750,0,60,0,49,309,36,67,36,96,0,89,0,0,786,121,132,48,83,577,79,312,0,204,78,532,125,0,134,236,685,428,45,355,0,583,68,174,34,118,119,198,0,131,435,219,60,58,76,0,63,61,378,361,124,46,160,0,1042,242,0,315,119,62,122,0,82,0,59,83,86,146,25,123,351,91,36,920,0,0,122,45,136,99,229,79,90,65,57,99,52,0,0,48,43,0,264,34,0,78,100,83,173,66,37,0,107,0,402,52,53,214,26,158,0,0,0,94,23,109,54,200,0,102,28,0,192,0,148,205,0,81,0,0,120,0,310,268,128,0,48,0,39,193,108,42,48,304,52,95,0,101,142,0,68,112,0,208,80,98,69,0,0,51,75,61,94,39,446,148,0,106,91,77,46,385,223,92,70,176,37,336,0,0,591,372,117,508,109,42,1088,51,248,0,42,119,68,834,0,158,184,35,127,32,490,122,0,0,67,77,0,59,172,26,45,0,289,54,126,37,110,97,44,62,72,32,63,73,68,77,192,55,0,20,3156,412,75,391,40,154,122,499,103,57,60,65,378,74,0,0,76,0,372,69,176,106,589,0,618,69,0,206,68,0,69,37,0,153,114,0,258,137,411,0,220,0,259,40,121,194,0,55,164,57,0,281,157,52,100,83,144,215,65,56,313,0,318,244,119,70,189,81,48,85,0,37,699,17,0,150,0,29,0,576,49,173,136,97,117,84,136,0,175,163,164,0,120,155,0,45,95,33,160,122,84,77,195,0,354,97,131,332,85,140,0,32,118,58,106,61,209,112,139,182,84,161,89,31,47,380,127,81,484,48,0,0,176,41,94,0,81,0,112,0,0,134,416,157,33,92,171,148,244,0,98,286,60,47,588,0,0,0,98,81,0,267,0,0,29,0,0,20,134,41,45,0,656,158,94,0,390,399,41,48,390,77,71,0,69,152,382,0,163,0,41,106,153,0,66,129,267,99,77,65,601,30,0,306,101,0,91,0,453,25,104,36,81,49,42,0,249,0,76,765,0,45,87,59,90,246,36,0,64,157,0,415,60,111,0,72,42,185,0,92,482,205,84,46,61,61,120,47,0,114,115,55,27,48,95,324,69,91,73,25,65,99,32,266,405,144,38,83,42,243,0,0,212,208,52,283,83,39,108,301,63,58,34,98,307,77,37,33,64,174,38,115,0,0,37,1069,179,119,59,59,700,265,92,81,160,34,153,43,293,0,0,0,238,85,1056,164,65,48,62,239,299,109,68,0,291,65,191,77,87,180,27,101,0,145,0,0,0,210,636,0,18,684,106,0,19,238,253,0,86,224,183,31,0,0,23,0,131,126,46,1156,53,100,277,23,36,106,0,73,292,0,35,115,0,74,222,0,0,165,760,59,338,0,69,66,52,260,146,89,282,96,0,271,105,516,0,53,0,263,0,211,92,124,154,0,85,0,52,0,0,0,213,0,55,503,0,0,0,0,29,0,62,211,0,516,0,99,0,0,36,0,72,0,242,106,0,233,0,49,108,127,139,55,152,53,49,28,0,0,39,44,0,99,0,32,319,0,197,0,151,138,563,65,79,292,63,66,41,50,62,274,393,144,102,326,0,62,0,0,41,0,0,90,110,0,89,56,300,167,360,175,119,0,157,0,32,0,128,33,131,176,415,96,0,93,69,0,985,164,97,108,413,45,500,109,0,48,32,410,140,76,0,215,0,138,0,0,32,130,168,199,63,50,0,182,132,124,183,231,69,0,0,121,101,0,0,118,68,41,0,51,64,124,348,70,84,156,32,0,785,48,0,615,152,23,26,0,95,98,0,613,268,420,0,142,0,51,22,0,284,56,97,240,72,135,76,90,206,493,196,127,0,71,112,131,284,176,38,0,361,0,0,247,97,125,0,252,249,78,43,0,62,99,306,351,104,296,39,0,69,0,40,0,90,0,42,177,11,208,0,79,363,59,53,0,0,36,113,0,50,136,94,410,101,0,129,210,91,0,0,27,109,946,0,124,0,122,52,0,243,43,154,542,103,176,251,116,25,44,0,39,46,131,212,36,61,0,136,94,0,232,0,0,242,25,154,0,172,44,137,0,126,39,0,127,282,0,40,82,439,54,164,0,800,23,0,41,0,0,0,133,106,150,140,455,38,0,98,56,32,151,51,98,58,95,111,58,208,66,45,133,229,58,157,0,61,50,90,124,80,38,214,112,0,856,117,169,79,75,78,96,0,33,0,0,0,0,76,123,137,311,182,0,0,0,171,99,51,0,42,31,167,93,43,71,174,28,26,72,0,117,51,168,376,103,756,236,0,40,38,0,98,226,38,0,96,262,623,112,100,129,128,357,0,72,0,0,36,0,0,0,61,35,41,459,736,0,139,269,0,120,0,0,52,85,105,49,483,0,71,61,41,376,231,0,129,94,77,0,0,242,28,214,51,0,194,93,0,223,257,88,107,171,54,92,112,134,144,0,129,168,0,171,38,0,112,77,43,114,0,0,0,1177,0,305,25,55,169,0,115,267,32,0,34,40,0,0,0,219,29,138,45,39,245,66,80,406,0,68,0,85,92,0,107,0,96,244,71,63,261,183,0,0,70,0,139,76,77,31,0,128,36,60,0,124,0,86,396,0,0,210,194,35,71,125,124,0,71,98,51,41,0,0,0,224,59,85,397,45,152,237,0,37,0,0,273,0,145,185,48,275,105,354,142,169,435,0,191,49,37,164,141,129,277,314,223,36,0,151,87,92,0,20,189,0,48,0,157,111,1645,136,0,75,57,64,246,320,133,203,60,157,59,52,0,160,0,595,299,141,27,331,0,0,138,49,83,114,43,0,0,139,86,0,184,41,267,173,0,0,0,85,0,176,102,28,0,0,0,54,2552,59,19,649,133,138,0,281,38,170,142,0,408,73,0,0,95,0,0,135,50,387,78,116,81,54,31,34,0,0,788,92,0,0,0,394,7,123,157,143,238,0,0,0,95,172,44,0,277,0,21,52,48,327,178,267,273,116,476,0,65,64,62,47,90,0,172,0,1144,240,64,64,0,303,128,47,184,117,63,312,258,0,0,102,45,45,0,23,64,0,0,0,57,170,142,109,41,626,45,0,203,0,0,105,315,0,68,115,146,84,35,0,192,46,87,0,0,207,1054,130,0,0,174,78,48,0,66,248,50,144,166,50,58,48,89,128,54,0,30,24,0,40,0,181,111,0,97,51,0,39,113,116,243,81,95,300,0,0,98,37,94,61,76,557,216,146,0,107,38,0,114,91,192,811,117,0,0,390,144,90,127,57,96,235,76,149,22,42,669,67,586,66,155,125,276,208,370,0,64,104,40,235,62,77,51,0,822,109,120,0,0,71,0,350,0,40,63,578,0,61,320,123,55,78,160,0,166,225,105,92,532,42,218,72,208,63,112,327,0,167,62,186,94,168,0,0,49,183,0,114,110,43,114,0,285,281,245,0,164,121,45,187,0,0,79,0,114,70,45,225,333,0,110,0,0,64,0,155,367,65,0,201,0,0,0,94,337,200,0,0,146,112,48,75,0,117,72,0,121,250,54,0,162,115,43,247,189,313,65,149,0,43,0,0,0,344,0,79,64,0,165,146,39,49,35,518,0,224,87,193,130,120,118,103,0,0,420,117,624,22,99,113,0,54,0,0,84,69,437,145,0,182,116,403,0,43,0,121,103,58,68,0,52,96,31,49,395,385,40,71,47,18,158,106,0,0,49,0,432,25,90,0,0,0,93,161,119,57,0,190,0,95,136,319,36,45,747,151,132,58,111,35,48,0,44,394,0,135,0,107,0,106,62,27,62,144,40,32,55,137,82,52,245,0,99,0,109,137,331,1243,57,128,52,208,344,65,187,0,115,152,105,28,142,252,95,234,129,66,0,131,149,0,335,122,0,100,124,129,232,44,211,76,325,37,0,0,86,59,74,231,0,459,132,36,570,0,0,49,117,0,66,0,440,0,0,81,179,0,0,220,25,0,106,37,212,40,66,98,121,526,219,0,377,133,199,0,146,16,228,84,0,0,446,64,278,49,42,54,0,220,300,53,93,369,46,275,457,117,0,62,86,0,0,894,80,0,23,91,78,0,89,0,58,0,60,99,80,195,46,0,189,0,0,303,96,80,129,0,75,0,319,0,0,0,0,23,0,48,37,379,0,76,156,300,47,0,100,0,48,68,47,0,0,148,885,47,95,0
281,0,0,0,0,0,0,0,0,0,0,73,0,0,0,0,179,0,0,0,0,83,0,0,0,0,0,0,0,0,0,0,49,0,0,49,61,0,0,102,0,0,0,0,0,0,0,0,0,0,49,24,33,0,0,0,0,0,0,0,0,26,0,120,0,0,65,0,0,0,44,0,0,0,0,114,24,0,100,0,0,0,0,0,0,0,32,0,0,0,0,0,0,0,18,0,0,0,38,0,0,0,0,27,0,0,0,0,12,0,0,0,0,0,79,0,0,16,0,0,0,0,0,0,0,0,0,0,0,0,37,0,85,0,0,76,49,0,0,0,46,0,77,0,0,0,0,0,29,0,0,0,0,0,0,0,0,0,0,0,111,0,0,45,0,0,0,0,0,0,86,38,0,16,0,0,0,0,0,0,0,66,0,0,0,0,0,40,56,0,0,0,25,0,0,0,0,0,0,0,0,0,0,0,52,0,0,0,0,62,0,0,0,0,0,55,0,37,0,0,0,119,0,0,93,0,0,37,89,0,39,0,0,0,0,0,0,24,51,0,0,0,0,0,0,0,0,0,0,0,0,0,0,0,71,0,0,0,0,0,84,99,0,0,0,0,0,103,37,50,0,0,98,73,0,0,47,0,366,0,35,0,0,0,0,39,0,50,1096,0,30,0,0,0,0,0,0,0,0,37,0,0,0,0,0,108,0,45,0,0,0,57,62,0,0,0,69,0,0,0,0,0,0,0,80,0,0,0,0,20,80,0,32,0,0,0,0,0,0,0,0,0,0,0,0,0,0,0,0,294,44,0,0,0,0,0,71,30,0,0,0,0,41,37,69,0,102,0,0,0,0,0,0,0,0,0,89,0,0,78,39,36,0,0,0,116,0,55,0,0,0,0,65,0,25,33,42,0,66,107,0,0,0,0,0,0,0,0,0,0,38,0,0,0,0,0,73,38,103,0,0,0,0,0,0,0,35,0,83,0,0,0,0,0,34,0,0,0,0,37,0,0,283,33,0,0,57,0,0,0,0,0,0,0,36,0,45,11,0,0,127,0,60,0,0,0,0,0,0,0,0,0,55,0,0,0,0,0,36,0,0,34,53,130,77,0,0,0,0,43,157,0,0,0,0,73,49,140,168,0,0,0,0,363,0,0,0,0,54,0,23,0,0,0,0,0,0,0,48,0,0,0,114,0,0,0,0,47,0,0,0,0,0,0,0,0,0,0,0,0,0,0,0,0,0,0,79,0,0,0,0,0,0,0,0,0,0,0,24,0,0,41,0,0,0,174,0,0,0,0,102,0,0,0,0,0,0,54,0,0,27,0,0,0,0,0,0,75,0,0,0,210,0,0,0,0,0,68,0,0,0,0,0,0,0,99,0,60,0,0,0,0,49,100,39,0,58,0,0,0,0,0,0,0,23,0,52,0,0,47,86,0,0,0,0,0,45,0,0,0,0,0,34,0,0,233,0,0,27,0,31,0,0,61,217,0,43,27,22,50,39,38,52,0,0,0,53,0,0,0,0,0,97,0,145,0,55,0,58,0,0,0,30,0,97,0,0,0,66,0,56,0,47,0,0,0,94,0,301,0,0,0,0,0,47,0,0,0,0,101,0,86,0,0,0,0,0,0,107,0,198,0,40,410,0,0,169,0,0,0,17,0,0,0,0,0,0,41,247,82,60,0,709,59,0,42,0,0,0,0,0,0,0,0,47,0,0,0,0,0,0,0,0,0,0,69,0,0,0,33,90,60,0,0,0,201,0,0,0,49,28,0,0,0,0,0,58,0,0,88,0,0,0,0,0,0,0,40,31,0,51,0,44,0,117,0,76,0,0,0,0,0,46,99,0,52,0,0,0,0,0,0,34,0,0,0,0,0,0,95,165,0,0,0,0,0,21,0,0,0,0,0,16,0,0,35,0,0,0,0,0,0,23,0,0,0,0,20,0,123,0,0,0,121,0,0,49,0,0,0,0,0,0,0,20,92,0,0,0,0,0,0,113,0,44,0,0,0,0,0,0,55,0,0,76,0,51,0,0,0,45,0,0,0,0,0,0,78,185,0,91,0,25,0,0,61,0,0,76,0,40,66,48,0,0,0,37,0,0,0,0,0,0,0,0,0,17,17,71,0,0,0,0,41,0,0,0,55,31,0,67,0,0,43,0,0,0,0,226,0,0,0,47,0,0,0,21,0,0,124,0,0,0,0,70,30,0,357,0,0,0,114,0,0,0,0,0,0,119,0,215,0,0,0,0,0,0,0,0,0,0,0,72,0,0,61,70,0,0,0,0,0,0,0,0,60,104,0,0,0,0,0,0,0,0,0,191,88,0,0,0,0,0,0,37,55,0,35,358,0,0,0,27,0,0,0,54,62,64,0,30,0,23,0,0,0,0,73,0,52,0,128,0,0,0,0,333,68,86,0,61,0,0,139,0,0,0,0,0,0,0,91,0,0,0,0,0,0,0,0,0,50,0,0,0,0,0,0,0,0,56,0,95,0,0,0,0,18,0,0,0,72,32,0,0,53,356,0,0,212,0,59,61,0,0,0,31,48,60,20,0,0,30,595,0,0,0,0,0,0,0,0,0,0,0,0,0,183,34,34,0,0,55,0,0,0,0,0,187,0,0,34,0,122,108,8,130,0,113,0,75,0,0,0,0,0,83,37,53,0,0,0,0,26,0,80,62,57,0,35,0,178,0,0,59,55,0,35,0,0,0,0,0,49,96,0,0,78,0,0,82,0,0,0,0,0,0,34,0,0,42,0,0,24,0,0,0,0,0,29,0,0,0,0,0,0,0,0,0,0,0,0,0,0,0,0,0,0,0,0,0,0,44,0,51,0,0,0,0,45,0,32,0,16,0,0,0,0,0,29,21,98,0,0,0,0,67,0,0,0,0,33,0,0,0,0,0,0,53,0,57,30,0,0,0,0,0,0,0,35,0,106,0,0,0,0,0,0,0,21,0,0,0,0,37,0,0,82,76,0,36,0,0,78,0,135,0,0,31,0,75,0,46,46,0,0,0,0,0,0,0,0,0,0,0,136,0,0,0,55,0,0,0,46,0,0,0,0,0,0,0,0,0,81,0,0,26,614,76,0,187,0,0,0,199,0,0,0,0,217,0,0,0,0,0,224,0,36,28,183,0,82,0,0,0,0,0,0,0,0,0,0,0,47,29,0,0,0,0,38,0,0,78,0,0,39,0,0,65,0,0,0,37,0,0,0,0,0,0,38,0,0,0,124,36,0,0,0,0,112,0,0,78,0,0,0,145,0,0,0,36,0,0,0,0,0,0,64,0,0,0,0,0,26,0,0,0,0,28,40,0,72,61,68,19,34,0,0,0,57,0,28,0,120,0,45,0,0,31,23,0,0,59,0,52,69,0,0,0,0,0,0,0,0,0,30,0,0,41,0,0,0,0,0,0,40,0,0,121,0,0,0,0,0,0,0,0,0,0,0,0,0,0,0,0,46,0,0,0,164,0,0,0,0,61,0,0,102,63,0,0,0,0,39,0,145,0,0,0,0,0,0,0,0,56,0,0,615,0,0,0,0,0,0,0,0,0,0,0,49,0,0,0,36,0,0,284,0,0,0,0,0,117,0,0,0,0,0,163,0,0,0,0,0,0,0,0,0,72,43,0,0,0,69,0,0,123,0,0,0,0,0,0,0,48,48,0,0,33,0,0,73,0,31,0,0,0,0,0,0,29,0,118,168,0,135,175,54,0,0,0,90,0,0,0,104,70,0,62,0,0,0,0,0,0,0,0,0,83,23,0,97,0,0,0,71,0,0,0,245,22,349,90,0,0,0,0,53,0,75,0,0,0,0,29,0,0,0,44,0,0,0,0,0,39,0,0,0,0,36,0,0,0,61,0,0,0,45,0,0,0,0,49,0,18,52,410,0,0,133,0,0,0,0,46,360,0,0,0,0,0,0,0,0,0,298,0,21,0,0,0,0,69,0,121,0,0,0,133,0,73,0,0,0,0,0,0,0,0,25,0,0,0,0,0,0,0,55,0,0,74,0,0,0,0,0,0,0,57,0,340,0,0,0,0,0,22,0,0,79,0,0,0,0,0,0,0,25,0,28,0,0,0,0,0,30,0,0,0,0,0,187,0,0,0,62,0,0,63,0,0,0,0,0,0,0,0,74,0,0,48,0,0,46,0,0,0,0,0,0,0,29,62,47,33,71,0,35,0,43,0,0,0,0,0,0,0,121,0,0,42,0,0,114,0,0,0,111,0,45,23,0,0,0,69,33,33,0,99,0,0,35,0,0,45,44,112,0,0,0,0,0,0,34,91,0,0,0,0,83,0,0,0,0,0,0,0,0,73,65,0,34,0,0,0,305,0,0,229,0,0,0,0,0,0,0,127,95,158,0,0,0,0,0,0,61,0,43,77,0,27,99,69,0,41,72,35,0,0,0,37,73,84,0,34,30,0,0,86,0,49,0,0,54,0,0,0,0,0,0,48,0,49,0,0,0,0,0,0,50,0,0,0,0,46,0,0,0,0,0,0,0,65,53,0,0,0,0,0,0,0,0,81,0,0,0,0,79,75,0,29,0,0,0,0,0,0,124,83,67,36,0,0,0,0,0,0,62,0,64,0,0,0,32,64,0,0,0,0,68,0,51,0,53,0,0,0,0,0,0,0,17,0,0,0,0,45,0,0,119,0,22,0,0,0,0,108,0,0,45,232,0,0,0,0,0,0,0,39,0,0,0,0,46,0,0,57,54,0,6,0,0,0,31,0,0,65,240,0,0,228,0,0,0,0,0,0,0,0,0,0,0,0,0,0,0,0,0,0,0,0,102,76,0,0,0,0,0,104,0,0,0,0,0,0,0,0,0,0,82,69,0,0,0,0,0,0,0,0,26,0,48,37,41,0,0,0,42,34,0,0,0,0,0,46,0,0,0,0,0,70,48,0,0,25,0,0,0,0,0,0,93,0,0,30,33,40,0,0,45,0,0,0,0,0,0,65,0,0,0,0,0,0,0,0,56,0,0,42,0,0,93,0,0,0,46,24,0,105,0,0,0,0,0,0,61,0,0,94,0,0,0,0,0,0,0,0,0,0,0,0,0,0,28,26,0,0,0,0,233,0,0,0,0,0,0,0,20,0,0,0,0,34,30,164,0,0,0,0,0,0,15,0,0,0,0,0,53,0,0,0,42,0,31,0,0,0,0,0,0,0,0,0,0,0,0,0,0,0,0,61,0,73,82,0,53,54,0,0,0,0,53,0,55,0,0,60,0,50,0,0,0,0,82,46,0,0,0,0,0,0,0,0,0,0,0,0,0,0,60,0,0,34,0,0,64,0,0,18,60,0,0,25,0,116,40,14,0,0,0,46,0,0,110,62,0,0,0,0,0,0,41,0,0,0,0,45,0,58,0,0,118,0,0,0,0,0,0,0,0,0,0,0,0,0,210,0,0,96,44,0,0,0,0,0,0,0,0,0,0,0,0,0,0,66,0,0,30,0,0,0,0,0,0,0,80,0,0,0,0,78,0,32,0,30,95,0,0,0,25,0,0,0,92,0,0,0,0,189,0,82,0,0,43,0,0,0,0,0,0,0,0,0,107,0,0,0,0,0,0,0,0,0,0,0,0,38,0,0,0,38,0,0,0,0,0,0,0,0,0,0,0,0,0,0,0,0,0,0,0,0,0,0,49,0,0,0,0,0,0,0,0,35,520,0,0,0,0,0,0,0,0,56,0,0,0,0,0,0,0,77,0,0,0,0,0,0,0,0,0,0,0,40,0,0,52,0,0,0,0,76,0,0,0,0,0,0,0,0,0,29,0,0,0,0,0,0,0,0,40,0,0,0,0,25,0,0,0,45,0,0,0,0,349,0,68,0,0,22,44,0,0,0,26,0,0,48,0,30,0,0,171,0,0,0,0,0,0,177,0,0,0,201,0,0,0,30,0,33,0,0,104,198,0,0,168,0,60,0,43,0,0,73,0,0,0,0,0,0,0,0,29,0,0,28,48,0,0,0,0,86,0,0,0,0,0,59,0,0,0,0,0,0,0,38,35,0,0,0,0,0,0,0,0,0,0,0,0,0,0,0,0,94,0,0,41,39,0,0,0,0,0,0,0,0,0,0,0,54,0,0,0,118,0,0,0,0,0,0,0,82,0,40,0,0,44,67,0,0,0,0,0,63,0,51,27,108,49,0,0,0,78,66,204,0,0,29,0,0,0,0,0,39,47,36,0,73,31,88,0,0,0,0,0,0,0,0,0,0,33,0,173,37,0,0,0,0,0,30,0,0,24,0,33,0,54,0,0,0,0,27,45,58,0,20,0,52,129,123,0,0,0,65,0,0,0,0,0,0,0,0,0,43,0,0,0,46,0,0,0,0,0,0,0,0,0,0,0,0,0,0,38,50,0,588,0,57,0,0,148,0,38,0,33,38,0,0,0,92,53,0,0,0,0,0,0,0,85,0,0,33,0,0,0,0,93,0,100,18,0,0,0,0,59,121,0,141,91,0,53,0,0,0,0,0,0,0,224,0,0,0,96,0,0,0,0,0,0,0,0,0,0,53,0,0,88,0,0,35,89,0,46,0,0,0,0,0,104,0,155,0,0,0,0,0,0,0,17,62,0,180,59,0,0,0,0,0,0,101,0,0,0,0,45,0,0,0,0,0,0,0,27,84,0,0,0,0,0,98,0,0,0,23,44,0,160,0,0,0,0,0,0,0,0,49,0,0,71,141,0,0,0,0,0,0,0,0,0,0,215,0,0,0
282,0,0,0,0,0,0,0,0,0,0,0,0,0,0,55,116,107,0,0,0,73,0,0,60,0,0,0,0,0,0,0,0,0,0,56,47,0,0,76,0,0,0,0,50,0,0,0,0,0,0,0,0,0,0,0,0,0,0,0,0,39,0,87,0,29,0,0,0,0,54,0,0,0,19,111,0,0,76,0,0,0,0,157,73,32,0,0,0,0,0,0,0,45,0,0,0,0,0,0,0,0,0,0,0,0,0,0,0,0,87,0,0,0,0,0,0,0,0,33,108,0,0,0,0,0,0,0,34,0,0,0,0,0,0,0,0,61,0,0,0,0,0,177,0,0,0,0,0,68,0,0,45,0,0,0,0,0,0,164,156,0,0,0,0,50,0,0,0,69,0,37,0,0,0,0,0,0,58,0,0,68,0,0,0,0,0,96,0,0,0,0,34,0,36,0,70,0,0,27,0,0,83,0,170,39,0,0,0,66,54,0,0,0,0,75,0,0,0,0,107,15,0,0,0,0,0,0,85,0,0,0,0,0,0,0,0,0,56,39,0,23,0,0,0,0,116,0,0,0,0,0,0,39,49,0,25,0,0,0,91,72,0,0,0,0,0,0,52,133,0,0,0,0,50,0,0,0,96,60,36,0,0,76,0,0,0,91,145,0,0,0,113,0,0,0,0,0,29,53,0,0,47,0,0,0,107,0,0,35,47,230,0,0,0,26,0,0,0,0,0,0,0,0,0,0,0,52,0,0,128,0,0,81,45,0,0,0,0,0,0,33,0,57,60,0,0,0,44,235,13,0,0,152,240,0,0,0,146,85,54,0,74,0,41,57,127,87,57,0,129,24,0,0,0,51,93,0,0,0,30,0,0,0,25,171,59,0,63,0,0,0,118,0,0,0,125,0,0,0,0,0,91,0,0,0,42,0,0,0,0,0,0,0,0,0,112,0,289,29,0,0,0,0,0,24,101,0,115,0,0,0,0,0,0,0,0,0,0,64,0,0,93,24,0,45,93,45,0,0,0,0,93,0,77,0,0,0,0,0,51,0,97,120,0,0,0,0,0,0,0,0,111,64,0,53,116,89,82,56,0,0,150,38,39,0,0,0,64,147,43,0,0,126,0,0,0,0,67,0,0,83,0,214,0,57,74,78,0,0,0,0,0,0,0,0,66,0,0,0,0,0,52,36,39,0,0,0,177,0,0,0,0,0,0,0,0,0,0,0,0,80,156,0,0,0,0,0,0,94,0,0,0,0,0,39,0,0,31,0,129,156,0,0,0,160,0,0,0,0,144,159,0,0,0,0,0,54,0,0,54,81,72,0,202,0,147,110,0,0,0,365,0,0,0,0,0,116,0,41,0,0,51,58,39,0,0,0,0,0,0,0,218,147,0,0,0,49,0,30,0,0,0,0,0,0,0,0,0,0,75,0,0,0,0,0,0,0,0,0,0,0,49,0,0,139,0,0,0,0,40,0,0,0,0,0,58,0,0,67,32,0,49,0,0,0,0,0,0,0,183,24,0,0,65,0,44,0,110,0,0,0,74,43,105,0,0,0,70,0,81,0,0,0,0,0,0,0,117,0,0,0,0,0,49,0,0,63,76,0,0,73,85,0,0,0,0,0,36,62,98,0,0,634,0,42,0,0,0,0,70,0,0,0,45,0,0,0,122,0,61,0,258,0,0,0,0,0,62,0,0,41,0,0,73,0,0,0,0,0,0,0,0,35,0,33,0,40,0,39,26,0,0,0,0,107,0,0,26,50,29,0,0,0,0,0,106,44,15,252,0,0,38,0,0,0,0,0,0,0,0,0,0,0,102,0,95,0,72,0,42,0,44,0,0,72,0,0,0,0,41,0,70,0,0,0,50,0,0,86,124,0,0,0,0,0,51,0,0,0,0,0,121,0,93,0,0,0,0,0,0,0,0,0,0,0,319,126,51,99,0,0,0,0,0,55,0,0,0,0,0,0,0,0,79,0,0,0,0,0,0,38,85,0,36,57,0,46,0,0,0,0,0,0,0,34,0,0,0,0,0,68,0,0,0,0,0,118,128,0,32,0,0,0,0,147,34,31,0,0,0,0,0,0,0,19,0,0,0,0,0,0,0,0,40,0,77,70,64,0,0,0,0,0,0,95,0,23,0,0,0,0,0,76,0,0,43,0,0,0,0,58,0,0,0,0,0,51,0,80,0,0,0,87,42,0,0,0,0,0,0,0,0,0,0,39,0,0,248,0,537,68,0,42,0,0,0,0,0,0,0,0,0,0,0,121,30,35,91,70,0,0,0,56,0,0,215,38,0,50,0,0,0,0,0,0,106,25,0,0,0,89,0,0,0,77,0,40,293,0,71,0,0,0,0,0,53,37,0,0,0,0,58,18,206,0,0,0,99,0,0,65,0,0,0,138,165,0,0,0,0,0,0,65,0,0,0,0,0,38,0,64,0,0,117,0,0,0,0,0,0,122,0,0,29,53,0,37,0,0,55,0,53,0,0,0,81,0,0,49,0,114,0,0,0,0,195,0,0,0,53,0,0,0,0,0,0,0,42,45,0,0,52,516,0,0,0,39,38,0,0,0,0,0,0,0,0,34,0,0,0,0,42,64,0,0,22,0,0,0,0,0,0,24,80,0,88,0,0,0,0,0,0,0,61,0,0,188,0,0,0,0,0,0,0,0,49,37,0,127,0,72,106,0,55,0,0,0,0,0,0,0,0,0,145,0,0,0,0,0,234,0,0,72,75,0,0,29,0,0,55,0,0,66,0,37,0,0,0,66,0,0,0,0,0,38,0,0,0,0,0,57,0,0,38,0,104,0,49,0,0,0,0,0,46,0,38,0,0,39,0,59,75,45,0,0,0,41,0,49,126,165,0,0,0,22,383,0,0,0,0,88,30,0,0,0,0,0,0,0,41,22,0,0,0,0,0,0,0,88,0,0,70,0,0,169,0,0,142,72,0,0,37,0,54,0,0,104,41,22,109,0,0,267,0,0,0,128,30,0,292,0,0,101,0,0,0,55,0,0,0,0,0,0,0,155,0,0,0,111,0,35,0,168,55,0,0,0,0,0,18,23,0,107,0,0,0,154,100,25,441,0,0,0,0,40,0,23,0,134,0,18,35,0,0,284,0,0,51,162,0,297,93,0,88,0,0,0,0,0,55,44,0,78,47,126,56,135,0,54,0,36,207,0,0,46,52,30,0,0,0,36,0,0,0,0,0,162,0,126,209,45,103,55,0,0,106,0,0,246,0,0,93,0,0,0,48,0,0,96,103,36,0,0,61,0,0,104,0,95,26,0,0,0,0,38,0,0,41,0,0,0,101,77,183,0,0,0,0,167,0,57,42,296,102,0,104,0,0,0,0,0,132,0,0,203,0,0,0,124,0,0,27,0,0,36,0,0,98,20,0,0,0,66,0,23,0,19,0,0,48,41,0,0,0,0,0,0,20,0,0,0,0,0,0,35,0,0,0,35,42,0,0,0,114,0,0,117,72,0,0,0,0,310,0,185,0,0,0,62,0,0,38,98,0,29,0,142,0,0,81,0,0,0,33,107,0,42,0,82,0,0,0,0,0,0,232,0,0,0,0,0,0,0,0,0,67,0,167,0,0,0,0,0,0,0,0,0,0,0,0,0,0,0,0,0,0,0,0,0,50,0,0,0,0,24,0,0,52,0,119,217,0,0,0,0,40,0,0,0,50,0,0,30,0,0,118,0,0,18,0,0,0,0,0,0,63,0,0,0,0,0,0,0,0,0,0,52,0,0,0,0,0,0,0,66,0,0,0,176,0,110,0,0,62,0,0,94,0,103,0,0,24,0,84,0,62,0,58,0,76,0,0,0,118,0,0,0,0,0,0,0,29,46,0,0,107,53,35,0,0,0,0,0,0,96,430,53,0,0,0,0,47,0,59,0,0,0,0,0,0,39,0,0,0,70,0,153,0,0,0,0,56,0,0,0,0,0,144,38,58,0,0,0,145,0,0,0,50,61,74,0,0,0,0,0,0,58,0,0,144,41,0,0,0,0,0,42,64,0,217,0,0,0,0,0,57,60,0,323,143,28,0,0,0,28,41,45,0,36,0,0,0,0,0,108,69,0,49,0,0,99,0,0,0,106,44,166,139,0,142,101,56,0,0,40,128,115,116,0,165,0,51,0,0,0,0,0,0,0,0,59,38,87,93,94,63,67,45,0,24,0,0,65,0,0,52,186,0,0,0,0,34,475,45,0,0,116,0,303,57,0,0,46,224,57,0,0,188,0,78,0,0,0,113,42,58,0,0,0,57,63,28,91,112,130,0,0,0,199,0,0,67,0,0,0,0,0,185,183,38,0,85,0,0,513,0,0,283,0,0,0,27,55,57,0,301,124,80,0,33,0,27,0,0,0,62,79,104,32,107,33,37,54,366,132,0,0,0,0,186,69,37,40,0,125,0,0,121,0,166,0,179,0,29,24,0,0,34,62,0,103,115,0,0,19,0,0,0,69,0,0,91,0,76,0,0,0,0,0,0,0,0,66,0,47,61,24,135,0,0,0,309,0,0,0,0,205,169,0,89,29,22,0,0,88,21,108,215,0,0,59,88,0,0,0,0,90,87,294,0,0,0,44,124,57,40,0,0,105,0,94,0,279,0,40,0,72,0,0,39,0,0,0,0,93,0,0,0,28,0,0,0,0,0,0,148,58,0,62,269,0,0,47,0,0,59,78,79,20,39,105,0,0,0,0,78,166,0,77,18,0,0,56,0,80,0,157,40,0,127,97,69,0,86,0,0,0,0,0,45,0,0,46,0,74,81,0,0,0,0,109,75,49,0,54,0,68,60,56,130,76,0,0,0,0,53,42,0,486,143,282,48,0,0,0,0,0,0,42,0,46,65,315,33,0,0,95,50,0,56,0,0,0,0,42,0,0,0,0,225,170,0,0,51,0,46,0,0,0,0,79,0,190,41,0,0,0,156,50,0,108,40,0,65,55,95,0,93,41,0,60,57,0,91,93,36,94,133,0,19,0,0,41,0,55,65,0,130,42,0,168,85,0,23,45,0,0,128,0,77,0,0,62,0,22,88,0,16,0,0,36,0,23,252,0,47,0,0,156,40,78,142,0,44,0,0,0,0,0,0,70,73,0,0,84,37,0,0,0,71,0,63,97,0,0,33,0,66,0,168,0,23,168,0,0,0,62,0,118,65,43,0,0,0,22,0,0,0,0,66,0,0,80,0,80,113,0,0,0,0,109,0,0,85,51,91,0,42,64,57,173,0,0,0,0,68,86,170,169,86,37,0,0,21,0,0,0,0,88,0,0,0,55,0,110,25,0,0,0,0,49,116,35,0,0,79,0,34,0,0,0,82,148,70,0,76,0,0,68,0,35,0,0,0,0,77,63,34,52,10,117,0,0,0,0,0,0,0,0,0,0,0,0,14,50,0,0,744,0,67,0,0,0,74,108,0,0,0,0,0,0,0,0,92,0,88,0,0,0,39,0,0,21,0,193,82,0,0,0,95,0,55,59,55,188,0,0,31,0,0,37,0,142,0,0,0,0,326,43,173,51,106,181,0,0,42,0,0,44,41,0,0,381,100,17,0,0,0,41,0,67,0,0,151,49,84,0,0,0,72,0,0,135,0,0,0,0,100,90,70,0,0,0,0,74,0,0,90,190,0,38,91,56,39,0,0,0,0,40,0,0,67,985,31,0,0,0,0,0,0,43,150,0,78,52,0,51,31,90,54,0,0,0,0,0,0,0,0,0,0,0,0,0,0,17,128,40,0,0,169,0,0,65,0,83,0,0,144,124,120,0,0,0,0,0,26,53,388,0,0,0,151,28,198,59,53,51,0,43,53,0,27,629,0,164,46,186,59,133,90,140,0,0,40,0,240,42,44,0,0,255,46,63,0,0,0,16,163,0,0,0,281,0,0,183,75,66,54,145,0,136,71,55,43,181,0,174,0,69,0,51,402,0,0,87,103,0,33,0,0,0,59,0,47,74,0,55,0,105,276,208,0,64,0,0,195,0,0,34,0,55,0,0,82,258,0,72,0,0,21,0,67,193,0,37,97,0,0,0,0,61,85,23,0,0,139,0,0,0,39,0,0,0,0,0,0,0,30,112,60,0,194,0,60,0,0,0,0,0,31,0,45,0,0,112,0,0,0,0,85,0,69,0,0,55,59,0,33,0,0,285,0,189,0,0,0,0,0,58,0,0,41,80,0,0,51,0,0,0,0,0,39,0,0,0,0,0,0,0,0,0,93,0,0,0,0,71,0,0,0,0,0,270,34,43,0,0,41,49,0,70,86,0,22,0,0,63,0,0,0,48,86,53,87,0,0,0,0,0,162,0,42,0,0,0,0,0,0,0,54,0,0,0,0,0,0,0,0,38,0,20,0,224,45,0,73,0,48,141,0,0,0,0,39,42,0,50,145,170,0,0,0,0,71,0,0,0,103,0,63,0,41,80,0,77,0,115,0,0,0,35,0,33,138,0,232,62,0,78,0,0,0,139,0,0,0,162,0,0,106,126,0,0,103,0,0,0,0,20,0,53,200,65,262,65,0,158,0,104,0,54,0,82,38,0,0,0,0,132,0,0,78,0,68,128,0,0,0,0,83,98,29,0,0,0,0,0,466,32,0,0,46,74,0,43,0,0,0,0,0,23,64,0,0,75,0,0,167,41,0,0,0,44,0,0,0,0,0,0,0,0,0,43,123,0,0,42,0,0,63,0,0,0,54,56,0,0,0,35,0,0,0
283,0,0,0,0,0,0,0,0,0,0,0,0,0,0,0,0,0,0,0,0,0,0,0,0,0,0,0,0,0,0,0,0,0,0,25,0,0,0,0,0,0,0,0,0,0,0,0,0,0,0,0,0,0,0,0,0,0,0,0,0,0,0,0,0,0,0,0,0,0,0,0,0,0,0,0,0,0,0,0,0,0,0,0,0,0,0,0,0,0,0,0,0,0,0,0,0,0,0,0,0,0,0,0,0,0,0,0,0,0,0,0,0,0,0,0,0,0,0,0,0,0,0,0,0,0,0,0,0,0,0,0,0,0,0,0,0,0,0,0,0,0,0,0,0,0,0,0,0,0,0,0,0,0,0,0,0,0,0,0,0,0,0,0,0,0,0,0,0,0,0,0,0,0,0,0,0,0,0,0,0,0,0,0,0,0,0,48,0,0,0,0,0,0,0,0,0,0,0,0,0,0,0,0,0,0,0,0,0,0,0,0,0,0,0,0,0,0,0,0,0,0,0,0,0,0,0,0,0,0,0,0,0,0,0,0,0,0,0,0,0,0,0,0,0,0,0,0,0,0,0,0,0,0,0,0,0,0,0,0,0,0,0,0,0,0,0,0,0,0,0,0,0,0,0,0,0,0,0,23,0,0,0,0,0,0,0,0,0,0,0,0,0,0,0,0,0,0,0,0,0,0,0,0,0,20,96,0,0,0,0,80,0,0,0,0,0,20,0,0,0,0,0,0,0,0,0,0,0,0,39,0,0,0,0,0,0,0,0,0,0,32,0,0,0,0,0,0,0,0,0,0,0,129,0,0,0,0,0,43,0,0,0,0,0,72,0,0,0,0,124,0,0,0,0,43,0,0,0,0,0,0,0,0,0,0,0,0,0,0,0,0,60,0,0,0,0,0,0,0,0,0,0,0,0,0,0,0,0,0,0,0,0,0,0,0,0,0,0,0,0,0,0,0,0,0,0,0,0,0,0,0,0,0,0,0,0,0,0,0,0,0,0,0,0,34,0,0,0,0,0,0,0,0,0,0,0,0,0,0,38,0,0,0,0,0,0,0,0,0,0,0,0,0,0,0,0,0,0,0,0,0,50,0,0,0,0,0,44,0,0,0,0,0,0,0,0,0,0,0,0,0,0,0,0,0,0,72,0,0,0,0,0,0,0,0,0,0,0,0,0,0,35,41,0,0,0,0,53,0,0,0,0,0,37,0,0,0,0,0,0,0,71,0,0,0,0,0,0,0,0,0,0,0,14,0,0,0,29,0,0,87,0,0,0,63,0,0,0,0,53,0,0,0,0,0,0,0,0,0,0,0,0,0,121,0,0,0,0,0,0,0,0,0,0,0,0,0,0,0,0,0,0,55,0,0,40,0,0,0,0,0,0,56,60,0,0,0,0,0,0,21,0,0,0,0,38,0,0,0,0,0,0,0,0,0,23,0,0,0,0,0,93,0,0,168,0,0,0,171,34,0,0,47,238,0,0,46,0,0,0,0,0,0,0,81,44,0,0,0,118,0,0,0,47,0,31,0,20,0,0,0,0,0,0,0,0,0,0,0,0,0,0,0,0,0,58,0,0,0,0,42,0,21,19,0,0,0,42,16,0,182,0,0,0,0,0,0,0,30,120,0,0,68,0,65,0,0,0,0,0,0,0,0,76,0,0,0,253,0,35,0,89,0,0,76,0,0,0,0,0,0,0,0,41,0,0,0,0,0,0,0,0,0,0,0,0,48,0,0,99,0,0,0,0,122,0,0,0,0,28,0,53,0,0,0,40,78,0,94,0,0,0,0,0,0,0,0,45,0,0,0,0,0,133,0,0,0,54,0,0,0,73,48,0,56,0,0,0,0,0,0,0,0,0,0,0,0,0,48,143,0,0,0,0,0,0,0,0,0,0,0,0,0,0,0,0,67,0,0,0,0,40,0,0,0,176,28,34,99,0,0,0,0,0,0,0,0,0,0,0,0,0,0,161,0,0,0,0,0,23,62,72,0,0,79,0,42,0,0,0,82,0,0,0,0,47,0,0,0,0,121,0,0,0,26,0,0,0,0,77,0,0,0,0,73,0,0,0,0,23,0,28,0,0,0,0,0,0,0,0,0,0,0,39,0,0,25,50,0,0,0,0,0,0,0,0,0,39,0,0,0,0,0,0,0,0,0,135,0,0,61,0,0,136,38,0,0,0,77,0,0,0,0,0,35,0,243,0,0,0,46,0,0,44,0,0,30,0,0,618,0,0,0,0,0,0,0,0,35,28,0,0,0,0,0,52,0,76,0,0,0,0,0,0,123,140,46,0,18,0,0,18,0,5,0,0,48,15,0,0,0,0,15,0,60,0,60,121,0,99,0,0,35,0,0,68,0,0,0,0,0,0,0,14,0,0,0,73,0,0,140,0,0,0,0,251,0,0,0,44,0,0,0,0,0,0,0,0,0,0,0,0,13,0,0,0,0,0,0,0,155,0,32,0,0,0,0,0,0,0,0,0,0,0,52,0,0,0,0,0,0,0,262,0,43,0,0,0,103,44,51,63,0,0,0,0,41,0,0,0,0,0,285,0,0,0,0,0,0,0,0,0,0,0,0,0,127,35,0,0,74,0,0,0,0,0,0,81,0,0,0,59,0,52,0,29,0,0,0,0,0,0,56,0,0,50,143,50,0,0,0,0,0,0,79,187,0,0,0,0,70,89,0,63,0,0,0,0,0,0,41,62,0,0,0,0,0,0,0,0,0,0,0,20,0,77,0,0,0,0,0,0,0,0,0,0,0,0,110,0,0,0,122,0,0,45,0,0,67,0,30,0,0,38,0,0,0,53,0,0,0,0,0,0,0,0,0,0,0,0,0,24,0,0,0,0,0,0,0,0,0,0,0,0,0,62,0,0,0,0,0,0,0,60,0,0,0,0,0,0,0,0,0,0,0,0,0,0,0,0,25,0,0,0,0,36,0,42,0,0,0,0,0,43,0,0,89,0,0,30,0,0,230,0,51,0,0,0,0,96,0,0,40,0,0,0,0,56,0,0,0,0,0,0,0,0,33,0,35,0,68,0,0,0,0,0,0,0,0,23,0,0,0,0,0,0,0,81,0,128,0,0,0,0,0,0,46,0,54,0,0,0,0,0,36,0,0,0,16,0,0,0,0,141,0,0,0,0,0,48,0,0,52,20,82,0,47,0,0,0,0,40,0,0,0,0,0,0,0,0,43,0,69,128,0,47,21,0,25,0,0,0,0,0,0,26,0,0,95,0,0,0,0,0,0,0,0,0,30,0,0,0,0,0,0,118,39,0,19,35,0,0,0,0,0,0,0,0,0,0,0,21,0,51,0,43,0,0,0,0,0,0,0,102,39,0,0,0,0,0,0,45,0,0,211,0,0,0,0,0,0,0,0,0,0,0,0,29,103,0,0,0,0,0,0,0,0,35,0,0,0,0,0,0,0,58,0,0,0,0,0,0,0,0,47,0,26,0,70,130,0,0,167,0,0,0,0,0,0,0,0,66,115,0,0,0,0,0,0,0,0,0,81,0,0,28,469,0,0,102,0,0,0,0,0,0,0,0,36,59,0,0,0,0,0,85,0,31,0,0,32,78,0,0,0,0,0,55,0,0,0,0,0,0,0,0,149,0,0,0,0,0,0,0,16,96,34,0,0,0,0,144,0,0,0,0,0,0,0,0,0,0,0,0,0,0,34,0,57,0,0,49,104,0,142,38,0,0,0,0,35,0,0,0,0,125,0,0,0,0,0,303,40,0,0,0,0,31,41,0,29,0,0,0,130,0,0,0,74,0,211,82,0,0,0,76,0,0,0,0,139,0,72,0,46,53,0,38,0,0,0,0,0,99,219,0,0,59,0,0,0,0,0,0,0,43,0,0,0,0,0,0,0,0,0,0,0,0,46,0,0,0,0,0,101,0,0,0,0,0,0,0,0,0,99,0,138,0,0,0,0,74,0,124,84,0,0,62,0,111,0,0,0,0,0,224,0,0,0,0,0,0,30,0,0,0,0,0,0,86,0,0,0,0,0,0,0,21,0,0,0,0,0,0,0,0,0,0,0,55,0,32,0,0,0,0,66,0,0,0,0,0,0,0,0,0,0,0,0,0,198,0,0,0,0,0,119,0,15,85,0,0,0,0,0,44,51,32,0,88,0,0,0,0,0,0,11,0,24,0,0,0,0,34,0,28,0,0,0,0,0,0,0,0,0,40,41,0,0,0,0,0,178,0,0,0,0,0,48,20,0,0,0,129,0,0,0,34,0,0,0,0,0,0,0,51,0,0,0,0,0,0,70,0,0,0,0,0,153,0,0,0,0,0,0,0,0,145,97,0,51,31,0,0,193,0,35,165,0,0,0,0,0,0,0,183,0,36,0,56,0,0,0,0,0,0,36,0,0,0,0,0,0,59,50,48,0,0,30,0,18,0,0,0,0,0,0,121,0,0,0,0,119,54,0,0,0,0,0,0,61,0,0,0,0,0,0,0,0,0,0,0,0,79,0,0,0,0,0,0,0,0,0,0,0,0,0,190,83,0,0,0,0,0,0,0,196,314,0,0,0,0,26,0,0,0,14,137,0,0,0,0,0,0,0,0,57,0,82,0,0,0,61,0,61,0,0,0,0,0,0,0,57,0,70,0,0,0,0,0,0,0,0,0,195,0,0,0,277,0,0,0,0,0,0,46,0,0,0,60,0,0,0,0,0,45,78,0,0,0,0,0,0,0,0,0,199,20,78,0,0,0,0,0,96,0,164,0,0,280,42,0,0,0,43,55,0,0,0,0,0,0,0,54,0,41,0,0,0,0,0,0,0,0,39,0,0,67,0,65,0,0,0,0,0,37,0,0,303,90,60,0,0,0,0,0,0,44,0,0,0,97,206,28,78,74,101,99,0,40,0,0,0,0,0,0,13,0,0,92,0,0,0,0,0,0,0,0,0,0,0,0,44,0,0,0,0,0,53,0,80,0,28,0,0,55,0,0,0,0,0,63,0,0,38,0,85,38,0,0,0,0,0,0,0,0,0,26,0,0,0,0,48,0,44,0,0,255,0,59,0,0,0,0,0,0,0,0,47,0,0,0,0,0,0,0,0,0,50,45,0,124,45,0,0,0,0,0,0,0,0,38,0,94,49,0,0,0,0,0,0,0,69,0,0,0,0,63,0,88,0,0,99,0,0,0,58,0,0,37,0,0,0,65,0,0,0,0,0,67,0,0,153,0,0,0,0,0,0,0,40,0,103,0,24,55,0,128,34,0,0,0,86,0,0,0,33,0,109,0,123,0,0,0,6,28,0,0,0,0,0,0,0,37,304,46,0,45,0,0,54,0,0,0,17,0,33,0,0,16,0,0,0,83,0,81,0,0,0,0,55,0,0,0,0,0,0,0,0,19,0,41,0,0,0,0,0,63,0,0,0,0,0,0,0,0,0,0,0,29,0,151,0,0,0,0,0,0,0,0,0,0,0,0,15,0,0,60,0,0,18,0,0,0,282,0,0,0,0,44,0,0,0,0,150,0,0,0,0,0,0,0,0,0,0,0,0,0,0,61,0,0,13,0,0,0,0,0,0,0,0,0,133,78,0,0,0,0,0,27,0,0,0,52,121,41,0,0,0,0,0,0,0,0,0,0,0,0,0,0,0,305,0,0,0,0,0,0,0,0,0,0,0,0,0,0,0,0,0,0,0,57,199,0,0,0,0,0,0,0,0,29,0,0,64,0,0,0,0,0,0,0,0,0,0,0,0,43,34,0,0,0,0,0,0,44,0,0,0,41,0,0,0,0,0,0,0,0,0,0,0,0,0,0,0,0,0,57,0,0,0,0,59,34,26,37,0,22,0,67,0,0,170,0,82,0,0,0,0,0,64,0,0,0,0,0,0,0,0,0,279,0,0,0,0,0,0,0,0,0,0,0,0,0,0,0,0,0,46,0,0,0,0,0,0,0,0,0,21,0,0,0,0,0,0,54,0,0,0,0,0,31,0,0,0,0,0,0,67,112,0,0,0,0,0,42,0,0,0,0,0,0,0,0,0,0,0,0,0,0,0,0,0,0,41,40,0,0,0,0,0,0,0,0,26,49,0,0,0,0,0,0,123,0,0,0,56,0,0,44,61,0,45,48,0,0,0,0,0,115,0,0,0,0,0,70,0,0,0,103,0,70,34,41,0,0,54,0,0,0,408,95,68,0,37,66,0,0,0,0,0,0,44,94,0,139,61,91,0,36,0,0,58,0,0,0,13,0,0,0,53,110,0,63,0,0,100,28,0,0,0,0,245,37,0,0,0,0,0,44,0,0,0,65,0,0,24,184,0,0,285,0,0,0,0,0,0,0,0,0,0,0,0,0,0,57,0,0,14,0,0,0,0,47,57,0,68,0,36,0,0,58,162,514,26,43,0,0,0,0,97,0,40,0,43,30,58,33,0,114,47,0,0,58,53,0,190,47,0,0,0,52,118,16,0,0,0,0,0,0,0,0,0,218,0,617,0,0,0,0,0,0,0,0,0,26,385,0,0,0,155,0,0,70,0,0,0,0,65,0,37,34,49,209,0,0,313,29,0,0,75,0,0,0,0,0,80,0,43,0,0,0,0,38,50,18,0,173,0,105,0,0,0,0,0,0,0,303,118,0,0,0,34,0,0,0,0,0,0,26,0,0,0,0,0,0,0,33,25,0,115,0,0,0,187,0,0,0,0,0,0,0,0,114,0,44,0,215,0,34,0,0,0,51,57,0,0,0,543,0,27,22
284,0,0,0,0,0,36,0,0,30,0,219,0,0,0,97,136,108,0,0,0,88,44,0,37,0,0,0,49,0,0,0,0,0,41,0,36,0,31,75,100,0,0,0,183,0,48,0,72,0,73,34,132,73,0,32,0,0,0,39,0,113,0,79,29,21,40,28,0,0,256,0,25,0,0,158,46,0,147,0,0,0,0,75,176,24,0,0,56,0,70,0,0,0,48,0,45,0,31,17,0,0,0,35,0,0,0,0,54,0,76,30,54,109,61,0,32,146,0,0,223,0,242,35,0,0,0,0,0,25,81,0,356,0,57,53,66,61,50,37,0,0,106,192,0,0,0,37,41,123,16,0,99,48,22,69,0,54,26,98,21,0,0,146,42,0,18,0,35,175,75,0,0,46,0,45,0,49,61,0,0,128,0,0,0,0,66,389,165,0,0,0,0,58,55,0,30,0,0,100,0,0,0,0,77,0,48,0,0,67,151,0,0,69,0,76,35,32,0,0,0,93,0,0,396,0,0,83,0,0,80,0,0,41,0,0,0,72,188,39,0,0,0,43,0,0,91,0,0,0,0,0,295,0,64,0,61,0,40,0,0,98,40,0,44,0,0,308,30,358,27,0,170,332,0,0,67,0,366,244,0,0,94,154,61,0,40,269,1101,0,55,0,0,0,0,0,0,45,68,0,46,0,0,0,0,102,144,0,0,0,0,54,0,0,0,0,63,117,0,0,0,0,0,22,77,0,0,0,0,0,65,0,56,51,0,31,0,0,0,53,0,52,0,0,37,0,0,0,56,1120,0,0,0,215,451,0,50,0,252,101,0,61,0,0,112,93,22,175,0,0,95,0,0,0,39,53,0,0,0,75,0,0,0,0,0,262,0,0,0,0,0,0,215,0,60,43,0,0,115,291,0,0,34,0,0,91,0,0,41,0,150,0,0,0,0,0,131,0,144,71,0,94,0,0,32,0,0,0,0,0,0,0,0,0,0,0,0,0,0,144,0,0,304,59,90,0,37,28,47,0,0,0,42,0,0,0,0,0,0,0,145,0,55,71,0,0,0,29,0,0,0,0,28,0,0,0,69,319,0,0,81,0,122,79,0,0,0,26,0,0,231,0,0,95,70,74,105,172,193,0,0,0,0,432,77,0,0,86,47,0,0,0,0,0,0,0,0,0,0,95,0,0,147,62,36,0,0,21,70,0,47,0,0,0,37,59,0,0,0,84,0,0,0,0,22,0,50,38,0,30,78,22,0,0,0,0,0,0,0,0,0,194,0,75,0,93,23,0,0,34,79,82,0,0,0,0,0,54,0,30,25,121,0,0,0,0,0,57,15,27,0,126,0,31,0,0,0,0,0,0,0,0,41,0,0,48,0,48,0,0,0,51,208,225,44,0,0,0,0,0,0,0,0,41,0,0,0,0,0,40,78,0,0,26,0,0,0,0,0,0,0,0,118,0,0,92,0,0,18,182,136,0,0,0,0,0,91,0,0,103,0,0,27,0,0,59,0,43,0,0,0,0,0,0,62,0,0,0,232,0,0,0,84,0,113,0,0,0,75,0,77,0,0,0,50,0,36,0,200,0,0,32,0,53,75,0,0,0,0,0,0,87,0,0,0,0,0,0,98,0,91,0,21,842,0,100,26,0,0,0,75,0,0,34,0,0,0,0,50,0,89,0,265,52,0,43,0,0,0,0,0,0,0,0,0,0,0,0,0,0,0,0,0,0,0,0,0,0,0,0,50,75,0,0,0,134,0,0,0,0,0,0,68,0,0,0,55,0,74,0,0,0,15,0,0,0,0,0,0,0,40,0,0,0,101,0,37,55,0,0,0,0,75,55,0,206,0,0,0,48,0,0,37,0,0,0,0,45,0,104,93,0,0,0,0,0,0,0,0,0,0,0,43,0,0,36,0,0,0,0,0,0,58,0,0,0,0,77,0,219,0,0,0,35,0,0,0,0,0,0,0,0,0,0,155,49,30,0,0,30,0,0,0,0,34,0,0,101,0,40,0,69,0,0,98,44,141,0,0,0,38,18,0,0,0,0,0,100,82,100,0,0,0,0,0,237,0,0,75,0,0,0,0,0,15,78,0,0,0,42,0,0,0,0,0,47,0,53,71,0,0,0,0,0,0,109,0,0,0,48,0,0,16,47,0,0,0,0,181,0,0,0,0,62,38,35,0,59,39,60,0,0,0,219,35,0,0,59,0,0,55,0,0,0,0,0,108,0,124,0,511,46,0,32,0,0,0,0,0,0,0,0,0,0,0,98,0,29,122,81,47,0,0,87,38,0,53,115,0,42,0,0,0,0,0,0,93,0,0,0,0,0,0,0,0,134,0,69,216,0,0,0,61,70,0,0,36,0,0,0,0,0,47,0,196,0,86,0,80,0,0,186,59,0,0,99,179,0,166,0,35,50,0,0,0,27,0,0,0,0,0,0,0,0,471,22,0,0,58,0,37,49,0,48,30,0,0,0,0,0,54,0,128,0,21,0,41,0,0,45,0,109,30,101,0,0,163,0,0,166,30,47,88,0,0,0,0,64,22,176,0,0,142,144,0,0,0,65,0,0,0,0,0,0,15,0,0,28,0,19,0,0,44,21,153,0,0,0,97,0,0,38,75,0,204,45,63,0,0,0,108,0,0,44,30,0,0,152,102,29,0,0,0,0,0,146,49,0,0,59,0,228,70,0,139,0,20,0,0,0,0,0,0,0,0,0,0,0,0,0,353,0,0,41,0,0,0,29,0,0,0,0,0,0,0,0,0,0,0,62,0,0,0,0,0,0,0,0,0,0,0,0,0,0,0,0,43,0,0,0,0,0,0,0,0,0,31,0,0,33,0,46,35,0,48,0,0,0,0,36,0,0,0,0,0,0,81,0,0,0,40,0,0,0,47,0,0,0,48,0,39,0,0,0,0,0,0,0,0,0,0,136,50,0,0,55,13,0,28,0,0,0,24,0,0,0,0,150,38,0,49,0,0,371,0,94,0,35,0,0,195,0,0,0,0,60,0,37,25,0,0,0,0,0,0,55,0,0,0,139,0,0,0,81,0,0,0,0,0,0,0,0,0,0,0,0,0,143,0,0,0,26,0,0,59,0,0,0,0,217,0,0,0,0,0,40,0,0,0,177,0,128,0,0,58,0,0,0,0,0,0,0,0,51,47,0,0,58,0,0,0,0,0,0,16,84,0,0,0,0,0,0,0,0,0,0,26,102,0,0,82,0,57,59,34,0,0,0,0,73,0,0,0,0,0,0,0,0,0,0,0,42,0,47,0,51,0,86,0,0,43,0,0,50,0,64,0,0,0,0,0,0,0,0,0,0,0,0,0,38,0,0,0,101,61,0,62,0,24,0,0,0,51,0,51,56,0,0,0,0,0,0,0,0,0,0,0,0,0,150,0,0,0,0,0,0,0,0,122,0,0,59,0,0,0,0,0,0,0,0,0,0,0,0,0,0,0,49,0,360,40,0,0,105,0,0,0,71,0,0,0,0,0,138,0,76,0,0,0,0,0,0,0,101,0,0,56,633,0,0,20,0,0,18,90,88,0,0,18,0,94,0,0,0,0,0,69,0,0,0,0,41,59,0,0,0,26,0,113,0,0,0,0,0,0,0,0,0,111,0,0,0,0,0,24,0,143,33,0,0,0,0,165,0,0,0,0,0,17,0,97,0,0,32,43,0,40,0,0,0,0,0,162,152,0,102,38,0,51,0,0,66,0,0,0,30,0,0,46,0,0,0,398,0,0,48,0,103,115,43,0,25,0,54,0,143,0,0,0,60,0,443,64,59,0,0,26,61,0,63,0,0,0,0,0,0,56,0,0,0,0,0,33,0,31,93,0,0,166,50,0,0,0,58,0,0,30,37,0,0,0,0,0,0,30,135,217,41,0,69,0,0,18,0,0,160,0,0,0,0,0,99,0,0,0,340,0,42,0,0,0,0,52,119,130,123,0,0,76,0,223,0,20,0,0,0,79,37,0,42,61,0,0,0,0,0,0,0,0,57,136,39,0,0,0,0,0,0,0,0,280,0,0,43,0,0,32,0,0,0,0,0,33,0,0,78,56,0,0,62,0,0,0,0,40,0,50,0,0,0,0,259,0,0,0,39,0,165,0,0,136,0,0,0,0,0,0,70,0,0,37,0,19,0,0,0,0,0,0,0,0,66,67,0,0,126,52,0,0,0,0,0,0,0,0,0,0,61,0,0,65,0,0,252,0,0,0,0,0,58,25,0,0,0,94,0,49,0,53,25,0,0,0,0,0,0,49,0,0,0,34,0,0,0,60,0,0,0,0,89,0,0,0,0,0,0,0,0,123,80,0,67,0,0,0,199,0,0,324,0,0,0,0,0,0,0,178,42,255,0,31,0,0,0,0,92,0,43,0,0,16,63,37,0,0,0,76,0,0,0,0,65,131,42,0,188,0,0,29,49,0,0,85,72,0,0,0,0,0,43,0,0,125,0,0,0,0,0,0,98,0,0,27,0,103,0,0,34,0,0,0,0,0,0,0,0,0,38,0,46,0,0,73,17,0,0,0,125,293,0,0,0,0,0,0,49,0,0,50,37,0,89,38,0,0,0,0,59,50,69,0,0,0,75,0,0,0,0,0,35,0,25,0,0,0,25,0,39,0,0,0,26,0,0,0,82,0,0,0,502,0,0,0,0,0,0,69,0,0,43,47,0,0,0,0,0,109,31,0,0,0,0,0,77,0,0,26,129,0,0,0,0,0,0,0,21,34,0,35,0,292,0,20,0,34,47,0,0,0,0,0,0,31,0,0,0,17,28,0,0,0,0,112,0,0,0,0,0,0,0,0,0,0,0,0,0,0,0,0,231,0,168,40,0,0,0,0,0,25,0,0,0,143,0,0,0,66,35,64,0,0,0,0,0,49,0,0,0,21,0,69,0,0,0,38,0,0,0,0,0,0,191,0,0,0,0,52,0,85,41,0,0,0,0,0,0,0,0,32,0,0,0,0,0,39,0,0,112,0,0,47,0,34,0,0,0,0,0,0,0,0,0,0,0,0,82,0,0,190,0,0,0,0,0,0,0,0,0,0,21,0,0,0,0,65,0,0,0,0,323,0,0,0,0,0,0,0,0,0,0,0,0,0,0,100,0,0,0,0,0,0,0,0,0,0,0,0,30,37,0,57,0,0,100,0,0,0,77,0,0,0,56,0,0,49,0,0,0,0,0,51,0,0,93,0,70,256,0,0,0,0,52,0,0,0,0,127,0,66,0,53,148,0,73,0,0,0,0,0,0,0,85,0,0,23,0,0,0,0,66,0,0,51,0,0,405,0,0,0,58,0,62,0,0,167,0,0,0,0,0,0,0,163,266,0,0,0,0,0,0,0,0,0,0,0,0,0,0,0,0,0,58,62,0,0,0,0,0,0,0,0,0,0,0,0,245,0,0,74,71,0,0,36,0,95,0,0,38,36,0,0,0,0,0,0,0,53,0,0,0,0,0,0,0,0,98,0,0,0,0,108,0,0,95,56,63,0,0,0,34,0,0,0,0,0,0,0,0,140,112,42,96,0,0,0,0,0,28,0,22,0,0,0,193,86,0,0,0,0,65,0,16,0,0,57,41,0,0,0,0,0,27,0,0,0,40,0,0,0,0,0,0,61,0,0,52,0,0,0,49,0,0,29,0,0,0,0,0,30,0,0,0,0,310,0,0,0,0,0,0,0,27,95,0,0,97,0,0,0,0,95,0,0,0,0,0,0,0,0,55,0,0,0,0,0,0,0,0,0,0,129,0,0,0,0,0,0,53,122,51,32,0,0,0,0,0,0,0,241,0,0,0,235,31,38,73,0,0,99,0,30,0,0,206,0,86,0,0,0,0,0,54,0,29,0,0,0,0,0,0,0,145,0,28,0,0,0,0,52,0,0,0,40,0,0,55,0,0,0,0,0,26,104,0,0,434,0,236,0,37,0,0,50,0,30,60,52,50,0,0,0,0,72,0,0,0,0,0,0,92,28,85,0,0,46,0,52,0,0,48,0,0,0,0,103,103,0,27,0,0,0,0,0,67,0,0,47,0,0,0,0,94,51,0,0,0,0,0,0,0,119,0,0,0,86,25,0,161,0,0,96,94,22,92,0,0,0,0,0,0,135,0,0,39,0,0,51,0,0,0,123,0,38,55,0,0,0,113,68,0,0,320,34,273,0,0,0,0,52,0,0,42,0,0,56,0,0,35,0,0,34,0,63,0,0,0,0,0,0,0,0,65,141,0,0,0,0,0,0,0,0,48,0,371,0,0,0,0,0,24,0,18,0,0,80,45,0,98,107,0,0,228,0,77,0,42,65,0,0,0,81,0,0,0,0,34,77,0,0,0,57,0,0,0,50,37,0,94,0,41,0,0,71,473,789,0,14,45,61,74,0,109,0,0,0,0,0,77,0,0,83,72,0,0,0,0,0,64,0,0,0,67,0,146,0,0,0,184,0,0,0,27,27,0,0,0,212,116,0,118,0,0,0,0,0,47,0,0,0,0,0,0,0,0,29,0,0,57,0,128,0,0,0,24,387,0,0,259,0,132,0,0,0,105,0,0,0,68,0,0,0,0,45,0,57,75,15,0,117,0,0,96,35,0,34,32,0,0,251,36,0,0,0,0,0,0,0,0,0,26,0,35,0,0,0,84,0,0,164,0,0,57,0,0,0,242,0,0,0,0,0,0,0,39,105,0,52,34,140,0,38,0,0,0,60,0,0,0,64,205,0,0,0
285,0,0,0,0,0,0,35,0,0,0,224,22,0,0,112,0,44,0,0,0,82,34,0,73,0,0,0,0,0,0,0,0,0,0,38,61,0,0,122,51,0,0,0,154,0,39,0,83,0,0,0,0,63,0,0,0,0,0,0,0,43,0,201,0,0,101,0,0,0,106,0,39,0,0,105,103,0,115,0,102,0,0,101,43,0,0,0,0,0,0,0,0,0,0,0,25,0,0,0,0,0,0,134,0,0,49,0,0,0,36,0,0,0,99,0,0,112,0,0,0,0,0,0,0,0,0,0,111,0,69,0,79,0,29,77,66,41,27,35,61,17,94,0,0,0,0,0,42,0,0,0,0,0,0,40,0,0,0,124,102,0,0,0,26,50,0,0,0,0,35,0,0,64,0,66,0,0,43,61,0,227,0,0,39,0,0,72,65,0,0,0,49,0,102,0,27,0,0,77,0,0,48,0,41,0,0,0,0,0,34,37,0,42,0,78,0,0,0,0,37,0,0,0,91,0,0,52,131,0,0,0,0,0,0,0,0,0,64,0,0,62,0,52,0,0,57,0,0,0,0,0,89,0,76,0,0,0,0,28,39,62,50,0,0,0,0,179,0,119,0,31,83,125,34,0,0,0,89,0,32,0,0,0,56,0,18,0,436,54,0,34,0,0,0,0,0,0,79,36,0,0,0,0,0,102,97,105,0,0,0,229,65,0,0,0,31,190,55,0,0,0,0,0,93,0,61,0,0,0,183,0,43,0,0,0,0,0,0,0,0,33,0,0,0,0,0,0,0,357,57,113,0,71,96,0,57,55,91,0,0,47,45,0,53,0,275,37,0,0,63,0,46,87,71,0,58,0,0,142,0,0,0,0,24,482,94,48,0,0,0,0,81,0,0,50,0,0,39,70,0,0,296,0,0,76,0,0,46,0,233,0,0,0,0,0,0,0,164,193,0,0,72,0,61,65,57,78,65,40,0,0,31,0,92,0,0,0,0,38,36,0,79,144,393,0,44,0,0,0,0,0,62,0,46,0,43,32,0,0,20,0,41,38,0,0,0,55,0,0,96,0,34,54,24,0,0,69,73,69,196,0,54,96,0,0,0,0,43,188,114,0,0,0,0,0,199,86,60,0,0,52,0,441,114,0,33,38,53,0,153,0,0,0,0,0,219,63,0,135,160,0,49,119,0,0,0,39,189,46,0,0,0,0,0,54,0,0,0,175,0,107,132,0,0,0,72,74,0,154,145,49,26,43,0,0,0,40,0,0,126,59,0,0,56,39,0,34,0,0,54,287,0,0,0,0,0,90,0,0,248,0,29,0,216,0,125,638,0,0,23,129,0,77,0,0,0,31,0,0,0,0,30,0,0,54,86,44,0,0,0,0,70,125,22,0,0,88,0,67,0,0,0,0,59,36,0,0,0,77,92,0,0,0,0,0,0,0,0,0,0,0,68,0,0,184,0,50,0,74,130,0,0,45,328,0,0,0,45,98,0,0,0,0,0,162,0,76,0,0,37,0,48,0,0,55,0,0,65,0,0,0,29,0,33,0,0,0,0,0,102,0,49,0,0,0,0,0,41,0,0,95,0,59,52,0,0,0,0,0,0,51,251,0,0,0,0,0,0,0,0,87,0,540,254,0,23,88,0,0,0,163,0,0,103,0,0,0,137,0,56,0,0,0,0,27,0,0,0,0,0,28,0,0,0,0,0,0,0,0,0,0,0,0,0,0,0,0,0,133,36,0,0,23,0,126,0,0,0,0,0,0,0,0,0,0,83,71,27,425,0,0,0,0,0,0,0,32,0,62,0,0,0,0,0,0,0,0,45,0,0,0,98,0,0,148,0,0,0,23,230,0,413,0,0,0,0,15,0,64,110,0,0,0,0,0,53,41,0,0,0,0,360,0,0,50,0,0,58,0,193,0,139,0,0,0,94,63,0,92,0,0,0,19,0,48,0,0,0,0,0,48,0,38,215,49,0,0,0,0,0,0,111,0,35,30,0,0,0,0,38,91,44,0,37,0,222,0,0,0,90,127,0,0,0,0,0,0,0,0,46,38,0,18,49,270,0,0,0,0,60,47,47,0,0,0,133,0,0,0,0,0,0,0,0,33,0,0,66,0,0,33,0,94,0,142,0,0,0,45,66,0,46,0,61,0,46,0,145,0,0,0,0,49,58,50,0,68,0,311,0,25,15,340,58,22,0,61,0,0,0,108,0,0,0,0,0,0,0,0,130,0,0,73,0,0,0,0,0,0,30,0,0,0,0,137,0,0,219,168,0,0,0,89,18,204,0,170,61,58,0,0,47,0,0,0,158,46,0,0,0,0,0,0,0,91,0,82,469,0,0,63,75,38,37,56,101,119,50,0,87,0,0,0,372,0,63,0,0,0,0,231,0,23,54,344,142,175,154,0,86,0,0,103,0,0,0,0,0,0,0,0,0,87,315,0,0,0,0,0,42,41,52,85,66,0,0,0,0,0,0,0,65,0,0,0,0,39,0,0,0,21,140,68,0,0,273,55,0,47,0,0,243,0,0,0,0,81,0,169,0,0,238,119,0,0,0,68,0,0,0,0,0,0,0,0,0,0,56,0,58,0,156,0,102,0,0,0,130,80,0,0,196,83,116,62,34,0,0,32,0,0,0,0,0,0,0,0,66,0,51,0,0,0,64,130,152,0,0,0,0,55,0,0,0,0,50,33,0,0,0,0,0,23,138,0,0,61,0,0,173,0,26,80,104,0,0,0,0,69,20,0,0,36,0,0,0,0,0,37,0,0,0,0,65,0,0,0,0,0,29,74,0,101,46,0,0,0,0,0,0,0,0,0,36,0,62,0,0,41,0,0,43,0,49,0,0,0,0,0,143,99,0,0,0,0,0,0,0,0,0,0,0,27,0,30,0,0,0,0,45,0,0,48,0,0,0,0,0,58,0,0,0,0,30,30,0,62,58,114,0,0,128,0,46,0,0,272,19,0,56,0,0,1269,0,84,0,0,0,0,178,0,0,46,49,112,20,91,0,0,0,0,41,0,23,122,0,0,0,0,0,0,0,0,132,0,0,0,0,0,0,0,22,84,0,0,0,349,312,0,183,0,51,145,45,0,0,0,0,42,0,0,48,83,0,284,0,0,26,226,0,269,76,0,0,0,0,0,0,0,203,0,37,0,45,119,0,136,0,185,0,0,123,0,0,33,45,0,0,0,0,0,32,0,0,0,33,0,0,228,0,41,0,0,0,0,112,0,0,115,0,33,71,0,0,18,49,0,0,98,77,0,0,152,0,34,0,47,0,92,176,0,0,0,0,0,30,0,0,0,0,0,78,0,79,0,0,0,31,125,33,0,0,244,72,95,0,0,38,0,0,0,54,0,49,72,0,0,0,153,0,0,31,0,0,0,0,0,0,0,0,0,31,0,0,93,0,0,0,0,0,77,0,0,0,49,0,0,48,0,0,0,0,0,0,0,0,63,0,120,0,0,0,0,54,0,0,72,29,0,0,0,51,18,0,104,0,0,0,0,0,0,0,94,0,0,67,148,0,0,0,0,0,18,61,65,0,0,0,0,0,0,0,80,0,0,82,0,0,0,0,0,0,0,0,0,0,0,58,0,0,0,0,0,0,0,0,0,81,0,0,0,0,0,18,0,0,0,30,0,0,0,128,0,0,47,0,0,0,0,0,53,0,0,64,0,0,0,0,0,0,0,0,0,0,0,72,23,0,0,0,117,0,0,9,0,0,0,0,0,0,0,69,0,0,0,0,87,0,0,0,41,0,97,0,90,0,0,0,387,0,246,0,23,0,0,0,74,0,38,0,93,0,0,0,0,66,0,0,0,0,0,0,0,70,76,0,0,123,0,0,0,63,55,0,0,21,33,0,0,0,0,0,0,47,0,133,0,0,0,0,0,0,0,0,97,0,0,0,0,0,132,0,0,0,36,0,138,0,0,0,0,0,0,0,0,0,0,0,0,317,0,0,0,0,0,0,0,0,0,0,0,0,0,0,0,0,0,0,0,89,0,0,0,0,0,0,0,35,0,148,0,20,31,0,0,0,0,0,313,42,0,75,0,32,0,0,96,0,37,0,0,0,0,0,60,0,0,48,0,0,84,0,0,0,44,72,216,88,0,141,0,43,0,0,0,210,137,56,0,139,0,70,0,0,0,0,0,0,0,0,0,31,0,123,43,57,0,0,31,0,0,0,126,26,0,61,177,0,42,0,41,0,655,55,0,0,141,0,99,93,0,0,31,199,0,27,0,141,0,0,0,0,0,35,0,29,0,0,0,0,0,0,143,0,61,0,0,93,77,0,0,115,31,0,0,0,55,0,221,0,0,0,0,0,527,0,0,89,0,0,0,0,84,98,0,255,93,160,0,57,0,0,0,0,0,38,104,25,8,60,36,0,60,258,99,43,0,0,37,174,43,95,21,59,123,0,0,192,0,133,0,287,76,49,0,0,0,0,0,0,118,109,0,0,0,0,0,0,53,0,0,74,0,73,0,0,90,0,0,0,0,0,76,0,0,79,0,218,46,0,0,337,0,0,0,0,126,649,0,58,0,42,0,0,174,0,0,266,0,0,0,73,0,0,0,34,0,142,155,0,0,0,39,130,0,34,0,0,42,0,94,0,84,0,73,0,110,0,0,0,0,0,0,0,93,0,57,0,209,0,0,0,0,0,0,214,100,41,0,404,0,0,0,0,0,48,0,0,31,20,87,0,0,59,0,58,93,0,0,0,44,13,51,0,0,59,157,29,0,0,57,0,44,0,63,50,0,0,0,0,0,0,0,0,0,152,47,0,0,0,0,29,0,0,0,0,0,128,0,0,73,0,0,0,0,31,0,79,81,48,262,0,0,0,0,0,0,72,0,0,52,53,216,0,0,42,0,134,0,0,0,0,40,30,0,0,0,48,0,86,0,0,61,40,0,0,0,0,0,30,0,0,0,0,0,64,38,111,87,0,53,0,0,0,0,103,0,83,0,0,74,0,0,73,139,0,102,0,26,0,89,0,0,0,0,0,0,66,0,0,53,47,0,0,42,0,0,402,0,34,0,20,0,0,0,44,0,0,0,0,0,0,0,127,0,0,0,0,343,0,0,68,0,45,0,0,0,0,0,0,0,0,48,80,157,0,0,0,0,0,0,0,0,0,0,0,0,0,0,0,0,0,140,0,0,21,42,0,0,43,122,0,0,37,0,0,0,0,0,0,0,83,0,0,0,112,0,23,0,0,57,0,0,39,0,131,21,136,0,0,0,0,0,75,0,0,59,67,127,38,0,0,0,82,0,0,0,33,0,0,0,51,46,0,560,0,0,0,62,0,0,68,0,190,0,0,0,40,0,0,0,0,122,0,0,57,0,0,28,0,0,39,0,0,0,64,35,0,0,0,138,61,0,0,0,0,0,0,0,0,0,59,0,0,295,0,0,121,0,0,0,106,0,171,0,0,0,0,0,0,0,0,0,57,0,187,0,0,0,0,33,0,0,0,275,0,0,0,0,83,0,0,0,127,0,0,0,61,0,28,0,0,111,0,0,0,0,65,0,0,0,46,183,0,0,22,0,0,0,0,29,0,129,127,0,0,0,23,44,0,50,0,75,0,126,93,0,0,0,0,0,0,0,0,0,0,0,0,0,0,0,241,0,0,71,0,0,0,142,0,41,24,0,0,0,0,26,25,0,0,0,45,90,0,0,0,0,0,29,0,0,0,0,63,57,0,84,0,0,43,0,0,0,0,0,0,26,0,36,0,0,0,0,47,0,0,79,0,0,79,0,0,156,0,0,0,0,63,63,0,0,62,0,0,58,0,0,81,0,0,0,66,80,0,32,0,59,0,39,76,0,0,32,55,42,0,90,0,96,86,36,0,0,50,0,69,74,0,21,0,80,0,37,0,0,0,0,120,0,0,0,213,0,0,145,0,0,0,32,0,0,78,30,0,293,0,194,25,0,0,56,98,0,0,0,33,45,65,0,0,0,57,0,41,53,0,53,0,67,0,113,0,81,0,0,0,0,0,0,0,0,0,33,132,129,0,0,0,0,0,0,0,75,0,44,198,0,0,0,27,0,120,0,0,54,0,0,0,0,56,0,0,0,0,0,0,0,0,0,0,0,39,38,0,0,0,0,0,0,62,0,0,0,0,0,37,31,0,0,129,0,58,0,35,0,0,0,0,0,0,60,30,164,0,0,0,0,0,0,0,0,0,170,74,0,38,44,146,0,0,0,0,40,37,0,0,0,30,36,0,80,61,0,0,0,0,105,0,0,0,0,0,102,0,37,0,0,0,33,76,0,0,0,43,0,0,0,163,0,0,125,0,0,0,0,0,0,0,0,214,0,0,0,0,0,0,0,0,0,38,43,0,0,0,37,0,0,0,0,0,0,80,48,324,0,20,0,85,107,0,0,30,0,35,100,0,0,0,0,104,0,72,0,0,97,0,124,0,0,0,0,101,42,0,91,0,93,0,0,0,0,0,26,0,0,140,22,0,397,0,0,0,0,0,0,0,0,0,0,0,0,0,0,0,0,0,0,0,48,0,0,0,126,61,0,0,0,39,58,0,0,0,0,0,0,0,120,57,60,0,0,0,0,0,168,31,20,139,0,0,337,0,0,0,0,0,0,921,0,0,0,0,0,0,0,0,0,0,0,66,0,0,0,0,0,0,0,0,0,0,60,0,0,0,150,0,0,0,0,0,0,0,0,92,0,0,44,116,0,0,0,0,0,0,0,0,0,0,348,42,0,0
286,0,0,0,0,0,0,0,0,57,0,67,0,0,0,84,0,47,0,0,0,161,0,0,60,76,0,0,61,0,0,0,0,0,0,0,0,0,62,0,0,0,0,0,157,0,0,0,218,0,38,28,0,0,0,137,0,0,0,0,0,141,72,26,32,0,55,0,14,0,67,0,47,0,0,100,94,0,95,29,90,0,40,141,120,44,29,0,40,0,188,41,0,82,46,0,0,0,0,0,0,0,0,115,0,0,34,0,73,0,54,0,97,112,83,36,54,0,0,0,69,0,273,0,0,0,0,0,69,0,52,0,178,0,68,26,96,0,0,0,41,53,0,0,0,0,0,0,0,49,0,0,72,47,88,0,0,44,45,161,0,46,0,0,0,41,0,0,83,70,147,107,0,0,0,31,0,0,98,0,0,45,0,0,0,55,0,654,0,0,0,0,39,0,0,0,0,0,0,62,0,51,38,0,117,0,82,0,0,0,97,52,0,0,23,87,0,50,0,0,0,116,18,0,137,0,0,0,0,0,85,0,23,0,0,0,22,40,163,60,0,98,0,24,47,0,43,0,0,0,30,38,173,0,39,0,0,0,0,0,52,37,45,0,27,0,0,47,45,433,18,0,88,48,0,51,0,0,245,163,0,0,91,79,0,0,0,0,1691,52,66,40,206,0,0,0,0,0,76,0,0,0,0,0,0,119,67,191,0,55,69,0,109,0,0,0,23,70,84,0,60,0,0,0,196,120,0,148,0,0,0,0,0,0,0,0,0,0,0,0,0,23,0,0,0,0,0,0,34,390,112,48,0,85,256,0,34,106,58,146,0,0,79,0,0,43,381,112,0,0,69,0,59,0,43,0,0,0,0,130,0,0,35,0,0,830,56,0,0,0,0,0,486,19,51,39,59,0,26,105,0,0,130,0,0,0,0,0,42,0,47,0,40,42,0,0,121,0,0,78,0,0,123,0,107,96,0,0,0,0,0,0,80,0,137,0,0,0,0,153,0,0,67,36,110,0,50,0,0,0,0,0,0,0,0,0,0,0,0,0,97,0,36,38,0,0,0,0,35,0,0,53,0,0,45,0,0,268,131,0,55,0,0,128,0,0,0,0,109,219,151,61,0,71,0,23,86,117,100,0,0,114,0,196,42,0,204,44,54,0,0,0,0,0,0,0,112,0,0,58,83,50,113,330,27,0,0,41,64,0,0,0,0,0,0,0,0,0,0,77,0,173,0,53,0,0,71,0,0,232,44,127,0,56,0,0,0,0,0,0,42,0,0,62,0,124,47,0,0,0,40,123,46,0,25,0,0,0,0,28,100,41,0,0,96,0,65,220,0,0,45,311,0,127,0,0,0,30,0,0,0,0,0,72,0,147,0,84,0,0,0,0,29,79,50,0,0,33,0,30,0,0,0,0,0,14,25,0,0,82,172,0,0,40,0,0,0,30,0,0,0,0,85,0,0,70,0,0,0,52,0,0,0,0,189,0,0,65,0,193,37,0,0,0,28,46,25,0,0,51,55,0,0,0,186,0,0,50,44,0,0,0,0,32,0,0,0,0,50,0,0,0,27,0,0,0,125,0,0,0,0,43,0,0,37,0,0,0,125,0,0,56,128,0,0,0,0,35,0,0,219,53,56,92,56,193,0,40,0,0,0,28,0,0,0,0,0,0,135,0,148,0,301,0,0,53,0,0,0,0,0,50,0,0,69,0,0,0,0,0,0,0,0,0,0,0,0,28,0,27,74,81,0,0,0,42,0,0,0,0,91,0,0,0,0,0,0,0,37,156,0,0,0,0,0,0,0,0,0,0,30,0,0,21,76,68,52,0,49,0,0,0,0,138,0,43,0,0,0,0,43,0,78,0,0,0,55,69,0,65,0,0,0,40,0,0,0,0,0,0,0,0,183,0,0,0,0,0,0,0,32,0,38,0,0,0,0,0,33,362,31,0,0,51,0,0,0,0,0,0,0,0,29,0,46,93,0,0,0,0,0,0,41,0,0,0,0,65,0,0,0,0,0,0,83,49,114,22,0,0,0,125,0,0,0,0,0,127,150,0,83,23,50,0,0,280,70,0,81,0,36,96,41,0,0,0,79,0,0,0,0,0,24,0,27,0,0,45,17,0,0,54,0,53,0,0,0,0,0,25,0,0,35,0,0,0,0,0,144,0,0,0,0,0,0,35,0,44,0,253,0,0,0,88,0,0,0,49,26,0,0,113,0,0,0,19,50,27,173,0,492,30,0,0,0,0,0,0,0,0,0,0,51,0,0,0,0,0,95,0,0,0,0,0,0,81,77,183,0,0,0,0,34,22,0,0,0,0,0,0,0,0,0,0,0,104,0,99,130,0,91,0,0,56,0,35,59,117,0,0,61,0,0,0,69,0,21,45,65,78,0,77,0,31,55,180,299,107,47,0,0,0,0,0,0,23,0,0,0,0,0,0,0,47,264,0,0,0,35,0,0,114,0,59,0,42,0,0,0,0,0,0,38,0,0,25,0,0,0,0,0,115,0,0,0,0,0,0,0,290,34,109,0,0,0,0,35,70,0,93,0,0,28,0,0,0,0,72,48,0,0,0,0,0,0,0,0,183,42,49,38,0,98,0,0,0,28,0,136,0,0,0,148,101,93,0,0,0,110,0,82,0,30,0,0,0,0,174,110,0,0,0,0,0,0,160,243,0,0,33,0,254,148,0,57,0,0,0,0,0,0,43,63,0,34,0,0,0,0,0,184,0,0,34,0,0,72,0,0,0,0,0,0,42,0,0,0,0,0,112,0,0,36,62,0,0,0,0,0,88,0,37,0,33,54,0,0,0,95,0,0,0,0,0,0,0,39,0,0,0,0,0,0,0,0,0,0,0,0,35,130,0,0,0,0,0,0,28,0,0,0,0,0,0,61,8,0,0,0,0,0,34,0,0,0,0,0,0,0,55,0,152,26,0,0,0,65,0,122,42,0,0,47,0,27,0,0,123,14,0,32,0,0,309,0,0,0,0,0,0,0,0,0,0,0,0,0,0,0,0,0,0,0,0,0,50,0,0,0,28,0,71,0,0,91,0,0,0,0,0,0,0,0,0,0,0,0,0,0,0,71,0,24,50,0,0,0,0,0,56,28,0,0,19,0,171,0,0,0,131,0,150,0,0,0,0,0,0,0,0,53,0,34,0,36,79,0,110,0,0,0,0,0,0,0,43,0,0,0,26,0,0,0,58,122,0,77,61,0,41,0,0,0,44,0,0,0,0,0,72,0,0,41,0,0,0,0,0,0,0,0,0,0,117,0,61,78,0,0,0,97,0,0,0,0,0,0,0,0,0,0,0,0,0,24,0,0,21,0,0,0,0,0,28,213,0,0,0,0,0,0,0,65,0,0,31,0,0,0,0,0,28,0,0,0,0,0,0,68,133,53,0,0,0,0,67,0,0,0,0,40,0,0,0,0,61,0,0,64,0,0,0,30,0,0,113,0,0,0,72,0,0,0,49,76,0,0,0,37,70,0,0,0,297,0,85,0,0,0,30,0,0,0,116,0,0,70,144,0,0,0,46,0,0,0,34,0,38,0,71,0,0,0,82,0,0,0,0,79,0,0,0,0,0,0,0,83,0,0,0,0,0,0,0,0,0,0,69,71,50,0,30,63,0,0,0,0,72,44,0,38,0,104,0,0,0,0,0,0,0,95,0,0,0,0,0,39,0,0,0,0,0,0,27,0,0,114,73,0,0,25,253,0,0,0,0,160,0,0,0,0,0,259,0,0,0,0,69,0,0,0,40,0,39,0,0,0,0,0,120,18,203,0,0,0,0,42,123,0,60,0,0,0,44,0,0,106,0,0,0,0,0,0,0,0,96,0,0,274,0,0,0,0,0,0,0,46,0,16,21,0,0,0,77,0,0,61,0,76,0,0,0,0,0,0,0,0,0,0,0,0,72,0,0,0,0,0,0,0,0,0,0,96,95,0,68,0,0,33,25,202,0,0,0,20,0,47,0,0,53,0,0,0,0,0,0,0,0,0,0,226,0,0,0,0,0,0,0,0,0,524,0,0,50,0,0,0,0,0,0,34,0,44,0,0,0,0,0,0,35,0,18,0,0,78,69,27,0,40,0,0,304,0,0,0,0,0,0,148,0,0,53,0,0,0,0,0,75,35,39,44,0,0,0,0,0,0,0,0,0,0,0,27,60,0,100,0,21,0,0,0,0,0,0,0,0,0,74,0,0,19,0,0,124,28,0,0,39,0,174,31,0,0,36,59,0,0,0,0,0,0,0,0,0,0,0,146,0,0,0,44,44,50,0,59,84,0,0,0,188,0,0,22,0,0,0,0,0,133,53,0,83,32,0,0,55,0,0,89,0,0,0,0,0,0,0,89,0,78,0,0,0,0,0,0,71,0,0,42,0,24,44,0,0,133,0,66,0,0,0,0,72,35,67,0,74,0,0,0,0,71,0,39,74,0,0,0,0,0,99,142,42,190,0,0,67,0,0,0,0,0,0,0,0,116,0,0,0,0,0,0,0,0,49,0,0,73,0,0,100,0,0,44,0,0,0,0,167,0,0,0,0,0,0,0,0,0,59,40,0,0,48,38,0,0,0,0,136,23,0,0,0,0,81,0,43,0,0,0,48,0,0,0,120,0,0,0,0,0,0,76,31,0,0,0,290,76,0,0,331,0,0,0,0,0,0,68,0,0,55,101,0,0,37,0,0,0,38,0,0,0,30,0,0,0,11,79,0,0,76,48,41,0,41,56,0,0,50,67,0,138,0,0,0,0,88,0,0,0,0,0,0,0,53,53,0,70,59,0,0,0,44,0,0,0,0,0,54,58,0,0,71,0,0,0,0,55,17,28,101,33,0,0,0,0,0,0,0,52,0,0,0,79,313,45,43,70,63,89,0,0,0,0,0,0,0,0,42,0,0,57,188,0,0,46,0,0,0,0,36,0,84,42,0,0,0,42,0,40,82,0,44,0,0,0,0,0,0,0,0,0,52,0,0,0,0,48,56,29,0,0,0,0,0,0,0,0,0,96,0,0,0,48,0,0,52,0,0,502,0,121,0,0,0,0,55,0,0,0,0,0,0,0,0,27,0,0,0,0,213,33,0,187,0,0,0,0,0,0,0,0,23,127,69,139,130,0,0,0,0,0,0,37,0,0,0,0,56,0,0,64,23,28,43,0,0,0,47,0,42,61,87,0,23,61,0,0,0,0,0,50,0,0,56,0,49,94,0,0,0,0,0,0,74,0,30,122,22,66,0,0,29,0,0,26,0,66,0,25,52,0,0,0,0,94,0,0,0,0,56,0,32,0,0,36,585,0,0,0,0,0,0,53,24,136,44,0,0,0,0,49,0,0,104,66,0,151,0,0,0,0,40,53,0,0,0,60,0,0,58,0,0,55,0,0,0,0,0,0,0,0,0,0,0,0,636,0,0,288,0,0,0,89,0,69,23,0,148,0,0,0,75,0,0,50,0,23,40,0,45,0,55,32,0,0,309,55,0,0,0,123,0,0,152,175,98,0,0,0,0,64,0,0,63,0,0,0,0,67,70,32,51,47,87,14,0,0,0,0,0,0,37,0,102,136,0,31,0,118,63,0,0,0,0,0,184,108,0,23,0,0,63,0,0,0,36,0,0,0,52,0,0,201,34,0,0,0,0,0,0,0,0,11,68,0,0,0,84,0,0,0,0,0,192,71,0,0,80,0,0,0,0,56,0,0,67,0,57,0,41,59,0,0,0,0,0,0,0,33,0,0,0,56,0,0,49,54,47,0,0,0,0,0,85,0,0,24,50,59,0,0,0,54,0,0,0,0,0,225,0,0,0,186,0,0,0,0,0,27,0,41,0,0,118,0,157,0,75,44,0,0,113,0,0,40,0,71,0,0,37,0,46,0,0,0,0,0,0,70,0,0,0,215,0,0,0,49,0,0,98,0,0,186,0,0,210,0,223,0,101,0,51,119,0,0,0,0,47,0,0,0,0,0,0,32,0,0,0,0,0,69,71,0,0,0,0,0,0,0,46,0,60,0,50,210,77,0,0,0,0,28,0,0,70,0,68,0,0,30,0,0,61,42,0,0,0,0,0,0,53,47,0,0,0,67,0,0,162,0,0,0,0,125,0,0,0,0,0,0,0,56,0,0,41,0,73,46,0,0,0,78,0,81,0,126,60,0,0,71,0,0,73,0,201,0,0,28,0,0,0,0,0,0,107,0,0,92,31,58,0,0,0,0,0,0,0,0,0,0,0,0,216,33,0,0,0,0,70,0,0,0,0,0,0,0,0,0,0,0,0,0,36,0,10,0,0,0,44,60,0,0,33,59,0,0,0,0,0,0,0,78,0,0,0,0,0,0,0,0,0,0,0,0,0,0,0,0,0,0,0,0,23,0,114,298,0,0,0,43,0,0,0,0,0,78,41,0,0,124,0,0,0,0,0,0,48,0,93,18,0,0,0,45,88,0,0,0,95,0,0,0,0,0,0,0,0,0,50,0,143,0,0,0,0,0,44,0,0,0,0,0,0,0,0,0,0,0,0,0,0,0,0,0,50,87,65,0,0,0,113,0,0,0,0,0,0,0,61,0,155,0,0,15,0,49,65,0,0,45,25,0,102,0,0,0,0,0,0,392,0,0,0,0,0,0,0,0,0,0,0,49,0,48,0,0,0,0,0,115,49,0,0,0,0,0,85,0,0,0,0,0,0,0,0,87,0,0,67,43,0,0,0,0,0,0,0,0,0,26,242,0,0,15
287,0,0,0,49,0,37,64,0,0,0,148,0,0,0,263,148,135,0,38,0,209,104,40,44,47,0,0,56,64,0,0,82,0,0,111,206,0,0,491,73,0,31,43,99,0,43,42,218,0,293,45,0,33,0,182,0,0,0,0,0,85,47,413,0,0,191,0,32,0,166,0,29,0,0,53,101,0,209,0,63,42,0,66,213,0,61,0,27,46,236,0,65,44,90,0,33,0,88,0,0,0,28,69,23,0,103,0,39,65,208,39,0,0,234,0,0,140,0,27,177,0,0,0,0,29,0,0,98,0,61,0,251,0,68,166,167,0,49,0,113,0,192,291,0,0,84,44,23,78,0,43,88,37,131,101,0,83,0,271,343,40,0,0,35,117,38,0,45,107,157,66,62,0,31,71,0,44,140,0,0,328,0,0,0,64,0,180,123,0,0,0,0,0,235,0,72,0,0,24,0,62,158,0,232,0,0,0,49,152,108,85,37,125,0,0,90,62,0,0,133,201,0,0,222,0,0,129,222,0,90,0,0,0,0,0,32,0,38,47,0,57,0,0,0,0,65,0,0,0,0,89,175,72,284,0,29,0,38,66,239,0,0,0,0,0,0,206,88,266,29,0,215,260,0,31,101,0,1064,50,106,0,48,100,0,0,0,201,1905,144,54,0,119,0,0,98,0,0,119,0,0,0,37,37,0,360,0,0,0,48,35,482,76,0,0,49,69,239,0,32,0,0,0,30,167,0,0,50,0,0,407,0,0,46,61,82,0,0,0,0,0,0,35,62,134,0,0,0,58,1083,87,72,0,37,551,0,0,53,124,105,30,54,91,39,107,0,108,176,50,34,35,75,50,0,54,0,170,0,0,97,99,46,0,0,65,304,44,65,66,0,0,0,867,0,64,44,380,0,87,180,0,0,146,0,56,112,45,0,37,24,143,0,42,0,0,0,65,80,176,179,33,55,0,43,54,0,64,58,150,0,0,0,0,0,90,0,0,40,0,94,0,0,289,131,157,49,215,129,53,69,0,0,197,0,85,61,50,35,0,0,172,0,256,48,0,30,0,49,0,0,38,0,240,103,0,54,151,66,57,94,171,51,83,112,174,0,0,41,0,122,157,0,0,71,64,71,234,116,245,44,0,48,0,470,103,0,158,0,42,0,79,0,0,0,0,0,113,39,60,189,72,0,177,96,36,0,130,66,51,0,63,0,0,19,0,74,0,0,0,186,43,55,260,0,0,0,78,0,57,43,121,0,44,0,0,59,0,83,75,55,39,42,0,0,47,446,0,0,0,51,272,110,0,0,0,0,0,102,0,49,90,50,113,0,33,0,230,204,0,0,0,394,0,36,0,0,0,108,0,0,36,0,63,0,0,152,56,64,37,0,0,0,47,0,0,0,47,168,0,63,0,0,0,0,84,0,46,33,0,249,155,0,46,50,0,0,0,61,0,0,0,0,21,0,0,148,0,74,0,0,158,45,0,0,482,0,0,53,50,105,66,47,0,0,28,154,43,67,0,0,242,0,63,0,244,29,0,59,177,0,0,0,53,73,143,0,0,73,134,0,135,0,54,0,0,0,189,0,309,0,0,30,0,0,77,0,42,82,0,27,0,124,288,0,0,0,0,47,0,77,180,96,201,811,276,276,54,80,0,0,111,0,0,20,66,0,0,0,221,42,281,0,217,44,0,0,0,0,113,0,0,43,51,29,0,0,0,0,0,0,37,99,0,51,0,0,0,35,0,216,83,189,0,0,39,98,36,44,34,0,145,0,29,0,0,0,112,79,0,318,0,0,0,0,0,0,0,134,47,47,67,28,0,0,105,39,158,14,88,0,0,0,163,116,0,160,0,0,0,42,108,0,160,0,0,0,0,33,0,127,169,0,0,0,0,0,99,59,0,0,0,61,478,0,212,60,0,33,67,35,90,0,87,0,0,0,433,148,0,232,0,0,0,33,0,49,0,0,49,0,0,38,0,52,101,257,0,0,0,33,0,52,70,30,42,42,0,0,0,0,48,140,0,0,221,98,225,0,26,0,75,137,0,0,0,0,32,82,117,275,69,44,32,0,30,120,35,0,0,0,123,89,37,0,0,105,139,0,0,58,0,0,0,0,0,0,0,60,84,0,0,120,0,101,0,37,0,0,52,44,0,0,0,78,34,0,40,0,258,0,0,0,0,92,0,0,0,40,0,560,0,0,0,302,146,0,0,124,63,0,60,73,29,0,0,0,308,0,226,0,0,0,0,0,53,0,0,0,0,18,0,0,202,0,0,119,37,0,140,140,0,0,0,64,0,393,320,38,110,41,0,0,0,0,0,0,404,0,31,0,0,43,0,0,0,183,0,0,355,40,50,0,91,90,47,75,0,186,0,0,87,0,39,0,293,0,60,92,54,54,0,0,0,0,111,57,221,220,105,0,161,110,0,367,0,0,0,0,0,29,0,0,0,76,223,0,0,0,0,0,0,139,0,0,62,0,37,34,0,0,30,0,153,0,0,28,62,77,0,0,68,58,102,202,16,0,793,0,0,0,0,0,227,58,0,0,19,51,0,0,0,0,195,200,0,0,0,36,207,0,67,0,0,0,0,0,54,0,66,0,0,63,161,103,135,0,59,0,169,58,0,0,27,226,0,45,52,0,291,0,0,0,0,75,219,0,0,0,67,0,89,0,0,0,79,128,409,0,0,0,0,0,110,0,84,91,0,0,0,0,0,0,0,0,152,0,0,78,0,0,382,0,0,43,117,0,66,45,0,73,73,0,0,0,0,0,0,0,0,166,0,0,39,0,54,0,0,0,0,26,0,0,0,17,0,0,0,0,53,0,0,0,0,0,52,0,0,0,0,0,0,36,0,0,49,0,0,0,0,106,103,204,0,0,0,0,0,0,29,0,82,42,0,0,85,0,0,0,0,0,0,39,0,121,0,0,0,25,0,0,0,139,0,0,0,40,46,36,210,191,0,0,113,0,0,38,0,139,72,0,108,0,0,830,0,41,0,0,0,0,198,0,26,0,0,58,0,0,19,0,0,0,77,0,0,118,0,0,0,98,0,38,0,0,130,39,0,0,27,0,0,0,0,210,0,0,0,692,285,0,198,0,0,0,78,0,0,53,0,114,18,25,48,53,0,189,24,0,99,193,0,134,119,0,161,0,0,0,0,0,119,0,24,0,0,48,0,87,0,182,0,26,147,0,0,35,70,0,49,0,0,22,79,46,119,0,45,45,0,358,87,34,59,100,0,40,119,0,0,38,0,0,80,0,0,0,87,0,0,187,74,44,0,159,0,58,57,0,0,142,62,0,0,41,0,49,0,0,0,41,0,78,66,0,167,0,0,0,0,145,0,23,0,257,100,93,34,0,0,0,0,0,32,0,77,81,0,0,0,0,0,0,0,0,0,39,0,0,0,0,0,0,0,48,48,150,0,40,0,0,0,206,0,0,0,0,0,0,113,33,0,0,0,0,0,0,0,67,0,49,51,0,0,65,148,0,0,103,35,56,0,0,0,45,0,145,0,39,51,0,0,0,0,264,0,0,42,39,0,0,54,0,0,60,50,141,0,0,0,0,0,0,0,128,0,0,318,0,0,0,0,0,0,0,0,0,53,0,72,0,0,0,0,0,71,0,0,117,120,41,0,0,0,0,0,0,0,33,41,0,0,36,246,0,0,27,0,0,39,0,117,70,59,0,68,55,34,0,0,35,45,0,0,0,33,0,96,0,0,52,39,97,0,0,0,0,0,0,0,0,0,0,68,49,0,0,0,209,0,0,0,0,0,131,0,153,0,18,0,226,0,0,0,0,0,0,51,100,0,76,0,73,0,66,47,31,82,0,0,0,36,0,0,0,0,72,0,0,318,0,0,0,42,68,0,0,84,54,0,0,0,0,0,30,59,51,293,78,0,32,0,0,77,0,33,42,0,0,0,0,0,230,0,0,18,0,0,0,0,0,0,0,207,68,0,0,33,0,84,0,565,0,0,0,114,0,64,0,0,0,41,0,0,0,0,0,0,42,0,0,436,0,0,0,0,0,27,0,104,0,369,0,42,45,0,0,0,0,0,196,86,0,0,0,0,0,0,0,0,0,0,0,0,0,0,122,0,0,19,0,0,55,0,46,0,60,0,143,249,0,77,50,37,0,0,26,75,44,80,0,52,0,40,0,0,0,0,46,0,0,0,32,58,92,0,90,0,0,35,69,0,0,0,49,0,75,27,53,37,38,30,0,0,328,0,0,0,171,0,218,0,0,0,64,95,59,0,0,104,0,35,0,0,0,82,0,0,0,25,0,54,20,0,0,144,127,0,0,56,0,0,0,41,0,0,0,0,0,0,96,0,0,31,0,0,161,26,0,230,47,0,0,0,40,0,0,112,100,114,0,35,0,0,0,0,0,0,0,0,30,68,95,55,63,205,85,34,0,0,0,106,36,57,0,0,300,0,0,63,0,156,0,158,43,0,0,0,0,0,65,42,53,110,0,0,0,0,0,0,67,0,0,0,0,57,0,0,267,0,0,0,0,31,0,0,0,0,0,87,59,0,0,280,0,0,0,0,0,290,0,57,0,0,47,0,46,0,130,132,0,0,28,92,0,0,0,0,0,58,64,0,0,0,0,99,0,42,0,0,85,0,0,0,175,0,0,0,58,0,0,0,155,0,0,0,134,0,28,0,150,0,0,0,0,0,0,0,0,0,29,83,42,0,0,0,0,48,0,63,0,0,96,0,0,0,0,61,0,0,0,0,0,0,0,0,0,0,0,0,0,94,79,0,0,0,30,0,0,0,0,0,0,23,36,0,0,82,70,0,0,0,0,71,0,0,0,0,0,35,0,0,21,0,0,28,0,38,0,0,182,0,64,134,0,0,0,0,16,0,0,0,0,53,191,0,0,55,48,83,0,0,0,0,0,0,0,0,0,0,0,138,132,0,0,108,0,0,0,0,0,0,86,0,279,0,0,0,0,57,62,0,0,0,0,28,0,156,16,0,0,0,36,0,0,0,187,41,0,0,0,0,0,88,0,0,104,0,0,0,0,0,57,32,30,0,50,0,0,414,0,48,0,0,63,0,0,35,0,0,0,0,0,0,0,54,0,62,0,0,32,26,59,0,0,0,0,0,0,0,0,0,0,88,59,0,51,0,0,0,0,0,89,0,42,17,0,81,0,0,0,78,0,16,66,0,0,36,44,0,0,0,109,0,0,0,0,0,0,0,0,92,35,0,95,0,181,68,0,22,0,0,43,0,33,0,0,96,0,115,0,73,201,0,0,0,25,67,103,69,90,71,65,0,0,65,95,0,0,0,0,0,0,0,30,46,562,24,0,0,0,22,0,59,0,79,0,103,0,0,0,45,0,298,108,67,0,0,0,0,0,0,48,0,0,0,0,25,89,45,46,0,32,101,0,0,0,0,0,0,46,0,0,43,0,35,428,0,0,458,0,45,0,81,32,205,114,0,80,92,0,0,130,0,0,17,0,186,0,22,0,0,46,0,0,0,150,78,0,0,0,78,0,0,37,77,0,0,0,38,0,54,0,0,108,0,0,0,0,70,0,79,62,49,228,0,0,0,0,0,0,0,45,0,643,0,0,0,31,31,0,0,37,0,33,97,0,100,0,0,33,0,0,0,0,0,0,0,21,0,69,0,0,155,0,0,46,0,0,0,119,0,0,53,148,0,0,0,32,55,31,0,0,0,225,0,0,30,46,0,0,0,34,91,0,38,0,0,34,0,62,248,0,0,0,0,37,0,17,0,0,21,0,0,0,75,0,0,91,0,0,101,0,0,36,0,64,0,0,74,0,41,0,89,0,0,38,0,101,296,112,0,0,64,34,49,38,0,0,40,50,0,0,0,106,64,134,0,111,0,0,100,68,0,80,40,0,181,55,0,0,0,144,23,60,0,30,0,0,63,0,0,0,205,0,0,105,84,49,0,113,0,0,0,40,45,488,0,344,0,70,0,53,297,0,0,90,82,0,52,0,0,58,67,0,62,0,0,34,0,117,0,92,0,57,89,0,103,0,0,0,43,45,0,0,64,109,30,0,0,0,85,0,88,40,0,0,150,0,0,0,37,54,0,0,0,0,49,0,0,0,0,0,0,30,86,0,0,29,0,26,109,74,0,50,0,0,0,0,0,0,46,0,33,47,0,0,85,0,0,0,106,0,87,0,67,0,45,70,30,0,0,181,24,0,0,0,0,0,0,0,0,0,0,0,0,0,25,0,58,0,0,0,126,0,0,0,0,0,0,0,0,52,29,0,0,0,0,0,0,0,0,0,0,139,0,0,0,0,0,0,0,49,60,0,0,0,0,29,55,0,0,0,0,0,0,0,34,0,0,0,55,0,34,0,0,0,43,0,0,0,169,0,0,0,0,0,0,0,0,0,0,0,0,154,721,0,40,0,0,100,0,0,0,0,69,0,0,106,58,0,22,0,0,0,0,0,0,81,41,0,0,41,0,47,0,65,0,0,0,0,0,0,30,0,0,0,281,0,0,100,0,0,0,0,0,0,0,69,0,0,0,0,0,0,38,0,0,94,0,0,0,0,67,0,228,46,0,128,0,0,0,40,0,48,0,0,0,43,0,127,0,0,0,0,0,44,0,0,0,0,62,0,49,0,0,31,0,0,62,65,0,0,0,0,0,0,0,0,0,0,0,0,0,0,0,54,0,0,68,0,47,0,0,0,0,0,0,0,0,0,0,0,0,0,66,0,0,0,72,0,23,32,0,0,0,45,0,0,63,336,0,0,0
288,0,0,0,0,0,0,0,0,0,0,45,0,0,0,0,0,0,0,0,0,36,0,0,0,0,0,0,0,0,0,0,0,0,0,0,0,0,0,0,0,34,0,0,64,0,0,0,0,0,0,0,0,48,0,0,0,0,0,0,0,0,0,0,0,0,0,0,0,0,209,0,0,0,0,54,0,0,219,0,33,0,0,0,80,0,0,0,0,0,0,0,0,0,0,0,0,0,0,0,0,0,0,46,0,0,0,0,0,0,0,0,0,0,0,0,0,0,0,0,24,0,26,0,0,0,0,0,0,0,0,0,0,0,0,0,0,19,0,0,0,0,0,0,0,0,0,0,0,0,0,0,0,0,0,0,0,0,0,0,0,0,0,0,0,0,0,0,17,0,0,0,0,0,0,0,0,0,0,0,0,0,0,0,0,0,0,44,0,0,0,0,0,0,0,0,0,0,0,0,0,0,0,0,101,0,0,0,0,0,0,0,0,0,0,0,0,0,0,0,0,0,0,0,0,0,0,0,30,0,0,0,0,0,0,0,0,0,0,0,0,0,0,0,0,0,0,0,0,0,0,0,0,0,0,0,0,0,0,0,0,74,0,0,0,0,0,0,33,0,0,0,0,0,33,0,0,0,0,0,0,0,0,0,0,31,0,0,0,0,0,0,0,0,0,0,0,0,0,0,0,0,0,0,0,83,0,0,0,0,0,49,71,0,0,0,0,0,0,0,0,0,0,0,124,0,0,61,0,0,0,0,0,0,0,0,0,0,0,0,0,0,0,0,0,0,0,0,0,39,0,0,0,0,114,0,0,55,107,0,0,0,0,0,0,119,0,29,0,0,0,0,44,0,0,48,0,0,0,49,0,0,0,0,0,204,0,0,0,0,0,0,108,0,0,0,0,21,0,0,0,0,0,0,0,0,0,16,0,0,0,0,0,0,0,0,0,0,0,0,0,49,0,0,0,0,0,0,0,0,0,0,0,0,64,0,0,0,0,0,0,0,39,0,0,0,52,0,0,0,0,0,0,0,0,0,0,0,0,0,62,0,0,0,0,0,0,0,0,0,0,0,53,0,0,0,0,0,0,0,0,0,0,50,0,0,0,0,0,0,50,0,0,0,0,0,0,45,0,0,0,0,0,117,0,0,70,0,28,0,0,0,0,0,0,0,0,0,0,0,0,0,63,0,0,0,0,0,0,0,0,0,0,0,36,0,0,0,0,0,0,0,0,0,0,0,0,0,0,0,0,0,0,0,0,0,0,0,0,0,0,151,0,0,0,0,0,0,0,0,0,0,0,0,0,0,0,72,0,0,0,0,0,0,69,0,0,0,0,0,0,0,0,0,0,0,0,0,0,0,0,0,31,0,0,0,0,88,0,0,0,0,0,0,0,0,0,0,0,0,0,0,0,0,0,0,0,0,0,0,82,0,0,0,0,0,0,0,0,0,0,0,0,0,0,0,0,0,0,0,104,0,0,0,79,0,0,0,0,50,24,0,0,0,0,73,0,0,0,0,0,0,50,0,60,0,0,0,71,0,0,0,0,0,21,0,0,0,0,0,0,0,0,0,0,0,0,0,31,0,0,28,0,0,19,0,0,0,67,0,0,0,0,0,0,0,0,0,0,0,0,0,0,0,0,63,0,0,0,0,0,0,0,0,47,0,0,0,41,0,74,42,99,43,0,0,0,0,0,0,0,0,0,0,47,0,0,0,0,0,0,33,0,28,0,0,0,0,0,0,0,0,0,0,0,0,0,0,0,0,0,0,0,0,0,0,0,0,0,0,0,0,0,0,0,0,0,0,0,0,0,0,0,0,0,0,0,0,0,0,0,0,0,105,0,74,0,0,0,0,0,0,0,0,0,0,42,0,0,0,0,0,0,0,0,0,0,45,0,0,0,0,0,0,39,0,0,0,0,0,0,0,40,0,0,0,0,0,12,72,0,0,0,24,0,0,0,0,0,0,0,0,0,0,0,0,0,0,0,0,0,0,32,0,0,0,0,0,0,0,0,25,0,69,0,0,0,0,0,0,0,0,0,0,0,0,0,86,72,0,47,0,0,0,0,0,31,0,0,0,0,0,0,0,0,0,0,0,0,0,0,0,0,0,0,0,0,0,0,0,0,0,0,0,0,0,0,0,0,0,0,0,0,0,0,0,0,0,97,0,0,0,46,0,31,62,0,0,0,68,0,0,0,49,0,0,0,0,0,0,0,88,0,0,0,0,144,0,66,0,0,0,0,0,0,0,0,0,0,0,0,0,0,0,0,48,0,0,124,0,0,0,0,0,0,51,81,49,0,0,0,0,0,0,0,0,0,0,0,0,0,0,0,0,0,0,0,85,195,0,0,0,0,0,0,0,77,0,0,0,0,0,0,0,0,0,0,0,0,0,0,0,0,0,0,0,177,0,0,0,32,0,0,0,0,0,0,0,0,0,0,60,0,0,169,0,0,0,0,0,0,0,0,0,0,0,0,0,0,0,57,0,0,0,0,0,0,0,0,0,0,50,0,63,0,27,39,0,0,0,0,0,0,0,0,0,0,0,46,59,0,0,43,0,0,0,0,0,0,0,0,0,37,0,0,0,0,62,0,0,0,0,0,19,0,0,0,0,0,0,0,0,48,0,0,0,108,0,0,0,0,0,0,0,0,0,0,0,0,0,0,0,0,0,0,17,105,26,0,12,0,0,35,0,80,0,0,0,0,0,0,0,0,0,0,0,0,0,0,0,129,0,35,0,0,0,0,0,0,62,35,0,0,0,0,0,54,0,0,69,0,0,0,0,0,0,70,0,0,0,0,0,0,0,0,0,0,0,0,0,0,0,0,0,0,0,57,0,0,0,0,0,0,0,0,0,0,0,0,0,0,0,0,0,0,0,0,0,34,0,0,0,0,0,0,0,0,0,0,0,0,0,0,48,0,0,61,0,0,0,0,0,0,0,0,0,0,0,34,0,0,0,0,0,24,0,0,14,0,0,0,0,0,0,0,0,0,0,0,0,20,0,0,0,0,0,0,0,103,0,0,0,64,0,0,57,0,0,0,0,0,0,0,0,0,0,0,0,0,0,0,0,0,0,0,0,0,217,239,0,66,0,0,0,0,0,0,46,0,0,0,0,0,0,0,46,0,0,35,193,0,27,0,0,108,0,0,0,0,0,0,0,0,0,37,0,25,0,0,143,0,0,0,0,0,0,0,0,0,35,0,0,0,0,0,0,0,0,0,136,0,0,0,70,0,0,42,0,0,33,0,0,67,0,0,0,0,0,0,0,0,0,0,0,0,0,30,42,0,0,0,0,0,28,0,0,0,0,0,0,0,18,0,0,113,0,0,0,0,80,0,0,0,129,0,67,0,0,0,0,0,35,0,0,0,0,0,0,0,0,0,0,49,0,0,0,0,0,0,104,0,0,0,0,0,0,0,0,44,0,0,103,0,0,0,0,0,0,0,0,0,0,0,0,0,0,0,63,0,62,0,0,0,0,0,0,0,0,0,40,0,0,0,0,0,64,0,0,0,0,0,0,0,43,0,0,88,121,0,0,0,0,0,0,101,0,0,0,38,0,0,0,0,0,0,0,0,0,0,0,0,0,0,0,0,0,48,0,0,0,0,0,0,0,0,0,0,0,122,0,0,0,0,0,0,0,0,21,0,0,0,31,75,0,0,0,0,0,0,0,0,0,0,46,0,0,0,0,0,0,0,21,35,37,0,0,0,0,0,0,0,51,0,0,0,0,0,0,0,0,0,0,247,0,0,0,0,181,0,0,0,0,0,0,0,50,0,0,0,31,0,232,0,0,0,0,0,87,0,0,0,55,0,0,0,0,38,0,0,0,0,0,0,0,0,53,0,0,44,0,0,0,48,0,0,0,0,0,0,0,0,0,0,0,0,96,70,0,0,0,0,0,0,0,0,51,0,0,0,0,0,0,0,0,0,135,0,0,0,0,0,0,0,96,29,79,0,0,193,0,0,0,0,0,27,0,0,0,0,52,42,0,0,0,0,0,0,0,0,0,47,45,0,0,0,0,0,0,0,0,101,0,0,27,0,25,0,47,0,0,73,0,0,0,0,0,0,0,0,0,0,0,0,0,0,104,0,0,0,0,0,168,0,0,0,0,0,0,125,0,0,23,32,0,0,0,0,0,0,23,0,0,0,0,0,0,0,0,0,0,0,24,0,0,0,181,0,0,0,0,0,0,0,0,0,58,0,196,0,0,0,0,0,50,0,0,0,0,0,37,60,0,0,57,0,0,0,0,96,0,0,0,0,0,0,0,117,0,0,0,0,0,49,0,94,128,0,0,0,60,0,0,0,0,0,0,0,0,0,0,0,28,0,0,0,69,0,0,0,0,0,0,0,0,0,0,0,0,39,0,0,0,27,0,0,146,19,73,71,0,59,0,0,0,198,61,0,0,23,0,0,57,29,0,52,203,0,0,0,0,0,0,121,32,0,0,0,0,51,40,101,91,160,0,0,42,0,0,0,0,0,0,0,0,28,0,0,121,0,0,0,0,0,57,0,0,50,0,0,0,0,29,0,0,0,0,0,26,0,0,45,0,0,0,0,0,0,80,53,49,64,117,39,0,0,0,0,0,49,188,0,0,0,0,0,0,0,0,0,0,0,81,0,86,0,0,0,32,0,0,54,88,0,0,0,213,46,0,0,337,0,0,0,0,0,0,151,0,0,52,249,0,0,24,0,0,0,0,0,0,0,0,0,55,0,0,0,107,0,89,0,0,0,0,0,35,0,180,49,0,0,63,0,0,0,0,30,0,0,0,0,0,0,0,0,0,89,0,0,0,0,84,0,0,0,0,0,30,67,0,0,35,0,0,0,0,0,0,0,86,95,182,26,0,0,0,0,0,0,0,0,0,0,61,0,0,51,0,35,0,0,0,0,0,0,0,0,0,0,0,121,184,0,0,0,0,0,0,0,0,0,0,0,21,0,0,0,0,34,125,0,0,0,0,0,0,60,0,61,0,0,42,0,0,52,57,0,0,70,0,0,0,0,0,0,0,0,0,0,0,0,35,0,0,0,0,0,0,322,0,0,0,0,0,0,0,0,0,0,0,0,0,0,0,111,0,0,0,0,0,0,27,160,0,34,0,0,0,0,0,0,29,65,0,82,62,0,0,0,38,0,0,0,0,0,0,0,0,0,0,73,0,0,119,0,0,0,0,0,0,0,21,0,0,0,0,0,0,0,0,51,0,0,0,0,0,45,0,0,0,0,43,0,0,0,0,78,0,0,0,0,0,0,0,0,0,44,38,32,0,41,0,0,0,0,0,0,0,0,57,0,0,0,0,0,310,0,0,0,0,0,0,60,0,0,0,0,0,0,0,45,0,0,72,0,0,125,0,0,0,0,29,39,0,0,0,40,0,0,45,0,52,56,0,0,0,0,0,0,0,0,0,0,0,0,0,0,0,317,0,0,0,0,0,98,52,0,0,0,0,0,39,0,0,51,0,57,0,0,0,0,0,0,0,0,158,40,0,0,0,71,0,0,41,0,0,0,0,0,0,0,0,0,60,0,0,0,0,83,44,0,0,0,86,0,0,0,0,0,0,0,26,0,440,103,0,0,0,0,0,0,31,0,0,0,121,79,0,0,0,0,0,0,0,0,0,0,0,0,55,0,0,0,0,0,0,0,0,18,0,0,0,0,0,0,0,0,30,0,0,0,0,34,76,0,0,0,0,0,0,0,0,0,0,0,86,0,0,0,54,48,0,0,0,0,0,0,0,35,0,0,0,0,0,0,0,0,36,0,0,0,0,0,0,0,42,0,0,41,37,7,0,15,0,0,36,0,43,118,24,0,0,63,0,0,77,0,0,0,0,0,0,0,55,44,0,0,61,30,0,0,23,0,0,0,0,131,22,0,0,0,199,0,0,0,0,0,0,101,0,0,0,116,0,0,0,34,0,0,0,0,0,45,0,39,229,0,143,0,48,0,0,169,0,0,32,0,0,63,0,0,0,57,0,0,0,0,0,0,103,87,0,0,27,60,0,71,0,0,26,0,0,0,22,0,0,0,0,0,0,0,0,52,34,0,40,36,0,0,0,0,0,39,0,0,80,0,0,30,0,0,0,0,0,0,0,0,0,0,0,75,0,114,0,0,0,0,0,0,0,103,0,0,0,0,0,0,20,0,0,74,0,63,0,37,29,0,0,0,0,0,0,76,173,0,42,0,0,0,0,0,0,0,95,83,0,88,50,144,0,0,0,50,0,0,0,0,29,27,0,0,76,107,0,44,0,0,0,0,0,0,0,0,0,0,0,0,0,0,0,59,34,52,0,76,0,0,0,205,0,0,238,0,0,10,0,0,0,0,0,53,0,50,0,0,0,0,0,0,0,47,0,0,0,34,0,0,97,0,0,0,0,0,0,0,0,63,0,106,0,0,0,0,56,0,0,0,0,35,0,46,33,0,0,0,0,0,29,0,0,44,0,0,52,0,0,0,95,0,0,0,0,0,0,137,0,61,0,0,61,0,0,0,0,0,0,0,257,0,0,0,89,0,0,0,0,0,0,0,32,0,0,0,0,0,53,0,0,56,114,0,30,0,102,0,0,11,190,0,39,0,0,0,0,36,58,0,23,86,34,0,101,32,0,0,0,0,0,313,0,0,0,0,0,0,33,0,0,0,0,0,0,52,0,0,103,0,0,0,0,0,57,0,0,0,85,0,0,0,0,0,0,0,0,97,0,0,29,217,0,0,0,0,0,0,0,0,0,0,86,0,28,0
289,0,0,0,0,0,0,0,0,0,0,0,0,0,0,142,0,52,0,0,0,21,0,0,0,0,0,0,0,0,0,0,0,0,0,0,0,0,0,0,0,0,0,0,0,0,0,0,21,0,81,0,0,0,0,0,0,0,0,0,0,0,0,0,0,0,51,0,0,0,0,0,0,0,0,0,0,0,0,0,0,0,0,0,0,0,0,0,0,0,0,0,0,0,0,0,0,0,0,0,0,0,0,0,0,0,41,0,0,0,0,0,0,0,0,0,0,24,0,0,0,0,0,0,0,0,0,0,0,0,0,0,0,0,0,0,0,0,0,0,20,0,0,78,0,0,49,0,0,0,0,0,38,0,0,0,0,0,0,44,0,0,0,0,0,0,0,0,0,65,0,0,0,0,0,0,0,0,0,0,0,0,0,0,0,40,0,0,0,0,0,0,0,0,0,0,0,0,0,0,0,0,0,0,0,0,0,0,0,18,0,0,0,26,0,0,0,0,0,0,0,0,0,0,0,0,0,0,0,0,0,0,0,0,0,0,0,0,0,0,0,0,0,0,0,0,0,0,0,0,0,0,0,0,54,0,0,0,0,0,0,0,0,0,0,0,0,32,0,38,0,0,54,0,0,0,29,0,279,22,0,0,0,43,0,0,0,119,260,70,0,0,0,0,0,0,0,0,0,0,0,0,0,0,0,84,0,0,0,0,0,208,0,0,0,0,0,0,0,0,0,0,0,0,0,0,0,0,0,0,166,0,0,0,36,0,0,0,0,0,0,0,0,0,83,0,0,0,0,73,0,0,0,69,0,0,0,0,0,0,0,0,0,0,0,0,75,0,0,0,0,0,0,0,0,0,0,0,0,0,0,0,0,0,0,0,0,37,38,0,0,0,87,0,0,0,0,0,0,16,0,0,0,0,0,0,0,0,0,0,0,0,0,0,0,0,0,0,30,0,0,0,0,0,0,0,0,0,0,0,0,0,0,0,0,0,0,0,0,0,0,0,0,0,0,44,0,0,0,0,0,0,0,0,0,0,0,0,0,0,0,0,0,0,0,0,0,0,0,0,0,0,0,0,0,0,113,0,0,51,0,0,0,0,0,0,0,0,0,102,0,0,0,0,0,0,0,0,0,0,0,0,0,0,0,0,0,0,0,0,0,0,0,0,0,0,22,0,0,0,0,0,0,0,0,0,0,0,0,0,0,0,0,0,0,0,0,0,0,0,0,0,156,0,0,0,0,0,0,0,0,0,0,0,0,0,0,0,0,0,0,57,0,0,0,0,0,0,0,0,23,0,0,0,0,0,0,0,0,0,0,0,0,0,0,0,0,0,0,0,0,0,0,0,0,0,0,0,0,0,0,0,0,0,0,0,0,0,0,0,0,0,0,71,0,0,0,65,0,35,0,0,0,0,0,0,0,0,0,0,0,0,0,0,0,0,0,0,0,0,0,0,71,0,0,0,0,0,0,50,148,0,0,0,144,0,0,0,0,0,0,18,0,0,0,0,0,0,0,0,79,0,89,0,0,0,0,0,67,0,0,0,0,30,0,0,0,0,22,0,0,0,30,0,0,0,0,0,0,0,0,0,0,0,0,0,0,0,0,29,0,0,86,0,0,0,0,0,0,0,57,51,0,184,149,18,55,0,0,0,0,24,0,0,0,0,0,0,0,72,33,0,92,82,0,0,0,0,0,0,0,0,0,0,0,0,0,0,0,0,0,54,0,0,0,0,0,0,0,99,22,0,0,0,0,0,32,0,0,0,0,0,0,0,0,0,29,0,0,110,0,0,0,0,0,0,0,0,0,0,0,0,0,0,0,0,21,0,69,0,0,0,0,0,0,196,0,0,0,46,41,0,94,0,0,0,0,0,0,0,0,0,0,0,0,0,0,0,0,0,0,0,215,0,56,0,0,0,48,0,54,0,0,0,0,0,157,0,0,0,0,0,0,0,0,0,0,0,0,0,0,0,0,0,85,0,0,0,0,35,0,0,0,0,0,0,0,0,0,0,0,42,0,0,0,0,29,0,0,0,0,89,0,0,0,0,0,0,61,0,19,0,0,0,0,322,0,0,0,0,0,0,0,0,0,0,20,0,0,0,0,0,0,0,0,0,0,0,0,0,0,0,0,0,0,0,0,0,0,0,0,0,0,0,0,0,0,0,0,0,0,0,0,0,0,0,0,90,0,83,0,0,0,0,0,0,0,0,0,0,0,0,0,0,0,0,92,0,87,0,84,0,0,0,0,0,0,0,0,0,0,0,0,0,0,0,0,0,172,0,0,0,0,0,0,0,105,117,0,0,0,0,0,0,0,0,0,0,0,0,0,0,0,0,0,0,0,0,331,0,0,0,0,0,0,0,0,51,0,0,0,0,0,0,0,0,0,35,44,0,0,44,0,0,0,124,99,0,42,0,0,0,0,21,0,0,0,0,0,0,0,0,0,0,61,0,0,0,0,0,0,0,0,80,0,0,0,0,0,0,0,0,0,0,0,0,0,0,0,0,0,68,0,0,0,0,69,0,0,64,0,20,0,0,0,0,0,0,0,0,0,0,0,0,0,0,0,0,0,0,0,0,0,0,0,0,0,0,0,0,0,0,0,0,0,0,0,13,0,0,0,0,103,0,74,64,0,0,0,0,0,0,0,0,0,0,0,0,0,0,0,0,0,0,0,0,33,0,0,0,0,75,48,0,0,0,0,0,0,0,0,0,0,0,0,0,0,0,0,0,174,0,0,0,0,0,0,0,0,25,0,0,0,0,0,0,0,0,0,0,0,0,0,0,0,0,0,0,0,0,0,0,0,0,0,0,0,0,0,0,0,0,0,0,0,0,0,0,0,28,0,0,28,0,79,0,0,0,0,0,0,0,0,0,0,0,55,0,0,0,0,0,0,0,0,0,0,0,0,0,40,23,0,0,0,0,0,0,0,0,0,0,0,0,0,0,0,0,0,0,0,0,0,0,44,0,0,120,32,0,29,0,0,389,0,36,0,0,0,0,146,0,0,0,0,60,0,0,35,0,0,0,21,0,0,0,0,0,0,43,0,0,0,60,0,0,0,0,0,0,0,0,0,0,0,0,0,85,118,0,73,0,0,32,0,0,0,0,0,60,0,0,0,0,0,107,0,0,0,121,0,0,0,0,25,0,0,0,0,0,0,35,0,0,39,0,0,0,0,60,0,0,34,0,0,0,0,0,0,0,0,0,0,0,0,0,0,0,0,97,58,0,45,32,0,0,0,0,0,0,0,0,0,0,0,0,0,0,0,0,0,0,0,0,0,36,0,0,0,0,61,0,0,13,0,0,0,0,0,0,0,0,0,0,32,0,0,0,0,0,38,0,0,92,0,0,0,0,19,0,0,0,0,0,0,144,0,0,0,0,0,0,0,0,0,0,0,0,0,0,0,0,0,50,0,40,0,0,39,0,0,0,0,0,0,0,0,0,0,0,0,0,0,0,0,42,0,0,0,91,0,0,0,45,0,26,0,0,0,0,0,0,0,102,0,0,0,0,0,0,0,0,0,125,0,0,0,212,0,0,70,0,0,37,0,0,0,0,0,0,0,0,0,0,0,21,76,0,0,0,0,0,0,0,0,0,0,0,0,0,0,0,0,0,0,0,0,83,0,0,0,0,0,19,0,0,0,0,0,0,0,0,0,0,0,38,0,0,0,0,0,0,0,0,25,20,0,0,0,0,0,0,77,0,0,0,40,0,0,0,0,0,0,0,0,0,0,0,0,0,0,0,48,0,0,0,0,47,0,0,0,0,0,46,0,43,0,0,0,200,0,154,0,0,0,0,39,0,0,19,0,0,0,29,31,0,0,0,19,0,0,0,0,0,0,100,0,0,0,0,0,0,0,0,0,0,38,0,0,0,0,0,0,0,0,0,0,0,0,60,0,0,32,0,27,120,0,0,0,0,0,44,0,0,0,122,0,31,0,0,0,0,0,0,51,0,0,0,31,0,164,0,0,0,76,0,0,0,0,0,0,0,0,0,0,0,0,0,0,0,190,0,27,0,0,0,0,0,0,0,0,0,0,0,0,0,0,0,0,72,30,0,0,0,0,0,0,0,0,0,0,45,0,0,0,0,0,0,43,0,0,60,0,0,0,0,54,0,31,0,0,0,0,0,0,0,0,0,38,0,61,0,0,48,0,0,0,0,0,0,0,0,0,0,0,36,0,0,0,0,0,0,0,0,0,43,0,39,0,0,0,0,0,62,0,0,0,0,0,68,0,0,0,0,134,0,0,0,58,0,0,0,0,0,0,0,154,0,0,0,0,0,60,0,113,0,0,0,0,63,0,0,0,0,0,0,0,0,61,127,0,0,0,0,0,0,0,0,217,0,0,0,0,0,0,0,204,0,0,0,0,0,0,0,0,0,0,29,25,0,0,59,0,0,167,0,0,0,0,0,32,77,0,0,0,101,0,0,71,0,57,0,0,0,0,0,0,0,27,59,139,42,116,0,0,57,0,0,0,0,0,0,68,0,0,0,0,209,0,0,0,0,0,0,0,0,75,0,0,26,0,0,65,0,0,0,0,76,33,0,0,0,0,0,0,35,0,87,0,48,0,0,44,0,0,0,0,0,0,38,0,55,0,0,0,0,51,0,0,42,0,0,0,0,0,0,0,0,0,0,59,137,0,0,0,48,38,0,0,257,0,0,0,0,0,0,82,0,0,32,116,0,0,0,0,0,0,33,0,0,0,0,0,0,0,0,34,234,28,0,0,0,0,0,0,41,0,46,0,0,58,0,63,0,0,21,0,0,0,0,0,0,0,0,0,41,53,0,0,0,0,0,0,0,0,0,0,0,0,0,23,0,0,0,0,0,0,0,0,163,0,116,34,0,0,0,0,0,31,0,0,25,0,37,0,39,0,0,64,0,0,0,0,0,0,0,0,0,0,0,165,113,0,0,0,0,0,0,0,0,0,41,0,0,0,0,0,27,88,0,0,0,48,0,0,49,0,0,0,0,0,0,0,0,21,0,0,73,0,0,0,0,0,0,0,0,0,0,47,0,0,0,0,0,0,0,0,0,192,0,36,0,0,0,0,0,0,0,0,0,0,0,0,0,0,0,0,0,0,159,0,0,0,0,0,0,0,0,0,0,0,0,32,32,150,47,0,0,0,0,38,0,0,27,0,0,0,0,0,0,33,28,0,79,0,0,0,0,0,37,0,87,0,0,0,0,0,0,0,0,0,0,0,33,0,0,106,0,0,0,0,106,0,55,0,35,54,46,80,0,0,35,0,0,30,0,27,0,48,79,0,0,0,0,0,0,0,0,0,0,0,0,0,101,0,411,0,0,0,22,0,0,48,0,149,0,0,0,0,0,0,0,0,166,46,0,0,0,0,0,0,50,0,0,0,0,0,0,0,0,0,73,44,0,0,0,0,0,0,0,0,0,0,0,0,71,0,0,110,58,0,0,0,0,158,0,0,0,57,0,0,23,0,0,38,0,114,0,0,0,0,0,0,0,0,334,0,0,0,0,204,0,48,69,0,0,0,0,0,62,0,0,0,69,0,0,0,0,0,68,126,0,0,124,0,0,0,0,0,0,0,37,0,57,82,0,0,0,0,74,0,0,21,0,100,0,0,0,44,0,0,0,0,0,0,0,0,0,61,0,0,0,39,0,0,0,0,0,0,72,0,0,0,62,0,0,0,0,34,28,0,0,54,0,64,0,0,0,0,0,0,0,88,0,35,0,0,31,0,0,80,0,0,0,0,0,0,0,49,53,0,0,0,0,0,0,0,43,0,0,51,0,0,53,0,0,0,0,0,49,33,0,0,0,0,35,0,0,137,0,0,0,187,23,0,0,0,83,91,0,43,0,0,0,53,132,0,45,0,92,52,95,0,0,9,0,39,47,0,0,0,225,0,42,0,0,0,0,50,0,0,0,267,0,0,57,0,46,0,125,0,0,88,0,0,365,0,184,0,83,0,0,85,0,87,17,38,34,0,0,0,31,0,0,63,0,0,28,0,0,0,0,0,50,0,0,0,0,0,0,0,34,0,0,65,104,0,0,0,0,19,0,0,113,0,0,96,0,0,0,0,27,38,0,0,0,131,0,0,0,171,0,0,43,0,0,0,25,27,0,47,0,66,0,0,0,0,0,0,0,119,0,0,0,0,0,0,0,0,0,177,0,0,25,0,0,0,0,0,0,0,324,0,222,0,0,0,0,0,0,0,0,0,110,130,0,20,86,45,0,37,0,34,0,0,0,22,0,0,0,0,33,0,0,0,0,0,0,0,0,0,0,0,137,0,0,0,0,0,0,0,0,53,0,35,66,0,0,126,0,0,143,34,41,0,40,0,0,0,0,0,0,30,0,0,0,0,0,0,0,35,0,0,0,0,21,0,0,0,0,0,75,77,279,13,0,40,0,0,87,0,96,0,0,0,0,29,41,45,0,65,51,0,0,0,0,0,0,96,0,0,0,0,152,0,32,0,120,0,0,0,0,0,39,45,0,218,0,0,71,0,0,82,0,0,0,0,174,0,0,0,0,0,0,0,0,0,0,0,63,0,67,0,0,394,0,0,211,0,247,0,0,0,0,37,0,0,62,0,66,0,0,62,0,93,37,0,0,85,0,45,44,0,0,0,0,0,0,97,0,0,0,0,39,0,0,0,0,0,0,0,0,44,0,0,0,27,0,0,0,0,134,0,0,0,124,0,0,0,0,0,0,0,28,196,0,38,0,129,0,0,0,0,0,0,41,0,0,0,52,0,0,0
290,0,0,0,24,0,0,0,0,117,0,144,0,0,0,0,0,164,37,0,21,424,0,0,46,156,0,0,0,0,0,0,0,0,0,46,88,0,72,156,33,0,0,0,161,0,0,0,450,0,51,0,40,0,0,207,0,0,0,0,0,0,89,28,0,0,0,0,0,10,97,0,0,0,0,71,36,0,112,0,79,0,0,69,0,0,0,0,24,26,265,0,0,93,51,0,0,0,0,30,0,0,0,39,0,0,0,0,0,38,161,0,33,198,0,0,0,48,0,0,98,0,309,25,0,61,0,0,33,0,0,0,403,0,0,0,230,45,0,0,49,36,0,255,0,0,0,0,0,56,0,0,0,0,111,50,0,0,0,74,135,89,0,72,0,0,0,0,160,0,74,240,0,49,0,0,0,0,258,39,22,73,0,0,0,0,0,141,194,0,0,0,33,42,58,0,84,0,0,67,0,131,85,0,233,0,0,0,29,10,0,0,13,28,53,78,0,0,0,0,126,84,48,0,368,0,0,41,118,0,0,0,0,0,0,0,0,0,105,0,0,51,55,36,78,0,45,0,28,0,88,0,321,53,70,0,83,0,0,0,165,160,48,0,0,0,0,252,81,131,0,0,48,392,58,103,42,0,247,77,61,0,0,0,0,42,0,29,584,0,0,0,260,0,0,25,0,0,0,48,0,0,10,0,0,153,70,0,0,0,0,328,64,0,0,0,0,77,0,0,0,0,0,0,128,0,0,0,0,0,238,0,25,0,0,24,0,0,0,0,0,0,0,0,70,0,0,0,0,441,0,21,17,67,104,0,0,47,74,40,0,49,0,0,61,0,0,68,0,0,35,0,42,33,36,0,0,0,0,118,38,0,0,21,0,275,0,23,30,0,0,0,165,0,15,0,82,0,48,97,0,0,27,0,0,74,0,0,0,0,87,0,0,0,0,0,0,0,0,96,0,0,69,0,54,0,0,39,50,0,0,0,0,0,114,0,0,43,0,77,0,0,83,46,71,0,0,0,0,0,0,0,0,0,47,0,0,0,0,0,57,0,0,0,0,0,0,0,0,0,0,0,0,78,0,0,80,125,0,106,103,0,38,121,53,0,0,0,41,0,29,49,0,41,0,0,123,0,43,31,0,0,29,392,74,0,0,0,0,0,44,0,0,0,0,0,66,0,0,58,0,38,60,258,24,0,0,0,81,0,0,0,0,0,0,55,0,0,0,62,0,55,195,0,0,0,64,30,0,0,104,90,0,0,53,0,0,0,42,23,53,109,0,0,0,178,0,0,0,0,130,0,0,0,0,0,0,0,0,0,0,0,0,0,121,0,0,75,0,0,31,194,0,52,0,0,0,0,0,0,0,0,0,0,0,45,0,0,0,0,0,0,0,0,28,0,0,54,0,36,0,0,0,0,0,0,0,0,0,0,0,0,0,0,0,0,0,0,0,0,0,0,75,0,0,95,0,0,0,41,99,0,0,0,49,0,0,0,0,41,0,0,43,0,0,0,0,0,0,0,0,0,0,0,39,0,0,0,0,0,0,0,0,0,53,0,0,0,67,0,118,0,0,0,0,0,42,0,249,0,0,0,0,0,0,0,0,28,0,0,0,0,53,0,0,0,0,0,114,0,49,0,0,101,87,83,0,0,0,0,42,57,0,0,0,0,0,0,71,0,0,0,530,0,0,0,0,0,0,0,0,0,0,0,0,0,0,0,0,0,0,0,0,0,0,72,0,0,0,65,0,0,0,0,0,40,0,0,0,56,72,0,0,0,0,0,0,0,0,166,0,0,53,0,0,0,0,0,0,0,63,0,0,0,0,0,122,0,0,0,0,0,0,48,0,103,0,0,0,0,94,0,132,0,0,0,0,0,0,0,19,0,0,0,0,0,59,30,0,0,0,0,168,0,0,45,0,0,30,0,68,0,73,0,0,0,0,0,0,135,0,0,0,89,0,0,0,0,0,0,0,0,0,0,109,0,0,0,0,0,0,0,0,0,0,0,0,0,0,0,0,0,0,0,0,0,55,0,0,0,32,48,0,0,0,0,0,0,0,55,0,0,63,34,0,152,0,0,43,0,108,95,0,0,0,0,76,0,0,0,0,0,0,0,0,0,0,74,0,0,0,156,0,71,0,31,0,0,40,0,0,0,0,0,0,0,0,0,126,20,0,0,0,0,135,0,0,71,25,458,0,0,0,64,0,0,0,196,0,0,0,62,0,0,37,36,244,0,55,0,531,0,0,0,41,0,0,0,0,0,0,0,40,0,25,0,26,0,194,41,0,0,0,0,0,158,215,0,104,0,0,0,0,0,0,0,52,0,0,0,0,0,0,22,0,41,0,0,332,50,0,0,0,49,60,62,0,199,0,0,66,0,0,0,83,0,0,0,87,0,0,0,0,0,0,20,229,108,69,0,145,0,0,0,0,0,0,0,0,0,0,0,0,76,59,0,0,0,0,37,0,52,0,25,0,0,0,0,0,0,0,0,74,0,0,0,41,37,0,18,56,0,28,180,0,0,164,0,0,130,37,0,77,0,0,0,0,0,34,0,0,0,35,394,0,0,0,0,33,0,0,0,0,0,0,0,0,0,0,0,0,52,0,0,0,0,0,0,53,0,0,0,57,0,35,39,57,0,0,0,0,0,0,60,37,0,0,178,0,0,51,0,0,0,45,97,450,31,0,0,0,106,77,0,68,0,0,0,0,0,0,0,0,0,0,0,0,0,0,0,0,0,0,42,0,0,0,0,0,0,0,0,0,0,0,0,0,6,0,0,0,0,0,80,0,43,27,0,0,0,0,59,0,30,0,0,0,0,0,0,0,0,0,0,0,0,0,0,0,0,0,0,70,0,58,0,0,0,0,0,53,0,0,0,0,0,72,0,42,0,0,0,0,0,0,0,0,0,33,0,0,0,0,0,0,0,0,0,0,22,0,104,33,0,0,47,0,0,55,0,0,13,47,0,57,0,0,116,42,0,0,0,0,0,0,88,0,0,0,0,59,0,0,0,0,44,0,57,46,0,0,0,0,0,0,0,0,0,0,28,0,0,0,0,0,0,0,0,0,0,0,0,0,0,0,0,0,151,0,0,0,0,33,37,0,25,0,54,0,81,0,0,0,0,0,0,0,0,0,116,0,119,0,0,169,0,0,0,0,0,0,0,0,45,0,56,0,46,0,0,0,37,0,0,0,42,0,0,0,48,0,0,0,0,0,0,0,65,0,0,63,67,0,75,0,0,0,0,0,105,0,0,20,0,0,0,0,0,0,0,0,0,0,0,0,0,0,62,0,0,36,0,0,0,0,0,0,0,0,0,0,0,0,77,38,0,37,0,0,0,0,32,0,0,47,0,45,0,0,0,0,39,60,0,0,115,0,0,0,37,0,0,0,0,0,0,0,0,0,79,0,0,0,0,0,106,0,0,0,0,0,57,0,0,0,0,0,0,51,0,15,0,0,0,0,0,0,0,0,0,41,0,0,0,46,0,0,29,0,0,0,0,0,280,0,63,0,0,32,0,0,0,0,61,0,0,0,97,0,0,92,43,0,0,0,114,0,0,0,0,0,0,0,97,0,14,195,0,0,0,0,0,0,0,0,0,0,0,0,0,0,0,0,0,55,0,0,14,0,0,0,0,0,0,0,0,0,47,0,0,0,0,43,0,0,0,0,0,0,0,139,0,32,35,0,0,46,0,0,53,0,33,0,0,0,0,85,0,0,0,36,43,0,0,0,0,65,0,0,0,0,0,219,47,0,0,0,113,0,0,0,0,0,0,0,118,0,0,0,0,0,115,0,0,0,0,0,0,0,29,0,0,0,0,0,0,0,0,0,0,0,0,0,0,39,77,0,0,249,0,0,0,0,0,0,0,60,0,0,0,0,0,0,0,32,0,124,0,0,0,0,0,0,0,0,78,0,0,0,0,0,0,0,0,0,75,0,76,0,0,0,0,83,0,0,46,0,0,122,0,60,0,0,0,0,0,43,0,0,0,0,0,0,35,0,0,0,0,0,0,75,0,0,0,0,0,0,27,84,0,115,0,0,0,0,0,0,0,0,0,0,0,77,0,0,0,0,43,0,0,0,0,0,0,0,0,0,0,0,0,0,88,0,0,0,0,43,105,0,0,63,0,0,0,0,0,81,137,0,0,91,0,0,0,0,0,0,0,0,0,0,0,0,0,22,0,0,0,0,28,0,0,0,57,0,0,52,0,0,0,0,0,0,239,44,0,0,110,0,0,0,0,0,0,117,0,0,0,0,0,0,0,0,0,0,0,0,0,0,0,0,0,0,0,65,0,0,0,0,0,0,0,0,0,0,0,0,0,0,127,0,0,45,0,0,161,0,0,109,0,0,0,0,0,0,0,144,39,68,0,43,0,0,0,0,0,0,0,0,0,0,0,31,0,0,30,37,0,0,37,0,0,0,0,0,0,0,0,65,0,0,0,64,75,0,0,0,0,0,0,0,0,51,0,0,0,0,0,0,0,0,0,51,0,86,0,0,74,0,0,0,0,0,0,0,0,19,0,0,73,0,0,0,0,0,0,0,47,262,0,0,0,0,0,0,0,0,0,59,0,0,0,0,0,0,0,0,0,23,0,0,0,0,44,0,0,32,0,0,57,0,0,0,0,0,0,0,0,0,0,0,62,0,0,0,39,0,63,0,428,0,0,0,0,0,0,26,30,44,0,101,0,0,0,0,0,34,0,0,0,0,0,0,0,0,0,0,122,16,0,0,0,0,0,0,0,0,0,0,0,105,29,79,0,0,0,0,0,0,0,0,0,0,0,0,60,0,40,0,0,0,45,0,0,0,0,0,0,0,0,0,29,0,0,0,0,0,0,29,93,0,82,60,0,0,0,0,50,27,0,0,72,0,151,0,0,0,0,67,0,0,0,0,31,0,0,0,0,0,0,212,0,0,0,65,0,23,0,0,0,0,26,0,71,29,0,0,32,70,67,0,0,0,0,0,0,59,0,44,16,0,0,0,0,0,67,0,32,0,0,0,0,0,0,0,0,44,0,40,0,0,33,0,0,0,0,0,0,304,0,0,0,0,0,0,0,127,0,0,0,0,0,0,0,48,0,0,0,0,109,0,0,0,0,0,0,0,40,0,0,0,0,0,0,0,57,52,0,0,0,0,0,0,0,0,0,0,0,0,0,40,0,0,45,0,0,69,38,0,0,29,19,0,0,0,0,0,0,0,0,0,0,33,40,0,26,0,0,0,0,0,88,0,0,67,22,0,0,63,0,0,70,0,0,0,0,0,39,22,0,106,0,0,0,0,0,0,0,0,0,0,0,0,59,24,548,0,0,0,42,0,0,143,0,155,0,0,0,0,0,0,0,88,0,0,0,22,0,0,30,0,0,33,0,0,0,0,0,0,0,0,148,53,0,0,0,0,0,0,0,0,0,0,0,0,34,0,0,69,0,75,0,0,0,93,0,0,0,0,0,0,0,0,0,50,0,0,0,0,0,0,0,0,0,0,96,0,0,0,0,40,0,67,43,45,27,0,0,0,0,0,0,0,134,0,0,0,0,0,0,175,0,37,99,0,0,0,0,0,0,0,56,0,22,0,0,0,0,0,0,0,0,0,0,159,0,0,0,0,0,0,0,0,0,0,0,0,0,87,0,0,0,0,0,0,0,0,0,0,59,0,0,50,0,0,0,0,0,0,0,0,0,67,242,58,0,0,0,0,0,0,47,160,0,0,0,0,0,0,0,54,0,0,0,0,0,0,0,0,0,0,0,0,0,0,0,0,44,0,0,101,0,0,72,0,0,0,0,0,0,83,0,0,0,0,0,0,0,47,23,0,0,0,0,37,0,0,0,0,50,0,0,0,178,32,0,0,72,0,0,63,0,0,0,0,0,0,0,0,0,0,298,0,67,0,0,0,0,98,0,0,0,188,0,0,67,0,26,0,73,0,0,48,53,0,211,0,114,59,0,0,0,30,0,0,0,79,0,0,0,0,0,0,0,0,0,0,51,0,0,0,91,0,0,0,0,0,0,0,0,0,0,0,0,31,79,0,74,0,0,0,0,0,175,0,0,60,0,0,0,0,0,46,0,0,0,0,0,0,0,68,0,0,0,0,0,0,0,0,0,0,0,0,0,0,0,0,0,0,0,0,0,0,0,0,0,55,0,0,0,0,0,0,0,0,47,44,0,0,0,0,91,0,74,0,0,33,0,0,0,0,0,0,0,0,0,0,0,0,0,0,0,0,29,0,0,0,0,0,0,0,58,0,0,0,0,0,67,0,0,0,0,0,48,0,0,0,0,0,35,0,0,46,0,0,0,0,53,58,0,0,0,0,0,0,0,0,0,0,0,144,0,31,0,0,0,0,0,0,0,0,0,0,0,0,0,0,0,0,0,0,0,53,88,287,0,0,0,0,77,30,42,0,81,0,82,0,0,94,34,33,0,0,0,0,44,0,88,0,0,0,0,53,34,0,0,0,43,0,0,0,0,0,0,45,0,234,36,0,153,0,0,0,0,0,13,0,86,0,0,0,0,0,0,0,0,0,20,0,0,0,31,0,48,65,0,0,60,0,69,0,61,0,25,0,0,0,0,17,106,0,0,0,0,0,123,0,0,41,0,162,84,0,0,0,0,0,0,446,50,0,0,0,0,0,0,0,0,0,0,37,0,0,0,0,0,0,0,82,0,0,0,0,0,0,0,0,0,0,0,0,0,0,0,40,0,0,0,36,0,27,0,0,0,0,0,0,0,0,165,0,0,0
291,0,0,0,0,0,0,0,0,36,0,0,0,0,0,0,0,286,0,0,0,27,0,0,0,44,0,0,0,0,0,0,9,0,0,76,0,0,0,0,0,0,0,0,0,0,0,0,98,0,0,0,0,0,0,88,0,0,0,0,0,0,0,0,0,0,0,0,0,0,0,0,0,0,0,0,0,0,0,0,33,0,0,0,0,0,0,0,0,0,106,43,0,0,23,0,0,0,0,0,0,0,0,0,0,0,0,0,37,0,63,0,0,0,0,0,0,45,0,0,47,0,0,0,0,0,0,0,0,0,0,0,85,0,0,0,33,0,0,0,39,0,0,114,0,0,0,0,0,0,0,0,29,0,0,0,0,0,0,0,0,0,0,0,0,0,0,0,0,0,62,0,0,0,0,0,0,0,0,0,0,0,0,0,0,0,0,97,0,0,0,0,0,0,0,0,59,0,0,0,0,0,0,0,213,0,0,0,0,51,0,0,0,0,0,0,0,0,0,0,118,96,0,0,57,0,0,0,133,0,35,0,0,0,0,0,0,0,0,0,0,0,0,0,0,0,0,0,0,0,0,0,79,34,0,0,0,0,0,0,124,0,0,43,0,0,0,40,77,167,0,0,0,43,0,17,0,0,111,113,0,0,0,47,0,0,0,0,884,0,0,0,72,0,0,0,0,0,0,0,0,0,0,0,0,45,139,0,0,0,0,159,0,0,0,0,0,0,0,0,0,0,0,0,55,0,0,59,0,0,135,0,0,0,23,0,0,0,0,0,0,52,0,0,0,0,0,0,0,306,50,0,0,134,294,0,0,0,84,0,0,73,47,0,71,58,0,110,0,0,96,0,0,0,0,0,45,0,0,0,0,0,0,0,0,169,0,40,34,0,0,0,0,0,30,0,32,0,0,0,0,0,52,0,0,43,0,0,0,0,0,0,0,0,0,0,125,0,0,0,0,0,0,0,21,0,0,0,49,0,0,0,0,0,0,0,0,0,0,72,0,0,97,0,0,19,0,0,0,0,0,0,0,0,32,0,0,0,0,0,0,0,0,52,0,0,0,0,0,0,0,0,0,22,0,0,45,231,0,0,0,0,0,71,63,0,0,0,85,48,62,0,0,77,0,0,0,0,0,0,0,0,0,446,0,0,53,93,0,0,0,0,0,0,0,0,0,0,35,0,0,0,0,61,0,0,0,0,0,0,0,0,0,0,0,0,0,0,0,0,0,22,84,0,26,0,44,0,0,0,0,0,0,0,0,0,0,0,0,0,46,0,0,56,0,0,0,0,0,0,39,40,0,0,0,0,0,37,0,0,0,114,0,0,126,0,41,28,0,0,0,164,0,0,0,0,0,0,0,18,0,0,0,0,0,0,0,0,0,0,0,0,0,0,0,0,0,0,0,0,0,0,0,0,0,0,0,0,0,81,0,0,0,0,0,0,0,0,0,0,0,0,0,0,0,33,0,0,0,0,0,0,0,0,0,0,0,0,0,0,0,0,0,0,0,0,0,0,0,0,0,0,0,0,0,0,0,0,0,0,0,0,0,0,91,0,0,0,37,0,0,0,0,0,0,0,0,0,82,0,0,0,0,0,0,0,0,0,47,0,0,0,0,0,0,0,0,8,56,0,0,0,74,416,33,69,31,0,0,0,0,0,0,0,0,0,0,0,67,0,72,0,367,0,0,0,0,0,0,0,0,0,0,0,47,0,0,0,0,0,0,0,0,0,0,30,0,0,0,0,0,51,0,0,0,0,0,0,0,0,0,0,0,0,0,0,0,0,30,0,0,0,0,0,0,0,0,43,0,0,0,0,0,0,0,0,48,39,0,0,0,0,0,0,0,0,0,0,0,0,0,0,0,0,0,0,39,0,0,0,0,0,0,0,0,0,0,0,0,0,0,0,0,0,0,0,0,0,0,0,0,0,0,0,0,0,0,0,31,0,0,0,0,44,0,0,0,0,0,0,0,0,0,0,0,40,0,0,0,0,0,0,34,0,0,0,0,0,0,0,0,13,0,0,78,0,0,0,0,0,31,97,0,38,0,0,0,45,31,156,0,0,44,0,0,120,56,38,47,0,0,87,0,0,0,0,0,0,0,62,0,0,0,0,24,0,0,51,0,0,0,41,0,50,0,0,0,0,0,0,0,0,0,0,0,0,0,0,283,0,0,0,0,0,69,0,0,0,86,53,0,0,0,83,0,0,0,0,0,0,0,0,0,0,29,42,306,0,115,0,514,0,0,0,0,0,0,0,0,0,29,0,56,0,0,61,0,51,115,0,0,0,0,51,0,57,596,46,0,0,0,25,0,0,0,0,0,0,0,0,0,0,0,0,0,115,0,0,180,0,64,0,65,54,0,0,0,0,0,0,0,0,0,46,0,0,0,0,76,82,0,89,98,30,0,53,249,0,121,0,0,68,0,0,0,0,0,35,0,0,0,0,0,0,69,0,0,0,0,0,0,87,0,0,0,0,28,0,0,0,0,0,70,0,38,0,0,0,0,42,0,0,52,148,0,0,85,0,0,78,0,0,58,0,26,0,0,62,0,0,0,0,64,0,0,0,0,0,55,0,37,0,0,0,0,0,0,158,15,0,0,37,0,0,0,0,0,0,210,23,0,0,0,79,34,0,0,0,54,0,0,0,0,0,102,0,0,169,70,0,0,0,0,0,0,126,98,0,0,0,0,141,0,0,205,0,0,0,0,0,0,0,0,0,36,0,0,36,0,0,56,0,0,0,0,0,0,0,0,0,0,0,0,0,0,0,0,0,0,0,0,0,0,0,0,0,0,0,0,0,0,0,0,0,0,0,0,0,0,0,0,0,18,0,0,0,0,0,0,27,0,0,0,0,0,0,0,0,0,98,0,54,0,0,0,0,0,0,0,0,60,0,0,0,0,0,0,12,0,0,0,0,0,0,0,0,0,0,0,0,0,0,0,0,0,0,0,0,0,62,0,0,59,0,0,0,0,82,55,0,100,0,0,208,0,0,0,0,0,0,88,0,0,0,0,17,0,0,0,0,0,0,0,0,0,0,0,0,0,0,0,0,0,0,27,0,0,0,0,0,0,0,0,0,0,0,0,129,44,0,0,0,0,42,0,0,0,25,0,0,0,0,0,0,0,87,0,62,0,0,0,0,0,0,65,0,0,0,0,0,0,0,0,0,52,44,0,0,0,0,0,0,42,0,0,0,0,0,47,0,0,0,0,0,0,0,0,0,0,58,22,0,0,0,0,0,0,0,0,0,0,0,0,0,0,0,0,0,0,0,0,0,0,0,0,20,0,0,0,0,78,0,0,0,0,0,0,0,0,58,0,0,0,0,0,0,0,0,0,56,0,0,0,115,0,0,0,0,0,0,0,0,0,0,0,50,0,0,0,0,0,0,0,0,0,0,0,0,0,0,0,0,0,0,0,0,0,31,0,0,0,72,0,0,0,0,0,0,0,0,0,0,0,0,0,0,0,0,0,65,0,0,0,0,43,0,0,0,69,0,0,0,0,105,0,233,0,0,0,0,0,21,0,84,0,0,0,488,0,0,0,0,0,0,0,108,0,0,0,0,56,0,0,0,0,0,158,0,0,0,0,0,59,0,0,0,63,0,62,0,0,0,0,0,0,0,21,0,0,0,0,20,0,0,0,0,91,42,0,0,0,0,0,0,0,0,0,0,26,0,45,47,0,0,0,0,43,0,0,0,0,0,0,105,0,100,164,0,44,0,38,18,0,0,0,0,136,0,37,0,0,0,0,0,0,0,0,110,0,0,0,34,0,0,0,46,0,0,0,72,0,105,62,0,0,0,0,98,0,113,0,0,0,0,0,0,0,0,0,0,0,0,0,0,0,0,0,0,96,0,0,0,0,0,0,0,0,0,0,0,0,15,0,0,0,0,113,0,0,55,0,0,0,0,62,51,0,0,0,0,0,0,0,0,25,75,0,0,0,0,0,0,30,0,93,0,0,0,139,0,125,0,0,0,35,0,0,0,0,55,0,0,0,0,0,0,0,0,0,41,85,0,0,0,0,0,0,0,41,0,213,0,0,0,0,0,0,0,0,59,0,0,0,0,0,58,27,0,0,0,0,0,0,0,0,0,0,0,0,0,0,75,0,0,0,30,0,0,0,0,0,0,0,0,0,0,0,0,0,0,0,0,0,0,0,0,0,0,0,0,0,0,0,0,0,109,0,0,0,0,0,0,0,0,0,0,0,0,0,0,0,0,0,97,0,0,0,56,0,0,0,0,0,0,44,41,0,0,0,0,0,0,0,0,0,0,157,0,0,0,0,0,0,29,0,0,0,0,0,70,0,0,25,0,0,0,0,0,31,0,0,0,0,0,0,169,0,0,67,0,0,0,0,0,0,0,60,26,121,0,0,0,0,0,0,42,0,0,48,0,0,45,0,0,128,25,25,0,0,0,33,0,0,0,0,158,0,0,0,0,74,0,46,32,0,0,0,0,28,0,0,0,151,0,0,62,0,0,0,33,0,0,0,0,0,0,0,128,0,0,0,0,0,0,0,0,0,45,89,0,0,0,143,0,0,0,0,142,162,0,0,0,0,0,0,40,0,65,138,0,0,87,29,0,0,0,0,0,0,0,0,0,0,30,26,33,49,0,0,0,0,0,0,0,0,29,0,0,0,0,43,78,0,0,0,43,52,0,0,71,0,0,0,0,0,0,0,0,0,0,0,0,0,0,0,0,72,0,0,0,0,33,0,0,0,0,0,0,0,0,0,0,0,0,0,0,0,43,45,0,294,0,0,0,0,37,0,0,0,0,0,0,0,0,0,0,0,0,0,0,0,0,0,0,0,0,0,0,0,0,55,0,0,0,0,0,0,0,0,164,62,85,17,0,0,0,0,0,0,0,0,43,108,61,0,0,0,0,0,0,0,0,0,0,0,0,0,0,0,0,59,0,0,0,0,0,0,0,0,0,0,0,0,101,0,0,0,0,0,0,0,0,0,0,0,0,0,0,25,0,0,26,36,0,0,0,0,71,0,0,40,58,0,0,0,0,0,0,0,0,0,72,51,0,0,0,0,0,0,0,0,0,0,0,0,0,0,0,0,0,0,0,0,0,0,0,0,0,0,0,0,0,0,0,0,0,0,0,0,0,0,0,0,0,38,30,0,0,0,0,0,0,0,0,0,0,0,0,0,0,32,0,0,126,0,0,0,52,0,0,0,0,0,0,0,0,0,0,0,0,34,0,48,95,0,44,0,0,0,0,0,31,0,27,0,55,42,0,0,0,0,0,0,70,0,0,0,0,109,0,0,54,0,0,0,0,0,0,0,59,0,0,0,0,0,0,32,0,0,0,0,78,30,0,52,24,0,0,0,0,0,0,51,0,0,0,0,0,0,0,0,0,43,0,0,0,0,0,0,0,0,103,0,0,0,0,0,0,58,0,0,0,0,0,0,437,0,0,56,0,28,0,106,0,48,33,0,98,0,0,0,43,0,0,0,0,56,0,25,0,0,0,0,0,0,185,0,0,0,0,98,0,0,0,0,93,0,0,0,26,0,0,0,0,0,0,0,0,53,0,40,57,57,0,0,0,0,25,0,0,0,0,0,66,65,0,0,0,56,0,0,0,0,0,102,36,0,0,0,0,0,0,0,0,0,0,0,0,48,0,0,0,211,0,0,0,0,0,0,0,0,0,0,89,0,0,0,82,0,0,0,0,53,0,41,0,0,0,0,0,0,0,45,0,0,0,0,0,0,0,101,0,0,0,0,0,0,0,25,0,0,0,0,0,0,20,0,0,0,0,83,0,0,0,0,0,0,0,88,0,0,0,45,0,0,0,0,0,0,52,0,0,62,24,0,0,34,26,67,0,0,0,0,43,15,91,0,114,0,0,0,100,0,0,0,0,48,0,0,0,0,257,0,48,0,0,0,0,33,0,0,20,0,0,0,0,0,0,0,75,0,39,68,26,0,39,0,0,0,91,0,35,81,0,24,0,59,0,0,0,0,32,0,0,0,0,0,0,0,28,112,60,0,0,0,0,64,0,0,0,0,0,0,0,0,0,0,0,0,0,42,0,0,135,0,0,0,0,0,0,0,67,50,0,0,8,0,0,0,0,0,0,0,39,0,0,0,150,0,0,228,68,0,62,31,0,40,0,0,0,101,0,0,0,0,0,0,0,0,0,118,0,0,36,0,0,38,0,40,0,0,115,0,48,0,71,0,0,0,0,0,0,0,54,62,0,0,49,64,0,0,0,165,0,0,0,36,42,0,0,0,89,66,0,0,0,0,0,0,0,0,0,0,54,0,0,0,0,0,0,0,0,0,0,36,0,35,41,77,0,0,243,0,243,0,0,55,0,0,0,0,0,97,0,0,0,0,0,0,0,186,0,0,0,24,33,0,0,0,44,0,26,0,438,204,0,100,68,35,74,0,0,0,74,0,0,0,14,45,56,42,0,0,0,31,48,0,0,0,0,60,52,0,226,16,66,0,0,0,0,0,0,0,0,0,0,192,40,0,72,0,0,0,0,0,0,0,0,0,0,0,0,0,0,60,0,0,122,0,67,0,0,52,0,517,0,0,92,0,50,0,63,0,200,0,0,0,0,0,52,0,0,31,0,112,0,0,0,60,0,148,118,95,0,25,0,0,0,54,49,21,0,34,0,0,75,0,0,0,0,0,0,0,0,0,173,0,0,157,55,59,60,0,0,0,310,0,0,0,0,0,0,0,0,101,0,0,0,0,0,0,0,0,0,0,0,0,0,0,77,0,0,0
292,0,32,62,99,79,153,50,0,228,0,354,61,41,0,168,473,473,68,71,26,612,43,51,173,290,0,37,130,85,41,60,112,0,78,205,339,0,129,541,156,96,110,0,293,0,113,106,911,20,148,63,265,133,91,605,68,28,0,0,0,286,174,506,71,78,126,76,55,69,446,26,104,57,36,452,199,39,796,66,170,42,45,420,594,134,61,0,79,99,769,144,149,175,219,95,82,0,147,57,0,75,39,176,35,46,50,49,157,82,511,95,112,177,176,89,88,245,0,29,527,47,324,62,63,110,0,85,158,64,170,20,501,0,222,115,392,210,144,101,171,79,330,596,0,38,58,134,140,251,41,79,222,110,253,265,39,181,59,430,516,141,0,225,94,238,0,60,269,334,379,454,39,100,0,127,35,114,362,98,79,498,0,109,52,59,103,509,438,0,0,0,80,126,364,43,214,67,48,188,31,211,252,64,1039,0,80,37,104,238,347,254,71,89,101,244,66,102,43,47,312,252,58,49,469,41,56,269,352,0,106,47,37,81,0,0,78,163,533,98,47,144,0,80,102,0,251,0,111,0,132,139,422,138,176,78,100,0,91,86,447,336,168,76,62,23,0,717,433,880,41,0,248,515,173,225,74,44,673,424,254,0,174,372,193,115,83,702,2372,95,150,109,526,68,39,181,32,45,215,111,98,48,209,44,0,450,606,329,0,179,142,1168,96,0,31,110,47,308,182,62,80,72,32,66,189,239,69,341,0,0,813,0,66,249,190,111,0,0,97,59,36,221,47,171,244,51,54,0,180,1457,431,132,66,661,1188,34,52,58,615,303,140,183,329,0,300,529,732,474,150,0,485,109,73,71,108,307,429,27,0,270,170,50,112,38,97,555,118,120,213,0,72,93,627,108,142,28,1026,136,142,301,25,45,335,0,97,189,104,81,88,0,177,0,158,72,0,45,381,253,601,254,55,295,144,0,82,213,210,44,556,68,38,34,37,79,183,0,93,181,125,485,30,0,356,112,266,229,539,153,94,87,46,0,345,0,335,46,0,99,0,63,211,59,417,321,109,54,76,62,43,55,65,0,603,252,188,157,397,966,380,263,230,69,459,395,301,34,0,167,178,533,189,119,59,368,71,0,334,140,303,82,0,290,45,1611,95,247,537,369,31,0,124,50,28,65,64,54,201,147,201,248,149,36,245,187,204,51,95,123,393,37,112,0,0,0,188,159,63,0,0,209,87,297,739,59,88,31,224,49,120,494,187,93,0,158,121,171,59,114,171,82,265,664,0,162,88,712,103,0,42,118,489,343,44,0,74,66,27,508,65,45,242,416,221,51,595,0,403,631,153,53,0,1466,0,99,27,60,46,394,92,119,85,33,113,148,68,379,62,158,108,83,0,46,268,543,143,64,90,186,30,101,49,54,0,0,152,44,150,138,0,191,158,0,52,49,30,83,210,83,48,0,0,0,279,0,0,684,0,128,85,197,337,104,0,167,573,16,157,96,152,197,235,46,86,42,57,157,113,182,51,112,669,60,351,40,344,63,122,148,380,0,0,78,139,194,223,33,85,45,384,0,314,56,58,0,83,87,241,0,595,44,47,141,0,125,238,82,95,151,207,265,51,400,467,0,0,77,0,69,340,200,506,130,110,1109,577,342,268,178,0,0,232,233,0,70,116,0,0,102,711,226,227,105,1790,305,0,147,78,0,282,0,49,244,111,0,257,0,28,112,28,50,77,294,63,101,0,227,0,209,41,322,265,163,49,52,38,615,81,41,71,94,246,109,102,0,47,0,361,98,156,1066,0,0,78,109,0,50,0,86,96,99,188,137,110,68,508,148,315,113,262,45,101,0,382,295,0,472,56,43,61,117,361,31,672,62,100,75,131,99,0,432,806,0,67,95,48,51,299,255,38,0,0,0,640,47,434,163,31,186,132,61,305,37,52,0,0,0,1314,219,106,533,47,65,67,406,45,245,70,0,0,18,0,106,41,94,231,247,24,60,0,96,163,319,259,50,148,256,17,223,0,74,64,302,51,131,199,208,684,67,78,34,82,255,0,55,0,86,50,308,308,401,385,114,180,75,75,254,236,123,153,0,239,325,198,60,59,58,115,38,67,98,35,64,43,25,98,57,136,139,122,0,53,207,58,201,0,241,0,52,48,82,210,0,68,172,106,61,0,66,645,43,111,118,0,81,440,60,0,60,127,138,91,0,0,150,136,29,0,880,108,0,0,531,0,0,98,129,673,89,754,0,1430,293,55,103,73,0,48,0,0,216,123,106,378,0,0,127,169,107,193,279,61,96,0,0,0,284,912,135,0,73,30,71,183,80,87,0,343,134,0,29,0,285,102,57,97,312,0,153,444,119,275,57,193,145,123,0,133,107,150,0,105,0,207,114,582,0,117,112,228,380,0,689,159,102,248,311,1247,171,422,40,295,187,69,219,36,64,122,109,0,83,0,127,0,85,449,66,21,55,75,84,129,328,78,109,148,101,86,43,49,53,65,0,233,0,68,109,153,0,0,69,131,261,65,526,0,94,522,39,0,267,115,105,220,65,95,0,66,271,84,166,0,0,98,1199,40,53,17,86,212,35,102,49,0,0,39,0,101,648,117,54,38,160,378,220,105,0,141,42,387,37,0,62,122,656,386,49,202,0,525,81,77,0,75,102,402,0,150,493,312,0,79,0,0,0,56,427,856,64,103,305,31,263,221,0,440,63,28,134,43,97,0,79,90,91,353,0,81,294,105,0,880,35,0,180,379,70,82,183,71,135,103,0,55,121,0,72,123,86,0,272,37,9,104,317,170,70,188,26,0,153,54,435,0,140,128,0,152,64,228,0,77,40,66,65,91,21,117,0,52,148,34,121,207,78,209,73,0,107,106,135,525,472,44,96,0,50,456,87,123,52,131,253,0,58,98,138,0,67,93,0,145,133,65,178,15,66,121,0,44,222,0,379,166,0,76,248,63,88,314,288,128,51,364,0,363,96,82,535,404,174,162,81,38,2437,100,248,0,154,101,48,572,0,157,132,99,142,43,454,319,53,0,47,61,72,68,549,0,42,56,305,40,155,0,214,221,107,53,70,98,45,81,0,90,454,0,0,89,2788,454,105,743,136,146,200,463,126,55,154,56,398,66,91,138,133,0,519,61,104,85,315,30,693,457,0,467,101,24,75,51,32,312,130,48,170,184,227,170,396,38,239,0,129,482,0,0,313,253,102,200,122,46,121,174,152,208,48,164,336,81,883,309,159,168,140,48,94,526,49,0,898,0,58,515,0,39,0,506,34,144,481,214,107,40,293,216,203,199,168,0,514,380,53,57,69,84,198,146,47,106,132,0,342,243,226,418,81,107,44,69,433,75,98,67,835,442,215,190,43,107,67,0,116,427,103,290,611,38,0,101,255,84,117,171,51,0,102,0,0,231,349,153,0,109,149,66,284,0,96,170,50,109,303,0,47,0,276,129,63,181,184,111,38,72,0,0,445,44,300,0,247,122,59,38,346,382,39,45,308,172,218,0,48,161,1057,0,493,63,54,86,230,30,87,87,378,82,58,234,547,47,0,278,127,45,103,269,345,0,182,110,212,63,69,0,308,0,61,857,0,56,66,75,74,66,39,121,111,163,64,440,54,76,0,38,53,114,0,51,341,441,89,30,97,147,51,136,39,173,204,69,78,97,57,735,62,124,87,71,0,131,0,393,399,117,303,104,71,141,53,41,104,136,195,122,130,38,147,442,185,47,75,91,583,50,0,114,53,548,0,81,0,0,42,1047,140,64,0,0,386,100,85,46,222,0,199,0,262,0,50,34,745,66,576,85,176,88,46,125,241,50,263,49,405,106,137,170,111,252,26,102,46,92,80,93,0,169,532,0,0,950,53,0,51,211,234,43,90,319,166,68,66,0,82,0,206,136,644,925,148,198,70,0,52,98,42,159,257,0,0,60,0,49,281,0,53,79,410,44,320,33,63,68,50,142,381,155,284,112,103,680,139,883,49,53,49,233,46,343,105,104,110,241,49,0,37,0,62,0,125,31,0,567,235,68,0,0,0,55,89,138,0,800,49,74,175,0,80,94,35,0,399,288,56,212,21,60,105,137,130,0,129,0,0,72,0,119,198,81,36,110,0,0,638,0,143,52,83,153,481,420,59,445,197,0,58,35,0,216,492,235,84,360,0,56,0,0,66,0,0,148,94,0,122,121,208,172,412,168,104,71,91,35,26,0,137,38,159,144,388,89,60,139,106,52,898,157,62,52,202,0,638,122,0,34,137,467,78,101,0,265,55,126,0,50,47,41,83,285,32,0,0,86,136,69,270,339,276,30,0,126,221,0,0,216,90,37,0,45,85,290,438,99,115,169,46,0,798,48,64,358,101,0,0,73,96,95,0,571,148,623,0,133,23,52,0,31,437,38,203,176,0,192,195,134,152,316,103,120,0,87,115,218,190,239,115,124,196,35,0,340,0,241,59,303,178,79,0,0,42,131,179,173,240,388,27,0,103,0,35,0,164,0,0,218,0,276,0,54,421,60,39,24,0,83,109,40,95,121,103,429,46,0,83,419,115,0,0,0,422,905,0,126,54,109,0,0,293,86,294,735,135,253,383,82,40,0,0,66,155,174,191,0,78,0,123,195,105,231,0,0,218,0,176,0,443,33,135,34,138,55,0,120,380,34,0,38,422,110,110,0,426,44,0,0,0,0,0,388,114,113,239,737,0,0,113,26,33,212,127,0,64,54,140,67,218,108,55,330,485,67,170,75,85,29,80,95,270,163,484,81,58,1156,179,198,109,150,114,120,66,54,40,97,24,123,99,221,100,270,271,65,0,34,139,222,54,0,87,0,168,217,101,110,155,35,28,77,0,70,92,89,788,203,464,215,0,61,0,0,144,158,69,0,218,255,453,138,336,172,207,419,53,132,0,103,95,82,119,37,69,132,45,498,614,0,56,272,0,33,0,0,90,90,346,90,772,116,100,162,103,617,198,0,360,108,99,86,108,319,105,146,126,0,173,147,54,125,329,104,596,165,42,122,233,169,75,50,224,81,22,246,35,0,281,163,105,88,126,66,0,1826,0,268,66,66,86,59,150,423,0,0,72,65,100,0,71,243,0,117,0,96,950,126,123,425,128,82,0,82,141,55,124,0,60,255,185,326,285,165,0,0,129,121,140,100,119,65,33,110,95,126,0,229,46,102,300,31,0,293,225,37,300,80,328,34,78,184,89,49,22,0,46,239,69,170,487,60,406,353,51,65,0,43,268,0,135,298,125,296,181,363,144,132,424,0,284,154,55,134,151,289,370,326,212,44,28,190,152,87,0,82,166,58,77,152,235,161,1555,141,0,118,126,68,302,512,119,498,96,256,61,50,0,153,0,661,505,183,59,425,0,0,240,61,135,112,60,0,0,142,185,191,207,55,543,299,0,0,0,110,66,258,134,38,0,95,0,139,2107,34,34,540,151,168,50,439,74,519,75,0,371,226,48,73,315,42,0,318,59,447,200,178,143,65,150,44,0,46,1716,123,40,39,0,756,0,107,188,447,396,0,0,80,175,175,0,0,691,0,65,216,42,480,189,322,211,143,476,75,67,108,100,79,46,23,244,0,803,782,91,60,55,266,196,71,181,134,117,495,384,192,72,169,61,97,126,52,157,47,86,0,46,101,110,105,36,731,84,0,243,45,0,130,458,21,108,177,544,46,61,0,235,138,141,30,0,342,776,110,35,64,209,72,92,58,91,293,89,169,414,98,203,88,94,620,32,45,65,53,110,0,78,278,263,0,106,128,0,161,182,155,236,87,50,586,0,75,313,75,0,164,71,516,251,173,114,249,93,106,112,68,86,613,191,0,0,635,227,273,162,77,231,284,107,307,78,97,674,153,699,48,253,236,255,240,564,0,223,173,73,205,111,126,74,61,1279,73,154,0,69,89,34,542,0,73,82,1217,28,56,415,165,71,86,249,47,390,528,130,53,1443,88,887,114,550,52,124,252,72,275,194,214,127,101,39,71,242,132,45,259,177,59,179,0,185,399,265,0,219,115,0,323,0,0,75,176,151,125,103,472,412,75,90,0,0,144,57,125,247,60,129,281,36,56,56,78,236,374,0,17,64,212,62,81,93,361,38,0,69,197,0,62,875,0,164,377,186,284,256,87,10,141,0,0,0,154,43,129,90,0,159,110,0,60,44,237,22,275,117,215,238,126,119,275,0,0,309,56,720,47,151,116,0,45,82,0,39,112,279,135,74,333,123,143,39,102,0,356,100,72,0,43,114,0,61,54,258,211,96,142,31,28,256,158,0,0,66,39,350,81,188,0,40,94,102,54,157,151,52,92,50,193,335,224,0,0,493,150,278,54,82,129,77,0,0,289,0,212,0,55,63,106,70,0,38,382,49,45,0,90,94,89,121,51,44,0,52,112,666,1394,74,297,119,89,224,74,193,50,215,227,200,0,252,484,198,169,72,53,0,77,0,0,331,209,0,186,119,131,501,0,196,51,324,50,63,0,39,57,163,405,0,638,332,0,595,0,0,119,102,0,176,119,898,40,0,83,318,0,0,120,53,0,193,15,113,0,135,234,224,578,214,0,150,61,586,36,181,0,298,104,0,0,170,57,637,39,0,157,0,112,308,37,0,181,65,349,290,140,69,57,64,53,0,1160,128,44,23,54,102,0,138,38,87,91,0,105,113,218,0,0,277,0,0,692,103,162,117,45,190,21,498,0,0,47,17,28,0,54,109,128,0,93,155,112,49,204,75,0,43,134,32,76,28,124,982,52,0,91
293,0,0,0,0,0,0,0,0,42,0,14,0,0,0,0,57,101,0,0,0,121,0,0,0,69,0,0,21,0,0,0,0,0,0,51,32,0,0,0,36,0,0,0,0,0,0,0,141,0,0,35,0,0,0,101,0,0,0,0,0,40,0,98,0,0,50,0,0,0,0,0,0,0,0,50,0,0,78,0,77,0,0,43,62,0,0,0,0,0,126,28,0,0,0,0,0,0,0,0,0,0,0,81,0,0,0,0,46,0,72,0,0,36,63,0,0,0,0,0,78,0,88,0,0,0,0,0,0,0,0,0,97,0,39,0,116,0,0,0,0,0,0,164,0,0,0,0,0,32,0,0,0,0,54,0,0,36,0,52,37,0,0,0,0,0,0,0,0,0,58,109,0,0,0,0,0,0,84,0,0,136,0,0,0,0,0,65,109,0,0,0,0,0,96,0,68,0,0,0,0,36,0,0,131,0,0,0,0,77,0,0,0,0,0,0,0,57,0,0,70,156,0,0,113,0,0,0,78,0,85,0,0,0,0,0,0,0,94,0,0,28,0,0,0,0,0,0,17,0,24,0,104,0,77,0,0,0,0,0,38,24,0,0,0,0,0,190,45,83,0,0,70,183,0,51,0,0,210,98,0,0,0,0,0,0,0,0,1608,0,40,0,112,0,0,0,0,0,0,0,0,0,27,0,0,0,148,0,0,50,0,93,0,0,0,0,0,0,0,0,0,0,0,0,43,0,0,0,0,0,67,0,0,40,45,0,0,0,0,0,0,66,0,0,35,0,0,0,33,254,93,65,0,112,91,0,0,0,45,0,31,0,61,0,38,89,0,45,50,0,89,0,0,0,0,40,76,0,0,0,0,0,0,0,0,306,0,0,29,0,0,0,78,0,0,0,221,0,0,156,0,0,76,0,0,0,0,0,0,0,29,0,0,0,0,0,0,0,60,0,31,0,46,0,0,0,0,0,101,0,0,0,0,0,21,0,0,0,0,0,0,0,95,0,41,60,74,92,0,54,0,0,122,0,24,0,0,0,0,0,0,0,100,0,0,0,0,0,0,0,0,0,47,0,53,50,49,0,56,0,74,0,128,50,0,0,0,0,0,0,0,0,0,0,0,12,31,0,37,0,0,60,0,217,13,48,0,70,0,0,0,0,0,0,0,0,102,0,36,0,65,0,53,127,43,0,0,0,102,0,0,0,0,0,0,0,0,0,0,46,0,0,49,0,0,0,0,0,0,89,92,0,0,0,0,0,0,58,0,0,71,110,0,0,0,0,0,0,0,0,61,75,0,0,0,0,0,0,0,0,57,0,60,0,131,0,66,179,0,0,0,337,0,0,0,0,0,99,0,0,0,0,45,0,0,67,0,47,39,56,0,0,230,142,44,0,0,0,0,0,0,0,0,0,0,0,0,0,0,124,53,0,0,0,0,0,0,60,0,0,0,0,79,0,0,0,0,61,0,143,45,0,0,0,158,0,49,0,0,72,0,0,42,0,0,30,0,0,0,48,47,0,12,0,79,0,0,37,91,0,0,0,0,0,47,0,0,0,72,0,0,0,0,0,0,29,58,0,201,0,0,0,0,83,74,0,0,0,37,0,0,41,107,0,0,0,0,0,147,0,114,40,56,226,177,71,30,61,0,0,0,48,0,0,0,0,0,0,30,0,69,38,424,0,0,34,0,0,0,0,0,0,0,0,66,0,0,0,0,0,29,0,0,29,0,48,0,0,0,118,42,93,0,0,0,0,52,28,30,37,45,0,72,0,0,0,52,0,0,0,0,0,0,0,0,0,0,33,30,51,42,0,0,0,23,0,99,0,0,0,44,0,171,44,0,76,0,0,0,0,71,0,116,0,0,0,31,0,0,106,0,0,0,0,0,0,0,0,0,0,0,31,122,0,0,0,0,25,49,9,75,0,0,48,0,0,87,214,33,100,0,0,0,152,0,0,0,0,0,0,0,0,0,0,58,127,0,0,0,0,0,0,0,0,41,0,0,46,0,30,0,133,0,80,130,52,127,0,0,0,0,263,0,0,0,0,0,84,105,28,97,0,0,0,0,117,0,0,0,0,0,83,62,0,0,76,39,21,0,0,0,0,0,0,0,0,0,74,0,0,0,0,0,52,0,35,0,0,0,0,0,0,54,37,0,0,0,0,230,0,0,44,30,0,0,63,0,0,0,207,33,0,0,0,34,0,0,142,0,0,49,150,0,0,0,0,0,0,76,0,536,0,0,0,0,0,24,0,0,38,0,0,0,0,0,0,23,0,0,90,0,0,0,0,0,0,111,106,31,0,0,0,67,0,0,0,90,0,0,0,0,0,0,0,0,83,0,130,61,0,122,0,0,33,0,0,82,76,0,0,37,0,0,0,190,0,95,65,119,77,0,0,0,87,57,88,295,88,0,0,0,0,0,78,0,32,22,0,0,47,0,0,0,25,349,0,0,0,0,0,0,128,0,40,0,44,0,0,0,0,0,0,27,0,0,74,0,21,0,0,0,91,0,53,0,0,128,0,0,104,41,45,0,0,0,0,0,0,0,101,0,0,0,209,0,0,0,0,0,0,0,0,31,0,0,0,0,127,91,0,23,0,69,41,152,0,0,0,74,0,0,72,87,0,0,0,76,0,0,0,22,0,0,0,55,0,0,219,22,0,0,0,0,0,40,0,73,0,0,0,0,82,127,0,0,0,0,0,0,0,0,0,0,0,0,0,0,71,0,0,135,0,0,0,0,0,0,0,0,0,0,0,0,0,0,0,0,0,0,38,0,0,0,0,0,0,0,0,0,0,0,0,0,0,0,0,0,0,0,0,0,0,0,0,0,0,0,0,0,64,0,0,0,0,0,0,0,0,0,21,41,0,0,0,0,0,30,0,0,0,0,0,0,0,0,29,0,0,0,0,75,0,0,0,0,0,13,0,0,0,0,87,0,0,0,0,0,0,0,0,0,0,0,0,36,0,0,98,68,0,36,0,0,185,0,67,0,0,0,28,295,0,28,27,0,0,0,0,0,0,0,0,0,0,0,59,0,0,0,44,0,0,0,0,0,0,0,0,0,0,0,0,27,0,0,0,0,646,0,0,0,0,0,0,174,0,0,0,0,32,0,0,0,0,0,34,0,0,0,100,0,0,0,0,0,0,0,0,0,0,0,0,0,0,0,129,0,23,0,0,0,0,0,0,0,0,0,0,0,0,0,0,0,0,48,0,20,51,0,0,0,0,0,66,0,0,0,0,0,178,0,0,40,0,0,0,81,0,0,0,0,0,0,30,0,65,0,0,0,0,0,0,0,0,0,0,0,0,0,0,0,63,0,37,55,0,0,0,0,22,0,0,0,85,60,0,38,0,48,48,0,0,79,0,0,0,0,0,0,0,0,0,0,0,0,0,0,0,0,30,0,0,0,0,0,0,0,0,0,0,0,96,0,0,0,0,14,0,0,0,0,0,0,0,0,0,0,0,0,65,0,0,0,0,48,0,0,0,0,0,0,0,0,119,0,36,0,0,58,0,0,0,0,59,20,0,0,0,0,0,0,0,0,0,0,44,0,0,0,0,0,0,0,0,0,0,225,0,0,41,0,0,0,0,0,0,0,0,0,0,18,0,0,0,0,0,0,0,48,0,0,0,0,0,0,0,0,0,0,0,0,0,47,0,24,0,0,0,0,0,75,0,28,0,0,0,24,0,0,0,0,0,35,0,0,0,0,0,0,0,54,0,0,0,0,0,91,0,0,0,0,0,101,0,0,0,0,105,0,28,0,61,0,0,0,75,0,0,0,0,0,176,0,0,0,0,0,65,0,0,0,35,0,0,0,0,35,0,0,0,0,0,0,0,0,0,0,0,0,0,0,0,0,0,0,0,16,0,0,0,0,0,0,0,0,0,0,0,0,0,0,0,0,0,0,0,0,0,0,0,0,0,0,0,0,47,0,50,0,0,0,0,95,0,0,0,0,0,34,0,0,0,0,0,34,0,0,0,0,0,0,0,0,0,0,0,0,0,0,0,87,0,0,0,0,0,0,0,91,0,130,0,0,0,0,0,0,38,0,0,68,0,0,0,0,0,0,61,0,49,0,0,0,0,0,51,0,0,41,0,0,156,0,0,0,52,33,0,101,0,0,20,0,0,0,0,0,0,53,0,70,0,0,0,0,0,0,0,0,0,0,0,0,39,0,55,0,0,0,0,0,0,0,0,0,0,0,112,0,0,0,0,0,78,0,40,0,43,0,60,0,0,0,30,139,0,0,0,99,0,26,0,0,0,42,0,60,0,0,0,84,0,0,45,68,65,0,0,0,0,0,0,0,0,0,0,0,0,0,109,0,0,0,0,0,87,0,0,0,0,0,0,0,0,0,0,137,24,60,0,0,0,0,0,0,0,0,42,50,0,59,0,0,0,213,83,42,0,0,0,0,73,0,0,0,95,0,0,105,0,69,0,0,50,0,0,0,0,0,160,0,75,61,0,0,0,0,0,0,0,0,0,61,0,50,0,0,0,0,0,0,0,0,0,0,0,56,28,39,72,0,0,152,0,0,0,0,51,195,0,40,0,0,0,0,25,0,0,64,0,0,0,29,0,0,0,0,0,0,0,0,0,0,34,0,0,0,0,0,23,0,66,0,45,0,0,0,0,0,0,0,49,0,0,0,86,0,0,0,380,0,0,0,0,0,0,99,0,0,0,206,0,0,0,0,0,0,0,35,0,0,50,0,0,0,0,0,0,0,0,0,0,0,0,0,0,40,0,0,0,106,0,29,0,0,34,0,0,0,0,0,0,0,0,0,0,0,48,0,0,0,62,46,0,0,0,0,0,63,0,61,74,0,0,0,0,0,0,55,240,0,0,0,0,0,0,0,0,0,0,0,0,0,0,0,0,0,48,47,0,0,0,0,0,42,0,0,0,0,0,97,0,0,0,41,0,48,0,0,0,0,49,12,57,0,0,0,0,32,49,0,0,0,27,33,0,77,0,0,0,0,0,0,0,0,51,0,0,35,0,0,0,0,0,0,35,60,0,0,0,0,0,0,27,0,65,0,0,498,0,39,0,0,0,0,0,59,0,0,35,0,0,0,0,47,0,0,0,0,150,36,0,0,0,0,0,0,0,0,0,0,0,0,0,128,0,26,0,0,0,0,41,0,52,0,0,0,33,0,0,93,0,0,0,0,0,52,49,0,0,0,41,0,0,34,0,0,0,0,0,0,0,0,0,0,61,75,0,0,0,0,0,0,0,0,0,0,0,0,0,0,0,0,0,0,0,0,0,0,0,44,59,0,0,0,0,0,0,0,60,0,0,0,0,0,210,0,0,0,0,0,46,75,0,68,0,43,0,0,0,0,0,85,79,0,0,0,0,0,0,0,23,0,0,0,0,45,0,0,0,0,0,0,0,0,0,0,0,44,0,0,0,0,0,0,230,0,0,138,0,43,0,88,0,93,0,0,63,25,0,0,0,0,0,0,0,0,0,38,0,0,0,0,0,0,226,0,0,0,0,40,0,0,0,0,0,0,0,0,0,0,0,0,0,0,0,0,0,0,0,0,0,0,0,0,0,0,0,0,0,0,0,0,151,0,0,0,0,0,0,0,0,0,0,0,29,0,0,0,0,0,0,0,34,0,0,0,0,0,0,0,0,169,0,0,0,0,0,0,51,0,0,0,0,0,0,0,0,0,0,0,0,0,90,0,0,0,0,0,0,0,0,0,0,0,0,0,0,0,19,0,0,0,0,0,0,0,0,45,0,0,0,0,0,26,0,0,0,0,0,0,0,0,51,0,0,0,0,0,0,0,0,0,0,0,0,0,0,0,0,0,0,0,0,63,0,0,0,0,24,0,0,0,61,0,29,0,0,0,20,0,0,0,0,0,0,58,0,0,0,0,0,0,0,0,0,0,0,0,0,0,0,101,0,0,0,0,0,0,0,0,35,0,24,0,191,0,96,0,0,0,0,74,0,0,0,49,0,61,0,0,0,66,0,0,0,0,0,0,106,159,0,0,0,0,0,114,0,0,0,0,0,0,0,46,47,0,0,0,0,0,0,0,0,0,0,0,0,0,0,0,0,0,0,0,0,0,0,0,0,0,0,0,28,35,0,0,83,0,0,77,0,45,0,0,0,0,0,0,0,0,0,0,0,0,0,0,0,0,0,0,0,51,0,0,0,0,28,33,0,0,160,0,48,0,0,0,0,0,0,0,0,0,0,0,0,75,0,102,0,0,0,72,0,0,0,0,0,0,0,0,0,59,0,0,0,0,24,0,0,0,0,0,108,0,0,0,0,0,0,45,0,0,0,0,0,0,0,59,0,0,108,0,109,0,0,0,0,0,0,29,0,50,0,0,0,0,0,0,0,95,0,0,0,0,0,0,0,0,0,0,0,0,350,93,0,46,59,0,0,0,0,0,0,0,35,0,33,48,67,0,0,0,0,0,0,0,0,0,0,0,0,34,206,0,0,0,0,0,0,0,0,0,0,19,0,108,48,0,99,0,0,0,0,0,0,0,0,0,0,0,0,0,0,16,0,0,66,0,0,0,0,81,34,357,0,0,80,17,0,0,0,0,72,44,0,0,0,0,50,0,0,42,0,0,0,0,0,0,0,0,97,32,0,0,0,0,0,246,0,0,0,0,38,0,0,0,0,0,0,0,33,33,0,0,60,0,0,146,0,45,0,0,0,0,41,0,0,0,0,0,0,0,22,0,0,0,0,30,0,58,0,0,0,0,23,0,0,0,0,0,0,0
294,0,0,0,0,33,0,46,0,43,0,192,0,0,0,65,62,172,0,24,0,120,0,0,43,94,0,0,0,33,0,0,66,0,17,128,58,0,74,150,90,0,37,0,123,0,72,27,172,0,113,70,31,68,28,95,0,0,0,0,0,69,46,97,0,0,106,0,0,26,164,0,0,0,0,315,48,0,86,39,0,0,0,45,161,0,0,0,0,0,98,59,0,61,0,0,0,0,54,0,0,0,0,0,0,0,0,0,69,42,159,0,54,115,108,0,32,81,0,0,191,0,230,0,0,0,0,32,0,14,105,0,118,0,52,87,68,0,87,41,68,0,45,53,0,0,0,31,75,135,0,0,60,0,122,67,0,52,0,98,110,29,0,52,54,0,0,0,123,106,172,101,0,59,0,0,0,74,57,57,0,77,0,0,0,30,0,328,263,0,0,0,67,44,57,0,71,0,0,88,0,0,0,0,306,0,31,0,0,102,89,87,0,0,0,136,43,81,0,0,82,246,0,0,125,0,0,81,121,0,114,0,0,24,0,0,0,0,73,0,0,62,34,55,42,0,155,0,34,0,0,0,110,39,121,0,81,0,46,0,231,43,85,30,55,0,0,414,107,254,0,0,147,183,36,48,0,0,410,98,0,0,109,75,78,0,0,192,1835,28,25,0,129,0,0,62,0,0,0,44,0,30,106,0,0,260,121,208,27,56,59,590,85,0,0,0,49,244,152,0,58,33,0,57,168,148,31,58,0,0,419,0,39,114,83,0,0,0,0,83,0,0,24,86,157,54,0,0,64,755,130,0,0,134,224,0,53,80,171,182,73,58,88,0,76,223,464,59,64,0,0,44,50,95,39,154,186,0,0,194,0,0,0,0,0,228,81,58,89,0,0,34,342,0,0,0,232,47,157,123,0,30,123,0,0,91,89,0,41,0,121,0,0,37,0,0,124,56,304,90,0,73,95,39,57,112,114,53,196,59,0,0,61,0,124,29,0,61,0,76,0,0,199,104,217,144,179,48,0,48,0,0,75,0,0,23,0,50,0,26,241,0,132,100,0,0,0,37,0,0,62,61,153,145,31,70,249,148,140,140,105,0,145,220,0,0,0,0,129,332,71,80,45,169,0,50,126,67,58,0,0,139,0,455,70,137,83,72,28,0,113,0,0,0,38,0,56,140,89,71,0,52,210,271,123,0,47,21,245,0,28,0,0,0,89,79,0,0,0,188,0,165,342,38,0,0,107,41,37,281,81,78,0,48,65,0,0,55,79,32,164,397,0,37,39,343,78,0,0,42,122,142,0,0,40,0,0,150,28,51,71,160,42,0,327,0,65,238,85,0,0,376,0,131,0,0,0,151,25,51,0,39,0,70,43,146,59,168,0,0,0,0,195,241,132,17,97,105,0,85,0,0,0,0,55,40,0,24,0,213,86,0,0,0,0,53,0,85,0,0,0,0,195,0,0,176,0,62,53,338,404,0,0,55,496,0,76,39,48,76,85,50,70,0,0,126,54,0,35,66,94,0,200,0,130,0,75,49,346,30,0,0,45,0,0,0,56,62,0,0,65,36,66,0,64,0,78,0,215,0,0,96,0,0,119,60,32,114,109,63,0,0,263,0,0,0,0,95,192,27,186,120,115,553,111,443,108,0,0,0,167,34,0,0,146,0,0,26,218,135,316,44,817,189,0,113,0,0,0,0,26,35,0,23,146,0,0,0,0,0,0,0,45,0,0,91,0,49,0,115,224,168,102,0,0,144,0,38,0,56,288,0,77,28,0,0,135,132,85,195,0,0,64,63,0,63,0,85,0,0,0,46,0,36,50,68,0,80,40,37,0,0,150,141,0,503,0,0,49,138,87,0,131,41,0,26,95,0,0,205,147,0,27,22,0,0,0,54,35,0,0,55,400,0,116,44,0,127,0,0,55,0,97,0,0,0,206,124,54,205,0,53,0,184,29,0,0,0,49,0,0,0,0,0,216,136,62,22,0,93,0,64,89,0,71,47,0,119,0,37,68,142,0,67,218,178,46,40,0,0,70,226,0,0,0,23,0,137,159,163,73,0,40,43,40,379,177,0,85,0,112,53,47,45,22,41,117,19,0,53,0,0,0,0,57,0,76,59,94,0,0,116,0,88,15,130,0,39,31,0,76,0,41,158,61,0,37,0,292,0,48,0,47,41,210,40,0,70,49,300,0,0,0,190,124,0,0,223,0,0,0,147,0,0,62,0,299,46,423,0,1022,103,26,56,46,0,0,0,0,0,57,0,161,0,0,128,52,0,185,123,0,56,0,46,0,201,164,167,48,66,0,0,55,53,0,0,359,0,0,0,0,98,0,42,65,162,0,86,232,39,94,33,59,91,83,27,95,81,73,0,89,0,80,0,323,0,73,108,96,148,0,161,34,65,64,321,822,250,103,41,182,66,33,180,0,0,43,42,0,0,0,76,0,76,210,35,0,0,0,33,37,216,59,84,0,31,37,30,0,0,47,18,151,0,0,70,70,42,0,0,72,102,0,272,0,24,603,32,0,241,43,80,150,0,0,0,39,44,61,81,0,0,121,475,0,0,0,112,185,0,49,22,0,0,0,0,0,322,129,47,53,74,117,131,124,0,0,0,216,35,0,35,163,134,210,65,77,0,209,38,61,0,71,83,179,0,0,138,73,18,83,0,0,0,74,64,392,0,0,112,0,380,101,0,0,80,0,0,18,80,0,0,35,87,0,0,38,141,0,0,440,42,0,92,104,0,71,113,22,49,99,0,0,22,0,0,31,0,0,196,0,0,59,178,154,0,52,0,0,39,0,186,0,44,67,0,38,0,105,0,49,0,0,0,32,0,138,30,0,39,0,0,95,0,77,0,0,92,0,81,219,251,0,0,0,47,172,51,0,0,71,95,0,0,72,77,0,0,0,12,0,67,43,60,0,0,0,63,0,43,0,230,0,0,62,76,76,62,238,230,0,51,255,0,136,48,22,478,153,0,84,0,0,1071,0,57,0,50,52,0,151,0,57,185,42,82,12,160,62,33,0,46,31,0,0,124,0,23,0,148,0,57,0,109,95,25,0,16,24,69,72,0,77,220,0,0,61,883,153,20,103,0,79,86,208,0,0,0,0,249,0,0,45,93,0,90,0,153,96,552,0,407,177,0,40,0,0,0,0,0,178,99,39,141,60,181,62,168,0,131,0,75,0,0,0,51,127,0,109,39,0,73,41,48,186,65,151,112,41,301,145,107,90,172,0,0,143,30,0,150,0,0,184,0,0,0,140,0,72,208,0,93,0,151,34,148,79,165,0,244,125,0,39,85,0,79,53,0,0,161,30,109,34,68,0,0,32,0,43,163,65,93,0,313,258,74,61,0,0,40,0,0,111,65,0,524,44,0,0,0,31,47,0,27,0,0,0,0,47,192,60,0,0,48,22,114,0,16,65,0,0,107,0,0,0,0,0,0,114,30,0,0,0,0,0,64,0,0,0,218,70,0,0,217,36,0,42,93,37,71,0,0,0,230,0,171,0,28,0,56,0,0,49,208,0,0,85,487,0,0,152,0,0,47,0,267,0,0,41,0,44,0,0,91,0,46,107,0,124,0,0,41,53,0,0,0,74,0,177,0,0,0,0,0,69,0,0,223,211,0,21,0,66,0,0,0,109,75,0,0,0,0,102,0,41,60,0,0,36,0,115,231,27,0,0,24,51,0,0,87,60,0,73,108,0,89,90,39,35,0,0,177,0,0,26,45,67,0,32,0,0,0,299,90,16,31,0,92,60,0,39,84,0,81,0,60,0,0,0,233,0,573,80,65,0,0,91,80,0,111,0,0,0,108,31,32,126,0,53,0,19,0,45,0,78,120,0,0,545,0,0,0,136,47,0,0,136,61,0,0,0,0,0,81,69,0,434,43,80,19,0,0,0,0,57,133,0,0,0,0,0,89,0,0,0,167,0,111,0,0,44,17,61,158,105,59,67,0,155,75,314,0,0,0,94,0,85,0,26,37,0,0,0,0,0,40,0,53,0,34,325,0,0,0,0,0,0,27,0,0,238,0,0,71,0,0,32,58,0,46,0,0,0,0,22,106,51,0,0,25,0,0,43,0,45,0,0,0,72,0,0,253,0,51,0,0,0,179,104,0,116,0,0,23,0,29,0,0,0,51,0,0,48,0,0,0,0,0,0,0,0,90,118,59,69,67,40,57,37,55,0,0,0,60,26,48,0,437,0,42,75,0,0,251,0,27,0,212,0,123,132,0,12,0,17,0,64,0,64,27,31,0,0,0,0,0,91,0,0,0,40,69,64,81,0,41,0,0,60,146,0,0,113,70,0,0,63,27,96,55,0,0,26,0,0,347,0,0,175,0,0,0,0,61,58,0,0,88,273,0,39,0,67,0,44,52,0,186,126,0,0,118,0,107,502,79,56,0,0,0,34,0,123,42,99,71,0,0,44,57,128,0,199,130,0,0,0,0,46,54,142,196,153,0,0,55,14,0,0,161,0,0,0,0,124,0,0,183,0,0,0,0,0,152,0,0,91,45,158,58,0,0,193,0,0,0,0,54,391,0,0,0,0,0,0,174,67,67,137,0,61,0,146,0,0,0,0,95,100,268,0,0,0,77,0,0,98,0,0,48,0,207,0,48,0,29,0,86,0,0,64,110,0,0,0,180,0,0,0,375,0,0,0,0,0,0,263,43,0,100,574,0,0,67,0,0,130,0,48,0,0,93,0,61,0,0,37,85,23,35,0,0,0,15,42,150,27,94,0,0,572,59,103,0,0,32,44,40,0,0,30,0,0,0,0,94,79,41,0,0,0,232,82,46,0,0,0,0,50,28,62,0,27,0,0,0,36,40,58,193,177,248,103,0,0,0,0,55,0,0,0,86,112,261,0,166,62,85,78,0,82,0,0,0,0,50,0,0,0,0,292,118,0,49,0,0,45,0,0,27,0,133,0,266,0,0,60,0,360,75,0,113,70,0,0,0,64,0,88,0,0,38,0,0,54,0,0,172,46,0,41,95,0,54,0,50,117,0,0,0,0,93,81,29,0,63,0,0,128,0,79,0,0,47,0,0,100,50,0,60,0,41,28,34,42,0,50,0,0,346,0,35,90,0,23,0,34,37,0,0,0,0,93,39,149,69,42,0,21,0,0,57,0,0,0,0,0,0,0,0,43,0,0,244,0,0,60,72,0,119,48,46,0,0,52,0,0,0,0,0,71,0,68,164,0,126,143,0,0,0,0,137,0,68,187,42,125,61,97,47,35,126,0,147,59,0,65,51,85,75,54,124,0,0,38,54,0,0,0,234,29,26,0,56,0,288,63,0,35,51,0,87,153,31,172,38,68,0,0,0,96,0,96,229,77,0,54,0,0,139,0,56,46,42,0,0,0,50,69,72,0,248,41,0,0,0,0,0,103,35,0,0,48,0,0,63,0,0,57,0,52,0,162,0,179,0,0,0,65,0,0,71,0,0,112,0,120,0,70,65,0,29,36,0,0,780,0,0,0,0,36,0,65,29,126,122,0,0,0,0,0,0,0,318,0,0,0,0,120,0,85,0,83,197,0,0,0,40,0,0,18,115,0,415,63,0,0,0,44,59,0,0,50,48,145,215,83,0,0,0,20,43,28,0,0,0,0,0,69,0,0,0,392,0,0,41,0,0,0,94,0,41,70,191,0,0,0,0,38,37,0,0,52,122,53,0,0,0,0,0,0,0,0,22,34,67,0,47,0,0,185,0,0,0,0,0,22,0,130,0,0,0,0,0,49,33,35,71,0,0,119,0,0,70,0,0,0,0,89,69,57,0,0,22,0,0,0,38,112,72,0,0,124,0,0,108,0,42,0,0,0,0,0,186,73,405,0,140,58,56,81,209,0,70,66,21,0,75,21,0,0,292,0,52,0,0,36,0,124,0,54,26,689,0,0,91,0,21,0,65,0,70,119,43,0,321,0,146,0,156,0,19,0,0,54,0,87,0,74,0,0,87,86,0,139,0,0,55,0,144,119,148,0,38,74,0,0,0,0,0,0,0,0,53,120,97,0,0,0,0,39,0,0,115,0,0,167,0,0,0,41,84,75,0,0,69,49,0,0,25,67,28,0,77,0,0,0,111,15,48,137,148,49,129,84,0,0,0,0,0,124,0,0,0,0,44,0,0,0,0,102,0,70,37,58,28,77,0,69,0,0,250,0,120,26,41,0,0,0,0,0,0,0,210,77,0,0,64,68,0,0,0,92,0,8,0,41,0,22,0,0,88,186,0,0,0,0,74,34,0,0,0,0,119,0,0,0,0,0,0,34,0,33,43,49,0,0,0,147,0,0,256,0,136,36,43,57,0,0,0,65,0,61,0,0,0,0,14,0,0,120,0,0,0,0,72,0,82,0,57,0,24,41,824,196,0,70,58,99,55,0,51,0,42,0,57,0,60,41,90,66,59,0,0,56,0,0,23,0,0,37,78,48,261,0,0,0,57,0,0,0,28,0,0,0,0,433,41,0,97,0,0,0,80,0,0,0,74,0,0,41,16,0,0,136,0,0,65,0,93,0,73,180,47,682,0,0,149,0,60,22,0,0,153,71,0,0,157,0,40,0,0,56,0,62,54,0,0,104,0,38,81,68,0,0,0,0,0,85,106,12,0,54,0,0,58,0,0,0,0,0,0,0,27,0,147,0,0,102,58,0,63,0,0,0,507,0,0,0,0,0,0,0,51,125,0,0,0,131,0,108,0,0,0,0,27,42,0,0,48,22,0,0
295,0,0,0,0,0,82,0,0,46,0,147,0,0,0,89,51,65,0,0,0,132,11,36,30,61,0,0,0,0,0,0,0,0,0,49,0,0,0,72,0,55,0,0,108,0,0,0,154,0,92,0,0,96,0,0,0,0,0,0,0,0,30,0,0,0,29,0,0,0,300,0,0,0,0,85,0,0,301,0,36,0,0,0,0,0,0,0,0,0,68,0,0,0,0,0,0,0,0,0,0,0,0,0,0,0,25,0,0,0,97,0,0,48,61,0,0,0,0,0,0,0,77,26,0,29,0,12,0,0,0,0,37,0,0,0,127,0,0,0,84,36,0,125,0,0,22,0,0,0,0,0,0,0,0,25,0,36,0,0,0,29,0,0,62,0,0,0,71,0,127,98,21,42,0,0,0,0,80,0,0,0,0,0,0,50,0,64,0,0,0,0,0,0,0,0,0,0,0,63,0,41,0,0,117,0,0,0,0,0,0,72,0,33,0,0,0,0,0,0,0,0,0,0,0,0,0,0,57,0,0,0,0,0,0,0,0,0,59,0,0,0,0,50,0,0,0,0,0,0,34,0,44,0,67,0,14,0,0,0,95,94,0,0,0,0,0,39,62,97,0,0,0,130,47,40,0,0,370,118,0,0,26,0,0,0,0,0,414,0,0,0,64,0,0,0,0,41,0,27,0,18,87,0,0,241,87,69,0,0,0,129,0,0,0,0,0,93,0,36,0,0,0,0,0,46,0,88,0,0,52,0,90,0,64,0,0,0,0,0,0,0,0,0,0,0,0,0,0,557,113,0,0,97,132,0,33,0,353,0,42,49,0,0,67,520,159,37,0,0,74,0,0,0,66,298,81,0,0,34,0,0,0,0,40,0,0,88,0,0,0,37,179,0,0,0,137,99,0,0,0,0,0,0,0,70,0,70,25,33,0,0,41,0,0,50,116,0,48,170,0,191,42,0,0,0,0,0,55,0,0,0,0,0,50,0,0,59,0,50,0,0,14,85,54,170,71,56,0,0,0,0,101,0,0,0,0,0,0,0,0,0,103,0,0,0,0,0,0,0,0,0,76,0,0,21,32,96,33,0,0,0,28,150,0,0,0,0,0,0,86,0,0,0,0,32,107,0,0,0,0,0,0,523,0,127,47,62,0,0,0,28,0,0,0,0,0,33,40,83,0,0,28,53,126,0,0,55,91,0,0,0,0,0,194,25,0,0,0,91,0,49,60,0,0,0,97,0,0,30,33,0,0,30,0,26,0,31,0,0,65,480,0,0,47,32,0,0,0,0,0,0,0,0,0,0,0,109,0,0,0,65,95,0,98,0,173,58,0,0,0,84,0,37,0,0,0,0,25,0,0,0,32,110,45,99,34,0,0,0,0,0,161,261,71,0,0,60,0,0,0,0,0,0,50,24,0,0,0,45,91,0,0,0,0,0,0,0,0,0,0,0,79,0,0,108,0,37,0,0,227,0,0,24,235,0,0,0,0,78,0,0,0,0,0,97,0,42,0,0,0,0,49,0,64,0,0,31,79,0,0,0,0,0,90,0,0,0,0,0,0,59,0,0,0,0,57,0,106,0,0,63,0,0,0,0,0,0,54,0,0,129,80,0,0,0,0,0,0,0,96,0,0,366,188,31,58,0,0,0,40,15,0,16,66,0,0,0,105,41,0,0,222,98,0,67,0,0,0,0,0,0,0,0,194,0,0,0,0,0,0,0,0,0,0,0,0,0,0,132,75,38,0,0,0,66,0,0,0,0,0,0,0,0,0,0,32,48,0,271,0,0,0,0,0,0,0,0,0,43,0,0,0,0,150,0,27,0,0,0,73,0,103,22,0,221,0,0,0,84,0,0,72,0,0,62,53,51,0,32,105,0,0,0,0,0,0,0,0,0,0,0,104,0,63,0,0,40,0,0,0,0,73,0,0,0,48,116,61,254,0,0,0,41,0,0,0,0,0,0,0,20,0,36,74,39,0,0,0,34,0,0,0,0,0,0,0,85,0,0,0,80,0,36,56,45,158,0,0,0,0,49,0,0,0,36,0,0,0,0,25,0,0,0,42,218,34,0,0,0,0,0,0,0,27,0,82,0,0,27,0,0,0,0,0,0,0,56,0,0,0,83,0,72,0,46,0,0,76,65,84,0,0,0,70,0,0,0,110,42,0,38,93,0,175,0,0,62,62,253,0,49,0,142,0,0,0,387,0,0,0,0,0,0,92,0,79,0,96,0,539,0,0,20,40,0,25,0,0,58,79,0,34,31,0,35,75,0,289,53,0,0,0,0,0,210,200,179,57,0,0,0,0,0,0,0,132,49,0,0,0,0,0,41,0,54,0,0,1051,0,32,43,184,34,59,0,0,122,39,0,66,0,0,49,191,0,0,0,42,66,0,259,47,0,0,215,204,205,325,0,133,0,65,80,0,0,22,0,0,49,0,73,0,78,62,23,0,0,0,0,0,192,47,73,0,70,0,0,0,0,94,0,73,0,0,0,0,0,0,32,43,30,47,425,52,35,110,45,0,71,0,24,131,21,31,0,0,181,95,94,0,0,110,621,0,0,0,65,0,0,0,0,0,0,0,21,0,114,0,0,32,117,34,0,0,0,0,0,44,41,0,0,174,0,195,31,201,0,0,74,0,0,0,112,0,38,0,84,237,0,55,0,0,0,82,338,336,60,0,0,0,117,101,0,128,0,0,42,0,55,0,0,0,67,63,0,0,0,0,0,78,0,0,0,68,0,32,0,0,86,0,0,0,48,0,0,40,0,0,112,0,0,0,43,71,15,0,0,0,0,0,60,0,49,0,0,0,0,51,0,0,0,0,0,0,0,0,22,0,0,0,30,102,0,39,0,0,45,0,0,135,108,0,0,0,24,125,0,0,20,0,0,0,0,60,0,0,0,33,0,0,0,0,49,0,0,0,30,0,50,0,0,0,0,0,0,0,0,103,152,0,0,122,0,66,35,0,86,0,46,0,0,0,659,0,69,0,0,23,0,121,0,0,129,0,42,0,89,38,0,0,0,48,0,0,0,0,0,0,44,0,32,0,0,108,0,0,0,0,41,0,0,0,67,0,0,0,0,232,0,102,0,39,86,67,0,0,0,0,171,0,25,0,79,0,200,0,58,0,201,0,131,96,0,41,0,0,0,0,0,109,105,0,104,0,82,0,105,0,146,0,77,97,0,0,0,51,0,79,0,0,88,0,0,69,0,56,46,0,176,0,71,0,95,0,0,96,0,0,179,0,0,0,0,0,0,21,0,46,94,35,0,0,176,0,0,0,85,0,106,107,6,0,0,0,0,0,0,0,65,0,0,0,59,141,0,0,0,0,0,0,68,0,132,114,71,0,0,0,0,0,41,89,25,0,336,0,0,0,78,0,0,0,0,0,0,0,0,0,92,36,22,0,0,0,38,0,26,186,0,0,78,0,0,0,78,31,0,0,33,0,0,0,0,0,140,0,0,0,294,27,0,0,0,80,0,38,81,33,77,0,0,31,0,0,54,0,0,0,85,0,0,39,66,70,0,73,546,0,0,182,0,0,0,29,61,0,42,0,0,74,0,0,36,0,43,110,0,0,0,0,0,179,0,0,0,0,0,117,0,0,0,60,0,0,0,0,59,31,0,0,0,0,86,43,0,147,50,0,0,0,0,178,0,37,43,0,0,0,0,0,61,21,0,0,0,83,0,0,70,31,0,181,153,0,119,155,84,80,0,0,185,0,0,0,84,205,0,73,0,0,0,305,65,0,56,0,130,156,50,54,108,0,0,0,186,0,0,0,279,0,864,186,0,0,0,41,0,0,49,0,68,0,0,42,0,51,0,65,0,63,0,0,0,141,141,0,0,315,64,0,0,74,42,0,45,115,0,0,0,0,0,0,73,0,49,270,45,0,185,0,0,0,0,55,275,0,0,0,0,0,0,0,0,33,535,0,233,0,0,0,17,117,0,140,88,0,0,156,61,51,0,0,0,105,0,94,0,27,0,0,0,0,0,41,0,0,36,0,50,99,10,0,0,0,0,0,0,0,0,207,0,32,56,0,0,0,0,0,105,59,0,116,0,29,56,50,43,0,101,0,0,0,0,0,34,0,0,0,0,0,176,0,69,0,37,0,207,74,0,146,0,37,0,0,0,38,176,55,0,112,0,52,0,0,0,0,0,32,0,0,68,0,120,0,97,68,0,73,0,0,0,0,51,0,55,25,91,0,70,0,27,0,197,57,33,36,73,0,152,0,0,0,0,153,0,62,0,206,0,51,0,0,0,0,0,112,0,0,0,106,25,35,56,64,49,0,0,72,29,0,0,73,0,0,0,0,0,34,104,0,70,0,0,0,51,0,0,409,51,0,0,0,66,44,0,311,33,66,0,63,0,0,0,0,110,0,0,40,41,68,99,48,115,125,80,83,0,0,0,0,162,0,48,0,133,0,0,112,24,95,0,147,113,0,0,0,0,0,179,137,61,268,0,0,41,0,0,0,32,0,0,0,0,119,0,0,185,0,24,0,0,29,0,0,0,0,29,156,160,0,0,217,0,0,0,0,110,409,0,51,0,0,0,0,114,0,119,210,0,68,78,0,0,0,0,0,45,94,25,0,45,0,82,61,33,34,0,0,77,0,0,0,92,0,0,0,73,0,0,95,141,0,0,0,240,65,69,0,597,0,0,0,0,0,0,49,0,47,0,88,0,0,0,0,0,46,49,34,0,0,60,0,78,41,0,148,167,0,126,0,0,34,95,63,137,86,208,0,0,175,80,74,32,128,92,36,28,0,0,37,0,22,68,60,30,199,54,0,0,0,163,0,0,0,27,0,71,83,0,0,147,0,0,0,0,80,38,103,149,160,242,57,0,0,26,0,0,44,0,0,41,106,469,78,216,57,48,0,0,0,0,0,0,0,52,19,42,61,0,197,343,0,103,109,0,63,0,0,61,0,63,0,48,0,0,0,0,146,96,0,83,0,0,0,0,178,0,67,14,0,160,0,0,70,159,53,249,143,54,30,57,25,33,0,0,102,0,64,46,0,0,0,0,64,43,0,0,313,0,131,0,44,0,0,107,66,32,0,0,0,37,52,0,270,0,0,0,28,273,0,59,409,0,48,0,0,84,0,54,0,89,104,51,86,158,82,0,0,52,0,0,0,0,0,0,0,0,23,0,53,0,43,224,0,0,60,66,0,85,92,126,0,0,43,0,24,25,0,0,44,0,0,0,0,57,76,0,0,0,0,113,0,63,73,0,318,39,54,41,0,59,0,42,0,19,96,67,0,141,98,74,0,0,96,0,0,0,27,114,0,46,43,44,42,417,0,0,0,0,0,77,75,62,194,0,0,37,42,0,72,0,85,140,99,0,348,0,0,34,42,38,69,0,0,0,159,40,42,83,26,122,71,0,0,0,0,0,45,0,0,0,35,0,0,490,0,0,144,0,121,0,66,0,212,0,0,108,59,0,0,0,0,0,24,0,67,0,0,54,0,0,0,0,0,281,33,0,0,0,159,0,76,99,109,0,0,0,49,0,65,0,0,0,0,0,0,0,100,95,0,59,111,213,0,0,0,43,0,0,0,39,0,211,110,0,0,0,69,91,0,0,0,58,151,57,0,0,0,0,0,81,0,0,0,41,0,0,100,45,0,0,110,29,0,0,0,0,0,71,0,0,77,0,0,0,0,64,46,0,0,0,96,181,114,0,0,83,40,47,0,0,36,27,0,144,45,0,0,28,0,0,0,0,0,0,26,31,0,62,0,0,0,0,49,0,20,103,0,0,148,0,0,56,0,0,0,53,79,0,0,0,0,0,0,34,36,35,347,0,0,0,299,0,0,28,0,60,0,70,0,0,0,83,65,91,0,171,29,29,98,66,0,0,59,0,56,37,0,0,0,323,0,144,0,0,33,0,117,0,0,0,84,0,0,80,0,72,0,249,0,55,92,95,0,405,0,135,0,41,0,61,88,0,0,0,205,0,53,0,0,0,80,0,0,44,0,0,0,111,0,231,0,21,0,0,0,0,0,0,0,37,34,34,227,68,0,0,0,0,0,23,52,233,21,0,107,0,32,0,0,65,77,0,0,42,35,0,0,61,108,0,0,120,108,0,0,44,0,59,96,112,77,73,63,0,0,0,0,0,121,0,65,43,0,49,81,0,0,0,315,0,116,44,160,0,0,92,0,9,0,530,0,277,0,0,49,0,56,37,0,0,0,239,51,0,192,28,202,0,59,0,0,0,49,0,0,43,0,0,0,256,124,0,77,0,0,161,0,0,0,50,33,344,0,0,0,0,36,41,108,83,69,0,60,0,37,29,93,0,0,354,0,0,26,70,40,0,0,0,147,0,117,0,32,0,0,0,0,25,23,0,0,0,62,0,0,50,0,84,0,65,187,48,858,30,99,0,122,60,63,130,25,0,75,162,0,73,38,92,100,0,0,0,88,83,0,198,37,0,41,52,135,83,0,70,0,179,0,0,0,72,0,43,265,0,0,0,0,284,0,0,50,68,0,0,0,443,0,0,39,228,0,0,152,0,0,0,0,53,0,73,62,138,75,0,0,351,0,201,0,0,0,125,0,0,0,111,0,102,0,0,0,0,173,108,0,0,155,0,40,142,34,0,36,0,0,0,456,0,0,0,43,45,0,45,12,0,40,0,75,0,0,0,0,104,0,0,106,0,0,53,0,0,0,120,0,0,0,0,0,0,0,0,295,0,48,94,86,43,0,0,0,0,0,84,0,0,79,564,0,28,0
296,0,0,0,0,29,63,0,0,0,0,176,38,32,0,98,210,149,0,0,0,52,38,29,73,60,0,0,88,36,0,0,0,0,38,103,124,0,0,223,111,0,30,0,190,0,37,22,55,0,0,0,78,102,0,15,0,0,0,0,0,173,0,134,0,0,0,25,0,42,168,0,42,0,0,110,94,0,218,0,87,0,0,196,211,50,0,0,41,0,0,0,32,18,62,0,0,0,64,0,0,0,20,119,0,0,27,0,130,29,326,0,45,88,55,25,0,93,0,0,189,0,140,32,25,0,0,36,73,0,81,20,165,0,86,0,110,56,19,49,118,38,44,172,0,0,0,43,52,119,0,0,147,78,66,74,0,97,0,184,239,0,21,64,54,74,32,0,83,176,121,63,0,66,0,66,0,0,96,63,0,136,0,0,0,36,29,283,88,0,0,0,113,0,66,0,63,0,0,80,0,0,68,0,525,0,31,0,36,90,116,70,37,42,0,82,0,0,0,0,96,43,0,0,171,0,0,48,115,0,0,0,0,0,28,0,41,54,241,52,18,116,0,36,0,0,241,0,0,0,0,45,147,36,56,61,0,0,35,78,248,0,68,0,0,0,0,123,167,442,0,0,126,250,0,0,0,0,268,281,88,0,63,157,82,27,47,279,545,0,62,58,0,0,0,47,0,0,91,0,0,0,0,0,0,0,122,92,0,63,78,81,47,0,0,0,0,0,71,0,75,28,0,0,117,55,0,111,0,0,104,0,0,0,0,0,0,0,0,0,0,38,0,46,44,0,0,0,50,584,145,0,0,65,171,0,22,0,96,28,0,0,59,0,0,25,157,58,0,0,46,0,35,0,0,0,51,0,0,119,43,0,30,0,0,357,0,0,42,0,0,0,236,0,0,0,239,0,18,99,0,0,36,0,0,61,0,0,56,0,0,0,32,51,0,0,99,0,71,0,0,0,112,0,54,74,0,0,59,0,0,0,19,0,63,0,0,0,0,50,0,0,55,0,60,35,114,0,0,0,0,0,99,0,0,0,22,30,0,0,40,0,61,47,0,20,0,0,0,0,0,0,233,0,61,25,59,77,152,0,217,0,36,108,98,0,0,23,66,0,39,0,0,53,0,0,0,36,88,0,0,119,0,278,0,0,59,58,0,0,0,0,0,0,0,0,65,76,0,0,26,0,62,142,0,0,0,0,107,0,39,0,0,0,0,62,0,0,0,0,0,84,30,0,0,0,61,0,36,173,142,52,0,35,37,0,0,0,0,0,78,38,0,29,0,86,0,0,0,0,97,58,0,0,0,0,0,180,0,0,0,110,86,0,155,0,170,76,45,0,20,230,0,84,0,0,0,44,0,0,0,0,73,82,0,68,0,58,27,0,0,0,408,230,192,0,72,0,0,0,0,40,0,0,0,0,47,0,0,105,70,0,0,22,0,0,57,0,0,0,0,0,171,0,0,248,0,0,0,118,212,32,0,51,220,0,0,56,0,109,62,0,62,0,0,61,41,43,0,47,120,0,112,0,137,0,40,24,0,29,0,0,0,0,84,0,0,0,84,0,102,35,19,0,0,42,121,0,66,0,0,113,0,80,75,0,0,0,0,107,0,179,0,0,0,0,0,0,195,64,258,0,71,232,104,87,160,48,0,0,34,49,0,0,97,0,0,48,221,148,159,48,777,112,0,129,0,0,84,0,0,50,0,0,87,0,0,0,0,27,0,0,0,75,0,110,0,82,0,0,238,84,0,0,0,266,0,0,49,45,71,56,106,0,19,0,69,53,66,92,0,0,39,0,0,0,0,45,39,0,36,57,86,0,169,0,134,63,71,0,0,35,54,118,0,265,0,0,0,58,64,0,99,0,0,0,35,0,24,111,218,0,0,0,0,0,46,39,0,0,0,35,42,0,126,61,0,94,0,42,65,18,78,35,0,0,332,251,53,176,6,46,31,151,29,0,55,0,0,0,0,0,0,0,102,78,32,0,0,34,58,83,89,0,0,132,0,123,0,0,0,114,0,55,106,41,144,0,0,0,54,0,0,62,0,0,0,25,36,282,58,0,33,0,29,388,63,82,110,0,40,41,33,0,0,73,0,0,0,84,35,66,37,0,0,24,0,0,23,0,0,0,28,87,0,86,0,0,0,25,0,0,0,0,39,0,0,41,473,0,0,24,0,0,39,0,0,103,79,83,0,70,0,116,0,0,0,88,0,0,42,97,0,0,44,88,639,0,0,0,260,0,0,0,0,0,0,0,0,27,19,0,0,0,0,69,0,98,294,0,0,38,0,40,0,94,873,168,0,31,0,43,31,0,84,0,82,41,14,0,0,0,0,0,0,291,0,0,1170,125,0,0,114,115,0,0,0,0,0,0,0,0,0,0,219,0,0,0,55,0,0,226,84,0,0,191,263,119,260,0,66,93,0,56,0,0,0,59,0,0,0,0,0,0,225,35,0,0,77,0,35,88,0,92,37,0,53,0,0,0,0,38,134,0,45,0,0,0,0,60,17,0,0,77,0,27,72,49,0,550,0,159,132,0,0,0,31,93,0,89,0,0,60,125,0,0,0,97,0,0,66,0,0,0,0,34,0,97,0,83,0,0,70,0,70,0,0,68,257,18,25,0,158,0,221,57,0,43,37,21,107,0,0,0,123,0,0,85,109,0,46,0,0,0,44,155,0,0,0,0,0,426,0,0,263,0,0,36,0,0,0,0,0,37,0,0,101,210,97,0,0,0,0,54,63,51,0,102,0,0,27,0,37,0,0,0,0,47,0,0,0,0,0,39,0,0,0,0,0,0,0,332,0,51,0,0,0,0,49,0,0,0,68,23,0,10,43,0,0,67,0,0,101,0,67,0,0,0,0,0,118,103,0,27,0,0,0,0,0,0,0,0,0,0,0,104,0,54,0,0,74,0,0,0,0,0,0,41,0,0,0,69,0,0,34,0,0,72,72,97,47,0,90,0,159,0,0,272,229,104,32,0,0,981,0,0,0,0,67,25,32,0,67,0,0,55,0,296,44,0,0,0,0,0,37,62,0,0,0,0,0,0,0,0,25,0,0,0,0,31,23,0,0,62,23,0,17,1253,58,81,0,0,128,66,196,94,0,0,19,0,0,0,0,0,0,0,0,97,0,247,0,287,59,0,0,68,0,31,0,0,123,36,0,53,0,113,0,146,0,0,0,31,0,0,0,59,0,0,119,0,0,0,61,0,0,0,0,0,0,0,0,49,0,70,0,0,77,0,0,613,0,0,0,0,0,0,190,0,81,56,0,0,0,0,0,0,0,18,0,46,103,0,0,70,43,0,66,0,0,97,0,165,0,127,46,0,0,0,0,67,40,0,0,41,108,0,0,0,0,80,0,0,302,47,55,200,0,0,0,0,0,0,50,0,0,0,0,0,0,57,0,0,0,0,0,103,0,0,0,0,0,63,0,0,0,36,0,0,0,0,0,0,0,0,0,89,0,65,0,111,29,0,0,86,25,0,0,125,0,49,0,0,22,60,0,150,0,0,11,28,0,0,30,0,0,0,55,205,0,0,80,0,0,0,110,88,0,0,0,0,0,0,0,84,0,0,0,0,37,0,0,0,0,0,0,0,100,0,71,0,0,0,0,0,58,0,25,86,0,0,0,0,0,0,0,0,44,0,0,0,0,0,175,0,0,0,0,11,57,0,70,92,0,47,0,0,54,0,0,66,42,36,48,0,0,50,86,0,0,0,0,151,0,0,0,23,85,0,0,0,0,0,117,56,0,0,0,118,0,50,0,0,0,0,0,167,0,0,0,161,0,378,0,0,0,0,35,172,0,0,0,38,0,0,0,36,25,0,0,0,0,0,0,0,20,93,0,0,191,0,0,0,87,89,0,0,31,61,0,0,0,0,0,43,53,218,409,0,0,0,0,0,59,0,17,0,0,0,0,0,0,0,0,0,46,101,0,96,0,0,0,0,0,0,56,28,0,44,35,0,35,0,0,0,69,0,53,0,0,102,0,0,0,0,0,0,0,61,0,0,36,58,0,0,0,0,0,0,0,0,293,0,0,0,0,0,0,0,0,162,0,0,0,0,0,0,0,44,0,0,0,46,39,0,0,0,0,0,90,0,0,101,0,0,0,20,67,0,0,0,0,0,0,0,0,0,0,0,0,0,88,0,0,0,0,0,0,0,0,0,0,0,49,89,77,112,0,0,0,0,0,0,0,44,0,0,0,0,0,0,52,0,0,167,0,30,0,0,0,183,21,0,0,0,93,45,0,0,39,0,0,0,0,0,0,27,98,0,0,0,72,0,56,0,127,0,0,0,0,85,0,0,0,54,0,0,0,0,32,189,28,0,0,0,0,335,0,0,121,59,0,0,0,0,25,0,124,0,269,0,0,0,0,0,0,100,0,0,18,0,0,170,35,0,179,33,0,0,27,0,80,53,145,0,0,78,0,0,120,50,118,0,0,0,0,0,0,0,0,71,93,80,116,23,0,0,0,0,0,69,0,0,82,0,0,0,0,50,0,0,0,0,0,0,0,0,120,0,41,76,0,0,141,0,0,0,0,74,114,0,0,0,0,0,0,0,22,0,82,33,57,60,0,29,0,0,0,57,0,24,0,0,0,0,59,0,123,0,0,54,0,0,0,0,0,0,0,0,0,0,37,78,0,0,0,115,0,0,0,456,0,0,0,0,0,0,51,32,0,41,88,0,0,0,0,0,0,0,0,0,0,66,0,54,0,0,60,135,0,0,0,33,0,0,0,87,0,0,0,0,131,0,0,0,0,15,0,0,0,0,0,0,0,0,0,0,59,0,0,0,0,79,67,0,0,0,0,27,0,0,34,0,0,0,0,0,0,0,0,112,132,281,0,0,0,0,0,0,71,0,0,0,0,161,0,104,0,0,118,0,0,0,0,0,0,39,0,0,0,0,50,140,0,0,0,0,25,0,0,0,0,0,0,0,35,38,0,0,174,0,0,88,0,0,0,0,67,0,90,0,0,52,0,0,56,65,0,137,0,0,0,0,0,54,0,0,60,0,91,0,0,64,0,0,0,0,0,0,414,0,33,0,0,0,0,0,57,13,0,0,0,56,0,0,0,0,0,0,0,82,0,0,0,0,0,0,0,41,0,0,0,0,0,57,0,65,37,0,0,0,33,0,0,0,0,0,0,0,0,0,0,0,0,133,0,0,44,40,0,117,0,108,0,0,32,0,0,0,0,0,0,0,0,49,0,41,78,0,0,0,0,39,0,56,69,0,0,60,117,46,0,70,0,36,0,0,0,37,49,0,69,78,0,0,27,0,0,0,0,56,0,0,0,0,0,561,0,0,0,0,0,40,85,33,92,0,0,0,0,0,46,0,29,110,55,0,0,0,0,33,0,28,0,0,0,0,0,23,0,0,0,72,113,0,0,0,0,0,0,0,28,0,0,0,0,750,0,0,388,0,66,0,93,0,54,84,0,128,0,0,0,0,0,0,0,0,114,0,29,0,27,0,0,0,0,97,39,0,0,0,0,0,111,192,32,80,0,0,0,30,56,0,0,60,0,0,0,58,46,152,64,0,0,0,0,0,0,0,0,0,0,0,0,328,0,0,0,0,49,86,0,34,30,0,118,72,0,18,0,0,0,32,0,0,38,0,0,0,144,85,0,0,145,0,0,73,0,0,0,160,0,0,0,0,0,0,0,100,0,0,0,0,77,0,71,0,0,113,35,0,0,54,74,0,0,48,0,0,0,60,16,0,0,0,0,0,53,0,0,0,0,0,0,0,0,0,55,0,0,0,85,0,0,0,0,30,0,80,0,55,63,0,0,0,0,0,0,31,330,0,0,0,290,40,0,0,0,0,71,52,0,0,0,0,0,87,45,109,0,108,0,86,0,0,0,0,121,0,0,54,0,259,0,82,0,0,0,0,0,0,0,0,103,0,56,193,43,61,0,219,0,37,59,55,0,59,0,77,0,0,0,48,208,0,50,38,116,80,0,0,0,0,0,0,0,0,0,70,0,0,76,99,0,49,32,0,0,0,0,81,0,79,0,0,76,213,0,0,0,0,0,0,68,320,0,0,0,0,13,0,0,0,0,0,0,0,89,0,0,0,0,0,0,0,0,0,0,0,37,0,0,0,0,0,0,0,0,0,0,0,49,0,44,0,0,0,0,0,0,0,186,0,71,0,32,43,43,0,0,0,0,0,62,150,0,0,0,0,0,0,0,0,0,66,91,0,123,73,45,0,0,0,22,0,0,0,0,0,0,35,0,51,121,0,48,0,0,0,0,0,0,0,0,40,0,0,0,0,0,0,0,56,0,0,86,0,29,89,188,0,0,327,0,0,0,0,0,0,0,0,133,0,0,0,0,0,0,0,0,0,0,0,0,0,46,0,0,72,0,0,0,32,32,145,67,25,0,0,0,151,0,61,0,0,37,23,0,0,97,0,77,0,0,0,0,0,0,0,59,0,0,0,0,156,0,58,0,76,0,0,0,0,0,0,154,0,229,87,0,141,0,0,56,0,0,0,0,308,0,0,0,125,0,0,0,0,0,0,0,22,0,48,0,0,260,0,0,0,0,46,0,58,0,64,56,0,0,0,0,62,0,0,54,0,97,158,0,0,87,0,84,58,0,0,0,0,0,0,56,40,0,0,0,42,0,0,0,0,0,0,0,0,36,0,0,41,0,0,38,0,0,93,0,0,0,247,0,0,0,0,0,0,0,39,169,0,0,61,153,0,0,25,0,0,0,0,0,0,0,0,0,0,0
297,0,0,0,0,0,0,0,0,0,0,297,0,0,0,126,87,186,0,0,0,102,40,0,32,80,0,0,42,39,46,0,0,0,0,101,188,0,48,234,69,0,40,0,247,0,46,0,0,0,98,0,72,0,0,95,0,0,0,0,0,41,29,243,0,0,0,30,0,0,125,0,0,0,0,120,68,0,84,0,0,0,0,53,236,0,0,0,57,20,122,92,50,35,53,0,41,0,57,0,0,0,0,69,0,0,45,0,67,0,0,0,0,79,11,25,38,133,43,0,185,26,148,45,0,0,39,0,53,0,130,0,175,0,0,0,55,0,72,0,0,56,210,95,0,0,44,42,45,73,0,27,69,0,39,97,0,78,0,69,207,0,0,26,0,72,0,0,90,130,41,88,0,70,0,0,0,45,69,73,0,181,0,48,0,45,66,319,73,0,0,0,40,0,126,0,70,0,0,161,0,20,57,27,139,0,49,0,0,0,105,0,42,0,0,48,0,0,0,0,136,70,14,0,188,0,0,74,0,0,0,0,24,0,0,0,0,44,241,0,0,67,19,69,0,0,0,17,0,0,25,0,158,40,0,0,53,0,0,44,180,42,38,34,32,0,0,148,112,129,0,0,0,212,0,34,0,0,507,257,81,0,74,94,66,0,48,264,625,82,0,0,97,0,0,76,0,0,30,0,0,0,85,0,38,377,263,145,0,80,58,564,0,0,0,0,61,115,77,49,0,37,0,0,0,89,95,93,0,0,341,0,47,82,81,93,0,0,31,31,0,89,0,28,81,0,0,0,76,843,256,249,37,108,379,0,46,0,100,85,56,76,52,0,128,76,254,166,44,27,91,43,0,93,60,57,107,0,0,54,46,36,0,0,37,0,72,73,77,0,0,0,378,0,0,28,173,0,119,270,0,0,382,0,0,102,0,0,0,28,102,0,71,0,0,0,163,0,190,174,0,55,38,26,0,83,72,37,130,0,0,0,42,0,39,0,0,68,46,168,0,0,362,90,442,81,126,56,0,38,34,0,101,0,76,0,35,0,0,0,137,29,76,134,0,0,0,51,0,0,83,28,65,126,78,45,137,340,112,164,115,38,142,91,88,0,0,73,96,198,80,54,0,111,35,48,166,71,186,28,0,127,50,300,60,0,170,63,51,0,149,0,0,49,0,0,529,83,45,77,319,0,115,251,106,0,47,85,261,0,33,0,0,0,40,30,35,0,0,84,0,87,285,0,34,0,63,28,0,216,52,69,0,42,34,52,0,42,35,67,178,318,0,69,36,251,43,0,0,58,154,247,28,0,0,31,15,146,0,0,467,225,46,0,323,0,140,1113,30,0,0,287,0,66,0,26,0,92,0,0,0,0,75,98,47,123,55,109,55,64,0,0,206,259,40,0,0,42,0,0,0,0,0,35,29,29,132,92,0,88,123,0,0,33,0,44,115,53,37,0,0,0,66,0,28,469,0,56,0,105,158,0,0,100,263,0,66,57,0,153,0,0,135,0,30,130,97,46,0,91,463,0,167,0,220,33,76,49,116,0,46,77,89,168,245,49,0,48,117,0,75,49,0,0,0,74,150,0,346,0,0,77,0,104,0,0,0,0,100,0,0,419,24,0,0,38,0,71,127,147,237,0,98,996,219,324,79,46,0,0,62,0,0,0,118,0,0,61,324,92,160,100,513,123,0,0,73,0,221,0,49,149,0,0,191,0,0,88,0,51,0,111,50,65,0,44,0,158,0,132,33,146,0,0,18,372,0,27,52,88,186,0,120,0,0,26,0,93,41,146,0,0,80,0,0,0,0,47,62,0,95,26,35,34,460,115,175,68,251,0,52,0,163,151,20,176,0,14,0,51,0,0,44,0,0,66,71,58,0,52,407,0,0,58,0,0,39,0,0,0,0,0,128,41,279,0,0,0,53,29,0,0,83,0,0,0,942,185,78,313,0,24,29,113,0,0,0,0,37,0,0,0,0,0,102,135,0,0,0,54,92,200,174,30,0,141,0,0,0,32,38,130,0,124,159,180,190,0,0,73,93,142,0,63,0,0,0,98,164,166,72,36,68,0,0,175,187,74,140,0,99,131,0,53,21,71,157,54,0,65,0,0,28,0,55,38,76,132,124,0,0,121,0,142,19,38,0,42,107,79,72,0,90,107,0,0,70,0,427,0,0,193,28,131,240,61,0,0,0,609,0,34,0,261,99,45,0,345,33,0,50,147,0,0,76,74,411,51,335,0,510,73,61,22,42,34,32,0,0,74,46,0,137,31,0,225,93,88,81,78,0,112,0,117,0,158,341,0,116,84,0,42,59,58,0,0,207,0,52,18,0,79,0,38,26,152,0,104,471,83,265,0,123,92,77,81,204,242,58,26,101,0,60,59,55,0,60,148,228,156,0,261,40,0,46,25,889,210,214,31,160,75,102,163,0,0,0,0,0,146,0,0,0,68,358,30,0,0,58,48,0,765,0,30,46,135,51,43,0,39,58,0,148,0,0,110,39,84,0,75,69,84,83,442,0,0,462,0,0,382,79,136,244,73,41,0,0,117,80,113,0,0,202,601,0,0,0,50,85,26,59,30,38,59,0,0,56,419,106,86,0,140,100,0,89,0,0,56,225,56,0,36,0,182,290,0,74,33,213,49,89,0,82,165,86,65,0,285,159,0,83,0,0,0,66,289,882,69,0,57,0,478,259,0,74,41,0,75,28,47,0,0,0,117,139,37,30,104,30,0,458,0,58,96,174,60,0,121,48,92,0,36,51,0,43,43,0,25,28,60,0,0,0,0,161,48,0,0,0,0,41,172,0,99,138,0,44,0,0,0,55,18,51,37,83,0,81,41,0,0,0,0,65,24,165,0,0,87,47,238,138,128,0,49,0,71,193,61,0,0,191,157,57,0,0,73,0,0,0,0,40,102,76,180,0,0,0,81,36,50,0,285,48,0,0,122,0,51,249,274,64,0,291,32,199,0,33,271,251,44,349,0,22,1398,40,102,0,57,91,0,513,0,79,148,70,191,0,242,0,0,0,41,119,38,68,269,0,0,0,90,0,0,0,75,225,87,0,30,65,50,54,40,39,84,0,0,0,1636,302,34,275,0,80,168,289,35,0,33,23,97,30,25,100,117,0,260,0,205,91,371,0,380,152,0,103,38,0,47,0,9,210,97,73,153,101,217,116,138,0,140,0,85,134,0,28,172,62,0,176,0,34,77,164,0,0,65,79,113,54,523,172,75,75,65,38,89,180,36,0,306,0,0,272,0,0,0,210,0,110,131,53,0,0,311,75,81,43,166,0,147,267,0,0,61,43,38,45,0,55,160,0,194,123,109,182,0,0,0,0,334,66,90,0,611,141,169,65,0,28,0,0,0,142,61,107,399,0,0,87,178,75,68,99,0,0,57,0,0,122,396,150,0,0,80,52,154,0,0,177,85,0,128,0,14,0,165,123,0,74,103,66,0,91,0,0,293,37,171,0,315,132,71,0,0,201,0,0,215,72,167,0,0,0,370,0,147,38,69,88,111,0,79,0,419,70,75,204,613,0,0,53,149,0,99,175,213,0,71,74,87,67,73,0,152,16,35,467,0,252,61,39,0,155,31,88,65,47,0,258,0,43,0,41,44,67,0,41,0,318,0,0,78,91,94,81,0,108,168,0,45,38,0,473,74,40,0,60,30,0,0,218,166,76,157,104,57,167,34,28,0,129,118,176,123,35,111,196,162,58,57,87,796,0,0,94,63,409,0,57,0,0,0,506,0,0,0,44,144,140,120,27,90,0,184,0,347,0,29,0,403,50,603,170,108,0,0,18,88,95,110,31,0,0,0,50,118,222,0,54,0,106,0,94,40,121,67,0,0,793,60,0,51,35,140,0,33,173,103,0,0,0,60,0,262,75,383,734,84,116,179,0,50,33,0,71,260,0,0,0,0,0,291,0,0,68,494,0,224,0,0,0,31,302,305,131,179,50,59,539,89,802,0,0,0,218,32,245,47,86,17,172,0,0,0,0,0,0,121,0,61,590,108,72,0,0,0,0,46,154,0,311,0,97,121,0,41,47,82,0,369,102,0,110,0,35,81,64,127,0,135,66,53,58,0,50,60,79,0,130,0,0,312,0,84,43,177,130,214,91,72,151,0,61,0,41,63,105,224,83,112,247,40,80,31,0,0,0,0,40,43,0,144,108,151,103,166,76,0,114,108,0,0,0,70,43,79,103,440,60,76,87,40,38,489,85,54,57,332,0,409,135,0,0,31,357,115,110,0,212,64,107,0,68,0,146,66,251,0,38,0,139,41,138,173,208,61,0,0,45,272,0,0,86,56,39,0,53,40,208,429,49,67,148,0,0,450,44,30,651,69,0,0,19,88,76,0,481,228,340,0,79,38,58,19,0,144,67,175,55,51,89,196,79,68,545,188,93,0,45,65,243,288,179,53,84,548,0,0,282,47,174,39,310,160,93,46,0,41,0,215,324,173,543,30,0,112,0,0,0,145,0,0,175,0,125,0,0,216,44,0,0,0,0,149,50,0,177,70,209,69,38,0,263,53,46,0,0,262,650,0,63,0,51,54,0,118,66,101,353,70,66,117,137,40,31,0,45,133,158,243,0,38,0,81,207,72,144,0,29,142,0,202,0,116,0,86,0,115,0,25,203,237,0,0,0,419,116,98,0,628,0,0,0,0,0,0,318,58,82,62,491,49,0,0,0,52,97,80,136,56,32,150,43,131,59,25,173,342,40,157,72,55,41,136,0,393,61,254,0,53,292,138,184,113,114,0,59,80,45,42,67,0,0,0,111,128,148,171,0,0,0,216,82,117,0,60,0,0,115,90,134,221,47,0,45,0,77,138,86,590,450,753,65,0,57,0,0,134,145,0,51,175,118,661,124,407,45,172,257,56,138,0,80,58,0,70,42,49,126,43,540,154,0,51,232,0,38,0,0,49,44,69,26,278,121,90,94,49,436,131,0,280,133,0,114,59,274,66,146,65,0,74,69,41,204,326,0,573,162,20,0,202,96,120,56,151,103,0,276,39,0,173,174,0,0,51,32,0,1001,0,285,98,73,29,0,91,299,39,0,50,33,45,0,0,254,0,0,0,50,395,104,106,197,36,68,0,0,53,38,0,21,86,48,123,124,91,221,0,18,66,66,30,103,149,22,0,0,29,81,0,233,24,0,627,0,0,161,83,0,120,139,178,37,63,44,64,0,30,0,0,117,31,185,105,0,256,263,0,34,0,0,207,0,165,207,115,226,126,263,128,0,135,0,61,128,50,52,147,205,315,311,0,0,0,130,105,0,30,0,148,27,66,0,142,83,644,0,0,47,72,0,58,379,0,342,61,133,42,40,0,40,0,300,315,135,41,224,0,0,196,0,85,55,51,0,0,206,122,0,0,31,441,87,0,0,0,0,0,181,89,0,34,44,0,94,1299,0,0,613,159,90,22,353,50,288,84,0,204,142,32,28,119,28,0,248,74,380,131,124,104,96,0,38,0,29,523,65,0,0,0,664,0,81,99,126,501,30,0,38,168,89,0,0,571,0,0,74,37,299,108,309,74,151,459,0,24,0,71,44,44,0,217,0,728,333,23,0,0,126,71,62,198,0,63,386,259,71,66,151,62,57,98,0,88,0,55,0,36,131,71,60,21,717,0,0,242,40,0,64,543,0,76,93,160,53,71,0,129,78,81,0,0,454,850,99,0,0,115,0,48,38,102,350,0,141,251,58,0,79,76,139,0,0,95,0,35,43,0,79,272,47,66,0,0,90,76,200,237,40,33,323,0,0,84,41,60,105,53,165,256,133,37,151,0,0,102,56,116,284,65,18,0,258,190,147,108,105,126,276,59,222,0,80,626,112,339,64,212,165,196,226,96,28,64,85,42,210,74,63,0,0,1512,50,81,0,43,59,0,258,0,23,64,1022,0,44,510,88,84,47,217,39,340,85,69,53,1040,85,571,106,180,46,57,287,34,81,104,147,53,97,0,29,0,78,0,211,73,0,186,0,176,390,229,0,151,93,21,145,0,0,53,83,38,133,73,173,629,26,110,0,0,0,0,105,210,29,53,189,0,0,45,83,97,175,35,0,72,314,37,74,105,83,0,0,122,118,48,0,229,63,0,190,96,366,120,86,0,44,0,0,0,222,32,69,51,0,166,166,45,0,0,590,0,174,84,236,115,77,85,102,0,0,420,169,0,0,167,100,0,49,0,0,36,191,387,278,0,282,221,156,0,65,0,142,121,67,0,0,0,0,0,48,548,222,30,119,24,28,191,152,0,0,0,0,279,95,94,0,0,36,68,101,96,68,111,217,46,74,124,436,0,0,645,170,121,74,109,44,0,0,59,215,0,84,0,38,0,97,64,0,68,144,26,62,0,84,159,40,199,0,79,0,107,212,359,933,67,70,43,142,229,88,200,55,200,128,142,76,136,163,99,205,103,50,0,72,139,0,333,243,0,39,82,109,157,0,211,34,0,0,0,0,55,39,120,313,0,1223,101,0,436,25,0,0,112,0,52,98,733,0,0,81,244,0,0,130,0,0,107,0,169,58,138,95,173,334,189,0,294,44,0,0,299,0,147,0,56,0,179,49,245,44,48,0,0,272,201,44,41,352,81,437,328,72,0,50,0,0,0,1160,223,0,24,55,138,66,76,0,50,40,35,132,49,184,0,0,131,38,16,275,229,0,290,29,60,0,1035,33,0,0,0,0,0,26,0,446,0,79,271,413,0,26,16,0,0,44,58,49,0,68,745,0,27,100
298,0,18,0,55,43,178,29,0,0,0,103,0,0,0,56,209,124,0,25,0,142,0,52,71,63,0,0,0,56,0,30,34,0,75,161,145,0,45,333,101,110,46,0,190,0,0,37,48,0,87,0,0,164,0,92,0,0,0,0,0,85,0,287,0,44,87,0,0,0,513,0,39,0,0,162,75,0,653,0,59,0,0,145,95,76,0,16,59,92,80,45,36,0,95,0,22,0,73,54,0,0,0,0,0,0,0,33,0,30,137,33,0,103,121,54,0,31,0,0,88,26,257,0,0,0,35,0,60,15,58,0,299,0,42,65,61,147,48,61,51,66,220,228,0,0,0,0,45,67,0,38,45,35,76,76,22,45,31,155,163,0,0,64,98,124,0,35,76,76,98,95,0,24,0,96,0,0,61,0,70,328,0,28,0,0,0,193,259,0,0,0,121,0,177,0,0,26,32,93,0,36,216,0,193,44,0,46,53,109,40,75,71,0,0,136,43,0,0,0,50,0,0,0,264,0,0,77,299,0,0,0,0,0,0,0,35,42,121,48,0,61,0,0,0,0,99,0,31,0,50,100,279,0,102,0,33,0,0,31,360,181,101,0,0,0,0,432,45,249,26,0,107,199,95,45,0,0,194,139,109,0,0,83,48,104,0,131,178,0,38,19,103,0,0,99,0,67,124,0,38,0,102,0,33,279,257,300,0,79,88,679,183,0,0,57,32,212,176,0,91,46,0,56,476,188,71,264,0,0,403,0,70,119,86,92,0,49,0,102,33,85,0,69,105,51,25,0,92,2090,195,123,0,230,562,0,27,187,588,266,118,150,125,19,266,408,668,232,89,24,162,71,138,34,74,277,220,0,0,415,53,0,74,80,71,872,143,80,48,0,0,97,885,40,95,39,183,85,129,95,31,100,259,0,0,257,0,62,122,27,81,0,147,80,0,0,380,73,304,244,33,247,141,47,173,153,130,0,179,74,0,39,101,29,431,0,38,95,50,195,0,0,407,83,301,70,271,113,0,85,0,0,131,0,127,50,0,111,23,0,190,51,193,160,0,50,45,48,55,0,63,61,257,131,89,60,183,561,275,156,84,36,315,505,83,0,0,169,202,629,127,166,0,185,34,0,295,131,166,47,0,231,45,1453,54,70,375,111,38,0,104,36,0,0,51,42,255,129,106,156,141,71,202,470,108,0,104,87,298,37,175,42,0,0,183,161,0,0,0,145,0,275,425,60,61,0,296,0,59,351,180,162,37,129,85,62,39,66,72,57,197,587,0,95,83,302,69,0,34,37,162,323,65,0,33,38,0,139,57,77,187,292,83,0,380,0,223,537,54,68,123,510,0,179,0,0,25,162,0,64,0,0,147,84,77,97,60,148,35,0,0,0,294,152,69,0,96,126,24,64,0,0,0,0,65,26,79,0,0,0,134,0,29,42,36,0,117,0,0,0,0,0,68,0,0,318,0,50,21,62,267,0,0,86,155,0,89,66,37,116,84,39,26,0,85,134,79,103,68,65,66,42,142,59,398,54,89,0,140,0,0,34,142,0,308,46,57,0,201,0,164,0,32,0,0,45,317,0,315,0,0,71,0,122,84,0,87,42,150,150,0,354,239,0,19,0,0,42,420,0,342,95,0,1580,263,235,200,142,0,0,57,80,0,39,123,19,0,56,407,184,79,36,1623,97,0,70,0,0,0,0,0,0,48,0,178,39,0,52,0,0,0,87,0,120,0,221,0,63,0,196,100,0,0,0,0,372,38,0,66,40,0,0,140,0,0,0,70,145,62,237,0,0,34,57,0,15,0,0,70,0,84,56,74,46,472,61,210,77,0,0,64,0,125,212,25,309,0,49,61,70,107,0,175,37,0,46,128,32,0,169,456,0,0,98,0,0,61,68,33,0,0,0,310,34,139,63,0,69,64,73,100,0,95,0,0,0,142,277,80,149,0,84,52,368,40,56,40,0,0,0,0,0,0,61,0,108,0,0,0,59,96,75,124,0,54,105,0,0,0,0,46,90,0,0,0,92,338,40,0,0,73,282,0,38,0,38,39,163,207,455,200,0,0,0,0,160,63,69,101,0,58,77,110,0,0,59,61,52,80,77,34,46,26,0,48,0,81,121,229,0,41,73,0,70,36,69,0,0,48,0,86,0,80,100,27,0,66,64,297,0,52,92,61,102,147,105,0,40,75,150,47,0,0,311,87,56,0,562,0,0,0,245,0,0,0,86,575,27,344,0,1028,137,0,28,0,0,62,0,0,106,22,0,114,0,0,287,95,77,122,113,0,47,0,144,0,52,766,0,0,126,19,57,93,25,77,0,231,42,76,0,30,124,0,0,44,121,0,266,206,124,160,0,83,95,0,18,187,70,0,0,60,0,101,80,247,0,56,77,113,148,0,427,75,91,39,0,462,127,130,0,74,208,46,137,40,61,30,100,0,35,0,89,0,0,159,41,0,14,118,0,106,195,0,0,55,50,65,76,0,0,81,0,161,0,38,55,71,0,0,73,0,146,78,156,0,38,439,0,0,412,53,150,218,0,71,0,27,59,76,144,0,23,166,780,0,0,0,40,114,0,112,0,54,0,32,0,0,283,50,72,0,0,96,179,115,0,0,0,200,52,0,82,59,55,292,0,151,0,0,0,161,0,0,60,414,0,41,193,91,0,0,0,0,33,0,169,318,60,56,126,0,459,239,0,304,36,39,84,0,0,0,46,49,36,73,0,37,139,0,0,136,0,0,32,69,40,41,69,45,42,0,0,0,0,0,0,55,0,0,144,0,0,53,242,43,0,95,0,0,105,0,77,0,45,0,0,50,0,0,27,0,0,0,0,0,0,171,0,0,0,0,21,55,0,49,0,0,0,0,0,99,52,0,0,0,0,96,0,68,0,0,43,0,0,52,0,0,0,56,0,0,31,0,0,0,0,61,69,0,47,0,116,0,0,0,38,38,0,121,129,0,0,95,0,87,0,0,152,141,0,0,0,0,428,0,197,0,0,0,0,179,0,53,59,34,64,0,65,138,0,0,0,0,0,0,85,35,52,0,78,0,86,0,48,73,0,40,0,0,108,0,0,0,0,0,0,0,1142,112,0,141,0,0,128,234,0,0,92,28,208,0,64,0,38,0,63,0,136,0,793,0,105,38,0,270,0,0,0,44,0,79,52,0,80,62,53,37,88,0,95,0,52,79,0,0,39,0,0,105,105,26,0,53,98,100,0,43,89,0,142,61,66,60,295,78,20,78,0,0,47,0,0,104,0,0,0,209,0,66,43,0,0,0,116,40,0,103,49,0,42,112,0,0,95,23,56,0,0,44,93,0,131,42,16,183,63,76,0,0,0,33,39,0,114,92,116,34,0,0,0,0,59,0,38,0,223,77,0,54,164,0,0,0,0,0,0,0,0,46,263,78,0,0,0,0,106,0,0,27,34,0,41,0,0,0,38,58,0,27,0,28,0,0,0,0,84,0,0,0,99,60,0,21,24,74,0,0,66,0,52,0,0,0,208,0,157,0,0,50,118,0,0,56,261,0,0,41,1191,0,0,0,83,0,51,0,57,0,101,64,51,140,0,0,54,0,0,206,0,65,0,0,0,146,0,0,72,14,0,136,0,0,0,0,36,0,0,0,50,291,0,0,46,95,52,0,0,232,101,18,0,0,0,202,0,0,0,17,0,0,0,90,199,0,0,58,0,22,0,0,0,0,54,56,303,0,240,113,0,102,0,41,60,0,0,69,31,102,0,33,0,0,17,420,0,0,70,0,48,52,65,0,0,0,113,0,185,0,0,0,129,24,407,162,116,23,0,0,40,0,71,34,0,0,0,73,55,97,0,83,0,0,0,89,0,109,33,0,0,193,0,0,33,128,49,0,0,111,0,0,0,0,35,0,59,65,72,228,0,105,110,0,29,0,0,0,179,0,0,0,0,0,150,0,0,0,91,0,257,0,0,0,0,174,162,216,119,0,0,380,47,456,0,0,0,0,0,81,38,0,0,0,0,0,41,0,0,0,35,0,79,425,0,0,0,0,0,0,0,81,0,48,0,52,0,0,41,0,22,0,318,156,35,0,45,0,0,0,0,0,0,0,0,32,0,49,200,58,0,86,0,0,194,0,0,0,150,0,96,259,0,49,134,62,0,0,57,75,40,100,41,0,0,37,62,0,0,0,0,0,0,0,0,63,62,52,278,0,46,0,34,0,0,0,81,0,0,0,121,0,28,0,0,0,436,0,0,0,116,0,218,27,0,0,86,0,163,0,0,135,0,0,0,41,0,124,58,205,0,0,0,45,50,82,62,70,234,0,0,0,233,0,0,27,72,0,0,0,17,143,0,34,32,0,0,0,210,0,24,0,26,0,0,0,43,54,0,29,115,117,0,0,0,0,0,0,117,39,0,71,0,119,182,53,0,362,169,33,0,35,0,176,69,0,40,35,288,0,0,0,76,110,0,189,45,0,34,0,0,47,120,115,39,338,52,11,73,0,0,0,80,0,0,0,0,65,0,0,108,0,0,0,0,71,0,0,57,93,0,54,94,0,45,163,18,0,0,0,131,111,0,83,28,0,39,0,42,69,54,242,52,79,117,69,0,0,0,0,89,56,54,0,35,0,49,166,47,52,0,0,0,0,46,0,273,0,0,9,58,0,0,127,86,0,0,0,263,94,0,0,558,0,0,0,0,0,0,97,85,0,86,185,0,0,0,0,0,0,62,125,0,0,93,0,106,0,0,77,137,0,0,44,0,24,0,40,0,71,206,39,0,472,62,94,0,90,0,65,0,0,0,47,0,0,43,0,54,77,40,0,0,0,157,71,0,0,0,0,53,131,24,0,92,0,0,51,0,0,0,94,410,60,318,70,0,0,27,0,73,74,0,0,0,80,170,27,44,0,141,123,0,56,0,0,0,0,55,0,0,41,0,269,103,0,71,159,0,89,0,0,0,51,0,0,128,43,41,0,39,308,109,0,52,54,0,42,46,89,36,67,25,0,52,47,0,69,112,27,62,96,0,0,0,45,0,0,58,131,0,161,0,0,89,49,0,0,0,28,0,257,0,60,19,0,0,0,0,237,0,0,0,0,38,0,38,195,0,46,0,0,423,64,0,0,52,53,0,29,43,0,0,0,65,72,31,93,95,203,0,0,0,42,60,53,78,0,0,0,0,63,0,105,0,0,192,20,0,246,36,0,151,0,143,0,0,41,37,0,0,0,0,121,0,0,193,0,105,162,0,19,0,0,119,0,97,176,49,28,126,144,71,52,131,0,96,49,0,75,58,114,49,298,63,0,0,43,43,33,0,27,160,0,0,63,79,0,699,82,0,66,64,0,88,253,0,174,0,61,0,25,0,58,0,171,196,112,0,0,0,0,109,0,68,0,35,0,0,112,63,42,59,0,0,91,0,0,0,0,0,142,0,0,0,0,0,0,311,0,0,68,74,0,0,215,20,113,0,0,48,58,0,0,0,0,0,46,35,103,58,91,26,0,0,0,0,0,510,0,0,0,0,283,0,0,0,0,153,0,0,0,59,0,0,0,170,0,0,0,0,151,0,124,0,0,90,0,0,0,0,0,0,0,0,0,0,98,0,0,0,60,0,37,49,0,0,197,120,0,0,55,0,0,0,0,106,0,0,0,0,0,0,0,0,399,0,0,0,0,0,41,0,0,0,32,0,0,0,0,48,0,0,0,0,100,353,42,0,0,52,0,0,0,0,74,0,41,79,0,0,0,0,0,0,0,0,0,0,21,0,90,0,0,0,0,0,0,0,87,56,0,0,95,0,0,0,0,0,0,0,0,102,38,0,0,0,0,0,0,0,0,26,0,0,0,50,160,0,0,45,103,0,86,0,0,269,0,105,42,0,63,0,48,100,0,0,0,38,0,0,46,0,0,510,0,0,0,45,0,0,161,0,0,62,249,0,0,0,0,15,0,74,0,116,0,0,0,587,0,347,31,0,0,0,0,0,31,139,0,0,0,0,0,0,0,21,61,77,0,0,0,0,154,0,0,40,0,0,195,0,0,0,0,0,31,0,0,62,0,35,0,0,0,0,0,93,0,0,39,0,0,0,0,0,133,0,22,0,0,0,0,0,41,0,0,48,0,0,0,0,0,0,0,51,133,35,42,0,0,0,0,0,0,0,0,0,0,82,36,0,0,0,26,0,34,26,67,56,0,0,50,0,0,142,72,0,0,36,0,0,0,0,0,0,56,51,112,0,0,86,41,0,0,0,0,44,0,0,0,0,0,0,0,137,96,0,0,0,0,54,0,0,0,0,0,239,77,28,0,0,0,27,0,0,0,0,59,0,12,0,227,0,0,260,0,0,44,0,0,0,0,0,160,0,0,0,0,0,0,0,0,0,0,0,0,0,46,0,0,78,0,0,0,0,0,90,211,0,0,15,33,70,0,0,0,52,0,44,0,66,135,111,129,0,37,0,0,90,0,87,0,0,0,0,0,117,0,0,0,0,0,0,0,0,0,0,0,0,866,0,0,144,0,0,0,61,0,0,0,0,0,0,48,0,0,0,68,0,0,21,0,33,0,0,87,58,128,53,0,115,0,42,0,71,0,0,0,0,0,71,0,116,0,0,0,0,0,122,34,0,152,0,128,177,0,0,0,0,0,0,309,162,0,0,0,0,0,0,0,0,0,0,33,0,0,0,0,0,0,0,95,53,0,104,0,0,0,149,0,0,0,0,0,0,0,29,52,0,0,61,195,0,54,0,0,0,40,0,0,0,0,123,0,0,0
299,0,0,0,0,0,0,0,0,0,0,168,0,0,0,85,106,195,0,0,0,33,0,0,0,0,0,0,0,0,0,0,0,0,0,0,89,0,0,144,0,0,0,0,101,0,0,0,136,0,60,0,30,88,0,42,0,0,0,0,0,88,0,0,0,0,0,0,0,0,213,0,0,0,0,0,0,0,186,0,0,0,0,38,122,0,0,0,0,25,94,0,0,0,31,0,0,0,0,34,0,0,0,0,0,14,0,0,48,0,33,0,31,45,36,0,0,60,0,22,69,0,101,0,0,0,0,0,0,0,0,0,198,0,23,0,0,0,0,0,0,0,0,227,0,0,0,0,0,0,0,0,16,33,0,37,0,59,0,79,147,0,0,0,37,0,0,0,33,0,0,0,0,54,0,0,0,32,0,47,0,0,0,0,0,0,0,161,39,0,0,0,0,0,0,0,96,0,0,55,0,0,69,0,215,0,0,0,0,47,53,0,0,0,0,0,0,0,0,0,111,0,0,0,174,0,0,29,0,0,0,0,0,0,0,0,0,0,100,0,0,29,0,0,0,0,70,0,0,0,0,28,159,64,39,0,46,0,0,0,0,55,0,31,0,0,0,64,130,229,0,0,0,200,0,0,0,0,364,0,74,0,0,43,0,0,37,101,107,0,59,0,48,0,0,0,0,63,0,0,0,0,0,0,0,166,108,0,0,0,0,37,84,0,0,0,0,97,0,0,0,0,0,0,135,0,0,36,0,32,113,0,0,0,0,41,0,0,0,61,0,0,0,26,21,0,0,0,0,629,42,0,31,0,181,0,0,67,240,89,0,41,28,39,62,164,65,73,0,0,0,0,49,0,72,115,0,0,0,176,0,55,0,31,0,388,0,0,0,0,0,53,425,0,0,0,119,0,139,122,0,39,0,0,0,53,0,32,60,0,35,0,0,0,0,0,0,0,0,131,0,98,0,0,72,0,0,0,0,45,0,0,0,0,122,0,0,0,0,53,0,0,365,122,0,48,121,0,0,0,0,0,0,0,0,0,0,54,0,0,234,0,0,0,0,0,0,56,0,0,0,0,112,0,0,0,0,0,65,0,58,43,0,120,42,0,0,0,102,0,0,0,0,105,54,0,128,0,218,0,0,0,0,646,0,0,0,0,31,0,0,0,0,0,0,0,0,81,0,76,0,0,237,57,0,0,43,0,136,0,0,0,0,0,57,54,0,0,0,76,0,28,53,0,0,0,81,0,25,0,92,0,0,0,0,0,0,0,0,0,79,100,0,0,30,28,0,0,0,0,58,0,0,0,0,0,0,62,24,62,0,0,0,0,129,12,0,0,0,0,31,121,0,0,0,0,0,0,0,0,0,59,0,110,111,173,0,226,0,0,0,0,206,290,31,0,0,0,0,0,0,0,0,0,0,0,0,0,0,61,272,48,0,63,51,48,54,36,23,0,0,24,26,0,0,95,19,62,0,0,136,0,0,0,238,0,0,0,0,249,45,0,0,0,40,87,0,0,0,0,0,0,55,0,258,0,0,93,74,0,0,0,0,0,0,0,120,33,35,0,54,48,0,0,62,0,180,0,214,0,0,52,0,50,58,0,30,0,221,0,0,100,0,0,0,0,0,46,36,0,134,0,63,81,70,214,0,40,0,0,0,0,0,0,85,0,0,0,132,0,169,32,189,95,0,42,0,0,0,0,0,0,22,0,149,0,0,0,0,35,0,0,0,0,0,0,0,0,0,0,56,44,0,0,0,114,0,0,0,0,175,0,58,0,0,0,0,0,115,42,0,0,29,31,0,55,0,57,0,0,42,43,0,64,57,69,51,102,0,0,110,0,61,357,0,164,0,0,0,40,0,0,0,63,0,56,165,96,0,84,271,0,0,55,0,0,0,0,0,0,0,0,52,0,52,0,0,50,0,0,0,0,76,25,0,0,91,155,110,545,42,0,0,0,0,0,0,0,45,0,0,0,47,0,35,59,0,0,0,0,0,0,68,0,0,49,0,0,0,0,26,110,0,78,99,94,123,87,0,0,103,180,0,22,0,51,49,144,147,99,119,64,76,0,56,455,44,0,38,0,43,186,71,0,46,125,37,41,0,78,0,0,0,0,0,46,0,114,141,0,0,0,0,0,0,65,0,82,45,92,63,0,43,0,80,0,83,0,433,71,0,71,163,89,212,61,0,170,69,215,34,87,0,210,64,54,0,314,35,0,89,206,0,0,87,90,0,42,76,0,468,14,43,0,0,0,0,0,0,52,91,0,165,60,0,249,109,49,548,133,64,0,0,108,47,0,344,258,44,122,0,0,63,34,0,0,222,173,79,0,0,0,0,51,0,194,0,106,1371,0,190,96,217,114,0,0,91,109,47,0,34,0,0,0,295,0,116,30,113,76,0,189,73,43,76,555,308,0,410,0,58,35,38,146,0,34,39,23,0,0,0,210,0,29,688,0,30,24,0,40,18,164,67,149,73,0,0,56,0,0,197,58,181,0,40,46,38,0,0,0,25,110,124,250,42,132,341,91,0,66,53,0,313,0,0,0,45,199,140,229,0,32,180,813,0,49,0,117,114,0,26,0,0,0,79,42,0,185,48,0,73,83,170,0,189,0,63,0,263,74,39,50,292,188,144,95,324,0,195,75,0,0,25,0,39,0,177,119,290,0,0,0,0,55,0,417,266,119,0,0,0,97,217,0,213,40,0,0,0,48,0,34,0,60,60,0,44,86,0,0,403,48,45,0,124,0,38,84,0,195,105,0,0,0,0,40,74,0,0,149,0,0,17,131,43,56,107,0,0,66,68,119,28,54,56,0,0,0,0,0,0,0,0,0,102,9,91,0,0,66,0,0,207,0,80,0,0,0,26,145,75,152,0,0,0,0,142,30,47,0,102,103,32,0,45,0,0,52,0,0,78,65,0,213,0,0,100,0,0,16,0,151,0,22,53,66,31,0,135,0,0,59,47,39,96,0,0,376,157,50,179,23,0,456,0,112,0,36,58,40,526,0,0,113,0,65,0,133,85,0,0,0,126,0,26,226,0,0,39,57,0,82,0,100,65,0,23,0,0,39,0,26,0,130,0,0,0,767,623,0,287,0,0,109,144,30,27,89,0,62,0,29,73,34,0,105,0,82,105,290,0,215,149,0,228,0,0,0,0,0,117,86,0,100,95,80,85,65,0,411,0,111,113,0,33,49,61,0,129,0,0,64,35,63,91,27,0,51,0,773,155,115,59,67,0,0,146,0,0,194,0,0,104,0,0,48,131,15,82,188,0,45,0,132,84,75,43,115,0,146,115,0,0,69,0,41,0,0,0,78,0,98,61,77,189,31,50,0,0,262,0,47,0,399,0,167,0,54,53,38,0,0,99,51,0,384,0,0,36,104,0,57,81,0,0,0,0,0,87,179,69,0,59,75,40,191,0,0,163,0,0,138,0,0,0,103,0,0,115,58,0,0,0,0,0,125,0,114,0,139,131,43,0,291,44,0,0,0,53,136,0,23,99,205,0,209,0,0,75,61,0,31,0,345,0,43,187,181,0,0,267,59,0,63,133,103,0,48,0,41,0,0,0,194,0,0,336,0,73,77,0,89,80,0,45,28,104,0,136,18,0,0,0,22,0,0,55,366,294,36,0,0,85,38,49,37,38,61,59,0,0,0,239,0,0,0,23,0,132,0,118,96,0,129,43,45,88,0,0,110,0,84,93,83,57,0,158,49,0,0,44,301,64,0,41,0,232,0,0,0,0,0,303,109,31,35,0,123,112,61,0,0,0,106,0,176,0,0,0,389,24,246,99,76,32,0,184,164,37,101,0,248,60,173,0,78,165,0,0,0,84,41,64,0,46,410,0,0,613,53,0,30,86,0,0,0,182,0,64,0,34,0,0,74,78,213,197,0,108,71,0,0,0,0,31,82,0,0,0,0,20,122,0,22,82,360,0,237,0,60,0,0,124,112,52,96,72,50,343,90,368,0,0,0,124,0,115,51,69,115,115,15,0,0,0,0,0,0,0,35,537,83,0,0,0,0,0,18,131,0,664,0,0,79,0,31,54,111,0,314,162,0,91,0,0,61,54,77,0,233,78,48,28,0,130,155,90,27,108,0,0,607,0,52,0,92,56,186,411,35,147,104,80,0,0,29,26,199,145,64,151,0,26,146,0,0,0,0,35,0,0,48,73,155,0,160,56,29,50,89,0,0,0,0,48,62,64,666,72,100,38,30,41,119,61,95,118,288,16,299,160,0,0,114,271,101,50,0,306,0,112,59,48,0,53,151,155,53,0,0,190,33,75,26,297,213,0,0,0,359,0,0,0,77,0,0,96,0,261,178,62,116,45,0,0,163,48,59,358,116,0,0,0,33,38,0,348,158,175,0,36,0,85,0,58,174,76,187,85,36,166,215,116,29,805,144,101,0,34,43,164,406,85,145,111,450,0,0,131,84,219,0,125,113,48,0,0,0,22,347,255,198,200,50,0,64,0,0,43,93,0,0,102,0,181,0,0,229,0,0,0,0,67,216,71,75,161,41,175,94,0,25,416,82,0,0,0,367,333,0,160,0,0,0,0,41,68,227,227,106,70,95,200,30,0,0,0,263,0,639,0,43,0,128,97,111,153,0,0,165,0,300,0,263,0,53,40,67,0,32,94,138,0,19,70,232,60,42,0,752,0,0,0,0,0,0,360,0,41,38,675,0,0,0,0,0,84,123,58,0,20,151,0,87,53,0,156,231,61,45,0,0,40,117,58,105,60,263,44,41,730,122,198,60,112,0,55,0,31,0,0,35,36,51,0,78,150,0,0,0,0,318,140,26,0,38,0,91,97,0,116,185,0,0,73,0,0,41,134,443,110,0,70,0,0,0,0,29,0,0,0,80,275,167,108,117,120,89,112,0,45,0,41,52,39,0,0,0,76,0,536,308,0,97,70,0,86,0,22,62,0,207,63,183,42,49,87,82,160,119,0,121,125,58,68,47,224,0,0,51,0,95,51,0,0,207,67,180,133,0,105,99,0,0,0,136,186,0,94,58,0,142,97,64,41,89,0,0,0,0,173,34,61,32,0,129,72,73,0,99,0,42,47,39,243,15,48,0,0,482,53,82,775,53,59,0,0,46,0,49,0,88,144,124,167,145,78,0,0,101,0,53,0,102,31,0,53,48,74,0,201,42,58,47,0,0,83,208,0,93,28,154,41,61,89,51,0,29,0,0,178,0,80,257,44,217,200,0,0,0,0,280,0,176,70,68,183,0,111,52,51,101,0,186,125,25,89,119,149,180,115,134,0,0,128,89,0,0,22,125,0,46,65,204,0,382,91,0,59,54,0,238,107,49,347,52,141,0,49,0,108,0,148,263,176,0,638,0,0,48,94,102,61,15,0,0,173,102,84,90,0,205,54,0,0,0,77,44,195,51,36,0,28,0,75,1508,32,0,755,127,161,24,301,0,222,170,0,344,113,48,0,71,28,0,203,0,267,77,119,95,0,0,0,37,16,995,189,0,0,0,585,0,170,297,319,224,0,0,0,123,186,52,0,378,0,0,94,57,323,174,281,165,184,240,0,0,55,98,44,57,45,140,0,856,423,24,44,0,148,175,0,123,77,0,236,343,0,48,135,56,64,86,0,115,94,88,0,38,160,262,129,25,540,52,0,95,32,0,150,144,0,45,189,142,92,38,0,159,59,52,0,0,234,1382,103,0,0,272,52,40,25,41,288,39,95,224,85,132,56,113,154,49,0,42,0,27,0,0,192,220,47,50,27,0,78,53,81,104,56,72,414,0,0,235,27,106,110,139,317,193,120,44,156,45,75,65,43,114,911,147,0,0,536,143,181,61,38,120,203,113,166,37,42,931,84,313,95,298,131,127,123,381,0,57,112,58,299,38,80,83,0,754,59,223,0,56,117,0,263,0,65,71,630,28,62,143,144,91,57,268,0,120,95,121,68,870,57,571,0,98,0,76,458,0,151,146,244,120,134,23,0,0,161,0,154,93,96,75,0,300,173,343,0,0,121,46,278,0,0,123,56,166,74,98,566,89,39,116,0,0,96,65,258,342,90,0,76,0,47,26,37,193,215,0,0,80,262,53,83,110,348,41,0,65,118,39,0,224,68,88,152,92,426,57,65,0,47,0,0,54,208,0,77,65,0,176,250,51,65,31,336,0,167,74,238,143,126,125,65,0,0,176,110,529,22,107,144,0,51,0,0,60,0,503,125,0,137,85,277,46,0,0,53,158,0,29,0,86,0,0,40,515,322,0,0,29,21,43,170,0,0,70,0,402,53,115,0,0,0,0,108,150,95,47,120,56,28,0,353,0,33,898,187,150,69,62,0,77,0,0,151,0,95,0,74,0,85,51,0,81,82,0,0,60,154,81,42,114,69,0,0,63,88,107,1279,53,191,22,174,247,0,103,0,108,139,0,34,83,295,160,304,87,0,22,80,0,0,545,213,0,120,52,0,115,0,106,36,235,0,56,0,0,34,114,220,29,571,41,0,68,0,0,237,125,0,45,88,468,0,0,94,171,0,0,116,0,0,52,0,101,65,121,137,24,72,254,0,168,67,581,0,111,0,133,69,0,0,239,0,399,0,54,129,0,220,143,47,35,448,63,189,46,49,0,0,0,0,0,159,89,0,0,0,176,31,46,41,0,0,0,20,0,212,82,0,129,0,0,126,67,0,137,47,0,0,479,45,0,27,0,0,0,0,84,218,0,44,202,273,0,139,49,0,0,63,23,0,0,109,1138,0,0,60
300,0,0,0,68,53,0,0,0,26,0,41,0,0,0,33,316,0,0,0,0,131,0,0,55,57,0,0,0,36,0,0,0,0,0,162,250,0,24,324,87,0,67,0,67,0,34,0,209,0,0,0,34,76,0,134,37,0,0,0,0,30,43,265,0,78,35,0,0,0,216,0,0,0,0,224,0,0,123,0,43,0,0,105,0,0,0,0,0,46,185,0,71,51,63,0,0,0,78,0,0,0,0,32,0,0,37,42,0,0,118,50,27,66,47,54,0,52,0,26,61,33,78,0,0,0,29,0,0,0,117,0,93,0,63,0,0,0,59,29,62,0,0,456,0,0,0,0,25,53,0,45,0,0,54,125,0,56,0,74,292,0,0,39,53,60,0,57,47,33,27,74,0,0,0,0,0,47,62,0,47,284,0,0,0,0,0,257,126,0,0,0,66,0,179,0,0,0,23,40,21,0,124,0,230,0,0,0,0,159,0,41,71,0,0,112,0,0,0,0,35,62,0,0,113,0,0,110,213,0,0,0,0,0,0,0,0,0,112,0,0,0,0,0,0,0,41,0,0,0,0,55,104,37,0,0,28,0,0,0,327,27,75,0,41,0,0,211,71,55,0,0,0,101,0,35,0,0,144,0,92,0,65,28,0,0,0,0,837,32,0,33,87,0,0,77,0,86,33,0,0,0,73,0,0,0,250,110,0,65,52,193,36,0,0,29,0,0,39,0,25,0,0,0,78,63,0,172,0,0,107,0,0,66,89,0,0,0,0,0,0,93,0,57,101,0,0,0,93,462,112,49,0,86,78,0,0,0,43,0,68,45,70,0,54,116,259,42,29,0,73,0,21,0,0,77,57,0,0,35,87,0,77,19,0,206,47,0,63,0,0,0,120,28,45,0,363,0,82,0,0,0,101,0,33,33,33,0,0,0,64,0,91,0,0,0,125,58,131,43,0,0,56,0,45,52,55,0,81,0,0,0,20,0,30,0,0,58,0,69,0,0,132,0,0,75,151,51,0,0,0,0,134,0,57,0,0,0,0,0,85,0,115,0,0,0,38,0,0,0,0,0,104,53,51,0,144,118,143,54,0,0,138,128,150,0,0,71,0,164,0,39,0,0,0,0,0,0,0,0,0,98,0,269,0,58,231,58,0,0,29,0,0,0,0,0,108,0,36,0,60,0,69,104,0,0,0,0,323,0,0,0,0,0,71,0,0,0,0,0,0,59,142,0,0,0,84,0,26,139,0,55,0,42,63,25,0,0,70,0,218,224,0,0,0,297,0,0,0,0,201,142,0,0,0,0,0,122,0,0,85,84,125,0,348,0,289,217,63,0,0,393,0,51,0,0,0,57,0,0,0,0,33,48,0,114,0,0,55,43,0,0,384,183,0,0,60,22,0,55,0,0,0,0,0,20,104,0,0,73,71,0,0,0,0,0,76,29,0,0,0,0,0,0,0,151,0,60,0,0,118,22,0,63,289,0,0,0,48,63,0,30,55,0,0,0,38,29,32,0,165,0,194,0,47,0,71,40,64,0,0,47,68,58,61,0,0,0,29,0,0,0,42,0,37,0,70,0,142,0,0,49,0,84,0,0,0,21,0,106,0,280,119,0,0,0,0,0,116,47,94,49,62,668,105,117,131,0,0,0,0,51,0,0,0,0,0,0,151,141,66,0,488,98,0,0,0,0,80,0,0,59,0,0,110,0,0,46,0,0,0,53,16,42,0,85,0,37,0,75,36,48,0,0,0,107,0,0,0,48,52,0,111,0,0,0,103,0,90,320,0,0,0,26,0,40,0,0,0,0,0,0,42,0,356,28,0,60,71,38,0,0,157,64,0,188,0,0,21,54,83,0,185,0,0,0,0,39,0,0,238,0,0,0,0,0,60,32,0,0,0,0,138,0,67,0,0,0,23,0,77,0,0,42,0,0,335,231,26,189,0,39,0,127,28,73,0,0,0,0,0,39,0,0,0,61,35,0,0,0,0,66,137,0,0,0,0,0,0,0,52,140,0,55,63,41,125,0,20,0,49,100,0,79,0,0,0,239,274,147,76,64,89,0,46,808,99,80,31,0,0,101,60,26,39,0,62,0,20,0,0,26,0,0,54,0,64,66,126,0,0,0,0,159,0,90,0,64,0,66,0,0,62,189,0,0,76,0,150,46,0,0,92,92,68,92,0,64,48,247,0,65,0,251,116,53,0,466,60,0,51,135,0,0,72,101,229,0,650,0,947,98,46,30,0,36,0,0,0,81,93,40,249,40,0,237,79,79,340,131,0,0,0,104,0,120,249,192,50,114,0,0,0,87,0,0,382,80,59,0,0,116,47,30,65,47,0,161,1223,0,0,0,102,55,0,0,193,87,0,30,50,0,63,61,294,0,69,73,102,285,0,0,60,40,101,553,264,104,210,0,0,75,0,231,0,27,70,0,0,15,0,149,0,0,241,0,0,0,28,97,0,151,46,198,70,0,24,51,0,0,109,0,67,0,0,0,56,37,0,101,0,234,63,113,0,51,611,103,0,72,52,0,72,0,44,0,0,114,132,47,0,0,148,495,0,0,0,197,182,0,52,0,0,0,45,0,0,551,30,0,116,0,234,112,154,0,71,73,202,0,53,0,212,237,0,59,209,0,256,69,0,0,59,34,140,0,59,228,152,0,44,40,0,0,0,240,208,112,0,61,0,173,0,0,109,0,0,0,0,0,0,0,0,0,306,0,13,82,0,0,494,0,86,106,141,47,53,102,0,281,24,0,31,95,0,56,65,0,0,139,0,0,0,111,48,67,62,0,0,35,90,98,0,37,78,0,105,0,101,0,0,0,26,30,88,0,56,0,0,46,0,72,92,59,52,0,0,0,60,173,158,212,0,0,0,0,387,0,63,0,0,117,0,62,62,0,0,0,74,0,46,57,53,264,0,0,76,59,27,166,0,128,91,0,0,161,45,47,236,90,42,19,78,83,102,47,46,201,205,0,55,0,0,1165,0,101,0,94,99,0,352,0,30,0,0,62,0,78,98,0,0,0,162,23,0,330,0,0,47,165,0,37,0,171,64,0,0,0,59,0,0,0,34,109,0,0,0,1271,819,0,688,0,32,80,164,0,0,102,0,188,0,60,196,0,0,627,35,115,85,264,0,424,150,0,328,0,0,0,0,0,261,0,0,49,85,99,89,141,0,578,0,0,328,0,0,46,90,42,140,63,0,0,69,0,100,0,118,219,0,1365,227,30,119,99,0,37,171,0,0,76,0,0,161,0,31,78,219,0,104,213,163,69,0,118,103,70,63,82,0,187,86,0,0,0,35,70,0,0,79,125,0,148,206,56,486,0,48,37,0,401,0,51,45,800,256,254,119,0,40,0,0,0,71,45,50,209,0,0,66,186,0,35,123,41,26,0,0,0,61,157,73,0,0,63,0,77,0,19,120,36,0,134,0,0,0,179,40,25,129,92,84,0,0,0,0,124,48,198,0,238,40,0,0,42,0,0,51,101,81,213,0,0,0,321,0,285,37,0,0,213,0,84,63,408,90,0,284,262,0,0,62,177,0,152,237,150,0,138,49,84,38,46,0,143,0,65,273,0,0,0,55,0,81,41,71,54,85,0,182,0,29,0,0,76,100,0,28,42,298,69,0,120,62,39,64,0,62,212,61,0,70,0,351,0,0,100,76,0,52,0,156,212,0,179,105,45,121,0,0,0,81,138,143,58,59,60,281,97,28,0,0,187,0,0,63,54,256,0,41,0,0,32,239,0,0,0,0,135,112,68,84,186,0,162,0,172,0,39,0,143,0,787,69,80,57,22,0,132,24,195,73,0,0,0,122,0,306,0,56,0,0,87,0,60,183,81,0,0,401,48,0,60,142,68,0,42,121,52,0,0,0,55,36,64,43,354,354,0,112,84,0,0,67,0,90,207,0,0,43,0,23,250,0,0,60,335,0,346,0,0,33,0,122,196,54,50,0,72,710,49,791,0,0,0,0,0,74,0,45,32,186,0,0,41,32,43,0,0,0,0,614,176,25,0,0,0,0,22,38,0,457,30,52,151,0,83,82,88,0,501,0,0,44,61,0,68,59,89,0,81,0,0,0,0,74,79,37,0,69,0,0,371,0,105,0,121,88,180,212,40,130,0,31,0,39,36,223,80,35,50,224,0,112,27,0,63,0,0,98,40,0,100,0,201,153,339,42,116,100,106,42,44,0,163,0,67,79,253,66,104,55,77,31,706,0,101,64,334,25,489,85,0,37,67,362,154,79,0,190,52,64,0,50,0,109,144,173,0,38,0,213,136,52,221,332,98,0,0,94,256,0,0,133,101,0,0,32,74,206,294,69,91,94,0,0,862,70,26,773,106,38,0,0,173,124,0,461,112,192,0,67,28,43,23,0,279,37,104,201,78,0,0,160,151,329,133,98,0,81,51,235,79,50,88,55,363,0,0,200,74,220,34,409,118,66,53,0,0,68,297,144,211,475,78,0,78,0,0,0,24,0,17,114,0,199,0,60,196,0,48,0,14,0,75,58,0,94,38,270,126,0,0,258,50,0,0,0,142,509,0,36,0,0,0,0,191,83,358,531,162,151,188,89,0,0,0,0,157,205,180,0,60,0,130,284,50,83,0,0,228,0,131,0,59,0,80,0,134,0,0,198,159,0,0,0,347,0,0,0,549,0,0,0,0,0,0,191,111,0,197,388,28,0,110,0,0,90,86,79,46,0,131,0,157,47,26,70,482,75,78,58,29,34,61,93,157,111,427,140,35,555,78,209,67,89,209,101,43,0,0,109,0,0,99,42,106,85,0,43,0,0,113,168,67,0,71,35,77,289,79,151,197,0,0,51,0,0,81,111,432,95,164,88,0,0,30,0,50,41,48,0,169,215,77,109,167,80,72,64,68,114,0,34,112,0,114,0,73,46,35,483,405,0,73,163,40,56,0,37,102,0,141,0,227,0,67,142,102,139,325,0,183,124,0,120,69,135,58,60,105,0,74,48,0,49,191,71,218,125,0,96,214,66,0,0,145,78,0,218,0,0,266,157,0,59,94,0,0,429,0,295,55,65,52,44,205,99,0,0,89,25,66,0,48,178,0,48,0,0,685,29,54,879,78,52,0,50,81,37,64,0,56,164,56,86,75,108,0,45,156,125,65,84,161,0,0,33,0,91,0,322,0,50,300,0,0,110,118,0,287,0,143,26,72,57,77,74,0,0,36,161,0,191,220,41,225,265,23,0,0,0,323,0,127,74,119,475,41,83,75,54,72,0,136,149,0,114,58,277,222,172,85,66,0,0,105,0,30,63,160,0,0,97,194,58,633,69,0,48,122,0,180,165,75,494,66,101,0,0,0,108,38,162,355,125,0,674,0,0,59,158,99,200,0,0,0,194,89,55,121,0,429,112,0,0,0,0,0,172,111,0,0,0,0,0,436,44,40,793,29,47,0,296,0,0,171,28,142,0,0,27,336,0,0,224,49,491,118,122,90,81,28,58,0,28,697,119,41,0,0,258,0,103,173,169,214,36,0,0,0,54,0,0,434,0,27,42,50,304,112,209,232,106,489,79,0,30,0,39,40,0,264,0,833,167,48,0,89,157,81,68,146,78,0,366,289,98,61,73,50,62,86,0,73,46,39,0,0,128,143,102,39,583,18,0,254,14,0,96,347,0,103,48,495,51,28,11,111,0,110,0,34,342,1130,111,0,0,115,46,0,0,68,226,0,155,204,0,48,47,114,595,0,31,38,28,124,24,0,123,40,70,71,88,0,0,146,93,258,0,51,73,0,89,125,0,100,74,87,355,271,121,0,130,41,0,127,72,141,570,116,0,0,233,94,123,192,55,51,63,44,123,0,56,583,0,411,41,126,135,303,228,332,0,217,0,45,318,0,60,58,0,1009,61,49,0,0,68,0,303,0,44,65,981,0,30,385,159,117,50,514,0,208,383,0,0,164,0,135,99,535,0,0,434,0,95,79,47,94,137,20,0,259,111,0,207,67,0,107,0,206,210,206,0,152,103,0,122,0,0,82,60,73,112,80,206,396,73,61,0,0,175,25,175,247,33,32,0,0,0,0,100,212,222,0,0,67,124,40,63,75,135,30,0,56,138,46,0,198,0,48,168,189,214,136,61,0,44,0,0,0,282,0,79,0,0,77,77,44,30,0,405,0,215,60,179,167,38,57,53,0,0,806,123,334,0,186,79,0,108,18,0,31,129,459,169,52,161,162,168,0,114,0,186,84,0,46,0,48,23,33,38,405,197,0,60,0,0,155,153,0,0,33,47,638,91,105,0,0,0,45,72,132,99,48,54,0,41,92,542,0,0,531,87,127,0,105,65,0,0,36,195,0,87,0,0,28,48,44,0,27,231,0,65,0,83,0,82,72,0,68,0,88,211,339,685,65,98,45,74,0,59,286,0,211,121,83,48,148,306,126,145,116,0,26,65,0,0,274,98,0,62,98,130,255,0,0,47,172,0,0,0,61,45,82,226,25,1260,91,0,243,0,0,61,35,0,54,90,371,0,0,0,214,0,0,122,28,0,138,0,190,45,122,116,100,379,126,0,366,39,230,0,249,0,75,53,0,0,170,0,385,40,29,0,47,189,145,41,39,290,120,497,90,44,0,52,0,0,0,615,248,0,0,38,54,22,0,0,0,43,44,55,0,115,56,0,74,0,0,127,143,71,172,0,48,0,437,0,0,0,0,0,0,0,65,398,0,96,138,329,0,62,30,26,0,108,109,0,0,109,642,0,31,74
301,0,0,0,0,0,0,0,0,0,0,15,0,0,0,119,55,0,0,0,0,105,0,0,0,84,0,0,31,0,0,0,0,0,0,0,0,0,0,121,0,0,0,0,0,0,33,0,0,0,0,0,0,0,0,0,0,0,0,0,0,33,0,142,0,0,41,0,0,0,0,0,0,0,0,0,63,0,0,0,0,0,0,0,115,0,0,0,0,0,0,0,0,0,0,0,0,0,26,0,0,0,23,43,0,0,41,0,42,0,77,0,77,0,39,0,46,45,0,0,107,0,0,0,0,0,0,0,42,0,0,0,105,0,0,17,99,0,0,24,0,0,122,42,0,0,0,0,0,77,0,0,38,0,0,0,0,33,0,113,53,0,0,0,0,0,20,0,65,107,59,121,0,0,0,42,0,0,71,0,0,103,0,0,0,0,0,265,0,0,0,0,73,0,62,0,0,0,0,0,0,0,0,0,77,0,0,0,0,0,76,33,0,0,0,0,0,0,0,0,0,0,0,0,107,0,0,0,67,0,0,0,0,0,0,0,0,0,40,52,0,0,0,0,0,0,56,0,0,0,0,0,76,0,0,0,0,0,0,28,0,0,0,0,0,0,0,0,0,103,0,0,115,108,0,48,0,0,69,65,0,0,64,93,0,0,0,94,574,0,0,0,0,0,0,0,0,0,0,0,0,0,0,0,0,108,17,140,0,0,0,205,0,0,0,0,0,0,0,0,0,0,0,0,49,0,0,0,0,0,144,0,41,0,0,22,0,0,0,0,0,0,0,0,68,0,0,0,0,291,125,27,0,0,119,0,0,0,0,0,0,0,0,0,29,0,352,36,0,0,32,0,0,0,0,0,65,0,0,0,0,0,0,0,0,220,0,40,24,0,0,0,28,0,0,0,145,0,0,0,0,0,122,0,0,32,0,0,0,0,19,0,0,0,0,0,60,0,62,67,0,0,0,0,0,0,0,0,77,0,0,0,0,0,53,0,0,0,0,0,0,0,122,26,65,0,50,0,0,0,0,0,67,0,0,0,0,0,0,0,0,0,0,0,0,0,0,0,0,0,0,0,65,41,32,0,62,0,0,0,0,0,51,36,0,0,0,0,0,185,58,0,0,0,0,36,30,50,47,0,0,0,0,46,0,0,0,28,0,0,0,0,0,0,0,0,58,0,43,0,34,0,0,0,0,0,0,17,0,0,0,0,0,0,0,0,0,0,0,0,15,0,121,0,0,0,0,0,0,0,0,0,0,0,0,0,0,0,0,0,58,0,0,0,16,84,0,0,0,0,81,121,0,0,0,0,0,91,0,0,52,0,66,0,56,0,100,131,32,0,0,61,0,0,0,0,0,52,0,0,0,0,0,0,0,131,0,86,0,0,0,0,110,103,21,0,42,0,0,0,0,0,0,0,0,0,0,0,0,28,53,0,0,0,0,0,0,34,0,0,0,0,56,0,0,119,0,0,0,0,0,0,0,0,249,0,0,0,0,61,0,0,0,0,0,71,0,0,0,36,52,0,40,0,171,0,0,55,65,0,0,0,36,0,80,0,0,0,0,0,0,0,30,0,0,0,83,0,31,0,0,0,0,0,0,0,0,0,0,0,0,0,0,0,0,0,0,0,0,0,45,0,0,541,34,68,28,0,0,0,0,33,0,0,48,0,0,0,97,0,73,0,69,16,0,0,0,0,0,0,0,0,0,0,0,0,0,0,0,0,0,0,0,0,0,0,0,0,0,0,0,36,0,0,0,115,0,0,0,0,53,0,25,0,0,0,0,53,0,146,0,0,0,0,0,0,0,0,0,0,0,0,0,0,95,30,61,0,0,0,0,0,102,153,0,58,0,0,0,0,0,0,107,24,0,0,0,27,0,42,32,0,0,50,0,0,27,0,0,0,0,0,101,0,32,0,0,0,0,0,73,0,63,0,0,0,92,80,0,151,37,0,0,33,0,0,19,0,0,0,0,0,0,0,0,68,0,0,0,0,0,17,0,0,0,0,0,0,0,0,30,101,0,0,65,56,89,25,0,0,0,71,0,0,0,0,0,108,149,0,0,0,0,0,0,74,0,0,0,0,0,0,0,0,0,0,0,0,0,0,0,0,0,0,0,0,31,0,42,0,0,0,0,0,0,0,0,0,0,0,0,0,0,92,0,0,0,0,144,0,52,29,0,34,0,0,0,0,0,0,0,0,0,106,58,0,0,48,0,0,0,90,0,0,0,0,39,0,327,0,79,93,0,0,0,0,0,0,0,0,0,0,47,0,0,55,0,0,53,0,0,0,0,0,0,73,132,0,0,0,0,0,42,0,0,0,84,0,0,0,0,86,0,0,0,50,0,0,104,0,74,0,0,0,0,0,0,0,0,0,0,0,70,0,65,0,0,0,0,0,0,44,0,0,58,0,0,0,0,0,0,0,0,65,0,0,0,0,0,0,0,0,0,0,41,0,0,0,0,0,0,0,0,0,0,0,0,0,0,0,0,0,65,0,0,0,0,0,0,0,0,109,48,0,0,0,280,0,0,0,0,0,118,0,0,0,0,0,0,51,0,0,68,85,0,0,0,0,87,0,0,0,0,0,0,0,0,0,35,0,0,0,92,60,0,0,0,0,55,27,0,0,0,114,0,0,0,0,112,0,34,0,0,0,38,0,0,0,0,0,0,0,0,0,0,41,0,0,0,105,0,38,0,0,77,0,0,0,0,0,0,0,0,0,0,0,0,0,0,0,118,0,0,60,76,0,0,0,0,0,0,0,25,0,26,0,0,0,0,58,0,0,0,0,38,0,0,0,0,0,0,0,0,0,87,0,0,0,0,0,0,0,0,0,0,0,0,0,0,0,0,0,37,0,0,0,0,0,0,0,0,163,0,0,0,0,53,0,0,16,0,30,0,0,0,0,0,0,0,0,0,0,0,0,0,0,0,0,0,0,0,31,0,0,0,0,0,0,149,72,0,0,52,0,0,0,0,99,53,0,0,0,0,353,0,0,0,0,0,0,53,0,0,0,0,0,0,0,0,0,0,0,0,0,0,50,0,0,0,0,0,0,0,0,115,0,0,0,0,0,0,0,0,177,0,0,0,891,0,0,0,0,0,0,98,0,0,0,0,0,0,0,0,46,0,0,0,0,0,0,0,179,66,0,22,0,0,0,0,0,74,0,0,0,0,190,0,0,0,0,0,0,0,0,0,0,47,0,0,0,0,0,0,0,0,0,0,0,0,0,0,56,0,0,0,0,79,0,0,32,0,0,0,0,0,0,94,0,0,113,0,0,0,133,0,0,0,0,0,100,0,0,0,0,0,0,0,0,0,55,0,82,0,0,0,0,0,0,0,59,0,0,0,0,0,0,0,0,0,0,0,0,0,0,0,95,0,0,0,42,0,27,0,0,0,0,0,0,0,34,0,0,25,0,0,158,0,0,0,0,0,0,0,0,0,0,0,0,126,0,0,0,0,0,0,0,0,0,0,0,33,0,0,120,0,0,0,0,0,0,0,0,0,0,0,105,0,0,0,0,0,0,0,0,0,0,0,36,0,0,0,0,0,0,0,65,0,0,0,0,0,0,0,170,0,0,102,0,0,0,0,0,25,0,0,0,0,0,0,0,0,0,0,0,0,0,0,63,0,0,0,0,0,0,0,0,0,0,0,0,0,0,0,0,0,0,0,0,0,0,58,0,0,0,0,0,0,0,0,0,0,0,0,0,0,0,73,0,0,0,0,126,0,0,0,0,0,0,0,0,0,0,57,22,0,0,0,0,0,0,0,0,0,0,0,47,0,0,0,0,0,0,0,0,0,0,0,0,0,51,0,77,0,32,0,0,71,0,0,0,0,0,0,0,33,102,0,0,300,0,0,0,36,0,0,0,0,0,0,0,0,0,0,0,74,0,0,0,0,0,0,0,0,0,0,0,0,0,0,0,0,0,0,0,0,0,0,81,0,0,0,0,58,34,0,0,38,0,15,0,0,0,0,0,41,0,0,0,0,0,0,0,0,0,0,0,0,0,0,0,0,0,0,0,0,0,0,0,41,0,0,0,0,0,0,0,0,0,0,59,0,0,0,0,0,0,0,0,0,0,0,37,0,0,0,0,0,0,90,0,0,48,0,0,0,0,23,75,0,0,47,0,0,0,0,0,91,0,0,37,0,0,41,0,0,0,0,0,0,0,0,0,0,0,49,61,0,0,0,0,0,0,0,66,0,0,0,48,0,0,0,0,0,200,0,0,0,0,0,73,0,0,0,0,57,0,0,0,0,0,0,0,0,0,0,0,67,0,0,0,0,0,27,45,26,0,0,0,0,73,0,0,34,106,0,0,0,0,0,51,0,0,0,0,0,259,0,0,0,0,0,0,0,49,0,0,102,32,126,0,19,27,0,0,0,40,0,0,0,0,0,0,0,0,128,0,0,0,0,0,0,0,49,0,0,170,0,0,0,0,87,0,114,27,0,0,0,0,0,47,35,115,89,0,0,23,0,0,0,0,0,0,0,0,0,0,0,37,0,0,0,0,0,0,0,0,121,0,101,0,0,0,92,0,0,0,0,29,325,0,0,0,0,0,0,68,73,0,162,0,0,0,0,0,0,0,0,0,58,0,0,0,0,0,67,0,67,0,0,0,0,0,0,0,0,0,0,0,0,0,42,50,0,0,0,0,0,0,0,86,0,0,0,0,0,0,58,46,0,0,252,0,0,0,0,0,26,0,0,0,0,53,0,0,0,0,0,0,0,0,0,0,0,0,0,0,0,0,0,0,133,0,0,0,0,0,0,0,0,0,0,0,0,0,0,0,0,0,0,0,0,28,0,0,0,0,0,0,0,0,0,0,0,0,0,0,0,0,0,28,0,0,0,0,0,0,0,0,0,0,0,0,0,0,0,30,0,0,28,0,0,0,0,0,0,0,0,0,0,0,0,0,0,0,0,0,0,0,0,0,0,0,0,43,0,0,38,0,0,0,0,0,0,0,0,0,30,0,0,0,0,0,0,0,0,0,0,0,0,0,0,0,0,0,0,0,0,0,71,0,0,0,0,0,0,0,0,0,46,0,48,0,0,0,0,0,0,0,0,0,0,0,0,0,0,0,0,0,0,36,0,0,0,0,0,0,0,0,0,0,0,0,0,0,0,0,0,0,0,0,0,0,0,0,0,0,0,0,0,0,16,0,0,0,0,0,0,0,0,0,0,57,0,0,19,0,0,0,0,0,0,0,0,0,0,41,0,0,0,0,0,24,0,0,0,0,0,0,0,0,0,0,0,0,0,0,0,0,0,0,0,0,0,0,0,0,0,0,0,0,0,0,0,0,0,274,0,0,0,0,0,25,0,0,126,21,0,0,0,0,0,0,55,0,0,0,0,0,0,0,0,0,0,0,0,0,0,25,0,0,0,88,0,0,0,0,0,0,0,0,0,0,0,0,0,0,0,0,42,0,0,0,0,0,49,0,0,0,0,0,0,65,0,0,0,0,36,0,0,0,0,0,0,0,0,77,0,0,0,0,80,0,34,35,104,0,0,0,0,0,0,0,0,60,0,0,0,0,0,0,0,0,0,58,0,0,0,0,0,0,0,0,0,0,0,0,0,0,0,12,0,0,0,0,0,0,0,0,0,0,0,0,0,25,0,0,0,0,0,0,0,0,0,0,0,0,0,0,0,47,0,0,0,154,0,0,0,0,19,0,0,0,0,60,0,0,0,0,0,0,0,0,0,0,0,0,0,33,0,0,178,0,0,0,0,0,0,0,0,43,0,0,0,0,0,35,0,0,0,0,0,0,0,79,0,0,0,0,62,0,0,0,0,0,0,0,0,0,40,0,0,0,46,0,0,0,0,0,42,0,0,0,0,0,0,0,0,46,27,0,0,0,0,66,48,0,0,0,0,0,0,0,0,0,0,0,0,0,0,0,0,0,113,0,0,53,0,0,0,56,0,0,0,0,0,241,0,150,0,109,0,0,30,0,0,48,52,0,0,0,0,68,0,0,0,0,0,0,0,0,0,42,0,0,0,0,56,0,0,0,0,0,0,0,105,69,0,0,0,0,0,0,22,41,0,0,0,0,0,0,0,0,0,0,0,0,0,0,0,0,0,0,0,0,0,0,0,71,32,0,0,0,0,48,0,0,0,0,0,0,0,0,0,0,0,0,0,0,0,0,49,0,0,0,0,0,41,0,37,0,0,0,0,0,0,0,0,0,0,0,0,0,0,0,60,0,28,23,0,0,0,0,0,0,0,0,0,0,0,0,0,0,0,0,0,0,0,0,0,0,0,0,0,70,0,0,0,0,0,0,0,0,0,0,0,0,0,0,90,0,0,0,0,0,0,0,0,0,0,0,85,0,0,0,0,0,0,0,0,0,0,0,0,0,0,0,0,0,0,0,0,0,0,0,0,0,0,0,0,126,0,0,0,0,0,0,0,50,0,52,0,0,0,0,0,0,0,0,0,0,0,0,0,0,0,0,0,0,0,0,0,0,0,0,40,0,273,0,0,65,0,0,0,0,0,0,0,151,0,0,0,43,0,0,0,0,0,0,0,0,0,0,54,0,0,0,0,40,0,0,0,0,0,29,0,0,0,0,0,30,0,0,0,0,28,100,0,0,0,0,0,0,0,0,0,0,0,0,0,66,0,0,0,0,0,0,0,0,0,0,0,0,0,0,0,33,0,0,59,0,0,0,0,0,0,27,0,0,0,0,0,0,0,0,0,0,0,0,0,0,34,0,0,0,0,0,0,0,0,0,0,0,0
302,0,0,0,0,0,0,0,0,0,0,0,0,0,0,31,0,53,0,0,0,0,0,0,0,0,0,0,0,0,0,0,0,0,0,0,0,0,0,0,0,0,0,0,0,0,0,0,33,0,0,0,0,0,0,0,0,0,0,0,0,0,0,0,0,0,0,0,0,0,0,0,0,0,0,0,0,0,0,0,0,0,0,0,0,0,0,0,0,0,0,0,0,0,0,0,0,0,0,0,0,0,0,0,0,0,0,0,0,0,0,0,0,0,59,0,0,0,0,0,0,0,0,0,0,0,0,0,0,0,0,0,0,0,0,34,0,0,0,0,0,0,0,0,0,0,0,0,0,0,0,0,0,0,0,0,0,0,0,0,0,0,0,0,0,0,0,0,0,0,121,0,0,0,0,0,0,0,0,0,0,0,0,0,0,0,0,22,0,0,0,0,0,0,0,0,0,0,0,0,0,0,0,0,84,0,0,0,0,0,0,29,0,0,0,0,0,30,0,0,0,69,0,0,0,0,0,0,87,0,0,0,0,0,0,0,0,0,27,0,0,0,0,0,0,0,27,0,0,0,0,0,0,0,65,0,0,0,0,0,52,0,0,0,0,0,0,0,0,0,0,0,50,0,0,0,0,0,0,69,0,0,0,0,0,0,0,0,843,0,0,0,0,0,0,0,0,0,0,0,0,0,0,0,0,0,76,52,0,0,0,0,0,0,0,0,0,0,0,0,0,0,0,0,0,0,0,0,0,0,0,0,0,0,33,0,0,0,0,0,0,29,0,0,0,0,0,0,0,62,39,0,0,25,46,0,0,0,90,0,0,0,42,0,0,125,96,0,0,0,34,0,0,0,0,77,0,0,0,0,0,0,0,0,0,0,0,0,0,0,0,0,0,0,0,0,0,0,0,0,0,0,0,0,0,0,0,0,0,0,0,0,0,0,0,0,51,0,41,0,0,55,0,0,0,0,0,0,0,0,0,0,0,0,0,0,0,37,0,0,0,0,0,0,0,50,0,0,0,0,0,0,0,0,22,0,0,0,0,0,0,0,0,0,0,0,0,0,0,0,0,0,0,0,0,0,0,0,0,0,0,0,28,0,0,0,0,0,0,0,0,0,0,0,0,0,0,0,0,0,0,0,0,0,0,58,42,0,0,0,0,0,0,0,0,0,0,0,0,0,0,0,0,0,77,0,0,0,122,0,0,0,0,0,52,0,0,0,0,0,0,0,0,0,0,0,0,0,0,0,0,0,0,0,0,0,0,0,0,0,95,222,0,0,0,0,0,0,0,0,0,54,0,0,0,0,0,75,0,0,0,39,0,0,173,0,0,0,0,0,0,189,0,0,0,0,0,0,0,0,0,0,0,0,0,0,0,0,0,0,0,0,56,94,0,0,0,0,0,0,0,0,0,0,0,0,0,0,0,0,0,0,0,0,0,0,0,0,0,0,0,0,0,0,0,0,0,0,0,0,0,0,0,0,0,0,0,0,0,0,0,0,0,0,0,0,0,0,0,0,0,0,0,0,48,0,0,0,34,0,0,0,0,0,0,0,0,0,0,0,0,0,0,0,0,0,52,0,0,0,0,0,0,0,0,0,0,0,0,0,0,0,0,0,0,0,0,0,0,0,43,0,0,64,0,34,0,0,0,0,0,0,0,0,0,0,0,0,40,0,61,0,0,0,0,0,0,0,0,0,0,0,0,0,0,0,0,0,0,0,0,0,0,0,0,0,0,0,0,0,0,0,0,0,0,0,0,0,0,0,0,0,0,0,0,0,0,0,0,0,0,0,0,0,0,0,0,0,0,0,0,0,0,0,0,0,23,0,0,0,0,0,0,48,0,0,0,0,0,0,0,0,0,0,0,0,0,0,0,52,0,0,0,0,0,0,0,0,0,0,0,0,0,0,0,0,0,0,0,0,0,0,0,0,0,0,51,27,0,0,0,0,0,0,0,0,0,0,0,0,0,0,0,0,26,26,0,0,0,0,0,0,0,0,0,0,0,0,0,0,0,0,0,0,0,0,0,0,0,0,0,82,0,0,0,0,0,19,0,145,0,0,0,0,0,221,0,0,0,0,0,50,0,0,0,0,0,0,0,0,0,0,0,0,0,0,0,51,0,0,0,0,0,66,0,0,0,0,0,0,0,0,0,0,0,0,0,0,0,0,0,0,0,0,0,0,0,87,0,73,0,0,0,0,0,0,0,95,0,0,0,0,0,0,0,25,91,0,101,0,196,0,0,0,0,0,0,0,0,0,0,0,48,0,0,0,0,0,163,44,0,0,0,0,0,0,183,82,0,0,0,0,0,0,0,0,0,0,0,0,0,0,0,0,0,27,0,70,153,0,77,26,0,0,0,0,33,65,0,0,0,0,22,0,30,0,0,0,56,41,0,0,0,0,0,199,47,0,95,0,0,52,0,0,0,0,0,0,0,0,0,0,0,0,60,0,0,0,0,0,0,80,0,56,0,0,0,0,0,0,0,33,48,0,0,0,0,0,0,0,0,0,0,0,0,0,66,0,0,0,0,0,0,0,0,0,0,0,0,71,0,0,0,159,0,0,0,57,30,0,0,0,25,0,0,0,0,38,0,0,46,0,0,39,0,0,0,0,0,0,0,36,83,94,0,51,0,0,99,0,0,0,0,0,103,0,0,86,0,0,0,0,0,0,0,46,139,0,0,0,0,38,65,0,29,0,0,0,0,0,0,28,34,0,29,0,0,0,0,0,180,0,0,0,32,0,43,0,0,51,0,0,0,0,0,0,11,0,0,80,0,0,0,0,0,0,0,0,0,0,0,0,0,0,0,0,0,0,0,0,0,0,0,0,0,0,0,0,0,0,0,0,61,0,49,0,0,0,0,34,36,0,0,0,0,0,64,0,0,0,49,0,0,0,0,0,0,0,0,0,31,0,0,62,0,0,0,0,0,41,0,47,0,0,0,44,35,0,50,0,0,0,0,0,0,0,0,225,0,0,49,0,0,115,0,0,0,0,0,0,134,0,0,17,0,65,0,0,0,0,0,0,0,0,0,40,0,0,0,0,0,0,0,29,0,0,0,0,0,0,0,0,0,0,0,0,0,70,109,0,57,0,0,45,0,0,0,25,0,0,0,0,0,0,0,177,0,0,0,52,0,0,0,0,113,0,0,0,0,0,35,0,0,0,0,61,0,35,0,59,0,0,0,0,0,0,0,0,0,0,0,0,0,0,78,0,0,0,0,178,24,0,0,43,0,0,45,0,0,41,0,0,0,0,0,0,0,0,0,0,0,22,0,0,0,0,63,0,0,0,0,0,0,0,0,0,0,0,0,0,0,0,44,0,48,0,0,0,0,98,0,0,0,160,49,36,0,0,0,0,0,0,0,0,38,39,0,0,0,0,0,0,0,0,0,0,0,0,0,92,0,0,0,0,0,112,0,0,0,0,0,0,0,0,0,62,72,0,44,47,0,0,0,0,0,79,0,0,0,59,137,0,0,75,0,0,0,38,32,37,0,0,0,169,0,100,0,0,0,0,0,0,0,122,35,0,43,134,0,0,36,0,0,25,48,34,0,0,46,0,0,0,0,99,0,0,20,0,61,0,0,0,0,0,0,0,0,0,0,0,0,0,0,0,0,0,0,184,143,0,0,0,21,0,42,0,0,0,0,0,0,0,293,0,31,44,0,0,0,0,68,0,0,0,47,0,0,0,0,0,0,0,0,0,0,0,120,58,0,0,0,229,0,0,30,0,120,0,0,0,0,0,178,0,0,0,0,0,0,88,0,74,21,84,0,248,0,0,0,58,0,48,0,0,0,0,98,26,0,56,0,0,0,72,0,70,0,0,0,0,0,0,19,0,0,112,0,0,280,0,0,0,0,0,0,0,0,0,0,0,0,0,0,72,56,53,119,49,42,0,0,0,0,0,42,71,0,0,0,0,0,119,0,0,34,0,0,0,0,0,0,0,56,99,0,42,26,0,99,0,297,0,0,0,0,0,196,0,0,0,38,0,0,22,0,0,0,0,0,0,190,0,0,0,0,0,0,0,0,0,37,0,75,33,0,0,0,0,0,72,0,0,24,0,0,0,34,0,0,73,0,0,0,0,0,0,0,0,0,0,0,51,0,0,0,0,0,124,61,0,68,25,0,0,0,0,0,52,0,0,58,0,0,59,0,0,0,0,0,0,0,26,49,0,0,47,0,0,0,0,0,0,0,0,0,35,0,107,0,0,0,0,0,55,0,0,33,42,0,0,33,0,0,0,83,55,0,0,0,0,0,0,0,0,0,0,50,0,0,0,91,0,36,0,112,43,0,0,0,27,0,0,0,52,0,0,0,0,0,97,0,0,0,0,0,45,0,0,0,0,0,0,0,23,0,0,121,0,117,0,0,0,0,0,0,68,0,39,0,0,0,125,32,0,177,0,0,0,0,0,0,177,45,0,46,71,0,0,35,0,148,0,68,0,0,0,0,0,0,109,120,67,105,0,0,0,0,0,0,0,0,0,45,0,41,0,0,95,0,0,0,0,54,36,0,0,69,0,70,78,0,0,210,0,0,0,0,37,91,0,0,0,0,0,0,0,27,67,121,32,34,71,0,0,33,0,0,27,0,65,0,0,0,0,45,0,34,0,0,57,0,34,0,57,0,0,0,30,0,0,47,72,0,0,0,148,0,0,0,597,0,0,0,0,0,0,145,0,0,34,224,0,0,10,0,0,0,0,0,0,0,0,0,0,0,0,90,81,0,36,26,0,0,0,0,54,0,96,46,0,174,0,74,0,0,54,0,0,0,0,0,0,31,28,24,53,59,0,0,0,0,0,97,0,0,0,0,33,46,0,75,0,0,0,0,0,34,0,41,318,63,0,28,0,0,0,0,23,0,0,0,40,61,183,66,78,52,72,0,0,0,0,0,0,0,48,0,31,64,0,212,225,0,41,0,0,0,0,0,60,0,99,50,58,0,29,46,0,115,131,0,0,58,0,0,0,0,0,0,0,0,55,0,0,0,40,0,167,0,0,0,61,0,0,0,0,51,0,105,0,0,0,0,0,36,70,0,0,221,0,202,0,0,0,0,76,62,0,0,38,0,0,0,0,0,0,0,0,0,176,0,0,282,25,0,0,0,60,0,33,0,0,74,0,277,102,0,0,0,60,38,0,34,42,0,0,0,52,46,0,90,58,28,52,0,0,0,52,0,40,34,132,0,56,47,0,23,0,0,0,38,0,0,104,0,0,184,0,0,0,0,102,0,93,60,0,292,0,0,0,0,0,0,40,0,0,53,0,0,83,0,64,0,0,23,0,0,0,0,125,0,34,28,37,0,88,0,0,0,31,0,50,95,33,133,0,0,0,0,0,43,0,0,249,97,0,247,0,0,0,40,66,75,0,0,0,0,0,67,60,0,102,0,0,0,0,0,0,44,32,0,0,0,0,0,595,0,0,384,0,0,0,0,0,26,55,0,137,39,0,0,103,0,0,0,0,68,56,0,0,0,0,0,0,0,156,66,0,0,0,0,0,93,110,56,68,0,0,0,0,57,0,0,125,0,0,0,0,148,56,62,59,0,155,0,0,0,0,0,0,0,80,0,63,0,0,0,0,89,0,0,0,0,0,73,95,35,0,0,0,0,0,0,68,0,0,0,0,72,95,49,0,0,0,0,0,0,0,39,29,0,0,0,74,0,0,0,99,0,0,0,0,0,455,81,0,0,0,0,0,0,0,0,0,0,0,0,63,0,45,84,0,0,0,0,32,32,0,34,0,32,0,0,0,0,0,45,72,0,0,85,0,0,98,0,62,0,65,68,0,0,0,0,0,0,35,26,0,357,0,0,0,161,0,116,0,0,0,0,0,0,0,0,310,0,82,0,96,38,0,80,48,0,0,44,0,175,0,46,0,0,157,0,0,0,0,0,0,117,0,0,0,171,0,0,39,51,69,17,246,0,42,0,0,0,470,0,356,0,49,0,0,261,0,0,83,0,35,0,0,0,29,0,0,0,51,0,0,0,0,136,59,0,29,0,0,125,0,0,48,0,63,0,0,68,0,28,0,0,0,50,0,94,153,0,0,0,0,0,0,27,62,86,0,0,59,0,0,0,45,133,0,0,49,0,0,0,121,0,46,0,0,0,47,0,0,0,0,0,0,69,0,0,0,0,41,0,12,0,0,0,0,68,31,102,0,0,34,64,0,0,129,37,223,0,87,34,0,29,0,0,0,61,133,103,0,131,81,78,0,0,0,0,0,0,0,0,0,0,0,0,192,137,0,55,0,0,0,40,0,0,0,0,207,0,0,0,0,0,0,0,0,0,0,80,43,36,0,182,0,0,263,0,65,0,0,0,46,0,0,120,0,0,0,41,0,28,0,0,0,20,0,42,0,37,0,0,110,0,0,0,0,0,225,448,28,0,54,52,0,0,0,0,114,53,0,0,0,0,85,63,0,0,0,0,0,0,83,36,0,0,18,0,167,0,74,0,126,0,14,0,0,0,0,143,0,520,36,0,0,0,0,39,0,0,0,77,243,0,0,0,90,0,0,0,0,0,0,0,0,0,0,48,0,370,13,0,127,0,200,0,167,0,0,48,0,0,105,0,55,0,0,101,0,0,88,0,0,62,46,331,62,0,0,0,0,0,0,93,98,0,0,0,0,0,0,0,0,0,0,0,25,0,37,0,0,0,0,142,94,0,128,0,0,0,239,0,0,0,0,0,0,0,44,48,0,0,108,101,0,83,0,0,0,0,14,0,0,0,68,0,0,50
303,0,0,0,0,0,66,49,0,47,0,0,0,0,0,122,101,0,0,0,0,0,48,0,0,0,0,0,29,0,0,0,0,0,23,47,0,0,0,0,112,0,0,0,68,0,0,34,142,0,70,0,80,94,26,132,0,0,0,0,0,28,52,81,0,0,105,35,0,0,272,0,0,0,0,227,33,0,300,0,57,0,0,41,185,0,0,0,0,0,146,0,0,0,101,0,0,0,0,0,0,0,0,0,0,0,48,0,50,0,135,0,24,58,86,0,27,144,0,0,108,0,123,0,0,0,0,0,0,0,48,0,203,0,0,48,56,57,73,84,70,0,25,125,0,0,41,27,67,61,0,0,39,0,41,0,0,52,0,99,0,0,0,21,60,52,0,0,45,85,74,0,29,0,0,0,0,65,0,0,0,90,0,0,0,42,27,153,180,0,0,0,0,0,46,0,0,0,0,28,0,0,37,0,44,0,0,0,0,50,85,47,0,56,0,83,0,0,0,0,0,0,0,0,190,8,0,0,0,0,0,0,0,0,0,0,0,54,54,0,0,42,27,0,0,0,65,0,0,0,0,32,151,0,76,0,0,0,0,0,115,108,52,0,0,0,0,312,0,126,0,0,0,196,65,0,50,0,502,93,0,0,0,82,98,56,25,178,374,43,33,0,121,0,0,0,0,43,0,40,0,0,66,44,0,258,215,89,0,76,57,131,0,0,0,28,45,103,75,41,0,0,0,0,246,96,0,59,0,0,97,0,96,0,86,51,0,0,0,62,0,60,0,58,33,0,36,0,52,928,88,82,0,134,554,0,54,152,244,107,48,99,57,35,134,147,268,265,0,0,104,0,92,52,97,94,0,0,0,230,0,45,0,72,22,654,0,99,0,0,0,48,564,0,0,49,114,52,105,101,0,50,114,0,0,125,0,0,86,0,95,0,0,0,0,0,51,0,119,147,0,116,35,0,119,78,0,44,0,0,0,0,0,0,202,0,0,58,36,269,26,0,521,102,215,114,174,0,37,0,0,0,91,0,0,0,47,0,0,0,173,0,136,107,0,44,0,52,0,0,69,0,142,23,0,0,78,367,142,0,108,36,0,231,0,0,0,0,71,189,164,24,0,87,32,60,113,134,214,0,0,91,28,814,75,54,83,81,81,0,105,0,0,0,0,0,177,77,0,68,107,0,211,0,73,0,66,60,176,0,57,0,0,0,85,68,0,0,0,114,0,92,142,0,0,0,144,0,0,163,132,0,0,29,0,0,0,0,27,45,143,182,0,47,0,152,0,0,22,0,0,96,0,0,0,0,0,67,0,63,80,120,69,0,232,0,81,169,0,0,57,317,0,0,0,0,0,0,0,37,0,0,0,0,0,0,0,130,31,55,0,0,134,199,0,0,0,62,0,75,0,0,0,0,49,0,0,0,0,42,152,0,0,43,0,0,0,0,0,0,0,0,36,0,0,184,0,52,0,133,32,0,0,0,667,0,0,77,43,86,51,0,0,0,0,99,0,29,0,0,0,0,0,0,302,23,52,0,131,0,0,0,29,0,39,0,0,0,0,0,82,0,39,0,0,0,207,0,0,0,0,0,0,23,0,0,0,0,59,0,0,111,226,0,24,0,0,0,0,0,357,104,42,183,135,40,0,59,0,0,0,71,0,0,49,0,0,0,144,0,91,0,64,0,0,55,0,0,0,0,0,0,34,0,0,0,0,0,0,0,0,0,0,0,0,0,0,0,0,110,61,73,41,0,0,135,29,0,0,0,0,32,0,0,0,0,135,0,0,299,0,0,0,0,0,0,0,0,76,27,0,0,0,45,174,0,0,0,0,0,0,0,123,358,0,47,0,0,0,0,107,0,233,40,0,0,27,0,0,109,129,0,0,79,0,0,33,0,0,0,0,0,384,0,0,58,0,0,0,0,95,0,75,0,0,0,51,21,0,156,44,0,0,0,0,56,0,0,0,0,0,35,0,31,133,102,0,0,0,0,0,0,0,0,39,24,0,0,0,0,27,137,45,0,85,0,126,45,0,0,0,49,0,51,0,37,0,0,0,82,43,0,0,0,0,99,58,69,81,0,74,58,0,0,25,82,59,0,0,0,0,0,0,0,0,0,0,0,19,0,0,35,0,45,0,0,0,40,51,38,66,0,0,0,0,0,0,55,0,0,0,0,61,0,227,50,0,52,0,405,0,0,0,0,0,0,0,71,0,0,50,0,0,0,116,79,80,0,48,0,596,33,0,0,27,0,0,0,0,0,55,0,0,0,0,57,0,72,150,44,0,40,0,48,0,71,0,69,56,0,0,0,0,0,0,0,0,46,0,0,19,0,0,40,0,51,0,29,227,0,47,0,0,0,37,22,52,130,50,0,51,0,0,0,30,0,103,75,48,71,0,330,0,0,60,83,291,192,83,0,89,28,28,0,0,0,0,16,0,0,0,44,0,48,265,0,0,0,83,0,55,36,0,0,23,0,0,0,0,0,36,0,30,0,0,0,0,0,0,71,0,0,0,311,0,0,53,0,0,384,0,123,0,0,0,0,0,105,40,66,0,0,38,110,0,0,0,0,0,0,0,0,0,0,0,0,0,153,0,88,0,103,69,0,186,0,21,36,0,0,0,31,54,133,205,27,106,0,42,44,94,0,0,36,55,0,44,76,107,0,48,0,0,0,46,152,153,0,0,18,0,430,0,0,38,0,0,53,0,0,0,0,46,0,0,0,0,60,0,0,220,0,0,0,85,0,67,0,0,0,0,0,0,0,0,0,0,0,0,166,0,0,0,91,58,37,0,0,0,28,0,72,0,0,51,0,0,0,0,0,0,0,0,0,0,0,62,0,0,87,0,0,0,0,0,0,0,0,0,0,0,22,0,0,0,0,0,0,0,16,0,0,0,0,57,0,0,0,0,0,77,0,43,0,0,0,0,0,0,45,0,0,0,0,0,0,44,0,186,115,0,0,81,0,48,0,0,73,0,0,0,0,0,334,0,0,0,0,0,0,21,0,0,0,0,0,0,0,0,0,0,0,0,0,0,0,0,14,0,0,0,39,0,0,63,0,0,0,0,0,0,0,0,0,0,0,0,105,41,0,0,0,18,30,0,0,0,64,0,0,0,0,0,40,0,35,0,37,0,257,0,0,41,0,184,0,0,0,0,0,52,0,0,0,0,86,0,28,0,29,0,0,0,0,0,0,0,0,0,0,0,0,0,51,169,0,0,0,0,0,0,0,0,87,0,0,83,0,0,173,0,0,0,0,0,0,0,0,0,0,0,0,0,111,0,0,95,0,0,59,61,0,0,37,0,0,0,0,0,32,0,0,0,63,0,0,0,0,0,0,0,0,0,0,46,0,0,0,46,0,0,0,74,0,0,59,0,0,0,50,0,60,46,0,0,20,0,0,0,30,0,0,40,43,26,179,0,0,42,0,0,154,0,0,0,91,85,0,125,73,0,0,37,0,0,108,0,63,0,142,142,0,0,239,108,0,0,0,30,118,0,0,57,115,0,147,0,0,33,76,0,27,0,70,0,0,109,532,0,0,63,44,0,0,85,150,0,53,47,0,71,0,0,131,0,0,211,0,92,0,0,53,56,0,0,0,69,0,0,0,38,0,0,0,58,0,0,310,144,32,0,0,0,24,39,0,147,0,46,43,0,0,225,0,41,0,0,0,0,0,94,46,0,47,0,0,0,45,0,32,0,0,70,104,0,161,69,71,53,0,57,363,27,0,49,44,109,0,30,0,0,0,106,30,0,0,0,151,48,88,0,50,31,0,0,316,0,0,0,0,27,187,51,0,0,0,141,77,0,52,0,155,0,141,33,81,0,0,0,0,38,0,35,0,0,265,0,0,499,0,0,0,35,0,0,0,80,0,0,0,0,0,10,161,97,128,28,28,50,45,0,0,47,0,0,88,0,0,27,0,0,0,0,0,0,116,0,30,0,0,0,0,218,143,123,0,47,0,167,37,154,0,0,0,21,0,230,0,0,35,57,0,0,57,0,0,0,0,0,0,108,47,12,0,0,0,0,0,58,0,389,0,65,100,0,0,0,41,0,0,0,0,0,0,0,0,40,0,0,35,0,0,0,0,0,37,0,0,0,0,0,48,0,0,0,0,0,48,73,0,37,44,0,0,0,0,0,0,0,25,0,0,33,37,0,0,0,0,0,0,0,0,66,0,0,0,0,0,0,0,0,0,0,32,0,0,0,168,0,0,33,0,0,145,0,0,0,139,0,0,55,0,0,0,0,26,0,0,65,0,0,0,0,0,0,49,128,0,0,0,0,29,0,51,0,54,0,0,36,69,0,0,56,0,0,0,22,0,0,0,0,0,0,0,0,108,0,0,30,0,0,0,0,0,20,0,0,50,214,0,0,0,0,0,0,0,0,0,45,0,0,74,25,0,232,0,0,0,0,0,0,41,74,0,0,76,0,0,0,0,72,0,118,0,0,0,0,0,0,0,0,0,119,0,0,48,0,0,0,69,0,0,0,0,0,0,0,0,0,0,0,0,0,54,0,0,0,0,0,41,0,0,101,0,0,0,0,82,87,0,0,0,0,0,0,67,0,72,69,0,0,0,46,0,0,0,0,0,40,175,0,0,0,0,0,0,57,0,0,0,0,63,0,73,0,0,0,63,0,0,53,0,0,0,0,24,59,0,0,96,0,0,0,0,0,0,55,16,0,49,193,0,0,21,0,0,48,0,0,0,0,32,0,0,49,0,0,0,0,24,0,0,0,0,28,51,0,0,0,0,0,90,0,0,0,61,0,0,0,0,0,0,0,0,48,0,0,0,0,0,0,80,36,0,0,0,0,26,0,0,0,23,0,0,0,0,25,0,52,41,97,249,0,0,0,0,0,0,0,0,0,57,0,186,96,59,0,0,42,0,56,0,0,0,0,0,0,49,25,0,0,116,0,0,0,0,21,0,0,70,0,46,0,73,0,0,0,0,0,53,0,0,0,0,0,0,68,0,44,0,0,0,0,0,68,54,0,105,92,0,0,49,0,0,0,19,57,0,0,0,0,55,44,0,0,0,0,0,226,0,230,0,58,0,0,119,0,0,0,0,0,0,34,0,75,0,0,0,0,0,0,77,463,0,44,0,0,0,0,0,0,44,58,0,0,0,0,0,0,84,0,0,0,0,0,0,0,0,0,0,0,0,0,135,0,0,0,0,0,48,0,51,0,47,0,0,0,0,0,0,0,0,0,0,0,0,0,0,0,0,0,0,0,0,0,36,173,0,0,0,0,0,0,0,0,19,48,64,52,187,0,0,0,0,39,16,0,0,0,80,0,0,0,0,0,246,0,0,0,0,0,0,0,0,0,0,0,0,29,0,87,0,42,90,0,0,396,0,0,0,53,0,0,0,0,0,28,0,0,62,0,109,0,0,0,0,0,0,44,0,0,0,0,0,0,256,0,0,119,0,52,0,89,0,123,0,0,84,0,0,0,0,0,0,0,0,0,0,45,0,0,0,0,0,0,36,30,0,0,0,69,0,0,0,108,0,0,0,0,0,39,0,0,0,0,0,0,0,79,77,79,0,88,0,0,0,0,0,0,0,0,0,0,0,44,0,0,0,0,85,0,0,0,0,74,0,33,0,0,0,0,33,0,0,0,0,0,0,63,37,0,0,137,0,0,0,0,0,31,0,0,0,37,0,0,0,0,0,40,0,0,0,51,184,0,0,0,0,0,0,0,0,77,0,0,0,0,76,0,0,0,0,0,0,0,0,0,0,0,57,0,0,0,0,0,0,0,0,0,0,51,0,0,94,0,0,0,0,0,0,39,20,0,0,0,0,0,0,337,0,0,0,174,0,0,0,0,0,43,0,0,0,0,180,36,0,0,124,0,0,0,37,0,0,42,0,46,0,0,0,0,115,0,57,0,0,0,0,0,0,0,0,0,0,0,0,0,0,0,0,0,0,45,26,0,374,0,211,0,0,0,40,65,0,0,0,78,48,0,0,0,0,0,0,0,0,0,0,0,0,17,189,0,0,0,0,0,0,0,0,0,0,0,0,165,0,0,45,0,0,0,0,64,119,0,0,36,0,0,0,0,0,0,0,0,0,46,0,0,0,41,0,0,0,43,0,0,123,0,0,49,0,22,0,0,0,0,0,0,0,61,0,0,0,0,0,54,0,0,0,65,0,0,55,0,0,0,32,53,0,0,153,39,111,0,66,0,0,0,0,0,0,42,0,101,0,76,54,0,0,0,0,96,29,0,0,36,0,0,0,0,0,77,0,41,0,0,0,0,0,0,0,0,167,0,0,0,0,0,0,0,0,0,0,82,0,54,99,133,0,0,125,0,121,0,0,0,0,0,0,0,0,50,0,0,0,0,0,0,0,101,22,0,0,0,32,0,96,0,16,0,22,75,538,390,0,46,72,0,0,0,0,0,0,0,0,0,58,0,0,86,0,0,0,0,0,0,65,0,0,0,0,41,209,0,0,0,59,0,0,0,0,0,43,58,0,388,60,0,102,0,0,0,0,0,0,0,81,0,0,0,60,0,0,0,0,0,52,0,0,0,41,57,0,533,0,0,84,0,49,0,0,0,35,40,0,0,0,0,0,0,0,59,9,17,0,0,0,117,0,33,179,0,0,0,0,0,0,247,0,0,0,0,43,0,0,0,0,0,0,0,48,0,0,0,44,0,0,235,68,0,93,10,0,0,291,0,0,0,0,0,0,0,0,0,0,0,0,121,0,54,0,0,0,35,0,0,0,34,230,56,0,0
304,0,0,0,40,0,82,63,0,58,0,418,55,0,0,148,375,172,0,0,0,243,51,75,122,144,38,0,91,45,39,0,56,0,27,136,128,0,62,304,278,46,58,23,381,0,112,61,149,33,245,38,226,183,42,55,56,0,0,43,0,303,0,258,71,79,232,48,0,35,438,0,90,0,0,328,182,0,410,75,104,0,28,203,247,76,85,0,140,52,89,125,52,45,187,31,49,0,85,26,0,0,63,140,0,55,82,56,260,0,238,47,155,127,212,105,92,184,104,0,238,63,231,48,0,0,90,34,168,64,242,48,254,0,152,164,164,75,157,90,0,126,199,497,0,0,48,54,106,129,0,31,160,110,152,112,0,191,37,342,262,62,0,168,93,152,55,58,166,326,77,203,41,109,36,84,0,142,130,110,64,110,0,124,29,59,54,562,351,0,0,0,143,83,0,0,93,0,0,135,0,74,124,102,588,0,64,27,56,133,123,0,48,65,0,186,94,45,34,64,175,137,36,17,221,0,0,116,232,0,118,65,0,36,52,0,55,114,344,99,0,114,59,86,77,0,240,40,32,0,52,103,220,63,244,0,62,0,0,72,210,96,115,57,122,0,0,628,159,955,79,0,442,242,65,85,117,31,1046,453,73,0,197,250,125,0,120,437,1709,126,177,51,100,0,0,87,37,108,186,83,57,44,199,0,0,496,272,265,57,117,117,356,129,0,0,87,100,135,85,91,0,32,36,59,252,168,0,169,26,30,463,0,174,127,260,169,0,0,43,85,0,132,0,106,132,0,0,0,100,1018,288,114,59,297,355,0,84,144,564,299,189,75,121,0,127,408,628,139,0,44,149,77,66,105,0,326,288,0,0,341,89,45,69,0,81,776,107,215,96,0,39,45,297,31,117,102,633,115,156,261,0,65,127,0,81,81,88,61,94,65,224,28,155,22,0,0,219,136,262,122,49,179,68,0,101,130,115,57,240,0,0,36,0,0,254,43,0,176,32,138,38,0,205,131,330,328,406,120,43,90,33,0,196,0,100,0,91,68,0,55,218,39,281,266,42,45,45,0,0,0,63,45,512,68,111,73,195,226,140,81,213,64,196,218,237,0,0,129,179,296,338,90,31,313,76,89,79,258,219,37,0,169,60,768,78,247,292,128,122,0,146,53,48,53,78,48,281,78,150,50,140,0,145,138,218,0,0,148,480,0,38,0,0,0,205,97,40,0,0,92,71,193,294,0,0,30,141,68,135,372,200,61,0,128,90,49,25,92,95,67,337,807,0,49,50,427,82,0,0,67,306,166,0,0,0,45,0,288,30,0,239,182,164,0,613,22,257,562,124,33,98,457,0,0,0,0,0,158,56,91,84,64,35,137,107,159,125,215,68,88,0,51,430,749,287,52,161,181,0,0,44,96,0,0,100,126,48,89,0,188,136,0,0,53,48,47,48,100,0,0,0,0,389,0,77,636,60,112,45,228,587,69,0,170,383,0,137,107,126,156,95,44,165,0,52,361,123,180,52,75,570,74,262,53,417,80,135,0,293,0,71,0,119,152,148,86,114,46,180,0,148,0,45,38,167,81,264,52,226,0,39,273,0,79,100,88,83,116,198,212,80,164,258,0,0,22,34,37,401,182,387,62,106,814,463,228,211,182,0,0,131,132,32,46,349,21,0,90,549,225,185,153,2564,300,0,246,0,0,282,0,42,147,30,25,269,52,0,0,0,48,69,236,0,0,35,318,0,97,0,249,393,174,65,52,0,506,76,38,25,106,116,67,110,43,26,18,271,304,283,498,23,0,96,81,28,123,0,80,84,105,80,69,123,55,249,77,95,206,263,36,101,55,316,383,71,609,0,66,82,171,197,33,291,80,62,67,111,80,48,154,279,25,23,95,30,18,229,101,56,0,0,73,472,40,449,78,0,260,116,0,213,63,182,55,0,0,1075,399,105,358,67,96,0,524,68,195,75,0,0,0,49,57,0,53,236,180,47,32,0,117,58,160,279,31,83,199,0,194,0,60,45,215,0,189,204,105,605,65,87,118,155,407,0,61,31,65,84,321,431,358,301,63,80,57,137,1285,203,73,161,0,191,183,165,59,67,277,164,63,66,106,0,80,51,25,60,121,70,164,202,64,51,138,51,130,33,224,39,93,117,99,216,0,112,208,166,39,133,70,753,62,0,71,160,195,420,115,30,311,135,601,93,103,65,629,161,46,35,658,58,0,147,375,0,40,168,101,830,44,839,46,788,205,73,88,42,56,60,0,0,159,143,0,125,59,0,373,202,86,721,151,122,101,0,177,100,180,798,745,125,150,0,77,119,71,93,0,464,209,105,41,36,155,85,76,95,281,29,272,1728,162,189,157,248,185,130,73,242,308,188,0,118,0,113,92,672,0,272,190,165,250,0,492,142,112,65,1025,1086,191,539,0,276,157,75,351,42,95,88,76,0,85,0,271,0,54,1100,64,58,35,141,44,100,300,146,330,73,83,99,93,0,0,182,79,265,31,68,108,87,62,0,82,122,354,156,569,50,199,777,191,0,599,47,195,468,104,96,0,96,237,159,582,0,0,367,1083,35,86,46,359,142,0,103,32,148,52,96,65,78,465,147,100,177,159,167,110,438,0,58,58,644,137,111,199,649,216,467,216,314,29,167,124,152,57,82,136,238,0,172,301,278,115,66,45,0,42,89,481,567,124,97,197,61,736,279,0,509,92,71,87,0,104,0,42,47,107,486,43,49,135,100,0,704,0,112,150,298,48,71,217,0,230,114,37,0,182,0,0,119,61,0,284,0,0,55,290,117,79,151,61,0,61,103,283,16,142,168,0,136,35,215,0,51,57,63,63,107,50,113,48,0,107,0,100,272,122,238,43,0,63,0,205,459,346,40,71,0,70,498,90,55,34,258,83,88,96,120,124,0,50,101,41,128,111,76,154,26,42,65,97,45,302,43,506,111,64,110,307,76,75,412,212,83,81,188,43,399,65,23,886,428,118,406,0,50,1989,66,247,32,176,137,0,567,43,53,241,66,165,50,397,171,29,0,71,221,0,105,153,0,68,0,171,41,98,0,274,161,41,54,0,53,61,77,66,80,285,37,0,59,945,961,76,671,52,155,245,111,114,0,114,96,322,92,134,121,95,0,1134,53,188,107,397,0,577,303,0,326,78,45,24,0,0,285,165,56,121,144,333,47,406,26,555,0,123,476,0,71,163,187,110,317,98,59,113,118,119,197,63,265,205,0,634,390,183,216,180,73,44,347,79,0,663,0,58,122,0,39,64,114,0,202,274,216,102,0,248,64,144,110,191,0,283,306,44,0,139,85,105,83,64,161,216,0,96,260,194,580,91,125,65,50,260,111,79,52,498,625,404,129,50,75,48,33,99,320,106,146,614,0,0,62,281,95,90,95,86,29,85,0,10,121,555,139,0,72,240,65,278,0,100,95,78,49,296,0,0,0,338,109,0,207,103,61,0,117,0,32,422,0,162,0,252,210,94,0,244,174,37,45,289,84,131,0,58,125,745,0,408,0,27,131,253,0,98,163,366,203,56,197,819,0,0,251,153,0,156,190,295,43,192,86,125,101,56,0,328,16,0,778,0,224,114,80,71,123,0,143,0,172,53,539,80,103,0,0,51,126,0,57,223,263,85,38,60,89,35,74,39,164,179,44,38,90,50,374,43,165,37,0,41,169,46,250,616,117,95,79,47,145,0,76,136,142,80,97,181,42,180,213,302,93,25,96,1075,53,22,71,125,695,26,105,0,0,0,1377,118,53,73,0,401,99,120,41,422,32,124,47,403,0,31,0,323,114,649,108,77,96,76,148,321,104,189,44,258,99,103,111,132,357,0,55,0,79,0,85,44,132,281,0,0,964,45,0,45,255,189,0,125,371,155,81,141,0,67,60,459,149,228,955,85,118,65,0,77,78,0,112,451,0,45,62,0,51,209,0,0,121,286,37,477,56,67,84,53,200,250,167,391,105,31,467,161,675,47,70,46,226,0,364,138,180,152,87,51,0,50,0,0,59,133,38,96,594,82,44,0,0,0,0,56,209,0,628,64,86,92,0,48,99,161,0,536,218,38,156,102,44,159,125,74,30,379,138,53,61,0,146,212,121,51,146,39,0,773,0,103,105,249,46,281,422,0,264,139,127,0,0,121,201,226,192,91,98,49,77,174,42,64,55,91,65,46,0,152,148,192,138,352,106,100,103,117,63,35,44,102,78,147,105,842,64,53,89,64,112,878,80,105,179,293,0,472,315,20,61,97,158,173,130,0,338,80,144,62,89,0,258,116,387,42,70,0,330,179,92,192,361,256,0,40,64,403,32,0,115,127,0,0,112,57,332,157,74,175,52,0,0,582,70,71,532,112,53,0,0,90,73,0,259,276,277,0,92,43,140,0,70,236,121,417,207,0,223,251,121,119,1107,390,174,0,65,93,315,608,146,156,218,702,0,0,193,195,434,0,273,206,50,81,20,32,0,658,329,360,641,91,0,137,78,44,0,161,55,37,90,0,293,0,57,389,39,0,0,0,165,272,42,93,199,129,297,259,56,45,830,80,68,23,53,446,717,56,128,42,50,96,0,0,96,379,358,136,120,146,353,44,71,0,0,267,105,747,18,54,32,211,319,126,207,36,59,202,0,331,48,406,0,72,39,73,0,57,238,379,0,0,139,581,134,118,0,2198,0,95,0,33,0,0,725,102,110,262,1132,72,0,142,40,60,225,170,192,26,51,289,37,206,70,58,119,403,85,167,77,100,70,249,159,291,230,822,127,47,815,168,217,109,211,141,249,95,67,65,127,0,51,208,138,131,366,182,52,60,32,603,301,128,0,96,31,210,422,152,135,304,56,0,87,0,155,190,264,775,498,822,260,0,42,58,0,148,206,74,66,348,137,1262,225,374,138,208,353,119,276,0,95,137,61,179,33,100,98,0,636,708,0,198,206,53,196,0,0,171,102,202,70,716,139,131,263,175,571,245,0,285,153,40,129,123,226,80,212,148,0,194,116,58,268,250,167,450,354,55,0,512,110,132,45,226,360,0,314,72,0,415,303,50,80,176,56,0,1069,29,585,137,129,115,89,205,332,127,0,76,70,105,73,115,458,0,149,52,0,1375,124,147,775,102,132,0,115,60,79,131,42,177,368,97,227,389,180,55,0,183,135,148,125,204,59,49,127,86,104,0,323,55,138,471,51,0,303,52,0,215,252,228,29,119,115,76,55,53,0,37,181,42,334,318,50,402,759,53,63,20,43,329,0,247,288,172,562,187,302,144,86,380,34,188,281,59,314,178,408,378,263,115,60,38,94,175,74,0,119,406,53,127,159,248,77,1910,113,0,116,218,52,141,450,112,847,108,211,58,106,0,269,0,433,978,214,60,622,0,0,232,129,121,111,75,0,49,273,160,137,261,84,822,247,38,0,0,111,49,313,118,35,62,72,0,59,2847,67,43,1162,200,266,22,476,89,402,172,31,479,100,67,50,164,40,0,387,86,274,203,213,148,65,68,69,56,0,1117,213,0,40,0,618,0,311,152,568,529,0,31,37,158,324,48,17,820,0,67,142,106,475,214,446,209,268,417,38,75,98,92,71,68,96,326,93,1178,554,68,79,0,354,220,80,77,137,74,385,354,220,80,125,0,93,121,63,199,152,131,0,68,382,288,158,111,870,122,0,307,48,0,180,412,0,89,168,292,104,89,0,259,89,89,41,0,273,1779,359,47,47,539,60,58,60,99,540,98,77,372,115,205,99,174,365,71,0,103,57,58,100,63,212,228,186,95,83,40,118,142,232,224,135,103,764,0,63,324,56,130,75,94,545,171,239,79,100,65,99,73,91,156,1093,111,0,0,593,205,326,218,106,295,264,138,232,61,49,1318,125,744,121,518,253,248,203,648,0,99,154,72,318,107,138,95,96,1171,87,234,50,94,101,42,559,0,88,108,1492,43,140,441,106,309,98,1009,63,416,301,190,108,1073,47,842,106,270,57,226,513,0,245,299,319,144,254,44,34,120,242,50,339,204,80,157,0,440,489,502,62,91,173,64,392,34,0,120,63,162,88,98,721,628,60,145,0,38,127,81,313,828,197,90,244,69,72,0,102,284,380,41,0,250,364,55,127,198,473,105,29,313,177,40,0,439,150,246,318,397,549,201,270,23,130,28,35,36,537,0,149,112,0,304,218,92,63,0,1063,57,293,241,444,152,202,174,171,0,43,1394,279,979,68,177,190,0,146,107,0,120,131,859,525,89,433,333,508,0,216,0,270,158,50,52,37,123,107,24,114,857,844,0,204,75,41,187,268,0,0,92,68,842,193,145,29,50,88,95,231,188,139,77,269,77,57,94,913,46,59,1825,255,164,89,212,150,103,0,103,476,0,218,0,146,53,165,94,39,0,386,0,92,54,250,131,146,268,73,195,0,228,526,486,1972,128,251,123,321,543,71,495,0,198,145,108,118,416,272,327,548,204,0,34,268,74,0,543,301,0,141,210,125,383,98,330,62,490,0,70,54,139,46,185,576,0,2558,121,28,485,0,0,213,204,0,119,99,1019,44,0,132,442,19,25,391,60,0,227,49,380,83,173,288,167,526,234,32,834,186,657,63,419,0,330,172,35,31,580,0,421,76,94,194,91,576,369,118,101,714,105,511,160,137,0,109,63,0,39,1036,514,0,0,195,225,72,139,63,56,89,96,102,94,238,119,0,307,89,0,181,149,119,529,87,44,57,1013,54,44,70,0,0,0,43,137,1079,0,208,358,703,50,194,83,46,54,199,178,0,39,130,925,37,117,74
305,0,0,0,0,0,0,0,0,0,0,49,0,0,0,47,54,67,0,0,0,0,0,0,0,0,0,0,0,0,0,0,28,0,0,54,0,0,0,0,0,0,0,0,0,0,0,0,43,0,0,0,65,0,0,0,0,0,0,0,0,88,0,35,0,0,24,0,0,0,73,0,0,0,0,61,17,0,0,0,0,0,0,0,0,0,0,0,0,0,49,0,0,0,0,0,0,0,0,0,0,0,0,0,0,0,0,0,0,39,167,0,0,33,0,19,0,0,0,0,0,0,114,0,0,0,0,0,0,0,0,0,0,0,0,0,0,0,0,0,114,0,0,0,0,0,0,0,0,0,0,0,0,0,45,65,0,0,0,0,35,0,0,34,0,0,0,0,16,0,128,25,0,0,0,0,0,0,0,0,0,0,0,0,0,0,0,157,97,0,0,0,0,0,0,0,0,0,0,26,0,0,0,21,164,0,0,0,0,26,0,106,0,0,0,0,0,0,0,0,50,55,0,0,0,0,0,0,100,0,0,0,0,0,0,0,0,40,98,0,0,0,0,0,0,0,26,0,0,0,0,0,0,0,0,0,0,0,0,0,132,0,0,0,0,0,0,154,47,217,0,0,45,97,0,0,0,0,0,131,0,0,0,0,0,0,30,94,764,0,0,0,62,0,0,0,0,0,0,0,0,0,0,28,0,45,0,108,0,56,56,161,71,0,0,0,0,123,0,0,37,0,0,32,179,50,0,0,0,0,135,0,0,0,0,0,0,0,0,0,0,0,0,0,0,0,0,0,43,202,146,0,0,54,178,0,0,60,73,35,0,0,37,0,0,64,346,86,30,0,34,0,46,0,47,35,127,0,0,147,0,0,0,28,0,339,0,0,0,0,0,0,184,0,39,0,151,0,66,123,0,38,0,0,0,0,0,0,42,0,0,0,37,27,0,0,23,0,0,186,0,33,49,0,58,46,0,0,112,0,0,0,0,0,128,0,0,0,0,83,0,0,285,75,38,0,63,0,0,0,0,0,0,0,44,0,14,46,0,0,116,21,54,0,0,0,0,53,0,0,0,0,70,52,42,22,0,95,174,41,67,0,39,0,55,0,0,56,0,130,0,0,0,0,0,45,126,0,104,0,0,70,0,0,0,0,46,0,0,0,0,0,0,26,0,0,0,0,69,103,0,0,146,46,0,0,0,0,0,0,0,0,0,0,0,57,0,0,0,87,0,53,96,0,0,0,0,0,0,115,85,0,0,56,0,0,0,0,0,0,0,38,0,0,61,121,0,0,0,0,69,0,0,0,0,0,0,105,0,24,0,71,0,0,0,0,59,46,0,0,0,189,0,43,0,0,0,55,0,0,0,0,0,0,0,51,0,54,0,0,0,0,114,135,33,0,0,0,0,0,0,0,0,0,0,0,29,0,0,0,94,0,0,0,0,0,28,0,0,0,0,0,54,0,0,146,0,0,0,116,63,0,0,44,60,0,0,30,0,91,0,0,0,0,0,57,36,0,0,0,37,0,40,0,0,0,33,23,81,0,0,0,0,0,29,0,0,0,0,0,46,0,0,0,0,0,59,0,0,0,0,0,0,0,0,0,25,0,41,41,0,115,0,0,0,0,0,0,0,0,91,0,0,154,0,148,0,0,0,0,0,15,0,0,67,0,0,0,95,0,103,0,80,37,0,32,0,0,0,0,0,0,0,0,62,0,0,0,0,0,0,0,0,0,0,0,0,0,0,0,24,32,0,0,0,118,0,0,0,0,113,0,0,0,0,0,0,61,0,0,0,0,0,0,0,0,0,0,0,0,0,0,0,26,132,0,0,0,0,0,0,0,92,59,0,97,0,0,0,0,0,0,40,0,0,0,43,0,0,0,153,0,0,0,0,0,47,0,0,0,0,0,0,0,0,0,0,0,0,0,0,0,0,0,0,0,83,70,0,143,0,0,0,0,0,0,0,0,0,0,0,0,0,0,84,49,0,0,0,0,20,0,90,0,0,0,0,0,0,0,0,0,0,0,0,0,72,0,0,0,18,32,0,0,0,0,0,97,72,77,0,46,77,0,0,208,40,0,63,0,46,147,0,0,0,0,39,0,0,0,0,0,0,0,42,0,0,0,0,0,0,48,0,136,0,62,0,0,40,0,68,0,0,0,0,0,0,38,319,0,0,0,0,0,54,0,0,60,50,89,0,0,0,126,49,0,0,57,0,0,0,0,0,0,0,0,104,0,121,0,882,0,29,0,0,0,0,0,0,0,0,23,52,0,0,82,0,0,183,26,0,22,0,0,0,66,470,91,0,29,0,0,0,0,38,0,100,0,0,0,0,0,0,0,0,142,0,46,92,0,121,0,0,61,0,0,0,0,68,0,33,0,0,41,79,0,26,35,52,0,0,308,0,0,104,122,243,85,21,0,71,0,26,0,0,0,0,0,0,15,0,31,0,37,75,35,0,0,46,41,59,44,24,48,0,0,0,0,0,0,21,0,105,0,0,0,34,0,0,49,0,61,60,227,0,0,243,0,0,150,0,43,93,0,0,0,0,0,0,70,0,0,65,0,0,0,0,74,51,0,0,0,0,0,0,0,0,74,0,0,0,60,193,0,31,0,51,23,181,37,0,0,114,164,246,0,0,0,130,0,74,0,0,64,25,0,0,109,0,0,0,0,0,0,0,0,110,0,0,15,0,142,77,0,85,0,0,50,0,0,0,0,0,0,0,0,0,0,0,0,47,0,0,52,74,0,39,0,0,78,0,0,0,0,0,0,0,0,0,170,0,0,0,47,81,0,0,0,0,0,0,49,0,48,28,0,0,0,0,0,0,0,0,0,0,0,0,0,0,0,0,0,51,0,69,0,0,0,0,76,42,97,0,0,0,0,40,0,0,0,0,0,0,0,43,0,0,0,0,0,0,0,0,0,0,0,32,0,0,0,0,123,0,0,0,0,37,0,165,154,0,0,128,0,0,0,0,135,47,0,64,0,0,406,0,0,0,0,0,0,117,0,0,22,0,93,0,60,31,0,0,0,0,0,0,13,0,0,0,0,0,38,0,53,124,0,0,0,0,0,0,32,0,122,0,0,0,358,183,0,0,0,0,77,45,0,0,0,0,0,17,0,0,95,0,0,0,0,0,67,0,194,72,0,71,0,0,0,0,0,78,0,0,0,59,60,0,74,0,124,0,0,0,0,0,53,0,0,28,0,0,0,0,40,69,0,0,38,0,118,57,0,29,0,0,0,115,0,0,0,0,0,0,0,0,0,40,0,0,54,0,0,0,151,0,0,51,0,0,60,85,0,0,0,0,0,0,0,0,35,0,50,0,0,43,0,0,0,0,0,0,0,0,0,0,40,0,0,0,0,0,0,61,0,45,0,0,0,0,33,17,0,0,0,0,0,0,0,0,66,0,0,0,27,0,88,0,0,45,0,0,0,0,0,0,120,35,0,47,0,0,0,31,0,0,162,0,0,0,0,26,0,0,95,49,0,0,0,0,0,0,0,0,83,0,122,0,0,0,54,0,0,0,233,0,0,33,52,0,0,35,0,0,82,0,0,0,42,51,0,0,0,0,49,0,0,79,0,74,0,0,0,9,0,46,0,0,0,0,0,0,0,0,0,0,0,0,129,216,0,0,0,44,0,0,0,0,62,0,0,0,0,74,0,0,0,0,0,0,0,0,0,0,0,73,34,63,0,0,0,0,0,33,0,19,0,0,98,0,0,0,154,0,0,44,0,220,0,0,0,0,0,67,25,0,0,0,0,31,39,0,0,0,141,0,151,0,0,0,58,0,44,0,71,0,0,86,52,14,0,0,53,0,50,0,36,103,0,0,0,0,0,56,0,0,164,0,0,229,17,0,0,35,0,0,0,66,0,0,33,0,0,0,90,0,0,66,0,55,0,0,0,0,0,0,103,0,0,0,0,0,164,0,0,19,120,0,69,0,0,0,0,53,117,0,0,0,0,142,0,400,0,0,0,37,0,0,0,0,35,0,0,0,0,0,0,0,0,0,0,359,0,0,0,0,0,0,0,34,0,174,0,46,15,0,0,0,0,0,0,48,0,0,0,0,53,42,0,0,0,0,0,0,0,0,0,41,0,0,0,0,176,0,0,0,0,0,114,102,0,86,0,0,0,0,0,60,44,0,0,0,0,0,0,0,37,0,0,0,0,0,37,26,48,62,43,0,0,0,42,0,0,0,0,0,0,0,46,44,35,43,0,0,150,0,44,0,94,0,183,22,0,0,0,0,0,35,0,65,0,33,0,0,0,51,0,229,0,0,0,84,50,0,47,127,46,0,0,0,153,0,0,0,0,0,0,0,0,146,0,0,63,0,0,0,314,0,56,237,0,0,0,0,0,0,0,0,85,186,0,0,0,0,0,0,37,0,0,0,0,0,38,40,0,113,74,66,0,0,0,0,116,81,48,0,172,0,0,0,29,36,0,39,118,0,0,0,0,0,107,38,0,123,0,0,89,0,0,0,33,0,0,0,0,140,0,0,81,0,0,0,0,0,0,0,0,31,0,76,55,0,0,113,0,0,0,0,335,293,0,22,0,0,0,0,69,0,88,124,66,0,65,0,0,0,0,0,68,0,30,0,0,0,94,0,104,56,0,0,47,0,0,0,27,0,0,0,0,0,0,63,41,0,0,0,92,101,0,0,459,0,0,0,0,0,0,0,0,0,75,0,0,0,51,0,0,106,105,0,0,0,25,0,0,47,42,87,82,0,0,0,64,0,69,56,66,27,170,40,0,271,82,27,0,60,0,35,0,0,0,0,0,0,49,67,0,153,102,0,0,0,94,52,55,0,0,0,48,26,38,0,143,0,0,36,0,0,74,80,53,138,265,70,0,0,0,0,0,50,0,0,59,181,0,0,65,112,57,133,0,79,0,0,0,12,40,0,26,0,0,74,168,0,69,0,0,39,0,0,61,0,42,0,329,0,0,0,0,78,136,0,167,0,51,0,0,93,0,68,0,0,45,33,0,72,57,50,52,82,0,60,54,0,33,0,66,95,0,91,0,0,117,82,49,0,0,0,0,793,0,114,55,0,0,0,47,0,0,0,0,24,0,0,0,160,0,0,0,0,89,0,63,237,59,36,0,0,52,0,0,0,0,102,43,103,66,0,0,0,61,42,64,45,33,0,0,0,0,0,0,70,0,31,118,0,0,0,146,18,93,0,117,0,0,94,0,0,0,0,0,85,0,60,156,16,132,41,0,60,0,0,0,0,108,48,49,167,50,128,48,0,47,0,0,54,0,81,74,140,103,0,156,0,0,57,46,0,0,0,97,0,24,0,0,0,772,45,0,0,0,0,131,0,0,0,33,74,0,0,0,61,0,0,106,79,0,201,0,0,58,23,63,61,0,0,0,131,42,0,55,0,140,146,0,0,0,0,0,94,27,0,0,40,0,0,535,0,0,445,0,0,0,99,0,145,113,0,0,57,0,0,0,0,0,129,0,67,56,0,0,0,0,0,0,0,375,59,0,0,0,39,0,71,91,37,70,0,0,44,46,31,0,0,271,0,38,0,0,75,0,67,71,69,148,0,0,0,0,0,0,0,103,0,252,0,0,0,0,0,0,0,0,0,38,0,93,122,0,0,0,0,27,0,34,0,0,0,0,113,66,0,27,161,0,0,75,0,0,0,61,0,0,0,0,0,0,0,28,28,0,0,0,44,248,98,0,0,64,0,0,0,0,45,0,56,36,0,0,0,75,38,0,0,0,0,0,0,0,53,45,0,0,0,0,45,0,26,48,23,0,81,0,0,0,0,72,0,44,94,33,0,24,30,0,0,0,0,30,291,85,0,0,112,0,60,0,0,0,56,19,0,0,0,166,64,151,0,118,32,86,56,80,0,0,0,0,174,56,20,0,0,160,0,0,0,0,0,0,118,0,0,38,505,0,0,100,81,71,0,159,0,0,107,0,0,415,0,347,0,40,0,0,337,0,0,0,43,39,30,0,0,0,34,0,78,28,0,0,0,51,48,88,0,0,0,0,0,0,0,42,0,54,0,0,67,103,0,0,0,0,56,0,100,229,0,55,102,0,0,0,0,65,51,0,0,52,0,0,0,0,44,0,0,0,0,0,0,170,23,53,53,0,64,47,0,0,0,0,0,0,0,0,52,0,0,53,0,0,0,0,171,0,105,50,68,0,51,0,0,0,0,0,34,367,0,0,0,0,0,35,0,0,0,179,73,0,111,32,58,0,31,0,34,38,18,0,0,0,0,0,0,112,60,0,51,0,0,112,0,0,0,0,0,124,0,38,0,0,0,0,29,77,58,0,0,0,40,113,113,0,0,111,0,55,0,0,0,0,0,0,86,0,0,0,0,0,0,0,0,0,0,0,0,0,0,0,0,0,0,0,0,37,104,174,0,0,0,0,46,72,35,97,0,0,85,102,0,0,33,73,71,37,0,0,0,77,0,91,0,0,0,0,80,154,0,49,0,128,0,0,0,0,0,44,152,0,119,116,0,252,0,0,0,0,0,37,0,349,0,0,0,113,0,0,0,0,0,0,0,64,0,59,75,93,282,0,0,0,0,105,0,0,0,33,0,0,0,111,25,89,0,0,32,0,83,74,16,0,94,0,0,230,0,0,0,0,0,0,564,0,0,0,0,24,0,0,0,0,0,8,50,0,35,0,0,43,0,0,96,0,0,44,0,47,0,71,0,0,0,0,0,0,0,0,193,0,0,80,98,27,37,0,0,0,0,0,0,0,0,292,39,0,0
306,0,0,0,134,108,80,74,0,93,0,253,44,0,0,196,378,207,0,79,0,243,54,124,107,197,0,0,93,36,34,0,99,0,81,360,306,48,37,277,90,53,126,0,451,0,96,51,287,50,191,118,187,160,32,183,55,0,0,43,0,414,0,66,86,54,155,0,0,41,423,0,98,53,35,293,118,0,362,69,161,0,62,204,346,111,45,0,108,36,236,89,84,0,220,46,79,0,65,36,0,0,0,129,40,98,55,0,195,166,334,83,207,112,181,52,108,146,58,64,368,0,142,47,0,30,56,61,107,55,102,41,288,0,116,102,157,153,165,87,280,92,91,533,0,24,65,59,54,212,0,82,175,122,0,249,40,209,76,323,369,64,35,125,99,63,102,62,147,233,518,251,44,69,0,68,51,113,179,64,54,100,0,80,60,0,80,1206,339,0,35,0,182,102,77,32,137,41,0,169,0,81,161,95,751,0,116,39,52,281,186,243,126,85,24,114,80,167,0,33,187,411,0,0,308,0,0,203,747,0,206,72,75,0,66,0,79,103,361,63,0,122,52,54,0,0,374,31,79,0,51,45,222,117,220,68,70,0,47,107,733,155,98,60,119,0,0,541,171,1115,41,0,291,280,75,135,94,0,573,439,157,24,240,235,87,0,139,457,3504,70,208,50,103,0,0,79,0,65,106,0,52,0,83,97,0,385,225,371,0,99,155,845,160,0,0,125,105,400,82,61,63,41,43,44,294,132,125,270,0,48,661,0,120,76,88,110,0,68,57,57,30,85,0,144,141,0,0,28,86,152,342,277,0,174,622,0,111,128,589,196,67,0,126,41,0,270,873,251,55,61,157,99,94,126,162,181,157,0,0,265,45,55,89,88,73,1246,188,111,102,0,47,0,632,0,113,73,712,57,145,422,0,42,422,0,0,0,112,66,62,43,373,0,231,0,0,29,554,151,220,441,58,209,111,58,209,102,75,93,141,0,0,0,77,41,220,57,54,67,63,193,47,25,498,206,526,114,654,153,57,92,0,0,327,0,160,51,99,47,0,0,158,34,142,59,0,115,0,116,0,63,137,53,571,188,129,42,235,513,263,204,299,78,213,51,99,0,0,205,110,768,226,117,0,114,96,92,317,197,328,82,0,180,93,165,166,107,441,123,116,0,201,58,43,48,41,36,545,0,76,180,368,89,168,288,91,0,78,88,275,108,0,56,0,0,139,49,32,0,0,317,31,142,577,40,53,0,0,95,133,221,390,138,47,121,38,88,0,120,73,67,231,435,0,115,109,249,30,35,0,72,141,476,50,0,31,54,23,373,0,37,499,348,254,32,293,0,458,1163,180,0,70,664,0,169,45,39,0,0,35,45,61,62,68,93,73,207,94,307,41,58,0,59,303,457,41,0,0,96,21,118,28,0,0,55,48,67,138,30,0,200,430,44,47,143,25,50,0,56,0,0,0,0,95,0,43,275,0,72,70,277,385,0,0,47,434,0,163,64,95,323,143,0,77,0,65,234,51,63,0,67,194,77,86,0,489,23,42,93,451,0,0,70,136,79,270,37,85,64,142,0,221,60,53,0,72,0,286,27,337,0,55,175,0,54,225,29,79,185,151,44,0,126,390,0,0,0,0,73,156,75,252,123,128,1165,257,429,85,77,0,0,200,182,0,69,111,0,45,42,329,69,260,71,868,183,0,56,0,0,122,0,40,55,65,0,254,0,32,96,0,34,57,176,27,55,0,69,0,56,0,165,84,160,76,0,50,206,54,47,0,72,164,95,47,0,25,0,274,97,111,737,0,0,53,0,0,57,0,88,53,76,124,86,36,111,366,56,107,119,110,0,89,0,135,386,55,372,40,0,0,110,302,0,501,106,45,68,114,129,0,349,59,0,70,105,0,27,180,106,0,0,0,59,441,0,217,98,0,71,56,40,263,0,185,30,0,0,455,151,83,723,82,0,0,105,35,164,0,0,67,0,0,101,66,53,389,135,37,41,0,71,0,93,89,77,151,106,0,0,0,94,0,132,43,119,189,122,239,85,49,0,79,461,0,139,0,28,32,208,242,365,151,84,176,0,57,582,189,155,62,0,102,326,97,36,0,196,124,45,50,75,129,0,0,61,106,124,76,145,128,27,77,43,0,254,0,307,0,51,26,0,46,0,64,140,127,0,70,44,503,0,43,0,40,92,143,116,35,177,114,502,48,0,0,230,135,68,0,460,47,0,135,307,0,19,45,187,519,55,459,0,2845,93,54,116,85,0,55,0,0,111,34,48,207,0,0,278,88,116,337,488,131,85,0,134,100,342,495,246,109,93,0,60,91,57,49,0,386,0,56,28,0,103,76,0,81,200,0,237,336,112,186,69,0,91,45,54,173,298,0,56,113,0,81,137,491,0,236,127,280,189,0,211,117,128,143,418,971,173,34,43,129,162,0,258,0,94,52,93,0,53,0,29,0,93,1404,38,0,95,100,127,0,185,95,156,219,0,61,59,0,0,0,70,126,0,59,67,208,42,0,190,0,179,64,130,0,17,667,91,0,301,115,83,218,46,142,0,84,0,92,631,0,0,130,404,0,0,0,123,216,22,122,0,89,55,0,0,59,327,138,76,83,43,252,131,372,0,116,124,454,37,0,131,231,264,283,125,86,0,236,37,122,22,63,78,307,0,28,571,0,90,0,0,0,0,112,0,139,59,52,107,0,341,263,0,206,91,0,67,0,46,0,121,121,45,71,0,45,123,61,0,359,0,0,0,82,38,164,0,0,62,24,0,47,62,0,0,97,35,0,419,0,0,114,324,93,80,140,0,0,173,0,193,0,56,186,0,48,0,101,0,44,0,35,23,116,0,60,0,0,102,0,44,87,0,0,0,0,76,0,193,275,95,0,0,0,0,191,27,73,21,187,67,69,0,203,70,0,0,0,29,91,57,83,64,0,29,52,0,31,82,0,113,52,0,65,123,138,0,304,252,0,35,139,0,218,0,0,405,75,59,300,36,0,563,0,40,0,56,0,0,509,0,0,106,0,52,33,226,217,0,0,0,0,0,0,115,0,0,24,156,31,210,0,72,144,0,77,0,0,34,56,0,33,82,0,0,55,1127,195,48,103,0,93,91,212,87,28,132,30,99,0,0,31,87,0,92,0,0,44,204,0,199,76,0,360,35,0,0,0,0,104,51,55,160,103,167,0,230,60,133,0,92,51,0,0,44,0,47,0,150,0,49,0,173,309,34,118,131,31,271,135,54,74,58,0,0,105,0,0,394,0,0,34,0,0,0,244,0,14,50,0,53,35,210,36,69,221,97,0,72,69,0,0,0,0,75,65,0,0,0,0,111,32,159,86,0,145,0,0,119,0,50,0,190,155,52,51,63,56,0,0,108,251,68,26,272,0,0,42,42,0,56,128,21,0,56,0,0,63,327,97,0,92,250,70,225,0,64,62,0,0,245,0,0,0,68,137,0,182,140,46,0,54,0,0,185,0,218,0,218,181,45,0,360,192,0,0,39,50,212,0,0,157,333,0,126,0,40,96,58,0,34,45,439,56,71,276,913,0,0,419,73,0,105,231,293,0,0,77,0,88,0,0,188,0,0,434,0,84,75,24,108,79,0,39,0,51,0,27,29,46,0,0,0,98,0,90,467,389,73,0,34,116,0,74,46,164,102,74,52,0,42,387,57,40,82,0,0,38,0,220,90,74,125,115,0,53,62,0,221,0,85,84,235,46,177,178,93,67,42,64,271,102,0,61,55,238,0,38,0,0,0,658,219,76,25,0,303,67,216,0,117,35,204,30,732,0,0,0,499,0,429,80,95,0,0,193,81,0,57,0,331,112,176,0,134,201,18,0,0,133,36,88,0,0,752,0,0,273,0,0,38,72,0,0,47,303,0,0,44,0,39,0,101,72,291,93,76,155,75,0,0,99,0,91,181,0,0,62,0,51,295,0,21,114,234,0,37,0,80,0,32,295,278,153,170,55,57,429,156,912,46,33,0,244,0,250,0,28,32,173,36,0,65,0,33,0,0,42,0,741,135,34,0,0,0,23,37,187,0,665,0,194,168,0,0,0,0,0,164,44,0,68,45,22,102,91,71,0,87,49,0,0,0,96,45,93,0,40,0,0,240,0,112,0,85,54,191,210,0,126,48,44,38,40,37,133,96,49,92,91,0,0,67,0,0,0,37,58,0,0,93,64,0,140,132,54,0,91,0,0,0,0,113,0,110,31,254,0,105,58,45,0,562,0,0,72,123,0,128,104,0,18,0,0,32,114,0,156,46,100,29,22,0,93,45,192,0,0,0,106,0,80,136,0,68,0,0,83,298,0,0,175,37,0,0,41,40,263,189,0,69,0,0,0,620,0,0,365,0,0,0,0,53,55,0,51,93,268,0,71,18,0,0,25,137,0,103,48,55,48,173,0,137,181,92,90,0,29,0,73,83,90,80,67,516,0,0,147,69,89,0,274,121,59,0,0,0,44,205,212,120,119,34,0,83,0,0,0,87,0,0,71,0,167,0,0,359,0,39,0,0,0,121,82,0,75,45,188,152,0,0,177,66,0,0,0,202,576,0,26,0,0,0,0,286,0,50,270,0,105,144,0,0,0,0,0,136,114,210,0,102,0,96,51,72,145,0,0,86,0,93,0,84,0,0,0,95,0,0,51,237,0,0,0,37,60,0,0,668,0,45,0,0,0,0,220,106,0,38,298,22,0,0,0,44,147,92,67,0,0,0,0,75,71,36,120,340,45,127,52,59,31,71,106,253,70,176,57,0,300,63,96,91,0,72,44,69,0,21,38,0,0,92,85,60,297,191,0,0,0,168,69,0,0,59,0,97,82,0,118,103,44,0,29,0,66,0,0,193,312,355,172,0,42,0,0,99,91,0,0,40,152,268,65,324,49,0,169,0,61,0,64,0,34,67,0,18,141,0,303,428,0,0,189,15,61,0,28,46,0,74,23,253,86,58,67,29,590,132,0,160,62,0,56,0,189,72,69,0,0,199,0,0,99,205,89,475,96,45,50,0,91,57,30,124,97,0,229,0,0,57,0,0,63,114,0,0,1053,0,144,0,51,106,0,0,284,42,0,37,0,0,28,0,88,0,138,0,28,363,0,42,190,31,0,0,70,88,0,56,0,41,228,93,204,276,174,0,0,0,0,128,94,75,0,0,113,53,0,0,167,47,52,296,0,0,226,88,16,105,70,120,22,42,42,0,0,0,0,0,80,0,59,25,0,194,204,0,46,0,0,152,0,51,300,35,285,141,155,61,106,284,0,46,16,0,154,59,78,186,287,57,0,0,82,88,0,21,0,204,0,0,64,139,90,839,0,0,0,57,61,82,309,92,166,55,108,0,0,0,192,0,331,269,66,0,146,0,0,157,0,38,83,69,0,0,96,93,52,155,41,98,133,0,0,0,53,0,80,35,0,0,113,0,0,1886,0,0,524,105,0,0,159,0,292,110,0,405,97,0,0,67,0,0,89,0,93,41,66,64,0,0,37,0,0,419,79,0,0,0,519,0,84,65,228,186,0,0,0,86,199,0,0,258,0,26,91,38,100,43,82,129,102,187,0,57,70,41,0,47,0,82,0,335,269,48,0,0,212,43,0,0,111,53,74,219,72,50,80,0,0,55,51,0,64,0,0,0,112,69,0,0,257,26,0,156,0,0,0,127,0,0,54,119,0,0,0,198,61,0,0,0,21,314,60,0,0,182,0,65,0,23,102,50,18,72,0,0,0,94,138,22,0,0,0,0,20,0,65,145,0,69,30,0,102,25,77,119,48,0,189,0,0,101,0,63,0,0,230,0,69,54,0,54,65,0,0,53,201,63,0,0,100,97,0,63,31,108,150,0,166,44,0,273,84,636,0,116,79,201,98,361,0,42,110,0,187,119,0,0,22,173,51,54,0,0,66,0,132,0,0,0,238,0,33,125,0,57,0,119,0,45,129,0,48,648,0,296,0,65,0,45,311,0,139,46,96,0,0,0,40,63,31,0,52,0,0,39,0,0,95,157,0,31,0,0,0,0,0,0,0,65,0,56,306,191,0,41,0,0,46,20,81,216,79,57,318,0,0,0,0,163,0,0,33,49,258,0,57,39,256,26,0,66,207,0,32,354,82,0,104,177,258,149,60,0,55,0,0,0,68,0,85,78,0,89,55,0,44,30,170,0,188,52,77,129,111,130,124,0,0,288,36,486,33,0,0,0,43,0,0,0,39,133,53,51,279,72,97,0,0,0,107,0,30,0,0,0,0,0,38,209,36,27,125,0,0,79,122,0,0,62,0,348,0,121,0,38,29,64,42,85,151,0,54,0,75,134,137,31,0,91,111,128,53,0,63,64,0,0,227,0,38,0,28,0,114,29,0,0,181,0,0,0,0,83,55,45,37,0,0,85,150,542,1111,50,44,98,97,257,44,118,0,0,138,108,0,156,225,67,0,0,53,0,60,118,0,87,201,0,0,115,106,442,29,165,69,208,44,42,29,39,63,128,268,0,213,112,0,249,0,0,110,78,0,115,28,652,0,0,43,225,0,0,86,49,0,108,0,23,0,120,71,100,539,146,0,179,0,460,0,73,0,122,79,25,21,159,31,299,26,0,77,0,119,191,0,0,69,0,0,327,0,33,73,67,30,0,647,41,0,0,47,190,42,47,36,0,61,0,52,68,146,0,0,80,0,0,274,0,51,71,51,74,0,524,0,0,24,27,0,0,30,71,291,0,44,103,108,0,96,0,0,0,109,37,66,0,177,221,44,0,0
307,0,0,0,0,0,108,0,0,86,0,66,41,49,0,125,143,93,0,0,0,268,49,44,100,107,0,0,72,0,0,0,45,0,36,70,91,0,33,192,160,91,0,0,119,0,77,0,286,0,125,0,155,84,0,230,0,0,0,0,0,146,89,196,0,0,91,43,39,0,201,0,60,0,0,91,181,0,622,0,220,0,58,163,212,97,27,0,0,44,287,0,0,92,137,0,39,0,53,69,0,0,0,176,35,0,41,0,98,0,214,61,0,99,125,29,0,115,0,0,222,0,281,0,26,35,0,0,178,0,155,25,509,0,63,0,202,74,83,57,126,54,110,0,0,0,42,46,53,120,0,0,110,69,87,67,0,90,44,354,129,70,0,136,45,94,68,0,136,176,167,154,35,0,0,95,0,69,169,0,0,102,0,0,0,44,51,302,311,0,0,0,78,95,102,0,53,0,0,0,0,90,143,27,372,0,65,0,64,71,107,69,0,62,0,115,0,47,0,43,77,137,82,0,507,0,0,50,180,0,40,0,0,0,0,0,0,120,236,90,0,145,57,0,53,0,202,0,69,0,55,77,476,39,120,72,0,0,0,100,106,243,69,0,67,0,0,439,96,440,0,0,152,501,146,58,64,0,857,196,77,0,97,150,78,99,37,174,1243,57,86,66,252,0,0,57,0,53,159,40,0,0,95,35,0,259,139,134,0,80,74,463,60,0,0,95,88,233,58,0,0,0,0,0,167,68,19,340,0,0,384,0,115,79,67,62,0,0,0,44,0,0,0,76,126,0,38,0,46,1585,223,0,46,228,675,0,102,51,636,183,0,161,133,0,229,309,441,297,23,0,126,62,46,0,107,215,124,0,0,196,60,50,113,54,26,717,47,124,85,0,25,54,183,44,53,51,433,74,81,144,0,0,141,0,0,231,53,67,94,40,122,0,112,0,0,0,308,123,163,269,0,243,0,0,98,70,55,0,106,72,23,26,0,18,121,0,0,68,81,362,0,0,344,137,60,141,387,63,51,0,53,0,72,0,90,0,95,58,15,0,93,0,78,198,0,40,46,77,0,0,0,0,409,88,131,0,191,524,108,81,164,50,211,242,88,26,0,122,121,117,268,68,0,223,80,93,284,216,222,41,0,102,43,1110,60,131,398,100,94,0,46,29,0,0,48,0,62,133,71,168,0,0,58,173,147,0,0,65,108,0,98,36,8,0,133,100,0,0,0,177,0,105,301,0,67,0,150,32,97,188,120,63,50,110,53,44,56,63,94,42,76,542,0,121,85,256,62,0,25,51,177,131,0,0,0,49,0,249,0,26,33,318,43,36,157,0,190,125,113,78,0,734,0,30,0,22,0,61,34,85,0,49,63,87,40,37,94,265,116,127,0,34,76,218,119,0,0,83,0,38,37,34,0,27,0,39,0,40,0,105,170,0,0,60,0,65,62,134,0,0,0,0,267,0,0,202,0,140,44,433,364,36,0,86,1044,0,48,37,25,193,85,174,67,0,0,231,50,85,0,0,163,0,69,0,285,64,61,0,126,0,26,0,76,81,218,35,50,44,97,0,93,48,186,0,71,43,257,0,335,0,0,86,0,121,117,59,56,45,116,45,0,160,112,0,0,0,0,0,79,47,204,34,79,803,365,149,62,86,0,0,61,72,86,0,161,0,0,45,173,47,225,0,640,92,0,127,24,0,93,0,50,73,53,50,176,0,0,40,0,32,60,104,0,58,0,52,0,78,0,182,211,115,116,0,0,222,0,0,45,64,62,44,127,31,0,0,110,127,110,285,0,0,35,56,0,47,0,58,50,88,0,38,0,67,263,0,133,99,103,0,48,30,412,380,72,414,0,33,0,109,150,0,220,71,57,49,51,39,0,229,142,0,0,55,19,0,59,130,0,0,0,37,291,0,210,59,0,95,86,38,116,0,235,0,0,0,331,0,45,197,78,0,0,52,0,55,0,0,49,0,0,39,0,61,452,126,90,0,0,75,35,82,120,0,74,170,0,140,0,0,153,368,0,150,108,37,323,68,0,90,87,247,0,34,0,0,51,126,112,193,71,0,0,53,64,507,41,30,42,0,142,51,0,0,0,138,146,0,0,77,0,56,39,0,60,0,0,60,77,0,24,127,0,49,0,135,0,52,40,0,70,0,0,63,61,0,56,53,337,35,0,62,88,65,220,0,0,0,0,698,0,0,0,300,36,0,0,491,31,0,87,90,27,0,58,47,367,47,166,38,1041,0,46,43,105,13,0,0,0,32,28,0,121,0,0,205,79,43,117,116,0,0,0,103,35,430,695,185,130,87,0,45,0,0,66,0,130,128,35,0,0,0,0,31,52,204,0,27,502,55,103,60,41,105,87,78,59,300,85,0,114,0,0,60,566,0,62,166,138,141,0,342,0,66,64,343,205,232,32,0,238,74,44,82,0,0,0,43,0,0,0,173,0,123,339,0,0,0,0,0,57,115,50,70,53,0,55,0,0,37,164,0,203,0,0,52,100,66,0,58,108,121,141,558,0,110,207,51,0,0,54,0,336,71,48,0,0,72,95,177,0,0,210,679,0,0,0,123,103,0,45,0,0,52,61,0,61,249,107,0,50,170,82,44,176,0,0,0,115,71,0,0,204,157,156,0,252,0,198,0,41,0,33,112,102,26,103,243,73,0,93,0,0,30,94,112,526,74,0,0,0,155,125,0,299,0,42,56,0,55,0,94,74,56,85,32,50,76,43,0,476,29,42,99,114,0,71,0,0,118,63,0,0,41,0,0,81,0,0,206,0,0,62,200,0,67,70,0,0,144,36,133,0,0,94,0,65,0,116,0,0,29,59,52,45,0,27,0,0,114,40,0,67,0,125,0,0,50,41,106,236,138,0,56,0,0,0,70,89,0,110,112,0,0,148,50,0,28,0,0,153,64,44,124,0,0,82,0,0,76,0,362,61,0,0,40,72,0,264,47,0,48,65,41,97,31,0,413,60,52,228,0,0,742,67,68,0,42,0,0,344,0,0,0,0,105,0,130,170,0,0,0,91,0,47,287,0,38,42,85,50,188,0,81,0,60,0,0,49,33,41,0,52,180,0,0,34,352,445,0,168,56,74,83,80,41,0,125,0,85,54,0,87,0,0,194,63,80,47,170,0,456,104,0,338,0,0,0,0,0,124,62,0,107,87,152,66,199,24,294,0,57,87,0,0,200,92,55,61,72,0,87,127,127,166,0,73,119,0,540,190,58,93,68,0,60,133,39,0,263,0,0,210,0,0,31,84,0,50,113,55,74,0,0,95,93,172,102,0,153,80,0,0,44,0,54,40,51,40,96,0,0,37,92,93,27,58,0,0,221,65,0,0,391,227,97,86,0,82,49,0,78,162,0,148,302,0,0,0,133,0,0,83,0,0,34,0,0,44,175,60,0,37,55,41,54,0,0,226,40,0,151,0,0,0,171,110,0,65,115,33,0,61,0,0,131,0,113,0,328,166,0,0,176,103,26,41,136,0,141,0,0,57,138,0,159,31,0,76,159,0,0,0,145,68,0,179,435,0,0,203,54,0,0,165,137,0,108,28,47,54,0,0,0,0,56,418,0,73,44,0,55,99,0,65,45,60,0,183,0,0,0,52,0,95,0,0,173,85,39,0,0,27,53,110,0,77,0,0,55,26,57,645,0,0,0,0,0,44,31,0,145,67,93,52,0,90,35,36,106,102,55,152,164,0,88,86,112,72,30,79,121,0,0,0,80,212,0,100,0,0,0,342,117,46,51,0,188,134,76,60,127,41,90,0,267,0,0,0,227,0,937,81,19,29,0,98,135,29,39,44,139,19,75,109,112,0,0,95,0,0,0,0,0,137,164,0,0,287,84,0,18,77,97,0,29,139,60,0,0,0,0,0,63,0,318,467,65,52,125,0,0,78,0,40,246,0,0,32,0,0,76,0,0,0,508,0,234,0,0,0,0,350,99,109,80,0,61,185,51,358,0,0,0,0,0,291,0,41,69,153,0,0,91,34,0,0,51,0,48,157,128,0,0,0,0,0,0,126,0,230,0,69,128,0,0,27,0,0,137,129,0,59,0,0,0,52,0,0,60,0,49,44,0,47,94,0,0,84,0,0,252,0,35,0,74,0,156,126,0,76,71,0,0,0,20,43,109,94,0,42,0,0,36,0,0,0,29,52,37,0,84,65,108,54,113,0,59,77,41,0,0,0,0,0,78,54,73,0,57,118,27,0,228,62,57,0,105,0,241,0,14,33,47,0,128,59,0,199,42,44,0,0,0,51,61,129,0,0,0,90,55,59,81,120,106,24,0,0,127,0,0,0,59,0,0,0,0,67,52,0,35,0,0,0,282,19,0,426,55,0,0,0,0,0,0,79,61,504,0,41,0,0,0,0,185,45,44,95,48,86,87,54,59,252,87,0,0,0,42,102,102,174,44,27,472,0,0,42,44,224,0,51,71,0,0,0,0,24,165,188,134,209,0,0,32,0,0,0,109,0,0,0,0,77,0,0,258,0,0,0,0,54,0,57,0,126,39,50,57,0,0,211,0,20,0,0,89,263,0,79,0,43,27,0,47,51,117,209,72,96,153,102,0,0,0,0,59,53,70,0,0,0,35,33,0,160,0,0,0,0,26,0,197,0,0,0,24,0,0,69,191,0,0,45,183,0,86,0,336,0,32,0,0,0,0,73,50,73,82,332,0,0,48,0,25,67,0,0,0,0,85,0,59,71,0,94,406,50,165,0,43,0,43,0,234,51,299,35,0,620,0,88,0,0,65,76,64,0,0,89,0,0,0,96,97,159,80,0,0,0,68,82,0,0,49,0,0,117,46,108,0,0,0,22,0,79,70,42,550,248,229,59,0,0,0,0,88,54,0,0,75,228,444,102,292,44,0,75,0,40,0,0,27,0,101,0,53,76,0,323,103,0,26,118,20,0,0,0,67,0,81,0,242,44,43,64,0,318,96,0,133,47,41,35,71,68,0,55,72,0,39,0,0,0,52,0,301,51,0,57,73,60,0,0,52,42,0,54,0,0,152,104,34,0,0,0,0,543,0,205,60,69,0,0,117,207,0,0,94,0,55,0,0,54,0,0,0,0,239,0,0,404,0,0,0,0,0,0,0,0,15,0,74,64,135,135,0,0,66,86,0,0,67,0,0,0,0,76,0,128,0,0,102,0,0,138,122,0,241,97,193,0,51,36,72,0,0,0,0,74,0,0,155,0,81,236,0,24,0,0,134,0,90,161,91,173,69,112,55,0,0,0,162,60,0,0,0,184,213,203,141,0,0,106,0,0,0,0,0,0,53,42,157,82,734,42,0,36,53,0,143,256,0,233,37,62,33,0,0,45,0,183,313,75,42,309,0,0,105,62,57,60,36,0,0,24,27,51,0,0,206,65,0,0,0,0,0,69,0,0,17,0,0,0,677,0,0,892,75,39,0,171,0,102,140,0,198,0,0,0,129,0,0,108,0,268,78,46,38,43,0,0,0,0,281,166,0,0,0,486,0,90,161,187,139,0,0,0,57,82,0,0,188,0,0,53,28,99,102,268,90,74,243,0,0,47,34,0,43,29,115,0,501,162,0,0,36,152,0,34,81,48,0,333,194,0,40,139,0,0,54,40,0,27,15,0,32,91,156,0,0,282,41,0,125,0,0,0,233,0,45,0,185,0,0,0,103,0,59,0,0,212,448,117,0,0,78,0,0,0,55,254,32,68,115,22,71,32,121,280,50,0,0,0,48,47,0,61,165,36,0,0,0,0,47,54,132,0,0,116,0,35,94,0,91,0,0,205,136,115,0,60,0,0,55,60,116,603,65,0,0,82,160,0,38,24,70,106,37,224,0,0,309,28,306,0,151,76,125,138,235,0,90,101,0,263,0,28,41,26,851,46,57,0,0,0,0,182,0,22,0,389,0,40,220,49,92,26,301,0,165,123,40,50,232,0,123,67,168,0,74,424,0,75,0,70,79,0,0,0,91,42,0,64,65,0,109,0,144,118,150,0,97,69,0,45,0,0,95,0,80,95,32,191,296,20,101,0,0,80,20,195,183,0,0,85,0,0,0,52,111,118,0,0,99,31,0,35,42,132,52,0,70,69,0,0,115,0,0,80,52,119,112,0,0,0,0,0,0,129,0,0,35,0,91,96,40,0,0,49,0,108,50,134,52,81,44,0,0,0,234,0,347,36,101,36,0,40,0,0,0,35,429,54,0,48,0,126,0,31,0,0,58,0,0,57,0,50,0,12,237,70,0,0,0,0,63,24,0,0,0,15,280,77,0,0,0,32,84,67,49,0,31,111,40,0,0,39,0,0,91,58,132,26,0,65,0,0,0,259,0,47,0,9,0,55,0,0,0,91,22,39,0,0,60,0,104,0,20,0,0,61,799,402,31,49,104,183,116,0,84,0,95,46,40,0,53,93,48,0,0,0,0,0,85,0,151,0,0,0,0,76,415,0,53,0,176,0,0,0,0,0,41,63,0,1206,50,0,399,0,0,72,52,0,0,42,79,0,0,45,44,0,0,0,0,0,97,19,0,0,75,59,41,918,63,0,126,44,202,35,0,0,30,82,0,22,270,0,86,0,44,117,0,53,205,0,32,50,55,338,102,0,0,0,51,0,0,381,201,0,0,0,51,22,0,0,0,0,0,43,0,49,62,0,56,0,0,0,67,0,73,0,32,0,319,0,0,18,0,0,0,0,63,63,0,0,143,0,39,113,59,0,0,25,0,0,0,68,333,0,0,41
308,0,0,0,0,0,0,0,0,0,0,0,0,0,0,0,0,137,0,0,0,0,0,0,0,48,0,0,0,0,0,0,0,0,0,0,33,0,34,0,0,0,0,0,0,0,0,0,61,0,0,0,0,0,0,45,0,0,0,0,0,0,39,0,0,0,49,0,0,0,0,0,0,0,0,16,0,0,0,0,0,0,0,0,87,0,0,0,0,0,76,0,0,0,0,0,0,0,0,0,0,0,0,0,0,0,0,0,0,0,0,0,0,39,40,0,0,0,0,0,39,0,111,0,0,0,0,0,0,0,0,0,186,0,46,0,0,0,0,0,64,0,0,176,0,0,0,0,0,22,0,0,0,0,48,0,0,59,0,0,34,0,0,0,0,0,0,0,52,25,86,48,0,0,0,0,0,17,0,0,0,0,0,0,0,0,0,25,0,0,0,0,0,0,0,0,72,0,0,0,0,0,0,0,93,0,0,0,0,30,0,52,0,0,0,0,0,52,0,0,75,97,0,0,170,0,0,0,0,0,51,0,0,0,0,0,0,0,0,0,0,0,0,0,0,0,0,0,0,0,0,0,142,0,0,0,0,0,0,0,0,0,0,0,0,0,0,0,45,129,0,0,86,173,0,0,0,0,51,0,0,0,0,0,0,0,0,0,1067,0,0,0,94,0,0,0,0,0,0,0,0,0,0,0,0,0,66,0,0,48,0,113,0,0,0,0,0,36,0,0,35,0,0,0,0,29,0,37,0,0,68,0,0,33,0,0,0,0,0,0,0,0,0,0,0,0,0,0,51,0,30,0,0,0,92,0,0,19,62,52,0,0,0,0,0,0,22,42,0,0,0,0,0,0,0,0,0,0,0,0,0,0,0,0,0,0,0,0,0,0,22,0,58,0,0,0,0,0,0,88,8,0,32,0,0,0,0,0,0,0,0,0,0,0,0,0,0,0,100,0,0,25,61,0,0,0,36,0,0,0,0,0,28,0,0,0,0,0,0,0,0,0,101,0,45,0,0,22,0,0,0,0,0,0,46,0,0,0,0,0,0,0,0,43,0,0,0,0,0,0,0,0,0,0,0,0,0,0,46,24,44,0,57,65,0,0,0,0,53,0,0,46,0,69,0,0,0,0,68,0,0,53,0,163,0,0,69,38,0,0,0,0,0,0,0,0,0,0,0,0,0,30,0,136,0,0,0,0,113,0,0,0,0,0,0,0,0,0,0,35,0,50,63,0,0,0,0,0,0,0,47,52,0,0,0,0,0,0,0,0,76,41,0,0,0,0,0,0,0,0,0,0,0,0,0,0,0,0,0,0,0,36,0,0,45,0,41,0,0,0,0,186,0,81,0,0,0,0,0,0,0,26,0,0,0,114,0,167,0,0,0,0,0,0,0,0,0,44,0,0,0,0,0,0,0,0,44,0,0,0,105,0,0,34,0,0,0,0,0,0,0,0,27,0,0,0,0,0,0,0,0,0,0,0,80,0,0,53,74,98,0,0,0,0,0,0,0,0,0,55,60,0,108,0,254,32,0,68,80,0,0,29,0,16,29,0,0,0,0,0,0,0,0,0,0,0,171,0,95,0,0,0,0,0,0,0,0,0,0,48,0,0,0,0,0,0,0,0,32,0,147,0,0,271,52,61,68,78,0,0,0,0,0,0,0,0,0,0,87,57,0,0,0,93,0,0,0,0,33,0,0,0,0,0,0,0,0,0,0,0,0,0,0,0,0,0,0,0,0,39,0,0,0,0,0,0,0,0,0,0,95,0,0,0,0,0,82,0,0,182,0,0,0,0,0,0,0,0,0,0,0,0,0,58,62,60,0,0,0,0,0,0,0,174,0,0,0,0,0,0,58,0,91,55,0,0,0,57,0,0,0,0,0,0,0,0,35,0,0,0,0,0,71,0,43,0,0,0,0,0,56,0,0,0,0,0,111,0,0,278,0,0,0,0,0,53,0,0,0,0,0,0,0,0,33,0,0,0,0,0,0,0,0,32,0,0,0,0,0,0,0,0,0,0,0,99,95,48,0,51,54,54,0,0,0,0,0,212,205,248,0,0,42,0,0,145,116,0,135,0,54,57,0,33,0,0,104,0,35,0,0,25,0,0,0,0,96,76,60,0,0,75,0,54,0,0,0,0,19,27,0,0,31,159,0,0,38,0,64,0,55,58,0,56,130,0,37,54,0,386,0,0,0,253,147,0,0,0,0,0,0,45,0,0,62,45,486,0,576,0,289,160,41,0,38,0,0,0,0,0,28,0,110,0,0,114,0,32,0,0,0,57,0,89,0,111,521,0,95,0,0,0,0,39,52,0,460,0,0,0,0,92,0,0,61,28,0,95,120,88,155,19,0,43,42,46,82,141,0,0,91,0,86,0,78,0,0,144,90,130,0,89,14,0,0,90,633,205,48,0,88,89,0,288,0,0,64,55,0,45,0,0,0,55,79,0,0,0,0,0,0,228,0,0,0,53,54,0,0,28,0,0,82,0,0,55,0,36,0,0,0,145,76,155,0,0,768,0,0,222,39,50,138,49,0,0,0,81,0,0,0,0,156,0,0,0,0,0,113,0,62,0,0,0,0,0,0,298,29,39,0,56,43,162,0,0,0,0,0,48,0,0,0,66,80,0,0,44,114,40,56,0,54,0,112,0,0,100,97,0,67,0,0,0,51,114,304,0,0,151,0,346,102,0,64,77,0,0,0,0,0,0,0,0,81,0,0,0,0,0,246,0,31,62,68,0,0,0,0,96,0,0,0,0,0,0,0,0,0,50,0,0,0,0,0,0,0,0,0,0,0,0,0,0,0,0,75,0,0,0,0,0,0,0,47,0,0,0,0,0,0,29,0,0,42,0,0,0,0,52,94,129,0,0,0,0,103,0,0,0,53,0,0,0,0,0,5,0,45,0,0,0,0,0,0,0,0,0,0,29,0,63,64,0,0,30,0,0,0,55,0,0,62,0,0,37,0,85,0,0,103,0,0,451,0,138,0,0,0,0,126,0,0,0,0,52,0,0,22,0,0,0,50,0,0,130,0,0,0,98,0,0,0,80,62,0,0,0,0,0,0,0,17,140,0,0,0,307,261,0,202,0,0,30,116,0,0,32,0,162,0,0,0,0,0,132,0,0,41,174,0,267,83,0,114,0,0,0,0,0,77,0,0,0,82,58,27,78,0,143,0,0,90,0,0,0,54,0,0,0,0,0,0,0,0,0,31,150,0,63,153,0,43,151,43,0,84,0,0,27,0,0,88,0,0,0,100,0,0,137,0,33,0,91,47,40,0,0,0,109,63,0,0,0,0,0,0,0,0,0,0,35,87,0,116,28,0,0,0,44,0,0,0,125,67,81,86,0,0,0,0,0,0,0,0,94,0,0,0,44,0,27,0,0,0,0,0,0,0,108,54,0,0,88,0,97,0,0,68,33,0,117,0,0,0,0,40,0,49,0,39,0,0,0,0,0,0,50,0,169,29,0,0,64,123,0,0,0,64,61,0,0,0,177,0,66,0,0,0,0,0,0,0,355,39,0,94,342,0,0,134,47,0,48,62,109,0,0,27,47,31,0,0,118,0,0,122,0,0,0,0,0,80,0,0,0,0,0,150,0,46,0,0,0,31,0,0,153,206,0,0,0,114,42,0,0,61,101,0,0,0,0,162,0,63,0,0,0,0,0,61,43,37,84,96,55,60,0,0,53,0,54,68,50,0,47,123,0,33,0,0,89,0,0,43,0,0,0,0,0,0,0,320,43,0,0,0,159,62,45,0,98,0,184,0,186,0,0,0,0,0,382,89,60,0,0,75,0,0,90,0,54,25,75,0,0,117,0,0,0,0,32,58,0,0,88,0,0,276,0,0,0,0,0,0,0,119,0,0,0,0,0,0,0,0,150,122,0,135,62,0,0,0,0,44,75,0,0,0,0,0,266,0,0,21,202,0,83,0,0,0,0,106,173,67,90,0,0,179,59,861,0,0,0,50,0,27,54,0,0,64,0,0,0,0,0,0,25,0,0,533,65,0,0,0,0,0,0,52,0,63,0,44,54,0,0,34,34,0,163,0,0,0,0,0,50,0,0,0,0,0,0,0,0,45,0,0,0,46,0,0,243,0,56,0,50,0,0,173,0,0,54,35,0,0,0,39,0,56,0,0,0,0,0,0,0,0,0,0,0,0,0,0,68,0,254,0,0,0,0,0,0,0,0,0,104,0,183,0,0,0,0,0,0,0,0,0,98,0,89,55,0,0,30,33,30,40,0,190,0,0,0,0,0,75,0,154,0,0,0,0,26,0,51,112,48,0,0,0,64,0,0,0,0,0,0,0,0,39,70,0,61,0,0,0,73,29,0,190,50,0,0,0,33,0,0,36,71,185,0,0,0,0,0,0,89,31,40,61,16,65,0,62,0,180,93,38,0,0,0,60,0,76,0,0,123,0,0,35,0,0,0,75,43,0,0,0,0,42,0,0,0,367,0,0,60,0,0,0,62,0,0,0,0,70,0,0,269,0,0,0,0,0,58,0,0,53,0,38,64,0,0,0,35,0,0,0,197,131,0,0,0,0,0,0,0,0,148,109,57,49,73,0,0,0,0,0,44,0,150,0,36,0,73,54,46,103,0,0,59,0,89,0,91,0,0,0,0,0,0,120,209,0,0,0,133,61,19,0,268,0,0,0,0,0,0,80,0,0,61,137,0,0,0,13,0,97,40,45,0,0,0,0,130,90,0,65,74,0,0,0,0,0,0,47,44,0,109,71,0,157,0,39,0,0,78,25,0,0,0,68,0,38,60,0,0,176,0,0,0,0,38,154,0,0,0,0,68,0,19,0,0,0,0,0,0,35,0,0,258,114,109,82,0,0,0,0,0,0,0,0,107,78,157,63,55,0,75,0,23,0,0,23,0,0,67,0,0,0,0,165,316,0,0,41,0,0,0,0,0,0,187,0,96,37,0,40,0,0,139,0,36,38,0,0,0,31,0,0,38,0,90,0,0,0,24,35,103,54,0,0,74,0,0,0,35,0,0,41,0,0,41,51,0,34,70,0,0,60,0,104,0,44,0,36,72,0,0,0,0,0,49,42,43,32,24,0,0,0,56,53,0,168,0,0,0,37,31,0,48,0,0,103,0,117,156,29,0,0,0,56,46,0,0,0,0,0,0,26,0,44,0,34,85,0,0,0,54,0,130,0,0,0,32,0,28,0,0,0,0,71,0,57,94,0,50,236,0,0,0,0,0,0,35,36,40,85,0,0,0,0,93,0,38,0,0,86,0,37,205,71,0,0,0,67,0,0,0,0,39,38,0,0,70,0,60,0,0,37,37,0,51,0,61,94,0,46,0,0,0,67,0,90,316,71,0,148,0,0,0,0,51,69,0,0,0,0,0,76,69,0,245,0,0,0,0,0,0,54,36,0,0,72,0,39,419,0,0,63,47,76,0,0,0,310,0,0,69,59,0,43,65,0,0,83,0,195,50,50,54,33,26,0,0,0,473,0,0,0,0,197,0,0,88,185,206,0,0,51,35,0,0,0,175,0,50,0,22,223,106,203,0,75,117,0,0,51,20,0,0,22,79,0,518,109,60,0,0,0,67,0,57,0,89,113,176,159,0,0,0,51,0,0,0,0,28,0,0,75,0,34,0,0,15,0,149,0,0,0,227,0,0,90,128,0,0,0,28,49,0,0,0,0,456,56,0,33,44,0,49,0,0,181,0,0,99,0,42,37,0,152,37,0,42,27,0,0,0,77,46,0,64,0,0,69,0,66,58,0,28,243,0,25,105,39,0,67,48,0,134,71,38,84,0,0,0,34,58,165,0,0,0,163,34,56,103,39,0,95,78,0,0,0,226,104,0,31,119,133,175,54,44,0,55,101,0,0,72,50,0,0,306,0,102,0,0,46,0,307,0,0,0,275,0,0,230,17,0,51,114,0,68,12,52,0,309,0,213,0,91,0,0,0,0,24,0,161,33,75,0,30,55,82,0,65,57,0,55,0,115,146,133,0,46,54,0,95,0,0,33,55,52,0,61,212,223,0,69,0,0,29,24,47,162,0,83,159,0,0,0,32,0,140,0,0,0,0,0,0,29,0,0,0,0,88,0,0,239,47,0,34,51,76,0,0,0,0,0,0,0,79,0,0,36,0,58,146,0,0,0,47,0,106,69,74,17,67,61,88,0,0,253,56,0,0,51,62,0,0,0,0,35,47,102,154,0,83,121,140,0,49,0,52,52,31,21,0,0,0,0,41,221,167,0,46,0,0,91,84,0,0,39,0,111,0,40,0,0,0,0,70,67,0,0,0,0,79,131,332,0,0,206,0,62,0,0,0,0,0,0,271,0,36,0,35,0,54,21,0,0,54,0,0,24,0,0,0,93,0,0,0,0,105,0,749,38,80,0,87,161,0,171,23,53,0,76,0,0,69,0,83,0,60,0,0,75,0,213,0,0,0,0,94,67,0,96,0,0,0,32,0,0,0,0,163,0,548,94,0,252,0,0,0,33,0,74,0,276,0,0,0,126,0,0,0,0,0,50,0,37,0,0,0,79,0,0,0,86,40,0,0,60,0,0,0,0,0,52,0,123,0,0,0,0,0,256,0,0,90,0,218,259,0,0,0,30,0,0,605,93,0,0,0,19,0,0,0,0,0,0,60,48,0,0,0,0,0,0,195,55,0,146,35,0,0,198,0,0,0,0,0,0,0,13,72,0,54,97,158,0,0,0,0,0,0,0,0,0,71,738,0,0,0
309,0,0,0,0,0,0,0,0,0,0,59,0,0,0,97,0,47,0,0,0,26,41,0,29,0,0,0,0,0,0,0,0,0,0,42,0,0,0,0,51,0,0,0,29,0,0,0,0,0,0,0,0,0,0,0,0,0,0,0,0,0,0,0,0,0,0,0,0,0,38,0,0,0,0,0,35,0,32,0,0,0,0,0,0,0,0,0,0,0,0,0,0,0,0,0,0,0,0,0,0,0,0,15,0,0,62,0,0,0,66,0,0,0,0,0,0,57,0,0,0,0,0,0,0,0,0,0,24,0,0,0,86,0,0,37,0,0,0,0,0,0,0,31,0,0,0,0,0,0,0,0,0,0,15,0,0,0,0,0,0,0,0,0,0,0,0,0,0,45,55,0,0,0,0,0,0,0,0,0,0,0,0,0,0,44,0,70,0,0,0,0,0,0,0,0,0,0,0,0,0,0,0,0,80,0,0,0,0,0,0,0,0,31,0,0,0,0,0,0,37,33,0,0,62,0,0,0,130,0,0,0,0,0,0,0,0,0,111,0,0,0,0,0,0,0,0,0,0,0,0,0,78,0,0,0,0,0,0,22,101,0,0,0,0,0,0,0,44,39,0,0,0,53,0,0,0,0,351,87,0,0,53,0,29,0,0,38,342,62,0,0,0,0,0,0,0,0,0,0,0,0,0,0,0,0,43,110,0,0,0,0,0,0,0,0,26,70,0,0,0,0,0,0,0,0,0,126,0,0,0,0,0,0,0,0,0,0,0,0,0,0,0,0,0,0,0,0,0,466,0,19,0,0,148,0,32,0,0,78,0,0,0,0,0,95,248,83,0,0,0,0,0,0,0,47,63,0,0,0,0,0,59,0,0,161,0,30,0,0,0,0,0,0,0,0,109,0,0,41,0,0,56,0,0,34,0,0,0,0,0,0,0,0,0,0,101,0,0,78,0,0,0,0,0,0,0,0,59,30,0,0,0,0,33,0,0,0,0,116,0,0,96,55,0,0,136,0,0,0,0,0,0,0,0,0,0,0,0,0,0,0,54,0,0,0,0,37,0,0,0,0,0,0,0,0,0,143,0,0,0,0,0,83,32,0,0,0,0,169,57,0,0,36,0,0,79,0,56,0,0,0,0,250,0,0,73,0,0,0,0,0,0,0,0,0,34,52,35,26,0,0,40,46,0,0,0,0,30,0,0,0,0,0,0,0,0,0,0,72,0,0,0,0,0,0,39,0,0,0,0,0,0,35,0,0,0,0,0,0,0,0,0,0,0,36,0,0,0,0,0,31,0,0,0,0,0,45,0,0,0,55,33,0,0,0,42,0,12,0,0,0,0,0,0,0,0,0,0,0,0,0,0,50,0,76,0,62,0,0,0,0,121,94,0,0,0,0,0,0,0,0,0,0,0,0,0,0,0,76,71,0,0,0,0,15,0,34,0,0,0,0,47,0,0,148,0,0,0,0,102,0,0,0,373,0,0,0,0,98,36,0,0,0,0,0,29,0,0,0,58,0,0,0,46,0,0,0,0,0,0,0,0,31,0,0,0,0,0,0,79,0,0,0,0,0,31,0,51,0,0,0,0,0,0,0,0,0,58,0,0,33,47,0,0,0,0,0,45,0,0,0,37,118,0,0,0,0,0,0,0,0,0,0,0,0,0,0,161,0,0,27,212,0,0,0,0,0,53,0,0,0,0,0,45,15,0,0,0,0,0,29,0,0,0,0,0,0,0,0,44,0,0,0,0,76,0,0,0,0,53,0,34,0,0,0,0,0,47,85,0,0,0,29,0,0,0,0,0,0,0,0,0,0,0,0,0,52,0,0,33,0,49,0,0,115,0,0,0,0,0,0,69,0,0,11,0,0,0,0,37,0,0,0,0,0,0,0,0,0,0,9,44,0,73,32,0,0,0,0,0,0,0,0,0,0,178,72,0,187,0,0,0,57,0,0,0,0,0,0,0,0,0,0,0,100,0,0,0,0,0,0,32,0,0,0,0,0,0,0,47,0,0,77,46,0,51,0,0,0,0,116,0,0,0,0,0,0,44,111,187,0,0,0,0,41,40,0,0,0,0,0,85,0,0,0,0,0,0,0,0,0,0,0,0,0,51,71,0,0,0,73,0,0,0,0,0,0,0,19,0,0,0,62,0,0,0,0,92,0,24,0,0,0,60,0,0,69,0,189,0,0,0,0,54,0,0,204,0,0,0,312,0,0,47,0,56,0,228,0,252,59,0,0,0,0,0,0,0,85,62,0,0,0,0,0,47,0,169,0,0,0,0,0,0,60,0,35,0,0,0,0,72,0,0,0,150,18,0,0,0,62,47,0,0,0,0,0,595,0,30,0,62,0,56,0,0,84,0,0,0,0,71,0,0,0,0,0,77,49,0,142,0,29,15,34,185,17,90,0,124,0,0,83,0,0,0,0,0,0,0,0,0,0,0,0,0,0,50,0,0,117,0,0,0,0,0,0,0,0,0,0,0,0,0,0,0,0,0,0,43,52,0,96,0,0,253,0,0,0,38,0,32,0,0,0,0,98,0,0,0,0,25,194,0,0,0,0,0,0,0,0,0,0,0,0,0,109,0,0,0,26,0,60,0,0,0,0,72,0,0,0,38,0,71,34,0,0,0,45,0,0,0,56,104,0,0,170,130,0,0,0,0,0,0,174,362,0,58,52,0,86,80,0,31,0,0,0,0,0,0,0,0,0,36,0,0,0,0,0,137,0,0,0,126,0,0,54,0,0,45,0,0,0,0,0,0,0,0,34,0,0,18,0,0,0,0,0,0,0,0,0,0,52,0,0,0,0,0,0,0,0,0,0,70,0,0,0,0,0,0,0,0,0,0,0,0,0,0,131,42,68,0,0,0,0,188,0,0,0,124,30,33,0,0,0,0,0,46,0,0,33,0,36,0,0,42,0,0,0,0,0,64,0,0,76,0,0,41,101,0,0,74,0,45,0,0,77,107,0,170,0,0,459,0,68,0,49,0,0,304,0,0,0,0,56,0,0,0,0,0,0,0,0,0,62,0,0,19,86,0,20,0,100,65,0,0,0,0,0,0,46,0,52,0,0,0,184,55,0,0,0,0,61,0,0,0,0,0,131,0,0,0,0,0,108,0,19,56,77,0,111,126,0,41,0,0,0,0,0,0,0,0,41,49,40,0,62,0,0,0,0,0,0,0,0,69,0,0,0,0,0,66,0,0,0,0,92,0,241,194,0,105,59,0,23,135,0,0,43,0,0,46,0,0,0,42,0,0,94,0,0,0,113,0,0,0,55,0,121,95,0,0,0,22,45,0,0,0,28,0,16,0,0,0,0,0,0,21,74,0,0,0,159,0,0,50,0,0,0,0,0,0,0,18,0,0,0,0,74,0,0,0,0,0,0,0,0,35,272,34,0,0,32,0,0,0,0,69,0,0,68,0,0,0,66,0,0,46,0,0,0,0,0,0,127,0,34,0,152,0,0,0,95,32,30,0,57,0,50,0,0,35,118,0,178,0,0,0,79,0,0,0,73,0,0,79,74,0,0,79,0,0,38,0,0,0,38,0,0,0,0,0,53,0,35,45,0,0,0,0,0,47,0,0,0,32,0,52,0,0,0,0,0,0,0,0,85,124,0,0,0,21,0,0,0,0,0,0,0,0,0,32,0,0,0,5,0,18,0,78,0,0,0,0,0,0,0,0,0,0,34,49,0,0,0,112,69,0,0,37,186,0,0,0,0,160,0,0,0,0,0,341,38,0,0,0,89,60,0,0,0,0,0,0,0,0,0,0,64,0,322,23,0,0,0,50,44,0,60,0,80,24,0,38,0,77,0,0,0,0,0,0,0,106,148,0,0,0,0,0,0,0,32,0,0,53,32,0,0,0,0,0,77,0,44,145,62,35,40,0,0,0,0,28,0,0,0,0,0,0,0,0,0,0,185,0,147,0,0,0,19,31,72,0,90,0,0,35,0,102,0,0,0,55,0,0,0,0,0,0,0,0,0,0,0,0,0,0,0,169,0,0,0,0,0,0,0,0,0,151,0,0,53,0,0,0,0,0,79,69,0,42,0,0,32,71,56,0,43,0,0,0,0,48,65,0,0,0,0,0,280,0,0,0,32,0,53,79,0,56,38,0,0,0,0,0,78,79,0,67,0,0,0,0,0,0,0,43,20,0,0,0,74,0,195,0,0,0,39,0,0,0,0,0,0,57,82,0,0,0,0,0,103,23,0,0,110,0,176,24,0,0,36,39,94,38,0,100,0,0,0,0,0,0,67,246,0,0,0,76,0,0,0,65,81,0,0,0,233,0,0,0,0,0,0,0,0,206,88,0,72,35,0,0,172,0,53,108,59,0,0,0,0,0,0,70,44,0,0,0,0,0,0,0,142,0,0,0,23,55,0,0,0,99,37,73,0,0,0,47,52,0,61,0,76,0,0,109,0,58,0,0,85,33,0,0,0,0,114,31,0,268,0,0,111,0,0,0,67,0,0,49,0,111,0,0,76,0,0,0,0,0,42,0,0,0,42,0,0,0,0,74,0,0,0,0,244,188,0,54,0,0,0,0,0,0,0,39,0,71,75,0,0,0,0,0,128,0,91,0,0,0,95,95,75,0,0,0,147,0,49,0,99,0,0,0,0,0,0,113,63,0,0,0,96,100,0,0,67,0,0,0,0,0,0,0,0,0,0,35,0,0,0,0,0,63,84,0,0,0,0,0,80,0,0,0,0,0,0,0,0,0,0,0,20,0,94,49,0,124,35,25,0,0,72,0,0,0,0,0,0,0,27,0,0,90,0,0,0,0,75,0,0,0,0,0,0,62,39,37,0,0,0,44,0,0,40,0,0,0,92,0,0,0,0,0,61,0,0,0,0,26,196,0,0,0,0,55,0,67,0,42,0,0,0,0,0,0,0,45,44,0,0,0,0,0,0,0,53,0,0,21,46,0,0,0,0,259,92,0,248,0,0,0,0,0,0,0,32,0,51,0,0,0,79,0,50,35,0,0,0,0,0,0,34,41,0,0,0,0,130,73,0,0,0,0,0,92,0,192,0,0,0,0,47,138,0,0,0,30,0,21,0,37,0,0,0,0,83,0,0,215,0,0,0,0,0,0,0,0,0,40,0,0,74,48,0,0,62,0,0,0,39,0,0,0,0,0,0,70,0,0,120,0,0,93,35,0,56,51,56,0,38,39,0,0,0,0,0,81,8,0,34,0,100,71,0,0,0,0,63,0,83,105,42,171,59,66,0,0,31,0,20,0,0,0,0,138,131,89,47,0,0,0,31,0,0,0,43,0,0,0,33,0,107,0,0,0,0,0,47,161,0,38,0,0,0,0,0,0,0,88,100,85,0,180,0,0,85,0,0,0,22,0,0,0,27,0,42,14,53,0,0,0,0,0,0,0,41,0,0,0,0,38,624,0,0,219,0,0,0,105,0,191,0,0,116,25,0,19,29,0,0,113,0,163,37,0,0,0,48,0,0,0,155,0,0,0,0,157,0,0,29,75,72,0,0,69,0,27,0,0,251,0,0,0,0,34,0,0,50,68,210,0,0,28,0,0,0,0,110,0,287,76,30,0,0,77,17,0,70,0,68,0,72,143,0,0,0,0,0,0,40,0,0,0,0,0,0,0,0,167,0,0,41,0,0,0,68,0,37,0,100,0,0,0,105,34,46,0,0,67,121,0,0,0,58,0,0,0,0,27,0,55,72,0,0,0,0,96,0,0,0,0,0,0,0,0,0,0,25,33,0,67,0,0,121,0,0,0,0,0,31,0,0,31,22,106,83,0,0,64,0,0,58,0,66,99,0,0,0,49,0,0,33,0,53,0,0,43,0,43,93,54,62,0,103,0,0,87,30,0,34,0,0,54,55,0,0,0,168,38,27,0,0,0,0,62,0,0,0,468,0,0,70,0,0,0,0,0,60,95,0,0,402,0,228,26,178,0,0,83,0,0,56,44,41,49,0,0,49,66,0,109,0,0,0,0,108,66,177,0,84,47,0,85,0,0,0,0,0,0,0,49,54,0,0,0,0,0,0,0,0,0,70,106,0,0,0,56,62,0,0,0,0,71,0,0,0,32,0,0,0,0,0,0,270,0,23,0,57,77,61,0,0,55,0,0,0,131,0,46,0,0,55,0,0,0,0,136,0,0,0,75,23,19,0,77,0,0,46,0,91,0,76,0,0,0,0,0,0,0,157,0,0,0,0,0,0,0,0,37,0,0,0,0,0,0,0,0,118,15,0,0,0,0,35,0,0,0,0,0,47,20,0,0,0,0,40,0,0,24,41,0,0,69,106,0,0,0,29,0,59,0,0,27,0,0,0,248,0,25,0,0,0,0,0,0,0,50,30,0,0,0,40,0,30,0,0,0,0,31,93,321,0,37,0,49,57,0,0,0,96,0,0,0,0,43,73,0,42,0,0,0,0,0,0,63,0,0,0,43,72,0,66,0,39,0,0,0,0,0,0,152,0,206,95,0,188,0,0,0,0,0,71,26,266,0,0,0,131,0,0,0,0,0,0,0,65,0,0,50,0,127,41,0,0,0,34,0,0,0,0,0,0,0,33,0,52,0,0,0,0,68,175,0,0,0,42,167,97,0,0,0,0,0,0,79,34,0,0,22,0,0,0,0,0,0,0,31,35,0,19,0,0,0,0,310,0,0,0,0,67,0,312,0,0,0,0,0,0,0,0,85,0,0,78,0,0,0,0,0,0,0,0,0,0,0,0,51,0,0
310,0,0,0,0,0,0,0,0,0,0,84,0,0,0,73,37,101,0,0,0,159,17,0,34,116,0,0,0,0,0,0,0,0,0,56,150,0,68,164,67,0,0,0,0,0,0,0,76,0,38,29,34,24,0,88,0,0,0,0,0,106,56,166,0,0,0,0,0,0,70,0,17,0,0,105,79,0,70,0,89,0,0,58,109,31,0,0,0,39,124,72,46,65,39,0,0,0,40,36,0,0,8,51,0,0,24,0,48,36,105,0,58,128,43,0,0,0,0,0,103,0,322,0,0,29,0,0,70,0,41,0,190,0,67,0,133,16,0,0,43,0,53,68,0,0,0,0,0,59,0,0,0,31,112,36,0,0,22,83,134,41,0,0,0,42,27,0,135,60,143,123,0,0,0,48,0,0,120,19,0,190,0,37,0,0,31,302,90,0,0,0,40,0,100,0,84,0,0,0,0,0,77,0,139,0,20,0,0,0,65,63,0,32,0,0,0,57,0,0,97,138,0,0,180,0,0,81,149,0,39,0,0,0,0,0,0,0,132,0,0,65,46,0,38,0,74,0,0,0,0,0,154,52,39,0,0,0,0,16,97,45,0,30,18,0,0,153,40,280,0,0,65,276,0,55,39,0,147,233,62,0,43,42,0,0,39,78,1172,42,44,32,171,0,0,0,0,0,0,0,0,0,54,0,0,113,193,65,16,75,81,173,130,0,0,0,0,0,0,0,32,0,0,33,182,19,33,37,0,0,127,0,29,48,137,0,0,0,0,0,0,93,0,42,56,0,0,0,72,332,80,89,0,36,251,0,0,129,55,163,65,0,44,0,0,111,204,93,53,0,61,48,75,34,54,98,76,0,0,292,57,40,0,36,0,694,61,42,38,0,0,0,434,0,41,0,228,27,57,66,0,48,116,0,0,51,0,0,55,0,68,0,0,0,0,0,0,0,122,106,0,34,45,0,68,50,58,28,96,0,0,0,49,0,211,0,0,110,0,137,0,0,202,55,187,145,97,59,0,0,0,0,116,0,71,0,0,28,0,0,63,0,102,70,0,0,0,0,0,34,0,0,111,50,0,0,83,146,132,55,50,0,69,0,104,0,0,22,123,159,32,72,0,125,0,0,76,0,69,0,0,76,0,92,40,107,53,32,0,0,74,0,0,31,0,0,158,0,35,47,76,53,77,285,78,0,47,0,252,0,0,0,0,0,46,62,0,0,0,0,0,71,113,0,0,0,0,0,18,150,94,119,0,21,43,0,0,0,83,0,192,96,0,0,0,228,46,0,0,0,140,98,40,0,0,0,0,61,0,21,114,99,108,0,376,0,162,284,0,0,40,280,0,96,0,0,0,83,0,48,32,0,0,0,0,98,0,92,0,0,0,0,196,181,0,0,47,53,0,0,0,0,0,0,32,0,0,23,0,44,88,0,0,0,0,0,0,46,0,0,0,0,0,0,19,79,0,0,0,0,0,0,0,41,341,0,0,0,0,61,0,0,0,0,0,39,31,83,0,43,156,0,0,0,0,57,0,35,146,0,0,13,46,51,56,0,0,0,0,0,84,0,0,0,0,0,0,0,132,0,0,0,0,47,0,0,0,0,45,14,0,87,151,0,0,0,0,44,102,0,47,52,0,429,85,197,0,100,0,0,0,44,0,0,0,0,0,0,109,0,75,0,350,54,0,0,0,0,62,0,0,36,0,0,0,0,0,0,0,0,0,68,0,29,0,52,0,56,0,78,0,54,0,0,0,87,0,0,0,0,157,0,44,0,0,0,96,0,35,312,0,0,0,0,0,0,0,18,0,25,0,0,0,21,136,45,0,0,70,0,0,0,67,103,0,42,0,0,0,0,65,0,149,0,33,0,0,0,0,72,42,0,0,0,0,0,67,90,0,0,0,0,243,0,133,0,0,0,0,0,68,0,0,32,0,0,276,134,28,104,0,0,0,76,0,59,0,0,0,0,0,0,0,27,0,65,0,0,0,0,0,79,67,0,0,88,0,0,0,0,0,70,0,0,61,140,326,30,0,23,77,209,0,0,0,0,0,118,110,177,0,34,60,0,36,422,47,0,55,0,0,153,33,0,0,35,0,0,0,44,0,0,0,0,52,57,60,68,129,0,0,34,0,56,34,152,0,0,0,0,97,0,83,180,68,0,72,0,247,0,49,88,46,140,0,110,0,71,0,171,0,0,0,315,88,26,0,81,46,0,24,115,0,0,0,0,129,57,607,0,688,195,64,0,0,0,0,0,0,0,0,26,153,0,0,261,0,0,127,108,0,0,0,126,41,41,316,163,0,124,0,0,0,0,0,0,229,73,66,0,0,143,0,0,0,105,0,257,193,0,99,69,0,82,0,0,207,60,74,0,0,0,97,47,357,0,55,75,67,44,0,165,0,49,0,378,247,0,0,0,50,78,0,158,0,111,0,53,0,70,0,97,0,0,357,0,0,0,54,45,0,240,45,107,54,66,0,58,0,25,69,0,115,0,0,99,78,0,0,54,0,120,43,55,0,0,389,0,0,315,44,94,127,0,0,0,36,0,0,267,0,0,152,270,0,0,0,128,154,0,49,0,91,0,42,0,0,86,66,59,44,0,79,104,127,0,0,0,164,0,0,115,162,124,79,40,75,0,216,0,64,0,0,0,204,0,62,216,27,51,0,0,0,0,0,37,218,0,0,242,0,168,153,0,91,0,0,0,0,0,0,0,0,0,139,0,0,44,15,0,144,0,0,65,101,0,0,0,0,36,0,34,0,85,42,0,0,0,0,83,0,0,0,0,108,22,0,0,0,44,0,83,0,43,53,0,54,0,105,0,0,0,0,0,145,0,87,0,0,44,0,80,104,44,71,0,0,0,0,197,191,163,0,0,0,0,181,0,0,31,138,31,32,37,0,0,0,0,72,0,61,50,26,45,0,0,0,0,31,132,0,102,77,0,32,85,0,32,122,215,0,39,160,0,53,0,0,210,0,0,235,0,0,900,0,155,0,35,0,0,447,0,20,86,0,39,0,55,0,27,0,28,0,0,0,88,0,0,13,172,0,42,0,117,150,0,0,0,0,0,0,0,0,214,0,0,0,448,139,0,221,0,0,64,84,0,0,0,0,251,0,0,0,101,0,370,0,0,0,204,0,197,139,0,0,0,0,0,0,0,131,52,71,0,0,158,0,225,0,89,0,48,77,0,45,0,86,0,0,0,0,45,0,52,0,0,93,144,29,209,140,66,87,87,49,12,120,0,0,131,0,0,56,0,0,0,61,0,0,142,0,0,0,232,0,33,14,26,0,156,97,0,0,47,40,99,0,0,72,0,0,61,74,43,0,48,0,0,25,86,0,5,28,178,208,57,82,56,0,0,0,0,55,0,0,260,0,0,63,94,0,68,0,0,24,0,0,0,108,223,71,0,0,144,0,167,0,36,0,0,0,153,0,0,0,0,0,0,117,16,0,21,0,0,0,0,0,33,0,0,0,0,0,169,30,0,23,110,0,58,0,0,45,501,0,0,0,0,0,0,0,36,37,197,60,38,83,484,0,0,120,64,0,0,0,111,0,0,0,69,0,0,0,171,0,0,204,0,53,0,0,38,0,0,0,0,0,28,156,0,0,0,0,0,0,0,55,185,121,0,0,0,0,0,0,0,83,77,0,0,39,0,132,65,40,0,0,0,0,0,260,0,31,39,61,47,171,0,0,58,0,63,0,89,0,114,78,0,0,0,0,218,0,0,0,59,0,0,50,0,0,0,565,40,0,0,0,187,0,0,0,61,0,123,0,0,0,0,0,194,0,145,0,34,0,0,126,0,27,0,0,91,64,92,0,0,155,0,0,0,104,0,0,0,0,262,0,0,393,0,0,0,57,82,0,0,200,62,0,0,0,32,0,92,68,47,356,34,0,35,0,40,0,0,0,214,0,0,0,0,0,166,0,0,104,77,28,88,0,47,0,0,0,53,86,165,0,0,268,99,505,0,47,0,181,0,30,48,47,0,0,0,0,0,0,0,0,71,0,0,338,0,0,0,0,0,0,71,35,0,70,0,0,32,0,48,0,0,0,45,53,0,55,62,43,73,64,0,0,101,53,0,0,0,35,33,65,0,42,0,0,225,0,88,0,54,51,201,140,0,170,0,0,0,0,0,107,95,0,0,120,0,58,35,0,0,0,0,0,0,0,51,0,0,69,181,55,44,0,58,0,24,12,68,0,26,39,272,0,58,0,47,0,321,28,15,28,169,0,0,112,0,64,0,152,95,56,0,136,26,65,31,38,0,60,62,134,0,43,0,84,26,30,66,34,0,0,0,0,142,22,0,53,45,0,0,32,22,153,170,0,54,0,0,0,349,0,0,117,42,54,0,0,79,77,0,227,102,37,0,73,0,57,0,0,87,48,89,86,0,0,72,0,68,333,170,90,0,0,0,0,154,0,26,34,392,0,0,92,62,61,0,216,99,0,0,0,0,28,117,61,168,210,82,0,60,0,0,0,0,0,0,63,0,135,0,0,86,40,0,0,0,50,121,30,0,94,42,305,89,0,0,132,0,0,0,0,199,717,0,59,0,0,42,0,79,49,52,311,0,76,65,102,0,0,0,0,60,90,138,0,0,0,59,45,0,0,0,0,134,0,90,0,46,0,87,0,81,0,0,56,63,0,0,28,424,69,24,0,641,0,33,0,0,0,0,133,46,0,53,273,0,0,0,0,0,93,79,62,0,0,0,36,51,0,0,170,185,0,83,45,0,25,69,41,98,96,160,92,30,159,103,122,0,65,85,39,0,0,0,56,0,0,0,38,42,122,39,0,0,0,237,87,30,0,0,0,61,106,54,115,102,0,0,38,0,45,63,113,420,120,193,70,0,0,0,0,0,48,0,0,80,115,256,77,146,83,104,105,0,61,0,0,0,0,68,0,0,84,0,223,288,0,79,0,0,55,0,0,77,0,101,82,95,9,43,67,0,47,200,0,0,80,30,56,71,83,27,55,76,0,90,78,0,62,99,38,272,64,0,52,90,43,33,0,55,128,0,202,47,0,128,109,0,53,33,0,0,92,0,172,39,54,26,0,76,51,57,0,54,0,59,0,25,155,0,24,0,42,434,71,75,205,45,44,0,0,73,0,48,0,64,65,100,269,153,90,0,0,56,56,47,60,82,0,0,0,71,64,0,130,63,0,133,0,0,56,106,0,164,60,199,0,52,67,40,0,0,0,36,71,22,66,136,0,96,117,0,0,0,0,160,0,76,0,92,274,0,81,25,25,131,0,48,49,0,59,47,125,127,136,98,0,0,162,45,0,0,42,138,0,0,52,102,0,173,37,0,61,63,0,116,75,105,134,33,52,0,0,0,89,0,172,147,72,0,160,0,0,0,0,0,116,0,0,0,115,31,76,61,0,196,36,0,0,0,0,0,73,0,0,0,92,0,33,895,0,0,39,37,61,0,60,0,266,0,0,128,116,0,0,89,0,0,242,0,47,143,65,35,0,68,0,0,0,364,0,0,0,0,0,0,90,0,121,205,0,0,72,0,75,0,0,420,0,70,0,0,269,28,77,58,111,102,0,0,0,0,0,0,0,101,25,59,70,0,0,0,109,37,0,0,38,86,95,164,208,0,0,0,45,0,0,49,37,0,0,0,134,0,0,36,131,0,0,0,13,0,0,0,0,0,0,62,0,0,0,94,77,25,0,0,134,362,123,0,52,122,0,51,0,0,0,0,0,41,42,53,51,0,91,0,0,0,0,0,0,68,66,35,58,0,0,0,82,0,0,35,0,0,225,0,0,73,0,0,0,0,76,0,52,44,68,0,0,0,0,0,139,67,0,0,88,0,92,58,0,0,83,46,0,0,0,237,99,176,61,148,126,0,55,112,0,32,39,0,0,104,47,21,0,421,0,65,0,0,0,0,302,0,0,0,975,0,0,72,0,84,49,355,0,122,0,0,0,719,0,427,0,68,0,35,0,27,66,85,86,0,0,0,0,0,0,0,201,70,0,0,0,0,188,180,0,0,0,0,97,0,0,0,0,0,39,0,145,45,0,34,0,0,56,0,0,253,0,90,223,0,0,0,0,63,174,0,0,0,248,0,38,89,108,0,0,166,206,62,39,280,66,68,120,184,140,84,95,0,50,0,0,0,140,0,0,83,0,81,196,23,31,0,128,0,105,46,208,0,72,114,138,0,0,678,67,321,0,111,63,0,143,0,0,0,67,259,77,63,248,35,152,0,0,0,91,83,0,47,0,0,0,0,0,292,249,37,116,0,0,52,159,0,0,56,42,815,31,47,0,0,0,33,55,0,162,0,133,41,110,178,183,0,0,507,60,103,39,26,46,0,0,0,111,0,100,0,26,0,106,54,0,0,106,0,0,0,43,38,77,151,0,120,0,40,100,144,1014,49,126,28,76,180,42,76,0,100,77,0,0,170,93,62,106,0,0,0,98,29,0,246,231,0,78,77,0,99,36,166,57,143,0,0,0,60,64,138,293,0,435,153,0,143,0,0,51,0,0,101,38,578,0,0,37,203,0,0,174,51,0,52,0,66,42,117,41,92,212,76,0,459,0,229,0,66,0,110,0,0,0,0,0,173,28,0,63,0,78,135,30,33,159,50,139,67,65,0,39,96,0,0,240,93,0,0,45,172,0,53,0,69,50,0,52,72,75,0,0,120,0,0,476,61,33,68,0,105,0,244,0,0,0,0,0,0,0,29,162,0,0,117,172,0,52,0,0,38,108,111,0,0,204,684,0,0,44
311,0,0,0,0,42,48,0,0,59,0,159,32,0,0,0,184,251,0,37,0,224,0,0,67,92,0,0,0,0,0,0,31,0,39,100,125,0,0,152,76,33,42,0,162,0,0,0,223,0,215,0,103,71,0,108,19,0,0,21,0,67,0,299,0,36,42,0,0,67,163,0,41,0,0,142,45,0,232,0,0,0,0,83,139,42,0,0,42,54,112,94,56,0,69,0,0,0,0,0,0,0,0,0,0,0,0,0,84,67,465,0,0,120,72,53,0,42,0,38,121,0,247,0,0,0,0,74,57,41,61,0,270,0,50,0,133,66,0,0,141,42,208,274,0,0,0,0,0,84,0,0,58,0,55,106,0,0,0,150,104,49,0,84,30,134,0,0,135,70,106,167,0,46,0,0,0,0,121,44,69,294,0,49,0,0,0,94,177,0,0,0,46,0,134,0,64,0,0,68,0,74,196,31,757,0,0,0,50,0,61,121,58,11,0,0,61,0,0,0,122,60,36,0,241,0,0,133,194,0,40,0,0,0,0,0,0,71,167,36,30,30,51,30,58,0,138,0,105,0,35,93,231,79,168,23,0,0,0,0,212,100,0,35,32,46,0,224,252,248,24,0,116,196,44,81,61,0,294,366,47,0,34,80,31,41,0,129,720,0,0,0,53,0,0,72,0,0,0,0,0,0,102,0,0,116,322,250,0,0,0,57,82,0,0,0,74,66,0,0,0,0,0,50,143,0,53,82,0,0,123,0,0,124,151,29,0,0,0,47,0,97,7,41,49,28,25,0,0,1554,249,29,0,326,327,0,0,32,208,42,108,111,32,0,135,225,680,146,21,0,302,0,0,0,65,165,64,0,0,322,58,0,0,11,0,171,107,0,60,0,0,40,437,0,34,0,85,48,90,0,0,0,169,0,24,154,19,0,71,0,40,0,0,0,0,0,44,32,218,198,0,91,0,0,0,29,82,0,72,0,0,37,0,0,34,29,0,69,0,163,0,0,224,83,76,152,108,0,30,0,0,0,0,24,36,0,0,70,0,0,156,0,0,70,44,0,19,0,0,0,0,0,127,0,61,0,113,298,57,0,0,0,263,262,109,0,0,0,0,423,0,0,25,89,0,71,109,0,176,0,0,30,0,1022,0,119,32,205,0,0,34,0,0,0,27,35,64,43,0,81,46,27,181,115,89,0,48,0,346,0,76,0,0,0,115,131,0,0,0,0,0,61,48,0,27,0,157,23,0,71,31,48,0,88,0,0,0,0,56,0,308,361,0,45,49,172,0,0,0,0,152,241,0,0,0,0,0,164,0,0,0,145,0,0,448,33,0,43,44,42,0,124,0,0,0,0,0,31,0,18,0,0,69,121,49,113,0,71,32,0,0,22,159,247,147,0,57,0,0,20,0,40,0,20,0,0,0,0,0,213,122,0,0,0,0,0,0,55,19,0,0,0,233,0,0,56,0,28,0,139,183,0,0,52,417,0,0,68,0,109,117,0,46,0,0,0,0,36,27,65,91,0,181,21,91,0,69,30,73,0,0,0,58,34,129,0,42,28,86,0,78,23,80,0,0,0,63,0,170,0,0,0,0,75,160,68,0,40,92,137,0,59,71,0,0,0,0,0,147,40,232,0,129,703,78,185,96,0,0,0,64,20,0,0,0,0,0,0,84,107,170,47,1082,105,0,127,0,0,65,0,0,0,68,0,136,13,0,0,0,0,0,58,33,0,0,115,0,0,0,52,162,126,30,0,0,86,34,36,31,39,135,33,62,0,0,0,0,0,0,45,0,0,0,53,0,0,0,77,78,30,0,49,41,0,43,74,129,67,73,0,62,0,121,103,0,220,0,0,0,76,0,0,88,0,0,35,70,44,0,265,49,0,28,0,0,0,0,32,0,0,0,50,79,0,137,59,0,82,0,37,0,0,0,0,0,0,178,153,69,211,0,24,0,184,0,20,0,0,0,0,0,0,0,0,78,206,0,0,0,0,0,0,97,0,80,0,0,140,0,0,66,74,0,93,184,125,161,0,0,0,0,237,0,23,0,0,0,205,149,152,93,0,36,0,27,258,83,60,51,0,0,69,38,0,0,63,66,0,20,0,0,0,0,0,0,0,63,76,0,0,0,51,0,24,0,87,20,50,82,47,137,0,0,138,0,0,0,0,144,0,51,0,67,0,99,35,0,189,0,210,0,0,0,35,66,0,0,233,21,0,0,101,0,0,85,0,211,30,511,0,354,95,0,0,36,0,0,0,0,0,92,0,108,0,0,0,72,50,277,32,0,32,0,0,0,112,66,135,0,0,0,0,51,0,0,0,326,107,0,0,0,99,0,46,20,59,0,109,386,28,39,0,81,0,0,26,47,105,131,0,36,0,64,27,236,0,60,20,92,60,0,484,0,71,48,112,241,126,130,0,0,72,80,212,0,24,0,48,0,0,0,123,0,0,141,0,0,0,66,0,90,0,0,92,0,0,0,0,0,0,100,55,0,0,0,90,69,0,0,55,0,165,0,229,0,97,315,38,0,217,34,68,0,0,0,0,0,120,0,117,0,0,24,768,31,41,0,58,109,0,48,0,26,0,56,0,0,147,126,49,37,71,113,119,128,0,0,24,87,0,0,47,114,122,215,108,145,0,118,48,84,0,33,99,164,0,90,144,117,0,48,0,0,0,60,208,229,58,0,116,0,241,68,0,15,48,0,81,0,0,0,0,0,0,225,0,48,138,0,0,177,0,0,20,118,45,0,34,35,86,0,0,35,44,0,0,0,0,0,76,0,0,0,66,43,48,0,0,0,44,49,124,0,50,0,0,97,0,58,0,0,20,0,0,0,0,84,0,0,47,0,93,92,0,84,0,0,0,0,111,191,187,0,43,0,0,200,40,0,0,96,56,26,24,35,27,0,0,107,0,64,42,19,67,0,0,28,34,0,59,0,223,99,0,48,116,0,62,0,137,0,31,83,0,49,0,0,305,77,44,130,38,0,1847,54,172,0,88,42,0,335,0,0,63,0,82,0,66,0,0,0,0,74,0,42,225,0,0,0,197,0,0,0,231,60,78,0,0,52,52,24,0,0,127,0,0,0,1154,277,48,356,58,42,93,210,59,0,43,0,317,40,51,60,60,0,296,0,70,58,345,0,124,179,0,128,0,0,39,0,0,257,29,0,93,120,46,0,189,0,141,15,80,191,0,49,157,94,0,68,45,0,53,137,0,40,0,0,226,0,271,234,72,143,209,72,56,148,34,0,354,0,0,118,0,38,0,200,0,52,170,70,36,0,84,56,49,37,61,0,179,87,0,9,64,74,118,0,0,0,99,0,155,107,0,297,74,0,0,0,113,32,0,0,328,154,157,98,33,0,24,0,0,153,0,167,361,0,0,0,193,0,27,0,0,0,58,0,0,62,158,45,0,0,0,70,96,0,72,0,0,0,233,0,0,0,0,0,0,60,0,0,0,0,0,0,73,15,0,0,166,45,0,0,109,199,39,0,192,62,45,0,47,56,241,0,129,0,28,66,0,0,22,0,67,65,0,56,236,0,0,88,45,0,0,0,169,0,0,0,0,0,0,0,108,0,0,569,0,64,50,0,0,79,0,0,0,76,0,148,0,37,0,0,0,53,0,27,127,81,83,0,0,0,26,0,0,67,0,45,0,0,55,103,0,64,50,0,35,66,0,147,59,91,0,0,0,55,0,0,70,74,0,74,79,0,82,152,0,0,27,62,87,0,0,0,56,68,0,55,0,0,42,470,57,46,0,0,293,0,0,0,108,0,54,0,73,0,0,0,278,0,183,79,0,0,0,68,94,0,54,0,101,0,57,0,23,88,0,0,0,36,0,0,0,102,148,0,0,228,0,0,0,58,139,0,39,90,87,17,0,0,0,39,65,33,22,571,86,31,59,0,0,47,0,85,238,0,0,50,0,33,111,0,0,44,97,31,260,0,0,0,0,140,0,77,132,26,0,215,44,289,0,0,0,56,0,42,0,0,0,0,34,0,0,0,35,0,83,0,0,76,0,52,0,0,0,0,36,117,0,456,0,21,0,15,0,0,101,0,290,61,28,101,0,0,0,0,137,0,49,38,0,0,0,0,113,0,0,116,0,0,0,0,0,34,45,69,61,188,55,43,84,0,0,0,0,26,173,0,46,177,0,0,0,0,0,0,0,97,33,0,0,54,132,0,261,34,94,84,0,42,0,0,0,0,0,57,274,46,0,0,0,27,81,63,93,0,91,0,397,69,0,0,51,257,112,0,16,46,57,0,0,37,0,23,94,153,0,0,0,57,128,0,0,234,126,0,0,0,190,0,0,0,70,0,0,0,0,201,269,68,0,117,0,0,47,38,59,462,49,0,0,0,0,0,0,403,64,64,0,0,25,0,0,0,335,0,108,172,70,0,29,67,0,719,0,42,0,64,31,124,91,0,0,52,53,0,0,260,0,260,0,56,0,69,30,0,34,87,81,71,142,284,0,0,76,0,26,0,76,0,0,117,0,47,0,52,0,0,0,0,0,0,69,0,35,152,0,110,27,0,61,288,0,0,0,0,352,177,0,42,0,0,0,0,0,66,155,104,89,160,268,192,0,0,0,28,64,0,251,0,0,0,0,155,103,41,0,0,192,0,147,0,194,0,0,0,0,0,0,105,41,0,20,0,95,84,52,0,226,0,0,17,0,0,0,189,0,48,154,398,0,0,94,0,37,58,65,0,39,49,118,0,130,37,0,91,135,0,42,0,15,0,0,0,50,70,140,0,33,330,0,111,15,0,0,57,0,0,18,79,0,0,34,0,63,63,0,0,0,0,101,0,0,0,0,0,0,58,0,138,42,0,0,67,0,22,42,20,497,119,162,62,0,0,0,0,22,0,0,0,0,100,236,0,74,92,43,86,0,0,0,0,0,0,92,0,0,0,0,344,109,0,0,88,0,0,0,0,0,0,0,28,85,0,53,91,0,56,35,0,109,69,0,67,25,0,0,0,72,0,0,0,0,47,27,39,0,34,0,33,0,61,0,0,0,30,0,163,0,0,60,70,0,0,50,0,0,276,0,59,0,0,38,0,0,63,0,0,70,0,67,0,0,32,0,0,0,31,392,0,0,41,0,0,0,0,93,0,0,0,0,71,74,45,40,66,0,0,0,42,0,51,95,0,0,0,0,89,0,170,0,20,59,0,0,0,59,0,104,45,138,0,0,74,0,0,0,0,27,132,18,0,110,41,107,61,0,0,0,0,195,0,101,30,87,0,29,77,42,16,121,0,67,31,0,56,0,89,121,98,73,0,0,72,39,0,0,25,42,0,0,65,92,37,187,25,0,0,70,0,76,103,0,255,40,0,0,0,0,31,0,165,0,162,0,0,0,0,33,0,98,0,0,0,0,41,32,17,47,0,55,56,0,0,0,0,0,0,0,0,0,0,0,27,409,0,0,130,44,0,0,0,0,86,0,0,83,48,0,0,0,0,0,138,0,179,84,0,0,47,0,0,0,0,111,0,0,0,0,140,0,0,0,0,236,0,0,39,0,41,0,0,336,0,0,0,0,345,0,182,59,0,154,0,0,0,0,0,0,0,21,0,618,0,34,0,0,0,0,0,40,0,28,53,0,48,0,0,0,55,0,0,46,27,0,0,29,67,43,96,0,60,0,0,87,0,0,108,261,0,27,0,0,0,0,0,0,29,46,0,0,0,771,57,0,0,97,0,0,22,50,193,0,64,0,0,0,37,0,0,0,0,43,0,0,0,0,0,55,0,58,0,0,0,20,107,72,0,0,85,0,0,0,0,0,42,0,173,83,111,0,67,0,0,0,0,99,161,36,0,0,0,0,94,57,48,0,65,0,48,0,0,479,23,69,0,26,83,111,71,0,0,0,0,0,59,27,73,0,0,84,36,0,0,0,0,0,210,0,0,0,460,0,0,276,37,46,63,211,0,105,58,0,0,612,23,335,55,61,0,0,97,0,0,48,0,0,43,0,0,0,41,0,86,86,0,67,0,111,93,0,0,60,79,0,86,0,0,0,0,40,0,0,0,280,0,53,0,0,0,0,0,103,0,0,58,0,0,0,0,81,186,0,0,50,27,0,0,54,74,0,0,25,143,0,0,208,0,34,133,75,0,0,29,0,41,21,0,0,49,0,0,78,0,0,75,0,0,0,0,19,60,39,115,0,96,141,98,0,0,167,106,147,0,45,0,0,23,0,0,29,24,254,119,0,81,108,81,0,21,0,26,55,0,0,0,45,0,0,0,210,155,0,0,0,0,40,100,0,0,79,18,227,76,27,0,0,0,0,30,0,0,0,96,0,43,98,311,32,0,318,0,0,0,0,0,0,0,0,198,0,70,0,47,0,107,44,0,0,0,0,33,0,54,0,27,115,0,0,0,0,0,0,1301,0,75,0,182,129,0,87,0,60,0,32,20,107,41,50,123,0,0,0,0,0,0,99,0,0,67,0,42,0,0,52,0,99,0,56,0,0,0,0,159,0,957,61,0,212,0,0,29,0,0,52,0,336,0,0,0,110,17,0,62,0,0,0,0,48,0,53,76,0,0,0,0,64,0,183,0,193,0,124,44,0,0,132,0,29,0,0,101,26,0,141,0,0,192,0,214,0,64,0,0,49,0,0,376,181,0,0,25,0,0,45,0,37,0,0,0,0,0,34,0,122,0,0,186,0,0,98,0,0,0,143,0,0,0,0,0,0,0,59,0,0,0,102,242,0,62,60,0,0,31,0,0,0,123,213,0,0,0
312,0,0,0,0,0,0,0,0,0,0,0,0,0,0,0,0,0,0,0,0,0,0,0,0,0,0,0,0,0,0,0,0,0,0,0,0,0,0,0,0,0,0,0,0,0,0,0,72,0,21,0,0,0,0,43,0,0,0,0,0,0,0,26,0,0,0,0,0,0,51,0,0,0,0,0,0,0,81,0,0,0,0,0,0,0,0,0,0,0,81,0,0,0,0,0,0,0,0,0,0,0,0,0,0,0,0,0,33,0,0,0,0,46,0,0,0,0,0,0,0,0,63,0,0,0,0,0,0,0,25,0,82,0,0,0,0,0,0,0,0,0,0,270,0,0,0,0,0,0,0,0,0,0,0,0,0,0,0,0,43,0,0,0,0,0,0,0,0,0,0,0,0,0,0,0,0,0,0,0,0,48,0,0,0,0,0,0,0,0,0,0,0,0,0,0,0,0,0,0,0,0,0,0,0,0,0,0,0,0,0,0,0,0,0,0,0,0,0,0,0,0,0,0,79,0,0,0,0,0,0,0,0,0,0,0,0,0,0,0,0,0,0,0,0,0,0,0,0,0,0,0,58,0,0,0,0,0,0,0,0,0,0,0,0,0,0,0,0,0,0,0,0,76,0,0,0,0,91,0,0,0,0,0,0,0,0,0,74,31,0,0,0,0,0,0,0,0,0,0,0,0,0,0,0,0,0,71,0,0,0,175,39,0,0,30,0,0,0,0,0,0,0,0,46,0,0,51,0,0,153,0,0,0,0,0,0,0,0,0,0,0,0,63,0,0,0,0,0,71,75,0,0,0,41,0,0,23,0,32,0,0,0,0,0,65,162,0,0,0,0,48,0,0,0,0,0,0,0,0,0,0,0,0,46,201,0,29,0,0,0,0,110,0,0,0,347,0,0,0,0,0,0,0,0,0,0,0,0,0,0,0,0,0,0,0,0,0,0,0,0,0,0,0,0,0,0,0,0,0,0,0,0,0,41,0,0,0,0,0,0,0,0,0,0,0,196,54,0,0,0,0,123,0,0,0,0,0,0,0,0,0,111,0,0,0,0,0,0,0,0,0,157,46,15,0,38,52,0,40,0,0,0,36,0,0,0,0,0,0,61,0,0,26,0,0,0,45,0,0,0,0,0,62,0,0,48,0,0,0,0,0,0,0,0,0,0,0,0,0,0,0,0,0,0,0,0,0,0,0,0,0,0,0,0,0,0,0,0,0,0,0,108,0,0,0,0,0,34,0,0,0,0,0,0,0,0,36,0,0,0,0,0,0,0,57,0,0,0,0,0,29,0,0,0,0,0,61,0,0,0,0,103,0,0,0,216,66,36,0,0,83,0,0,0,0,0,0,0,0,0,0,0,0,0,41,0,0,0,0,0,0,111,158,0,0,20,0,0,0,0,0,0,0,0,0,0,0,0,0,46,0,0,0,0,0,27,0,0,0,0,0,38,0,0,76,0,0,0,70,0,0,0,0,0,0,0,0,0,0,0,0,0,0,0,35,34,0,0,17,0,0,0,0,0,0,42,0,94,0,0,0,0,0,43,0,0,0,0,0,35,0,0,0,0,0,0,0,45,0,0,0,0,0,0,0,0,0,0,0,0,156,0,0,0,0,0,0,0,0,0,0,0,212,0,51,0,0,0,0,59,0,0,0,0,0,0,0,182,0,0,33,116,25,0,0,0,0,0,0,0,0,0,0,0,0,0,18,0,0,0,0,0,0,0,13,0,0,0,0,48,0,0,0,0,52,0,0,0,0,34,0,28,0,0,0,0,0,0,0,0,0,0,0,0,0,0,0,0,0,0,0,0,0,72,0,41,0,0,0,0,0,0,0,0,0,0,0,0,0,0,0,0,0,0,0,0,0,0,0,149,0,0,0,0,0,0,0,0,0,0,0,64,0,85,0,0,41,0,0,0,0,0,0,0,0,67,0,0,71,0,0,0,48,0,0,0,0,0,0,0,0,0,0,41,0,0,0,0,0,0,0,40,0,0,0,0,47,0,0,0,0,0,60,0,0,0,0,0,0,0,74,0,0,0,0,0,0,21,0,61,0,32,0,0,138,0,0,0,0,0,53,22,0,0,0,0,0,0,0,0,0,0,0,0,0,0,0,0,0,0,0,0,42,0,0,0,0,0,0,0,0,0,0,0,0,0,0,96,0,0,41,0,0,0,0,0,53,29,0,0,0,0,0,0,0,0,0,0,0,0,117,0,0,0,0,146,0,0,0,72,28,0,0,0,0,0,0,0,26,0,0,0,0,0,0,0,0,47,22,0,0,0,0,0,31,296,130,0,0,0,0,37,0,0,0,0,0,0,0,0,0,0,0,0,0,0,70,246,38,40,0,0,0,0,0,0,0,0,0,0,0,0,0,36,0,0,0,0,0,0,0,0,0,39,59,99,0,0,0,0,0,0,0,0,0,0,0,0,0,0,31,0,0,115,0,0,0,0,0,0,91,0,0,0,0,0,0,0,0,0,0,0,0,0,0,0,0,0,0,0,23,0,46,0,0,0,0,0,52,0,0,0,0,0,0,0,0,0,81,0,0,0,107,0,0,0,0,0,0,0,0,0,0,0,0,0,34,0,0,0,0,43,0,0,0,0,0,35,0,0,35,70,106,53,0,0,0,70,0,0,0,0,0,40,0,0,0,0,0,0,0,0,0,0,0,99,0,0,0,0,61,0,0,126,0,0,0,0,0,0,0,0,0,0,0,0,30,0,0,49,0,0,0,68,0,0,48,0,0,0,0,0,0,0,0,0,0,0,0,0,0,0,35,0,0,0,0,0,0,0,61,0,0,30,0,0,0,16,0,0,0,0,0,34,0,41,0,0,0,0,0,60,0,32,0,0,0,0,58,126,0,0,0,0,0,113,0,46,0,85,0,0,0,0,0,0,0,0,0,0,0,0,28,0,0,0,23,0,0,0,63,0,0,0,31,0,0,0,108,0,0,33,0,57,0,0,223,107,0,115,0,0,989,0,25,0,0,0,0,157,0,0,0,0,0,0,0,65,0,0,0,0,0,0,49,0,0,0,0,0,0,0,0,0,0,0,0,0,0,0,0,0,0,0,0,0,427,97,0,112,0,0,53,71,0,0,52,0,44,0,0,0,0,0,32,0,72,0,133,0,90,65,0,174,0,0,0,0,0,128,16,0,0,0,65,0,74,0,41,0,0,33,0,0,0,31,0,62,0,0,47,0,0,0,0,0,23,0,144,44,0,0,71,0,0,86,0,0,104,0,0,121,0,0,0,31,0,37,97,0,0,0,0,0,0,0,0,0,112,0,0,0,54,34,4,0,0,0,67,0,40,47,0,103,0,0,0,0,114,0,0,0,120,63,0,10,0,0,0,0,0,52,0,0,192,0,0,0,0,0,0,51,0,0,0,0,0,0,41,0,0,0,0,29,61,14,0,0,0,0,117,0,0,0,46,55,0,0,0,0,0,0,0,0,33,0,97,0,0,100,0,0,43,53,0,0,35,0,45,0,0,0,53,0,66,0,0,0,0,0,0,0,0,0,0,62,84,0,0,0,0,0,0,78,81,0,0,0,0,0,0,0,34,0,0,229,0,0,16,29,0,0,0,0,17,0,0,102,0,0,0,0,0,0,0,0,0,0,36,0,0,0,0,22,0,0,35,37,21,0,0,141,0,40,0,0,0,0,0,38,0,0,0,0,0,0,0,0,0,0,24,0,0,0,48,52,40,0,0,65,148,0,0,0,0,20,0,0,0,0,0,53,0,0,0,0,152,0,70,0,87,0,0,0,296,0,0,0,118,0,0,0,0,0,0,0,35,0,0,0,33,0,0,0,58,75,0,0,0,0,0,0,0,48,50,0,0,155,0,0,0,0,0,0,54,0,0,0,0,0,0,0,82,0,41,182,0,0,0,0,0,0,0,33,74,0,0,0,0,0,0,0,0,0,0,0,29,0,0,0,0,159,0,0,0,0,0,70,0,0,0,0,0,0,0,65,0,0,32,0,0,0,37,0,0,0,0,0,0,104,0,0,0,0,0,0,0,74,0,360,0,63,0,0,0,0,0,0,155,0,0,70,0,0,36,0,44,0,142,57,0,0,0,44,0,0,24,94,0,0,215,0,65,0,0,0,122,102,0,77,0,0,20,0,0,109,152,0,52,67,0,36,0,0,0,0,0,0,24,0,22,39,0,102,0,48,0,13,0,0,0,0,85,0,0,43,241,0,0,0,0,48,382,52,0,45,58,0,70,39,0,0,0,64,85,26,0,0,0,47,0,0,0,0,0,48,0,0,0,75,0,60,138,66,0,0,0,52,93,0,0,96,87,0,0,0,0,54,0,0,50,78,0,0,557,0,0,0,0,0,0,0,54,50,0,125,0,52,0,56,22,0,0,0,0,0,67,0,0,0,55,49,104,285,21,64,0,0,0,84,203,0,41,56,54,0,0,56,0,138,0,152,64,0,0,0,0,0,147,67,114,0,0,0,0,0,0,0,52,0,0,0,0,106,0,0,0,0,0,0,0,0,71,0,0,142,0,104,101,0,0,298,0,0,0,0,111,229,0,0,0,0,0,0,151,88,68,123,0,0,22,71,0,18,0,0,92,82,153,0,0,0,75,44,0,0,0,0,0,0,115,0,58,0,0,0,46,0,0,0,72,0,0,0,0,42,48,0,253,0,0,0,0,0,0,121,46,47,17,388,0,0,0,0,0,28,0,0,0,0,67,0,0,38,0,0,127,0,54,0,0,0,0,24,156,0,48,0,0,232,95,0,56,33,0,0,0,30,0,0,0,0,0,0,0,0,38,0,23,0,102,57,0,0,0,0,0,0,0,0,67,0,0,42,0,36,0,0,65,217,0,114,0,0,0,0,44,0,0,0,0,0,164,0,189,0,0,61,0,29,0,0,0,0,30,0,0,61,0,0,0,0,0,90,0,56,0,0,0,0,84,0,267,0,40,0,0,161,21,0,117,0,0,0,0,138,0,0,0,0,0,0,0,0,190,0,223,60,0,0,48,0,0,0,127,89,0,136,0,0,71,0,0,0,32,0,0,273,0,0,0,0,69,0,0,100,0,0,0,0,24,0,25,74,0,88,0,0,0,0,83,197,0,51,0,0,37,0,0,0,0,41,0,0,55,61,0,0,29,0,83,68,0,0,0,81,0,0,0,0,0,0,0,0,0,55,0,0,42,25,80,0,0,0,0,0,0,0,0,60,16,32,25,0,221,186,17,0,0,20,0,0,77,75,0,55,0,91,32,89,117,0,59,0,0,46,85,59,0,82,0,0,0,56,98,0,0,0,83,0,0,0,42,0,387,0,0,0,0,21,0,144,0,29,0,99,16,0,0,87,0,153,284,91,0,199,0,0,0,31,49,32,0,0,0,47,71,35,40,0,116,53,0,0,0,0,0,0,0,0,0,0,0,0,424,0,0,204,0,36,0,0,0,131,80,0,127,66,0,0,64,0,0,0,0,103,0,0,0,0,38,0,0,0,68,0,0,0,0,112,0,40,0,60,33,0,0,0,24,47,0,0,56,0,0,0,0,133,0,0,74,33,107,0,0,0,0,0,0,0,0,0,301,113,0,0,0,57,0,0,0,37,46,0,52,115,34,0,0,0,0,0,46,0,0,0,0,88,0,0,0,0,0,0,0,0,0,0,0,0,41,0,133,0,0,0,0,47,0,0,0,67,256,41,0,0,42,0,27,0,0,0,0,0,34,0,25,0,26,113,0,0,0,0,24,0,32,0,0,0,0,68,0,51,46,30,74,0,0,67,0,35,47,0,33,0,0,183,0,0,0,0,0,0,0,0,31,0,68,0,0,0,0,84,0,0,45,44,32,54,0,0,144,42,165,0,44,28,90,34,133,0,42,0,0,101,0,33,0,0,255,0,62,0,0,0,0,154,0,0,0,132,0,0,0,96,0,17,75,0,0,218,0,0,376,0,251,0,164,0,0,179,0,0,38,65,34,0,0,0,0,0,0,32,45,0,0,0,34,148,84,0,0,0,0,99,0,0,14,0,0,0,0,0,0,0,0,0,0,71,0,0,166,0,69,59,0,0,0,0,97,76,0,45,42,28,0,0,0,126,0,0,0,102,0,0,158,0,45,13,78,53,0,0,0,0,0,0,0,66,0,38,26,0,0,57,0,0,0,80,0,66,41,41,0,0,55,0,0,0,108,0,0,0,25,0,0,0,0,0,0,0,171,0,0,140,0,108,0,0,0,0,24,41,0,0,0,20,0,0,36,133,0,35,0,0,123,0,0,0,0,0,0,0,20,0,0,0,50,40,52,0,0,51,0,0,116,69,0,0,343,0,0,0,0,17,32,0,0,120,0,0,0,25,0,47,0,0,0,0,0,0,13,48,0,0,80,0,0,0,59,77,209,397,39,0,44,70,43,56,85,34,0,0,103,0,0,67,71,92,0,63,0,45,97,0,50,0,0,25,0,92,163,0,74,32,0,39,0,0,0,29,0,92,0,59,109,0,218,0,0,20,0,0,0,0,122,0,0,0,88,0,0,83,0,0,0,0,44,0,50,32,138,342,0,0,69,0,171,0,27,0,39,0,0,0,95,0,70,0,0,39,0,35,140,0,0,116,10,99,374,0,0,0,0,0,0,755,0,0,0,0,21,0,0,0,0,0,0,86,0,35,0,0,35,0,0,106,0,0,0,0,51,0,0,0,0,0,0,0,0,0,0,132,0,43,0,0,0,39,0,0,0,0,0,0,0,102,174,0,0,0
313,0,0,0,0,0,0,0,0,69,0,129,0,0,0,0,58,0,0,0,0,152,0,0,0,24,0,0,0,0,0,0,26,0,0,82,75,0,63,153,0,0,0,0,94,0,0,0,224,0,38,0,0,31,0,155,0,0,0,0,0,43,0,65,0,0,0,0,0,0,102,0,0,0,0,38,0,0,81,0,0,0,0,78,30,0,0,0,0,0,194,0,25,0,0,0,0,0,23,0,0,0,0,0,0,0,0,0,41,0,94,0,19,37,0,0,0,46,0,0,0,0,140,0,0,0,0,0,0,0,0,0,56,0,0,0,122,0,0,0,0,0,33,57,0,0,0,0,0,0,0,0,0,0,120,41,0,50,0,0,139,0,0,0,0,57,0,0,0,0,0,45,0,29,0,0,0,0,136,31,0,45,0,0,0,0,0,144,49,0,0,0,0,0,43,0,0,0,0,67,0,48,23,0,115,0,0,0,0,0,0,0,0,0,0,0,0,0,0,0,52,0,0,0,72,0,0,51,130,0,0,0,0,0,0,0,0,0,49,0,0,0,0,0,0,0,0,0,0,0,32,0,78,0,60,0,50,0,0,0,162,29,0,0,0,0,0,60,41,111,0,0,32,0,0,0,0,0,338,80,66,0,0,38,0,0,0,0,0,0,0,0,96,0,0,34,0,0,0,0,0,0,0,0,0,45,0,59,0,0,0,129,0,0,0,0,0,63,65,0,0,0,0,0,0,52,0,0,0,0,55,0,0,37,0,0,0,0,0,0,0,0,12,0,0,0,0,0,0,414,0,0,0,0,92,0,0,0,66,31,0,32,43,0,53,51,115,29,0,0,59,0,0,0,0,0,57,0,0,104,0,0,0,0,0,78,0,24,0,0,0,0,191,0,0,0,36,0,70,63,0,0,49,0,0,50,0,0,0,0,0,0,0,0,0,0,30,0,0,43,0,0,0,0,0,0,0,0,90,0,0,0,0,0,0,0,0,0,0,73,0,0,200,0,0,0,51,0,0,0,0,0,0,0,31,0,0,0,0,0,152,0,53,0,0,0,0,0,0,0,0,0,109,0,0,0,0,104,53,0,51,0,52,38,0,0,0,0,0,52,0,0,0,0,0,0,70,0,132,0,0,37,0,242,0,0,57,0,0,0,0,0,0,0,0,0,87,29,0,51,52,0,117,96,0,0,0,0,13,0,0,0,0,0,0,0,0,0,0,28,0,78,51,0,0,0,40,0,0,48,44,38,0,0,0,0,0,0,0,0,0,0,0,0,0,73,0,0,0,0,53,33,0,0,0,0,0,0,0,29,57,43,0,0,0,0,0,163,0,0,0,211,0,19,0,0,0,39,0,0,0,0,0,0,0,69,0,52,0,0,0,0,37,0,87,0,0,87,0,0,0,0,0,0,46,0,0,0,0,0,24,0,0,0,0,0,0,0,0,0,0,0,111,0,0,66,0,0,0,150,31,0,0,0,172,0,0,0,16,0,0,32,0,0,0,76,0,0,0,19,76,0,0,0,49,0,0,0,69,0,0,0,0,0,0,0,0,0,38,0,0,0,0,0,0,0,35,0,0,0,0,0,0,0,60,0,0,0,0,0,0,0,118,0,0,0,0,0,0,0,0,47,0,65,108,0,0,0,0,0,35,0,0,0,46,0,0,0,29,0,0,0,40,0,0,70,0,0,0,0,0,0,0,0,0,0,0,0,0,0,0,0,0,0,0,0,0,0,0,82,117,0,37,0,0,51,0,0,0,0,0,0,31,0,0,0,0,45,0,62,0,0,0,0,0,0,0,0,0,0,0,0,0,0,0,0,50,48,39,0,0,0,62,77,0,0,0,0,0,0,0,0,52,0,0,0,0,0,0,62,0,0,0,0,0,0,8,0,0,0,0,0,202,0,60,0,0,67,0,0,38,0,80,0,0,0,126,0,0,46,0,0,0,52,0,0,0,0,0,0,0,0,0,0,148,31,32,0,0,0,0,0,0,0,0,0,0,92,0,0,23,46,0,0,0,0,0,0,0,0,0,116,0,0,0,0,0,47,75,69,0,0,29,0,0,54,0,0,0,0,0,47,0,0,0,0,37,0,0,0,0,0,0,0,0,0,0,33,82,0,0,0,0,58,0,54,0,0,0,0,0,0,40,0,0,0,48,0,0,0,0,0,0,0,56,56,0,0,0,104,0,0,0,35,23,0,0,0,0,0,0,0,0,0,0,0,158,0,124,0,296,0,0,0,0,0,0,0,0,0,0,0,48,0,0,176,0,0,55,0,0,0,0,67,0,0,295,0,0,67,0,0,0,0,0,0,102,0,47,0,0,0,0,0,0,0,0,67,279,28,87,0,0,0,0,0,109,67,0,0,36,0,0,0,113,0,0,42,42,56,0,57,0,0,21,39,103,70,62,0,34,0,16,85,0,0,0,0,0,0,0,0,0,0,85,0,0,0,0,16,0,77,0,0,0,0,0,0,0,0,0,0,0,0,0,0,32,0,0,0,0,0,32,92,0,0,154,0,0,40,0,0,33,0,0,0,0,39,0,65,0,0,23,151,0,0,0,0,31,0,0,0,0,0,0,0,0,147,0,0,0,0,66,0,0,0,0,0,57,0,0,27,25,54,0,0,0,0,75,0,0,0,0,25,83,0,0,62,41,0,31,0,0,0,0,78,86,0,0,0,0,79,78,0,87,0,0,0,0,0,0,0,0,0,0,0,0,0,0,0,125,0,0,22,0,0,0,19,0,0,41,0,0,0,0,0,0,0,0,24,0,0,0,46,0,0,0,0,0,51,0,0,0,0,0,0,0,0,0,0,0,0,30,0,0,0,0,0,0,19,0,28,0,0,0,0,0,0,0,0,39,45,0,0,0,0,0,0,0,0,0,0,0,0,0,0,0,0,24,0,0,0,0,0,0,0,0,0,0,0,0,93,0,0,0,0,0,0,94,0,0,0,0,0,0,0,0,22,0,0,0,0,0,213,0,0,0,0,22,0,154,0,0,0,0,0,0,0,0,0,0,0,0,0,0,0,0,0,0,76,0,34,0,0,0,0,0,0,0,0,0,0,0,0,0,0,0,288,0,0,0,0,0,0,50,0,0,0,0,149,0,0,0,0,0,45,0,45,18,61,0,82,0,0,14,0,0,0,0,0,0,0,0,0,0,63,0,38,0,0,0,0,0,0,0,0,0,0,56,0,0,0,0,50,69,0,0,43,0,94,0,0,0,0,0,0,27,0,0,67,0,0,0,0,0,0,59,0,0,0,0,0,0,48,0,0,32,0,0,0,17,0,0,0,0,0,0,0,0,0,0,28,0,0,0,0,0,0,0,34,0,0,0,0,0,0,0,0,0,0,0,0,23,0,0,0,0,0,0,0,0,0,0,0,0,0,0,0,0,0,0,0,0,0,0,70,0,0,0,0,0,0,0,0,0,0,0,0,76,0,0,0,0,0,0,42,0,0,0,0,0,0,0,110,0,0,0,0,0,0,0,0,0,102,0,0,0,0,0,0,0,0,0,0,50,0,33,206,0,0,42,0,0,0,0,0,0,0,0,0,0,0,0,95,0,0,0,0,0,0,0,0,0,0,0,0,0,0,0,0,0,0,0,0,0,0,0,69,0,0,0,0,0,0,0,0,43,0,0,0,0,0,92,0,0,0,0,0,0,0,0,47,0,0,0,0,50,0,0,0,0,0,0,31,0,58,0,0,0,0,0,117,0,0,0,0,37,0,59,0,0,0,159,0,0,0,0,0,0,13,0,73,0,0,0,86,0,0,0,48,0,69,0,0,0,0,35,0,0,0,0,0,0,34,0,0,0,0,0,0,0,0,0,0,0,59,0,0,135,0,0,0,21,0,0,12,0,0,0,0,0,0,0,40,0,0,63,0,0,0,0,0,0,0,0,104,0,0,0,0,0,0,0,0,0,0,0,0,0,0,0,0,0,0,49,0,0,0,29,0,0,0,0,0,0,0,0,0,0,0,0,0,0,0,0,0,0,0,0,0,29,21,0,0,0,0,0,0,0,0,64,0,0,0,0,0,0,0,0,19,38,0,0,0,0,0,0,0,0,33,0,0,0,0,0,0,0,0,0,0,0,0,0,0,0,0,0,35,0,0,29,0,0,0,0,0,62,56,0,0,0,0,23,0,0,0,0,0,0,0,0,0,0,0,45,0,0,0,0,0,0,0,0,56,0,0,0,55,0,56,0,0,0,209,0,0,0,0,0,36,0,0,0,0,0,0,0,0,42,0,0,0,0,0,0,0,0,0,0,0,0,0,0,0,0,0,0,0,0,40,0,0,0,0,0,0,0,0,0,0,0,0,0,0,0,216,0,0,40,0,0,0,0,0,0,0,0,0,0,0,0,0,0,0,0,0,0,0,0,0,28,42,0,0,49,0,23,0,0,0,0,47,0,0,0,251,0,0,0,0,0,0,41,0,0,0,0,0,0,0,0,0,0,0,0,0,0,0,0,24,0,0,0,0,0,0,0,0,0,0,0,0,0,22,33,0,0,0,0,0,0,0,0,0,0,0,0,0,0,0,0,0,0,0,0,23,0,0,36,0,0,0,0,0,0,0,0,41,0,40,0,0,0,0,0,0,0,0,0,26,0,0,0,0,0,0,0,0,0,0,0,0,0,0,0,0,0,0,0,0,0,0,0,0,0,0,0,52,0,0,48,0,0,0,0,0,0,0,0,0,0,0,0,0,13,0,0,0,0,0,0,0,0,26,0,66,0,61,0,0,53,20,0,0,0,0,0,0,0,0,0,0,0,0,0,0,0,0,0,0,0,62,0,0,0,0,0,0,38,0,0,78,0,0,0,0,0,0,0,135,69,63,39,0,0,0,0,0,0,0,0,0,0,37,0,70,0,0,0,0,0,0,0,0,0,0,0,0,0,0,0,36,0,32,0,0,0,0,0,0,0,0,0,49,0,0,0,0,99,0,0,0,0,0,0,0,32,0,0,0,0,0,0,0,0,0,0,106,0,0,0,0,0,0,0,29,63,2,58,0,0,0,0,0,0,0,0,0,55,0,0,0,0,0,0,0,53,0,0,0,0,0,0,0,0,0,0,0,0,135,0,0,0,0,0,0,0,49,0,0,0,0,0,0,0,0,0,0,0,0,0,0,0,0,0,0,0,0,0,0,0,0,0,53,0,0,0,0,0,16,0,0,0,0,0,0,0,0,0,0,0,0,0,58,0,51,46,0,0,0,0,0,0,0,0,0,59,0,0,30,0,11,0,0,0,0,0,0,0,84,0,35,0,0,0,0,0,0,0,22,0,0,0,0,0,87,0,0,0,0,0,0,83,0,72,0,24,0,0,0,0,0,0,45,32,0,0,0,0,46,0,0,0,0,0,0,64,0,0,0,0,0,0,0,0,0,0,0,32,0,0,0,0,0,0,121,0,0,38,0,0,0,26,0,38,0,0,0,37,0,0,0,0,0,0,0,0,0,0,0,0,0,0,0,0,77,0,0,0,0,43,0,49,0,0,66,0,0,0,0,0,0,0,0,0,0,0,0,0,0,0,0,0,0,0,0,0,0,0,0,0,0,0,0,45,0,0,0,0,0,0,0,0,0,41,0,0,0,0,0,0,0,0,35,0,0,0,0,64,0,0,0,83,0,0,0,0,0,0,0,0,0,0,0,0,0,0,0,0,0,0,0,0,43,0,0,0,27,0,0,0,0,72,0,0,0,0,0,0,0,0,0,0,0,0,0,0,0,0,0,0,0,0,0,0,0,39,0,0,0,0,0,0,0,0,0,0,0,0,0,0,0,0,0,0,0,0,0,72,0,0,0,69,0,61,0,0,0,0,0,0,0,0,55,0,0,0,0,0,0,0,0,0,0,0,0,0,0,0,0,0,51,0,0,0,0,0,0,0,0,0,0,0,0,0,38,0,34,0,96,0,0,0,0,0,273,0,164,0,0,0,0,0,0,0,0,0,0,0,0,0,0,0,0,0,0,0,0,0,0,113,0,0,0,0,0,43,0,0,0,0,0,0,0,0,33,0,0,0,0,0,0,0,130,0,0,0,0,0,0,0,0,0,0,0,0,57,0,0,0,81,0,0,0,0,0,0,89,0,0,0,0,0,0,0,0,0,0,0,0,0,0,0,0,0,0,0,0,0,0,0,0,0,0,0,0,0,0,49,0,0,67,0,134,0,0,0,0,0,0,0,0,0,0,0,0,0,0,32,0,0,0,0,0,0,0,0,0,0,0,0,0,79,0,0,0,0,0,0,0,0,0,0,75,0,0,0,0,0,0,0,0,0,0,38,0,0,0,39,0,0,153,0,0,0,0,0,14,0,0,71,0,0,0,0,0,0,0,0,0,0,0,0,0,0,0,0,36,0,0,0,0,29,0,0,0,0,0,0,0,0,0,0,0,0,0,0,0,0,44,0,0,0,0,0,0,0,0,44,0,0,0,0,0,0,0,0,60,0,0,0,0,0,39,69,0,55,0,0,0,0,0,0,39,0,44,0,110,0,0,0,55,0,0,0,0,0,0,0,0,0,37,0,0,25,0,0,0,0,91,0,0,0,0,0,0,0,0,0,0,0,0,0,0,0,67,0,0,40,0,29,49,0,0,0,0,0,0,49,0,0,0,0,46,0,0,0,0,0,0,0,0,0,0,0,0,0,0,0,0,0,0,0,0,0,0,0,0,0,0,0,0,0,0,0,0,0,0,35,0,0,0,0,0,0,0,0,0,0,64,0,0,0
314,0,47,32,72,68,180,56,0,143,24,365,67,52,57,366,392,663,73,63,0,597,83,114,149,216,0,0,157,124,44,56,162,0,138,229,495,0,56,781,280,112,78,59,365,0,53,67,565,0,319,59,151,255,36,217,35,67,0,54,0,137,80,567,0,118,148,66,43,132,587,17,104,37,64,602,306,52,850,66,246,49,0,318,592,136,47,37,93,161,308,63,158,96,245,58,90,0,166,169,0,69,41,199,60,0,157,53,160,146,733,66,64,119,190,130,0,217,63,74,608,72,226,73,56,68,52,145,189,0,388,32,391,23,222,100,497,236,49,75,225,104,365,889,0,0,118,103,94,328,0,99,227,57,89,201,21,70,0,274,657,115,44,202,146,193,95,106,219,393,210,276,72,84,41,111,60,0,354,103,96,619,46,41,81,107,94,452,360,0,0,0,336,118,429,0,286,23,62,215,74,201,463,0,1541,83,0,48,133,163,359,132,71,119,58,242,54,92,0,73,411,152,49,51,352,31,0,192,502,45,103,0,0,70,0,25,17,102,397,64,68,234,83,87,84,0,358,0,158,0,114,124,378,174,149,98,112,0,106,138,350,409,158,118,0,47,0,559,528,413,64,0,193,402,175,121,82,37,842,283,250,0,71,318,137,171,59,550,1882,243,70,126,205,44,0,189,27,208,137,113,58,90,85,63,53,952,555,518,0,242,141,1356,252,0,0,59,103,409,169,74,135,90,0,62,451,262,91,397,0,71,969,0,197,193,163,192,69,55,60,198,40,202,41,97,263,0,0,23,209,1906,544,247,32,411,719,42,92,242,574,297,97,142,234,73,224,341,1336,254,165,107,282,179,132,123,165,212,372,0,0,465,182,106,144,123,127,1650,145,212,224,0,66,57,1693,69,122,65,760,91,407,173,0,66,302,0,106,234,73,66,157,80,407,0,208,93,33,0,462,96,601,479,80,184,190,79,268,209,194,152,420,67,0,56,113,45,295,0,0,99,86,396,0,40,864,199,339,186,307,216,61,184,0,20,304,37,191,64,0,146,33,90,503,66,568,319,60,88,32,100,71,67,71,75,292,262,226,144,384,781,339,337,206,93,426,298,324,0,0,227,228,642,311,110,25,330,101,102,364,257,395,93,0,335,37,1012,180,118,555,239,65,39,200,102,0,74,0,83,393,127,172,240,306,132,519,521,111,70,137,192,526,0,91,41,0,45,134,215,0,0,0,288,91,362,896,81,75,37,189,132,58,541,287,206,52,274,55,136,59,190,66,167,363,481,0,133,145,354,84,67,26,136,392,328,48,23,47,88,43,531,40,137,352,422,260,0,632,41,515,984,100,0,130,1010,0,240,70,63,0,330,39,86,69,96,142,113,73,340,89,353,144,145,33,62,909,908,242,53,159,303,0,146,64,62,0,56,187,0,170,103,0,274,476,34,30,129,34,78,151,131,62,32,0,0,313,0,106,587,31,146,57,466,174,41,22,224,975,0,125,267,87,373,106,92,190,0,130,249,152,275,49,87,523,74,146,43,866,177,246,143,350,84,83,99,165,163,431,38,66,69,219,0,197,38,117,0,112,85,540,43,439,0,35,36,44,297,158,66,144,130,136,117,51,531,470,0,80,54,0,45,346,181,929,153,231,1828,761,263,229,406,20,48,166,119,66,54,120,0,30,86,836,154,307,161,1295,160,0,274,62,0,212,0,68,191,46,0,194,59,27,127,45,67,96,237,30,141,49,156,0,191,0,484,346,251,139,122,38,552,145,50,106,144,143,97,306,61,39,38,137,88,155,298,21,0,106,92,22,77,0,127,201,152,144,83,100,137,667,106,296,169,276,26,83,47,443,682,0,155,56,124,62,55,207,42,317,137,87,69,81,161,0,237,604,0,62,188,33,0,179,171,55,0,0,97,770,47,354,127,0,168,190,73,227,40,188,99,44,0,1119,775,85,871,134,83,0,336,103,66,71,0,52,69,0,65,74,134,404,241,90,43,0,0,76,311,327,77,111,295,0,261,0,66,119,353,43,181,298,124,1006,140,25,72,148,535,0,92,0,114,59,306,401,400,91,118,215,59,58,1275,169,238,121,0,249,461,50,0,109,92,224,114,70,69,136,78,44,41,176,110,152,390,229,34,83,199,39,303,40,262,0,102,73,116,196,0,123,273,99,0,141,69,485,48,96,206,97,221,609,141,50,226,138,814,0,97,0,458,255,0,0,587,132,0,64,140,43,0,238,269,601,113,927,0,2900,287,91,112,79,0,137,61,0,54,242,114,366,50,0,420,76,234,674,262,99,75,0,235,110,438,708,494,202,206,0,97,0,57,58,0,740,154,135,17,0,196,0,113,105,195,0,268,2144,92,431,76,273,160,132,105,262,456,136,82,170,0,168,161,844,0,163,188,499,207,0,577,121,125,317,517,783,414,573,42,361,166,81,469,45,107,57,72,37,167,0,190,0,127,1083,33,59,47,98,144,100,698,54,395,121,185,98,99,0,81,122,105,326,23,80,138,204,78,0,139,138,292,193,630,56,122,1301,191,0,263,189,112,350,81,228,0,65,242,142,577,0,26,296,983,0,59,0,325,386,0,104,36,106,81,64,62,110,463,174,62,213,224,474,225,275,0,175,100,379,126,99,151,556,697,230,163,213,26,543,183,110,0,83,158,339,28,141,825,276,87,155,53,0,51,155,509,761,104,27,291,47,373,564,0,368,135,56,114,39,104,41,78,65,262,282,68,80,227,85,54,1071,51,142,95,247,88,52,160,102,496,143,78,57,132,67,103,82,0,52,127,48,0,66,345,189,156,134,57,53,161,154,504,44,222,162,45,221,55,148,0,176,56,152,0,286,37,212,64,53,244,71,146,253,50,333,67,0,250,94,361,589,532,60,127,46,153,750,117,167,62,445,206,138,0,63,209,41,81,186,36,233,202,72,435,28,0,250,129,101,230,53,587,152,66,88,307,41,100,304,332,99,56,237,92,411,102,93,535,311,156,642,105,69,2902,158,306,0,202,110,84,1454,0,127,299,78,310,84,506,275,47,0,87,325,44,122,617,50,95,79,426,95,174,0,420,289,86,80,88,89,137,211,118,125,418,0,0,57,2450,1552,101,813,126,195,255,445,125,79,238,112,741,102,151,187,166,0,595,50,269,143,969,45,518,293,0,740,87,0,85,93,66,377,230,107,485,242,227,134,485,33,1029,34,220,356,0,93,333,193,85,331,160,61,176,216,197,126,109,180,350,41,1234,535,204,332,365,115,112,312,76,0,825,0,37,308,0,70,131,490,60,181,454,162,157,73,434,191,269,118,374,0,347,310,68,53,130,93,227,123,78,100,296,61,263,275,287,737,77,174,54,55,721,131,225,104,1088,468,454,194,119,175,84,24,90,481,196,284,1125,85,0,91,553,56,66,187,94,32,109,0,0,233,525,137,53,114,219,98,278,0,115,359,65,92,359,0,52,0,161,129,54,123,100,96,0,70,0,78,289,53,261,0,682,313,54,50,333,425,95,78,393,139,308,0,94,208,1065,0,378,58,71,164,206,0,46,144,459,145,101,367,1728,44,0,280,128,63,118,322,648,0,160,139,245,225,117,21,206,32,170,1522,0,171,171,92,87,331,34,100,131,194,92,373,81,94,0,95,54,266,0,62,311,696,40,53,64,170,109,122,34,367,151,76,78,135,72,460,96,152,121,35,112,115,53,698,486,186,290,167,77,181,45,40,114,102,205,359,408,54,327,392,114,154,69,209,449,68,59,138,108,461,51,192,0,30,70,1087,110,45,89,0,435,261,222,70,255,54,274,52,690,0,34,0,384,76,1770,237,216,71,50,187,338,67,166,59,443,91,122,131,175,237,40,204,0,149,98,135,59,416,667,0,17,678,121,20,0,242,252,70,119,296,209,49,81,0,72,66,220,114,680,958,166,230,266,0,45,234,40,76,432,0,0,0,24,39,389,45,0,99,881,0,700,45,85,76,60,537,490,386,309,69,116,389,154,1316,0,66,37,288,44,262,135,144,161,294,49,0,96,48,56,0,194,65,122,713,222,99,0,0,28,67,168,338,0,727,0,185,213,16,52,52,95,0,803,219,64,163,75,0,229,208,233,87,209,65,98,104,0,218,296,180,73,204,0,43,974,41,226,33,216,215,188,511,80,112,225,160,75,59,104,343,364,185,158,492,43,167,157,53,123,90,53,124,119,0,205,171,440,235,406,108,184,210,205,74,0,0,254,61,114,197,445,192,134,108,73,114,955,136,242,204,682,43,1195,123,58,75,171,566,314,201,45,555,119,226,64,92,0,225,413,480,105,49,42,504,245,185,276,680,391,34,0,185,452,0,0,247,211,0,0,60,94,409,701,180,170,210,24,29,1258,136,122,1125,293,53,0,0,218,183,0,955,370,533,0,52,77,64,0,0,393,139,157,352,91,224,296,339,260,1069,405,305,0,86,126,397,495,255,194,112,790,61,44,451,254,525,81,610,460,147,110,42,61,150,667,466,279,654,102,34,184,39,0,82,268,46,77,306,16,435,0,142,325,0,61,35,27,152,141,96,103,316,178,260,294,0,126,1033,77,41,0,62,734,468,0,225,42,91,73,51,373,161,735,356,360,237,466,169,0,84,0,68,283,241,397,39,91,45,270,492,204,227,0,0,427,0,175,22,517,0,79,0,249,37,57,247,294,47,42,153,711,134,145,52,2323,57,118,47,0,0,0,272,186,99,441,971,43,0,211,97,118,397,238,183,75,81,306,31,231,169,78,257,711,97,227,113,128,139,332,207,211,218,487,163,89,1193,201,320,130,304,259,136,45,78,96,136,59,168,183,172,98,379,249,41,61,59,495,494,101,0,112,51,277,321,151,218,510,55,49,145,0,157,167,326,1110,191,602,216,0,70,85,36,220,190,101,71,231,350,1134,236,195,306,313,407,60,210,0,74,108,87,156,0,174,111,58,694,930,0,271,349,73,213,0,62,246,77,558,117,835,75,212,223,115,651,399,0,304,181,94,162,206,446,147,147,172,50,221,186,66,185,453,181,332,436,59,128,247,160,85,70,247,347,0,478,131,0,426,289,183,119,299,58,58,1889,35,567,132,123,135,98,289,542,104,55,162,63,120,85,164,687,61,156,57,75,1176,194,123,1322,197,165,0,135,132,0,151,52,264,453,180,389,334,283,27,50,213,182,184,204,230,67,0,152,106,192,0,375,83,155,455,56,0,330,227,38,385,222,313,57,161,254,134,101,69,0,75,416,52,184,612,98,456,848,42,84,0,71,427,45,374,311,252,692,168,369,187,141,508,0,264,209,57,281,174,499,574,449,270,86,55,236,178,110,50,87,351,64,129,151,321,160,1806,184,24,136,172,64,300,573,178,615,154,287,68,126,0,301,47,629,1067,368,96,1139,31,19,258,184,230,214,81,0,59,490,196,252,286,100,616,307,34,37,26,86,85,406,184,0,133,180,45,122,1086,94,54,1495,109,137,41,721,70,638,204,51,274,216,34,129,149,0,0,606,120,710,348,312,114,156,157,86,93,64,2006,198,43,62,47,592,44,311,302,544,541,61,74,118,64,125,149,42,1139,0,96,157,115,1137,250,833,410,307,775,37,0,86,63,114,127,169,380,77,2110,598,177,40,57,122,153,147,190,126,132,399,521,334,98,152,50,234,132,49,275,81,94,0,117,405,293,376,101,1509,90,0,466,48,0,319,629,41,135,142,338,253,65,0,131,187,166,53,74,340,3818,377,46,77,295,57,107,93,266,799,66,156,405,58,183,216,188,445,173,20,70,73,49,91,84,298,165,142,186,165,0,169,212,280,356,68,128,358,0,0,259,93,149,192,108,835,279,529,118,250,75,110,250,125,269,1146,121,0,28,447,238,342,277,130,265,164,97,322,68,86,2696,207,637,171,534,551,605,379,564,0,186,137,89,440,195,237,52,74,1279,156,190,53,70,115,0,1252,0,89,198,2058,0,144,645,128,272,191,922,59,318,695,117,147,1622,81,852,340,547,83,178,620,81,179,207,287,137,319,33,92,196,392,74,421,336,82,400,30,516,577,469,61,194,236,44,403,41,47,59,89,225,125,142,788,769,25,359,35,0,63,83,341,796,61,166,531,0,108,37,206,448,840,64,40,221,515,44,56,286,617,85,0,249,335,97,72,560,211,162,345,386,264,362,250,0,85,44,24,120,224,55,165,122,0,136,241,103,0,54,520,0,345,127,582,170,413,198,288,0,54,1524,313,1833,89,286,184,0,175,80,45,58,234,1142,557,95,607,427,303,84,122,41,278,181,67,87,71,128,75,106,66,1173,490,87,299,0,41,221,293,0,0,106,124,1189,245,159,0,57,97,112,140,195,208,156,287,188,165,436,1062,91,40,1414,150,297,94,101,191,150,0,40,576,0,261,0,40,93,188,95,60,73,345,135,86,0,226,195,113,337,97,169,58,113,251,938,1696,153,260,193,407,752,96,303,46,341,278,215,133,237,372,300,461,111,117,50,242,222,0,584,521,37,154,197,261,767,64,489,102,958,96,111,27,185,101,285,821,36,2389,339,60,774,0,0,323,202,48,204,190,1205,29,26,130,662,0,0,405,96,0,219,53,154,81,391,423,145,1147,191,57,771,126,1077,100,406,42,349,271,50,40,529,107,408,0,102,347,106,274,549,123,82,695,160,617,650,133,86,135,133,90,18,1946,438,42,54,164,332,79,121,86,103,88,53,154,149,171,175,0,323,0,33,578,277,118,500,59,159,72,1364,96,40,117,43,68,0,72,296,304,0,124,402,755,90,418,222,50,56,212,214,97,38,282,1106,108,86,136
315,0,0,0,0,0,0,0,0,0,0,0,0,0,0,0,31,45,0,0,0,0,0,0,0,0,0,0,0,0,0,0,0,0,0,0,81,0,0,196,0,0,0,0,0,0,0,0,0,0,0,0,0,0,0,0,0,0,0,0,0,0,0,79,0,0,29,0,0,0,57,0,0,0,0,0,0,0,0,0,0,0,0,0,0,0,0,0,0,0,0,0,0,0,0,0,0,0,51,0,0,0,0,0,0,0,0,0,0,0,36,0,0,0,30,0,0,0,0,0,0,0,0,0,0,0,0,0,0,0,0,0,67,0,0,0,0,0,0,0,0,0,66,60,0,0,0,0,0,0,0,0,0,0,32,54,0,0,0,0,199,0,0,0,0,0,0,0,0,0,0,0,0,0,0,0,0,0,0,0,0,98,0,0,0,0,0,0,0,0,0,0,0,0,49,0,0,0,0,0,0,0,0,0,0,0,0,0,0,0,0,0,0,0,0,0,0,0,0,0,38,59,0,0,66,0,0,47,0,0,33,0,0,0,0,0,0,0,30,0,0,0,0,0,0,0,0,0,0,0,0,0,40,0,0,0,0,0,0,0,47,0,0,0,0,0,0,0,0,0,0,0,0,58,0,0,0,0,0,0,63,0,0,0,0,0,0,0,665,0,0,0,0,0,0,0,0,0,0,0,0,0,0,0,0,0,0,0,0,0,0,0,0,0,0,0,0,0,0,0,0,0,0,0,0,0,0,62,0,0,34,0,0,0,0,0,0,0,0,0,0,0,0,0,0,0,0,0,0,281,0,0,0,0,55,0,0,0,0,0,0,0,0,0,0,12,0,0,0,0,0,0,0,0,0,0,43,0,0,0,0,0,0,0,0,48,0,0,0,0,0,0,171,0,0,0,70,0,0,0,0,0,0,0,0,46,0,0,0,0,0,0,0,0,0,0,68,0,0,66,0,0,0,0,0,0,0,0,49,0,0,0,0,0,0,0,0,0,0,0,0,0,25,0,36,0,0,0,0,0,0,0,22,0,0,0,0,0,0,0,75,0,0,0,0,0,0,0,0,0,0,0,0,0,0,24,0,0,40,0,0,0,0,77,0,0,0,0,0,0,0,0,0,0,0,0,41,0,0,0,0,0,0,430,0,0,69,0,0,0,32,0,0,0,0,0,0,0,0,44,0,0,57,0,0,0,0,0,0,0,0,0,0,0,0,0,0,0,0,0,0,0,0,0,0,0,37,0,0,0,0,0,0,0,0,0,0,0,0,0,0,0,0,0,0,86,0,0,0,0,27,0,0,0,0,0,0,0,0,0,0,0,0,0,32,0,44,39,0,0,0,68,0,0,0,0,0,38,0,0,0,0,0,0,0,0,0,0,0,0,0,0,0,0,37,0,0,0,0,0,0,0,0,0,0,0,62,0,0,0,0,0,0,0,0,0,93,0,0,0,0,0,61,0,0,180,0,0,0,47,69,0,0,89,111,0,0,0,0,0,0,0,0,0,0,16,57,0,0,0,87,0,63,0,0,0,73,0,0,0,0,0,0,0,0,0,0,0,0,0,38,0,0,0,0,0,0,0,97,0,0,0,0,0,0,0,0,0,0,0,0,310,0,0,0,30,0,0,0,0,0,26,0,0,0,0,0,0,0,0,0,0,0,0,0,0,0,45,318,44,0,0,112,48,0,0,0,0,28,0,0,0,0,0,37,0,0,43,0,0,0,0,0,0,0,0,0,14,0,0,0,0,0,0,0,181,0,0,0,0,0,0,0,0,0,25,0,0,0,0,0,0,0,0,0,0,0,0,30,0,0,0,0,0,290,0,0,0,0,0,16,0,35,0,0,81,0,0,0,20,0,0,0,0,0,0,0,0,0,0,299,0,0,0,0,0,39,0,0,0,0,0,0,32,52,0,0,0,0,0,0,0,0,0,0,0,144,0,0,0,0,0,0,0,0,0,0,0,0,0,0,0,0,0,0,0,0,0,0,0,97,0,119,0,0,31,0,0,0,0,0,0,0,0,0,0,0,0,0,0,0,109,0,0,0,0,0,0,63,0,80,0,0,0,0,193,0,0,0,0,42,69,59,0,0,0,12,0,0,0,0,0,0,0,0,0,0,0,26,0,0,0,0,0,0,0,0,0,0,61,0,0,0,0,0,0,0,0,44,0,0,0,0,0,0,0,0,0,0,0,22,23,0,53,30,0,0,79,0,0,0,151,0,0,128,33,175,32,0,0,105,0,0,0,0,0,0,0,0,66,62,0,52,0,0,54,0,0,65,0,0,0,0,0,0,0,136,89,0,0,0,0,38,0,0,0,108,52,0,0,0,0,0,0,0,0,0,0,584,35,54,0,110,0,0,0,0,0,0,0,0,0,0,0,0,0,0,0,0,43,0,0,0,23,0,147,0,55,168,0,62,0,0,0,0,0,0,0,0,0,0,76,0,0,70,0,16,0,0,0,0,171,0,56,0,16,0,0,0,35,38,0,54,0,0,59,0,0,0,0,18,0,0,78,0,0,165,0,0,0,0,0,123,0,0,0,0,96,0,0,0,0,0,39,0,0,0,52,0,0,0,0,0,0,0,0,0,98,52,0,18,25,0,47,0,0,0,0,0,0,0,0,85,115,26,0,57,0,58,43,0,0,0,0,51,0,47,0,132,0,0,0,0,0,0,187,146,0,0,34,0,44,72,0,0,0,0,0,0,32,0,0,0,0,136,28,0,27,0,0,195,0,0,37,0,0,0,0,0,57,62,0,0,33,0,0,46,0,0,0,0,0,0,115,40,0,55,0,0,16,0,0,0,33,0,0,0,0,26,0,0,0,0,0,0,0,15,0,0,0,0,0,0,0,64,0,0,0,0,0,0,66,0,0,0,0,0,0,0,0,75,0,36,0,0,0,0,0,0,0,0,33,0,20,0,0,0,0,0,50,0,0,0,0,0,0,0,0,0,73,0,0,54,0,0,0,0,117,92,0,145,0,0,109,0,72,0,0,0,0,116,0,0,80,0,46,0,0,0,0,0,0,66,0,0,108,0,12,0,0,0,0,0,0,70,0,0,0,0,0,0,0,0,0,0,0,0,412,248,0,158,0,0,60,62,0,0,0,0,52,0,30,0,0,0,281,0,0,0,83,0,216,0,0,0,0,0,0,0,0,0,75,0,0,66,0,0,0,0,129,0,0,174,0,0,0,0,0,35,0,0,59,19,0,21,30,40,0,0,192,0,0,0,63,0,0,0,0,0,0,0,0,0,0,0,0,48,0,0,0,86,0,0,86,26,0,0,86,0,0,75,0,0,0,0,0,0,0,0,0,0,52,77,0,139,0,0,0,0,63,0,30,0,70,105,101,0,0,0,0,0,35,13,0,53,233,0,0,0,0,0,0,45,0,0,0,0,0,41,0,0,0,0,0,36,0,0,0,80,0,0,136,0,0,0,79,23,0,34,0,0,0,0,0,0,74,0,90,0,76,0,0,0,0,78,0,0,70,14,62,0,0,0,57,0,172,0,0,34,0,0,0,0,0,36,0,64,630,0,0,0,22,0,0,98,71,0,0,0,0,57,0,0,0,0,0,243,0,39,38,0,0,35,0,0,0,52,0,85,0,0,0,0,0,30,0,0,0,57,46,0,0,0,29,20,0,133,0,0,0,0,0,125,0,55,0,0,0,59,0,57,0,62,119,0,0,51,0,0,0,48,63,40,100,0,122,52,0,25,0,26,136,0,0,0,0,68,0,40,0,0,0,0,0,0,30,0,199,54,52,0,111,0,0,0,150,0,0,0,135,0,141,47,0,0,0,0,86,0,77,0,0,0,0,72,0,36,0,45,0,0,0,0,0,47,0,0,0,179,0,0,0,43,36,0,36,0,33,0,0,0,0,0,48,0,186,181,0,0,43,0,0,43,0,0,104,0,0,0,0,0,0,0,0,0,192,0,67,0,0,0,0,110,0,136,0,0,27,55,0,0,0,0,0,0,0,72,0,0,57,86,19,0,0,0,0,0,37,0,0,27,65,0,0,0,0,0,0,52,0,562,0,37,42,0,0,0,30,0,0,0,0,0,0,0,0,0,0,0,24,0,0,0,0,0,41,0,0,44,0,0,0,0,0,0,30,0,80,48,0,59,0,0,0,0,0,66,71,0,16,29,0,28,0,0,0,0,0,0,0,0,0,0,31,42,112,38,0,0,22,0,0,0,0,22,40,0,70,0,0,0,0,0,253,0,34,58,66,0,76,0,0,0,0,0,19,0,0,65,0,28,0,0,0,0,57,147,0,0,0,83,23,0,0,185,60,0,0,61,0,0,0,60,52,0,0,0,0,0,0,0,0,0,0,0,214,41,0,103,0,0,0,0,39,0,0,0,39,113,0,0,0,0,0,0,0,0,0,0,0,46,0,94,30,285,29,0,0,0,0,0,38,39,0,0,0,0,0,0,0,165,0,119,0,0,0,0,0,0,131,0,91,214,34,0,61,0,0,0,0,0,0,0,0,0,0,0,109,0,0,0,0,0,0,0,0,66,0,72,118,0,0,166,0,0,0,0,41,231,0,36,0,0,18,0,96,39,138,122,86,0,37,96,0,0,0,0,0,49,104,0,0,0,0,0,0,33,0,0,0,0,57,0,59,0,0,0,0,0,0,85,95,0,0,0,200,48,27,0,256,0,0,0,0,0,0,0,0,22,47,177,0,0,0,0,0,0,0,0,0,0,84,0,0,0,0,0,96,0,0,0,0,0,0,29,0,53,281,0,0,39,0,60,0,0,0,95,0,0,0,24,0,0,0,0,0,46,0,0,0,0,31,0,0,0,20,0,58,98,0,0,54,0,0,0,0,28,0,42,101,46,280,39,0,0,0,0,0,0,0,0,0,0,159,61,25,0,0,0,0,0,0,0,0,0,0,0,0,0,0,157,295,0,36,0,0,0,0,0,24,0,0,0,90,0,0,0,0,31,0,0,20,0,0,0,30,0,0,48,0,0,0,0,0,56,17,42,0,0,0,0,52,41,44,0,26,21,0,0,0,0,87,44,0,26,31,0,0,257,0,184,0,0,0,0,105,0,0,0,0,0,0,0,0,0,0,47,0,0,171,0,0,402,0,0,0,0,0,0,34,0,0,72,0,59,53,0,0,0,37,40,0,0,0,0,0,0,0,0,0,54,0,41,95,0,0,19,0,0,80,0,64,0,52,0,0,0,0,0,0,0,0,41,0,0,66,0,0,0,0,0,60,0,0,19,59,96,0,46,0,42,84,0,0,0,0,82,0,119,168,0,0,0,0,0,0,0,0,0,0,0,0,0,66,0,175,0,0,0,0,0,0,0,39,0,24,0,0,0,0,0,0,128,0,0,13,327,0,0,0,0,0,0,0,0,0,36,0,0,54,0,40,46,0,0,0,0,0,41,0,0,0,0,0,0,506,0,0,281,34,57,0,116,0,143,73,0,123,0,0,0,0,0,0,55,0,185,0,32,0,0,68,0,0,0,203,75,0,0,0,177,0,53,170,149,31,0,0,0,32,77,0,0,84,0,0,38,0,151,112,174,46,90,188,0,0,0,0,0,0,0,0,0,177,133,0,24,0,89,77,0,109,38,0,217,0,50,0,0,0,27,0,0,0,0,31,0,0,78,86,44,0,201,0,0,65,0,0,53,122,0,0,0,0,0,0,0,112,0,48,0,0,89,509,0,0,0,98,0,0,0,42,218,0,90,98,0,0,0,47,97,0,0,0,0,0,0,0,0,38,0,0,0,0,38,36,0,86,0,0,133,0,0,0,0,51,25,62,87,143,97,0,41,0,25,42,0,0,506,36,0,0,246,0,33,24,0,72,64,27,40,21,0,271,37,146,45,135,60,79,77,69,0,0,0,0,122,0,0,0,0,372,0,67,0,0,0,0,147,0,0,0,54,0,0,107,44,0,0,83,0,61,115,0,0,0,0,0,42,71,25,0,169,0,59,0,89,63,61,0,0,0,68,0,0,0,0,65,0,81,0,161,0,84,0,0,57,0,0,91,47,72,0,0,207,169,0,40,0,0,0,0,87,150,0,0,82,0,0,0,53,49,53,0,0,0,0,0,0,0,82,0,0,43,44,13,0,106,0,0,44,60,71,28,0,0,0,0,0,0,59,0,55,0,0,48,85,0,0,0,115,0,0,0,65,0,0,73,41,0,0,181,0,0,0,117,0,0,0,0,0,0,51,216,59,0,80,39,32,0,0,0,0,23,0,0,0,0,0,0,0,178,59,0,32,0,0,0,52,0,0,0,0,220,0,0,0,0,0,27,0,53,0,0,90,52,0,0,132,0,0,242,35,55,0,0,0,0,0,0,162,0,0,0,0,0,42,0,0,34,85,0,0,0,0,25,0,94,0,0,0,0,0,286,755,0,0,67,71,112,0,0,0,132,24,37,0,41,0,69,85,0,24,0,0,0,0,61,0,0,0,35,33,311,0,0,0,0,0,0,0,0,0,0,73,0,342,56,0,176,0,0,39,31,0,33,58,202,0,0,23,66,0,0,36,0,0,40,0,0,0,0,84,0,490,0,0,125,0,76,0,74,0,0,109,0,0,63,0,0,0,0,149,0,68,167,0,0,122,65,377,152,0,0,0,0,0,0,200,53,0,0,0,0,0,0,0,0,0,0,42,0,0,42,0,0,0,0,159,31,0,44,34,38,0,258,0,0,0,0,0,0,0,113,92,0,0,105,57,0,135,0,0,0,0,30,0,0,35,293,0,0,58
316,0,0,0,0,0,0,20,0,0,0,0,0,0,0,0,60,140,0,0,0,0,0,0,0,0,0,0,0,0,0,0,0,0,0,0,0,0,0,0,46,0,0,0,0,0,0,0,58,0,0,0,0,0,0,0,0,0,0,0,0,0,0,0,0,0,37,0,0,0,0,0,17,0,0,0,30,0,0,0,12,0,0,41,0,0,0,0,0,0,29,0,0,0,0,0,0,0,0,0,0,0,0,0,0,0,0,0,0,0,82,24,0,0,22,0,0,0,0,0,76,0,0,0,0,0,0,0,0,0,0,0,0,0,0,0,0,0,0,0,80,0,0,60,0,0,0,0,0,37,0,0,0,0,0,0,0,0,0,0,0,0,0,0,0,0,0,0,0,0,155,0,0,0,0,0,0,0,0,0,0,0,0,0,0,0,0,82,0,0,0,0,0,0,0,0,37,0,0,0,0,0,0,0,65,0,0,0,0,0,0,101,0,0,0,0,0,57,0,0,66,155,0,0,0,0,0,0,82,0,63,0,0,0,0,0,0,0,0,0,0,0,0,0,0,0,0,0,0,0,0,0,0,0,30,0,0,0,0,0,0,0,0,0,0,0,0,0,61,0,0,0,70,0,0,0,0,0,60,28,0,0,0,0,0,0,0,0,1455,0,0,0,0,0,0,0,0,0,0,0,0,0,42,0,0,0,0,54,0,40,0,78,0,0,0,0,0,0,0,0,0,0,0,0,0,0,0,0,0,0,39,0,0,0,27,0,0,0,0,0,0,0,0,0,0,0,0,0,0,0,81,0,0,0,99,0,0,0,0,0,0,0,0,0,0,50,101,0,0,0,0,0,0,0,0,46,30,0,0,0,0,0,0,0,0,31,0,0,0,0,0,0,64,0,0,0,0,0,0,0,0,0,35,0,0,0,0,0,0,0,0,0,0,0,0,0,41,0,0,0,0,0,0,0,0,0,0,0,0,0,0,0,0,0,0,0,0,0,0,0,0,0,0,23,16,0,0,0,0,0,0,0,0,0,0,0,0,0,0,0,0,0,0,0,0,0,0,0,0,0,0,0,0,0,0,0,0,0,0,0,0,0,0,54,0,0,0,0,0,0,0,0,0,0,0,0,0,0,0,0,0,0,0,64,0,0,66,0,0,0,0,0,0,0,0,0,0,0,0,0,0,0,37,74,48,0,0,0,79,0,0,0,0,0,26,0,0,0,0,0,0,0,0,0,0,0,42,0,0,55,19,0,0,0,0,0,0,0,0,0,52,154,0,0,0,50,0,0,0,0,0,33,0,0,0,0,0,46,0,0,0,0,0,0,109,0,0,61,0,0,0,169,0,0,0,0,0,0,0,0,0,0,0,0,0,0,0,0,0,0,0,0,89,52,0,0,0,0,0,0,0,0,0,0,0,0,0,0,0,54,0,0,0,0,0,0,0,0,0,0,0,0,0,0,0,0,0,0,0,0,20,0,0,0,7,0,0,0,0,0,0,0,0,0,0,19,0,0,0,0,0,0,32,0,0,0,0,0,0,0,0,0,0,0,0,0,0,0,0,0,68,0,0,0,0,0,0,0,0,0,0,0,0,0,0,0,0,0,0,16,0,30,0,0,0,0,0,0,0,0,0,0,0,47,0,60,0,0,0,0,0,0,0,0,0,0,0,0,24,0,57,0,167,0,0,0,0,0,0,0,0,0,0,0,0,0,0,0,0,0,0,0,0,0,0,0,0,0,0,0,0,30,0,0,0,0,0,0,0,0,55,25,0,0,0,0,26,0,0,0,0,0,0,0,0,0,0,0,0,0,0,0,0,0,0,20,0,0,0,0,0,0,0,31,0,60,0,0,0,0,0,0,0,0,0,0,0,0,0,0,42,0,0,0,0,0,55,0,0,0,0,0,0,0,0,45,0,0,0,0,0,0,0,0,0,0,0,46,0,0,0,0,0,35,0,0,0,0,0,0,0,0,0,0,0,0,0,0,0,0,0,0,0,0,0,0,0,0,0,0,0,0,0,0,51,24,0,0,0,45,0,25,0,0,0,0,0,0,0,102,63,35,56,0,0,276,0,46,0,0,0,49,31,0,0,0,38,0,0,0,0,38,0,0,0,18,0,0,0,0,0,0,0,114,0,92,0,0,0,0,0,0,0,0,46,0,0,0,52,0,0,0,0,0,0,22,0,0,0,191,0,0,0,0,137,0,0,155,38,0,0,85,0,0,0,54,161,0,0,0,321,0,0,25,0,0,0,0,0,0,0,0,130,0,0,0,0,65,121,80,0,0,0,0,0,33,453,303,49,0,0,29,0,0,29,0,292,0,0,0,0,0,0,0,0,0,0,0,246,0,68,73,0,21,0,0,37,89,0,0,0,0,0,0,241,0,43,62,51,0,0,0,29,0,79,488,58,62,25,0,0,64,0,203,0,0,0,0,0,0,0,0,0,0,118,0,0,0,0,48,0,0,45,113,0,0,0,0,0,0,0,29,64,0,0,0,59,0,0,0,0,0,0,0,0,0,623,64,0,0,0,0,42,0,0,0,0,0,0,123,0,0,0,360,0,0,0,67,137,0,0,0,0,0,0,0,0,0,0,0,72,0,151,36,77,0,38,27,0,0,29,0,293,202,0,36,0,0,179,0,0,0,0,0,142,0,0,101,0,0,0,0,0,0,0,0,99,0,0,0,0,0,78,0,98,41,0,0,0,0,0,0,0,0,58,0,0,0,0,0,70,0,0,0,135,0,42,0,0,97,0,0,0,0,0,0,0,0,0,92,0,0,0,74,0,0,32,0,0,55,0,0,0,0,42,0,0,0,70,0,0,0,0,0,18,0,59,0,0,25,0,0,19,0,0,0,0,0,0,67,186,48,0,0,0,0,86,0,0,0,0,0,0,22,33,0,0,0,0,0,0,0,0,71,0,0,0,0,0,54,0,49,0,0,0,62,30,47,96,37,0,0,34,0,0,0,0,0,0,0,50,0,0,1024,0,0,0,0,0,0,163,0,0,0,0,65,0,0,0,0,0,0,35,0,0,59,0,0,0,0,0,71,0,61,0,0,0,0,28,0,0,0,0,49,0,0,33,36,362,0,160,0,0,0,0,0,0,0,0,40,0,0,32,0,0,190,0,0,0,62,0,63,97,0,0,0,0,0,0,0,167,0,0,0,0,59,0,184,0,223,0,0,138,0,0,0,43,44,0,0,0,0,0,54,67,0,69,0,0,265,102,0,49,46,0,0,134,0,0,40,0,0,61,0,21,0,0,0,0,64,58,0,0,0,0,0,68,0,0,90,0,0,0,0,35,0,0,0,47,0,0,0,0,39,102,0,0,0,0,62,0,0,0,121,173,50,0,0,0,0,0,0,0,0,0,0,0,0,46,0,0,0,62,0,0,0,0,0,45,139,37,0,0,0,15,0,0,0,58,0,0,58,0,0,0,17,47,0,0,51,23,0,0,0,0,0,0,98,0,136,81,0,0,79,0,0,0,0,24,65,0,0,0,120,0,108,0,0,0,39,0,34,0,71,58,0,63,594,0,0,0,33,0,0,166,75,0,0,56,0,45,0,0,37,0,0,116,0,0,0,28,0,31,0,0,0,49,0,0,0,0,0,0,0,0,0,0,80,283,0,0,0,0,0,40,0,105,0,0,0,0,0,209,0,43,0,0,0,34,0,84,0,0,88,0,0,0,0,0,0,0,73,72,140,0,155,114,0,39,0,32,102,0,0,44,51,0,0,49,0,0,0,169,0,16,0,0,104,63,65,0,136,0,38,0,133,0,0,0,41,0,249,64,72,0,0,27,110,17,76,0,0,0,31,0,43,0,0,0,0,0,33,0,0,31,110,0,0,118,0,0,0,31,0,0,0,0,0,0,0,0,0,0,0,0,208,0,0,94,0,0,0,0,0,0,182,0,0,0,0,0,77,0,0,0,160,0,33,0,0,0,0,125,155,142,58,0,0,114,0,207,0,0,0,0,0,44,0,0,33,129,0,0,0,0,0,0,0,0,0,142,80,0,0,0,0,0,0,0,0,194,0,0,0,0,0,37,52,0,57,0,0,0,33,0,37,0,0,0,104,0,75,0,0,52,0,0,0,107,0,0,262,0,0,0,0,44,73,107,0,0,0,0,0,0,0,0,40,0,94,150,0,0,0,0,0,0,0,0,0,0,55,0,0,0,117,0,0,46,0,0,0,19,0,0,0,21,166,0,0,26,0,0,120,0,0,46,0,0,0,39,0,33,0,181,0,47,0,31,33,0,0,40,0,0,0,218,0,32,0,111,0,75,0,0,56,0,0,0,117,0,0,0,79,0,0,21,0,145,185,0,63,49,0,0,0,0,34,267,0,26,0,0,0,0,0,262,0,150,0,0,42,0,0,0,85,0,67,0,0,0,0,0,32,402,0,66,0,21,0,0,185,41,47,54,80,0,0,89,90,135,0,43,73,0,0,0,0,0,163,183,80,202,48,0,76,0,0,0,0,0,0,109,0,109,0,0,119,0,0,0,0,0,39,0,25,158,23,38,84,0,0,184,22,0,0,0,226,198,0,0,0,0,0,0,63,59,0,62,0,59,0,94,0,0,0,0,65,15,131,0,0,0,75,84,78,69,0,0,65,0,82,0,53,0,0,0,0,0,0,91,113,0,0,36,273,80,0,0,714,0,0,0,0,0,0,182,0,0,0,303,0,0,0,0,0,47,0,0,0,0,86,0,45,0,0,0,191,36,0,0,0,0,0,0,54,0,112,90,0,261,0,123,0,0,70,20,0,0,0,0,0,0,0,0,56,74,0,31,0,0,39,91,0,0,0,0,0,0,0,0,0,0,0,65,0,0,0,0,186,32,34,0,0,0,0,0,0,0,0,0,0,109,199,0,55,63,76,89,0,27,0,0,28,0,36,0,0,0,0,328,194,0,0,91,0,0,0,0,29,0,99,0,90,0,0,0,27,224,133,0,43,77,0,0,0,0,0,0,0,0,55,56,0,0,0,0,46,0,0,0,50,34,0,0,0,0,0,84,0,0,0,0,37,0,70,0,0,239,0,41,0,0,0,0,0,88,0,0,0,0,0,0,34,0,0,0,0,20,136,32,0,102,56,0,0,0,0,0,0,0,0,0,68,144,71,82,0,0,0,0,0,0,57,0,0,0,56,0,0,88,0,0,44,0,0,105,83,0,49,55,135,0,0,50,42,35,0,0,0,132,0,0,111,28,0,168,0,0,0,0,156,0,100,89,0,147,0,102,0,0,54,0,84,0,0,0,0,0,0,132,77,35,0,55,0,0,0,0,0,0,0,0,98,0,233,0,0,0,0,0,54,109,43,159,0,0,17,0,0,0,0,123,249,111,0,66,0,0,37,0,60,61,0,0,0,0,0,54,0,0,56,0,0,0,0,0,0,29,55,0,0,0,0,0,363,0,0,229,0,0,0,0,0,277,0,0,160,80,0,0,0,0,0,127,0,209,67,0,31,0,0,0,0,0,332,40,0,0,0,76,0,138,116,69,150,0,0,0,0,25,26,0,289,0,0,0,49,162,124,39,0,0,225,0,0,0,0,0,0,0,104,0,120,130,0,0,0,67,48,0,52,0,0,222,67,0,0,0,0,0,0,0,76,0,0,0,0,159,0,0,0,78,0,0,0,0,0,30,25,0,29,0,56,0,0,0,114,64,37,0,0,137,648,114,0,0,65,0,0,0,0,0,0,32,94,0,77,51,31,47,0,0,0,0,0,44,0,41,0,37,0,0,0,74,0,65,124,0,0,81,0,0,93,0,0,0,54,85,81,0,0,56,0,0,53,52,0,112,30,0,0,176,0,109,0,0,38,0,23,0,0,0,551,87,0,67,87,93,36,116,0,0,0,0,0,0,0,37,32,0,509,0,0,0,33,0,0,224,0,16,0,617,0,57,0,36,68,0,309,0,110,70,0,0,575,0,227,0,27,0,51,0,0,0,76,66,77,0,0,0,0,0,0,119,53,0,0,0,15,157,49,0,55,0,0,140,0,0,47,0,21,55,0,116,0,0,0,0,0,25,0,37,350,0,0,66,0,0,0,51,57,91,0,0,102,0,0,0,28,107,49,0,0,51,0,0,47,0,35,31,96,21,68,0,0,0,0,0,0,0,0,56,0,0,27,0,25,0,0,0,0,107,95,91,0,0,0,42,0,0,144,0,0,0,81,0,0,0,0,0,77,41,290,100,0,70,80,234,0,65,0,93,0,0,0,0,0,57,0,36,126,126,0,26,0,0,0,0,0,0,0,0,163,44,0,0,0,0,0,90,86,0,0,78,0,25,37,250,0,0,291,0,127,0,0,0,0,0,0,50,0,0,0,96,0,0,0,0,0,142,0,0,54,0,0,30,83,0,0,0,0,122,214,550,41,0,0,154,44,0,145,0,85,49,0,18,75,57,76,0,0,0,0,0,0,0,45,0,0,0,50,0,88,0,30,0,0,0,0,0,0,0,35,78,0,668,0,0,0,0,0,44,0,0,36,0,162,0,0,0,72,0,0,0,0,0,93,0,0,0,0,0,0,81,0,0,94,44,183,0,113,0,44,0,0,0,203,0,35,0,0,0,0,0,44,0,0,110,0,166,0,26,0,36,0,0,0,38,128,0,0,0,0,0,0,0,0,0,0,0,0,27,0,0,0,0,0,113,72,49,103,0,0,0,141,0,0,0,0,0,0,0,0,37,0,55,109,108,0,45,0,0,0,0,0,0,0,0,164,0,25,32
317,0,0,0,0,0,74,0,0,49,0,133,0,26,25,162,122,44,0,0,0,0,52,74,45,51,0,0,104,0,0,0,0,0,36,85,161,0,61,119,57,0,22,0,292,0,0,32,173,0,163,50,0,199,0,153,0,0,0,0,0,98,51,108,0,0,66,0,0,0,393,0,0,0,0,97,121,0,244,0,112,0,45,110,345,33,18,0,69,0,167,37,71,0,70,0,36,0,0,0,0,0,0,152,0,0,49,0,94,48,117,0,68,35,81,0,58,142,78,0,293,0,100,37,0,0,58,0,72,0,32,0,41,0,33,34,95,57,49,30,104,81,83,260,0,0,49,64,0,131,0,0,169,0,57,56,0,33,0,242,161,0,0,0,97,64,32,0,57,334,248,58,0,44,0,85,37,0,0,36,0,39,0,0,28,71,60,311,99,0,0,0,130,0,0,0,0,0,0,125,0,0,0,0,85,0,38,35,0,0,181,129,0,66,0,74,0,87,0,38,75,206,0,0,70,0,0,58,215,0,82,0,25,0,0,0,0,0,0,72,0,83,0,40,0,0,135,0,0,0,0,44,45,0,106,73,60,0,43,57,150,79,55,0,42,0,0,162,0,309,51,22,105,78,40,23,68,0,532,157,69,0,76,291,64,41,0,297,2062,80,0,0,106,0,0,40,0,113,105,0,0,0,86,51,29,243,127,0,20,61,35,387,94,0,0,0,49,169,43,0,41,0,0,0,172,47,0,148,0,0,221,0,49,56,59,58,0,0,0,0,0,35,0,23,134,0,0,0,67,310,0,122,0,129,382,0,39,75,452,153,45,0,0,0,44,330,49,134,0,0,108,0,58,41,68,299,97,0,0,87,0,0,57,46,43,609,0,70,68,0,22,0,676,0,60,23,357,87,84,90,0,0,118,0,0,44,0,69,0,0,152,0,72,0,0,35,239,71,203,245,0,207,64,18,78,55,89,40,87,0,19,0,0,0,107,0,0,49,42,106,0,0,218,101,162,124,77,40,33,0,0,0,105,0,104,36,51,0,0,0,120,0,91,159,0,45,28,55,0,0,0,0,142,78,0,0,149,371,88,66,123,0,128,46,0,0,0,90,60,0,132,0,0,186,0,59,241,129,128,26,0,61,0,193,62,78,205,95,29,0,73,0,0,0,54,0,287,29,30,132,146,0,131,76,79,0,79,0,174,26,0,0,0,0,182,0,0,0,0,133,0,63,235,18,51,0,0,48,33,115,121,35,23,0,67,40,0,0,85,35,141,450,0,101,71,275,0,0,0,44,90,112,0,0,0,0,0,0,0,38,207,296,82,0,169,0,110,476,34,0,0,163,0,42,0,0,0,44,0,72,0,30,0,142,68,95,139,108,70,44,0,29,76,123,124,0,0,107,23,109,0,0,0,48,67,57,126,0,0,115,62,0,40,0,38,44,0,78,0,0,0,0,166,0,0,414,0,63,40,404,392,0,0,87,514,0,110,79,0,88,100,57,106,0,34,407,80,0,0,82,155,37,196,0,248,0,61,0,289,0,42,79,60,0,120,59,104,34,83,0,138,39,70,0,65,55,190,0,372,0,39,134,0,0,93,32,54,67,228,94,0,218,293,42,0,0,0,112,53,0,297,129,80,524,229,482,105,0,0,0,99,112,31,45,197,0,0,47,440,154,153,71,306,215,0,95,0,0,33,0,0,30,48,0,208,25,0,97,0,27,48,65,37,0,0,50,0,0,36,174,150,95,0,0,0,254,33,0,0,57,217,33,0,0,0,0,0,178,97,310,0,0,53,0,0,61,0,45,74,45,66,56,46,0,463,70,66,97,87,30,99,0,203,130,101,427,38,0,0,165,183,0,347,20,0,50,124,0,46,140,121,0,0,56,0,0,64,31,0,0,0,0,298,0,90,68,0,97,55,0,196,0,316,0,0,0,217,54,117,153,0,0,25,50,0,0,0,0,43,0,27,0,0,33,458,79,62,40,0,83,32,0,128,0,56,87,0,110,0,58,73,163,0,67,112,150,82,0,0,58,142,320,0,74,0,65,48,242,329,163,199,0,78,73,0,463,231,100,301,0,130,199,100,0,66,121,102,48,0,138,64,0,51,0,53,129,0,121,225,24,38,166,0,56,33,93,0,44,71,89,74,0,89,146,0,0,55,51,562,0,44,160,76,94,289,120,0,95,59,618,47,35,0,357,45,74,0,492,0,0,56,278,0,34,153,136,325,61,521,0,1140,126,72,63,48,0,54,47,0,77,111,0,0,0,0,150,61,90,285,107,85,164,0,103,73,281,593,142,118,105,48,21,102,68,64,0,97,105,64,0,0,58,41,55,96,308,0,263,764,69,289,77,112,113,105,74,259,269,53,0,95,0,32,92,244,0,137,109,216,216,0,320,39,104,0,438,1471,195,171,0,230,57,0,89,0,56,45,36,36,92,0,82,0,79,874,0,36,0,82,44,49,350,0,154,51,82,24,83,0,56,88,34,203,0,31,136,57,68,0,78,85,239,145,544,43,82,233,81,0,517,72,132,326,0,73,0,0,199,62,455,0,0,234,685,0,46,0,145,43,0,36,47,93,46,17,31,54,471,173,87,79,157,45,43,183,0,0,56,265,88,0,144,210,0,245,58,151,0,0,109,130,0,63,116,113,0,84,398,282,58,80,19,0,0,81,439,557,55,29,107,26,845,253,0,210,0,59,60,0,47,0,44,41,0,288,0,0,152,32,21,96,0,43,60,295,54,48,87,0,155,31,44,38,98,0,0,0,0,0,236,0,0,43,162,64,44,94,0,0,92,41,188,0,0,50,15,68,0,81,0,47,0,44,0,123,0,94,0,0,76,0,61,119,77,63,0,0,54,30,207,287,259,0,0,0,42,168,0,42,17,198,60,57,44,79,108,0,27,0,0,81,78,37,86,0,0,81,28,0,170,0,0,69,0,0,60,48,53,103,136,30,0,127,0,221,61,31,185,178,47,326,36,42,2398,0,68,0,30,0,0,347,0,48,201,0,0,37,314,101,0,0,47,104,0,0,215,26,42,29,149,0,87,0,63,127,0,0,0,0,51,44,82,0,280,34,0,0,1553,557,24,471,0,95,48,148,46,56,126,0,207,0,64,0,80,0,500,0,73,0,419,0,232,365,0,344,34,0,0,0,0,333,117,31,111,141,81,47,285,0,360,0,82,254,0,0,67,174,0,90,71,0,58,0,73,126,64,92,164,0,380,161,86,70,171,46,0,365,0,0,268,0,0,169,0,0,34,241,0,57,330,110,0,0,158,71,0,73,166,0,269,100,40,0,77,63,84,86,0,109,67,0,196,139,92,473,25,81,0,0,128,26,65,0,204,175,183,118,53,65,42,0,0,153,0,29,367,39,0,59,172,68,73,47,55,0,49,0,0,186,185,69,0,71,259,65,309,0,51,102,35,85,232,0,0,0,173,110,0,194,54,60,34,89,0,0,262,0,102,0,115,232,0,0,230,206,64,28,263,63,181,0,30,132,696,0,166,0,65,65,120,26,40,119,362,115,82,220,198,0,8,361,79,41,87,105,360,0,104,55,147,0,41,0,255,0,0,476,0,160,66,52,87,33,32,102,60,58,62,353,0,40,0,0,37,105,0,93,140,228,58,35,54,75,0,61,43,37,109,51,75,83,0,390,70,107,125,30,38,0,0,441,331,65,107,64,0,264,53,0,193,189,87,61,65,45,43,153,121,0,50,61,567,40,0,48,95,396,0,82,0,20,37,310,184,47,0,57,240,81,130,0,218,44,104,0,421,0,33,0,788,0,413,38,95,0,34,71,105,49,63,48,276,90,64,133,147,117,0,101,45,162,37,70,48,158,347,0,0,794,0,0,41,150,215,45,90,333,163,0,55,0,62,49,187,105,298,732,103,94,49,0,0,94,0,94,379,0,0,52,0,33,156,0,0,152,270,0,305,0,81,41,0,305,216,0,124,108,65,396,166,409,35,0,0,329,0,225,48,84,71,106,0,0,56,0,61,0,113,0,0,626,61,80,0,0,0,43,75,169,0,332,0,117,94,0,49,41,139,0,405,204,33,105,107,53,126,100,87,0,112,122,81,72,0,86,185,98,0,156,0,0,414,27,155,46,152,65,273,518,38,230,145,100,70,23,50,89,224,147,143,145,53,121,150,0,33,33,66,69,48,0,113,126,130,102,270,0,57,73,126,0,0,47,93,0,122,96,520,60,215,132,53,51,532,115,0,116,284,26,290,167,0,89,128,217,193,108,0,380,0,162,72,69,0,110,114,139,0,63,0,302,0,196,197,71,285,43,0,170,267,41,0,206,108,0,44,110,49,236,272,0,145,60,0,0,507,0,73,469,58,70,0,0,134,110,0,306,173,613,0,82,46,86,0,49,184,72,193,122,40,148,291,81,211,976,185,176,0,64,71,202,289,253,107,126,975,0,37,164,216,193,0,430,251,54,75,0,0,57,457,407,337,478,129,39,43,52,26,50,157,0,0,117,0,280,0,0,395,0,53,0,0,141,220,113,72,219,101,327,186,55,59,384,82,50,0,0,429,807,40,127,32,65,72,0,323,90,154,426,90,124,200,310,0,49,0,0,151,166,566,0,136,0,157,287,136,199,0,0,122,0,273,0,330,0,132,0,160,37,39,225,309,0,0,70,613,71,83,0,1774,0,47,0,0,0,0,412,78,87,130,989,0,0,57,0,37,165,116,106,38,30,96,58,139,160,0,157,278,0,47,52,25,0,37,65,219,66,389,112,49,427,115,107,133,63,157,100,67,0,0,61,71,48,67,60,76,59,89,0,35,0,264,125,0,0,0,0,89,165,80,149,89,34,0,36,0,67,59,138,707,263,257,178,0,0,43,0,107,80,46,0,187,210,541,177,280,100,105,165,57,0,0,115,76,0,62,42,89,136,0,317,214,0,116,174,0,100,0,0,226,34,141,53,601,84,0,99,73,486,194,0,349,67,44,120,83,292,19,91,76,0,0,45,47,69,401,41,509,99,0,67,242,0,0,51,188,158,0,168,0,0,265,141,67,0,70,30,12,513,0,437,0,87,64,46,239,299,53,0,70,71,52,113,63,175,55,106,0,0,315,65,88,994,38,48,24,48,60,32,41,0,63,109,91,169,49,127,0,0,203,92,135,86,142,0,0,84,90,99,0,276,35,35,144,0,0,248,149,0,205,92,179,26,107,80,0,74,0,0,0,128,0,184,157,0,406,380,48,0,0,0,163,0,111,240,104,666,182,163,185,65,90,41,116,136,41,94,120,361,649,211,122,56,0,99,177,0,0,25,159,25,114,34,82,35,564,55,0,0,90,77,147,348,0,376,52,247,0,34,0,112,0,79,443,162,46,825,0,0,179,168,64,124,46,0,0,88,122,94,62,0,511,59,0,0,0,0,73,323,97,43,46,134,34,0,1321,0,0,546,212,174,32,521,34,483,119,0,249,180,0,51,153,34,0,238,77,265,157,204,132,89,77,62,0,0,1444,103,0,0,0,887,25,247,261,329,237,36,0,119,190,75,0,0,493,0,68,106,76,349,253,175,159,253,416,44,37,88,114,51,63,0,150,0,578,297,61,46,44,209,90,104,114,71,139,274,366,241,82,151,33,55,118,0,103,29,0,0,0,246,120,54,0,1121,39,0,248,41,0,80,482,0,85,164,331,57,0,0,121,120,80,45,0,288,938,111,26,54,132,57,99,39,125,300,0,101,234,88,149,54,71,354,0,0,41,47,48,65,67,242,263,60,91,96,28,131,133,94,202,46,39,402,0,49,296,71,82,43,108,333,172,184,71,87,0,38,83,80,92,237,89,0,0,383,198,127,117,48,127,354,127,249,0,49,710,166,436,68,406,197,294,201,218,0,127,133,106,201,170,103,98,49,1031,75,235,0,44,104,18,449,0,70,111,941,0,87,444,72,131,72,351,40,226,318,126,78,1141,0,666,169,345,55,79,352,0,74,143,324,164,70,0,49,126,82,54,188,182,72,188,0,114,241,521,0,144,81,32,147,0,30,92,36,0,103,119,443,532,46,80,0,33,80,49,83,553,29,123,430,0,65,0,108,158,388,0,0,142,170,41,39,65,181,67,0,88,51,37,31,472,124,115,187,256,196,284,129,0,107,0,0,28,157,50,153,35,0,116,59,51,0,0,289,0,237,174,129,117,188,0,175,0,25,592,97,576,0,141,45,0,89,49,0,90,148,410,222,0,368,154,327,0,110,0,226,53,62,0,71,41,65,56,66,259,236,52,119,29,0,300,74,0,0,0,48,695,72,95,0,68,69,105,116,175,164,58,119,45,104,250,491,62,44,682,88,310,72,67,156,0,0,44,495,0,84,0,98,80,38,51,0,0,321,41,69,66,94,106,0,160,0,108,0,65,206,809,591,140,95,93,211,379,112,244,0,218,116,275,53,122,202,201,175,83,126,0,141,191,0,142,150,0,54,144,192,495,50,274,29,241,69,0,0,0,0,170,423,0,874,219,0,670,14,0,0,187,0,114,94,841,0,0,92,294,0,0,204,63,0,190,32,124,29,140,129,232,1274,99,30,322,76,150,52,321,0,133,81,0,45,263,104,373,0,38,123,36,152,375,0,76,191,65,353,771,75,61,96,0,0,0,1530,158,0,46,100,150,72,45,0,33,0,0,138,79,85,55,0,101,0,0,493,153,120,179,0,111,0,805,29,22,0,0,0,24,29,95,207,0,102,120,236,88,133,98,0,38,61,73,68,39,45,153,67,53,87
318,0,0,0,52,42,0,36,0,43,0,52,0,40,0,172,84,143,0,46,0,142,0,85,34,65,0,0,73,0,0,0,0,0,0,129,0,0,0,133,90,0,0,0,0,0,90,0,172,0,85,0,82,61,47,40,0,0,0,0,0,63,0,275,0,59,67,54,0,0,228,0,0,0,0,217,121,0,108,0,224,0,42,44,295,0,60,0,0,0,51,41,0,0,128,0,73,0,0,0,0,0,32,276,53,0,50,0,79,79,178,33,126,97,83,36,65,169,0,0,240,0,110,0,0,0,0,0,129,0,131,0,142,0,30,64,114,0,111,90,83,16,162,256,0,0,0,54,125,143,0,0,100,32,54,0,0,115,21,162,0,36,0,102,33,0,82,0,43,221,184,75,0,0,0,66,0,91,130,0,0,193,0,0,54,52,38,628,178,0,0,0,162,65,77,0,68,0,0,0,0,38,62,0,191,0,54,13,0,80,185,86,0,57,0,104,35,52,0,28,79,96,0,0,152,0,0,43,288,0,65,0,0,47,0,0,39,56,151,47,0,125,0,0,0,0,125,0,48,0,0,0,135,55,100,80,0,0,47,86,248,0,68,0,89,0,0,273,89,289,0,49,209,268,0,0,39,0,397,205,0,0,143,187,119,0,0,278,968,75,48,0,39,0,0,38,0,0,89,0,44,0,102,0,0,483,312,164,34,99,0,53,139,0,19,0,89,202,67,68,54,55,0,55,267,91,0,207,0,31,102,0,121,60,176,127,0,0,0,99,29,120,36,49,83,47,0,0,114,468,136,90,0,133,512,0,0,120,636,269,101,43,127,61,58,388,368,160,24,63,159,0,84,55,84,243,126,0,0,159,62,71,71,0,0,738,64,183,79,36,0,41,208,35,96,36,119,85,134,417,0,62,116,0,24,44,28,89,29,0,206,0,102,22,0,53,244,20,230,204,0,258,89,0,130,108,66,89,136,0,0,0,96,0,299,0,35,139,0,239,0,0,446,116,196,228,102,44,46,62,0,0,107,0,123,0,71,40,0,38,174,54,205,267,0,65,40,54,0,0,52,0,47,0,32,32,142,362,241,0,242,87,61,179,123,0,0,83,233,206,158,125,54,417,77,74,197,132,356,0,0,221,83,387,148,158,283,89,49,0,67,45,0,50,28,0,243,84,62,131,131,52,143,388,116,0,48,121,278,23,0,22,0,0,145,0,35,0,0,133,0,134,55,0,0,0,86,45,0,280,244,123,0,35,70,46,0,49,86,82,227,508,0,66,73,414,0,41,0,39,273,134,49,0,0,0,0,138,24,35,216,180,127,0,420,0,209,486,49,0,71,479,0,105,0,0,0,75,0,127,0,0,69,45,37,136,53,187,0,0,0,22,32,47,149,34,68,56,0,43,0,57,0,0,40,0,52,45,0,213,162,0,28,46,0,24,57,0,0,0,0,0,276,0,0,208,0,0,0,301,141,93,0,59,412,0,82,71,79,159,114,0,54,0,55,116,54,80,0,97,199,0,191,30,364,50,63,64,312,0,0,0,46,72,134,0,51,61,235,0,280,40,27,0,75,41,278,0,365,0,0,82,0,82,108,68,76,84,108,0,35,198,90,0,0,0,0,68,204,57,299,0,118,490,97,235,129,92,0,0,117,59,0,34,69,0,0,25,220,116,283,52,839,90,0,124,0,0,101,0,0,75,53,0,109,0,0,34,0,0,0,108,53,46,0,114,0,47,0,72,239,148,68,39,37,210,0,36,56,61,189,87,81,35,0,0,141,56,109,289,0,0,62,57,0,57,0,94,49,0,102,79,60,60,240,89,248,129,81,0,65,37,0,300,33,203,44,0,30,50,105,0,190,60,39,27,66,71,0,213,223,0,0,84,0,0,198,83,25,0,0,68,101,0,147,125,0,142,0,0,103,0,144,0,0,0,442,97,0,358,0,49,22,226,0,91,0,0,0,0,0,0,0,0,302,94,0,49,0,28,47,75,93,0,49,107,0,164,0,40,0,24,0,89,190,152,313,56,37,69,37,512,0,70,0,65,0,383,383,332,247,52,58,29,47,620,219,108,139,0,127,177,141,59,71,119,40,52,65,53,47,59,0,0,98,85,155,123,88,0,47,116,0,92,43,120,45,161,58,70,70,0,117,387,54,33,25,0,140,74,114,96,167,45,280,132,0,133,88,307,72,0,0,191,135,45,0,713,52,0,81,453,0,0,204,128,446,84,1312,40,1419,253,76,64,44,0,40,39,0,148,148,0,120,72,0,108,144,110,294,113,68,99,0,51,59,142,811,263,63,49,0,48,185,83,84,0,427,208,0,30,0,207,81,65,101,71,0,275,472,90,172,45,59,77,70,0,232,141,58,0,58,0,186,90,290,0,144,174,212,258,0,159,58,132,81,306,1057,126,119,0,182,154,49,281,0,69,76,88,41,67,0,251,0,59,749,0,0,0,78,0,36,348,0,166,52,68,66,41,0,48,198,34,98,0,42,111,82,0,0,115,56,317,53,398,0,133,644,89,0,397,79,154,147,117,87,0,0,212,202,382,0,35,134,1229,0,0,47,171,126,0,100,33,72,21,104,0,42,574,179,70,93,95,173,244,284,0,48,66,162,33,48,107,252,152,26,102,376,0,175,121,80,0,84,112,311,0,147,453,222,56,0,39,0,75,39,301,407,194,63,284,75,465,199,0,148,98,0,48,0,48,0,77,50,0,397,0,26,74,78,0,334,0,64,100,0,31,81,73,0,199,58,0,33,169,0,0,80,35,0,169,0,0,53,147,55,105,124,0,0,152,63,232,0,41,95,0,108,0,157,0,36,0,56,0,111,0,0,0,0,87,0,80,84,84,80,0,0,0,0,187,350,177,0,0,0,0,544,43,24,0,121,33,19,80,96,85,0,0,100,35,89,59,50,115,0,0,49,46,50,323,0,130,93,0,0,268,62,39,144,154,0,31,136,0,197,0,0,164,143,98,194,38,0,743,39,208,0,132,94,57,610,23,15,69,0,66,0,306,82,0,0,0,128,0,0,137,0,59,0,231,41,189,0,264,151,0,50,0,0,42,50,0,0,174,0,0,51,1213,651,65,469,36,97,83,148,101,0,74,35,341,0,89,51,61,0,505,20,82,36,319,0,400,85,0,219,56,0,24,0,0,136,44,0,93,70,152,0,285,0,384,0,0,285,0,65,120,66,93,178,112,0,69,61,161,125,0,180,232,0,334,301,73,227,170,40,30,37,0,0,605,0,0,122,0,0,55,228,0,111,153,119,43,34,179,0,0,154,53,0,136,103,0,0,51,0,112,63,0,169,107,0,155,139,247,326,65,97,55,0,154,37,0,39,435,384,229,123,55,74,0,0,59,352,47,79,224,0,0,52,55,0,42,73,83,0,98,0,0,98,297,141,0,0,182,81,115,0,114,157,62,43,353,0,0,0,88,58,0,89,91,0,0,71,0,18,165,0,108,0,315,97,47,0,83,273,30,35,326,29,132,0,43,41,436,0,99,0,40,87,112,0,67,132,330,98,75,155,1012,0,0,180,89,32,85,136,181,0,79,93,39,101,0,35,119,0,0,738,0,63,68,71,0,189,31,0,0,77,33,455,0,82,0,33,47,33,0,0,137,259,63,40,77,81,93,89,0,205,142,51,0,0,69,512,69,126,72,52,0,0,16,268,437,105,124,97,48,207,0,0,104,171,72,171,250,27,221,132,118,73,35,68,149,0,0,73,108,233,0,107,0,0,0,616,103,62,66,0,440,128,50,53,160,0,187,49,247,0,0,0,420,75,566,160,77,0,54,67,122,79,61,0,91,55,54,63,44,206,0,57,0,108,25,86,26,67,95,0,0,352,73,0,25,189,197,19,77,174,156,0,55,0,56,0,43,76,215,942,37,91,168,0,0,0,0,85,373,0,33,65,0,42,281,23,24,88,545,46,95,0,42,61,25,131,246,229,187,47,0,234,102,746,0,43,0,244,0,98,100,128,0,70,53,0,0,0,42,0,133,41,60,539,0,0,0,0,0,0,56,150,0,230,0,50,127,0,0,0,44,0,321,97,0,225,104,63,149,137,135,0,126,62,99,0,0,126,85,85,0,179,0,0,566,0,114,38,78,137,376,178,49,328,66,27,0,0,0,115,398,85,160,318,0,42,33,0,0,59,37,28,90,0,117,0,109,97,178,118,0,85,88,0,0,43,64,0,68,177,410,0,76,39,85,0,262,156,164,37,277,19,303,153,0,65,45,489,114,81,0,106,67,122,0,49,0,40,118,130,0,0,0,69,57,188,181,408,130,0,0,98,320,63,0,151,97,0,0,76,50,208,430,48,83,129,0,0,463,72,0,563,119,75,0,42,95,46,0,682,89,299,0,130,80,62,0,0,67,0,145,0,68,87,61,171,134,359,133,142,0,0,116,159,178,153,120,105,569,47,42,221,173,129,76,230,219,83,45,0,52,0,110,403,218,147,101,0,70,0,0,0,0,0,0,239,0,274,0,0,301,68,0,0,0,0,135,63,45,270,81,359,342,0,0,272,28,46,0,0,139,937,0,67,0,72,73,0,233,75,280,553,131,71,50,64,0,0,12,32,223,148,283,0,69,36,113,163,50,82,56,0,232,0,221,0,160,0,118,0,104,0,0,39,256,0,50,24,487,56,166,0,2130,0,71,0,0,0,0,318,34,155,91,689,34,0,0,0,0,250,0,53,44,56,105,56,68,87,0,28,507,66,124,76,54,41,143,113,90,97,349,76,0,388,168,192,70,96,120,151,0,40,47,43,61,0,136,97,68,255,136,53,55,0,381,171,80,0,78,37,104,211,108,84,203,0,48,65,0,81,105,134,532,166,475,167,0,21,0,0,99,69,91,0,294,204,469,147,109,213,161,236,61,133,0,86,89,54,46,0,108,47,39,370,530,0,137,171,38,131,0,0,186,46,196,79,452,86,91,122,115,327,341,0,144,113,82,80,101,310,108,127,82,0,101,112,46,140,166,104,136,156,44,0,309,70,64,0,133,215,0,336,0,0,290,166,118,74,84,48,0,874,0,393,90,104,99,52,258,236,79,0,0,27,43,58,53,241,34,115,0,0,1125,87,147,994,130,63,0,67,226,60,75,0,75,201,0,242,203,128,0,43,217,99,132,124,118,39,0,89,68,60,0,219,37,89,341,0,0,178,164,0,131,85,63,0,98,196,94,48,29,0,74,152,0,214,292,40,236,400,0,43,0,31,263,0,136,178,110,392,57,200,58,100,209,0,85,235,71,179,156,289,371,157,218,50,0,52,90,47,58,63,270,0,68,134,219,74,516,97,0,76,163,28,183,283,88,593,77,185,0,0,0,198,63,245,499,188,42,935,0,0,108,184,129,162,44,0,22,196,119,90,120,0,688,71,0,0,0,47,51,133,63,29,0,88,0,49,1348,0,18,1266,76,122,0,204,25,334,209,0,255,156,40,0,197,0,0,116,32,256,102,90,139,62,88,69,64,0,1021,150,22,0,30,567,0,89,213,263,150,0,38,81,100,124,68,0,339,0,84,95,0,664,107,430,143,118,440,56,0,69,87,85,47,0,129,33,370,340,41,45,40,190,136,0,162,82,104,126,338,268,40,127,76,128,151,39,68,67,51,0,17,66,202,186,43,427,48,0,208,0,0,176,296,0,52,142,225,100,0,0,146,100,72,0,0,140,1942,134,0,52,190,45,50,0,141,518,67,159,336,77,76,36,146,392,93,0,0,62,65,0,60,189,148,50,85,76,0,81,67,94,198,55,0,490,0,41,159,47,126,62,66,303,243,257,58,86,0,48,59,0,57,658,173,0,0,335,131,119,92,40,135,169,84,149,0,67,1140,109,488,0,204,137,250,170,279,0,124,109,0,347,87,111,0,35,378,43,154,0,0,145,0,300,0,67,41,661,0,0,294,203,91,115,298,0,124,322,98,0,799,0,505,119,260,0,96,583,43,128,76,191,46,37,0,34,130,34,0,131,140,46,145,0,125,160,219,0,192,0,0,110,0,18,46,69,104,57,128,276,366,45,174,0,0,109,0,199,175,38,139,270,0,70,0,57,163,212,0,41,136,286,0,38,80,104,49,0,87,161,44,0,327,34,85,195,203,243,304,114,0,71,0,0,29,308,0,107,59,0,118,92,0,0,0,834,0,134,115,182,77,60,122,102,0,0,675,217,249,0,168,66,0,87,32,0,79,132,567,274,39,222,182,166,0,140,0,103,89,47,47,0,55,50,0,71,470,366,0,92,42,0,157,128,0,0,61,45,661,166,69,0,44,48,0,66,96,72,63,115,53,87,119,652,0,0,772,90,53,39,154,128,0,0,105,194,0,88,0,93,54,140,69,0,35,140,0,73,40,123,0,60,148,0,68,0,172,354,94,1096,43,142,0,219,95,63,311,0,201,81,158,65,182,129,221,285,126,71,0,133,127,0,194,260,0,60,153,149,70,63,81,75,142,20,0,0,70,73,200,199,0,1800,83,0,229,42,14,78,74,0,83,117,332,0,0,60,144,0,0,192,53,0,101,0,292,38,138,144,156,131,94,0,301,92,185,0,300,0,158,30,0,34,365,76,132,0,44,46,58,394,152,49,38,417,97,649,384,0,0,78,64,50,0,725,325,0,0,84,244,53,0,0,41,65,54,95,61,91,76,0,118,50,15,328,182,0,267,0,53,0,917,44,0,0,0,0,0,15,0,711,0,121,193,531,49,38,19,36,0,92,96,65,0,150,415,26,71,110
319,0,0,0,0,0,43,0,0,9,0,31,0,0,0,66,0,0,0,0,0,100,0,0,73,36,0,0,0,0,0,0,0,0,24,0,70,0,0,90,0,0,0,0,87,0,0,0,51,0,0,0,80,55,0,49,0,18,0,0,0,83,0,0,0,0,0,0,0,0,167,0,39,0,0,89,0,0,158,47,0,0,0,100,138,27,0,0,0,0,69,0,0,0,0,0,0,0,0,0,0,0,0,40,0,0,0,0,120,0,82,0,0,31,0,0,0,0,0,0,111,0,74,0,0,0,0,0,0,0,0,0,133,0,121,0,43,58,0,0,33,0,49,38,0,0,0,0,0,0,0,0,43,23,0,43,0,49,0,25,77,0,0,111,34,74,0,0,49,60,0,41,0,0,0,0,0,0,46,0,0,0,0,0,0,0,0,53,120,0,0,0,0,50,0,0,0,0,0,31,0,20,0,0,135,0,0,0,0,27,90,0,0,0,0,24,0,0,0,0,0,0,0,0,84,0,0,40,0,0,0,0,0,0,0,0,0,57,80,0,0,65,0,0,0,0,62,0,0,0,0,31,93,0,0,18,0,0,0,0,0,108,0,0,0,0,0,216,52,238,0,0,61,147,50,0,0,0,165,44,0,0,0,69,42,42,42,110,231,22,71,65,0,0,0,0,0,26,43,0,47,0,115,0,0,186,163,51,0,0,0,174,0,0,0,29,34,83,55,0,0,0,0,0,0,47,0,82,0,0,104,0,37,0,118,37,0,0,0,0,0,66,0,54,0,0,0,0,0,375,67,62,0,217,485,0,34,0,374,149,57,33,48,0,70,224,111,166,0,0,178,0,0,31,40,152,115,0,0,0,0,0,0,0,26,264,0,51,0,0,0,0,145,0,0,0,320,46,32,53,0,0,76,0,0,0,40,59,0,0,75,0,51,0,0,0,206,95,48,108,0,117,54,0,35,65,0,0,84,0,0,0,0,0,0,0,0,71,0,164,0,0,119,61,79,214,139,0,34,0,0,0,80,0,0,0,33,0,0,0,51,33,51,57,24,0,0,0,0,0,0,0,180,28,23,38,0,175,115,39,35,0,106,61,0,0,0,48,98,57,86,30,0,94,0,36,62,69,53,0,0,128,0,251,0,165,97,129,0,0,52,23,0,0,0,0,91,39,59,51,75,0,60,138,158,0,0,0,158,0,0,0,0,0,127,0,0,0,0,58,0,121,85,0,0,0,48,25,54,226,0,54,0,42,0,0,0,0,0,29,113,419,0,0,65,39,47,0,0,0,36,78,0,0,0,0,0,49,0,0,82,135,0,0,253,0,111,141,53,0,0,262,0,110,0,0,0,76,0,25,0,0,0,70,30,58,0,80,42,48,0,0,113,260,119,0,0,91,0,34,0,0,0,0,55,0,0,0,0,71,105,0,0,34,0,0,36,0,0,0,0,0,110,0,0,46,0,51,0,71,69,0,0,0,208,0,44,21,0,92,0,0,53,0,0,30,0,0,0,0,0,0,0,28,77,0,0,0,115,0,0,0,33,0,53,0,0,0,73,0,0,0,0,0,0,0,106,0,104,0,0,0,0,34,0,0,0,0,65,65,0,141,123,0,0,0,0,0,126,0,101,57,0,275,180,90,103,0,0,0,62,95,0,0,32,0,0,0,60,46,85,43,971,0,0,96,0,0,0,0,0,0,23,0,87,0,0,0,0,0,0,0,0,0,0,100,0,0,0,153,127,37,0,0,0,0,47,0,0,67,62,0,38,0,0,0,76,0,78,233,0,0,0,0,0,29,0,0,0,51,0,0,46,0,118,0,0,41,0,0,49,0,164,92,0,108,0,0,0,0,126,0,260,14,0,0,37,40,0,88,69,0,0,0,0,0,0,0,0,0,0,0,296,0,0,0,0,94,55,0,129,0,0,0,0,0,80,111,58,207,0,0,0,123,0,0,0,0,0,0,0,0,0,41,44,67,0,0,0,0,0,0,0,0,43,0,0,43,0,0,0,112,0,74,53,63,39,0,0,26,55,0,0,0,0,0,38,90,80,0,0,0,0,0,0,298,82,0,0,0,49,0,0,0,0,0,0,0,0,56,0,0,28,0,0,0,0,75,90,0,0,0,0,0,32,40,0,55,0,0,58,0,79,0,0,0,20,0,218,0,0,64,0,58,47,95,0,63,56,175,0,0,0,168,0,37,0,130,0,0,0,0,0,0,0,0,129,0,105,0,270,0,0,0,29,0,0,0,0,0,0,0,45,0,0,69,41,0,0,81,0,30,0,0,0,176,579,120,38,41,0,0,0,0,57,0,65,120,0,0,0,0,0,0,0,146,0,185,133,0,135,0,0,93,0,0,176,62,0,0,0,0,0,0,126,0,0,45,72,0,0,228,48,0,0,136,308,77,0,0,58,0,0,45,0,0,0,0,0,40,0,103,0,48,125,0,0,0,0,0,0,129,0,76,35,41,0,34,0,0,65,0,146,0,38,0,0,0,0,0,33,55,49,0,0,68,113,35,0,92,51,0,146,0,0,0,0,0,0,84,0,0,119,362,0,0,0,63,48,0,0,0,0,0,38,0,0,99,0,0,0,0,0,56,0,0,0,0,177,0,0,40,92,40,0,52,70,0,42,0,0,0,0,0,0,0,73,200,0,0,0,28,0,0,37,0,0,0,0,30,0,102,92,0,143,0,23,38,0,0,0,0,0,0,0,0,0,35,0,0,150,0,0,0,113,0,0,0,0,0,0,0,0,0,0,0,0,16,0,75,0,0,0,0,0,38,0,0,0,17,0,186,0,0,80,0,0,0,65,0,0,0,35,0,0,0,48,0,0,61,0,0,0,0,0,0,0,0,0,69,0,96,0,0,0,0,62,56,0,0,98,0,0,0,25,0,0,0,0,0,0,40,0,0,0,0,38,0,0,55,0,132,0,0,0,43,0,27,119,31,0,0,30,0,67,0,0,0,0,42,144,0,0,807,0,0,0,26,0,0,243,0,0,0,0,0,0,95,0,0,0,0,0,0,0,0,0,0,0,0,0,0,0,34,48,0,0,0,0,0,0,0,0,58,0,0,0,270,132,33,0,0,0,0,0,0,0,0,0,0,34,0,0,0,0,113,0,43,0,47,0,115,65,0,19,22,0,0,0,0,121,0,0,74,72,209,0,0,0,61,0,0,0,0,0,0,0,0,0,0,0,0,0,0,78,0,38,40,0,45,23,0,20,0,0,0,119,0,0,251,0,0,0,0,0,0,0,0,0,69,0,0,0,42,0,33,58,0,0,68,0,0,0,0,35,0,0,0,0,23,0,33,0,52,46,0,0,0,0,0,0,0,0,0,177,45,0,0,39,0,0,0,131,24,0,67,0,0,0,49,0,0,0,0,0,0,0,0,0,118,0,0,39,95,0,139,0,21,85,0,0,118,0,0,0,68,36,0,86,26,0,0,0,0,0,120,0,37,0,189,86,0,0,179,73,0,0,143,0,74,0,0,62,115,0,224,0,0,0,105,0,0,0,48,47,46,63,427,0,0,216,0,0,0,64,62,0,48,0,0,0,0,0,106,0,0,264,0,30,0,0,55,131,0,31,0,93,0,171,0,0,0,0,0,35,0,36,176,0,48,0,0,0,41,0,0,81,0,49,0,0,0,195,0,55,0,0,0,82,0,53,214,39,0,0,0,131,0,0,74,76,0,102,66,0,89,71,21,50,0,0,126,0,0,0,0,76,0,0,0,0,0,273,67,0,54,0,112,85,76,54,109,0,0,0,250,0,0,0,0,0,497,81,0,0,0,82,157,0,87,0,177,49,67,0,52,0,0,0,0,69,0,0,0,0,207,0,0,263,33,0,0,128,102,0,48,164,73,48,0,26,0,0,0,56,110,555,0,0,109,0,0,0,0,0,77,0,0,0,0,0,0,0,0,63,253,0,0,0,39,40,0,103,0,67,74,0,0,53,95,0,0,0,0,131,0,85,0,73,94,53,0,0,48,0,0,0,58,0,52,0,38,0,0,0,0,0,0,49,0,360,0,73,56,0,0,25,0,0,52,48,0,40,0,0,118,142,0,0,35,0,0,0,0,70,0,0,42,45,0,0,364,0,0,0,0,0,239,0,0,194,0,0,0,0,0,0,96,29,48,33,0,0,0,0,0,0,0,0,0,0,106,0,31,32,51,76,0,45,0,0,0,0,0,0,0,0,69,0,37,40,0,0,104,0,41,0,48,0,41,0,0,47,0,18,56,84,0,102,0,0,0,44,0,39,0,180,0,0,0,0,0,75,25,131,67,0,0,0,132,0,0,0,69,0,0,0,0,52,0,0,104,0,0,0,180,0,0,321,0,0,0,0,0,0,0,0,56,121,0,0,0,0,0,0,0,0,65,0,52,29,0,48,0,0,55,146,0,0,0,0,57,50,0,67,221,0,0,70,51,0,0,44,201,0,0,0,0,0,33,198,144,129,0,0,69,0,0,0,0,0,0,24,0,251,0,0,90,0,0,0,0,0,0,0,0,64,91,121,78,0,0,0,0,0,0,0,146,382,0,0,0,0,0,0,0,51,54,122,54,0,0,0,0,0,0,0,78,0,53,0,0,0,106,38,53,71,0,0,106,0,46,0,63,0,37,0,0,0,0,63,0,0,0,0,332,74,38,0,443,0,0,0,0,0,0,176,0,0,21,309,0,0,0,0,0,168,44,0,0,0,29,0,0,45,11,0,39,0,51,0,40,0,0,38,59,54,0,70,0,196,63,35,0,38,70,0,0,0,16,40,0,0,30,29,0,107,34,0,0,0,129,0,65,0,0,0,74,78,76,0,0,0,0,0,0,55,83,41,0,106,279,106,0,0,0,0,0,0,0,53,62,90,232,0,73,0,44,57,0,100,0,0,0,0,0,0,0,0,0,89,299,0,0,105,0,51,0,0,30,0,0,0,322,0,0,0,0,91,148,0,0,0,0,0,48,181,0,70,76,0,74,34,0,62,133,30,51,75,0,0,82,0,43,0,57,79,0,39,0,0,253,133,0,38,0,0,0,500,0,0,72,16,38,0,0,107,0,0,0,0,0,21,0,68,0,43,21,0,222,28,50,70,0,0,0,26,43,0,55,0,0,82,0,84,115,72,0,0,0,71,67,22,0,0,0,47,0,0,0,43,0,33,222,0,0,76,50,0,173,55,0,0,0,0,0,0,0,0,0,0,0,43,91,0,155,0,0,0,0,0,76,0,0,55,116,128,32,68,25,48,65,0,33,0,0,71,66,301,68,133,72,40,0,0,52,16,0,0,103,0,0,36,41,32,477,0,0,0,0,32,67,132,59,37,24,105,0,0,0,79,0,115,45,46,0,77,0,0,44,0,0,86,0,0,0,0,44,0,84,36,140,85,0,0,0,0,0,26,0,0,0,0,0,0,752,0,0,175,0,0,0,46,0,97,0,0,112,69,0,0,63,0,0,0,0,127,0,32,57,0,0,0,0,0,178,19,0,0,0,108,0,0,85,70,58,0,0,0,0,58,0,0,0,0,0,0,0,24,34,54,0,37,42,0,0,0,0,0,0,0,0,0,169,125,0,22,0,105,0,0,0,73,0,60,145,0,0,0,0,0,29,37,0,27,0,0,0,0,62,0,0,89,0,0,0,0,0,0,64,0,22,0,0,0,0,0,100,38,0,0,0,28,152,57,0,0,82,0,0,0,0,68,0,0,71,0,0,0,33,0,0,0,0,0,0,0,0,0,0,35,0,0,0,30,0,0,0,30,0,32,0,0,47,0,0,0,0,0,0,58,0,0,24,0,27,0,0,305,53,0,0,44,22,39,49,0,54,0,0,36,0,0,115,21,425,0,91,0,48,16,263,0,0,0,0,32,0,0,0,0,188,0,0,0,0,0,0,0,0,0,0,63,0,0,67,0,38,0,181,0,51,0,0,0,700,0,393,27,0,0,0,0,0,109,0,0,0,0,0,0,0,28,0,0,0,0,39,0,29,143,75,0,43,0,0,0,0,0,37,0,58,0,0,116,74,0,0,0,0,40,0,92,0,0,0,26,0,0,0,0,0,0,0,0,26,76,0,33,0,94,0,0,79,35,0,0,47,0,0,139,84,101,59,56,0,0,0,0,0,60,0,33,0,0,81,44,0,0,0,90,0,67,61,60,81,42,80,0,0,0,233,38,161,29,47,0,0,32,0,0,42,56,77,0,0,69,23,93,0,0,0,109,0,0,0,0,0,0,0,0,108,183,0,46,0,0,0,0,0,8,46,0,235,0,43,0,0,0,0,0,0,0,0,54,0,0,0,80,0,0,387,63,96,0,0,37,0,0,0,65,0,52,0,55,0,0,21,0,0,119,0,0,0,66,0,0,77,0,65,0,35,80,335,831,26,33,72,31,105,0,115,0,85,52,28,0,84,149,0,123,0,0,0,51,0,0,25,43,0,0,60,44,287,0,54,0,91,0,0,0,0,0,41,103,0,152,0,0,72,0,0,0,53,0,0,37,204,0,0,28,87,0,0,74,0,0,76,0,51,0,57,35,0,405,57,0,149,0,175,42,60,0,144,83,0,0,95,0,208,0,0,108,0,40,59,0,0,144,42,227,137,56,0,25,0,0,0,192,20,0,0,0,43,0,51,0,0,0,0,0,0,69,0,0,128,0,0,0,0,0,0,0,0,0,104,0,0,0,0,0,0,0,76,149,0,0,41,85,0,122,0,0,0,61,45,0,0,27,260,0,0,28
320,0,0,0,0,0,63,0,0,67,0,103,0,0,0,172,153,0,0,0,0,162,59,0,0,69,0,0,70,0,0,0,0,0,0,0,71,0,0,37,67,34,0,0,105,0,31,0,239,0,110,0,42,139,0,133,0,0,0,0,0,61,60,0,0,25,30,0,27,0,449,0,0,0,0,173,70,0,266,26,105,0,0,0,143,0,30,0,53,0,128,0,0,57,64,0,0,0,0,0,0,0,0,32,0,0,58,0,76,31,0,0,33,40,54,30,0,103,37,0,184,0,91,0,0,0,34,0,57,0,70,0,117,0,42,0,94,0,0,46,31,52,0,147,0,0,63,43,45,107,0,0,80,0,48,26,0,69,0,260,26,0,0,46,81,0,38,0,70,235,75,84,0,0,0,52,0,24,105,0,0,46,0,0,0,40,55,164,64,0,0,0,45,0,0,14,0,0,0,42,0,48,0,0,47,0,0,46,0,45,88,0,0,64,0,103,0,67,0,0,0,93,0,0,95,0,0,38,145,0,51,0,0,0,0,0,36,28,42,58,0,69,0,0,0,0,99,0,0,0,34,0,86,0,30,0,0,0,0,44,62,65,77,0,0,0,0,90,0,169,0,0,157,87,35,48,0,0,352,67,42,0,39,173,65,39,43,218,1068,70,54,0,120,0,0,0,0,96,77,50,0,0,0,0,0,65,41,136,0,40,0,0,0,0,0,46,35,137,52,0,13,0,0,0,0,70,0,0,0,0,76,0,0,0,0,0,0,0,0,0,0,0,0,59,0,0,0,0,38,163,101,59,0,93,290,0,0,0,223,30,0,0,41,0,0,101,361,125,0,0,63,0,0,0,0,56,0,0,0,0,0,0,0,0,20,303,54,0,0,0,0,0,24,0,45,0,292,0,0,120,0,0,146,0,0,0,32,0,0,0,0,0,0,0,0,0,0,62,67,124,0,72,0,0,0,76,0,37,0,0,0,0,0,0,0,0,22,0,0,92,0,0,30,89,134,23,225,31,29,0,0,0,68,0,0,0,0,0,0,0,0,0,0,0,0,0,0,48,0,0,0,23,159,0,30,0,0,148,147,0,120,0,78,0,52,0,0,0,0,195,110,38,0,0,0,0,64,83,0,0,0,86,40,139,39,0,0,0,0,0,0,0,0,0,0,0,155,20,0,53,58,0,0,74,0,0,0,0,0,0,0,0,0,0,49,0,0,0,0,110,0,75,0,0,0,0,37,0,60,191,80,0,0,44,0,0,0,35,0,0,0,90,0,0,29,150,0,0,0,0,91,200,0,0,0,0,0,166,0,0,73,0,39,0,0,0,127,193,0,0,0,170,0,0,0,0,0,0,0,0,0,0,0,0,0,65,0,0,39,31,0,0,84,124,0,0,58,81,0,51,0,0,0,0,38,0,0,0,0,0,0,0,0,0,0,0,0,0,0,0,0,0,86,0,0,92,0,58,0,115,127,0,0,0,219,0,0,0,61,0,60,0,0,0,0,117,0,80,0,0,119,0,75,0,0,63,0,0,0,0,0,0,31,27,91,12,0,0,0,0,98,0,0,0,0,0,0,0,66,0,0,59,0,64,82,0,0,41,22,0,0,127,148,0,0,0,0,0,155,0,0,68,0,358,111,0,57,128,0,0,63,101,0,0,94,0,0,0,120,0,0,0,760,0,0,43,0,0,69,0,0,0,0,0,0,0,0,0,0,4,0,88,0,0,0,86,0,0,0,90,46,0,40,0,0,94,24,0,0,23,0,0,97,0,0,0,129,72,43,367,0,0,0,0,0,0,0,0,0,0,0,0,0,0,77,0,0,0,51,0,0,0,127,0,34,141,0,0,0,0,156,0,257,0,0,0,0,0,0,135,98,0,0,0,0,0,24,88,0,0,0,0,287,0,105,35,0,31,21,0,130,15,146,0,0,0,248,88,0,55,0,0,0,131,0,72,0,0,0,0,0,41,0,0,184,50,0,0,0,0,0,0,0,0,52,0,0,87,0,0,0,132,29,0,0,0,285,0,0,25,28,107,0,0,0,0,0,108,103,0,44,18,0,0,0,109,46,0,70,0,0,53,0,0,0,0,80,0,0,24,0,0,0,0,0,55,0,0,56,0,0,0,0,62,0,70,0,20,0,0,52,0,61,62,0,0,52,21,74,0,0,0,47,0,150,0,0,0,12,259,0,0,0,118,64,0,0,235,0,0,44,24,0,0,65,0,0,26,186,0,0,0,0,0,0,0,0,0,0,23,34,0,0,0,0,189,0,0,56,59,0,0,0,86,36,57,0,102,61,61,0,0,0,0,0,0,219,0,61,0,0,0,0,33,0,57,0,177,217,0,0,0,33,0,0,0,143,123,45,0,68,0,0,0,23,0,64,91,0,63,0,150,0,26,0,211,139,87,62,0,32,0,0,156,0,0,0,0,0,0,0,45,0,0,373,0,0,0,0,0,0,0,0,0,33,0,0,0,0,0,0,0,37,0,0,0,0,0,0,0,0,90,36,137,0,22,206,0,0,85,0,36,65,54,0,0,0,71,71,216,0,0,53,240,0,0,0,0,51,0,0,0,51,0,0,0,0,77,0,0,0,38,54,0,91,0,0,0,50,0,0,58,75,106,56,0,87,0,75,30,35,0,0,25,0,0,0,0,97,0,0,0,0,0,0,105,70,46,0,0,0,161,0,0,55,38,0,0,0,0,0,0,0,0,75,0,0,32,0,9,51,0,0,58,124,0,0,0,0,0,0,0,0,0,0,0,0,0,0,0,0,0,0,42,0,39,0,0,0,0,0,60,0,48,43,0,0,0,0,0,0,0,0,0,0,0,51,0,0,37,0,0,0,0,36,0,0,24,0,103,36,116,0,0,0,0,107,0,0,0,62,0,0,0,0,0,0,0,0,0,0,0,0,0,0,0,0,0,0,0,0,41,0,0,41,0,0,0,0,0,0,0,0,0,58,36,0,213,82,0,92,0,0,692,0,40,0,23,35,0,300,0,0,40,0,67,0,83,0,0,0,0,0,0,0,76,0,0,0,0,0,0,0,30,34,0,0,0,0,0,0,0,0,76,0,0,0,399,139,0,105,0,0,70,0,46,0,0,0,76,0,0,0,0,0,108,0,69,0,249,0,217,132,0,25,0,0,0,0,0,84,37,0,35,0,0,0,0,0,93,0,0,108,0,0,0,0,0,65,27,0,0,52,0,0,0,0,0,0,42,83,0,26,108,0,0,170,0,0,212,0,0,50,0,0,0,32,0,0,151,35,0,0,59,18,0,0,57,0,157,115,0,0,37,28,0,0,0,0,53,0,50,69,50,0,0,24,0,0,67,0,25,0,88,69,31,0,0,25,0,0,0,129,0,0,75,0,0,0,71,0,0,47,0,0,0,0,0,0,0,0,0,0,32,0,56,0,0,40,0,0,0,0,0,0,43,30,0,64,63,0,0,0,0,0,47,0,62,0,106,107,0,0,117,0,0,0,80,0,96,0,0,0,47,0,0,0,0,0,0,0,0,0,84,0,0,117,278,0,0,50,0,0,0,117,63,0,0,0,0,0,0,0,57,0,0,0,0,0,0,0,0,0,0,0,0,0,0,0,0,0,0,0,0,45,0,0,102,90,0,0,0,0,0,41,0,64,44,0,0,0,0,287,0,0,0,0,0,0,0,0,66,0,37,33,0,61,51,0,30,33,0,50,38,0,66,57,30,0,0,0,65,0,0,0,29,100,0,22,0,0,0,50,0,0,0,0,36,0,14,0,0,0,38,0,72,0,0,0,129,0,298,0,0,0,0,0,0,0,0,19,0,0,35,0,59,0,0,0,0,43,0,0,19,64,166,0,0,208,0,0,0,58,86,0,0,46,42,0,0,0,0,0,0,0,108,281,31,29,0,0,0,68,0,0,94,0,0,0,0,0,100,0,0,0,108,0,94,0,0,14,0,0,76,80,0,0,0,142,0,192,0,0,0,47,10,265,0,0,0,49,0,0,0,0,0,0,48,0,0,148,52,0,0,0,0,0,0,0,0,0,0,0,88,0,0,0,0,0,81,0,0,0,0,0,0,0,64,0,48,0,0,37,0,0,0,0,0,0,0,0,53,0,0,0,0,0,0,0,0,62,0,0,0,0,0,49,0,0,42,53,0,48,0,0,0,0,0,0,0,0,0,52,49,53,46,0,0,0,0,0,0,0,56,0,0,0,105,0,0,17,0,0,202,0,0,25,113,0,104,77,0,0,0,0,52,25,0,102,0,0,0,0,0,0,0,0,0,0,0,67,0,53,51,29,50,0,0,0,34,0,0,0,24,0,0,0,0,68,141,0,0,0,0,0,247,0,0,114,0,0,0,0,93,0,0,57,0,0,0,39,0,0,0,0,0,0,84,0,0,34,68,0,0,313,34,0,0,0,0,46,92,0,0,51,113,0,0,113,30,87,0,169,76,0,0,0,0,0,140,108,40,68,0,0,0,0,0,0,62,0,0,48,0,59,0,0,0,0,0,0,0,0,68,0,0,0,0,74,51,0,0,99,0,0,0,0,114,256,0,46,0,0,0,0,47,0,0,106,0,0,62,99,0,0,0,0,0,97,93,0,0,0,0,82,0,0,0,0,0,0,76,0,69,0,24,0,71,0,0,0,44,0,0,23,217,0,0,0,565,0,0,0,0,0,0,190,48,0,0,278,0,0,0,0,0,42,49,0,0,14,73,0,0,36,0,91,67,0,0,0,0,0,36,28,0,0,0,40,0,0,32,36,0,0,48,0,0,0,0,0,0,0,0,0,0,36,64,0,0,0,46,0,0,0,0,0,0,28,0,0,67,0,10,0,0,0,0,0,70,0,39,0,0,0,0,0,16,0,28,0,0,0,0,0,0,25,0,64,0,0,0,0,0,0,0,0,0,0,0,73,70,0,0,69,0,0,0,0,24,13,0,40,76,0,0,0,23,50,99,0,0,0,0,0,0,0,0,0,0,0,0,0,0,0,0,0,46,57,0,0,28,32,0,0,0,47,0,73,0,0,0,0,0,0,0,0,0,318,0,0,0,0,0,0,0,55,0,0,0,0,0,0,0,75,0,0,0,0,206,0,0,90,0,0,0,0,0,0,0,0,0,65,0,86,50,68,0,0,0,0,0,22,0,0,0,0,46,0,0,0,0,0,0,0,0,48,0,0,25,0,131,0,0,0,0,0,0,0,0,78,0,24,44,0,32,85,0,0,0,0,0,0,0,0,0,69,0,81,0,0,0,0,0,57,0,31,0,0,46,84,0,0,0,90,0,0,0,0,67,0,0,0,0,61,419,0,0,0,0,0,0,61,0,139,0,0,0,0,0,51,0,73,69,52,0,91,0,0,0,0,0,64,0,0,0,58,0,0,47,0,0,51,0,0,0,0,0,0,0,0,0,33,0,31,224,0,0,125,0,0,0,127,0,0,53,0,0,0,0,0,0,0,0,42,0,0,52,0,30,0,0,0,0,0,348,0,0,0,0,102,0,40,0,0,84,0,0,17,29,0,0,0,109,0,0,0,0,58,0,89,0,0,0,0,0,0,0,0,0,0,0,0,0,0,0,0,0,0,0,0,0,0,0,98,73,29,0,26,21,0,33,0,0,0,0,0,0,76,0,0,0,223,0,0,101,0,0,0,142,0,0,0,0,0,0,0,0,0,0,0,0,61,53,0,0,0,73,0,19,0,34,65,0,0,44,0,0,0,0,0,0,0,0,0,0,0,0,55,30,0,0,0,0,0,0,0,0,0,0,91,0,0,16,0,0,44,0,50,20,46,0,62,0,0,0,0,0,149,0,0,0,35,37,38,59,0,0,57,0,64,0,0,68,0,0,0,62,55,87,0,0,0,0,0,0,84,32,0,0,0,230,0,0,0,0,0,0,152,0,0,0,247,0,0,152,45,34,0,147,0,0,37,0,0,116,0,112,36,0,0,0,117,0,0,0,21,0,0,0,0,0,0,0,41,25,0,49,0,0,73,37,0,0,0,0,0,0,0,0,0,0,0,53,48,182,0,25,0,0,0,0,0,135,0,0,80,0,0,0,0,0,75,0,0,0,102,0,0,42,0,0,0,0,45,0,0,20,0,0,36,45,0,0,0,0,0,0,0,0,0,0,0,19,0,0,69,0,0,0,47,0,0,34,76,0,0,48,0,0,0,0,53,155,0,0,0,0,0,0,0,0,0,0,0,0,0,77,0,0,0,0,0,52,0,0,0,0,0,0,0,58,159,0,0,0,0,0,18,0,0,0,0,0,0,0,0,0,0,0,0,0,0,0,113,0,0,17,190,0,0,372,0,20,0,0,0,0,0,0,19,0,0,0,0,0,40,0,0,0,0,0,0,0,75,0,0,90,0,0,0,0,37,0,460,0,80,0,0,60,0,50,0,0,0,0,0,0,0,83,111,0,0,0,0,0,0,97,99,0,51,0,0,0,0,42,0,53,0,0,0,0,0,0,0,0,306,0,0,88,0,0,0,0,0,0,0,34,0,0,0,0,0,0,40,0,0,0,0,25,0,60,34,0,0,0,0,0,0,63,0,0,0,45,0,0,0,54,0,0,0,0,0,0,0,0,0,0,199,0,51,0,0,0,0,0,0,0,118,30,0,0,0,57,0,0,0,0,0,0,0,0,0,0,0,30,0,0,0,0,0,92,0,0,0,0,0,0,0,0,0,0,0,0,0,0,0,0,123,0,0,0,0,0,0,0,0,0,51,214,0,0,0
321,0,0,0,0,0,0,0,0,0,0,0,0,0,0,0,0,0,0,0,0,0,0,0,0,0,0,0,0,0,0,0,0,0,0,0,0,0,0,0,0,0,0,0,0,0,0,0,59,0,0,0,94,0,0,54,0,0,0,0,0,0,0,0,0,0,0,0,0,0,22,0,0,0,0,39,0,0,0,0,0,0,0,0,0,0,0,0,0,0,0,0,0,0,0,0,0,0,0,0,0,0,0,0,0,0,0,0,0,0,0,0,0,0,0,0,0,44,0,0,71,0,58,0,0,0,0,0,0,0,0,0,198,0,0,0,0,0,0,0,25,0,0,76,0,0,0,0,0,0,0,0,0,0,0,0,0,0,0,0,0,0,0,96,0,0,0,0,0,0,42,0,0,0,0,0,0,0,0,0,0,0,0,0,0,0,0,69,115,0,0,0,0,63,0,0,0,0,0,0,0,0,0,0,38,0,0,0,0,59,0,30,0,0,0,0,0,0,0,0,20,0,39,0,206,0,0,0,0,0,0,0,0,0,0,0,0,51,86,0,0,0,0,0,0,0,0,0,0,0,0,0,173,0,0,0,0,0,0,0,0,0,0,0,0,0,0,146,0,0,0,0,0,121,0,0,0,0,55,45,0,0,0,0,0,0,0,123,35,0,0,0,25,0,0,0,0,0,0,0,26,0,0,0,0,0,75,0,0,48,0,447,0,0,0,0,0,85,0,0,21,0,0,0,39,0,0,0,0,0,319,0,0,92,0,0,0,0,0,0,0,0,0,0,96,0,0,0,62,164,52,36,0,86,39,0,0,0,0,0,38,0,116,0,0,0,0,0,0,0,85,34,0,0,0,0,0,0,0,139,0,0,0,0,0,38,0,0,71,0,0,0,107,40,0,0,99,0,0,0,0,0,0,0,0,0,0,0,54,0,94,0,0,0,0,0,52,0,247,46,0,0,0,36,0,23,80,52,0,0,0,0,0,0,105,0,16,0,0,0,0,0,161,0,208,0,0,36,0,0,0,0,0,0,112,0,0,35,0,0,0,0,98,53,0,0,0,0,0,0,54,0,23,99,0,0,113,0,89,102,0,0,125,0,0,0,0,0,19,0,0,0,0,95,0,0,93,0,0,38,0,73,0,60,71,0,0,69,0,0,64,0,0,0,0,0,51,0,0,0,39,0,0,87,0,0,0,0,198,0,0,0,0,0,0,33,0,0,0,70,0,0,262,0,0,0,0,24,0,87,0,0,0,0,0,65,0,0,0,0,125,0,0,0,0,0,0,0,0,0,33,0,0,0,0,0,0,47,0,0,35,0,0,0,283,0,88,87,0,0,0,573,0,0,0,0,0,0,0,19,0,0,24,45,0,0,0,96,0,0,0,0,93,0,0,0,37,0,0,0,0,0,0,0,0,0,61,0,0,0,0,0,0,0,0,0,0,0,0,0,0,0,0,0,0,0,0,0,0,80,107,0,0,36,0,0,0,0,0,0,0,0,20,0,0,0,28,29,0,0,27,0,0,0,35,0,0,16,74,0,0,0,0,0,0,0,0,0,33,0,0,0,0,0,0,0,0,0,233,0,0,0,0,0,0,0,0,0,63,0,0,192,49,0,0,0,0,0,70,0,0,0,0,150,48,49,0,25,0,0,0,0,0,0,0,0,0,0,83,0,0,0,485,0,0,0,0,0,0,0,0,0,0,0,111,0,0,44,0,0,0,0,0,0,0,51,0,0,0,0,0,0,0,0,0,37,0,0,0,0,0,0,0,0,0,0,49,0,0,64,0,0,0,0,0,0,0,0,0,0,0,0,0,0,282,0,86,24,0,0,38,0,0,53,0,80,0,0,0,0,0,0,0,0,0,26,34,0,0,0,147,0,0,0,0,0,70,35,0,0,0,0,68,0,0,0,0,0,0,0,0,0,0,0,0,0,37,124,49,78,0,0,0,116,0,39,0,0,0,0,0,0,0,0,68,0,0,0,0,0,0,0,64,0,0,0,0,0,0,0,0,0,0,0,0,0,75,0,0,0,0,156,0,0,0,0,0,104,150,352,73,0,0,0,0,184,53,36,53,0,21,0,30,0,0,32,62,0,43,0,0,38,0,0,0,0,32,0,126,0,0,27,33,86,0,183,0,0,0,0,0,0,56,119,0,0,45,0,135,0,0,0,0,0,63,42,0,0,58,294,0,0,0,57,0,45,0,53,0,0,0,98,0,0,0,54,466,0,415,0,729,59,0,82,0,0,0,0,0,38,0,0,0,0,0,119,0,41,50,247,0,0,0,55,0,54,514,58,38,39,0,50,0,0,49,0,0,0,28,0,0,58,0,0,0,53,0,100,123,91,65,0,41,35,0,33,148,98,0,0,49,0,55,0,198,0,0,0,75,0,0,109,64,47,49,0,404,84,59,0,0,128,0,0,32,0,0,93,0,0,0,0,0,0,178,0,0,62,0,0,0,64,0,0,138,0,40,0,0,0,0,0,43,0,0,0,38,0,0,0,0,110,0,92,6,0,0,0,0,198,0,70,35,0,51,0,0,0,0,96,0,0,47,150,0,0,0,41,0,0,99,0,0,0,0,0,0,116,55,35,0,0,99,126,45,0,32,0,61,0,0,24,0,49,0,0,0,26,0,0,33,0,22,28,205,0,0,91,0,0,36,0,0,0,0,43,89,0,0,88,0,294,61,0,241,0,0,0,0,0,0,0,0,0,63,0,0,0,0,0,0,0,0,0,68,0,0,0,0,0,0,0,0,24,0,0,0,0,0,0,0,0,0,0,36,0,0,0,0,0,0,0,0,0,0,0,0,0,0,0,0,0,0,0,0,0,0,0,0,0,0,0,38,0,0,0,0,0,0,0,249,80,0,0,0,0,163,0,0,0,40,0,0,35,0,0,0,0,40,0,0,38,0,0,0,0,0,0,0,53,0,0,54,0,0,84,0,30,58,0,0,0,45,0,0,0,0,109,0,0,31,0,0,1891,0,69,0,65,0,0,103,0,0,0,0,0,0,0,0,0,0,0,0,0,0,0,0,0,0,123,0,0,0,107,86,0,0,0,0,0,0,0,0,75,0,0,0,282,0,0,144,0,0,0,0,0,0,0,0,105,0,17,0,0,0,201,0,0,0,0,0,108,55,0,0,0,0,0,0,0,245,0,0,31,0,61,0,258,0,0,0,0,76,0,0,0,0,0,0,0,0,0,0,0,0,0,0,83,0,0,178,0,112,14,0,0,134,0,0,67,0,0,0,0,0,0,0,0,0,93,30,0,0,116,0,0,0,28,0,92,0,0,0,0,92,71,0,0,0,0,0,45,55,0,126,0,0,0,0,0,0,0,0,0,48,42,45,0,0,0,0,0,49,0,0,81,0,0,0,138,0,0,0,0,0,0,0,0,72,175,44,0,0,129,43,76,0,44,0,32,27,158,0,0,0,0,0,0,0,0,0,0,0,0,0,0,0,0,0,0,0,0,0,62,98,0,0,0,0,0,0,0,0,173,0,0,0,0,0,0,0,0,0,121,0,42,36,207,0,0,101,54,0,0,0,80,0,0,0,73,0,42,0,69,0,33,182,0,0,0,0,0,0,0,0,0,0,0,65,0,0,0,0,0,0,0,0,41,90,0,0,24,0,0,0,0,60,24,0,0,0,41,71,36,0,0,0,0,0,0,0,102,0,0,0,0,61,0,0,44,0,37,0,51,0,40,0,0,0,0,37,0,0,0,41,0,0,26,0,0,0,0,190,0,27,0,0,215,0,38,0,0,0,0,0,96,0,0,0,148,0,113,0,51,0,13,0,35,0,0,0,0,52,0,0,0,86,0,32,0,68,0,48,0,117,59,0,0,67,0,0,0,86,0,0,0,186,0,0,0,0,0,0,0,0,41,109,33,0,0,0,0,39,0,0,72,0,0,0,0,0,0,0,0,0,85,0,191,0,31,0,0,111,180,44,70,0,0,308,71,146,0,0,0,142,0,37,26,0,0,0,0,0,0,0,0,0,0,0,0,166,0,0,0,0,0,0,0,53,0,0,0,20,0,0,17,0,0,0,0,0,0,0,0,0,69,62,0,0,0,0,0,0,0,0,0,30,0,35,0,0,148,0,34,0,48,67,144,0,0,105,0,66,31,0,45,58,0,0,40,114,0,87,0,0,0,0,0,0,0,0,60,0,0,27,77,54,0,93,53,0,0,0,44,0,30,0,191,0,45,0,0,0,200,0,35,44,144,0,112,84,0,0,0,100,46,74,0,94,54,46,0,42,0,64,90,85,0,0,0,95,0,69,48,87,0,0,0,49,162,0,0,84,60,0,0,34,0,135,220,0,54,32,0,0,165,0,0,575,0,0,0,0,75,0,0,133,68,0,0,0,0,31,0,24,61,57,136,55,53,0,0,43,40,284,159,0,0,0,0,0,60,0,0,51,195,0,0,143,41,62,0,248,64,0,0,0,0,52,153,153,124,128,0,0,35,0,0,0,0,0,0,78,0,40,0,0,157,0,0,0,0,0,93,0,0,60,41,45,23,0,0,51,0,0,0,0,177,115,0,0,0,0,0,0,134,47,82,41,0,55,50,102,0,0,0,0,101,102,99,0,0,0,0,0,45,0,0,0,126,0,130,0,0,0,0,0,80,0,0,37,93,0,0,0,55,66,0,0,289,0,23,0,0,0,0,197,40,0,66,295,0,0,0,0,0,89,0,34,0,0,33,0,52,41,0,62,134,0,37,20,43,0,36,0,71,96,177,85,0,212,56,40,0,24,81,43,0,0,0,0,0,0,56,62,0,152,73,0,21,0,40,159,0,0,0,0,64,162,0,0,76,0,0,0,0,56,0,95,27,54,53,46,0,0,0,0,0,0,0,0,68,32,268,0,118,0,0,39,0,0,0,0,0,0,0,0,30,29,0,93,353,0,61,79,0,0,0,0,85,0,99,0,0,0,31,38,0,107,120,0,0,0,0,0,0,94,0,0,0,0,114,0,0,0,71,43,137,46,0,0,104,44,0,0,0,48,0,145,14,0,89,0,0,42,48,0,0,578,0,143,0,0,0,39,107,84,0,0,0,0,0,22,51,52,0,0,0,0,351,0,0,303,45,0,0,37,86,0,52,0,22,105,37,103,150,84,0,22,78,0,0,65,0,0,0,0,0,0,0,0,0,0,0,0,0,101,0,0,0,0,68,0,0,0,0,0,0,0,0,57,0,91,169,0,21,257,0,0,0,0,67,0,85,44,0,256,38,76,30,0,62,0,76,72,0,58,45,106,124,149,0,0,0,58,0,0,0,46,59,0,0,0,62,41,547,0,0,0,50,0,0,122,75,173,35,33,0,0,0,42,0,178,377,53,0,290,0,0,0,0,40,89,0,0,0,72,0,43,80,0,170,77,0,0,0,0,0,0,0,0,0,0,0,38,333,0,0,67,0,0,0,0,0,73,0,0,102,31,0,0,0,0,0,84,0,0,0,0,0,0,0,0,0,0,376,0,0,0,0,45,0,0,39,126,32,0,0,0,56,47,18,0,171,0,0,0,0,198,40,94,49,0,71,0,0,0,23,0,0,0,0,0,199,0,0,0,0,66,0,0,31,0,26,70,99,30,0,0,0,34,0,0,0,0,0,0,0,0,0,25,0,33,0,0,61,0,0,0,125,0,0,50,51,0,0,0,44,0,0,0,0,19,559,20,0,0,0,0,0,0,30,50,0,0,26,0,32,0,0,85,0,0,0,0,0,0,0,83,0,0,0,0,0,0,0,44,0,0,0,154,0,0,50,0,0,44,0,96,63,66,0,69,0,0,0,0,29,297,49,0,0,123,0,0,31,0,0,73,0,0,0,0,385,0,97,0,110,58,65,27,62,0,34,42,0,44,0,0,0,0,60,0,33,0,0,0,0,229,0,0,0,230,0,0,139,0,0,0,61,0,0,118,0,0,190,0,125,36,0,0,60,85,0,35,0,56,0,0,0,0,0,31,0,56,48,0,45,0,57,0,0,0,0,0,0,0,0,0,0,0,0,0,0,147,186,0,56,0,0,0,15,0,0,0,0,79,0,0,0,0,77,127,0,0,48,55,0,50,0,39,0,0,75,0,0,0,263,0,0,64,187,103,90,116,0,57,0,0,0,57,0,74,0,0,72,42,0,0,0,0,0,93,0,37,68,47,0,99,0,0,250,53,191,0,0,0,0,20,0,0,0,39,201,101,0,87,67,0,0,0,0,0,0,0,0,0,0,0,35,0,82,88,0,38,0,0,0,0,0,0,0,0,121,0,55,0,0,0,0,0,60,46,0,0,0,59,99,210,0,0,263,0,0,0,0,52,0,0,0,87,0,0,0,0,25,0,0,0,39,0,35,0,0,48,46,0,0,0,63,0,0,38,0,125,66,0,0,68,82,0,65,0,0,62,0,0,0,126,43,119,0,0,0,128,0,0,68,47,0,0,109,0,0,30,80,0,114,0,0,0,53,0,0,150,0,393,94,0,152,0,0,0,0,0,69,0,312,0,0,36,103,0,0,184,0,0,0,0,0,0,0,51,44,80,81,0,247,40,131,0,0,0,69,0,0,0,117,0,130,0,0,0,0,0,71,29,0,183,0,67,76,0,25,65,0,0,0,251,71,0,0,64,29,0,0,0,0,0,0,28,49,87,0,0,26,0,0,243,26,0,90,0,54,0,112,0,0,0,0,0,0,0,0,118,0,27,48,159,0,26,0,0,0,0,34,0,0,26,102,43,0,0
322,0,0,36,95,69,165,92,0,151,0,404,64,34,0,333,651,270,27,64,0,458,131,74,204,195,0,52,118,36,55,45,61,0,82,278,328,0,162,307,141,119,143,43,323,0,89,90,528,0,317,66,160,183,0,344,51,50,0,0,0,164,148,354,36,0,221,44,0,0,540,0,110,0,0,73,173,0,677,68,200,0,83,420,398,202,135,33,117,72,387,72,181,141,178,53,86,0,83,100,0,67,103,185,36,0,133,0,220,103,110,76,99,223,325,0,58,282,69,52,295,0,357,72,72,81,49,0,192,0,81,0,248,0,243,221,373,157,89,61,113,132,170,448,0,0,129,97,77,127,0,75,114,68,218,235,0,173,57,334,325,98,0,91,96,268,61,52,222,266,182,310,87,128,42,115,74,85,362,124,67,217,0,58,50,153,85,692,230,0,0,0,90,47,136,66,116,71,0,196,33,162,280,47,248,39,86,42,49,191,208,109,90,163,36,104,130,98,0,69,180,258,25,0,265,0,0,229,448,36,181,0,0,60,0,0,63,83,422,94,0,129,84,115,86,0,174,0,0,0,82,116,182,75,386,69,140,0,35,111,456,304,85,43,65,0,0,423,126,492,62,0,541,237,175,141,154,45,1897,314,151,0,137,259,86,152,36,579,2847,224,0,106,362,31,19,80,0,126,170,56,27,15,333,65,36,408,267,299,84,241,207,956,56,0,33,88,93,298,234,66,167,80,40,69,112,311,91,112,21,66,815,0,182,193,262,94,0,0,54,138,0,98,46,116,318,87,0,0,200,1688,238,0,85,381,945,44,90,66,456,802,186,116,226,55,251,447,751,390,99,44,263,61,0,78,162,343,267,0,0,253,143,89,0,32,92,774,111,191,196,0,74,72,673,74,167,86,865,112,220,506,57,0,342,0,83,204,56,67,95,54,179,0,0,104,0,34,245,203,508,346,0,212,329,88,95,222,218,84,381,60,0,0,205,77,57,0,77,190,64,296,37,46,688,138,211,376,471,148,76,70,73,0,209,26,212,59,71,117,0,32,412,53,148,474,84,87,66,63,89,60,0,121,552,233,71,106,408,625,333,248,236,107,302,295,300,0,0,54,495,416,373,270,64,704,116,0,277,272,457,114,0,357,100,1181,103,276,168,186,108,29,154,59,44,97,82,0,34,119,121,154,0,192,385,973,315,0,110,138,437,0,94,0,23,0,209,159,80,28,0,270,70,434,661,118,63,0,201,55,123,522,275,365,43,59,127,72,0,76,153,74,325,894,0,111,116,469,184,37,35,105,450,297,118,23,64,0,0,175,40,99,0,223,214,54,528,41,403,63,82,58,0,1106,0,313,54,55,35,242,64,253,69,34,0,84,67,294,156,110,111,96,0,0,247,392,312,0,93,97,0,122,0,98,0,33,71,63,121,85,0,342,249,0,69,56,39,44,108,144,0,0,36,0,499,0,0,513,0,199,67,620,386,86,0,207,896,0,109,0,66,339,170,115,89,0,27,424,127,131,91,118,590,60,318,0,294,145,164,98,314,0,47,52,149,191,284,60,51,91,217,0,363,45,107,0,77,96,160,0,410,0,17,129,0,116,208,116,60,131,131,166,67,242,250,46,0,0,0,102,143,211,282,119,220,1737,305,535,253,194,26,0,170,134,42,0,185,0,0,76,602,194,380,52,720,336,0,254,61,40,300,0,0,148,76,0,170,0,0,74,0,24,39,282,73,37,0,88,0,168,0,183,399,264,177,76,0,396,43,74,34,128,257,131,100,98,35,0,151,155,244,327,0,0,114,0,18,106,0,142,69,63,108,106,91,52,408,153,149,68,274,58,0,58,337,175,120,387,67,78,50,120,235,0,419,0,81,0,110,110,0,296,335,0,74,57,34,0,210,191,45,0,0,101,388,0,426,243,0,238,80,21,225,0,353,0,0,0,1099,267,84,707,33,73,41,185,42,74,65,0,96,0,29,49,30,53,470,298,83,57,0,66,77,228,232,50,123,309,0,293,0,36,114,462,55,73,319,175,521,46,56,138,120,456,0,0,26,65,42,104,117,282,439,92,195,98,89,933,134,102,121,0,247,469,204,0,0,187,188,0,0,120,48,34,38,18,88,140,70,84,250,54,0,185,0,278,64,342,0,64,132,70,209,0,161,174,87,64,129,108,526,38,49,35,108,109,397,260,58,203,157,623,146,0,0,382,182,52,0,623,98,0,116,445,0,32,150,122,122,46,490,48,991,127,53,140,84,0,0,0,31,201,140,65,316,41,0,369,117,102,674,260,133,69,0,161,88,303,587,676,136,193,0,18,146,41,40,0,620,321,115,0,38,118,84,69,50,283,40,363,1056,43,91,162,216,141,144,60,402,353,165,39,85,0,99,75,667,0,216,216,189,191,0,652,135,126,240,1087,900,297,434,0,350,103,105,435,0,127,48,56,0,0,0,242,0,133,1294,70,42,47,163,93,123,58,61,274,118,0,0,105,19,0,199,39,210,23,81,120,182,73,0,91,161,96,137,497,0,169,875,137,0,667,76,212,304,101,0,0,47,223,120,592,0,47,245,1395,35,72,55,213,210,0,68,24,148,50,90,45,113,254,188,123,189,171,298,108,387,0,141,61,269,106,70,227,595,388,397,103,267,0,350,80,238,0,43,153,209,51,246,302,230,115,104,74,0,38,131,413,904,101,108,161,0,613,141,0,243,114,0,130,0,34,0,54,0,110,200,0,93,269,41,0,707,0,53,72,183,173,36,145,75,130,136,54,131,65,39,0,103,0,0,74,21,0,0,198,90,73,107,0,0,119,71,121,0,0,122,0,112,0,95,0,44,14,90,43,97,0,113,0,29,178,30,147,139,37,60,0,0,83,35,259,185,198,0,22,0,43,400,53,68,45,207,87,71,29,0,0,0,72,74,0,170,131,38,90,0,0,72,54,35,111,31,224,137,0,36,170,0,45,197,199,85,35,160,29,193,0,36,440,259,0,393,67,26,1357,0,263,0,174,69,46,560,0,127,99,41,61,0,148,171,0,0,39,105,0,0,302,0,24,15,271,0,87,0,251,186,0,47,77,33,75,63,42,62,109,81,0,42,3317,506,45,519,0,43,118,472,58,0,78,36,420,38,68,0,121,0,318,29,149,153,616,0,308,154,0,276,0,0,61,0,0,215,82,55,168,58,266,41,185,0,286,25,39,311,0,73,58,80,57,149,99,0,55,0,98,109,0,97,275,0,488,264,52,165,238,142,0,211,0,50,337,0,0,227,0,35,38,503,21,78,183,131,129,41,207,77,93,67,108,0,177,194,0,45,71,63,143,47,0,67,123,27,368,186,84,435,85,99,0,41,136,27,74,0,262,234,236,143,33,119,0,0,87,225,67,71,191,49,0,57,252,93,171,76,42,0,0,0,0,127,470,162,0,0,196,55,519,0,0,111,55,71,144,0,0,0,112,121,0,369,117,27,62,83,0,0,204,64,131,0,284,278,81,46,333,87,68,44,301,121,141,0,0,52,616,31,359,0,69,0,164,0,92,71,687,95,111,153,665,0,0,241,146,0,177,122,325,0,113,172,117,52,57,0,534,33,53,225,0,196,33,53,98,137,45,46,72,84,0,270,0,0,0,46,64,153,40,91,455,635,36,16,110,177,0,106,0,154,286,45,60,74,0,576,130,0,83,89,49,54,21,272,257,0,72,115,97,282,77,0,141,154,82,104,133,86,143,261,122,23,61,65,1020,0,28,161,50,349,0,88,0,0,0,749,123,34,0,26,152,108,147,53,107,78,258,0,450,0,37,0,593,46,693,98,224,57,20,226,109,83,132,48,135,107,190,126,152,351,0,126,0,161,0,192,0,131,434,0,0,1294,0,0,39,106,179,54,0,411,147,0,0,10,38,31,426,232,121,731,135,186,120,0,59,107,0,143,326,0,0,27,0,0,321,0,32,164,301,14,344,0,91,0,52,292,559,137,200,155,0,492,162,982,36,50,0,325,29,391,83,62,31,92,0,0,57,33,53,0,87,0,0,1147,59,82,0,0,0,48,58,83,0,381,0,114,82,0,66,48,105,0,500,268,47,135,40,60,126,135,139,0,211,68,157,43,0,127,201,145,0,266,24,0,549,18,145,47,197,120,579,507,63,420,152,157,60,46,91,291,261,244,202,295,45,128,70,0,0,55,55,159,0,0,126,0,113,172,429,204,78,110,109,26,23,0,162,45,203,60,753,62,122,109,54,71,1071,101,0,147,317,0,393,223,0,49,141,491,163,121,0,596,70,103,0,55,0,152,138,173,43,37,28,275,68,268,287,129,247,40,0,122,434,0,0,176,157,0,0,110,77,402,386,49,146,89,57,0,1063,0,52,772,120,36,0,74,125,123,0,645,194,525,0,163,93,122,43,52,341,87,187,135,90,262,153,28,206,864,235,116,0,120,0,254,461,206,151,139,543,37,56,258,216,367,53,408,222,84,54,0,0,71,522,742,237,528,69,0,57,44,49,0,96,0,27,184,0,216,0,0,694,77,44,0,0,109,226,72,80,408,88,305,122,36,74,586,88,0,0,54,320,1313,31,194,43,82,0,0,273,119,121,406,22,241,303,234,43,61,0,0,276,164,692,0,124,57,151,160,97,208,0,0,193,0,305,0,392,38,123,0,146,32,0,182,507,0,40,118,431,79,126,0,1696,0,117,0,0,0,0,417,182,114,102,659,0,0,57,0,40,208,115,135,53,45,168,85,221,75,94,422,649,69,343,36,159,0,59,139,363,180,642,112,53,1130,113,216,85,45,158,142,89,22,44,63,30,97,110,233,88,201,334,61,78,0,412,297,80,0,88,55,152,254,33,103,125,37,0,80,27,198,57,209,585,512,721,284,0,49,57,35,125,233,48,0,187,265,1498,149,466,189,221,574,42,119,0,103,70,98,77,60,85,165,0,456,465,36,155,301,61,186,0,22,91,123,289,112,680,155,119,121,76,500,326,0,310,129,67,49,0,213,49,277,0,0,136,137,53,167,250,99,711,104,37,86,132,167,120,0,209,294,45,160,0,0,67,62,71,58,203,60,0,1988,0,437,34,68,195,96,189,347,118,29,72,66,42,63,118,97,0,179,62,127,837,88,73,585,59,53,0,86,55,24,90,0,32,320,322,376,354,207,0,0,141,62,176,75,90,60,36,132,140,107,0,143,71,93,380,0,0,262,158,57,135,289,457,0,106,180,93,0,0,24,0,148,51,87,374,42,379,741,38,105,0,68,313,55,183,241,0,383,140,505,143,190,528,0,264,109,0,212,131,87,361,383,214,0,0,315,141,84,0,89,358,21,90,122,236,200,2806,124,0,112,170,72,214,463,71,341,79,191,109,0,0,251,0,570,1049,151,0,501,0,23,210,124,82,156,54,0,43,118,124,171,217,79,453,400,36,0,0,42,43,191,90,0,0,114,0,97,790,51,0,671,52,84,0,230,61,649,119,0,140,196,37,0,259,0,0,226,32,630,131,124,84,0,127,44,0,28,691,123,0,0,0,472,0,169,211,279,391,0,0,136,55,43,39,0,553,0,121,64,25,423,198,198,280,48,538,0,0,54,55,0,75,68,196,21,1003,225,0,41,43,183,162,0,122,0,159,310,147,353,91,119,60,57,119,0,150,60,74,0,0,126,177,88,0,421,38,0,78,54,0,94,125,24,187,86,204,43,67,0,142,193,169,0,0,158,1053,152,0,88,132,48,115,44,107,164,32,103,144,48,53,44,114,364,0,0,72,37,65,0,104,129,84,42,0,86,0,196,98,124,289,38,61,265,19,56,50,92,60,93,108,460,153,148,101,155,0,47,234,71,107,846,91,0,0,340,141,240,180,57,109,108,68,197,0,84,694,192,245,57,108,182,77,230,275,0,139,91,44,233,143,61,0,54,889,68,113,0,76,93,0,366,0,27,44,1032,0,33,134,191,99,65,318,40,199,308,59,70,1395,65,838,85,207,43,51,329,70,0,206,148,81,148,39,0,99,149,31,187,97,0,106,0,293,372,112,0,186,104,0,300,0,40,101,62,138,62,94,443,336,34,61,0,0,106,46,123,275,0,179,324,0,36,30,166,312,212,0,32,153,373,0,0,21,311,88,0,173,206,75,0,390,0,111,131,131,347,247,93,0,62,35,0,52,308,16,179,99,0,182,135,37,66,0,396,30,291,88,49,65,88,225,111,0,36,744,171,489,49,150,25,29,81,48,0,45,83,181,236,32,459,199,188,0,133,0,147,29,55,81,28,40,34,34,74,154,635,52,166,48,0,149,130,0,0,71,111,476,80,80,0,51,94,121,79,169,208,72,346,89,97,257,586,25,0,975,150,111,80,83,120,54,0,45,341,0,0,0,0,52,174,84,0,62,147,0,0,0,160,191,48,360,45,79,0,107,301,326,1358,147,102,45,102,102,85,348,0,164,103,81,53,190,145,244,341,122,58,0,85,96,0,84,329,0,73,121,104,203,40,100,65,247,25,65,31,49,76,252,466,21,806,230,0,404,0,0,137,200,0,65,78,1097,0,0,110,354,28,0,139,72,0,83,0,225,0,279,258,155,433,113,0,423,74,392,40,110,0,185,98,52,49,306,46,205,58,0,176,51,177,289,59,36,507,80,387,285,37,60,71,84,64,0,682,153,0,0,81,241,100,60,17,39,76,52,133,74,134,0,0,120,0,0,343,80,51,238,56,92,32,1097,0,0,0,0,0,0,0,132,336,0,161,0,460,26,133,0,23,72,81,128,79,46,136,701,51,46,50
323,0,0,0,66,73,72,34,0,76,0,80,0,0,0,295,54,96,25,57,0,255,89,55,0,128,18,0,58,0,0,0,73,0,26,224,131,0,0,125,94,54,61,49,85,0,59,0,245,0,244,0,159,136,0,94,0,0,0,0,0,134,0,179,32,0,92,0,0,0,426,0,0,0,0,201,95,0,391,0,102,0,0,87,112,45,48,0,0,24,112,75,61,0,103,23,40,0,0,0,0,0,52,91,0,0,124,0,129,142,238,0,56,104,96,39,0,217,0,0,201,0,223,0,0,39,0,0,73,33,77,0,223,0,22,76,151,0,0,35,68,0,105,228,0,0,116,20,44,109,0,0,70,49,67,147,0,128,0,220,108,38,0,111,99,0,0,0,95,58,37,178,76,0,39,0,0,36,118,0,0,185,0,0,33,114,25,333,91,0,0,0,76,78,162,0,48,0,0,0,0,81,117,27,312,0,0,42,0,144,65,87,57,123,0,114,44,28,0,0,95,95,0,0,218,0,0,143,469,0,45,0,0,50,31,0,50,82,189,39,0,94,24,0,65,0,151,12,0,0,58,0,222,0,168,0,0,0,0,38,440,80,70,0,27,0,0,154,114,406,0,0,178,189,43,91,70,0,606,314,66,0,37,58,47,42,71,62,631,159,104,0,79,0,22,0,0,73,0,0,47,0,69,26,0,142,262,230,0,46,59,150,0,0,0,60,0,196,0,0,0,0,0,18,92,28,52,152,0,0,141,0,0,34,71,0,0,26,0,23,0,127,0,108,103,40,34,0,48,1408,447,60,0,192,875,0,0,0,492,110,0,195,53,0,268,287,560,342,134,0,153,67,0,0,59,193,174,0,0,142,63,0,40,0,85,519,74,0,71,0,0,64,206,0,84,0,452,82,64,170,0,0,174,0,40,181,65,77,54,0,74,0,89,0,0,0,217,95,113,148,24,210,0,0,61,0,53,40,220,71,0,0,0,0,145,0,0,0,96,344,0,0,231,73,101,120,353,112,57,74,0,0,200,0,73,0,0,0,0,0,131,0,203,63,27,0,47,30,0,41,0,0,313,29,133,82,130,779,135,31,80,0,122,314,126,0,0,119,97,429,112,0,25,94,0,25,136,102,123,0,0,85,0,943,66,95,273,108,27,0,0,0,0,0,22,0,130,130,65,79,76,0,95,97,94,0,0,0,177,0,109,0,0,0,134,84,0,0,0,170,49,71,72,0,95,0,211,0,69,122,117,0,0,97,65,29,31,73,76,0,105,555,0,129,57,455,43,0,38,0,194,203,0,0,0,50,0,374,49,0,128,319,117,0,264,27,321,366,106,61,29,229,0,0,0,0,0,218,0,45,54,0,77,0,0,163,95,107,0,68,0,13,419,300,81,0,0,70,0,49,0,0,0,0,60,63,42,60,0,27,207,0,0,0,0,44,56,79,0,0,0,0,87,0,44,430,0,80,0,113,529,0,0,106,809,0,0,0,70,180,58,75,79,0,0,204,79,111,48,33,448,0,266,0,127,96,0,65,154,73,38,0,42,157,74,0,0,0,98,0,21,0,0,0,56,0,113,17,350,0,0,130,0,215,83,0,0,0,0,125,0,152,151,0,0,9,0,0,141,138,104,57,0,442,231,68,161,160,0,0,0,71,58,0,128,0,0,59,463,169,85,55,427,269,0,83,46,0,233,0,21,60,26,0,93,0,0,0,0,0,0,136,0,48,0,77,0,68,0,154,78,0,0,32,0,401,0,0,58,75,0,0,278,0,0,0,142,142,68,294,0,0,64,0,0,24,0,0,0,29,46,44,71,30,136,53,128,78,238,40,0,0,140,152,53,554,0,67,24,180,109,0,180,0,0,0,0,82,0,156,244,0,0,36,0,0,67,99,0,0,0,0,287,19,288,27,0,41,52,0,79,0,151,37,0,0,1065,301,0,443,0,0,0,196,63,107,42,0,22,67,0,0,0,67,192,50,35,14,0,92,31,83,184,40,64,83,0,49,0,0,98,161,0,77,0,0,452,0,0,0,63,196,0,0,0,72,0,153,123,0,175,0,43,27,0,147,67,0,34,0,79,56,74,0,63,39,0,44,0,42,0,0,0,0,50,0,0,84,90,0,0,71,0,55,0,0,0,41,0,190,70,0,28,64,0,0,0,0,155,0,0,66,35,94,381,31,0,75,44,158,54,73,0,242,0,29,0,474,0,0,21,314,0,0,143,0,318,40,226,0,494,58,0,0,43,19,34,0,0,50,131,0,55,0,0,175,90,0,345,65,0,0,0,88,0,238,304,79,0,43,0,0,79,36,28,0,215,88,0,0,0,32,0,43,38,138,0,0,1318,56,142,0,308,92,56,0,98,50,44,0,0,0,0,49,135,0,35,71,165,112,0,212,0,43,0,140,249,55,561,0,92,0,23,133,0,0,39,0,0,49,0,29,0,0,184,0,30,0,84,39,27,224,0,0,0,52,0,0,0,28,0,0,148,0,35,58,21,0,0,23,40,132,88,349,74,0,264,0,32,135,55,0,124,0,0,0,0,242,47,0,0,0,165,576,0,0,0,42,99,0,0,0,0,0,0,0,44,223,93,37,34,95,53,0,102,0,0,0,121,54,0,39,125,0,140,49,93,0,45,110,74,0,56,67,0,0,69,229,358,0,0,0,0,0,48,534,279,40,0,87,0,147,158,0,170,55,0,32,18,72,0,48,49,55,96,0,43,114,41,0,312,0,0,137,92,0,61,73,0,34,0,0,0,0,0,0,62,0,36,131,0,0,49,85,47,0,73,0,0,73,0,193,0,78,159,0,0,0,0,0,48,0,30,48,0,0,113,41,0,0,0,0,148,18,80,0,0,93,0,126,0,0,0,36,0,29,112,30,15,33,144,66,0,0,89,78,0,0,0,0,0,0,79,75,0,0,80,0,0,0,0,201,0,0,60,0,46,0,295,77,29,45,91,0,132,0,0,352,135,34,208,0,0,48,44,50,0,0,38,0,258,0,0,197,0,91,0,218,90,0,0,57,26,0,36,144,0,0,0,0,0,109,25,56,135,70,0,0,51,49,65,0,45,0,0,0,0,786,189,48,139,41,64,87,68,76,0,65,0,0,0,0,34,0,0,192,36,23,0,370,0,531,63,0,148,35,0,0,0,0,0,131,33,155,129,225,45,61,31,81,0,82,83,0,0,128,0,0,61,0,0,109,148,83,90,67,0,0,0,278,46,84,0,148,0,62,80,0,0,276,0,0,121,0,0,0,110,0,34,0,37,45,18,195,43,88,107,235,0,41,76,0,0,51,0,0,56,0,0,50,0,103,44,69,57,0,0,0,0,60,37,96,0,99,0,54,0,0,43,0,0,48,170,34,165,448,0,0,40,0,32,69,94,62,0,0,0,0,98,110,66,0,0,0,31,273,0,33,64,51,0,130,0,0,0,60,112,0,216,89,27,0,51,0,0,104,0,172,0,223,239,0,0,221,0,0,0,142,127,77,0,0,51,246,0,299,0,0,70,96,0,59,107,173,0,0,81,254,0,0,164,94,0,34,120,115,0,60,0,26,0,0,0,251,0,0,407,0,77,50,0,66,117,0,32,0,116,0,310,0,0,0,0,0,0,0,0,230,54,49,31,44,19,21,67,0,62,99,43,58,0,0,443,0,0,57,0,0,76,0,100,350,37,77,27,0,153,0,0,43,73,0,80,55,0,74,325,88,47,0,49,376,0,0,0,0,267,0,30,0,0,0,114,49,35,49,0,110,65,96,55,24,0,44,0,359,0,0,0,152,0,447,133,0,68,0,145,205,42,108,24,77,0,126,67,126,124,0,0,0,0,0,0,0,40,340,0,0,588,25,0,0,188,73,0,0,22,67,0,37,0,0,0,146,95,70,565,62,0,74,0,0,0,43,73,97,0,0,0,0,0,88,0,0,42,202,0,141,32,0,56,0,80,0,73,0,76,0,319,0,248,0,0,0,52,0,266,0,69,107,0,0,28,50,0,31,0,65,0,41,251,0,43,0,0,0,0,36,86,0,726,0,76,100,0,35,62,52,0,342,100,0,128,33,24,0,0,71,0,0,0,62,0,0,0,80,0,0,86,0,0,0,0,87,0,95,64,284,191,52,158,39,42,0,0,0,72,252,55,82,90,0,53,0,0,0,0,0,49,73,0,0,98,80,61,99,73,0,0,73,0,0,0,58,41,75,130,328,0,34,88,0,45,222,75,0,63,174,0,256,97,0,0,41,165,90,0,0,203,0,56,0,0,0,65,86,24,0,0,0,126,0,68,87,48,108,0,0,0,0,0,0,40,50,0,0,42,19,28,186,32,0,75,0,0,333,0,0,126,64,0,0,0,45,47,0,254,110,408,0,0,0,46,0,24,186,42,104,0,0,90,148,42,97,730,126,0,0,0,95,172,35,221,0,75,142,0,0,142,138,288,0,134,0,49,33,0,43,0,218,182,138,136,0,0,0,0,0,0,105,0,0,57,0,0,0,0,145,30,0,0,0,58,100,0,35,124,0,160,115,0,37,355,52,0,0,0,0,465,0,77,0,38,0,0,75,45,140,133,39,92,111,171,0,25,0,0,0,79,314,0,0,0,0,166,0,115,0,0,32,0,130,0,127,16,39,0,40,0,0,0,144,0,0,45,256,0,72,0,724,0,49,0,0,0,0,281,62,64,0,371,10,0,0,0,0,0,0,77,0,69,188,0,0,0,0,100,135,35,0,0,0,0,41,0,124,0,176,0,0,222,95,106,62,75,0,30,0,30,0,0,0,28,32,0,41,67,0,0,0,0,104,87,45,0,0,0,44,109,0,71,65,0,0,23,0,51,0,88,0,131,301,114,0,0,0,0,56,35,0,0,0,223,194,45,199,34,0,41,0,45,0,68,0,27,0,0,17,54,0,288,134,0,57,78,0,41,0,0,0,0,77,0,294,25,0,0,0,242,74,0,235,47,44,47,36,168,0,43,42,0,43,0,0,78,185,35,236,110,0,69,36,61,49,41,80,87,0,26,29,0,29,29,0,0,82,0,0,30,0,70,0,27,50,0,40,142,0,0,30,44,0,0,0,144,0,44,0,0,109,0,58,237,0,45,0,0,0,0,0,0,53,83,68,85,70,60,0,0,0,54,66,0,62,0,0,0,0,0,0,132,32,38,209,0,0,79,159,0,68,0,107,0,0,0,0,0,0,0,0,22,0,0,58,0,115,169,0,0,0,0,151,0,30,134,57,98,119,20,148,51,171,0,65,0,0,39,92,0,0,98,180,0,0,88,41,0,0,0,129,0,23,0,102,0,0,0,0,0,0,0,184,175,22,94,0,124,0,34,0,52,0,240,219,0,0,165,0,0,101,35,0,0,0,0,0,66,54,49,0,0,50,0,0,0,0,43,0,30,28,0,0,0,0,0,629,0,0,262,0,39,0,84,0,144,48,0,173,99,0,0,34,0,0,122,0,179,75,0,0,38,0,0,0,0,104,0,0,0,0,258,0,80,84,113,57,0,0,32,0,74,0,0,237,0,0,60,0,51,53,279,151,44,150,0,0,0,0,0,69,0,101,0,172,278,0,33,0,118,0,0,0,51,37,197,51,115,44,46,0,0,53,47,0,30,32,0,0,114,0,36,0,144,0,0,121,0,0,29,242,0,60,0,65,30,0,0,131,56,0,0,0,126,639,0,0,0,97,0,0,0,58,229,0,0,127,0,51,0,27,82,44,0,0,0,0,0,0,0,71,0,41,0,0,42,59,38,97,39,0,0,0,0,46,0,29,0,68,410,64,120,28,35,0,33,0,40,69,155,0,0,0,121,45,0,0,0,83,44,0,59,27,0,447,48,262,0,67,40,95,73,160,0,22,39,0,76,37,0,0,0,542,90,0,0,0,0,0,52,0,0,0,392,0,28,210,0,46,0,68,0,0,167,0,37,647,0,473,72,73,0,0,137,0,49,55,0,39,62,0,0,0,44,0,87,38,0,106,0,35,124,40,0,43,0,0,38,0,0,43,0,0,28,0,115,152,0,93,0,0,0,0,52,229,0,35,91,0,0,0,49,192,70,0,0,0,81,0,0,0,110,0,0,0,41,0,0,143,86,0,0,0,107,34,0,0,24,0,0,0,142,0,49,0,0,27,0,0,0,0,246,0,62,83,24,33,161,0,52,0,0,0,53,367,0,57,0,0,0,0,0,0,0,148,142,0,97,53,46,0,57,0,128,0,0,0,0,0,0,0,0,57,61,0,0,0,0,0,0,0,0,0,0,65,42,45,0,0,0,53,0,38,77,0,0,39,44,86,135,30,0,76,61,95,0,52,0,0,0,41,164,0,0,0,0,0,0,0,0,0,146,0,0,0,0,33,0,0,0,0,0,43,118,264,228,0,0,0,27,304,0,164,0,61,33,51,0,55,63,0,0,47,0,0,0,0,0,0,71,0,0,0,61,115,0,132,0,182,0,0,0,0,0,39,80,0,489,79,0,261,0,0,75,0,0,0,51,220,0,0,0,88,0,0,53,0,0,0,0,0,0,48,0,0,357,62,0,0,13,304,0,0,0,36,36,0,0,0,0,147,0,0,62,0,138,174,0,0,0,0,104,117,0,0,0,0,0,0,114,73,0,0,30,107,0,0,0,0,0,0,24,40,66,0,0,0,0,0,99,47,36,116,0,22,22,175,0,0,0,0,0,0,0,47,187,0,82,0,113,0,92,88,0,0,0,0,0,0,0,183,0,0,36
324,0,0,0,31,36,18,0,0,0,0,60,0,0,0,0,164,51,0,40,0,0,0,0,0,0,0,0,36,0,0,0,86,0,0,151,94,0,0,141,0,0,0,0,68,0,23,0,83,0,93,0,0,0,0,0,19,0,0,0,0,0,0,285,0,0,0,0,0,0,86,0,0,0,0,60,0,0,85,0,0,16,0,46,112,0,0,0,0,0,48,0,0,0,24,0,0,0,0,0,0,0,0,0,0,0,48,0,36,77,39,43,0,27,0,0,0,56,0,0,94,0,43,0,0,0,0,0,0,0,0,0,49,0,51,23,0,0,60,0,0,0,67,303,0,0,0,0,0,40,0,0,44,0,36,0,0,0,0,68,127,0,0,0,0,41,0,0,0,84,58,0,0,0,0,0,0,0,0,0,0,171,0,0,0,33,0,82,77,0,0,0,13,0,123,0,0,36,0,0,0,0,84,0,123,0,0,0,0,87,82,0,38,0,0,0,27,0,0,0,54,59,0,10,55,0,0,77,343,0,39,0,0,13,0,0,0,0,36,0,0,0,0,0,0,0,70,0,0,0,0,0,40,32,83,0,0,0,0,0,320,48,0,18,0,0,0,115,35,0,0,0,78,78,0,0,0,0,556,0,68,0,57,77,0,0,0,104,738,77,0,0,54,0,0,65,0,0,0,0,0,0,0,0,0,222,211,147,0,0,0,221,32,0,0,0,41,106,0,0,0,0,0,0,106,0,0,114,0,0,219,0,0,75,97,40,0,0,0,0,0,0,0,0,65,0,0,0,0,336,0,0,31,194,163,0,53,0,89,187,73,45,46,0,90,33,351,68,0,0,127,0,0,0,38,0,29,0,0,93,0,0,47,45,0,234,28,0,42,0,0,34,125,0,0,0,283,0,38,0,0,0,57,0,0,61,0,0,0,0,36,0,73,0,0,0,188,33,257,99,0,66,0,0,88,0,97,0,0,23,0,0,0,0,58,0,0,57,0,53,0,0,94,78,94,69,48,0,0,0,0,0,87,0,40,0,38,0,0,0,80,0,61,188,37,0,0,0,0,0,0,0,47,49,0,0,76,174,0,75,0,0,147,235,0,0,0,61,150,162,81,66,0,212,0,50,81,0,0,0,0,0,0,462,25,0,203,125,46,0,48,0,0,0,0,0,71,65,0,57,0,0,100,139,44,0,0,0,260,0,0,0,0,0,0,27,0,0,0,62,0,0,162,0,0,0,131,0,0,89,53,46,0,21,0,0,0,0,0,32,180,139,0,45,33,146,79,0,0,31,56,68,0,0,0,0,0,0,0,0,0,97,71,0,335,0,129,144,0,0,0,177,0,40,0,0,0,66,0,62,0,0,0,81,55,75,0,141,0,53,0,0,93,114,71,0,71,31,0,0,0,0,0,0,0,0,85,0,0,125,170,0,0,54,0,0,54,37,0,0,0,0,106,0,0,318,0,42,0,114,134,0,0,109,261,0,0,0,0,165,0,0,0,0,0,111,80,82,37,0,151,0,154,0,161,0,55,0,144,0,0,42,0,49,0,0,36,0,0,0,82,0,0,0,26,0,106,0,77,0,0,0,0,76,0,0,0,39,82,116,0,125,103,0,0,0,0,45,141,43,93,0,88,100,57,171,132,0,0,0,42,0,0,0,60,0,0,48,307,97,170,0,539,93,0,42,0,0,70,0,0,0,7,0,112,0,0,36,0,0,0,100,0,0,0,64,0,0,0,0,84,105,41,34,34,234,0,0,0,0,92,0,59,0,0,0,0,70,42,0,0,0,30,0,0,34,0,66,67,0,0,0,47,52,171,25,0,0,90,0,52,0,81,113,44,98,0,0,51,0,0,0,0,28,53,0,0,45,0,56,230,0,0,0,0,0,51,125,23,0,0,52,142,0,145,0,0,53,0,0,0,0,124,0,0,0,281,114,54,234,0,44,0,144,0,0,0,0,0,0,0,0,0,0,175,98,0,0,0,22,55,0,176,0,0,0,0,65,0,0,26,125,0,68,151,0,306,0,0,49,31,0,0,47,0,0,0,85,82,377,42,0,0,32,42,711,43,0,67,0,88,0,0,0,0,0,32,0,63,0,0,0,0,0,0,0,0,0,69,0,22,75,33,0,0,0,0,0,0,42,106,0,9,107,0,0,0,0,81,0,0,92,23,0,131,0,43,62,34,442,0,0,0,0,127,30,0,79,0,0,28,0,0,0,31,39,369,0,393,0,416,102,0,0,41,0,0,0,0,0,45,0,153,0,0,0,0,33,156,81,0,28,0,0,0,147,255,94,82,0,0,71,0,0,0,0,310,170,0,0,0,115,0,0,0,0,0,72,227,56,205,32,60,0,47,49,55,170,54,0,0,0,74,58,167,0,51,145,65,0,0,195,0,0,86,197,147,111,80,0,160,129,0,285,0,0,0,78,0,57,0,99,0,39,247,0,0,0,93,0,47,286,56,144,0,52,50,0,0,0,32,0,73,0,0,0,0,0,0,49,50,28,0,87,0,115,717,52,0,175,0,53,83,45,56,0,0,90,0,112,0,0,0,64,0,18,33,173,131,0,117,0,0,0,32,0,40,0,0,0,67,0,125,112,65,0,36,42,0,0,0,0,135,208,193,37,95,0,132,41,69,0,0,0,281,0,111,105,98,0,44,0,0,0,63,167,260,0,0,140,0,132,60,0,74,85,0,23,0,0,18,0,0,0,180,0,0,38,0,0,161,0,0,94,122,0,0,8,0,53,0,0,0,86,0,0,0,0,0,45,0,0,0,104,0,0,29,0,0,0,0,0,0,0,0,0,0,0,63,0,0,0,0,0,47,0,0,0,0,0,0,0,0,51,50,0,0,0,0,159,148,273,0,0,0,0,105,0,0,0,137,30,51,20,20,0,0,0,0,0,0,32,0,63,0,0,0,0,0,99,0,64,0,0,0,26,0,0,92,0,0,0,0,0,86,42,0,152,0,0,228,0,0,1200,0,111,0,0,0,0,155,0,0,0,0,40,0,67,77,28,0,0,35,0,0,30,0,0,0,0,0,0,0,0,0,0,0,0,0,0,0,36,0,251,0,0,0,173,188,0,273,0,0,48,60,0,0,0,0,62,0,28,50,0,0,277,0,0,0,0,0,337,110,0,104,0,0,0,0,0,125,0,0,0,19,143,0,132,0,128,0,0,104,0,0,0,79,0,35,57,0,0,0,0,0,0,71,0,0,222,0,0,0,0,0,0,146,0,0,0,0,0,63,0,0,0,34,0,0,156,47,0,0,36,0,21,0,0,0,182,37,0,0,0,48,0,0,0,63,39,0,0,52,0,188,0,40,0,0,115,0,0,0,213,143,38,0,0,0,0,0,0,0,0,0,54,0,0,41,0,0,0,45,42,0,0,0,0,67,155,44,0,0,54,44,119,0,46,0,0,30,187,0,0,0,0,0,21,83,27,0,0,0,0,0,37,0,48,0,67,74,0,0,0,129,0,0,167,0,0,0,0,0,259,0,0,0,0,18,55,0,39,66,78,109,0,20,965,0,0,68,58,51,0,70,208,0,0,36,66,67,0,0,117,0,0,229,0,0,0,0,0,37,0,0,0,0,45,276,0,41,0,0,0,45,0,0,100,117,0,0,33,36,0,37,0,178,32,0,20,37,0,230,0,119,0,0,0,0,0,291,248,52,60,0,16,149,0,0,30,90,40,0,162,0,195,72,45,0,32,0,196,0,0,0,95,68,0,130,0,0,0,350,36,34,0,0,165,28,57,0,241,0,52,0,169,0,0,0,229,43,440,42,54,0,0,50,0,38,0,0,49,0,0,60,31,0,0,0,0,0,0,0,0,34,0,0,0,432,0,0,0,108,112,0,91,41,91,0,0,0,0,0,65,62,47,938,87,44,68,0,30,83,0,32,416,0,0,19,0,16,67,0,0,63,126,0,59,0,0,40,0,58,108,186,96,0,0,323,0,270,0,0,0,114,0,0,27,81,0,23,0,0,33,0,0,0,119,0,35,117,26,0,0,0,0,22,0,0,0,217,0,45,0,0,34,0,41,0,205,48,0,67,0,0,50,0,94,0,0,0,0,0,0,0,36,25,0,105,0,0,109,0,90,0,27,107,60,120,0,0,35,0,0,0,0,93,110,37,53,199,0,0,0,0,24,0,22,37,0,0,41,0,120,71,245,0,26,56,41,0,0,0,61,0,50,42,48,40,25,0,0,0,433,0,46,55,133,0,145,38,0,0,0,247,0,36,0,143,31,0,0,0,0,44,52,207,0,0,0,127,0,72,86,127,43,0,0,68,64,0,0,69,84,0,0,0,0,54,279,0,27,38,0,0,343,18,0,349,0,0,0,0,0,0,0,384,92,67,0,0,0,0,0,0,82,0,116,55,52,0,0,67,124,511,55,41,0,35,24,78,112,28,0,54,170,0,0,167,38,116,45,70,51,50,0,0,0,22,220,116,82,240,0,0,66,0,0,0,0,0,14,149,0,72,0,0,205,0,0,0,0,0,0,0,0,123,0,102,47,0,0,199,0,0,0,0,259,147,0,0,0,0,0,0,90,66,241,202,81,63,127,142,0,0,0,31,35,48,125,0,0,0,47,73,68,0,0,0,0,0,0,0,85,0,26,0,36,0,0,79,85,0,0,49,65,80,55,0,341,0,0,0,0,0,0,196,48,45,101,436,0,0,0,23,0,87,34,0,33,0,68,0,94,54,0,73,146,0,95,68,40,0,34,42,114,27,91,97,0,150,37,36,40,0,140,38,0,0,0,84,0,0,54,69,54,102,121,0,0,0,52,0,0,0,0,0,96,65,47,39,112,0,0,41,0,0,53,75,54,120,194,0,0,0,0,0,0,68,0,0,116,77,182,109,82,0,31,121,17,38,0,0,50,0,106,0,47,56,39,185,386,0,54,39,0,47,0,0,76,29,0,0,0,0,60,78,58,0,193,0,0,0,0,48,0,86,65,42,66,0,66,0,0,0,143,48,126,36,0,0,96,0,0,0,82,78,0,199,0,0,187,89,0,64,42,0,0,668,0,174,0,62,0,0,91,0,0,0,0,0,79,38,0,87,0,0,0,0,251,0,36,408,0,0,0,0,138,0,88,0,0,89,40,93,137,0,0,0,120,61,0,86,69,0,0,0,0,0,0,152,0,42,138,0,0,56,58,0,179,0,86,0,70,0,0,42,0,0,32,90,0,93,46,0,114,0,0,0,0,0,91,0,104,0,91,312,0,154,0,0,64,0,51,62,0,72,63,197,284,46,0,31,0,40,50,0,0,0,0,41,50,38,53,68,466,0,0,0,67,0,69,34,66,322,0,0,0,0,0,89,0,53,0,112,40,295,0,0,0,68,78,113,0,0,0,98,0,28,60,0,307,82,0,0,0,0,0,59,53,0,0,0,0,28,222,0,0,821,39,67,0,76,0,76,151,0,55,0,0,0,100,0,0,91,0,131,46,42,0,0,0,0,0,0,130,98,0,0,0,165,0,52,197,108,258,0,0,42,52,0,0,0,205,0,34,28,0,110,84,60,50,84,296,0,0,0,0,0,0,22,132,0,326,112,0,0,0,0,54,0,0,39,39,292,111,90,0,0,58,0,0,0,48,16,0,0,0,77,112,0,0,169,0,0,0,0,0,0,71,0,0,81,124,0,0,0,29,0,40,0,0,171,404,55,0,0,55,0,0,0,31,106,0,0,77,0,0,0,139,178,0,0,0,0,32,0,0,0,107,0,0,0,0,0,37,120,149,30,16,160,0,32,76,0,96,42,100,151,24,87,0,72,0,0,50,50,49,396,79,0,0,201,0,67,40,40,69,82,40,25,0,0,182,0,180,37,149,70,66,158,100,0,45,54,0,283,33,0,53,0,625,27,78,0,0,0,0,155,0,0,0,580,0,0,69,148,34,0,192,0,128,0,70,0,292,0,303,29,110,0,65,482,0,59,60,108,74,54,0,0,67,83,0,128,37,0,0,0,71,136,135,0,0,33,0,114,0,0,59,0,83,53,0,106,106,0,0,0,0,72,0,93,149,0,37,67,0,0,0,51,61,88,25,0,85,206,0,28,71,0,35,0,46,65,60,0,163,0,54,0,166,166,78,0,0,53,0,0,0,50,0,91,0,0,90,85,0,0,0,136,24,164,69,182,72,0,54,26,0,0,412,91,101,0,133,40,0,0,0,0,36,49,193,172,0,298,117,150,0,0,14,0,54,0,35,0,0,0,0,0,314,192,0,137,0,0,82,152,0,0,0,41,322,77,75,0,0,0,0,63,100,197,31,92,0,53,143,317,0,0,629,89,25,52,0,87,0,0,0,63,0,35,0,41,30,26,37,0,0,0,31,0,0,83,0,0,118,0,43,0,0,99,222,557,86,77,0,105,99,28,194,0,114,84,0,49,101,139,102,154,0,46,0,44,90,0,170,183,0,46,95,0,111,0,63,0,57,0,0,0,0,0,141,250,0,937,117,0,174,0,0,57,87,0,0,42,535,0,0,60,212,0,0,46,45,0,0,0,57,0,159,149,90,284,73,0,203,58,52,0,81,0,33,31,0,0,184,47,199,0,0,46,0,79,0,50,27,263,57,112,233,0,0,43,0,0,0,746,146,0,0,0,171,0,0,0,13,42,0,0,28,58,0,0,0,0,0,176,0,0,156,0,51,0,182,0,0,0,0,0,0,0,0,62,0,58,90,291,0,49,0,0,0,0,45,0,0,75,489,0,0,43
325,0,0,0,0,0,24,0,0,0,0,0,0,0,0,0,39,0,0,0,0,46,0,0,20,57,0,0,70,0,0,0,0,0,0,91,54,0,0,136,78,0,0,0,86,0,0,0,61,0,39,32,83,0,0,0,0,0,0,0,0,91,0,48,0,0,0,0,0,0,82,0,21,0,0,127,80,0,52,0,54,0,0,58,271,0,0,0,0,0,0,41,0,0,71,0,0,0,0,0,0,0,0,43,0,0,0,0,0,44,82,0,43,43,77,0,17,60,0,0,132,0,116,0,15,0,0,0,73,0,118,0,109,0,0,45,0,0,0,0,62,0,79,37,0,0,0,0,0,72,0,0,124,41,7,57,0,0,0,117,115,0,0,119,0,35,34,0,35,123,57,65,0,0,0,39,0,0,45,0,0,36,0,0,0,0,57,296,251,0,0,0,0,50,35,0,0,0,0,0,0,0,57,0,228,0,44,0,0,0,132,75,33,0,0,70,0,38,0,0,0,126,0,0,100,0,0,52,134,0,71,0,0,0,0,0,0,77,204,27,0,61,0,0,0,0,113,0,0,0,0,0,104,0,67,0,0,0,22,29,205,0,22,0,35,0,0,348,0,278,0,0,88,120,0,0,0,0,117,160,43,0,38,165,0,0,19,286,1308,0,29,0,0,0,0,0,0,0,57,0,43,0,0,0,0,349,95,34,0,68,49,0,0,0,0,0,0,38,0,0,0,39,0,0,74,81,33,126,0,0,0,0,0,0,0,90,0,0,0,37,0,29,0,0,0,0,0,0,93,619,127,59,0,0,121,0,0,0,155,156,0,41,19,0,76,110,87,0,0,0,0,34,0,0,42,0,0,0,0,0,0,0,47,0,0,126,65,0,0,0,18,0,438,0,44,25,158,0,61,109,0,0,114,0,0,85,0,16,43,0,57,0,78,29,0,0,157,33,58,111,0,64,58,0,0,102,18,0,67,0,0,0,0,0,0,0,0,0,14,0,0,0,152,48,75,0,112,45,0,29,26,0,69,0,0,0,0,0,0,0,138,34,123,158,0,0,0,0,0,0,0,30,115,0,46,0,0,160,135,0,0,0,0,118,0,0,0,76,61,118,129,42,0,151,0,24,63,106,106,0,0,151,19,430,0,0,205,0,0,0,40,39,0,0,0,0,105,72,0,28,75,34,113,172,0,0,0,56,0,0,41,0,0,0,0,0,0,0,0,0,0,117,0,0,0,0,70,0,0,305,0,57,0,0,0,0,11,39,0,56,0,121,0,23,0,77,0,0,0,0,0,190,0,0,0,0,0,0,0,36,114,80,57,0,0,0,102,384,0,0,0,70,0,0,0,0,0,55,0,46,0,0,0,63,56,102,33,51,0,0,0,0,139,203,35,0,0,43,0,30,0,0,0,0,0,0,85,0,0,92,95,39,0,31,0,0,39,88,0,0,0,0,68,0,0,0,0,60,0,107,0,0,0,0,404,0,0,0,0,107,58,23,45,0,0,63,0,0,0,0,51,0,0,0,82,0,0,48,320,0,0,41,40,0,70,0,61,0,111,0,63,0,50,0,0,0,58,0,241,0,29,0,0,22,0,0,0,68,132,0,0,198,46,0,0,0,0,17,0,0,93,0,69,399,93,132,0,92,0,0,84,73,0,38,44,0,0,0,0,0,85,0,78,0,0,59,0,0,23,0,31,32,0,0,118,0,0,50,0,0,0,53,0,0,0,0,0,37,0,68,55,56,0,0,0,0,0,0,0,32,134,26,0,0,0,0,0,29,79,91,0,0,42,0,0,0,0,0,0,0,0,26,0,0,375,40,121,0,0,0,45,0,113,105,0,25,0,0,0,0,127,0,192,0,0,30,91,0,0,117,113,0,0,0,0,0,46,0,0,0,0,0,73,0,91,41,0,0,0,0,99,0,87,0,0,0,101,97,49,230,0,0,0,0,0,0,0,0,0,0,0,0,0,0,158,97,0,0,0,0,0,51,0,0,42,69,0,59,0,23,48,129,0,58,106,111,238,0,0,0,78,60,0,0,0,0,0,191,248,0,35,41,59,0,0,126,113,0,118,0,59,184,0,33,0,30,44,0,0,79,35,0,27,0,0,0,40,77,121,0,0,86,0,122,0,151,0,0,0,0,52,0,0,119,0,0,51,0,384,0,59,27,0,41,86,0,0,0,86,70,0,0,0,181,0,36,0,328,0,0,0,0,0,0,72,57,0,0,388,0,492,109,0,55,0,0,0,0,0,86,29,0,0,0,0,171,0,44,33,144,0,30,0,61,0,0,443,132,0,60,0,0,0,54,0,0,55,0,27,0,0,79,0,0,67,240,0,42,225,0,81,0,57,75,36,0,47,0,0,0,0,0,61,53,232,0,0,0,77,183,0,182,118,0,0,173,687,78,111,0,92,0,0,51,0,0,48,0,0,50,0,0,0,0,19,20,0,30,73,0,49,192,0,0,58,62,0,0,0,0,0,0,102,0,45,0,51,0,0,0,29,190,55,166,0,0,34,0,0,194,38,67,205,0,55,0,48,42,0,0,0,0,111,140,0,0,0,0,0,0,0,28,0,0,0,0,0,291,0,35,0,46,82,88,62,0,33,0,275,0,0,27,120,71,182,0,0,0,0,33,75,0,44,52,31,0,33,121,106,0,33,0,0,0,0,154,457,0,0,115,0,420,157,0,188,0,24,41,0,0,0,32,44,0,0,31,0,0,0,0,156,0,0,0,0,0,65,0,0,60,0,0,0,0,0,0,30,0,0,106,0,0,35,94,0,0,50,0,0,37,0,0,0,33,43,0,0,0,39,0,0,0,0,0,0,0,70,0,0,0,0,0,42,0,0,0,0,0,0,52,37,0,0,0,0,0,41,0,0,0,68,0,0,0,63,0,0,0,0,0,0,41,0,18,0,0,0,0,0,0,0,71,0,0,0,40,65,0,67,0,0,0,0,0,63,0,0,209,0,0,99,0,0,65,0,0,0,36,0,0,91,0,0,93,0,41,0,0,66,0,0,0,35,0,0,0,0,0,0,0,0,0,0,47,38,0,0,0,0,47,0,0,0,0,0,0,0,0,146,0,0,0,0,52,0,0,27,0,0,0,0,0,0,0,0,51,0,35,0,356,0,69,0,0,73,0,0,0,0,0,19,98,0,43,69,0,0,81,0,104,0,27,0,0,0,0,0,0,0,44,0,56,0,0,164,0,0,0,0,128,59,0,0,67,0,0,0,0,0,0,0,0,0,0,0,0,0,0,0,13,0,18,0,77,0,0,78,80,0,0,61,0,0,48,0,0,0,0,0,0,0,0,0,0,67,0,30,0,0,0,0,49,0,53,71,87,0,0,0,0,0,21,0,0,0,213,32,0,0,58,0,0,0,0,0,0,0,0,0,150,78,0,0,52,0,0,0,0,0,34,0,113,0,0,0,0,44,0,0,0,0,0,0,0,0,0,0,0,0,108,62,0,0,129,12,0,0,54,29,0,0,0,33,40,0,135,0,22,0,0,0,45,0,114,29,0,0,254,0,0,87,86,0,42,53,22,0,0,0,0,0,0,0,0,0,0,108,0,30,29,0,47,0,27,0,0,65,0,0,0,0,0,0,0,0,0,0,167,98,31,0,71,33,0,0,0,0,70,22,0,0,0,146,0,35,47,0,0,61,0,0,0,0,0,0,0,55,0,0,0,34,0,0,52,0,0,120,0,22,0,0,86,0,0,22,0,42,0,0,0,0,0,140,0,0,0,0,91,15,81,0,72,0,0,0,235,0,0,0,362,0,173,0,52,38,0,55,86,0,60,16,69,0,55,0,0,116,0,0,0,0,0,0,0,73,244,0,0,89,0,0,0,0,0,0,0,79,0,0,0,0,0,0,56,0,0,88,51,53,0,0,39,0,0,47,124,0,0,0,0,0,46,0,0,22,74,0,99,0,0,0,0,46,55,35,32,0,0,287,33,181,0,13,0,0,0,101,14,0,0,53,0,0,36,0,0,0,0,0,0,252,44,0,0,0,0,0,0,72,0,437,0,80,0,0,0,12,0,0,126,90,0,38,15,0,0,0,49,0,0,0,0,0,0,53,0,0,0,0,0,0,291,0,0,0,50,0,99,32,0,0,0,45,0,0,27,58,79,76,0,0,0,0,0,0,0,0,0,0,0,0,0,0,116,51,82,0,0,0,47,0,0,0,56,0,0,0,56,56,0,0,0,0,257,0,0,0,128,0,235,0,0,0,0,0,0,0,0,133,0,30,0,0,0,39,0,104,0,0,0,94,0,0,57,46,43,0,0,0,116,0,0,0,0,0,0,0,0,76,90,0,0,36,0,0,282,0,42,39,59,0,0,0,0,0,0,0,84,205,0,0,0,0,0,0,0,0,0,54,0,75,0,0,0,210,86,16,0,0,0,65,0,92,51,0,184,0,0,82,0,161,0,65,46,31,0,0,0,0,68,73,0,42,0,0,0,0,0,0,20,0,0,47,0,44,0,0,82,0,0,0,0,0,31,0,0,16,0,53,51,0,0,141,0,0,0,0,250,94,0,62,0,0,0,0,51,0,87,67,0,0,0,70,0,0,0,0,64,0,147,0,0,0,0,62,59,53,0,0,52,0,0,0,41,0,0,0,29,0,0,0,47,0,0,0,54,0,0,0,0,0,0,0,0,0,0,62,54,0,58,213,0,0,0,0,0,39,38,0,0,0,82,0,0,50,0,105,0,0,111,40,54,0,0,0,104,0,111,109,0,238,0,0,0,40,124,20,0,0,0,30,0,0,0,83,0,167,130,0,0,0,95,0,0,0,0,0,0,0,0,0,0,0,0,0,0,79,0,0,46,92,132,0,0,0,0,0,0,0,29,0,67,78,415,87,156,60,49,116,0,0,0,0,0,0,36,0,0,53,0,0,128,0,18,0,0,27,0,0,67,0,0,24,75,0,37,32,0,0,202,0,56,0,0,0,35,0,42,40,0,0,103,26,32,51,0,0,169,51,26,0,49,0,0,0,0,61,0,160,0,0,33,52,48,0,0,0,0,628,0,202,17,45,0,0,67,24,0,0,0,0,48,22,0,102,0,0,0,0,58,0,0,218,0,0,0,0,121,0,0,0,37,0,81,77,180,0,0,0,69,58,0,54,0,0,0,0,24,0,0,0,0,0,145,0,0,29,48,0,156,92,216,0,58,0,0,45,0,0,34,37,0,54,76,0,0,0,0,33,0,0,0,0,33,0,0,256,0,106,0,0,0,0,49,47,0,0,0,33,215,0,52,47,0,90,0,0,0,0,71,0,54,0,0,30,631,0,0,0,0,0,79,0,39,76,0,0,27,0,0,0,0,0,91,44,0,224,0,0,0,58,0,101,0,0,0,0,0,0,0,36,158,111,0,0,0,28,0,64,0,0,0,30,0,0,682,0,0,454,0,0,0,138,0,87,45,0,134,0,0,0,0,0,0,54,0,0,29,46,0,0,17,24,0,0,165,51,0,0,0,219,0,0,35,136,49,0,0,0,35,61,0,0,125,0,0,0,0,170,41,36,81,41,111,0,0,0,0,0,0,0,45,0,395,88,0,0,0,97,0,0,0,51,22,44,116,45,0,59,45,0,36,21,40,0,0,0,0,0,53,40,0,281,0,0,0,0,0,43,0,0,0,0,31,0,0,0,109,0,0,0,0,47,417,0,0,0,66,0,0,0,0,0,0,25,63,0,0,0,59,70,0,0,0,0,0,0,0,0,53,0,0,41,0,0,0,0,0,34,0,0,0,0,103,0,0,59,0,179,61,0,0,53,31,0,0,0,44,93,65,0,0,76,70,41,52,0,0,0,0,87,0,0,297,0,372,0,77,47,0,50,194,0,0,38,0,136,52,26,0,0,151,41,32,0,0,0,0,102,0,0,0,190,0,0,0,39,0,40,0,0,26,233,0,0,240,0,120,0,0,0,38,212,0,99,0,0,0,0,0,0,0,40,0,36,33,0,0,0,64,95,61,0,26,40,0,42,0,0,0,0,0,0,0,148,0,0,0,0,0,27,14,0,55,0,0,107,0,0,0,0,90,59,0,0,81,0,0,0,80,146,0,0,0,76,0,0,155,0,0,154,0,43,0,0,0,31,0,0,0,82,0,37,0,0,21,73,0,0,0,118,0,59,0,196,0,0,90,76,0,0,49,0,346,0,0,0,0,0,0,0,44,0,214,0,0,0,0,123,0,0,0,73,70,0,0,0,42,0,0,0,331,0,0,0,0,0,36,0,0,0,26,0,137,0,0,0,0,0,29,48,44,0,0,0,0,42,122,0,0,20,0,0,64,0,0,0,0,0,0,133,0,77,0,0,0,58,0,0,29,95,0,0,0,0,0,0,0,15,0,0,0,33,332,825,0,79,0,114,71,21,56,0,0,0,0,0,63,0,57,17,0,0,0,0,0,0,141,0,0,52,0,0,159,0,31,0,207,0,34,0,0,0,0,90,0,270,0,0,157,0,0,50,0,0,43,0,210,0,0,0,82,0,0,0,0,0,51,0,34,13,0,50,69,483,43,0,0,50,167,0,37,0,124,16,0,0,194,0,0,0,0,0,0,53,105,0,0,0,0,85,80,53,0,0,0,0,0,339,43,0,0,0,0,0,42,0,0,0,0,28,0,38,29,0,78,0,0,84,70,40,0,0,40,0,233,0,0,32,0,0,0,0,0,95,0,0,76,0,0,0,28,0,0,0,0,0,0,41,294,27,34,0
326,0,53,0,66,0,161,57,0,285,61,815,65,65,0,425,95,501,48,49,0,773,106,174,165,349,58,38,112,59,85,67,88,0,197,83,272,0,161,459,253,138,72,48,724,0,172,45,1160,0,313,214,245,222,44,528,0,45,0,53,36,329,249,219,68,175,134,76,45,55,609,0,91,87,0,824,211,31,571,47,239,0,66,227,489,147,103,0,182,75,650,85,69,279,382,0,60,0,142,0,0,0,102,335,40,0,139,104,198,78,662,51,137,265,203,189,96,168,70,54,432,63,586,130,60,109,69,123,142,69,319,33,426,83,195,126,572,280,182,131,285,185,179,506,0,69,165,107,174,287,0,75,176,109,355,176,0,224,64,401,382,181,41,240,114,180,161,47,297,276,359,478,65,189,0,82,102,137,652,226,39,285,21,102,55,111,64,854,401,0,0,19,253,157,196,0,255,0,0,404,62,265,240,71,1472,90,99,43,41,51,279,262,25,145,113,465,113,305,0,46,354,772,72,30,371,35,0,163,329,45,356,61,45,55,58,35,74,157,383,79,45,118,91,184,115,0,411,37,141,0,165,87,410,181,302,141,146,0,95,201,143,445,333,118,92,45,52,636,400,900,95,0,512,443,162,219,127,63,839,585,189,59,184,248,202,122,110,202,7068,148,167,94,565,91,0,149,66,125,138,187,103,56,146,85,45,557,474,374,39,207,223,1070,335,0,0,119,188,496,109,68,40,55,50,36,563,166,60,167,56,51,617,0,125,150,154,125,36,0,0,110,42,175,0,127,274,26,0,43,192,2352,529,152,52,338,1013,24,180,218,656,450,162,162,154,0,201,507,930,422,190,46,225,132,175,114,249,381,369,0,0,391,177,55,59,145,162,1637,96,158,165,39,45,89,1285,48,128,95,1072,137,195,476,0,96,255,0,106,241,110,70,143,43,219,0,79,0,0,46,267,205,397,586,70,275,104,67,294,162,135,127,387,99,0,39,82,48,375,43,65,147,54,332,46,0,414,390,317,182,552,250,85,126,79,0,427,39,198,55,136,120,0,60,290,64,306,368,59,117,61,189,0,79,69,55,757,242,143,124,333,474,279,258,259,76,322,382,358,0,0,102,293,484,337,95,0,497,115,191,515,250,295,67,0,249,108,1238,116,170,114,184,135,49,172,84,55,63,54,56,363,184,157,304,234,94,353,353,182,62,110,153,566,0,121,0,0,47,247,164,79,34,0,351,112,194,530,0,64,0,245,0,192,338,305,153,83,165,91,88,0,163,132,98,426,756,0,90,160,501,122,38,0,98,415,275,44,28,43,79,0,496,62,91,260,280,267,56,840,48,472,658,132,76,117,825,0,197,0,47,0,407,57,144,51,52,123,252,171,370,68,215,125,172,0,61,606,816,126,54,146,245,0,164,46,42,0,51,175,50,161,0,0,206,297,52,68,46,77,134,107,293,61,0,37,40,121,0,58,184,30,222,58,233,271,113,0,85,1281,0,136,65,224,270,107,195,130,0,66,183,71,126,61,160,310,67,354,0,383,79,84,169,599,50,52,78,189,94,351,61,103,85,196,0,257,103,222,0,92,29,306,68,648,55,70,129,0,150,118,24,57,129,302,147,64,399,453,0,0,29,0,125,239,110,180,236,179,2019,664,572,168,170,21,0,177,149,85,91,139,0,0,0,235,261,458,128,1107,230,0,134,0,0,158,0,75,68,49,64,407,46,0,106,0,89,112,231,74,119,0,171,0,71,43,431,202,184,0,42,62,105,122,51,71,105,351,65,185,32,0,0,408,123,145,1177,0,0,94,59,0,89,0,104,63,147,105,93,75,75,573,144,366,122,121,53,197,0,519,311,50,365,71,38,0,83,332,64,546,55,59,106,176,112,42,186,337,0,0,98,34,47,243,123,60,0,0,34,657,0,339,149,0,110,161,73,300,0,156,92,34,0,702,396,211,535,0,58,0,253,0,229,76,0,81,0,40,117,51,150,234,279,42,58,0,66,65,72,116,54,77,129,0,129,0,66,202,399,56,192,238,304,604,42,115,160,202,487,0,86,0,120,89,313,438,405,376,64,64,33,67,1146,134,105,104,0,137,142,189,30,80,111,220,41,61,154,52,45,72,37,103,56,140,150,144,53,74,143,0,180,28,127,0,66,96,154,182,0,75,206,79,0,112,88,739,0,60,93,60,141,609,0,61,303,99,1023,104,111,34,438,179,55,0,830,45,0,83,554,59,46,230,105,451,64,650,42,2008,151,96,64,108,45,51,0,0,176,230,41,195,0,0,440,205,83,838,87,68,71,0,243,0,293,814,508,196,201,0,78,147,73,92,0,515,197,113,42,0,169,83,120,71,422,0,154,2305,112,248,115,347,250,66,121,159,447,170,50,184,0,155,177,501,0,145,290,182,244,0,576,126,139,128,671,773,373,781,0,173,182,59,300,0,61,88,96,40,82,0,211,0,73,890,64,66,0,140,61,87,511,71,294,43,77,90,119,27,0,134,107,378,0,54,123,102,98,0,122,62,252,170,616,64,157,735,158,33,503,65,188,530,123,128,0,89,274,93,276,0,0,331,1047,0,0,55,334,175,0,132,0,50,92,75,70,0,503,151,105,176,200,200,209,230,0,68,73,547,94,99,102,515,331,456,175,226,39,245,168,194,0,65,103,327,0,162,416,396,39,111,25,0,0,111,625,587,76,78,177,29,381,226,0,327,112,77,82,0,70,65,107,183,101,181,32,83,256,106,0,1187,89,58,232,242,70,187,223,82,148,180,57,62,151,43,0,92,87,26,626,0,0,198,286,146,131,91,25,0,149,0,412,64,157,214,43,86,0,200,0,79,57,117,92,172,0,219,0,0,190,63,83,222,65,222,42,0,75,29,344,334,387,34,54,0,60,518,58,153,52,334,88,130,54,264,138,65,67,94,0,196,116,149,250,0,29,179,128,52,217,59,461,96,0,45,151,155,83,658,304,107,44,238,52,330,74,0,391,425,140,571,93,42,2111,78,270,0,89,150,54,880,0,111,235,77,211,38,371,318,48,0,57,115,0,73,178,0,48,0,225,65,193,0,123,283,53,33,79,49,94,99,122,161,366,0,0,57,2782,496,115,385,64,141,207,413,142,114,189,44,287,90,31,146,120,35,622,100,310,167,669,40,833,321,0,623,78,0,79,64,32,365,151,72,177,318,397,56,282,78,329,38,144,159,0,63,186,181,106,353,112,68,88,121,165,476,58,186,232,63,1049,255,158,86,309,106,47,251,65,0,996,0,43,189,0,57,36,566,82,188,367,101,184,78,379,66,233,374,242,0,357,211,32,53,213,93,128,105,60,113,322,31,314,104,309,151,102,95,44,0,342,94,102,45,774,409,101,122,64,117,77,40,80,552,113,164,488,67,0,100,400,0,55,265,58,0,122,30,23,224,209,58,0,73,100,183,383,69,175,279,0,90,582,0,48,33,163,190,40,276,179,68,0,48,0,40,222,0,438,0,490,263,0,37,502,408,119,63,281,113,266,0,75,126,833,0,357,74,114,147,196,52,90,97,352,92,56,398,1435,0,0,261,95,0,86,486,582,0,161,142,157,109,82,0,388,0,120,1010,0,126,129,51,122,265,39,73,0,179,65,251,0,41,0,71,0,221,0,54,477,523,192,29,75,148,114,199,0,222,126,139,68,92,114,1071,61,28,112,37,96,177,52,508,456,187,188,125,60,209,73,0,127,158,95,194,323,43,265,385,72,123,115,125,562,54,68,136,87,218,0,101,0,31,92,315,98,136,102,0,771,225,215,0,110,62,224,71,768,0,41,45,821,31,1134,202,166,93,44,236,281,0,291,58,310,48,176,147,171,191,0,165,25,83,48,148,68,305,591,0,0,737,96,0,0,208,169,52,0,228,163,89,0,54,74,38,203,173,636,574,202,197,230,0,48,233,0,202,413,0,0,129,0,95,315,21,55,85,675,68,440,72,46,70,0,350,463,222,94,77,118,456,112,1026,0,22,58,210,58,447,45,76,142,301,89,35,90,0,67,0,108,63,102,596,216,147,41,0,0,64,91,347,0,1555,38,168,229,0,47,119,108,0,618,182,0,189,0,47,115,142,120,20,114,118,67,56,0,89,118,88,31,139,0,0,409,0,92,0,106,139,503,326,52,374,102,88,0,0,37,224,350,135,121,295,0,121,70,0,56,66,41,109,81,23,128,121,108,197,456,191,169,116,51,62,33,28,144,48,158,137,454,52,92,131,102,75,795,166,80,122,183,0,431,122,35,58,81,585,155,154,33,307,60,114,0,41,46,92,107,458,0,0,0,296,163,154,228,262,130,0,0,84,258,0,0,134,74,0,12,67,70,242,430,56,112,160,0,0,1083,52,86,486,45,27,0,57,88,90,0,681,105,678,0,138,48,64,0,0,394,68,165,324,73,116,148,124,95,882,204,160,0,58,84,319,114,315,88,77,405,0,0,214,206,397,79,374,186,70,75,0,0,155,376,386,162,673,35,0,187,0,38,0,142,0,0,182,0,202,0,96,413,83,0,24,0,60,145,66,71,197,106,344,221,0,110,707,117,35,33,37,438,984,0,101,0,78,30,14,247,58,247,743,153,217,415,275,38,49,0,0,278,127,318,52,65,0,128,257,160,270,33,0,193,11,185,0,286,26,113,48,120,27,0,283,351,49,0,105,440,162,156,0,1154,0,67,0,0,0,0,252,97,118,234,440,42,0,130,0,49,170,113,102,54,65,217,36,208,73,0,318,542,74,198,75,59,43,155,103,331,126,373,93,73,1225,189,248,127,189,110,81,89,42,66,49,51,65,95,94,132,213,169,77,46,0,204,233,67,0,102,0,170,183,93,212,207,0,21,124,0,153,128,185,749,427,530,278,0,33,39,31,109,100,74,46,137,434,701,184,379,274,195,142,55,158,0,97,83,86,58,45,80,143,68,665,397,34,120,156,0,84,0,49,62,0,271,117,474,156,127,146,82,398,187,0,370,142,104,131,72,317,84,63,96,0,100,108,70,124,322,89,718,317,0,144,212,99,71,62,234,122,0,381,71,0,254,181,138,71,157,42,47,983,0,386,89,118,109,55,214,266,47,0,85,83,0,54,71,446,26,110,40,94,646,119,144,710,178,99,0,80,121,0,79,0,174,227,232,376,193,154,0,23,96,103,156,170,178,0,0,122,135,116,0,345,85,93,323,0,0,196,257,0,132,154,477,55,99,255,125,44,62,0,45,358,37,147,435,70,410,438,46,47,0,40,379,0,304,204,124,301,172,161,208,127,352,0,262,115,73,135,180,252,437,242,290,0,0,306,163,84,0,61,196,0,82,96,299,127,906,124,0,98,154,65,313,298,121,504,136,198,71,75,0,202,0,400,542,352,0,596,0,0,202,99,170,75,62,0,0,200,125,110,127,0,400,131,0,0,0,92,0,382,126,37,55,173,44,0,1537,48,31,1066,238,83,59,690,72,635,159,0,374,187,75,39,238,0,0,239,112,400,138,259,126,37,95,70,28,33,1493,192,27,0,0,1228,44,299,263,620,130,0,25,160,211,104,28,0,480,0,74,95,95,369,207,278,440,212,395,46,54,72,91,52,134,0,318,0,1445,345,57,44,44,303,253,129,87,126,189,309,341,286,78,254,106,89,125,96,185,0,142,0,81,309,236,85,40,1303,60,30,105,58,0,115,214,30,86,149,324,39,97,0,239,185,112,25,74,211,856,188,37,52,119,89,136,0,66,187,58,82,269,91,185,57,149,383,56,22,0,41,92,92,71,256,413,83,88,93,0,187,153,102,208,98,69,614,25,77,307,80,121,108,156,873,169,138,110,137,77,94,135,81,203,1027,264,0,0,704,310,293,128,45,177,427,86,373,47,57,447,215,802,72,259,162,242,196,531,43,137,117,111,313,190,128,0,79,711,174,98,44,63,94,39,394,0,81,130,989,58,87,187,202,240,80,512,0,73,376,73,145,1678,69,1013,51,437,32,120,447,54,184,198,191,158,186,43,49,156,173,51,218,149,37,76,0,327,188,381,43,142,133,78,325,0,31,139,69,163,73,109,894,245,74,138,0,36,200,101,266,660,57,164,528,53,67,0,111,502,311,0,43,62,375,56,98,72,302,37,0,165,167,56,39,448,190,238,213,281,379,379,180,18,75,0,0,71,338,52,65,75,0,204,161,44,63,39,254,35,155,97,216,148,255,162,178,0,57,748,148,568,84,183,80,0,115,104,0,0,124,449,223,72,449,122,187,30,72,0,243,97,62,57,0,66,0,63,34,377,294,53,198,44,0,258,242,0,0,68,73,719,80,149,0,52,131,181,76,102,145,124,156,99,135,252,400,102,0,500,181,326,138,82,166,80,0,0,745,0,146,0,59,83,123,109,41,86,341,60,0,0,102,149,59,186,70,127,0,46,107,855,1529,50,206,109,176,550,105,187,47,190,125,261,50,238,377,484,195,98,86,0,157,182,0,273,297,0,93,191,287,482,56,411,66,420,65,58,0,118,64,167,394,0,948,262,0,963,0,0,188,257,41,129,111,887,0,0,155,307,0,0,275,61,0,201,0,162,37,153,520,233,1221,222,47,507,0,398,67,120,0,177,168,48,42,134,75,402,65,31,222,29,90,588,58,36,278,91,362,507,80,60,118,64,59,0,1058,152,46,0,142,236,87,59,0,91,97,57,122,156,192,51,0,148,0,0,603,155,72,177,57,120,54,955,0,0,43,0,0,0,0,173,165,0,75,175,335,78,259,100,0,41,136,93,108,0,129,774,0,25,110
327,0,0,0,0,0,57,45,0,41,0,150,0,0,0,203,72,108,0,0,0,0,62,0,63,0,0,16,46,0,0,0,34,0,39,44,39,0,50,111,100,47,0,0,115,0,0,34,0,0,62,45,32,130,0,121,0,0,0,0,0,105,48,155,0,0,82,0,55,0,291,0,0,30,0,126,124,0,297,0,86,0,0,130,169,32,0,0,41,33,109,74,39,40,72,0,60,0,41,30,0,0,0,74,0,21,0,0,67,0,245,0,84,0,114,0,0,149,0,22,176,0,50,0,0,0,27,0,101,0,124,0,120,0,70,77,0,89,33,33,92,30,98,209,0,0,56,0,44,141,0,0,84,0,117,51,0,52,50,356,114,0,35,100,71,41,0,0,18,167,137,0,41,32,0,89,0,0,0,0,46,145,0,41,0,48,46,624,298,0,0,0,55,54,153,0,77,22,0,43,0,0,147,25,186,0,50,0,34,97,71,103,0,72,0,102,28,76,0,0,86,222,0,0,123,0,0,53,52,0,90,0,30,0,0,0,0,38,142,96,0,76,0,0,0,0,102,21,68,0,0,37,87,36,111,20,55,0,0,0,94,125,81,0,0,0,0,495,57,328,0,0,125,200,70,0,0,0,391,124,57,0,85,137,55,34,54,220,2259,67,56,30,107,0,0,46,0,63,131,79,34,0,0,0,0,266,60,172,0,163,85,145,102,0,0,62,72,109,65,53,43,0,17,0,156,87,0,230,0,0,137,0,96,70,0,64,0,0,0,47,0,0,0,71,68,0,0,0,130,911,243,71,0,135,411,0,58,100,77,202,0,98,72,0,139,0,418,155,83,0,84,43,61,0,63,0,193,0,0,231,57,0,85,0,48,297,54,107,71,0,0,58,428,0,51,48,477,0,52,29,0,0,115,0,0,161,59,0,76,0,35,0,90,22,0,0,176,127,165,154,0,0,89,0,45,97,73,0,171,47,0,0,43,0,142,0,0,0,0,129,0,0,179,104,183,0,318,93,34,48,0,0,122,0,33,0,0,48,0,39,137,0,132,131,0,0,32,53,29,29,47,39,339,39,77,86,133,317,133,0,0,0,178,185,102,0,0,80,123,291,299,40,0,197,0,92,84,221,0,0,0,90,0,896,38,0,255,56,66,0,55,0,0,61,0,24,150,106,92,53,85,0,152,164,17,0,66,53,113,0,77,0,0,0,0,89,0,0,0,82,0,120,106,0,44,0,135,0,92,198,0,67,0,70,0,0,48,0,61,42,70,128,0,69,68,313,60,0,0,0,137,90,0,0,27,0,0,223,0,0,65,114,138,0,97,0,230,158,68,46,70,366,0,119,0,0,16,202,0,57,46,39,0,69,43,76,38,181,0,17,0,0,122,160,128,0,52,105,0,82,0,0,0,0,60,0,79,0,0,138,99,0,0,0,0,0,62,35,0,0,0,0,136,0,0,411,0,24,0,193,190,0,0,0,20,0,96,60,29,84,0,0,0,0,35,113,70,89,0,0,127,0,146,24,187,0,66,42,102,34,0,36,77,57,176,0,33,19,80,0,86,0,55,0,60,41,128,0,139,0,0,36,0,154,0,0,54,0,60,91,0,270,247,0,0,0,0,0,156,0,253,81,69,627,274,117,146,102,0,0,0,65,0,42,62,0,0,55,461,132,141,0,827,154,0,136,0,0,65,0,0,57,0,0,113,0,0,31,0,0,0,109,0,0,0,99,0,52,0,161,179,68,55,0,0,251,0,0,0,0,91,0,142,0,0,0,132,44,82,302,0,0,0,36,0,40,0,54,53,37,39,0,52,54,292,39,78,33,69,30,39,31,112,172,26,212,0,0,0,0,116,0,223,53,34,0,52,0,0,0,302,0,0,48,0,0,51,76,0,0,0,0,384,0,88,0,0,125,58,0,122,0,72,0,0,0,283,138,39,82,28,0,37,99,48,60,49,0,0,0,0,0,0,49,183,111,31,15,0,29,54,69,135,0,0,59,0,52,0,40,0,77,0,77,135,85,365,0,0,0,0,25,0,82,0,0,0,107,80,185,0,0,0,40,0,485,50,113,54,0,124,99,0,0,0,37,104,38,0,31,70,26,0,39,59,0,66,110,51,0,40,58,0,73,0,98,0,0,25,11,39,0,38,141,0,0,32,0,168,0,40,0,0,0,81,29,0,141,0,256,0,33,0,195,38,0,0,0,0,0,0,50,0,0,0,146,206,0,484,0,1215,100,0,53,56,0,52,0,0,0,0,0,81,0,0,115,0,127,458,136,0,43,0,64,0,282,383,204,58,44,0,0,0,0,0,0,79,30,0,0,0,93,0,15,0,131,0,39,1022,41,122,28,79,39,79,31,52,94,26,0,105,0,63,116,0,0,0,0,182,89,0,226,67,0,0,243,254,145,122,0,240,80,0,31,0,0,0,38,0,0,0,46,0,76,68,0,0,0,33,43,45,40,9,143,0,0,28,0,0,0,0,53,76,0,21,0,39,0,0,139,68,76,56,249,0,0,144,56,0,84,60,31,99,0,83,0,29,0,0,111,0,0,122,99,0,0,0,121,96,0,0,0,0,18,0,0,72,162,0,0,61,72,67,131,47,0,0,91,196,0,27,0,151,64,109,87,42,0,81,0,73,0,0,0,237,0,34,279,0,0,62,0,0,0,58,0,235,0,0,131,0,156,180,0,178,0,0,44,0,0,0,0,0,0,157,0,0,94,70,0,150,0,0,86,99,56,0,89,46,104,0,0,0,76,48,31,0,0,0,150,0,0,0,0,57,79,0,0,0,0,28,65,0,79,103,0,45,0,57,0,0,0,51,0,53,0,0,0,0,124,0,0,42,28,74,0,0,72,0,87,108,0,0,0,0,0,89,0,0,37,87,62,19,0,41,36,0,0,0,0,112,47,51,106,0,0,0,0,0,72,0,103,47,9,0,0,33,30,165,161,0,21,77,25,84,0,0,266,205,51,134,0,0,496,35,103,0,31,66,55,157,0,44,75,0,65,0,74,0,0,0,0,64,0,0,173,0,0,0,47,43,0,0,45,183,0,0,0,36,0,52,40,0,32,0,0,12,1644,270,47,119,34,30,126,225,66,29,0,0,79,0,0,81,85,0,382,23,80,0,247,0,295,143,0,40,0,0,28,0,0,90,51,47,92,91,104,68,100,0,205,0,0,146,0,0,0,0,0,130,0,21,43,56,0,37,0,0,79,0,441,126,0,30,75,0,0,108,0,0,378,0,0,192,0,0,0,251,0,75,77,92,0,33,204,68,27,56,58,0,84,229,0,0,51,0,0,0,0,46,79,0,186,0,134,76,33,0,0,0,242,36,50,0,394,123,93,0,0,84,0,0,0,218,47,66,106,0,0,28,129,0,45,0,0,0,41,0,0,114,154,0,0,52,116,0,163,0,0,94,0,31,42,0,0,0,91,0,0,134,0,0,0,0,0,0,131,0,0,0,249,53,19,0,132,185,52,0,120,134,40,0,0,81,491,0,476,0,49,44,74,0,0,32,408,0,0,57,231,0,0,281,49,0,47,41,354,0,49,59,64,0,0,0,182,0,55,282,0,56,0,44,35,73,0,29,0,128,0,68,0,0,0,0,0,88,0,0,194,196,0,0,0,73,0,0,0,67,0,53,0,41,0,136,0,0,35,0,0,74,0,212,100,59,74,66,37,0,0,0,172,38,77,111,65,43,50,377,45,0,0,67,315,0,0,39,0,151,0,32,0,0,0,175,166,0,0,0,0,82,0,0,38,0,138,0,126,0,0,0,256,0,268,0,52,64,0,101,226,0,237,0,172,65,82,0,0,70,0,0,0,0,0,0,0,140,231,0,0,453,0,0,14,75,0,0,0,229,63,37,0,0,26,0,125,59,61,334,108,81,63,0,0,103,52,107,105,0,0,0,0,0,204,0,0,0,283,0,274,0,59,0,0,136,211,52,43,54,0,195,122,629,45,0,32,144,0,59,0,0,82,0,0,0,0,0,21,0,0,0,0,577,0,54,0,0,0,0,41,80,0,427,0,0,0,0,0,111,58,0,467,91,0,0,0,0,32,58,42,0,127,87,65,59,0,64,78,51,0,130,0,25,279,0,112,0,75,58,147,177,0,69,37,55,28,0,42,104,55,92,90,157,0,57,53,0,0,0,0,67,0,0,58,113,136,42,214,40,0,63,116,0,0,0,119,0,0,27,266,109,0,80,35,48,446,0,0,69,273,0,776,130,45,0,61,89,69,43,0,162,36,92,0,53,16,77,91,211,0,0,0,183,0,93,112,25,100,0,0,92,212,0,0,134,59,0,23,41,0,167,265,85,68,0,0,0,258,0,27,320,56,0,0,0,74,87,0,130,153,395,0,0,0,73,0,0,193,54,154,0,0,79,175,0,87,602,138,74,0,45,0,201,113,192,63,121,50,24,18,64,58,199,0,247,106,19,0,0,0,44,219,206,304,286,0,0,91,42,0,0,138,0,0,106,0,127,0,0,182,0,22,0,0,73,142,0,0,206,31,182,58,0,0,374,70,0,0,0,215,96,23,53,0,0,24,0,188,61,74,193,0,110,83,142,0,0,0,0,130,102,245,0,0,0,57,204,84,152,0,0,82,0,132,0,129,0,51,0,79,0,0,81,153,0,0,31,210,72,0,0,225,0,0,0,0,0,0,348,84,0,44,917,0,0,0,36,35,74,0,71,0,0,112,0,86,86,0,86,73,28,86,50,32,0,61,47,201,96,166,46,0,133,88,71,90,102,74,64,0,20,0,0,0,35,40,63,59,180,99,0,0,0,161,66,0,0,0,0,79,124,0,87,0,0,0,40,0,75,0,118,48,295,220,206,0,0,30,0,69,82,33,0,123,75,504,117,232,0,0,141,43,45,0,47,60,43,0,16,61,70,0,272,329,0,88,182,0,99,0,0,77,0,101,77,361,93,34,104,94,297,63,0,150,56,0,41,0,266,0,54,0,0,126,0,35,63,276,33,242,137,31,47,136,134,36,0,111,158,0,175,0,0,96,48,0,37,92,0,0,600,0,227,33,90,104,0,113,124,38,0,0,0,0,33,0,249,0,72,0,0,653,0,75,365,0,66,0,44,0,0,42,0,71,98,54,225,173,150,0,0,85,0,116,62,63,0,0,96,61,0,0,86,36,49,127,18,0,144,95,0,0,95,123,0,49,0,0,0,0,0,0,105,40,118,0,0,257,80,0,32,0,0,113,0,84,163,0,291,93,167,65,109,263,0,29,132,0,46,139,75,224,292,70,0,0,112,99,0,0,49,156,0,70,68,71,50,844,0,0,0,120,0,72,181,82,459,39,127,0,0,0,123,0,477,79,89,0,342,0,0,120,68,63,0,33,0,0,89,97,60,75,0,315,101,0,0,0,0,0,68,32,0,0,94,31,49,1583,0,0,762,86,0,0,0,20,245,118,0,329,113,0,0,196,0,0,130,0,75,74,43,70,0,58,0,0,0,517,92,0,0,0,431,0,77,154,160,119,0,0,94,82,143,0,0,172,0,60,41,40,212,109,49,79,117,98,0,51,57,32,0,63,0,51,0,727,174,31,0,0,119,0,0,0,132,107,79,165,187,0,60,69,49,53,54,70,47,0,0,26,113,120,57,0,88,64,0,43,0,0,58,39,0,34,51,249,22,43,0,202,75,0,0,0,60,692,83,0,0,189,0,64,0,0,63,0,0,107,0,78,34,90,289,0,0,0,23,72,0,41,105,141,48,32,57,0,81,79,0,56,0,0,153,0,76,121,0,78,69,95,137,92,19,50,127,34,0,54,0,86,554,152,0,0,88,36,139,58,0,85,143,63,59,0,33,373,94,667,37,197,133,105,66,404,0,100,76,0,219,151,28,40,0,227,60,76,0,0,59,0,243,0,0,0,352,0,34,0,132,56,0,280,0,42,141,86,45,750,0,344,0,206,0,101,385,40,88,116,108,66,77,0,0,91,66,0,65,69,0,0,0,143,118,138,0,50,77,0,172,0,0,94,46,97,24,68,237,28,67,0,0,0,105,0,140,217,57,117,287,0,0,27,48,93,174,0,0,0,105,0,0,58,115,0,0,144,193,0,63,350,67,62,74,115,135,129,115,0,0,0,0,0,148,0,110,53,0,84,76,0,0,0,453,0,195,115,107,93,108,114,186,0,0,807,58,565,41,43,86,0,77,0,0,56,39,248,112,55,230,68,222,0,111,0,80,75,24,0,54,0,48,51,71,223,223,74,95,0,0,74,0,0,0,46,0,733,27,57,0,0,44,34,82,93,109,41,96,0,142,308,265,0,0,361,62,130,0,92,32,0,0,48,158,0,53,0,79,0,86,0,0,55,94,102,0,0,66,37,27,116,14,91,0,160,258,517,982,58,42,56,84,197,0,236,0,67,90,0,20,81,119,105,164,87,35,0,122,63,0,206,115,0,0,77,59,218,0,151,66,262,74,48,51,87,51,59,231,0,720,248,0,150,0,0,63,73,0,149,0,375,0,0,77,178,0,0,153,0,0,55,0,143,32,88,135,73,821,53,0,376,40,246,0,50,19,109,96,0,0,99,63,186,0,0,169,0,287,115,35,32,274,0,182,362,0,64,39,51,0,28,552,117,0,0,71,120,0,44,0,98,0,0,59,128,0,28,0,83,46,0,563,63,57,118,0,142,0,416,23,0,0,0,0,0,0,106,519,0,80,116,155,0,150,59,0,0,123,108,0,0,130,601,58,0,0
328,0,0,0,0,0,0,0,0,0,0,97,0,0,0,0,87,157,0,0,0,167,0,0,40,80,0,0,0,0,0,0,0,0,0,21,35,0,0,72,37,0,22,0,55,0,0,0,71,0,0,0,0,0,0,0,0,0,0,0,0,0,21,47,0,0,35,0,0,0,39,0,0,0,0,0,31,0,80,0,0,0,34,52,0,0,0,0,0,0,0,0,0,0,0,0,0,0,0,0,0,0,0,0,0,0,0,0,0,0,59,0,35,63,0,0,0,35,0,0,0,0,101,0,0,0,0,0,0,0,38,0,70,0,0,38,43,0,0,0,0,0,0,160,0,0,0,0,0,0,0,0,53,0,0,63,0,0,0,34,60,0,0,0,0,41,0,0,45,71,141,91,0,0,0,28,0,0,103,0,0,59,0,0,0,0,0,367,69,0,0,0,0,0,78,0,66,0,0,0,0,40,0,0,294,0,49,0,0,28,40,0,0,0,0,0,0,0,0,0,113,77,0,0,45,0,0,62,0,0,0,0,0,0,0,0,0,0,61,0,0,0,0,0,0,0,0,0,0,0,39,45,81,44,58,0,0,0,0,0,49,67,0,22,0,0,0,133,72,102,0,0,54,0,0,0,0,0,75,119,0,0,0,64,0,0,0,66,552,0,0,0,61,0,0,0,0,0,37,0,0,0,49,0,0,215,30,0,0,0,0,216,86,0,0,0,0,0,0,0,0,0,0,27,138,0,0,0,0,0,79,0,45,0,0,40,0,0,0,0,0,0,0,0,0,20,0,0,0,233,63,0,0,58,215,0,0,48,191,0,0,0,27,0,37,135,0,84,0,0,0,0,34,0,0,108,0,0,0,50,0,0,0,0,0,329,0,50,22,0,0,0,192,0,0,0,0,39,0,40,0,0,54,0,0,0,0,28,0,0,0,0,59,0,0,0,130,0,135,46,0,61,0,0,0,0,50,0,0,0,0,0,0,0,95,0,0,0,0,111,0,0,130,46,61,0,0,0,0,0,0,0,0,0,0,0,28,0,0,0,73,0,25,0,0,0,0,0,0,0,0,0,0,51,0,0,47,228,33,44,0,0,80,39,62,0,0,56,0,28,52,0,28,0,0,0,0,51,55,0,0,0,0,148,0,33,115,0,0,0,0,0,0,0,0,0,86,0,0,0,40,0,63,71,56,0,0,28,0,0,0,0,0,0,87,37,0,0,0,0,0,0,101,0,23,0,24,0,0,57,0,0,0,0,0,0,0,0,44,24,0,156,0,35,0,185,0,0,0,0,78,32,0,0,0,0,0,0,0,0,59,96,0,0,61,0,0,162,0,0,24,166,0,0,0,0,0,0,0,0,0,0,0,36,0,55,0,0,0,0,0,0,0,46,99,0,0,33,0,0,0,0,0,0,0,0,48,0,0,85,63,0,0,0,0,0,0,47,0,0,0,0,132,0,0,178,0,32,0,140,71,0,0,68,100,0,0,0,0,53,0,0,0,0,0,47,53,0,0,0,80,0,58,0,74,0,0,0,0,0,0,22,0,0,70,0,0,0,42,0,44,0,0,0,0,0,51,0,116,0,0,42,0,34,0,0,0,0,70,0,0,154,61,0,0,0,0,0,0,19,118,0,37,227,67,0,0,33,0,0,0,0,0,0,54,0,0,0,204,54,0,22,250,0,0,78,0,0,0,0,0,24,0,0,86,0,0,0,0,0,0,0,0,0,0,0,0,0,0,0,154,84,0,0,0,152,0,0,0,0,0,0,0,0,0,0,35,0,0,146,0,0,0,0,0,0,0,0,0,0,0,0,0,0,213,0,40,0,0,0,0,22,0,90,0,0,0,0,0,0,0,0,39,0,0,0,35,0,0,0,139,0,0,0,0,0,0,0,0,0,0,0,80,0,71,0,0,78,0,0,0,0,0,0,0,0,142,43,0,168,0,0,0,0,0,0,0,0,0,0,0,15,0,0,84,99,0,0,0,0,0,28,129,0,0,0,0,51,0,0,0,51,0,0,83,0,65,0,0,0,46,198,0,0,0,0,0,59,78,218,0,26,35,0,0,0,0,0,0,0,0,73,0,0,0,20,0,0,0,0,0,0,0,0,0,0,33,66,131,0,0,0,0,64,0,48,0,0,0,0,22,0,56,43,0,0,59,0,131,0,0,0,0,59,76,66,0,0,0,157,0,0,0,161,43,0,0,0,0,0,0,0,0,0,0,0,248,27,156,0,266,0,29,40,0,0,0,0,0,0,0,11,0,0,0,181,0,0,108,0,0,0,0,88,0,94,347,0,34,71,0,0,0,0,0,0,151,0,41,0,0,27,0,0,0,62,0,74,139,42,0,0,0,68,0,0,119,83,0,0,14,0,45,0,108,0,0,0,45,0,0,0,0,69,41,87,0,35,41,0,0,97,0,95,0,0,0,42,0,0,0,0,0,0,37,0,0,0,0,0,0,100,0,0,0,0,42,50,0,0,0,0,113,0,0,0,29,0,0,0,0,36,51,124,0,0,228,0,0,0,0,0,88,0,0,0,0,0,0,41,0,0,101,66,0,0,0,0,0,0,41,0,0,0,0,0,0,0,61,0,0,38,71,101,0,0,28,0,97,0,0,0,0,102,0,0,72,0,101,0,0,0,0,0,157,0,0,115,34,0,0,20,0,0,0,45,0,0,0,32,0,57,47,0,0,21,0,0,0,0,0,13,0,0,65,0,0,0,0,0,57,0,0,36,39,0,0,0,0,40,0,0,0,0,0,0,0,0,0,70,0,0,0,50,0,0,0,0,0,0,0,0,0,0,0,0,0,0,51,0,0,0,0,0,0,0,66,0,0,0,0,0,0,0,0,0,0,0,0,42,47,72,0,0,0,0,0,0,0,0,41,0,0,0,39,0,0,0,0,0,0,0,0,42,0,0,0,0,0,0,0,59,0,0,0,0,0,0,98,0,0,0,45,0,0,0,0,76,0,0,92,0,0,239,0,34,0,0,0,0,77,0,0,22,0,0,0,0,0,0,0,0,35,0,0,0,0,0,0,0,0,50,0,0,0,0,0,0,0,0,0,0,0,34,0,0,0,160,165,0,73,0,0,0,48,0,0,0,0,0,0,0,0,0,0,68,0,43,0,274,0,181,56,0,43,0,0,0,0,0,0,0,0,46,0,60,0,59,0,111,0,0,59,0,0,36,18,22,0,0,0,0,23,33,88,0,28,0,0,255,0,0,0,73,0,0,39,0,0,28,0,0,26,0,0,0,35,0,0,54,24,0,0,43,0,0,57,35,0,63,0,0,0,38,0,0,0,0,0,0,0,0,0,0,0,0,0,0,0,32,0,28,0,54,85,0,0,0,0,0,0,0,0,0,46,66,0,0,0,0,0,0,59,0,0,0,0,0,0,0,0,0,0,0,0,44,0,0,72,0,0,44,0,0,0,35,32,0,0,0,0,0,0,0,0,54,0,118,0,215,0,0,0,56,0,0,31,100,0,68,0,0,0,48,0,0,0,0,0,44,0,0,33,113,33,0,80,194,0,0,0,0,0,36,174,68,0,0,44,0,0,0,0,52,0,0,143,0,50,0,0,0,0,0,0,0,0,0,191,0,0,0,0,0,0,0,0,48,59,0,0,0,0,0,0,0,0,0,0,0,0,0,61,0,33,0,0,0,0,0,0,169,0,76,0,0,0,0,0,0,0,0,76,24,0,0,0,0,0,0,49,169,0,0,0,0,50,0,0,0,0,0,121,0,0,11,0,44,68,52,0,62,0,42,0,174,0,0,0,0,0,402,59,0,0,20,0,0,0,0,0,53,0,0,0,0,72,0,0,0,0,0,0,0,22,105,0,0,289,0,0,0,125,67,0,0,0,55,0,0,0,0,0,56,47,195,535,0,0,52,0,0,0,0,0,45,0,0,0,0,0,55,0,0,0,244,0,0,0,0,38,0,66,149,0,23,0,0,93,0,146,0,0,0,83,0,36,0,58,0,81,0,0,0,0,0,0,71,0,0,136,0,0,0,0,0,0,0,48,0,120,0,0,78,0,0,0,0,0,106,0,0,0,61,0,0,0,0,0,48,0,23,0,0,0,0,0,0,0,0,0,61,0,0,0,0,0,0,37,0,0,24,0,0,0,0,0,0,0,27,0,0,45,0,0,0,0,0,0,0,0,0,0,38,49,116,0,28,0,0,0,0,0,65,0,0,0,0,0,0,0,17,0,216,0,0,0,45,0,113,0,0,0,0,0,62,0,0,0,0,33,0,0,0,0,0,46,0,0,0,0,0,38,58,82,0,0,0,0,52,0,0,0,0,0,0,0,0,38,0,0,0,0,0,0,241,0,0,95,0,28,0,0,0,36,0,0,0,37,0,0,0,0,0,0,23,0,0,66,0,0,22,0,0,26,32,0,0,0,0,51,76,0,0,0,86,0,0,20,59,0,0,99,0,0,21,0,0,0,61,124,26,115,33,0,0,0,0,0,0,0,0,0,0,0,0,0,46,0,0,0,0,0,0,0,0,56,0,0,151,0,0,0,0,0,0,0,48,0,0,0,0,0,44,0,56,0,65,113,0,0,27,0,0,0,0,0,66,0,0,0,0,0,0,57,0,0,0,0,0,0,0,0,64,0,0,0,46,0,0,34,46,0,0,0,380,0,0,0,896,0,0,0,0,0,0,0,24,0,0,79,0,0,0,0,0,0,0,0,0,0,0,0,0,0,0,0,71,0,0,0,0,8,55,0,21,0,0,0,0,356,0,0,0,23,54,0,0,0,0,0,0,0,0,0,0,0,0,0,0,0,0,0,0,0,0,0,0,0,0,0,72,0,0,0,0,0,0,84,0,96,307,64,0,0,0,0,33,38,0,0,0,53,0,0,0,0,0,74,0,25,0,0,0,0,29,0,0,0,0,0,0,0,69,67,0,51,0,0,0,0,0,0,60,0,0,0,0,190,59,0,51,0,0,0,28,0,0,0,0,0,0,0,0,70,0,0,0,0,0,0,30,0,45,0,0,68,0,54,0,0,42,0,0,0,0,0,0,135,0,47,16,0,0,0,59,87,0,0,0,0,0,0,0,67,0,36,0,0,104,0,0,209,0,0,0,0,20,0,0,0,0,0,0,0,0,39,0,0,0,0,0,0,0,0,0,0,0,0,0,26,0,0,185,0,0,57,0,0,71,0,42,0,0,0,0,0,0,0,0,0,0,0,44,0,0,65,0,0,0,0,0,0,0,74,35,80,57,83,0,0,72,0,76,0,0,0,0,54,45,64,0,0,0,0,0,0,0,0,28,0,0,0,0,0,417,0,0,0,0,0,0,100,0,64,0,0,0,0,0,0,0,96,0,0,0,203,0,0,67,0,0,0,0,0,0,54,0,0,0,0,74,26,0,0,0,0,0,41,24,0,0,0,0,0,145,0,0,185,0,115,0,53,0,76,0,0,0,0,0,0,0,0,0,55,0,149,0,0,0,0,0,0,0,0,150,0,0,0,0,124,0,50,0,54,76,0,0,0,29,0,0,0,179,0,0,0,0,170,0,80,0,140,156,0,0,0,37,0,0,0,123,0,0,0,0,0,0,0,0,0,32,0,0,75,172,0,0,0,0,0,0,0,59,0,0,0,0,0,0,0,0,124,31,0,42,0,0,0,102,0,0,87,82,0,0,0,0,0,0,0,0,67,379,35,0,0,0,0,0,0,36,119,0,0,0,34,0,0,33,73,0,0,0,0,0,0,0,37,0,0,0,0,0,0,35,0,0,0,0,175,0,0,0,0,0,0,0,53,73,49,0,0,0,0,53,0,0,56,0,0,0,65,35,91,0,0,0,54,77,48,0,0,252,0,0,0,255,0,103,84,48,0,0,0,0,0,0,0,0,0,261,0,138,0,0,0,0,85,0,0,0,518,0,0,101,28,0,0,100,0,0,67,83,0,366,0,218,0,80,0,81,72,0,0,55,187,0,0,0,0,0,0,0,104,0,54,0,0,0,91,297,0,37,0,0,118,0,0,0,0,0,0,0,30,92,0,45,0,0,0,0,0,99,0,0,0,0,0,0,47,0,73,0,0,0,95,0,27,0,71,0,0,34,51,0,0,0,36,0,0,89,87,54,0,0,0,0,0,0,47,0,29,0,0,22,67,0,0,0,31,0,87,0,0,0,41,51,0,0,0,199,0,88,0,56,0,0,0,0,0,0,41,70,0,0,69,0,0,0,0,0,32,0,0,0,0,0,0,0,0,85,0,0,0,0,0,42,45,0,0,0,0,156,0,44,0,0,0,0,0,42,0,0,0,0,0,57,55,0,0,63,0,24,0,0,34,0,0,0,151,0,0,0,0,0,0,0,0,0,0,0,0,0,0,56,14,0,0,0,0,0,99,123,867,0,0,0,0,139,0,51,0,45,56,56,0,33,84,0,0,0,0,0,36,0,0,68,81,0,0,65,0,74,0,67,0,61,0,0,0,34,0,0,122,0,343,49,0,123,0,0,41,0,0,0,38,175,0,0,0,98,0,0,52,0,0,0,0,0,0,0,53,51,266,68,0,87,0,76,0,41,0,0,29,0,0,0,34,93,0,0,32,0,24,104,0,0,46,0,98,164,0,0,34,0,0,0,205,75,0,0,0,0,0,0,0,0,0,0,27,0,62,0,0,0,0,0,56,83,0,0,29,0,0,290,0,0,0,0,0,0,0,0,69,0,0,0,0,0,0,0,0,0,0,0,0,0,27,147,0,0,0
329,0,0,0,0,0,0,0,0,0,0,168,0,0,0,0,65,0,0,0,0,43,0,0,0,45,0,0,46,0,0,0,0,0,0,25,35,0,68,0,0,0,0,0,157,0,48,0,32,0,61,22,34,55,0,72,0,0,0,0,0,0,50,85,0,0,0,0,0,0,139,0,0,0,0,77,93,0,110,0,0,0,0,0,115,0,0,0,36,0,91,0,0,0,43,0,0,0,0,0,0,0,0,48,0,0,0,0,41,0,192,0,0,72,49,0,0,0,29,0,133,0,146,31,0,0,0,0,0,0,0,0,50,0,0,0,0,0,55,0,97,0,0,0,0,0,0,0,25,57,0,0,61,0,120,0,0,0,0,112,64,0,0,0,0,0,0,0,29,106,92,101,0,49,0,48,0,40,0,45,0,83,0,0,0,0,0,185,114,0,0,0,0,10,72,0,0,0,0,87,0,0,0,0,152,0,0,0,0,0,50,80,0,0,0,33,36,0,0,0,0,100,0,0,53,0,0,41,0,0,40,0,0,0,0,0,0,0,73,28,0,0,0,42,0,0,94,0,35,0,0,21,29,0,76,0,65,0,0,0,0,0,0,0,37,0,0,132,58,74,21,0,109,0,0,0,0,0,113,0,0,0,43,108,36,0,0,139,745,0,0,0,141,0,0,0,0,0,48,10,0,0,42,0,0,231,84,82,0,32,33,93,49,0,0,0,0,55,85,0,0,0,0,28,98,119,0,0,0,0,128,0,0,44,59,52,0,0,0,58,0,33,0,0,31,0,0,0,45,280,0,38,0,109,87,0,0,47,60,62,0,0,88,0,0,104,151,19,0,0,41,0,0,0,0,43,54,0,0,53,0,0,0,0,0,92,0,55,0,0,0,0,326,0,0,0,130,0,123,73,0,0,0,0,0,0,0,0,0,17,0,0,0,0,0,0,0,66,74,38,0,0,26,0,54,76,0,0,56,0,0,0,0,0,69,0,0,0,0,0,0,0,229,0,80,69,0,29,0,0,0,0,34,0,62,0,0,0,0,0,185,0,50,45,14,0,0,0,0,0,0,0,0,0,0,0,32,111,165,0,65,17,119,0,0,0,0,0,70,66,97,0,0,48,30,0,77,54,143,0,0,123,0,67,0,63,0,0,0,0,0,40,0,17,0,0,77,0,0,0,56,0,157,38,74,0,0,50,67,0,0,0,0,0,0,0,0,0,0,36,0,111,104,0,0,0,0,0,0,190,65,0,0,0,0,0,0,0,0,41,70,232,0,0,0,103,0,0,0,0,57,0,0,0,0,0,0,0,0,0,68,0,24,0,166,0,78,163,0,0,0,328,0,0,0,0,0,70,0,0,0,0,12,0,0,39,0,0,0,0,0,0,0,114,0,0,0,32,0,30,0,0,0,0,0,0,0,0,0,0,0,0,0,0,0,0,0,0,0,0,0,0,53,0,0,0,0,0,0,0,0,0,0,0,77,0,25,0,0,0,0,0,0,0,0,0,0,48,0,0,0,0,0,0,0,18,0,0,128,0,0,0,44,0,0,0,0,0,0,0,0,0,0,0,0,0,0,0,0,0,0,0,0,0,0,0,0,0,32,0,0,78,107,0,0,0,0,0,78,0,0,0,0,356,43,74,31,46,0,0,25,0,0,0,0,0,0,0,0,0,25,0,141,24,0,0,0,0,0,0,0,0,0,0,24,0,0,0,0,0,0,0,0,0,0,0,0,0,0,0,0,0,0,0,0,0,0,0,0,0,0,0,0,0,0,0,0,0,0,28,0,0,0,0,0,0,0,0,0,0,0,0,0,0,57,0,28,0,0,0,0,0,0,64,0,0,0,0,0,0,0,0,0,0,0,0,27,0,0,0,65,0,0,0,0,0,0,24,0,0,0,0,111,0,42,0,0,0,0,0,0,0,0,0,0,0,44,64,0,43,0,34,0,53,0,0,0,0,0,0,0,0,0,0,0,0,0,0,0,0,0,0,0,0,0,0,0,0,0,0,0,0,0,0,0,27,146,0,0,0,0,42,0,0,0,0,0,67,61,77,0,0,0,0,0,308,0,0,30,0,56,60,0,0,0,0,0,0,0,0,0,0,0,0,0,0,0,0,0,0,0,102,0,34,0,0,0,0,0,0,0,0,0,0,0,0,0,0,66,0,0,28,0,0,55,0,0,65,0,0,0,0,0,47,28,0,0,0,0,0,0,0,0,0,0,0,0,0,93,0,70,0,0,0,0,0,0,0,0,0,0,0,47,0,0,63,0,0,206,58,0,0,0,34,0,94,175,0,0,0,0,0,0,0,0,0,83,39,0,0,0,0,0,0,0,0,0,0,235,0,49,0,42,0,26,0,0,0,0,0,0,0,0,0,97,0,20,0,0,0,0,36,0,0,0,78,0,40,92,0,58,0,0,33,0,0,0,0,0,0,0,19,0,0,213,0,0,0,0,0,0,0,0,79,0,0,0,0,0,0,0,0,0,0,0,0,0,0,0,0,0,69,0,104,0,31,154,36,0,149,0,47,0,0,0,0,0,0,0,31,0,0,30,0,0,0,0,75,42,0,0,0,0,0,0,0,0,0,0,22,31,0,36,0,32,0,0,0,0,0,0,0,99,91,0,44,19,0,0,0,22,0,0,0,95,0,0,0,55,0,0,0,0,0,0,89,292,0,0,32,0,170,73,0,81,0,0,0,0,0,0,0,0,0,0,0,0,27,0,0,316,0,0,39,0,0,0,0,0,0,0,0,0,0,0,0,64,0,0,49,0,0,0,112,0,0,42,0,0,0,0,0,0,0,0,0,60,0,0,0,0,0,0,0,0,0,45,0,0,0,0,52,0,0,0,0,0,0,0,83,48,49,0,0,0,0,0,50,0,0,73,0,0,0,0,0,0,0,0,6,0,0,0,45,0,0,37,0,0,0,0,235,48,0,0,0,0,0,0,0,0,0,0,0,0,0,0,135,0,0,101,0,0,437,0,78,0,0,0,0,53,0,0,0,0,0,0,0,112,0,0,0,36,0,0,0,0,0,0,112,0,38,0,0,0,0,0,0,0,0,0,0,29,0,0,0,0,257,150,0,0,0,0,0,0,0,0,86,0,176,0,0,0,0,0,77,0,0,43,213,0,168,36,0,257,0,0,0,0,0,63,0,0,0,49,81,0,56,0,110,0,0,0,0,0,67,0,0,46,47,0,0,20,43,0,0,37,94,0,178,42,0,43,102,0,0,0,0,0,0,0,0,30,0,0,0,47,0,0,50,0,54,0,0,0,0,0,0,0,0,0,0,0,35,0,65,0,0,0,0,0,0,0,0,0,0,49,0,0,55,0,0,0,78,69,0,53,0,0,0,0,45,0,0,45,0,0,0,0,0,0,0,0,0,0,0,0,0,0,62,0,0,0,0,0,0,0,0,41,0,0,58,0,0,0,0,0,0,0,0,0,0,0,0,0,28,0,0,0,96,0,0,0,36,0,0,0,0,0,0,0,0,0,39,0,40,0,0,26,24,0,0,0,0,0,0,0,108,0,0,0,0,0,0,0,0,0,0,23,0,0,0,0,0,0,0,191,0,0,0,0,0,0,0,0,0,0,0,0,0,0,0,0,0,0,0,0,93,98,39,0,0,0,0,0,0,0,0,0,0,0,0,0,0,0,0,0,0,0,0,0,0,0,0,0,0,0,0,0,0,0,0,48,37,0,0,0,0,0,0,35,0,0,0,32,0,0,0,0,0,0,0,160,0,0,0,0,62,40,0,0,38,0,0,0,0,0,0,0,52,0,152,44,24,0,0,34,29,0,0,0,0,0,0,0,0,0,0,0,0,0,0,0,0,0,0,0,0,52,0,0,0,0,0,0,0,0,0,0,0,0,0,0,0,0,32,0,0,0,0,0,0,0,0,0,62,0,0,0,0,0,0,0,0,0,117,0,0,0,0,0,0,54,98,0,49,0,0,0,0,0,0,0,0,0,0,0,0,0,0,0,0,0,0,0,0,0,0,0,0,0,0,0,0,0,0,0,0,0,0,170,0,0,0,0,0,0,0,0,0,61,0,23,0,0,0,0,0,0,0,0,0,0,0,0,37,0,0,55,0,0,97,0,0,0,0,0,74,105,0,0,0,0,0,0,0,0,75,46,0,0,0,0,0,0,0,0,0,0,0,0,0,0,0,0,90,36,0,37,21,0,0,0,0,0,0,49,26,0,0,0,0,0,134,0,0,0,0,0,0,0,0,0,0,0,0,54,0,114,0,0,0,0,0,0,0,86,0,0,0,0,0,71,0,0,53,0,0,0,35,0,0,0,0,0,0,0,0,29,0,0,0,0,0,0,72,0,0,193,0,0,0,0,0,0,0,0,44,0,0,0,0,0,0,0,79,0,0,0,0,40,29,0,48,89,61,35,0,0,0,0,0,0,0,0,0,0,0,0,0,0,0,0,55,0,0,0,0,0,0,131,0,144,0,0,23,0,0,0,14,0,0,0,0,52,0,0,0,0,0,0,0,0,0,0,0,84,0,0,62,0,0,51,0,0,0,0,79,0,0,55,0,0,0,0,42,0,0,0,0,46,23,0,0,0,0,0,0,0,0,0,0,0,0,0,0,0,0,0,0,0,0,0,140,0,0,0,0,0,0,52,0,0,0,0,86,0,53,0,299,0,0,0,0,0,0,25,0,0,0,0,0,0,0,0,0,64,0,0,0,0,0,0,50,0,0,0,0,0,0,0,0,0,0,0,0,27,56,0,0,209,0,0,0,0,0,0,0,0,0,0,0,0,0,63,0,0,97,0,0,0,60,0,0,0,0,0,0,42,0,33,0,0,0,0,0,0,0,0,107,21,88,55,0,0,0,0,0,35,0,0,0,0,68,0,0,0,70,94,0,0,0,0,0,0,0,0,0,0,0,0,0,0,23,0,0,0,0,0,0,0,0,0,121,0,0,33,0,0,41,0,0,0,0,0,0,22,0,43,0,0,0,0,0,0,38,0,0,35,0,0,0,0,0,0,43,0,0,0,0,0,0,0,0,0,0,0,0,739,0,0,0,0,0,0,0,0,0,0,0,0,0,0,0,0,0,59,0,0,221,0,0,0,0,0,0,0,0,0,0,0,0,45,0,0,0,0,0,0,0,0,0,0,0,0,0,42,0,0,0,0,0,0,41,0,0,0,0,0,0,0,0,0,0,0,0,0,0,0,0,0,0,40,145,0,82,39,0,0,0,0,0,0,0,0,0,87,0,93,0,0,55,0,60,33,0,0,0,0,0,0,0,0,0,0,0,0,0,0,0,0,0,0,0,0,454,26,0,0,0,0,0,0,0,91,0,37,0,0,0,53,0,92,75,0,0,0,0,0,0,0,0,0,0,0,0,0,0,0,60,0,45,91,0,0,0,0,0,19,0,0,0,0,0,0,72,0,0,79,0,0,0,39,0,47,0,0,0,0,0,0,0,0,0,0,0,106,0,0,0,0,0,0,0,0,87,0,0,0,0,104,0,36,53,58,0,0,0,0,0,0,0,0,43,0,0,0,0,58,0,92,0,46,78,0,0,0,27,0,0,0,0,0,0,0,0,0,0,30,0,0,39,0,0,42,79,0,0,42,0,0,0,0,0,0,0,0,0,28,0,0,0,88,0,0,0,0,0,0,0,0,27,48,67,0,0,0,0,0,0,0,0,0,230,34,0,0,0,0,0,0,0,87,0,37,26,0,0,0,0,65,0,0,0,0,0,0,0,0,0,0,0,0,0,0,0,0,0,0,0,148,0,0,50,0,0,0,0,0,73,0,0,26,0,0,12,0,0,185,0,0,0,37,50,0,0,0,0,28,0,57,0,0,160,0,0,0,36,0,0,0,0,0,0,0,0,0,0,0,0,0,63,0,47,0,0,0,0,31,0,0,0,30,0,0,0,0,0,0,52,0,0,0,0,0,101,0,99,0,0,0,0,43,0,0,0,78,0,0,0,0,23,0,0,0,0,0,0,0,0,0,0,0,0,0,0,44,0,0,0,0,0,0,0,63,91,0,0,0,0,0,0,0,76,0,0,0,0,0,0,0,0,40,0,0,0,0,0,0,0,91,0,0,0,99,0,0,0,0,0,52,0,79,0,0,0,0,0,0,0,0,0,23,0,0,38,81,0,0,0,73,0,59,42,0,51,0,77,0,0,0,0,22,171,0,0,0,0,0,0,0,0,0,0,0,0,40,0,148,0,44,0,44,0,0,0,0,0,0,0,0,0,82,0,18,0,0,0,0,0,0,0,0,0,0,0,0,0,0,0,55,0,0,0,83,0,0,0,66,0,0,185,0,0,0,0,0,0,0,0,0,0,0,0,0,0,19,0,0,52,61,0,0,0,0,0,0,70,0,0,0,26,91,133,710,0,0,0,0,88,0,103,0,0,0,0,0,29,70,77,56,0,0,0,0,31,0,76,0,0,0,0,0,81,0,33,21,68,0,0,0,0,0,0,52,0,0,0,0,47,0,0,33,0,0,0,0,202,0,0,0,47,0,0,0,0,0,42,0,42,0,0,78,0,228,23,0,0,26,77,0,0,0,0,16,0,0,60,0,99,0,0,0,0,39,0,0,0,61,0,31,0,0,0,0,35,0,0,140,0,0,0,0,0,0,0,0,0,0,0,0,0,0,0,0,9,0,0,44,0,0,0,0,0,0,45,0,0,0,0,0,0,0,14,76,0,57,0,91,0,0,19,0,0,0,0,0,0,74,203,0,0,0
330,0,0,0,56,30,70,27,0,81,0,209,0,0,0,252,126,294,0,46,30,289,78,42,64,133,0,45,97,0,0,0,80,0,45,124,152,0,103,246,111,0,39,32,176,0,58,0,331,0,150,0,109,80,0,277,0,0,0,0,0,77,150,176,0,60,66,0,0,31,168,0,0,0,0,332,36,28,187,0,112,0,48,158,389,62,0,0,42,0,278,0,46,123,131,0,49,0,57,73,0,0,0,85,0,29,93,0,96,98,279,50,58,118,108,28,40,214,29,0,400,0,307,28,0,31,32,42,0,25,102,0,343,0,53,43,153,60,76,42,111,0,105,245,0,0,87,76,74,198,0,0,172,34,181,75,0,66,39,168,217,74,0,110,44,45,0,0,116,260,69,163,66,69,0,0,20,0,215,60,0,148,0,41,0,98,74,354,191,0,0,0,0,64,96,0,128,0,0,140,0,64,90,40,557,0,45,0,29,71,257,105,47,114,35,124,47,0,0,0,242,26,0,0,359,0,0,80,308,0,0,0,20,50,0,0,21,77,244,28,0,0,36,55,0,0,229,0,54,0,52,44,293,91,151,0,73,0,73,37,266,106,90,67,46,0,0,293,183,257,0,0,114,261,0,91,57,0,821,158,92,0,53,269,57,33,48,336,320,136,71,0,361,23,29,70,0,0,54,61,0,0,65,0,0,147,59,176,0,101,75,475,50,0,0,0,39,184,52,0,42,0,0,0,87,91,54,93,0,29,364,0,32,165,0,33,0,0,56,77,0,31,0,40,115,0,0,0,118,443,73,70,0,318,235,0,46,0,258,97,0,45,184,0,53,246,356,125,71,0,129,50,0,63,90,123,140,0,0,0,96,39,41,35,50,378,79,46,104,0,38,0,508,0,81,21,173,45,109,232,0,0,212,0,0,49,25,39,0,0,149,0,0,0,0,0,80,38,356,247,0,131,63,0,79,69,139,48,225,0,0,0,30,33,0,0,0,0,0,53,0,25,270,115,200,0,111,98,0,50,0,0,113,0,155,0,39,0,0,46,161,0,156,106,29,28,44,81,0,44,53,0,125,120,0,86,215,102,75,130,117,0,288,41,165,0,0,41,83,114,0,61,0,108,0,32,201,0,132,0,0,88,45,365,66,34,103,82,43,0,91,0,0,50,0,0,161,31,93,104,79,36,181,135,64,0,0,23,91,0,0,0,0,0,81,0,0,0,0,112,32,101,234,0,0,0,16,41,34,209,108,72,0,43,61,69,0,48,67,0,84,258,0,0,0,454,28,0,12,44,252,170,39,0,0,0,0,130,0,45,176,87,149,0,174,0,205,460,49,15,0,900,0,63,0,13,0,194,0,33,29,0,63,102,63,33,0,0,42,53,0,0,134,305,85,38,70,97,0,63,0,0,0,27,60,0,40,52,0,180,71,0,0,0,0,34,0,0,0,0,0,29,112,0,0,123,22,46,0,72,152,44,0,34,195,0,0,0,79,60,87,0,71,0,0,73,0,54,0,0,280,0,117,0,77,31,0,0,214,0,0,0,86,69,169,0,62,24,62,0,151,42,0,0,88,48,93,0,328,0,0,81,0,48,115,31,0,49,125,27,45,78,155,0,0,0,0,50,185,110,51,53,92,940,188,206,90,55,0,0,64,172,0,0,33,0,0,0,95,62,126,44,779,89,0,78,0,0,198,0,36,68,40,0,225,0,0,30,0,0,16,123,0,47,0,86,0,56,0,146,103,145,0,0,0,109,0,42,0,67,109,0,56,0,0,0,114,0,135,209,0,0,51,57,0,62,0,60,0,0,38,55,51,0,174,0,90,103,106,15,72,0,146,48,0,228,0,0,0,58,245,0,437,0,0,71,82,0,0,207,177,0,0,0,0,0,181,87,0,0,0,53,300,0,274,62,0,55,40,0,230,0,57,28,0,0,690,146,70,163,0,34,0,214,0,86,18,0,0,0,0,0,0,36,36,118,0,23,0,0,45,63,52,0,54,47,0,70,0,0,0,147,0,81,136,62,201,0,36,0,76,176,0,0,0,0,37,56,61,230,70,0,26,0,46,153,71,0,102,0,136,0,0,0,0,38,0,12,28,0,0,13,0,0,0,45,0,35,111,0,0,105,0,0,0,160,0,0,45,0,0,0,53,0,61,0,61,0,221,0,0,40,0,68,85,86,0,0,0,151,20,0,0,186,0,47,0,59,0,0,0,0,0,0,0,0,249,29,0,0,0,46,0,66,32,0,0,0,0,40,0,0,64,0,0,178,0,0,0,170,0,52,0,80,0,243,296,65,0,76,0,36,63,31,36,0,41,31,49,0,0,84,26,0,0,108,0,125,0,0,112,0,0,87,88,0,101,0,0,0,30,0,0,0,477,0,81,0,35,80,0,131,0,51,0,223,477,52,0,0,210,69,33,0,0,0,0,59,0,0,0,0,0,65,255,0,0,39,0,0,0,132,53,65,85,0,39,0,0,0,0,0,133,0,0,53,108,0,0,0,83,43,99,86,0,52,50,0,0,287,0,93,153,0,0,0,21,0,21,174,0,0,140,92,0,0,0,43,36,0,83,0,56,0,0,0,70,197,90,61,0,15,59,93,146,0,0,0,166,69,0,62,118,90,124,0,37,0,69,0,0,0,0,0,148,0,0,0,43,0,0,0,0,0,43,62,358,0,24,54,0,371,106,0,98,18,24,0,0,0,0,45,30,63,53,0,60,131,0,0,204,0,0,0,36,0,59,66,38,89,0,0,31,0,0,0,31,0,0,141,0,0,0,0,0,48,41,0,0,69,35,81,0,0,0,0,0,0,43,0,0,0,54,0,0,0,54,0,0,90,0,0,42,0,0,0,0,0,0,84,197,39,0,0,0,0,111,0,0,0,118,0,20,0,78,0,0,0,0,0,94,46,0,87,0,0,71,0,0,45,0,120,0,0,0,45,64,31,103,81,0,0,88,0,113,0,0,61,123,0,158,0,0,585,0,77,0,0,0,0,62,0,79,49,0,0,0,83,75,0,0,0,75,0,0,73,0,0,0,34,0,49,0,42,90,20,0,0,0,25,0,0,0,0,0,0,0,908,318,0,184,0,23,0,255,29,0,68,0,140,16,0,43,42,0,139,0,39,0,275,0,91,0,0,209,0,0,32,0,0,91,0,0,69,46,145,0,202,0,174,0,0,88,0,0,0,0,0,61,0,0,0,55,54,130,22,67,0,0,525,70,33,0,97,34,0,49,0,0,113,0,0,79,0,0,0,184,0,28,33,0,0,0,95,0,0,64,82,0,42,77,0,0,0,0,0,0,0,31,89,0,111,54,72,114,0,0,0,0,121,0,0,0,232,154,92,0,0,49,56,0,0,64,23,35,123,0,0,0,72,0,0,0,0,0,0,0,0,0,0,0,0,0,80,0,96,0,0,0,0,0,68,0,29,0,0,55,0,68,41,0,0,0,0,0,0,0,0,0,0,102,0,0,239,0,0,0,0,41,0,0,0,0,89,0,96,0,0,0,0,0,0,35,137,0,0,0,205,0,0,57,41,0,0,0,78,0,0,75,0,0,0,0,107,0,0,204,0,0,0,0,68,0,0,0,0,0,0,64,0,0,0,0,0,37,0,0,297,242,45,0,0,73,0,0,0,46,29,0,0,0,0,128,0,25,29,0,0,60,0,0,0,35,0,0,0,33,0,0,38,0,0,0,34,0,58,81,24,0,0,24,55,20,0,61,0,64,0,33,0,0,0,0,31,0,0,0,101,0,50,29,47,0,52,0,177,0,0,0,255,23,132,0,86,0,0,131,78,0,36,0,0,0,104,0,73,43,0,0,0,0,0,64,0,0,275,0,0,97,0,0,0,73,0,0,0,0,0,37,0,0,0,0,0,37,0,38,0,85,0,0,0,0,0,0,153,0,0,0,0,0,45,0,0,0,0,0,82,0,0,0,0,125,212,54,0,0,0,87,0,221,0,0,0,94,0,118,0,0,0,0,0,0,31,0,0,0,0,0,0,207,0,0,0,0,0,0,0,44,0,579,0,0,0,0,0,0,34,0,117,81,0,83,0,0,59,83,125,0,76,0,0,21,0,48,86,81,0,0,0,0,307,0,0,0,42,151,142,166,57,124,44,50,0,20,18,166,184,36,0,242,0,39,0,0,0,0,0,0,59,0,45,61,0,99,168,42,0,0,46,0,0,0,48,0,24,133,214,0,0,0,0,28,421,39,19,0,102,0,92,77,0,0,49,347,0,34,0,99,0,0,0,0,0,40,29,222,0,0,0,122,0,24,117,120,109,0,0,0,170,0,0,68,30,0,0,39,38,183,380,0,60,138,0,0,602,0,0,227,0,0,0,0,53,55,0,552,68,39,0,66,0,40,0,0,66,0,77,59,28,0,126,52,0,455,130,116,0,19,63,66,114,0,89,39,331,0,0,233,42,119,47,150,167,82,0,0,31,0,195,0,0,264,0,0,89,0,0,0,64,0,0,181,0,170,0,0,72,24,0,0,0,61,75,0,0,0,61,131,0,0,0,215,0,0,0,0,127,207,0,0,0,0,0,0,91,0,100,189,71,52,43,100,0,0,0,37,89,88,231,0,0,0,90,58,45,44,0,0,144,0,102,0,107,0,30,0,77,0,0,74,54,0,0,0,0,57,37,0,287,0,0,0,0,0,0,133,0,0,25,223,0,0,0,0,18,133,83,0,43,51,62,0,93,0,0,128,82,0,20,0,0,0,48,0,95,0,0,46,0,261,40,63,0,0,62,0,0,0,0,0,0,0,0,22,43,0,73,0,0,0,65,84,0,0,0,0,32,0,35,42,121,0,0,31,0,0,0,71,104,81,60,78,0,0,0,0,62,0,0,0,0,165,56,0,88,87,61,0,0,0,0,0,0,0,0,0,0,0,0,162,144,0,55,67,0,51,0,0,0,0,81,47,119,0,39,0,0,273,141,0,103,38,0,0,0,47,0,0,0,0,34,60,0,0,49,0,215,31,0,67,0,20,0,19,44,54,0,106,0,0,61,0,53,0,82,0,0,251,0,55,0,0,0,0,0,108,0,0,28,0,0,0,19,36,0,25,0,26,107,35,0,64,48,0,0,0,0,0,0,0,0,61,66,134,34,69,0,0,0,0,43,51,37,0,0,0,49,0,0,72,0,0,0,0,0,105,147,0,0,0,153,0,0,61,0,0,0,0,0,109,0,0,197,0,78,99,0,0,0,0,90,0,137,118,0,63,75,37,61,0,0,0,50,0,0,0,45,62,0,131,105,0,0,105,0,31,0,0,76,0,0,0,0,0,362,58,0,0,0,0,141,134,0,54,59,0,0,0,0,97,0,80,84,124,0,43,0,0,72,0,83,66,0,0,0,90,41,53,0,0,0,82,0,0,0,0,0,0,0,0,0,53,8,0,38,0,0,417,0,88,0,0,0,158,48,0,0,74,0,0,0,0,0,0,0,0,0,0,0,0,0,0,0,0,0,51,0,0,0,95,0,0,0,62,0,0,0,42,0,0,0,0,0,0,0,0,0,0,0,0,40,91,0,0,0,0,35,0,0,0,0,0,53,64,0,0,0,0,27,0,0,25,49,0,0,112,0,0,0,0,0,0,61,0,0,0,0,0,35,0,0,33,0,0,105,0,0,0,60,0,0,70,0,0,0,0,0,0,0,0,0,0,28,0,0,0,0,0,0,0,0,0,0,0,0,0,29,0,72,0,0,0,0,0,0,0,0,0,0,0,0,0,0,0,0,35,0,0,0,119,0,0,71,0,42,0,0,65,0,0,0,0,12,0,0,0,0,125,0,0,0,70,0,86,0,0,0,58,70,45,0,0,0,57,98,0,126,0,94,0,81,0,0,0,0,118,55,0,0,0,0,0,72,0,0,0,0,0,0,0,0,80,0,0,72,0,0,0,66,0,0,48,69,0,523,0,313,0,0,0,0,162,0,0,70,137,0,0,0,0,0,0,0,0,0,0,0,0,0,132,165,0,0,0,0,132,0,0,0,0,0,0,0,96,0,0,0,0,0,0,0,33,0,0,55,167,6,0,0,0,0,7,0,0,42,46,0,0,0,85,0,0,0,0,0,0,193,0,47,39,143,102,182,42,0,0,0,0,0,0,0,0,0,0,0,0,0,0,0,50,0,66,31,0,0,109,0,83,0,0,120,0,343,0,0,0,0,0,0,0,0,0,248,0,0,48,0,67,0,0,0,80,0,0,0,0,0,0,0,0,95,0,0,0,0,0,0,0,0,0,0,0,144,0,0,0,0,0,0,0,47,64,32,50,0,45,48,73,0,0,39,0,111,30,0,88,0,0,0,109,0,50,0,0,52,0,0,0,0,120,0,0,0,0,48,0,0,0,0,0,0,0,370,0,0,49,0,100,252,0,0,0,0,28,0,0,58,0,126,24,0,0,0,46,35,0,0,39,0,0,84,0,151,0,97,0,197,0,0,0,0,0,0,113,0,96,46,0,117,0,0,0,51,0,39,0,319,0,0,0,86,0,0,53,0,0,60,0,0,0,30,77,0,636,26,0,35,0,115,0,0,0,34,0,0,0,104,0,37,0,0,30,0,47,97,0,0,43,0,0,35,0,0,39,0,0,0,184,0,0,0,45,0,0,0,0,0,0,0,31,0,0,0,0,45,0,0,105,0,0,25,0,43,0,429,0,0,0,0,0,0,0,0,96,0,0,0,70,0,45,26,0,0,43,0,0,0,0,0,0,0,0
331,0,0,0,0,0,0,0,0,0,0,0,0,0,0,0,0,26,0,0,0,0,0,0,0,0,0,0,0,0,0,0,0,0,0,0,0,0,0,0,0,0,0,0,0,0,0,0,39,0,0,0,0,0,0,0,0,0,0,0,0,0,0,0,0,0,0,0,0,0,0,0,0,0,0,0,0,0,16,0,0,0,0,0,31,0,0,0,0,0,0,0,0,0,0,0,0,0,0,0,0,0,0,0,0,0,0,0,0,0,0,0,0,0,0,0,0,31,0,0,0,0,0,0,0,0,0,0,0,0,0,0,0,0,0,0,32,0,0,0,0,0,0,0,0,0,0,0,0,0,0,0,0,0,0,0,0,0,0,0,0,0,0,0,0,0,0,0,0,36,77,0,0,0,0,0,0,0,0,0,0,0,0,0,0,0,0,0,0,0,0,0,0,0,0,0,0,0,0,0,0,0,0,0,38,0,0,0,0,0,0,0,0,0,0,0,0,0,0,0,0,42,0,0,0,0,0,0,0,0,0,0,0,0,0,0,0,0,0,0,0,0,0,0,0,0,0,0,0,0,0,0,0,0,0,0,0,0,0,0,0,0,0,0,0,0,0,0,0,0,0,0,0,0,0,0,0,0,0,0,0,0,0,0,0,0,0,0,390,0,0,0,0,0,0,0,0,0,0,0,0,0,0,0,0,0,0,95,0,0,0,50,0,0,0,0,0,0,0,0,0,0,0,0,0,0,0,0,0,0,0,0,0,0,0,0,0,0,0,0,0,0,0,0,0,0,0,0,0,74,0,0,0,0,78,0,0,0,69,50,0,0,0,0,0,0,178,20,0,0,0,0,0,0,0,33,0,0,0,0,0,0,0,0,0,94,0,0,0,0,0,0,0,0,0,0,85,0,0,0,0,0,0,0,0,0,0,0,0,0,0,0,0,0,0,0,0,0,0,0,0,12,30,0,0,0,0,0,0,0,0,0,0,0,0,0,0,0,0,0,0,0,0,0,0,0,0,0,0,0,0,0,0,0,0,0,0,0,0,0,0,0,0,0,0,0,0,0,0,0,0,0,62,0,0,0,0,0,0,0,0,0,0,0,0,0,0,0,0,93,0,0,0,26,0,0,0,0,0,0,0,0,0,30,0,0,0,0,0,0,0,0,0,0,0,0,0,0,0,0,0,0,0,89,0,0,0,0,0,0,0,0,0,0,0,0,0,0,0,0,0,0,28,0,0,0,0,0,0,0,0,28,0,0,0,0,0,0,0,0,0,0,0,0,0,0,0,0,0,0,0,0,0,0,0,0,0,0,0,0,0,0,0,0,0,0,39,0,0,0,0,0,0,0,0,0,0,0,0,0,0,0,0,0,0,0,0,0,0,0,0,0,0,35,0,0,0,56,0,36,0,0,0,0,0,0,0,0,0,51,0,0,0,0,0,0,0,0,0,0,0,0,0,0,0,0,0,0,0,43,0,0,0,0,48,0,0,0,0,0,0,0,0,0,0,0,0,0,0,0,0,0,0,0,45,0,0,0,57,0,0,0,0,0,0,0,0,0,0,0,0,0,0,0,0,0,29,0,0,0,0,0,0,32,0,0,0,0,0,0,0,0,103,0,0,0,0,0,0,0,90,0,47,0,52,75,0,67,0,0,0,28,0,0,0,0,0,0,0,0,72,0,194,0,0,0,0,0,0,0,0,0,0,0,60,0,0,0,0,0,0,0,0,0,0,0,0,0,0,43,0,0,0,0,0,0,15,0,0,0,0,0,0,0,0,0,0,0,0,91,0,0,0,0,0,0,0,0,0,0,0,0,0,0,0,0,0,0,0,0,0,0,48,0,0,0,0,21,0,0,64,0,87,0,0,0,0,0,0,0,32,0,0,0,0,0,0,34,0,0,0,0,116,0,24,0,0,0,0,0,70,0,0,0,0,0,72,0,0,24,0,0,0,0,0,0,0,0,0,0,0,0,0,0,46,0,0,0,0,0,0,0,0,0,0,0,0,0,0,0,0,0,0,23,40,0,106,0,0,0,0,0,0,0,0,0,0,0,0,0,36,0,0,0,0,0,0,0,34,0,28,23,0,0,0,0,0,0,0,0,0,0,0,0,0,0,0,62,0,0,0,0,0,0,0,39,0,0,0,0,0,0,0,0,0,0,0,0,47,0,0,56,0,0,0,18,0,0,0,50,0,0,0,79,0,0,0,80,0,0,0,33,0,0,0,0,87,0,0,0,725,0,0,0,0,0,0,0,0,0,0,0,0,0,0,41,0,0,0,0,0,0,0,0,0,0,46,63,0,0,0,0,0,0,0,0,0,0,0,0,0,0,0,0,0,0,0,0,65,0,137,0,0,0,0,0,0,0,0,17,0,0,0,0,37,0,0,0,93,0,0,0,0,0,0,36,0,0,0,0,30,0,0,34,0,0,0,0,0,0,0,0,0,0,93,0,0,0,0,0,0,121,0,0,0,36,0,0,0,0,0,0,0,0,0,0,0,0,0,0,0,0,0,0,0,0,44,0,0,204,47,84,0,0,0,0,0,0,0,38,0,0,61,82,0,0,0,0,0,0,0,0,0,0,0,0,0,0,0,38,0,0,0,0,0,0,0,0,38,0,0,0,0,34,17,0,0,0,0,0,0,0,0,0,0,0,0,187,0,0,0,0,0,0,0,0,190,0,0,0,0,177,84,0,0,0,0,0,0,0,0,0,0,0,0,8,0,0,0,0,0,0,0,0,42,0,0,0,0,0,0,0,0,0,0,0,0,0,0,0,0,0,0,0,59,0,0,0,0,0,0,66,0,0,0,0,0,0,0,0,0,0,0,0,0,0,0,0,0,19,0,0,0,0,0,0,0,0,0,0,40,39,0,0,0,0,0,0,0,0,0,0,0,0,0,0,0,0,0,0,33,0,0,36,0,0,0,0,0,0,0,91,0,0,0,21,0,0,0,105,0,0,132,0,0,0,0,98,0,0,0,0,0,322,0,0,0,0,0,0,101,0,0,23,0,0,0,93,0,0,0,0,0,0,0,0,0,0,0,0,0,0,0,0,36,0,0,0,0,0,0,0,0,0,0,0,0,55,42,0,52,0,27,41,83,0,0,0,0,0,0,0,0,37,0,132,0,26,24,76,0,0,0,0,0,0,0,0,0,0,0,0,0,0,0,30,0,0,0,0,0,0,0,0,0,39,0,0,0,0,0,19,0,0,0,0,0,0,0,136,0,0,0,43,0,0,49,0,0,62,0,0,0,0,0,0,0,0,0,0,0,0,0,45,0,0,0,0,0,19,56,0,0,14,0,0,0,0,0,34,0,0,0,69,0,0,0,0,0,0,0,0,0,62,37,0,0,0,0,0,0,0,49,0,0,83,0,0,0,0,0,38,0,0,0,0,0,0,0,50,0,0,0,23,0,171,0,0,0,0,0,0,0,0,0,18,0,0,110,35,16,0,0,0,0,77,0,0,0,20,36,0,0,59,0,25,0,0,29,0,0,0,34,207,0,101,0,30,0,19,0,0,0,0,0,0,16,158,0,0,65,0,0,0,0,107,0,0,0,0,0,0,0,98,0,0,143,0,23,39,0,28,0,0,17,0,46,0,118,0,15,0,0,0,40,0,0,105,0,0,0,0,0,0,34,0,0,0,0,0,0,0,186,0,0,0,0,0,0,0,69,50,0,52,0,0,0,0,0,33,0,30,0,0,0,0,0,0,0,34,0,186,0,0,0,0,77,0,0,0,0,0,106,0,0,0,0,49,0,0,0,0,0,0,0,57,0,0,0,204,0,108,0,0,0,0,58,72,0,39,0,63,0,0,0,0,0,0,15,0,0,0,0,0,27,110,0,0,366,0,0,0,63,0,0,0,36,0,0,0,0,0,0,76,56,90,87,73,0,0,0,0,0,0,0,0,0,0,0,0,0,0,0,0,0,31,0,53,0,0,0,0,0,62,0,0,0,0,76,0,0,0,0,0,52,0,113,0,0,25,0,0,0,0,0,0,0,0,0,0,39,0,0,0,0,0,32,0,57,0,76,0,0,39,0,0,0,0,0,126,0,0,0,0,0,0,34,0,0,42,0,32,0,0,0,0,32,0,81,0,0,178,0,0,0,0,28,26,84,0,34,0,0,0,0,0,26,0,0,47,97,0,0,0,0,0,0,0,0,0,0,21,0,0,38,58,0,0,0,0,0,0,0,0,0,0,0,0,0,0,0,0,0,85,0,0,0,0,0,80,0,0,0,0,110,58,30,0,0,0,0,0,0,0,0,34,0,0,0,0,61,0,41,83,63,69,0,0,0,137,0,0,0,26,0,0,0,0,126,103,0,41,0,0,0,202,0,0,112,0,0,0,0,0,0,0,140,0,71,0,22,0,0,0,0,72,0,0,0,0,35,0,0,0,71,24,40,0,0,0,59,110,0,39,0,113,0,0,0,0,39,0,21,62,0,0,0,0,0,84,43,59,120,0,0,0,0,0,0,0,0,0,36,0,74,0,0,124,0,0,0,0,0,0,22,0,109,31,58,30,0,0,20,0,0,0,0,95,108,0,0,0,0,0,0,0,0,0,129,0,32,59,24,0,0,0,0,64,0,93,0,0,0,0,68,0,110,0,0,0,0,0,0,55,0,0,0,24,0,0,60,139,0,0,0,143,0,0,0,340,0,0,0,0,0,0,54,0,0,0,80,0,0,0,0,0,80,51,0,0,0,34,0,39,50,0,36,46,0,0,0,0,0,0,0,87,0,104,57,0,72,0,0,0,0,64,55,0,0,0,0,0,0,0,0,0,0,0,0,0,0,0,0,0,0,0,0,0,77,0,16,26,0,0,0,0,0,0,0,0,90,31,57,0,0,0,0,0,0,0,0,57,34,58,0,78,0,0,0,0,0,0,0,40,0,0,0,0,48,0,0,41,0,0,67,0,0,0,0,34,0,25,17,127,0,0,54,57,104,64,0,101,0,0,0,0,50,0,0,0,0,0,0,0,0,117,0,198,0,0,0,54,0,0,0,49,42,0,48,0,0,24,18,0,0,0,0,0,191,0,90,28,0,39,0,0,65,0,0,0,0,0,0,0,0,0,34,0,0,173,0,0,80,0,0,0,0,27,0,0,0,0,0,0,58,0,44,0,0,0,0,0,0,33,0,0,0,13,0,0,56,0,0,11,0,0,0,0,0,0,0,0,0,33,0,0,0,0,0,0,0,0,0,0,0,117,35,0,0,0,0,0,0,0,57,0,128,0,0,0,37,85,0,0,65,0,0,0,25,144,77,0,22,0,0,0,0,0,0,0,0,0,35,0,0,172,0,0,0,0,0,0,54,0,168,0,0,0,0,0,0,0,95,0,0,0,74,0,0,32,0,0,0,0,0,0,28,23,0,0,0,135,0,0,0,0,0,0,0,0,0,0,61,0,0,243,0,0,153,0,0,0,0,0,210,0,0,39,59,0,0,83,0,0,0,0,0,0,0,0,0,0,0,0,0,149,0,0,0,0,0,0,56,68,102,41,0,0,0,0,46,0,0,0,0,0,0,37,218,49,89,44,84,96,0,0,0,0,0,0,0,0,0,311,27,0,0,0,53,53,0,0,0,47,101,94,38,0,0,0,46,0,0,39,0,0,0,0,102,0,57,0,0,0,0,97,0,0,57,154,0,0,0,52,0,24,0,0,27,0,0,0,61,553,0,0,0,0,0,40,0,33,105,0,0,0,0,58,0,0,96,0,0,0,0,0,0,13,0,0,0,0,0,0,51,0,0,0,0,0,0,0,0,74,0,0,0,0,150,0,64,38,0,0,0,0,0,52,133,38,0,0,117,0,61,39,0,0,0,0,0,0,0,369,0,0,0,97,0,76,0,0,0,0,0,0,51,57,0,0,0,129,0,0,0,0,0,0,106,0,0,0,117,0,0,170,25,0,0,0,0,52,0,0,0,322,0,259,40,84,0,0,79,0,0,48,0,51,39,0,0,0,44,0,0,0,0,54,0,82,94,107,0,0,0,0,103,0,0,28,0,29,0,0,129,211,22,41,0,0,0,0,0,235,0,27,176,0,0,0,0,79,56,0,0,0,59,0,0,0,69,0,0,107,0,0,0,104,0,50,0,57,0,0,96,0,0,0,0,0,121,0,0,0,0,0,31,0,0,0,175,0,0,0,85,0,73,41,41,0,0,277,0,326,0,35,32,0,0,0,0,0,0,60,95,0,54,53,0,0,0,0,56,51,0,0,0,0,0,38,0,151,82,0,22,0,0,45,58,0,0,27,0,171,85,0,0,0,0,23,0,0,93,0,46,0,0,94,59,0,0,327,0,53,38,50,41,21,0,0,92,0,46,0,0,0,0,0,0,0,0,42,0,0,46,0,0,38,0,97,0,0,39,243,495,0,89,34,0,82,0,48,0,50,0,0,0,48,90,98,90,38,0,0,111,67,0,146,60,0,0,40,0,127,0,0,0,133,49,0,0,58,0,38,106,0,791,58,0,178,0,0,0,75,0,0,0,274,0,0,50,75,0,0,127,0,0,17,0,89,0,92,103,0,280,24,0,224,0,114,0,122,0,56,42,0,0,58,0,135,0,0,56,0,87,97,0,0,123,26,187,134,0,0,30,0,0,0,535,158,0,0,51,25,0,0,0,0,0,17,32,0,0,0,0,51,0,0,76,0,0,89,0,0,0,89,0,0,0,0,0,0,0,0,183,0,0,0,82,0,58,0,0,0,29,0,0,0,0,224,60,0,0
332,0,57,0,180,106,201,110,0,233,54,427,126,102,75,451,752,681,68,61,85,871,145,213,302,349,0,48,199,94,47,38,143,0,82,414,309,29,191,869,325,128,158,54,324,0,192,165,941,44,459,140,272,247,81,640,85,67,22,83,0,328,163,637,83,109,202,109,114,83,794,0,173,80,49,585,536,53,939,91,511,56,86,479,687,191,54,31,126,146,633,218,145,172,311,102,128,0,155,142,0,99,58,441,102,61,186,78,232,140,615,171,185,432,238,162,141,402,89,61,560,79,1052,68,75,144,78,92,433,70,356,42,1095,47,297,161,709,141,217,156,296,148,246,859,0,38,159,130,193,266,0,72,287,111,309,254,65,248,86,587,598,208,54,295,157,214,205,95,284,483,497,450,101,109,0,249,62,180,626,112,128,617,0,143,133,183,174,1350,572,0,45,51,420,206,443,66,306,99,0,163,58,302,438,82,1248,61,106,77,123,471,341,256,102,200,102,340,114,221,53,147,442,506,195,40,1046,0,58,313,683,38,201,62,77,106,46,0,97,175,503,159,62,402,88,91,136,16,455,54,121,30,166,165,1152,182,359,181,146,0,80,223,720,331,220,146,144,0,80,909,463,932,71,84,266,1069,133,226,179,58,2313,643,212,0,294,458,214,166,144,785,3796,240,189,165,377,67,90,158,0,143,321,181,131,69,207,123,65,909,602,650,89,300,248,1432,254,28,0,179,259,610,188,121,93,117,50,104,527,247,193,508,56,87,1170,0,235,281,240,218,65,75,103,181,70,196,58,305,381,71,43,61,273,1376,982,297,48,630,1009,70,197,165,813,286,179,173,371,60,254,799,1641,364,153,88,519,185,167,81,149,475,250,29,0,536,156,89,189,84,187,1707,247,260,251,82,117,91,1645,103,189,156,1559,174,357,618,0,82,729,36,70,245,259,140,155,89,412,42,303,63,43,76,818,302,785,586,80,417,207,93,253,256,296,154,324,76,27,67,136,85,261,92,118,187,111,344,0,47,889,362,500,317,737,304,93,142,0,0,491,26,284,82,164,147,48,55,512,99,453,227,130,155,98,178,41,111,96,78,707,327,313,128,430,834,559,352,518,81,536,389,267,84,41,296,245,1027,708,127,73,319,118,228,665,595,373,110,0,412,131,1644,220,310,732,402,221,0,152,108,0,124,74,98,509,148,116,349,314,134,530,634,296,58,149,222,630,94,89,76,0,0,295,172,0,0,0,503,71,240,856,63,125,32,237,108,203,598,538,231,73,243,157,143,99,195,217,154,458,1029,0,237,216,904,98,67,0,123,473,778,55,0,62,146,37,1077,56,142,517,605,348,0,664,32,871,1214,356,48,90,1680,0,226,65,73,49,315,82,87,100,104,164,299,168,385,183,449,245,223,0,94,592,1015,323,56,213,317,53,238,95,109,0,57,214,79,145,194,0,369,620,76,60,205,85,98,135,128,72,0,72,46,544,0,71,415,69,311,79,619,615,92,49,177,1082,22,203,141,190,599,150,85,185,0,88,367,153,288,60,156,1087,69,438,87,525,163,128,220,558,92,99,59,195,272,460,104,187,125,342,0,466,79,113,67,210,142,299,81,821,47,79,261,29,267,228,123,61,183,364,169,102,459,618,47,38,30,28,99,612,367,439,320,309,1981,888,592,186,315,0,0,204,281,52,84,379,38,0,96,621,375,432,135,3384,400,0,321,93,0,571,0,65,301,72,53,355,126,26,107,0,73,134,370,82,129,0,398,0,286,65,455,505,238,159,97,73,442,140,56,81,191,339,157,276,85,83,34,378,285,339,995,33,0,189,141,0,165,32,150,137,193,201,98,74,154,464,166,374,259,547,59,220,74,744,674,123,833,89,108,113,201,485,50,787,127,100,87,304,190,63,411,410,41,68,136,27,31,346,217,69,45,0,102,1056,46,668,197,0,253,199,80,466,63,365,84,0,0,2131,396,219,1030,120,128,45,637,78,190,87,0,97,59,49,94,80,129,686,332,118,65,0,145,0,301,316,111,148,414,45,355,0,70,121,708,121,210,303,316,1110,133,59,144,231,972,0,106,0,70,113,546,558,796,423,128,244,76,151,1763,428,117,511,0,284,539,274,124,49,246,226,86,132,144,72,133,78,0,119,156,265,218,344,60,85,234,80,281,68,200,55,129,94,97,293,42,238,289,164,0,187,94,737,72,147,291,125,224,369,299,79,243,236,1362,155,71,41,824,292,87,0,790,106,31,196,788,44,70,143,133,1240,233,998,0,2419,354,143,71,101,51,77,82,0,179,121,76,494,56,38,389,178,119,484,202,158,232,0,264,86,541,1845,660,300,215,104,132,227,136,169,0,901,221,146,0,72,322,111,84,123,384,49,465,1371,222,504,141,229,279,125,152,500,636,224,46,189,0,296,178,922,0,321,263,376,401,0,806,247,253,280,973,2554,427,439,81,377,328,69,650,89,158,141,212,90,268,0,153,20,177,1562,91,36,0,208,157,156,1223,154,368,116,297,139,153,59,144,95,62,417,24,120,347,126,135,0,147,146,462,249,440,42,106,1406,172,0,1119,154,349,600,170,121,0,78,206,165,658,0,42,548,1094,59,85,68,465,360,70,218,73,167,113,47,0,135,800,449,215,188,120,408,404,527,48,171,0,467,154,84,228,598,629,573,161,319,79,455,109,208,0,157,106,802,29,165,520,306,96,137,97,0,60,142,331,909,123,110,354,68,1770,449,0,682,222,95,149,40,144,39,34,42,89,385,93,100,270,129,33,1411,62,133,197,381,110,56,282,69,354,172,48,94,65,40,77,71,75,46,263,0,0,38,126,92,167,91,93,0,66,143,441,70,274,197,38,201,64,171,0,55,97,110,73,79,80,253,50,59,232,40,181,327,84,398,38,47,107,72,230,574,382,55,80,72,55,406,120,110,47,209,195,83,24,95,129,55,89,179,0,213,165,111,449,0,0,169,126,59,156,47,535,218,47,168,262,64,154,301,270,147,139,229,168,239,82,61,1461,650,144,416,104,0,4319,92,362,53,174,162,70,696,0,130,333,137,345,76,402,166,43,42,107,284,48,161,551,81,29,68,481,76,103,0,329,257,112,0,63,105,144,87,105,152,315,78,0,79,3161,1421,93,1015,68,127,450,455,147,103,140,0,676,87,139,245,136,0,754,0,268,191,939,24,706,369,0,381,107,73,66,52,44,673,233,87,188,251,412,148,585,0,833,0,224,413,0,125,190,206,100,341,76,68,206,223,117,162,89,166,428,44,1863,425,289,270,438,166,120,400,86,34,950,0,0,312,0,105,107,494,97,170,352,176,209,88,387,148,271,92,283,0,424,450,0,73,145,149,239,84,85,61,275,39,359,321,374,452,117,60,48,72,506,168,118,89,1158,395,458,284,50,157,99,0,60,553,79,189,1080,58,0,233,338,90,197,183,104,79,196,42,0,136,760,267,37,99,256,134,677,83,187,283,127,0,487,0,0,29,192,190,50,413,281,132,57,72,0,51,431,66,296,0,510,321,114,0,500,731,103,71,487,217,277,0,74,154,539,0,676,74,125,200,151,73,156,259,615,223,59,370,1195,0,0,572,326,66,207,387,534,58,116,89,120,105,65,36,534,0,130,1174,0,162,165,106,139,141,90,124,76,270,52,657,84,143,0,61,98,300,0,87,633,246,198,66,144,97,85,153,78,229,288,201,90,56,158,862,60,237,131,112,130,276,71,325,448,329,266,139,107,219,74,30,215,157,274,243,272,69,214,550,176,87,101,232,951,95,0,61,200,517,71,128,23,44,60,1667,226,117,51,46,645,239,194,68,468,47,249,109,666,0,0,57,1276,117,1215,152,64,147,62,314,515,154,360,57,354,121,243,115,199,386,42,180,66,103,120,66,51,325,678,0,0,1461,123,42,162,494,332,61,142,489,225,121,78,69,162,90,296,265,768,1665,252,112,179,0,126,115,60,192,784,0,67,117,28,70,359,15,85,116,748,84,650,76,100,145,73,633,267,203,440,177,136,1606,252,1103,82,99,60,267,65,424,136,152,251,287,73,24,108,50,81,0,264,45,71,866,234,149,0,0,0,97,49,395,37,1653,0,194,331,38,166,181,83,0,270,144,50,311,125,69,308,279,330,0,274,101,219,75,0,198,173,170,76,411,0,0,921,52,154,51,194,259,670,540,120,429,152,70,62,129,68,399,640,106,280,567,30,133,114,89,73,60,86,174,157,42,307,96,133,336,684,238,105,238,127,0,39,58,214,78,150,309,587,58,131,70,95,128,1378,205,107,216,343,0,396,191,0,131,136,835,62,255,29,182,132,198,42,85,53,147,110,633,0,83,32,440,185,319,398,260,207,59,29,152,542,61,0,265,172,53,0,0,135,462,778,71,281,213,43,52,1653,49,113,1514,62,107,34,109,177,157,0,1186,310,451,32,172,145,104,0,47,543,62,211,190,177,111,192,192,226,813,224,318,0,118,161,148,524,191,222,165,971,70,73,660,168,357,0,529,454,195,33,0,79,121,677,651,372,1180,164,0,249,52,60,40,168,41,0,334,0,555,0,88,474,60,54,57,0,98,242,108,77,636,237,472,362,70,111,835,121,65,0,36,704,1551,35,100,38,148,120,0,416,130,419,624,205,291,430,264,51,67,0,102,387,244,399,44,105,104,330,105,181,226,0,58,476,0,288,0,426,60,149,44,182,0,57,435,395,0,47,174,1038,260,199,52,1619,60,93,47,0,0,19,464,198,193,346,1150,102,0,128,0,115,555,233,108,128,113,263,72,394,151,49,428,432,0,297,99,89,52,115,149,418,195,610,200,50,704,246,235,183,119,268,140,87,73,69,107,0,79,174,150,164,436,254,0,77,0,311,299,79,0,92,50,176,369,117,276,140,65,52,183,0,157,115,131,929,471,561,409,0,74,37,58,158,115,119,34,299,338,910,207,438,322,211,232,73,138,25,115,123,142,139,48,70,219,74,706,797,0,100,418,41,143,0,53,140,56,366,204,872,132,134,232,149,703,364,0,415,130,106,131,160,526,112,166,110,0,232,66,61,133,566,128,682,253,75,123,336,185,92,60,278,177,40,424,49,0,393,219,172,136,182,56,48,1339,32,329,65,115,248,60,138,416,77,30,137,97,96,77,111,277,59,204,48,103,1012,122,170,550,161,119,31,103,239,66,118,41,107,322,279,603,307,292,33,49,173,152,232,148,210,62,54,156,209,139,0,371,123,128,392,0,26,382,283,39,262,174,596,61,90,293,78,108,0,0,82,371,72,247,354,129,487,623,55,56,21,68,346,0,416,342,136,622,123,152,200,282,687,0,156,161,92,278,207,430,595,515,343,83,0,371,197,72,72,105,284,0,101,152,200,188,1019,114,0,111,199,120,339,513,176,781,152,307,73,73,45,280,53,740,968,433,57,467,0,0,239,86,259,179,83,0,0,149,244,184,206,92,827,148,52,0,0,95,21,129,150,78,0,137,37,76,2088,0,35,1190,171,158,43,390,87,663,219,0,402,280,53,85,244,0,0,247,40,481,169,100,44,134,97,0,56,50,515,172,0,0,0,435,0,122,276,460,496,0,62,101,171,170,82,22,776,0,95,76,0,549,357,636,258,174,706,34,59,92,101,0,96,134,273,33,1192,285,122,70,59,287,231,52,158,132,109,342,127,254,113,104,82,98,35,56,152,57,126,0,0,113,218,170,42,746,87,0,464,93,0,123,696,35,93,154,381,112,144,0,253,196,89,0,47,379,1999,180,36,46,197,91,122,35,221,799,74,115,130,86,168,70,163,464,102,0,75,0,96,37,71,106,226,76,180,111,0,211,214,242,346,83,85,614,29,55,322,94,111,101,132,377,234,402,124,166,79,58,173,78,140,717,149,38,0,616,155,232,201,117,117,345,102,164,37,74,1626,236,730,67,304,177,569,305,462,0,165,157,0,375,183,81,142,62,1286,167,174,38,109,29,47,413,0,24,85,1284,43,51,771,218,100,105,412,66,285,500,133,105,2017,60,1391,312,586,0,153,567,85,257,277,291,258,190,0,99,192,173,0,292,121,80,415,0,300,424,354,0,117,118,59,307,0,54,195,97,108,129,0,615,951,52,235,23,0,156,66,254,268,66,142,433,40,0,0,145,255,337,59,83,174,385,77,73,157,495,96,32,354,233,94,91,525,130,57,95,575,330,412,340,0,126,0,50,73,592,36,213,113,0,193,204,105,79,49,939,53,475,140,313,252,263,220,366,0,22,1733,161,1134,91,334,175,0,182,32,53,92,160,1165,381,164,755,328,306,65,180,67,197,190,69,90,76,77,64,129,89,858,491,88,303,99,52,210,299,0,0,137,120,1324,283,206,55,51,87,141,172,288,245,52,388,154,225,298,652,57,0,888,180,229,81,208,249,112,0,103,469,0,161,0,91,113,175,119,59,94,261,175,134,70,139,105,119,401,0,234,66,157,332,857,2343,236,213,220,346,437,86,455,41,398,288,173,102,402,456,155,234,214,168,45,311,230,0,490,307,31,137,379,189,819,143,223,59,593,158,61,41,218,68,337,633,0,2806,299,24,737,46,0,222,136,0,198,159,1341,0,0,100,507,0,0,486,115,0,131,23,385,76,391,158,242,1327,273,30,1038,117,748,93,497,49,163,229,47,40,381,183,694,52,87,269,55,514,386,74,63,356,164,1239,1189,0,60,227,94,134,0,1594,471,26,0,216,338,70,60,47,117,126,126,127,171,186,150,0,127,54,0,702,163,0,408,102,204,52,822,73,67,73,0,27,55,63,207,940,0,163,409,462,63,300,115,0,73,275,235,101,51,177,1115,169,61,123
333,0,0,0,50,0,0,0,0,78,0,194,0,0,0,52,130,90,11,29,0,82,0,53,0,47,0,0,45,0,0,0,39,0,0,81,78,0,56,112,45,0,0,0,188,0,0,0,303,0,34,0,57,41,0,162,0,0,0,0,0,0,54,0,0,13,0,0,0,0,65,0,0,0,0,91,27,0,141,0,117,0,0,91,135,80,0,0,0,0,180,0,21,54,0,0,0,0,0,0,0,0,0,59,0,0,27,0,80,49,185,0,0,53,0,35,0,43,0,0,78,0,147,0,0,0,0,0,48,0,70,0,213,0,86,0,74,40,0,0,106,42,0,156,0,0,0,0,0,51,0,0,77,0,113,86,0,63,0,23,132,0,0,85,0,31,0,0,76,70,81,71,0,49,0,0,0,0,59,49,0,0,0,0,0,0,28,201,122,0,0,0,49,45,0,0,49,0,0,87,0,0,66,0,197,0,0,0,0,0,82,81,22,0,36,69,0,0,0,0,86,78,0,0,174,0,0,67,146,0,0,0,0,0,0,0,0,0,41,0,0,61,31,36,0,0,0,0,0,0,28,0,159,22,0,0,81,0,0,0,154,0,37,0,0,0,0,169,51,111,24,0,61,178,0,19,0,0,180,0,65,0,0,64,0,0,0,150,734,0,38,0,104,0,0,0,0,0,0,0,0,0,32,0,0,45,199,49,0,49,51,46,31,0,0,0,0,138,0,0,0,0,0,40,93,39,0,124,0,0,0,0,0,0,0,0,0,0,0,0,0,68,0,26,0,0,0,0,0,25,90,0,0,131,246,0,0,0,81,75,39,0,77,0,0,0,169,87,42,0,108,52,0,0,0,23,95,0,0,0,55,0,41,0,54,131,0,0,52,0,13,0,124,0,0,0,129,0,36,0,0,0,0,0,0,0,0,0,0,0,59,0,71,0,0,0,144,0,47,107,0,41,28,0,0,0,0,0,142,0,0,0,0,0,0,0,0,0,0,49,0,0,150,57,84,32,62,92,0,42,0,0,118,0,46,0,0,0,0,0,35,0,76,44,0,0,0,0,0,0,0,0,77,0,0,45,79,79,99,0,40,0,77,31,133,0,0,74,0,73,70,0,0,34,0,0,164,0,99,0,0,62,0,112,55,0,157,95,0,0,0,0,0,28,0,0,0,0,56,87,32,0,61,0,0,0,0,0,79,0,0,0,0,0,0,0,0,0,0,113,28,48,0,0,0,0,0,0,0,80,0,0,21,0,51,0,21,48,58,0,58,133,0,17,0,227,0,0,0,0,177,74,0,0,0,0,0,159,0,0,62,0,86,0,95,0,110,155,0,0,0,457,0,0,0,0,0,99,0,0,0,0,0,26,0,40,34,45,0,0,0,0,0,51,0,0,15,0,0,35,0,0,0,0,0,0,0,0,0,0,89,0,0,0,0,0,0,0,0,0,0,0,25,0,0,0,0,0,0,50,178,0,0,0,49,0,0,0,0,98,0,0,0,0,0,76,0,20,0,0,155,0,39,0,70,0,0,0,47,0,0,0,56,45,108,0,0,0,97,0,69,0,0,0,0,0,23,0,175,0,0,40,0,0,0,0,0,0,60,0,0,68,0,0,0,0,0,21,0,36,0,42,0,484,61,78,0,52,0,0,15,0,0,0,53,0,0,0,42,0,48,0,285,48,0,0,0,0,71,0,0,0,0,0,59,0,0,0,0,0,0,0,0,0,0,37,0,12,0,64,0,0,0,0,0,0,0,0,0,0,67,0,0,0,0,0,48,48,41,163,0,0,0,0,0,0,0,0,0,0,76,0,0,0,39,0,78,0,56,0,0,0,45,78,0,165,0,0,0,56,0,0,0,0,0,0,60,0,0,0,35,0,0,0,0,0,38,0,0,0,0,0,64,0,71,0,0,0,0,0,0,0,40,0,0,0,302,0,28,98,0,0,0,97,0,32,0,0,0,0,0,0,0,0,0,0,0,0,0,0,0,17,0,0,0,0,0,0,0,0,0,34,0,0,0,75,74,25,0,28,53,0,0,25,0,20,0,161,219,156,54,62,85,0,0,180,44,0,0,0,0,155,0,0,0,25,22,0,0,0,0,35,0,0,0,0,47,0,65,0,0,28,24,140,0,72,0,0,0,0,0,0,0,74,0,0,0,0,99,0,0,0,0,51,100,0,0,49,34,130,0,0,0,120,0,0,0,75,48,0,0,84,0,0,27,0,437,0,270,0,0,0,26,22,0,0,0,0,0,0,55,43,199,0,0,74,0,0,61,84,0,0,0,41,0,27,324,208,35,0,0,0,32,36,29,0,275,0,0,0,0,55,0,0,0,0,0,78,195,68,34,43,0,53,0,0,27,52,0,0,0,0,0,0,233,0,33,80,42,129,0,171,50,0,107,327,200,34,0,0,0,65,0,163,0,30,31,48,0,0,0,0,0,0,198,0,0,0,33,46,0,0,0,61,34,0,51,0,0,0,0,0,59,0,0,0,42,0,0,0,0,143,55,220,0,0,466,0,0,59,0,0,178,0,0,0,0,0,0,0,0,0,98,127,0,0,0,0,159,0,31,0,0,0,0,0,0,211,0,0,0,61,165,52,41,0,61,0,0,31,0,28,154,201,0,0,0,0,228,0,39,0,0,64,114,0,0,0,0,0,0,0,0,0,0,0,244,0,0,54,0,87,44,0,176,34,0,0,0,0,0,0,0,0,112,0,0,0,0,0,184,0,0,0,0,0,0,0,0,0,0,0,0,39,0,0,0,0,0,96,0,0,0,80,0,26,31,0,0,0,0,0,0,0,0,0,0,0,66,0,0,0,0,0,0,0,69,0,0,59,0,0,0,25,0,0,0,0,0,34,90,59,0,0,0,0,0,0,22,0,42,0,0,0,0,0,0,0,0,0,39,0,0,0,0,0,0,0,0,57,0,121,0,0,0,0,29,0,99,0,0,0,0,0,30,0,0,89,0,0,32,0,0,181,0,0,0,0,0,0,0,0,0,0,0,0,0,0,0,0,0,0,0,0,0,0,0,0,0,0,0,0,0,0,0,0,0,0,0,27,0,0,47,0,0,0,0,128,118,0,278,0,0,0,0,0,0,54,0,92,0,0,0,0,0,133,0,0,25,274,0,0,0,0,181,0,0,0,0,0,25,0,0,23,0,0,0,133,0,78,0,0,135,0,0,0,0,0,0,0,0,0,0,0,49,0,63,0,0,176,0,0,0,166,23,0,0,0,0,88,0,0,0,0,0,0,42,0,0,30,77,0,0,0,0,68,11,0,0,47,0,0,0,24,0,0,0,0,0,0,0,0,53,0,210,0,0,0,0,0,0,0,0,88,172,63,0,0,0,0,0,0,99,0,0,118,0,0,45,0,0,0,0,0,0,0,0,0,0,56,0,0,0,45,0,0,0,0,0,0,0,37,0,0,0,47,30,0,40,52,24,0,0,0,0,22,0,0,0,0,37,0,0,42,0,28,0,0,50,0,0,0,0,57,0,69,0,0,0,0,0,0,0,164,0,0,59,357,0,0,85,56,0,58,56,115,0,0,0,0,39,0,0,41,0,0,0,0,0,0,0,0,30,0,0,0,57,0,50,0,0,0,0,0,69,0,0,79,103,0,0,0,0,0,47,0,71,35,0,0,0,0,232,0,0,0,0,0,29,0,89,100,0,101,39,0,0,0,0,0,0,41,0,68,0,63,125,0,0,0,0,49,0,0,0,0,0,0,20,0,0,0,124,41,0,0,0,56,0,42,0,0,0,67,0,152,0,0,0,33,0,0,0,44,0,0,55,93,0,44,0,26,0,34,0,0,0,0,0,0,0,0,0,0,0,78,0,0,69,0,0,0,63,0,0,0,0,0,0,0,0,0,0,0,0,122,109,60,0,0,0,16,60,0,46,103,0,0,0,0,0,116,0,0,0,0,0,0,0,0,0,0,92,0,69,40,0,0,160,0,340,0,0,0,46,0,119,0,0,0,51,0,0,0,0,0,0,0,0,21,245,42,0,0,0,0,0,0,0,0,96,0,0,0,0,18,0,32,0,74,62,0,0,34,0,71,90,0,0,0,0,0,0,0,0,25,19,0,0,0,0,176,0,0,16,0,0,99,64,0,53,0,0,0,11,0,50,24,25,0,47,0,46,52,0,0,0,0,0,0,0,52,51,0,63,150,34,0,56,0,0,0,0,67,0,36,0,78,0,25,25,0,32,256,0,0,0,47,0,0,0,0,39,0,39,47,37,0,26,0,0,0,0,0,0,0,39,0,0,0,32,0,40,91,38,30,0,0,23,90,0,0,52,47,0,0,0,0,69,76,0,43,30,0,0,280,0,0,258,0,0,0,0,32,0,0,0,0,135,0,0,0,0,0,0,132,0,86,0,0,0,49,28,0,255,46,63,0,0,24,21,0,90,37,60,82,0,0,44,0,125,0,125,105,0,0,0,0,0,54,74,80,157,0,0,0,0,0,0,57,0,0,0,0,134,0,0,103,0,0,0,0,38,0,0,0,33,52,89,75,0,0,210,0,0,0,0,56,123,0,0,0,0,0,0,94,0,28,138,0,67,113,72,0,0,0,0,61,67,103,0,30,0,0,77,0,0,0,0,74,0,43,0,61,0,32,0,47,0,0,53,87,0,0,0,272,0,25,0,190,0,0,0,0,0,0,178,46,0,21,391,0,0,0,0,0,87,25,0,0,0,74,0,65,49,0,119,199,58,47,53,24,0,0,0,0,35,69,38,0,166,0,196,0,0,41,0,0,0,0,0,0,0,0,30,93,0,38,40,0,0,0,0,0,0,36,0,27,72,0,65,37,0,0,0,0,0,0,85,244,0,215,51,0,0,0,0,0,38,49,0,69,133,180,49,0,76,0,41,0,49,0,0,44,0,0,0,0,0,0,423,227,0,72,77,0,35,0,0,0,0,40,66,51,0,46,62,42,55,181,0,0,122,25,0,0,71,56,55,0,0,0,0,0,46,82,0,88,0,0,0,64,0,39,0,36,50,0,197,0,0,0,49,65,0,34,0,0,256,0,116,0,24,40,0,35,62,0,0,0,0,0,45,0,0,0,0,0,0,286,0,0,86,0,0,0,0,86,0,36,0,0,64,87,194,0,80,0,0,0,0,0,65,0,0,0,0,46,29,0,68,36,0,160,0,0,121,85,0,0,0,198,0,39,60,51,0,0,0,37,112,0,39,77,0,67,66,0,0,0,0,280,0,110,0,0,38,0,52,0,0,73,0,33,54,0,0,0,63,94,164,94,0,0,82,0,0,0,0,73,0,0,40,173,0,413,0,0,0,50,0,64,73,32,207,54,0,0,0,0,67,0,116,69,118,0,88,0,0,32,0,70,70,0,0,0,37,0,0,62,0,171,43,0,0,0,0,0,0,48,0,0,0,0,36,225,0,0,346,0,0,0,0,0,139,55,0,0,54,0,0,74,0,0,107,0,0,0,0,0,0,59,0,0,0,97,51,0,0,0,0,0,0,83,0,61,0,0,0,0,17,0,0,257,0,0,0,0,52,113,128,141,0,98,0,0,0,0,0,0,0,93,0,316,45,0,0,0,95,0,0,0,29,0,103,0,40,0,0,0,0,0,0,0,0,0,0,0,0,54,30,0,37,0,0,77,0,0,22,128,0,0,0,151,0,0,0,0,29,0,0,0,83,288,31,0,0,27,0,0,0,59,178,0,45,0,0,0,0,51,207,7,0,0,0,0,0,0,0,30,0,0,47,0,0,85,0,0,0,0,118,0,0,64,0,0,37,50,203,72,99,0,60,0,0,0,0,48,239,0,0,0,160,0,0,0,0,0,42,28,0,0,0,281,47,207,0,116,69,93,44,152,0,61,46,0,85,0,61,45,0,326,34,47,0,0,0,0,209,0,0,0,542,0,0,148,0,0,0,0,0,78,204,28,0,380,14,295,61,127,0,0,154,0,0,0,65,82,96,0,0,60,72,0,123,71,0,78,0,119,73,53,0,32,0,0,47,0,0,73,0,58,39,0,0,130,24,34,0,0,0,0,110,29,0,0,62,0,0,0,0,152,105,0,0,28,0,0,45,0,0,0,0,72,0,0,0,110,0,0,0,177,268,85,68,0,0,0,0,0,45,0,80,0,0,129,0,0,19,0,98,0,203,0,0,120,0,0,0,0,0,261,78,83,0,0,0,0,34,0,0,61,58,112,124,0,134,64,162,0,44,0,0,0,0,0,0,0,44,0,0,0,177,0,81,0,0,66,0,0,0,0,0,275,0,92,0,0,0,0,53,118,40,27,75,0,26,46,201,0,30,323,128,64,31,0,39,0,0,0,41,0,0,0,50,19,0,0,0,0,0,0,0,0,72,0,43,52,0,54,0,67,106,485,62,0,0,49,26,57,0,147,0,20,126,47,24,98,206,70,140,0,0,0,77,60,0,0,64,0,0,103,66,218,34,38,0,86,0,0,0,39,0,0,158,0,308,30,0,124,0,0,0,44,0,0,0,316,0,0,27,103,0,0,121,0,0,41,0,0,0,33,54,80,499,103,0,213,0,0,0,38,0,0,46,0,0,103,0,262,0,0,64,0,62,41,28,0,188,0,159,142,0,0,54,0,30,0,388,54,0,0,48,0,0,0,0,0,0,0,60,0,100,0,0,0,0,0,65,0,0,100,0,0,0,252,0,15,0,0,0,0,37,0,117,0,51,0,179,0,53,0,0,0,45,37,0,0,0,0,16,0,0
334,0,0,0,81,74,177,105,0,101,0,404,40,50,45,218,446,297,43,48,39,350,73,131,89,233,0,0,0,79,0,54,100,0,100,290,424,0,122,578,318,113,86,19,364,0,112,95,383,25,274,0,150,240,58,212,54,0,0,67,42,187,76,479,44,58,258,98,25,0,737,0,47,61,13,407,113,52,999,63,201,40,0,209,277,96,0,0,130,74,260,105,127,67,226,89,61,0,120,50,0,54,38,156,40,43,64,71,209,87,231,123,120,241,326,90,72,221,67,0,169,70,586,51,32,52,59,0,90,36,325,42,556,0,155,165,184,239,96,86,159,150,267,386,0,34,58,0,121,124,0,92,104,0,172,220,0,220,48,136,548,90,0,166,156,88,88,43,246,238,158,244,66,104,47,70,64,72,208,109,41,232,39,59,47,114,74,711,451,0,0,0,200,103,204,55,140,87,0,170,61,115,195,0,367,52,67,64,44,159,130,150,60,113,0,216,127,70,0,21,228,169,78,48,524,20,0,257,361,60,132,46,0,44,0,0,88,86,257,51,0,105,77,82,81,0,165,0,50,0,74,51,544,119,344,101,136,10,0,107,433,516,112,79,74,0,0,758,109,638,80,28,162,505,250,110,155,27,1286,330,203,14,201,196,198,206,56,357,1979,131,115,51,213,27,0,152,0,171,63,105,63,33,131,85,0,489,553,200,0,111,107,707,325,0,0,79,88,323,117,69,75,38,0,83,607,145,68,287,0,42,573,0,64,205,137,122,0,38,0,100,0,206,43,75,291,40,0,20,143,1009,277,222,37,336,682,27,106,285,534,226,163,90,183,53,93,407,510,248,89,0,273,38,182,71,80,286,257,0,0,401,87,75,86,124,0,1390,75,133,190,47,39,38,666,40,108,0,787,93,199,373,0,85,276,27,53,69,84,0,105,66,134,0,90,51,0,43,414,157,457,201,0,200,116,55,288,81,214,0,360,39,15,35,53,51,417,0,26,125,97,338,0,35,553,139,356,202,424,29,52,0,46,0,95,0,210,0,42,67,0,37,169,0,206,186,54,109,64,75,40,0,72,49,480,141,126,106,345,648,119,189,318,61,326,195,179,0,0,124,55,248,148,43,50,159,75,90,297,117,275,81,0,152,86,730,69,162,440,208,52,0,157,47,37,31,40,31,453,69,125,231,282,60,201,283,139,0,80,145,457,38,0,43,0,0,151,137,49,0,0,238,67,182,476,33,72,0,125,0,121,237,265,114,51,101,103,90,44,50,99,104,344,564,0,163,78,437,0,0,0,105,285,193,33,0,33,35,0,317,0,0,313,319,88,0,651,0,192,767,131,0,148,841,0,161,47,33,0,185,44,46,0,0,198,127,51,199,57,228,61,70,0,59,299,402,52,0,80,128,27,102,0,0,0,71,63,0,90,0,0,190,300,51,0,69,30,43,71,154,0,0,0,0,97,0,49,189,40,86,38,42,281,37,0,86,586,0,144,86,79,260,65,51,0,0,69,100,63,136,23,79,240,108,191,17,386,57,66,76,309,0,24,0,211,45,455,0,88,78,339,0,185,0,85,0,74,0,255,0,554,0,45,65,0,134,152,0,73,79,198,82,55,321,269,0,0,0,0,60,165,71,389,132,126,2419,184,275,117,139,0,0,109,137,51,59,119,0,0,0,188,144,266,0,1071,177,0,52,0,0,144,0,0,38,0,38,125,32,0,69,0,0,0,178,39,192,0,138,0,0,0,108,89,172,0,45,0,142,0,0,102,37,238,48,117,0,0,0,228,104,162,275,0,0,91,24,0,87,0,75,98,44,156,70,41,73,350,83,327,74,73,0,68,0,224,266,0,343,0,38,0,105,170,0,356,57,62,0,110,70,0,209,315,0,35,86,0,0,70,126,0,0,0,57,481,0,255,69,0,41,37,105,197,0,76,62,20,0,455,224,63,371,46,45,0,182,38,147,0,0,53,0,0,51,29,0,88,170,0,0,0,43,0,0,141,46,80,35,0,0,0,66,65,185,40,66,192,193,571,53,47,44,235,0,0,90,0,0,82,318,352,427,0,0,104,32,62,687,160,171,137,0,167,162,0,69,46,130,102,0,72,162,79,72,64,0,0,114,135,63,375,0,46,180,0,131,0,195,43,0,24,85,124,0,176,230,79,0,181,65,829,0,64,0,0,287,108,187,0,185,91,307,0,44,0,934,105,133,0,116,49,0,88,0,0,0,79,233,668,0,814,0,377,133,0,105,49,68,0,0,14,0,100,37,146,0,0,766,0,193,466,278,81,81,0,365,60,319,1143,170,62,282,0,85,0,65,97,0,322,0,176,0,0,225,0,0,100,450,0,238,1129,140,96,38,197,286,91,0,406,152,127,0,90,0,180,65,538,0,124,101,87,192,0,420,84,0,127,182,781,125,383,0,238,173,0,296,42,74,93,102,0,0,0,50,0,0,842,0,0,56,85,72,57,0,74,122,128,0,92,189,0,0,34,60,458,20,69,36,125,26,0,113,111,339,258,96,33,0,583,51,0,356,27,146,582,48,0,0,71,170,38,414,0,0,619,139,0,0,0,168,167,0,125,20,75,0,0,31,77,419,0,77,66,0,171,209,183,0,58,94,475,169,40,107,160,252,229,130,42,46,190,56,107,22,77,0,375,0,0,0,259,58,44,81,0,0,35,347,591,0,0,155,57,560,69,0,259,79,95,54,0,0,0,0,0,0,39,0,0,160,39,0,740,36,0,126,284,38,40,69,37,98,113,0,44,0,43,0,0,28,0,192,0,0,0,0,92,73,0,0,0,0,0,240,0,72,190,0,83,0,0,0,0,0,77,57,39,0,75,0,0,118,0,49,87,0,99,0,0,0,0,78,194,340,0,37,0,0,154,90,0,69,65,54,0,0,71,70,0,50,59,0,137,48,93,65,0,0,60,44,0,0,0,301,57,0,25,99,35,75,210,147,32,0,112,0,203,59,0,276,100,76,108,46,0,1836,0,116,0,80,0,0,200,0,93,18,70,99,0,207,80,0,0,0,86,0,44,135,0,0,0,124,41,0,46,142,195,36,0,0,47,88,0,0,87,325,0,0,48,1276,315,48,158,51,68,149,253,54,0,64,0,275,54,22,0,82,0,102,44,83,126,552,0,633,276,0,269,0,0,0,0,0,224,36,69,88,43,306,25,187,0,220,0,50,56,0,34,111,126,0,0,0,0,0,118,0,97,0,0,102,22,416,177,45,112,179,86,0,384,0,0,332,0,24,111,0,0,24,227,0,0,236,23,116,34,290,0,139,33,43,0,277,197,37,30,72,87,76,95,50,0,90,0,160,36,123,169,59,0,0,0,54,0,0,0,178,36,98,86,0,109,50,0,0,220,44,129,135,0,0,0,101,25,48,40,0,0,43,0,0,0,96,52,0,38,35,55,126,0,0,0,0,0,217,0,28,0,0,101,0,166,51,48,0,0,0,0,43,0,77,0,0,98,0,0,258,165,0,0,122,0,79,0,27,74,21,0,46,0,25,0,0,0,0,0,202,0,0,113,745,0,0,132,0,0,0,71,123,0,0,69,0,101,0,0,147,0,0,457,0,44,37,0,58,64,0,0,0,72,0,89,0,0,0,0,0,0,0,0,313,421,74,0,0,94,0,54,0,160,0,47,37,0,20,244,0,0,38,0,0,0,0,0,111,70,113,66,42,52,0,0,57,56,72,0,191,0,120,54,0,68,33,32,313,30,0,60,73,107,0,40,0,0,0,351,64,59,41,0,227,28,111,37,96,0,141,0,307,0,0,0,429,0,214,51,134,0,0,141,124,0,30,0,189,0,111,0,100,35,0,33,0,0,0,114,13,50,309,0,0,419,0,0,0,95,64,0,28,0,48,0,0,0,0,0,90,58,109,145,37,120,54,0,0,39,0,0,222,0,0,63,0,43,230,0,28,45,60,0,138,0,0,0,0,200,267,140,127,0,0,139,0,722,0,0,0,55,0,157,0,37,35,51,19,0,66,0,0,0,40,0,65,232,31,0,0,0,0,0,0,75,0,500,0,107,56,0,0,0,71,0,366,125,0,0,0,0,0,0,0,40,43,49,0,70,0,39,86,0,0,104,0,0,137,0,83,0,27,0,179,323,0,134,32,47,50,0,0,145,116,93,67,94,0,105,35,0,32,29,0,45,0,0,13,112,177,67,224,49,77,0,93,0,0,0,197,0,0,0,240,74,42,67,0,60,696,0,84,95,287,0,444,57,0,0,72,87,166,0,0,134,0,35,0,0,0,0,166,31,27,0,0,187,59,43,69,215,123,0,0,118,143,0,0,177,49,0,0,17,0,59,128,69,0,0,0,0,329,29,0,95,98,0,0,21,117,98,0,145,99,296,0,41,0,25,0,0,195,0,68,134,0,99,176,92,125,311,63,0,0,40,0,211,118,141,42,0,364,0,0,0,120,161,0,291,0,0,59,0,0,108,270,137,78,276,23,0,0,22,0,62,166,0,33,86,0,36,0,64,0,0,0,0,0,0,41,35,0,156,0,166,95,0,31,447,60,0,0,0,110,369,0,93,0,41,0,0,301,0,196,139,97,87,112,48,0,45,0,0,100,130,146,0,0,31,0,182,0,162,0,0,65,0,98,0,109,0,33,27,127,27,0,0,66,20,0,68,306,0,48,0,1058,0,0,0,0,0,0,172,135,51,131,248,0,0,60,0,0,15,0,0,0,0,42,38,91,47,0,94,182,53,0,0,32,37,82,0,125,66,136,30,0,583,164,172,66,92,0,43,0,48,0,0,0,0,0,24,94,70,75,0,0,0,49,103,0,0,50,0,60,75,0,71,119,10,0,0,0,27,0,88,370,124,147,162,0,0,0,0,0,100,0,0,57,183,91,41,134,58,80,196,30,44,0,0,0,28,0,0,0,39,0,423,123,0,47,17,0,49,0,0,32,39,106,65,339,47,0,0,0,151,97,0,85,102,0,31,17,234,0,81,34,0,55,58,0,44,196,0,176,162,0,38,106,0,16,0,134,31,0,0,0,0,103,39,38,0,0,0,0,618,0,107,0,24,54,21,49,55,0,0,49,0,0,0,43,239,0,60,0,0,413,53,122,130,58,80,0,0,0,0,0,0,106,0,74,147,60,0,0,0,0,14,108,0,66,28,0,52,53,43,0,100,0,0,82,0,0,0,76,0,0,0,177,0,0,52,0,0,23,0,0,55,0,85,217,0,277,217,21,34,0,0,255,0,79,79,57,85,65,197,57,45,164,0,138,54,47,0,148,100,172,0,116,0,0,59,103,0,0,0,61,0,0,65,137,0,630,62,0,43,30,42,173,51,0,116,32,125,0,66,0,0,0,105,282,50,0,141,0,0,73,0,0,40,0,0,0,68,120,0,0,0,184,134,0,0,0,34,0,67,0,40,0,71,0,30,1595,0,0,564,39,71,39,121,23,431,73,0,242,156,0,0,87,0,0,81,0,280,60,62,0,0,32,0,26,0,381,84,0,0,0,337,0,85,47,169,186,0,0,67,43,120,24,0,209,0,59,0,34,288,141,247,146,105,290,0,0,38,0,41,67,0,41,0,616,60,0,37,0,107,131,0,73,48,76,241,0,145,0,64,0,64,42,0,51,38,42,0,0,117,106,65,0,339,38,0,132,35,0,90,225,0,59,43,168,31,45,0,142,86,76,0,0,129,802,79,0,0,101,38,68,0,68,215,0,75,93,0,38,39,81,180,48,0,0,0,23,35,45,78,83,25,0,73,0,92,73,75,116,33,33,174,0,0,63,60,61,0,43,293,145,96,84,66,0,0,56,41,87,278,0,0,0,355,68,82,44,0,0,84,70,59,0,0,446,148,292,0,196,79,136,98,220,0,52,41,0,133,101,51,41,0,597,73,83,0,16,0,0,241,0,19,0,278,0,37,304,38,71,59,188,0,140,217,65,55,1339,0,670,64,112,0,67,207,49,86,60,126,79,0,0,0,69,96,0,66,68,0,86,0,152,98,156,0,79,0,0,126,0,17,51,0,0,46,35,186,286,20,90,0,0,33,0,95,227,49,88,259,0,20,0,60,147,200,0,0,0,177,20,49,51,65,0,0,48,118,43,0,133,0,57,123,122,127,83,78,0,0,0,0,0,0,0,51,53,0,91,62,0,34,0,70,0,126,59,105,59,60,136,80,0,0,341,98,202,0,79,0,0,56,46,0,62,0,203,99,0,123,65,108,0,52,0,99,0,0,29,27,0,12,0,0,223,168,0,51,0,0,0,109,0,0,68,33,394,0,105,0,0,48,0,58,59,61,37,90,0,25,67,289,0,0,454,50,156,68,23,29,0,0,0,39,0,86,0,44,0,83,49,0,0,107,0,0,0,50,56,36,113,0,45,0,0,104,426,1349,0,131,67,0,95,0,142,0,67,130,0,0,109,157,107,68,46,0,0,65,0,0,99,175,0,91,103,0,339,45,48,42,93,0,42,0,0,38,119,83,0,641,53,0,289,0,0,37,116,0,44,0,159,0,0,79,0,0,0,101,33,0,71,0,46,0,86,153,28,504,98,0,195,0,97,0,40,0,148,48,0,0,85,0,194,0,0,0,0,54,58,0,0,128,34,154,101,69,0,0,49,0,0,82,111,0,0,66,130,0,61,0,0,0,0,0,36,126,23,0,149,0,0,117,0,64,86,43,0,0,275,0,0,0,0,0,0,0,0,75,0,53,76,252,0,45,47,0,0,70,40,0,0,115,192,0,0,0
335,0,0,0,0,0,39,0,0,0,0,0,0,0,0,60,147,88,0,0,0,43,0,0,0,0,0,0,0,0,0,0,0,0,0,42,105,0,0,88,0,0,0,0,0,0,0,0,48,0,37,0,0,0,0,0,0,0,0,0,0,0,0,174,0,0,0,0,0,0,134,0,0,0,0,0,0,0,156,0,0,0,0,0,0,0,0,0,0,0,57,0,0,0,0,0,0,0,34,0,0,0,0,0,0,0,0,0,0,0,0,0,0,49,0,0,0,0,0,0,0,0,121,0,0,0,0,0,0,0,0,0,94,0,0,0,0,0,0,0,0,0,81,99,0,0,0,0,0,0,0,0,0,0,0,90,0,0,0,0,149,0,0,0,0,0,0,0,60,0,0,52,0,0,0,0,0,0,0,0,0,125,0,0,0,0,0,52,0,0,0,0,0,0,68,0,25,0,0,0,0,0,0,0,0,0,0,0,0,0,0,0,0,0,0,0,0,28,0,0,65,76,0,0,80,0,0,51,88,0,37,0,0,0,0,0,0,0,42,0,0,0,0,0,0,0,0,0,0,0,0,0,86,44,45,0,0,0,0,0,51,56,0,0,0,0,0,0,0,62,0,0,85,55,31,0,0,0,127,0,55,0,0,0,0,23,0,0,519,0,0,0,38,0,0,31,0,0,0,0,0,0,0,0,0,35,34,0,0,0,0,0,0,0,0,0,38,0,0,0,0,0,0,0,0,0,0,118,0,0,0,0,0,0,0,0,0,0,0,0,0,0,0,32,0,0,0,0,0,387,0,0,0,62,178,0,0,0,32,37,0,56,0,0,93,0,0,91,0,0,30,0,0,0,0,0,38,0,0,0,0,0,0,0,0,0,0,0,0,0,0,47,229,0,0,0,121,0,0,0,0,0,0,0,0,54,0,0,0,0,74,0,41,0,0,0,106,18,0,0,0,0,0,0,0,36,0,0,0,0,0,0,0,0,0,0,0,0,0,47,0,0,45,0,0,0,98,0,0,0,0,0,40,0,0,0,0,0,0,0,55,0,0,40,0,0,0,0,0,0,0,0,101,0,0,0,0,75,0,0,0,0,0,220,0,0,0,38,0,0,0,0,0,50,0,0,0,29,0,0,0,0,0,576,40,0,160,0,0,0,0,0,0,0,0,0,0,44,0,0,0,0,36,0,0,0,0,0,0,0,0,0,0,0,0,0,0,0,0,0,0,0,0,0,0,0,147,0,0,65,0,0,0,0,0,0,11,0,0,0,0,0,0,0,0,0,0,0,0,0,0,0,0,0,0,0,0,0,0,0,0,121,0,0,0,0,35,0,18,0,0,0,0,0,0,0,0,29,0,0,0,0,0,0,0,0,0,47,0,0,0,0,0,0,0,0,0,0,0,0,0,0,0,0,0,0,0,0,0,0,33,0,0,0,0,0,36,0,0,0,0,0,0,0,0,171,0,0,0,0,194,0,0,49,0,0,0,38,0,0,0,0,0,0,0,0,0,0,0,0,0,0,78,0,77,0,49,0,86,0,0,0,0,0,0,0,0,0,0,0,37,0,0,0,0,0,73,0,41,0,0,69,0,0,0,0,0,0,0,62,0,81,0,0,0,0,0,0,0,0,169,0,0,182,0,0,79,0,0,0,15,0,0,0,0,0,0,20,142,0,91,0,50,93,0,0,0,0,0,0,0,0,0,0,43,0,0,0,0,0,0,0,0,0,0,0,0,0,0,0,0,0,0,0,28,120,0,0,0,0,0,0,0,0,0,0,0,0,0,94,0,0,0,0,0,0,0,33,32,0,0,0,43,0,101,0,0,0,0,0,0,0,0,97,0,296,0,0,0,55,0,0,0,0,0,0,0,0,0,0,142,0,0,0,0,0,0,0,0,0,0,0,56,0,0,0,0,0,0,0,0,0,0,0,0,0,50,0,0,88,0,0,0,0,0,0,0,0,0,0,0,0,0,0,0,0,0,0,0,49,0,0,91,0,0,0,0,0,0,0,0,0,0,0,25,0,0,0,0,0,0,39,0,0,0,0,0,107,72,168,0,28,0,0,0,111,30,0,0,0,0,31,0,0,0,0,0,0,0,0,0,0,0,0,0,0,100,0,0,0,0,0,0,87,0,0,0,44,0,0,0,0,0,153,0,0,0,0,44,0,53,76,63,0,50,0,0,0,0,162,0,0,0,30,108,0,0,154,0,0,0,35,0,0,0,27,217,0,540,0,169,130,0,0,0,0,0,0,0,0,39,0,83,0,0,66,0,19,0,0,10,0,0,27,0,28,292,33,0,24,0,0,0,0,0,0,416,75,0,0,0,128,0,0,0,0,0,0,451,30,53,0,99,0,0,0,0,55,0,0,0,0,135,0,0,0,0,61,0,51,0,110,0,0,34,70,186,33,148,0,0,61,0,213,0,0,0,48,0,62,0,83,0,0,154,0,0,0,0,0,0,287,0,0,0,76,0,0,0,0,80,0,0,0,0,29,0,0,0,0,0,72,0,0,0,46,526,0,0,0,0,0,0,0,0,0,0,0,50,62,0,0,0,98,0,0,0,0,114,0,35,0,0,0,54,0,0,80,25,0,0,0,57,104,0,0,19,0,0,0,0,0,47,91,46,0,145,0,59,0,0,0,0,0,173,0,55,37,67,0,0,0,0,0,0,107,65,48,0,125,0,98,43,0,54,54,0,0,0,0,0,0,0,0,32,0,0,0,0,0,266,0,0,90,111,0,0,0,0,40,0,0,0,0,0,0,75,0,0,39,0,0,0,120,0,22,81,0,0,51,0,0,0,0,67,0,0,0,0,0,0,0,0,0,0,0,36,0,0,0,26,0,0,0,30,0,0,0,0,44,160,70,0,0,0,0,65,0,58,0,69,0,0,0,29,0,0,0,0,0,0,0,0,0,0,0,32,0,0,0,0,144,0,0,0,0,0,63,57,24,0,0,0,0,0,0,0,111,22,0,129,0,0,989,0,82,0,0,0,0,0,0,0,0,0,0,0,0,196,0,0,0,35,0,0,103,0,33,0,27,0,37,0,0,0,0,33,0,0,0,0,35,0,99,0,0,0,166,147,0,100,0,0,0,0,0,23,67,0,0,16,0,0,0,0,46,0,34,31,166,0,378,117,0,213,0,0,0,0,0,148,0,0,0,98,192,0,177,0,119,0,0,53,0,0,24,71,0,49,77,0,0,0,0,0,0,0,0,0,228,0,0,0,97,0,0,133,0,0,0,0,0,83,0,0,0,49,0,0,145,0,0,0,0,0,0,0,0,0,152,0,0,0,0,47,0,0,0,0,35,0,0,0,0,69,0,80,0,0,64,0,0,0,142,0,81,0,0,0,0,0,63,0,0,0,56,0,0,0,121,0,30,23,0,0,27,0,0,100,0,35,0,0,0,0,104,0,0,60,0,41,0,0,0,0,68,0,0,41,62,0,0,0,0,0,120,0,37,0,65,0,0,0,35,87,22,0,219,0,61,0,0,0,371,0,47,0,63,0,103,0,0,0,89,38,0,97,0,0,0,40,0,0,0,32,159,0,60,0,72,0,0,0,57,0,0,119,0,44,0,0,0,0,0,0,48,69,0,183,0,0,0,0,0,46,0,0,0,114,0,0,0,13,0,53,0,0,0,0,0,30,0,215,0,45,0,0,0,34,0,193,158,60,0,0,0,55,0,28,0,87,0,84,0,0,0,0,67,0,35,0,203,0,0,0,0,129,0,0,0,0,0,47,0,0,0,0,50,0,0,0,62,0,0,0,0,0,0,0,115,0,110,52,0,0,0,0,103,0,0,37,0,0,0,65,0,53,0,42,0,0,0,0,0,56,91,0,0,250,0,0,0,89,127,0,21,34,121,0,0,0,0,0,56,76,101,601,70,0,45,0,0,53,0,0,94,0,0,0,0,0,0,0,0,35,135,0,157,0,0,0,0,44,0,0,0,0,0,58,0,94,0,0,0,44,0,0,0,50,44,36,0,0,0,0,0,0,100,0,0,77,0,0,0,0,0,34,49,0,0,275,0,0,103,0,0,0,0,0,132,48,0,0,0,0,52,0,0,0,96,31,0,0,0,0,0,0,0,0,0,0,0,0,0,0,0,0,225,131,0,119,0,0,0,0,0,34,70,0,27,0,0,27,0,0,0,0,0,0,0,0,0,41,0,36,70,0,0,0,37,0,0,0,0,0,69,0,98,0,37,0,0,0,143,0,0,0,74,0,0,33,0,0,0,0,55,0,0,75,0,29,0,0,0,0,66,0,0,0,0,0,0,0,42,103,31,0,0,32,0,0,0,42,0,0,0,0,0,0,0,0,0,0,0,0,171,13,0,30,0,0,0,0,42,0,0,0,40,159,0,58,0,0,0,0,54,0,56,0,0,0,89,0,0,109,0,0,0,0,0,70,124,73,0,0,92,0,0,0,26,32,0,100,0,0,0,0,0,0,48,69,47,95,0,0,0,0,0,0,77,0,0,0,0,0,0,0,139,26,0,0,0,0,32,24,0,56,36,89,0,0,0,95,0,0,0,0,101,349,0,0,0,37,0,0,76,0,67,61,0,26,56,0,0,0,0,0,0,55,49,0,0,0,0,41,0,0,0,0,0,0,46,0,41,0,34,0,35,0,0,0,125,0,0,0,67,0,46,0,253,0,0,0,0,0,0,60,0,0,0,103,0,0,0,0,0,64,19,0,0,0,0,0,69,76,0,47,342,46,0,0,0,0,0,0,115,57,65,38,0,192,0,159,0,0,0,0,45,0,0,0,0,0,0,67,47,67,60,50,0,0,50,61,0,0,71,0,0,74,0,0,0,0,0,0,0,0,0,0,81,207,348,0,0,0,0,0,0,68,0,0,116,78,203,70,120,0,0,130,0,66,0,0,0,0,0,0,38,40,0,423,127,0,0,103,29,0,0,0,42,0,75,55,93,60,0,50,48,170,0,0,0,103,0,45,0,0,0,68,0,0,0,0,0,73,0,0,165,0,0,0,153,0,34,0,0,0,0,42,0,0,107,50,0,0,54,0,0,436,0,122,0,0,35,0,70,96,0,16,0,0,0,0,0,0,21,0,0,0,288,0,0,292,25,0,0,0,0,0,0,0,0,48,54,174,0,31,0,0,42,0,0,0,53,0,0,0,31,0,0,105,0,0,277,0,0,60,43,0,0,40,125,0,27,0,71,0,0,0,0,77,0,122,60,0,0,100,0,0,0,26,280,0,55,105,0,106,0,175,0,0,0,0,0,101,0,0,0,123,130,48,34,0,0,41,0,0,0,0,42,0,0,38,166,0,487,0,0,0,55,0,59,90,0,180,0,0,0,0,0,50,0,81,140,39,0,244,0,0,74,56,33,0,0,0,0,0,0,42,42,0,257,53,0,0,0,0,0,85,50,0,21,0,0,0,267,0,20,404,0,0,0,146,0,143,99,0,0,45,0,0,63,11,0,193,0,359,98,0,0,0,19,0,0,0,359,36,0,0,0,210,0,90,0,70,112,0,0,0,0,0,0,0,371,0,0,0,46,144,58,216,0,34,234,0,0,0,0,0,0,32,125,0,88,126,0,0,0,47,62,0,74,0,0,244,119,45,0,0,40,0,0,0,0,0,0,0,0,153,43,0,0,311,0,0,55,0,0,0,98,0,80,0,92,0,0,0,26,29,80,0,0,156,302,0,0,0,0,0,0,0,49,187,0,64,63,0,55,33,56,126,39,0,0,0,0,39,0,58,0,0,0,25,0,0,0,56,148,0,24,95,0,0,90,0,66,39,0,0,98,102,0,56,0,24,75,73,0,212,76,0,0,128,0,0,72,0,50,0,0,0,0,0,391,49,256,83,64,75,61,126,177,0,48,0,0,148,20,31,0,0,645,0,0,0,0,0,0,196,0,0,0,538,0,38,103,101,38,0,95,0,99,59,0,0,324,26,174,61,58,35,0,264,18,72,34,0,0,74,0,10,34,76,0,94,64,0,85,0,75,62,79,0,83,0,0,0,0,0,27,0,74,46,30,122,223,0,62,0,0,0,0,63,298,0,0,23,0,0,0,52,47,164,0,0,0,74,0,0,46,0,0,0,0,54,28,0,41,0,0,89,53,70,82,43,0,0,0,0,0,123,0,0,0,0,0,114,0,26,0,0,0,64,35,103,44,60,28,0,0,0,0,87,117,0,56,0,0,0,0,0,20,0,227,279,0,0,157,52,0,0,0,0,42,0,21,0,43,0,0,0,226,259,23,0,0,0,0,82,0,0,24,0,0,101,49,0,0,0,30,0,0,67,0,88,0,57,83,372,0,0,584,0,0,0,0,28,0,0,0,28,0,50,0,0,0,0,0,0,28,37,0,32,0,0,49,0,106,0,0,0,0,0,0,508,0,90,0,74,117,0,0,0,80,47,36,51,24,44,0,170,42,0,0,41,0,0,112,69,0,31,41,22,41,0,63,0,57,0,0,0,0,0,50,107,0,1369,114,0,177,0,0,0,0,0,0,47,193,0,0,0,68,0,0,60,0,0,0,0,73,0,40,0,42,71,65,0,0,0,55,0,190,0,93,0,0,0,0,0,73,0,0,0,0,0,0,0,0,251,30,145,0,45,0,0,0,0,0,162,290,0,0,0,40,0,36,0,0,0,0,21,0,46,0,0,71,0,0,149,44,0,251,0,47,0,259,0,0,0,0,0,0,0,0,67,0,0,95,243,0,0,0,0,0,0,0,0,0,0,245,0,0,40
336,0,0,0,0,0,0,0,0,0,0,0,0,0,0,0,0,72,0,0,0,0,0,0,0,0,0,0,0,0,0,0,0,0,0,34,0,0,0,0,0,0,0,0,0,0,0,0,0,0,41,0,0,63,0,0,0,0,0,0,0,0,0,0,0,0,0,0,0,0,99,0,0,0,0,0,0,0,0,0,0,0,0,0,0,0,0,0,0,0,0,0,0,0,0,0,0,0,0,0,0,0,0,0,0,0,0,0,0,0,0,0,0,0,0,0,0,0,0,0,0,0,0,0,0,0,0,0,0,0,0,0,0,0,0,0,0,0,0,0,0,0,0,140,0,0,0,0,0,0,0,0,0,0,56,0,0,0,0,0,0,0,0,0,0,0,0,0,0,0,0,0,0,0,0,0,0,0,0,0,0,0,0,0,0,0,0,43,0,0,0,0,0,0,0,0,47,0,0,0,0,0,33,0,39,0,0,0,0,0,0,0,0,0,0,0,0,0,0,0,57,0,0,0,0,0,0,0,0,0,0,0,0,0,0,0,0,0,0,0,0,0,0,0,0,0,0,0,0,0,0,0,0,0,0,0,0,0,0,0,51,0,0,0,0,0,0,0,0,0,0,0,0,0,0,0,0,0,98,0,0,0,0,0,0,0,0,0,0,0,0,0,0,0,0,0,0,0,0,0,0,0,0,0,0,0,48,54,0,0,0,0,0,0,0,0,0,0,0,0,0,0,0,0,0,0,0,97,0,0,0,0,0,0,0,0,0,0,0,0,0,0,0,34,0,0,0,0,0,100,69,0,0,36,0,0,0,0,80,0,0,30,0,0,39,0,135,0,0,0,46,0,0,0,0,0,0,0,0,0,0,0,27,0,0,0,0,0,0,0,0,0,137,0,0,0,334,0,0,0,0,0,0,0,0,0,0,0,0,0,0,0,0,0,0,0,52,62,0,0,0,0,0,0,0,0,0,0,27,0,0,0,0,0,0,0,0,0,0,0,0,0,0,0,0,0,137,0,0,0,0,0,87,0,0,0,0,0,0,0,0,0,49,0,0,0,0,0,0,0,0,0,178,0,0,0,0,0,0,0,0,0,0,110,36,0,0,0,0,55,0,0,0,0,0,0,0,0,0,0,0,0,0,154,0,0,146,0,0,0,0,0,0,0,0,0,0,0,0,0,0,0,0,37,0,0,0,0,0,0,0,0,0,0,0,0,0,0,0,0,0,29,0,0,0,0,73,0,0,0,0,0,0,17,0,0,0,0,0,0,0,0,0,0,0,69,0,0,0,0,53,0,0,0,0,0,0,63,0,0,0,0,51,0,0,0,212,0,0,0,0,117,0,0,0,0,0,0,0,0,0,0,0,0,0,0,0,0,0,0,0,0,0,0,0,0,0,0,0,0,0,0,0,0,0,0,0,27,0,0,13,0,0,0,0,0,0,0,0,0,0,0,11,0,0,140,0,0,0,0,88,0,0,60,119,0,0,0,0,42,0,0,0,0,0,0,44,46,0,0,147,0,85,0,87,0,38,0,0,0,0,0,0,63,0,0,0,0,0,0,0,0,0,0,0,0,0,0,83,0,0,23,0,0,0,0,26,0,0,0,0,176,0,0,0,0,0,0,0,42,105,0,0,62,0,0,0,27,0,0,0,61,0,0,0,0,0,0,177,58,0,0,87,117,0,0,0,0,84,0,0,0,0,0,0,0,0,0,0,0,0,44,0,0,0,0,0,33,0,0,27,0,0,0,0,110,0,0,0,0,34,0,0,0,0,0,56,0,0,180,0,0,0,0,0,0,0,0,26,0,0,0,0,0,202,0,0,0,80,0,0,0,29,0,0,100,0,0,0,0,79,0,168,0,0,0,0,0,0,0,266,0,0,0,0,0,0,0,0,0,0,0,0,0,72,0,0,21,0,0,98,0,0,0,0,0,329,0,0,88,0,0,0,0,0,33,0,0,0,0,0,32,0,0,36,0,0,0,0,0,52,0,119,0,0,40,0,0,0,0,0,45,0,0,0,0,187,0,0,49,0,93,0,0,0,0,0,156,151,79,0,0,0,0,0,369,0,0,0,0,0,53,0,0,0,30,0,0,0,0,0,0,0,0,0,0,0,0,42,0,0,0,0,0,0,69,0,0,0,0,79,0,0,134,0,0,44,0,54,0,45,0,22,45,50,0,0,54,0,206,0,0,0,124,0,0,0,61,27,0,0,66,0,0,0,0,115,0,447,0,123,106,0,0,0,0,0,0,0,0,0,0,126,0,0,154,0,0,139,80,0,0,0,73,0,42,146,170,29,71,0,0,0,0,0,0,117,103,0,0,0,82,0,0,29,0,0,32,273,0,0,0,0,0,0,0,44,85,76,0,0,0,59,0,82,0,0,81,0,66,0,202,0,30,43,212,33,0,0,0,29,0,0,153,0,0,26,0,0,0,0,92,0,0,0,0,0,0,0,0,43,0,0,104,0,0,0,31,0,0,35,0,61,0,0,0,0,17,0,0,0,126,0,120,0,0,209,61,0,54,0,0,33,32,0,0,0,52,0,27,0,0,78,29,0,0,0,90,96,0,0,0,0,0,0,0,0,66,28,0,56,43,68,40,32,0,23,0,0,0,0,0,157,73,109,0,63,0,158,0,0,0,0,0,59,0,79,86,43,0,0,0,0,0,0,87,83,0,0,134,0,128,0,0,72,37,0,0,0,0,0,0,0,0,0,0,0,0,0,0,227,0,0,65,88,0,0,0,0,108,0,0,0,0,0,0,79,0,0,33,0,0,0,214,0,0,78,0,0,41,0,13,0,0,0,0,0,0,37,0,0,0,0,0,0,0,0,0,0,0,0,0,0,0,55,0,0,0,0,0,102,164,0,0,0,0,158,0,48,0,40,0,0,0,0,0,0,0,0,0,46,0,0,32,0,0,50,0,0,60,0,64,0,0,0,52,0,0,36,67,0,0,0,0,0,26,0,114,0,0,68,0,0,608,0,0,0,0,0,0,115,0,0,37,0,0,0,0,123,0,0,0,82,0,0,78,0,42,0,29,0,55,0,51,47,0,0,0,0,0,0,0,0,178,0,0,0,398,272,0,203,0,0,0,69,0,0,99,0,103,0,0,0,0,0,129,0,0,78,69,0,238,91,0,214,0,0,0,0,0,72,0,0,0,60,84,0,83,0,205,0,0,54,0,0,0,70,0,28,102,0,0,0,86,0,0,39,0,0,283,51,0,33,75,0,0,98,0,0,0,0,0,47,0,0,0,69,0,0,132,0,0,0,80,0,0,0,0,0,139,0,0,0,0,0,0,0,0,18,35,0,47,41,24,117,0,88,0,0,85,0,0,0,58,83,79,0,0,0,0,0,78,0,0,44,74,0,0,0,0,0,0,71,0,0,0,0,0,0,0,0,0,0,0,0,0,0,26,0,0,0,72,0,0,0,61,0,0,0,62,28,0,27,0,0,79,0,126,0,129,0,0,0,0,71,0,0,54,97,64,0,0,0,43,0,199,0,0,0,68,0,0,53,91,55,0,114,489,0,0,0,72,0,30,149,0,0,39,0,0,72,0,0,0,0,0,234,0,34,0,0,0,0,21,0,0,0,0,115,0,0,0,0,0,0,0,0,0,40,0,0,0,0,0,0,0,117,72,0,0,0,0,192,0,0,74,0,0,62,0,13,179,0,68,0,0,0,0,0,0,53,76,54,89,0,86,288,70,0,0,0,88,0,0,0,0,169,0,0,9,0,0,43,0,32,0,0,139,0,0,0,105,0,0,0,34,0,0,0,237,0,462,0,0,30,24,0,54,0,113,0,0,0,0,53,0,89,0,0,0,0,31,0,0,49,0,0,0,199,0,0,0,100,31,41,40,0,0,0,0,0,0,0,48,0,174,209,0,0,0,0,33,0,0,0,76,0,0,29,0,0,0,0,0,0,68,0,62,0,0,27,0,0,0,102,0,16,25,314,0,116,0,0,0,0,0,54,0,43,0,87,0,0,0,0,46,0,0,0,0,179,62,0,0,0,0,0,0,42,0,421,0,0,61,0,31,61,0,0,0,39,0,65,0,0,52,36,0,0,0,0,33,0,0,0,63,0,0,75,0,0,0,0,0,0,31,0,136,72,0,61,0,0,0,0,0,116,99,0,44,0,0,0,0,0,0,0,0,0,0,0,40,36,87,60,18,41,0,52,39,0,0,0,82,0,0,38,174,41,0,0,0,0,475,41,0,0,69,0,168,0,0,0,0,0,0,39,0,40,39,0,0,0,0,0,61,0,0,0,0,40,27,48,54,44,74,0,0,0,0,0,0,34,0,0,0,37,0,0,0,0,0,0,0,0,231,0,0,317,50,0,0,0,19,0,0,0,57,90,0,0,0,0,0,0,0,0,82,0,32,34,0,0,58,91,0,0,0,0,0,0,62,48,0,54,40,0,0,0,58,46,0,103,0,0,0,0,0,0,70,97,136,0,0,0,0,0,0,0,0,0,0,0,0,41,0,0,64,0,0,0,0,0,71,0,0,82,0,69,60,0,0,79,36,0,0,0,28,249,0,0,0,0,0,0,64,0,95,140,0,0,0,19,0,0,0,0,0,0,72,0,0,0,0,0,17,65,0,0,0,0,92,0,64,0,0,0,0,0,0,0,45,0,0,0,160,0,0,0,511,0,0,0,0,0,0,174,55,33,42,404,0,0,0,0,0,113,16,0,0,0,0,0,0,0,0,0,257,40,0,0,0,0,0,0,42,0,0,0,0,146,41,129,0,24,43,0,0,0,0,32,0,0,34,0,60,100,54,0,0,0,24,130,0,0,46,0,70,0,0,69,68,0,0,0,0,0,53,0,253,57,262,0,0,0,0,0,0,40,0,0,83,96,0,0,29,0,0,109,22,0,0,0,16,0,0,0,0,0,0,262,230,0,0,0,0,0,0,0,0,0,150,0,38,0,0,0,0,0,22,0,31,61,0,41,0,76,12,46,18,0,56,0,0,55,89,36,0,52,0,27,99,0,0,0,45,54,0,61,0,0,103,91,0,0,0,0,0,333,0,0,39,0,0,0,0,0,0,0,0,0,0,0,0,84,0,0,0,0,111,0,28,0,0,0,0,0,0,0,0,0,0,54,0,0,0,0,0,0,0,0,0,0,72,0,0,0,0,42,0,108,0,0,101,0,0,0,76,0,0,0,38,0,0,0,76,0,0,0,0,72,0,0,0,0,86,226,0,0,0,0,127,0,42,0,0,16,0,106,0,0,70,0,0,58,0,44,0,84,60,44,0,0,0,0,31,0,0,0,46,0,0,0,138,0,424,0,0,0,0,0,85,0,37,61,0,0,0,0,0,0,0,154,261,57,0,0,0,0,0,0,50,0,0,0,0,59,0,51,36,0,198,68,0,0,0,0,0,40,0,0,31,0,0,0,336,0,0,163,0,54,0,53,12,38,41,0,71,31,0,0,133,0,0,135,0,237,70,0,0,0,0,0,0,0,42,0,0,0,0,92,0,56,0,80,145,0,0,0,0,47,19,0,260,0,21,0,0,286,32,104,106,80,120,0,0,0,17,44,39,0,0,0,359,139,0,0,0,63,0,0,45,0,41,125,42,86,38,0,0,61,49,0,0,0,0,0,20,43,0,59,0,81,0,0,107,0,0,89,181,0,55,25,126,51,0,0,0,0,41,0,0,131,577,0,0,0,0,0,0,19,0,122,0,35,143,0,0,0,0,206,0,0,0,0,0,0,0,0,0,0,0,41,0,0,55,46,75,0,0,48,0,33,0,0,0,0,0,273,66,48,0,39,0,0,82,0,36,0,78,0,0,93,18,0,0,0,67,0,45,0,27,0,347,0,140,0,193,141,92,69,106,0,76,26,0,59,0,65,0,0,418,37,54,0,0,0,0,311,0,0,0,296,0,0,204,0,15,84,62,0,149,200,38,0,190,0,139,0,143,0,49,103,0,35,48,82,0,32,0,0,68,47,0,57,124,0,0,0,92,93,243,0,56,51,0,49,0,0,36,22,21,40,0,134,191,28,0,0,0,62,0,0,93,0,34,38,0,0,0,55,105,221,0,0,0,137,0,0,0,153,0,0,0,0,0,0,44,22,0,34,39,0,82,29,0,0,0,0,0,107,0,0,0,0,0,56,0,0,0,132,0,37,35,0,52,27,0,0,0,0,286,52,163,0,156,0,0,31,0,0,0,75,101,0,0,48,0,35,0,0,0,0,0,24,0,0,0,0,0,0,49,161,0,20,0,0,95,41,0,0,0,0,254,45,34,0,0,0,66,0,0,43,0,77,0,45,0,105,0,0,300,0,0,0,0,54,42,0,0,211,0,0,0,0,0,0,0,0,0,0,0,0,0,50,0,0,96,0,0,0,39,63,35,85,0,17,33,71,104,22,106,0,187,0,79,0,61,108,0,121,0,38,0,44,45,0,53,133,0,0,52,102,120,0,61,0,58,0,0,0,0,0,87,0,0,412,61,0,324,0,0,56,0,0,0,54,51,0,0,0,0,0,0,69,18,0,0,0,36,0,68,0,82,94,0,0,170,0,211,0,69,0,0,58,0,0,83,51,126,0,0,78,0,92,189,0,0,182,84,260,276,0,0,0,0,0,0,519,99,0,0,0,75,0,0,0,0,0,0,61,0,0,0,0,0,0,0,136,92,0,0,0,43,0,243,0,0,0,0,0,0,0,43,118,0,37,51,151,49,91,0,0,0,62,41,0,0,0,206,34,0,44
337,0,0,0,36,0,81,40,0,0,0,116,0,0,0,79,222,96,0,0,0,23,0,0,59,0,0,0,82,0,0,0,59,0,0,97,70,0,0,232,126,48,0,0,211,0,57,37,57,0,103,0,0,82,19,57,0,0,0,0,0,99,0,138,0,67,80,0,26,0,258,0,51,0,0,288,80,0,266,46,76,0,0,122,250,46,0,0,43,0,74,23,36,0,52,0,46,0,50,0,0,0,0,83,13,0,29,46,125,48,0,0,49,0,60,86,0,184,44,0,215,0,0,0,0,0,0,0,99,0,130,0,0,0,81,53,0,61,0,41,0,57,91,276,0,0,0,51,46,99,0,0,110,30,0,90,0,119,0,220,155,0,0,32,39,47,0,28,0,240,0,0,21,0,0,60,27,52,0,0,0,152,0,0,0,0,79,194,116,0,0,0,0,0,54,22,44,0,0,70,0,0,0,0,112,0,0,0,0,114,128,0,0,36,0,142,0,0,0,26,40,0,0,15,23,0,0,95,183,0,0,0,0,34,0,0,25,0,35,34,0,83,0,0,0,0,89,0,0,0,0,0,38,0,48,0,18,0,33,0,173,89,90,0,38,0,0,135,34,263,0,0,65,44,49,0,49,0,333,55,48,0,51,228,57,44,41,382,309,0,46,41,60,0,0,46,0,65,118,57,0,0,33,0,0,183,45,103,0,75,45,121,78,0,0,55,75,73,0,0,0,32,0,0,217,47,0,0,0,0,64,0,0,0,0,50,0,0,0,0,0,0,0,46,28,0,0,33,69,695,89,0,0,39,109,0,70,66,138,0,0,0,33,0,50,51,201,37,0,0,14,0,66,0,63,29,0,0,0,104,0,0,0,23,40,569,40,50,28,0,0,0,166,0,32,0,449,0,46,0,0,0,55,0,0,75,0,0,0,0,56,0,0,0,0,0,54,61,0,151,0,40,0,0,62,19,0,38,0,0,0,0,0,0,115,0,0,0,0,0,0,0,182,96,81,50,241,73,0,43,0,0,141,0,38,0,56,0,0,0,60,0,81,97,0,0,0,62,0,0,0,0,245,0,0,0,0,0,145,0,72,0,0,0,0,0,0,0,59,93,171,0,0,111,0,79,107,124,106,0,0,106,0,73,0,0,37,0,81,0,0,0,0,0,0,0,119,0,0,64,79,0,34,74,49,0,0,34,68,0,31,0,0,0,0,0,0,0,0,65,0,0,53,0,0,0,0,0,60,76,175,40,0,49,0,0,0,49,22,0,55,84,0,0,82,67,0,0,0,0,0,61,0,0,0,0,0,0,0,0,86,39,86,0,94,0,184,229,26,0,54,203,0,0,0,0,0,0,0,28,34,0,0,0,0,39,53,74,0,38,0,0,0,88,0,0,0,81,0,39,0,0,0,0,46,0,45,0,0,0,79,0,0,0,0,0,78,62,0,0,0,0,101,0,0,172,0,28,0,157,88,0,0,55,530,0,38,0,0,52,65,65,0,0,0,142,0,45,0,0,184,0,0,0,72,0,0,0,47,0,0,0,48,61,49,0,0,0,0,0,0,0,52,0,0,0,58,0,0,0,0,77,0,85,69,0,0,0,0,0,0,199,156,0,0,0,0,0,0,49,37,0,0,523,212,62,69,0,0,0,0,61,0,0,84,0,0,0,162,0,75,0,627,30,0,33,0,0,86,0,0,0,42,0,0,0,0,35,0,0,0,117,0,0,0,74,0,0,0,97,73,45,32,0,0,173,0,0,0,0,60,0,81,0,0,0,94,61,0,295,0,0,0,0,0,0,0,0,0,0,24,37,19,0,234,0,0,0,113,0,0,0,110,63,0,124,0,0,0,0,116,0,210,0,44,0,0,0,0,129,327,0,0,0,0,0,0,94,0,0,0,0,206,0,150,0,0,46,0,0,125,0,80,0,0,0,338,0,0,146,0,0,39,49,0,65,19,0,0,0,0,0,0,0,172,70,0,0,0,0,67,35,66,0,0,56,0,70,0,0,62,95,23,0,74,0,176,0,0,42,0,129,0,0,0,0,0,0,0,0,193,0,0,0,33,283,0,0,0,0,101,0,58,0,0,100,161,0,0,49,17,0,0,0,0,0,0,0,48,0,0,83,0,0,0,115,0,0,20,0,49,0,34,0,0,0,34,0,172,0,0,0,34,20,93,69,19,146,0,598,39,32,0,83,97,0,0,358,0,0,64,169,34,0,0,42,0,0,62,0,65,0,0,57,42,0,0,0,0,90,0,0,82,0,0,41,90,0,190,165,40,0,0,28,0,187,183,100,120,44,0,0,79,0,0,0,276,69,20,0,0,0,65,0,0,104,0,112,786,0,29,0,97,53,56,77,115,269,0,0,126,0,0,0,314,0,145,103,0,0,0,199,0,41,0,110,90,204,210,0,135,0,0,148,0,0,0,0,0,0,0,71,0,84,547,0,0,27,35,0,26,43,36,67,77,0,0,0,0,0,70,44,71,0,0,0,100,49,0,0,54,0,31,135,0,55,457,0,0,68,0,0,0,0,0,0,0,34,38,171,0,0,58,471,0,0,0,72,68,0,0,0,0,0,34,31,49,0,0,0,0,47,0,0,270,0,0,0,86,0,0,56,70,0,90,66,93,0,65,0,0,0,0,0,0,0,54,38,62,26,85,0,0,0,90,74,232,32,36,0,0,60,0,0,133,58,0,37,0,18,0,0,0,0,172,0,0,36,0,0,0,0,0,50,81,0,0,37,0,85,0,0,0,58,0,0,0,0,0,0,0,0,0,50,77,43,24,0,0,22,0,48,0,0,0,0,0,0,69,0,0,0,0,0,53,0,40,0,0,25,0,0,0,0,0,0,0,0,0,68,138,175,0,0,0,0,211,0,0,0,41,36,0,0,0,0,0,0,44,0,29,0,0,86,0,0,0,0,0,97,0,101,0,0,0,104,0,33,0,145,0,0,100,0,54,0,0,125,57,0,96,0,0,1198,0,95,0,62,0,0,275,0,0,24,0,48,0,33,0,0,0,0,57,0,0,158,0,0,0,32,0,41,0,78,77,0,0,0,41,0,0,0,0,121,0,0,0,440,301,0,221,0,0,50,85,0,0,0,0,131,0,0,65,57,0,237,0,42,0,227,0,162,87,0,28,0,0,0,0,0,157,44,23,39,28,0,43,121,0,179,0,48,96,0,0,38,0,0,48,0,0,41,0,0,36,0,70,43,0,351,112,44,57,130,0,0,79,0,0,124,0,0,134,0,0,0,66,0,0,86,48,0,0,106,43,0,43,0,0,68,97,0,0,20,0,0,0,0,54,0,0,35,94,90,167,0,0,0,0,158,0,23,0,352,173,66,0,0,0,0,0,0,84,0,0,221,0,0,0,0,0,0,0,0,0,0,0,0,67,0,0,0,0,24,0,157,0,0,39,0,0,0,0,0,0,0,0,0,102,0,0,0,0,0,0,0,0,0,0,63,0,0,0,117,0,57,0,49,0,0,0,0,59,79,0,0,0,14,0,0,0,0,0,90,35,0,45,374,0,0,0,40,0,0,0,0,0,0,0,54,19,0,0,183,0,0,0,0,48,0,0,54,0,0,0,0,0,0,93,0,0,0,0,0,35,0,0,160,88,0,0,0,0,0,0,0,76,0,0,0,0,0,41,0,0,0,0,0,0,0,0,0,0,0,0,0,49,0,0,0,0,0,0,55,0,73,114,0,0,0,0,205,0,0,38,0,85,0,0,0,0,0,0,0,0,0,0,0,44,0,0,41,0,40,0,0,0,0,0,94,0,165,17,32,0,0,100,0,0,0,0,65,0,65,0,0,0,0,0,0,0,0,0,0,0,236,0,0,216,0,0,0,0,31,0,0,43,0,0,0,0,0,0,96,67,55,314,54,0,0,0,0,45,0,70,75,0,0,0,0,0,63,0,0,0,106,0,137,0,0,0,0,51,125,82,0,40,0,0,22,152,0,0,0,0,0,0,0,21,0,0,0,0,0,0,0,0,38,0,0,127,0,42,0,0,0,0,0,0,0,82,0,0,0,0,0,0,19,0,155,0,0,0,0,0,0,33,26,0,98,0,35,0,0,50,0,0,8,99,0,0,334,0,41,0,0,0,157,0,0,73,36,29,0,0,0,131,0,0,0,0,0,0,0,0,0,0,0,48,0,0,0,0,0,126,108,0,0,0,26,0,0,0,0,0,0,51,298,0,34,0,0,0,193,0,0,0,99,0,270,108,0,0,0,0,44,0,0,0,0,0,0,33,0,0,50,99,0,0,0,64,0,33,109,0,0,0,0,0,165,0,0,0,71,0,0,49,39,162,0,0,57,0,0,0,649,0,50,39,0,0,0,17,0,0,0,0,41,67,0,77,18,38,0,0,153,0,107,0,0,0,65,0,57,239,51,0,0,29,0,82,94,31,56,55,165,0,0,57,59,75,0,81,87,0,0,0,0,0,112,107,184,208,0,0,37,0,0,0,16,0,0,0,0,88,0,0,59,0,0,0,0,33,108,22,0,125,0,177,92,0,43,108,0,0,0,17,293,479,0,0,0,0,0,0,0,48,0,195,0,93,183,59,14,0,0,0,145,42,231,0,0,0,64,73,105,99,0,0,55,0,130,0,67,0,51,0,0,0,0,86,47,0,0,0,0,59,0,0,706,0,23,0,0,0,0,195,0,0,0,508,0,0,0,0,0,0,103,0,0,0,0,28,67,0,0,51,133,0,71,0,22,0,0,37,98,0,122,0,0,35,21,28,0,0,0,47,0,0,0,0,0,55,0,0,0,0,58,0,0,0,73,207,0,0,30,0,0,58,0,0,100,0,0,0,0,0,32,49,0,128,152,0,0,0,0,0,0,0,0,0,0,0,129,0,153,22,25,49,0,0,0,0,0,0,0,0,0,49,0,89,0,0,40,93,0,41,0,0,0,0,210,45,71,39,0,27,0,19,56,0,70,0,0,0,0,0,0,59,0,0,0,0,0,36,0,0,230,0,0,0,0,0,0,0,0,0,0,0,0,0,88,0,0,0,72,0,0,318,0,0,0,0,0,26,0,0,0,0,0,0,0,0,0,0,0,0,0,0,40,0,0,0,0,36,0,14,0,0,0,0,28,81,0,115,0,47,0,0,0,0,0,0,0,0,0,0,24,0,0,0,0,0,100,0,0,34,0,0,0,0,0,0,0,0,0,0,0,0,0,0,0,0,45,0,33,266,0,0,0,0,72,0,0,0,0,66,0,48,0,0,24,0,0,0,0,0,0,78,53,70,0,0,0,41,0,0,0,0,62,0,0,0,61,0,160,0,0,0,0,0,0,40,0,62,0,0,0,0,0,59,0,94,330,0,0,0,0,0,0,0,0,19,0,0,0,77,0,99,65,0,98,0,0,0,0,0,0,125,0,0,0,54,0,0,241,0,0,143,0,0,0,154,0,76,0,0,0,0,0,0,61,0,0,92,0,101,47,68,61,0,53,0,0,0,751,0,0,0,0,196,0,0,0,148,100,0,0,68,0,62,0,0,185,0,63,0,0,50,0,0,0,0,153,0,0,0,0,0,0,0,0,0,473,119,0,0,0,0,0,38,0,0,76,93,227,146,0,0,0,0,56,0,22,41,0,0,0,51,0,0,0,284,0,0,85,0,0,0,85,0,0,0,136,0,17,0,0,0,0,0,0,84,424,57,0,0,132,0,30,0,24,0,0,25,78,0,51,0,0,143,0,0,0,0,0,0,0,113,56,0,36,0,0,0,0,55,60,0,0,82,0,0,142,0,0,52,0,44,56,48,0,73,0,0,0,0,46,49,32,0,0,113,35,0,71,24,33,35,0,60,0,0,220,0,0,0,0,51,124,71,0,0,47,0,0,0,55,0,0,0,334,0,0,0,0,0,0,164,0,0,33,182,0,0,149,0,27,0,58,0,72,44,0,0,103,0,100,0,112,0,0,0,0,0,0,0,0,88,0,0,0,75,0,38,0,0,0,0,126,85,0,0,0,72,0,46,0,0,0,0,0,0,41,137,101,0,0,0,0,0,0,0,98,32,66,162,0,0,0,0,0,77,0,0,0,147,0,0,0,78,0,0,0,25,0,0,0,25,53,0,0,0,0,0,0,0,0,0,0,65,0,0,0,0,0,36,0,0,0,55,0,0,0,0,0,0,0,0,0,0,0,137,48,0,0,9,0,0,29,0,0,0,0,152,0,0,142,0,0,0,0,0,0,0,0,0,0,0,0,0,0,173,0,0,0,0,99,86,0,0,0,0,52,29,0,0,0,0,40,0,0,0,0,97,0,0,0,387,0,0,438,0,0,0,0,23,0,0,0,141,0,0,0,0,0,28,31,0,0,0,0,0,0,51,0,0,123,0,0,0,0,0,123,443,0,0,0,0,59,39,35,0,0,0,70,40,0,0,133,145,0,34,0,0,68,0,52,108,0,0,0,74,51,0,46,0,0,24,0,0,0,0,118,0,0,272,0,0,230,0,0,43,0,0,0,0,97,0,0,0,0,0,0,0,0,0,0,0,44,0,109,92,129,138,0,0,0,0,73,0,0,0,72,16,0,0,0,0,0,0,0,0,34,42,146,46,0,197,0,102,175,0,0,0,0,0,0,513,66,0,0,0,104,0,0,0,0,0,0,57,0,0,0,0,48,0,0,28,0,0,169,0,0,0,0,0,0,0,0,0,0,0,0,61,0,0,0,299,38,0,0,0,31,0,0,0,0,0,252,34,0,0
338,0,33,47,77,47,127,77,0,157,24,607,0,0,38,219,161,142,73,38,34,677,75,95,122,257,0,56,109,76,50,0,98,0,69,187,248,0,181,461,168,99,76,36,353,0,110,48,608,46,250,93,172,208,58,445,25,0,0,47,0,285,185,510,91,113,204,60,48,38,436,0,93,51,0,509,195,0,632,93,222,0,80,226,379,124,57,0,81,100,462,89,89,191,137,0,65,0,120,80,0,66,49,228,59,62,72,70,236,65,387,56,142,271,336,73,64,149,82,22,413,68,534,81,56,88,84,45,161,59,251,0,453,46,160,151,349,145,103,129,179,80,259,291,0,0,80,84,126,239,0,75,143,99,297,172,25,209,59,337,492,173,0,162,80,235,66,0,299,165,277,382,55,152,0,104,50,102,377,137,86,413,0,70,65,0,65,1059,432,0,0,29,148,90,275,0,90,46,46,225,29,221,207,63,621,0,97,0,109,98,240,171,69,103,54,221,88,192,33,56,117,391,65,51,462,0,0,185,311,36,166,67,0,37,68,0,94,123,428,85,0,187,112,145,126,0,282,0,80,0,142,131,441,38,229,72,116,0,73,81,389,262,135,34,84,0,0,697,161,787,58,0,248,666,132,154,128,53,1344,552,208,0,192,116,161,109,121,301,3956,121,178,0,419,32,33,144,0,104,130,93,58,57,63,70,0,337,347,201,0,207,124,304,149,0,26,82,134,218,173,63,49,42,25,106,296,167,58,113,0,51,390,0,72,120,127,79,0,0,0,77,33,119,35,56,186,52,36,36,194,1564,279,96,46,286,715,0,113,134,571,215,93,152,170,35,262,241,485,244,150,37,183,76,100,56,89,149,329,0,0,305,143,67,38,58,102,711,75,124,89,34,45,0,1069,53,95,63,852,50,204,269,0,62,266,0,66,230,36,32,96,0,155,0,55,62,0,0,220,218,202,279,41,163,135,43,127,153,75,69,329,64,0,34,49,0,301,0,62,125,74,304,0,0,718,180,167,165,309,182,56,83,37,0,255,31,118,0,77,143,0,61,257,0,269,245,47,57,71,68,60,68,30,73,431,105,74,134,213,534,233,73,268,0,235,286,262,0,0,79,161,331,219,62,64,205,0,138,245,170,168,59,0,226,58,1347,78,132,257,154,86,32,78,0,36,71,0,31,262,117,174,169,122,0,230,223,99,43,79,106,378,0,94,0,0,0,131,176,59,0,0,136,63,321,259,74,0,0,228,42,107,364,228,69,35,117,108,62,0,92,145,70,252,412,0,104,113,531,61,0,33,47,386,185,38,0,53,0,0,233,0,68,252,216,229,0,472,43,348,578,73,49,100,1000,0,108,0,0,0,286,0,62,0,0,70,35,0,212,94,240,50,50,0,46,242,458,115,0,137,94,0,72,45,0,0,59,77,31,82,44,0,319,287,0,0,71,0,0,71,215,0,0,0,0,195,0,0,487,0,96,0,350,365,0,0,0,658,0,160,112,143,225,95,79,59,0,78,272,130,78,40,85,304,67,331,0,420,71,121,102,414,56,34,0,126,100,284,38,69,75,265,0,155,28,143,0,0,0,302,0,667,29,64,74,0,164,107,44,63,115,118,117,15,177,236,0,0,0,0,86,189,72,375,106,199,1306,293,390,194,173,0,22,161,73,61,85,164,0,0,77,640,220,365,56,531,222,0,103,29,19,111,0,45,66,37,62,0,0,0,64,0,24,50,188,29,71,0,59,0,50,41,168,105,242,95,0,48,329,69,72,71,52,178,42,209,35,0,0,291,134,69,638,0,0,56,0,0,0,0,135,95,67,186,39,102,68,363,87,209,31,119,62,36,0,231,344,68,395,27,66,55,120,96,0,213,76,43,0,58,76,0,183,183,0,45,112,0,0,181,87,43,0,0,80,368,0,199,52,0,49,86,47,75,31,240,0,38,0,459,183,32,461,65,63,0,233,49,154,0,0,61,31,38,60,0,45,349,309,49,27,0,78,0,71,286,49,61,62,0,129,0,75,92,211,0,100,319,138,330,46,50,119,135,38,0,126,0,0,62,127,216,306,69,63,100,42,56,323,81,157,203,0,154,224,37,0,0,179,213,37,36,128,98,0,56,51,84,77,56,164,220,0,0,138,0,145,42,337,0,26,51,0,82,0,105,105,88,0,129,0,535,0,0,0,54,188,124,129,0,152,75,1078,0,0,0,650,191,88,0,152,80,0,92,153,35,0,43,217,476,0,296,0,1102,71,0,154,105,46,45,0,0,39,43,30,248,0,0,349,0,183,316,370,80,69,0,202,45,451,466,199,209,163,23,42,32,0,53,0,501,84,96,0,0,75,0,0,0,318,0,246,655,84,159,53,93,179,85,96,218,429,96,39,160,0,74,106,903,0,165,196,264,67,0,203,91,0,127,416,603,322,179,0,199,138,57,383,26,85,0,63,0,0,0,0,0,160,916,0,0,54,104,51,37,0,79,84,205,0,0,123,0,0,33,0,289,0,54,0,195,94,0,160,67,139,125,158,0,45,799,42,0,556,80,206,282,101,83,0,51,39,55,317,0,0,333,364,0,0,46,96,210,0,76,0,63,57,0,0,66,124,0,111,0,58,210,236,240,0,65,105,286,85,0,104,116,263,159,130,120,0,297,0,168,0,0,78,323,0,69,360,80,41,127,0,0,0,145,132,641,56,0,48,0,716,195,0,228,109,46,0,25,0,0,43,63,34,165,0,77,194,45,23,902,0,0,98,87,0,0,23,43,158,69,0,30,45,0,0,0,0,0,172,0,0,47,0,79,117,0,0,0,58,0,140,32,99,146,0,0,0,0,0,0,0,102,0,114,0,177,0,0,197,0,0,65,0,85,0,0,0,39,157,150,304,0,70,0,0,116,118,22,0,150,82,39,0,52,86,0,71,71,0,185,55,88,76,0,0,61,74,31,71,41,403,0,0,0,0,54,0,338,131,0,0,138,37,151,53,22,99,43,94,253,0,0,617,67,134,0,0,0,0,543,0,83,49,47,114,0,198,79,0,0,0,77,0,0,169,33,0,0,89,79,48,0,30,133,58,0,43,59,137,30,56,106,258,0,0,27,1481,430,0,218,59,61,151,311,70,0,66,0,225,86,0,34,81,19,344,53,131,109,715,0,388,60,0,165,0,0,53,23,0,28,40,38,38,91,278,44,125,0,263,0,31,143,0,38,190,48,0,68,0,13,0,110,55,140,0,0,65,32,537,95,50,44,301,71,50,112,85,0,385,0,27,116,0,0,37,344,0,38,97,69,131,44,167,60,170,115,46,0,81,209,0,70,105,0,37,64,51,33,146,0,190,68,191,68,42,0,0,0,174,34,0,0,300,77,71,0,55,126,0,0,0,214,23,126,170,65,0,0,0,0,0,30,0,0,43,0,0,0,63,0,0,48,106,0,96,0,0,80,0,0,72,0,0,0,0,72,0,71,47,0,0,29,0,0,52,0,0,0,168,103,0,0,111,140,0,0,67,105,0,0,28,83,133,0,298,0,0,0,0,0,0,0,275,32,0,0,353,0,0,138,0,0,0,53,46,0,0,38,0,50,0,0,75,0,0,482,0,26,0,0,30,0,0,0,25,97,0,0,0,0,0,20,0,0,0,45,235,174,0,0,0,0,0,0,0,61,43,0,34,0,0,264,0,0,0,0,0,65,0,59,0,85,47,55,50,75,0,0,75,69,0,0,71,30,0,258,44,26,0,0,166,15,0,57,0,88,0,0,0,0,0,164,77,0,33,0,129,72,58,0,56,0,99,0,214,0,0,0,0,0,566,0,41,46,0,113,165,0,93,0,173,72,118,0,68,54,0,33,0,49,0,42,0,94,248,0,0,175,0,0,0,0,61,0,0,232,0,26,0,0,0,0,0,0,46,128,35,62,0,0,0,54,0,68,0,0,0,0,0,0,126,0,0,40,167,0,79,0,65,0,0,79,186,51,50,0,0,70,105,322,0,0,0,98,0,78,47,0,53,47,0,0,0,0,0,0,0,0,0,523,42,0,0,0,0,0,0,55,0,384,0,65,0,0,0,60,99,0,289,30,0,102,32,27,0,0,94,0,36,0,32,74,0,49,93,77,0,64,0,0,188,0,101,0,32,77,225,281,33,135,54,0,0,0,31,194,247,52,42,114,0,57,103,0,37,0,0,88,43,0,33,130,138,166,213,54,72,53,0,0,0,0,72,31,108,73,305,51,100,98,0,0,658,65,51,0,142,0,360,87,0,42,78,151,0,31,0,109,0,65,45,33,16,29,98,105,0,33,0,96,117,40,204,192,127,0,0,143,257,0,0,159,60,0,0,40,0,210,160,0,0,82,0,0,804,34,15,315,89,42,0,0,81,59,0,197,88,513,0,0,0,55,0,0,296,0,112,164,34,43,206,90,120,502,62,0,0,39,60,135,74,207,67,0,365,0,0,190,50,289,0,251,0,60,0,0,0,89,174,115,194,221,72,30,51,0,0,0,151,41,0,105,0,0,0,56,244,0,38,0,0,94,130,66,0,88,23,118,91,0,82,462,57,0,0,0,141,332,0,0,0,47,38,0,244,41,187,224,102,136,236,109,42,27,0,0,153,108,293,40,75,0,0,107,48,173,0,0,166,0,145,0,116,0,24,0,116,0,0,98,211,0,0,59,374,53,56,0,594,0,0,0,0,0,0,178,62,46,120,403,0,0,105,0,24,62,61,0,0,24,144,0,92,0,0,283,190,43,29,0,38,0,31,78,156,87,176,46,0,580,63,149,0,57,63,78,52,0,0,0,0,0,93,54,108,182,109,0,0,0,125,54,0,0,0,0,139,114,0,71,103,0,0,0,0,35,32,66,348,129,255,100,0,0,0,0,0,65,0,0,70,185,252,39,245,147,166,136,0,0,0,0,40,0,0,0,0,97,0,432,563,0,0,18,0,34,0,0,48,32,54,147,250,0,41,61,58,93,77,0,0,96,69,53,0,77,63,0,0,0,124,83,0,59,90,82,381,100,29,64,82,0,44,0,141,53,0,110,0,0,62,51,85,76,66,0,0,803,0,69,0,0,43,0,57,39,0,0,0,0,0,0,0,139,0,0,0,74,448,73,0,251,103,38,0,67,110,0,69,0,55,183,217,133,153,38,0,0,63,0,80,58,72,0,0,44,73,54,0,131,27,84,104,0,0,33,119,0,0,46,492,0,0,109,42,26,0,0,0,167,0,78,210,0,201,99,0,0,0,0,150,0,73,0,0,233,0,139,0,54,116,0,142,0,16,155,57,62,47,49,193,0,0,217,90,49,32,0,76,0,0,0,116,0,684,71,0,70,80,16,126,74,126,229,60,175,0,0,0,103,0,106,124,79,0,226,0,0,46,52,64,68,0,0,0,101,51,0,93,0,151,110,0,0,0,0,0,160,42,0,0,46,0,0,931,0,0,169,57,131,0,273,0,176,40,0,137,62,0,0,162,0,0,33,32,153,0,108,56,0,0,29,0,0,744,0,0,0,0,372,0,93,204,226,99,0,0,50,78,90,0,0,116,0,31,0,34,148,94,186,125,105,249,0,0,89,50,0,46,29,131,0,107,45,0,32,0,125,132,0,88,35,81,44,206,85,0,0,53,0,41,0,0,0,61,0,0,156,59,62,0,498,47,0,93,0,0,0,124,0,0,122,152,0,0,0,138,42,0,0,0,66,592,113,0,22,94,0,0,0,53,128,58,60,0,0,124,0,38,165,29,0,0,0,54,31,0,144,110,33,0,54,0,43,93,33,109,32,0,296,0,38,218,0,0,63,63,219,86,90,31,92,0,0,64,0,0,356,99,0,0,185,65,0,28,0,0,129,93,119,0,42,418,68,241,32,179,0,84,153,131,0,56,101,35,58,65,42,0,40,236,57,139,0,0,49,0,53,0,47,68,324,0,45,136,62,93,0,256,0,49,247,95,0,645,23,392,66,152,0,107,100,0,47,0,226,72,0,0,0,62,0,0,71,48,57,60,0,39,62,196,0,62,0,0,0,0,0,64,48,83,0,38,289,130,35,65,0,0,0,31,75,295,0,54,124,0,0,0,38,120,57,0,0,0,119,0,0,0,38,0,0,98,233,45,0,91,39,50,220,140,101,167,74,0,0,0,0,0,141,0,89,108,0,0,58,0,0,0,191,0,179,0,107,0,90,137,42,0,0,422,85,272,0,91,0,0,58,0,0,0,58,117,103,0,181,99,100,0,0,0,175,36,0,0,72,0,0,0,0,138,147,0,92,0,0,0,76,0,0,75,0,368,36,0,0,0,0,29,0,120,123,48,78,0,0,53,309,0,0,435,51,152,0,0,79,0,0,0,132,0,133,0,0,35,136,0,0,0,225,0,0,0,0,81,44,86,0,62,0,0,0,539,1562,0,126,121,0,134,0,68,0,62,107,0,0,140,58,40,133,70,0,0,75,0,0,106,114,0,66,0,0,436,20,97,74,136,0,60,0,56,74,0,133,0,416,49,0,129,0,0,27,32,0,0,73,372,0,0,0,122,0,0,111,40,0,138,0,67,0,94,0,20,777,51,0,270,0,90,35,55,0,171,85,0,0,73,0,69,0,0,110,0,97,94,0,0,175,50,162,0,87,0,46,81,35,0,155,84,25,0,65,0,35,67,0,25,60,0,0,34,40,0,0,148,0,0,144,67,72,123,63,0,0,452,0,0,0,0,0,0,33,96,181,0,0,58,232,0,117,0,0,0,94,61,46,0,228,225,0,0,50
339,0,0,0,0,0,47,0,0,0,0,67,0,0,0,79,102,175,0,0,0,43,0,30,44,0,0,0,35,0,0,0,0,0,0,20,0,0,0,109,122,0,0,0,0,0,47,0,68,0,65,48,0,83,0,61,0,0,0,0,0,0,0,76,0,0,52,0,0,0,171,0,0,0,0,92,0,0,202,26,0,0,29,48,162,0,28,0,0,0,74,0,0,0,54,0,0,0,0,0,0,0,27,0,0,0,0,0,85,0,68,0,69,0,52,0,38,0,29,0,139,0,61,0,0,0,0,0,0,0,91,0,121,0,43,51,0,0,0,0,0,0,75,170,0,0,0,31,22,77,0,0,37,0,0,0,0,0,44,78,0,0,0,48,56,44,0,0,0,73,202,0,0,13,0,0,0,0,0,0,0,0,0,0,0,0,0,514,204,0,0,0,47,0,0,0,68,0,0,0,0,0,23,0,272,0,37,0,0,0,74,76,0,0,0,0,0,102,0,0,128,209,0,0,85,0,0,29,117,0,102,0,0,0,0,0,0,0,58,0,0,0,0,0,0,0,47,0,0,0,0,0,79,59,56,0,0,0,25,0,43,68,0,33,0,0,0,323,84,85,0,0,149,133,63,0,0,0,258,0,0,0,81,65,0,32,0,158,1877,0,0,0,0,0,0,0,0,57,0,0,0,0,35,0,0,298,0,0,0,37,37,92,0,0,0,0,0,89,75,35,88,34,0,0,0,85,0,0,0,0,0,0,0,0,51,55,0,0,7,0,0,0,15,39,0,0,0,0,0,653,33,0,0,107,45,0,0,0,49,61,0,0,0,0,73,122,0,27,0,0,90,24,0,0,0,99,32,0,0,90,0,0,0,0,0,0,0,50,0,0,0,0,483,0,0,0,0,0,0,32,0,0,0,0,0,71,0,0,51,0,53,0,0,50,0,0,60,0,51,52,0,32,135,0,20,84,0,0,36,0,0,0,69,0,89,0,0,0,0,0,0,0,38,0,0,74,94,49,0,0,0,0,68,0,63,0,0,47,0,0,119,26,64,46,0,0,0,0,0,0,0,0,86,0,0,0,0,0,176,0,0,0,98,109,31,0,0,0,58,0,34,82,0,48,0,0,67,0,0,0,0,133,0,365,0,49,0,61,0,0,45,0,0,0,0,0,0,0,0,58,0,62,87,294,37,0,36,56,88,16,0,0,0,0,0,65,0,0,0,90,0,95,0,26,0,0,68,0,0,176,0,129,0,0,0,0,0,0,0,46,61,249,0,0,0,90,0,0,0,0,38,34,39,0,0,0,0,76,0,29,58,0,54,0,129,0,46,160,35,0,0,109,0,156,0,0,0,0,0,0,0,0,0,98,0,73,0,106,0,0,0,0,44,72,0,0,0,70,0,0,0,0,0,0,40,0,53,0,0,0,115,0,0,0,0,0,0,40,0,0,0,0,42,0,0,117,0,41,0,157,81,49,0,0,210,0,0,0,32,68,0,0,0,0,0,34,0,0,0,55,0,0,0,0,110,0,32,0,115,0,0,26,0,0,0,0,0,0,51,0,56,0,29,0,0,0,76,0,160,0,0,0,0,0,28,0,0,0,45,0,0,141,85,0,0,0,0,0,0,0,66,43,0,57,79,123,24,40,0,0,0,0,0,0,41,0,0,0,211,0,80,0,297,91,0,0,0,0,0,0,0,0,0,0,123,0,0,43,0,0,0,0,0,0,0,0,0,0,0,66,39,40,39,0,0,79,0,0,0,56,46,0,0,0,0,0,59,48,0,126,0,0,0,24,0,0,0,0,0,0,28,0,0,0,173,44,83,60,0,0,35,0,77,50,0,167,0,0,0,0,44,0,95,18,0,0,45,0,0,36,110,0,0,0,0,0,92,0,0,0,0,0,238,0,0,0,0,22,0,0,44,0,69,0,0,0,54,29,38,163,0,0,0,0,0,39,0,0,0,0,0,0,0,0,190,58,0,0,0,0,0,0,84,0,0,0,0,0,0,0,0,79,0,61,83,67,93,0,0,0,40,65,0,0,0,0,0,153,145,211,40,44,52,0,0,293,0,62,44,0,0,61,27,0,0,53,78,0,0,0,50,0,0,0,40,0,54,91,127,0,0,0,0,77,0,46,0,0,0,0,29,0,84,128,0,0,58,0,117,0,0,0,0,70,15,106,0,65,0,140,0,0,0,149,0,46,0,158,28,0,0,99,0,0,55,102,130,0,380,0,745,64,0,0,23,0,34,0,0,0,0,0,86,0,0,168,35,73,44,103,0,20,0,74,0,131,88,165,33,67,0,0,0,0,0,0,82,0,59,0,0,56,0,0,0,0,0,117,81,0,107,0,0,36,0,0,202,36,0,0,50,0,41,0,183,0,42,0,90,44,0,128,23,0,54,113,190,73,0,0,0,74,0,63,0,0,0,43,0,0,0,0,0,38,181,0,0,0,0,0,0,29,0,70,35,0,0,52,0,0,0,0,70,0,0,0,0,0,0,0,0,100,0,116,0,0,143,0,0,125,33,0,90,0,0,0,0,0,0,109,0,0,89,435,0,0,0,75,58,0,59,0,28,0,0,0,0,63,43,0,0,35,96,105,84,0,36,0,81,0,0,46,73,194,123,28,30,0,128,0,40,0,0,0,134,0,24,136,0,0,0,30,0,0,33,0,0,0,0,78,0,152,132,0,51,12,0,0,0,0,0,0,0,0,70,0,0,0,0,0,310,0,0,0,28,0,34,0,0,83,50,0,0,0,0,0,0,0,0,92,0,0,0,34,28,0,0,0,0,25,28,26,0,0,48,0,75,0,0,0,0,0,0,0,0,0,58,0,0,0,0,74,42,0,63,0,0,0,0,0,0,40,0,0,0,0,287,0,0,0,50,40,0,0,0,0,0,0,70,0,0,0,0,0,0,0,32,0,0,45,0,31,58,0,0,173,0,0,102,77,0,0,72,0,0,0,0,103,0,0,74,0,0,0,0,170,0,105,0,0,323,0,0,0,0,61,0,53,0,0,0,0,45,0,23,131,0,0,0,177,0,56,0,186,65,0,0,0,25,0,0,0,34,0,0,0,0,217,293,0,96,0,16,0,32,0,0,49,0,339,0,0,0,0,0,200,0,0,45,266,0,81,55,0,159,0,0,0,0,0,0,0,0,0,0,104,0,57,0,223,0,0,0,0,0,53,34,0,0,0,0,34,27,42,61,0,0,150,0,172,208,53,130,139,37,0,0,0,0,87,0,0,109,0,0,0,0,0,0,84,0,39,0,0,39,62,0,0,0,74,0,0,0,35,0,93,0,0,0,0,0,0,0,0,81,40,0,0,0,86,22,0,29,152,0,91,72,0,0,0,0,0,0,0,33,204,0,0,0,62,0,0,41,0,0,0,0,0,61,0,0,0,0,89,0,0,0,0,0,0,0,63,0,0,0,0,76,0,0,52,0,0,0,0,0,0,0,76,0,66,118,0,0,0,49,0,0,0,0,70,0,23,0,255,0,0,0,0,39,42,0,0,0,120,0,37,86,170,0,0,56,0,0,65,62,162,0,0,22,42,0,0,0,0,0,0,316,0,0,0,0,0,16,0,0,0,0,0,0,0,31,0,0,0,57,0,0,32,190,0,0,0,58,0,44,0,0,46,0,31,0,0,302,0,0,0,0,0,0,0,137,0,0,56,57,0,54,0,0,0,0,48,38,0,0,44,0,0,0,0,70,151,0,0,27,0,0,0,0,0,0,0,177,0,0,0,0,78,0,99,0,52,0,64,0,349,0,0,0,55,0,209,0,61,0,0,0,0,0,0,0,0,0,0,0,77,100,0,0,0,51,0,0,0,0,0,0,0,0,0,0,0,0,0,0,0,84,0,0,0,0,0,0,50,0,93,0,0,89,0,0,0,0,0,0,87,0,0,0,0,0,156,0,0,42,48,0,141,0,0,0,0,242,75,0,0,0,0,163,34,351,0,0,0,149,0,155,30,0,0,0,0,0,45,0,0,0,0,0,0,265,0,0,0,0,0,0,0,106,0,121,0,95,63,0,0,0,0,0,54,30,0,21,40,44,103,78,0,0,97,39,0,0,0,119,42,65,0,50,0,0,477,0,48,0,27,38,304,104,0,236,42,0,0,0,0,68,55,0,52,0,0,0,0,0,0,0,0,0,0,0,0,35,107,64,0,124,0,41,0,0,0,0,40,0,0,29,183,0,0,0,39,31,347,0,67,145,68,0,68,0,0,0,0,85,41,0,0,56,19,0,0,0,0,0,0,43,0,0,0,257,0,62,89,162,41,0,0,0,193,0,0,0,0,0,0,0,0,158,121,0,80,44,0,0,302,0,0,254,0,0,0,33,0,0,0,177,0,102,0,112,0,0,0,0,41,0,39,37,0,46,54,68,63,163,0,102,0,0,0,0,245,38,94,0,47,0,0,36,45,63,0,104,179,0,0,0,0,0,383,106,94,84,56,0,0,0,0,0,53,0,0,45,0,183,0,0,85,44,0,0,0,0,50,19,0,96,74,224,59,0,0,228,0,0,0,0,117,591,0,0,0,37,0,0,36,0,117,246,81,0,39,52,0,39,0,0,134,51,242,0,0,0,103,0,52,42,0,0,38,0,86,0,93,0,77,0,0,0,33,0,83,0,0,110,387,0,52,21,414,0,15,0,0,0,0,81,47,45,0,245,0,0,0,0,0,121,82,0,0,0,70,0,0,0,0,35,0,0,31,37,0,0,73,56,63,0,0,0,0,537,53,52,0,0,0,24,0,0,0,0,0,0,33,0,24,0,0,0,0,0,136,42,0,0,0,0,61,0,0,0,80,0,0,0,0,0,0,67,197,49,196,46,0,0,30,0,56,40,0,0,59,162,0,53,61,62,0,69,0,0,0,0,36,43,0,0,0,31,0,89,244,0,61,83,0,65,0,0,0,0,41,0,111,0,37,40,0,141,87,0,83,0,0,0,0,57,0,28,31,0,24,31,0,0,83,40,124,38,0,48,45,33,0,0,53,135,0,190,0,0,34,26,46,0,68,0,0,543,0,97,0,0,0,0,0,130,0,0,0,27,0,0,0,80,0,0,0,0,133,28,0,96,0,0,0,0,103,0,0,0,45,109,0,81,0,68,0,0,0,0,28,91,0,0,0,0,0,39,0,0,0,42,106,0,0,75,153,0,39,0,64,0,28,0,0,0,0,0,0,39,0,0,127,0,100,67,0,0,0,0,50,0,88,67,0,0,44,75,0,0,49,0,136,0,0,85,0,0,109,76,107,0,0,72,35,24,0,0,133,0,0,0,0,0,436,0,0,0,37,0,114,144,61,135,0,42,0,0,0,106,0,152,103,73,0,59,0,0,47,0,54,34,0,0,0,82,26,47,95,0,98,76,0,0,0,0,0,68,0,0,0,0,0,0,282,0,0,189,28,0,0,84,0,88,0,0,33,71,0,0,50,0,0,34,0,46,18,55,36,0,52,0,0,0,579,0,0,0,0,115,0,0,57,79,87,0,0,0,0,27,0,0,65,0,0,0,0,69,110,0,0,31,0,0,0,0,0,0,0,0,0,0,104,80,0,0,0,0,98,0,0,32,0,0,105,54,0,0,0,0,0,0,35,0,0,0,0,0,0,0,0,188,0,0,0,0,0,0,0,0,0,36,74,0,0,0,0,0,0,0,0,0,80,48,0,0,0,36,0,0,0,29,0,0,0,0,0,0,0,91,0,0,0,0,0,0,36,88,46,0,0,0,0,0,0,0,0,0,0,172,0,0,61,0,0,45,0,9,23,0,0,64,0,0,15,0,0,79,35,0,0,253,41,64,36,0,49,60,0,50,0,0,24,0,190,0,84,26,0,0,114,0,0,0,0,38,0,0,0,0,0,0,0,0,0,0,0,97,0,37,0,0,0,0,0,0,0,0,0,0,60,0,0,0,276,30,173,0,0,0,0,85,0,0,31,47,47,32,0,0,0,0,0,0,28,0,0,0,52,0,45,0,16,0,0,27,0,0,57,0,30,0,0,141,55,0,0,0,0,40,0,0,52,0,0,0,0,0,0,0,0,62,0,0,0,43,0,0,0,84,0,0,0,93,0,0,59,91,0,84,73,138,40,0,0,0,0,0,0,47,36,0,0,0,73,54,0,0,0,0,0,0,0,0,0,137,89,43,0,0,62,49,214,0,51,22,0,51,0,0,0,25,43,85,0,0,74,46,0,0,0,94,0,0,0,0,0,0,0,0,67,38,0,0,0,0,143,0,0,0,38,0,310,84,0,0,0,0,69,0,0,76,0,48,0,0,0,190,0,0,92,57,82,0,0,0,0,0,0,339,0,39,0,0,0,63,0,0,0,115,0,35,0,0,0,0,64,0,0,0,0,0,293,776,0,35,0,56,278,61,0,20,52,40,130,0,58,64,0,0,0,0,0,0,106,0,79,53,0,0,0,167,59,0,173,0,76,0,18,0,0,27,51,112,0,723,0,0,478,0,0,54,0,0,0,23,250,0,0,0,75,0,0,0,0,0,90,0,0,0,58,0,113,232,73,0,55,0,131,0,145,0,72,0,0,0,52,0,94,0,0,0,0,78,272,0,0,26,30,197,217,0,0,0,40,0,0,860,124,0,0,0,63,0,38,0,0,0,0,75,0,75,0,0,62,0,0,58,28,35,78,32,0,0,184,0,0,0,0,0,0,0,0,102,0,0,39,108,51,0,60,0,0,56,0,0,0,80,230,0,0,13
340,0,0,0,0,0,0,0,0,0,0,0,0,0,0,0,150,0,0,0,0,0,0,0,0,0,0,0,0,0,0,0,0,0,0,0,52,0,0,0,0,0,0,0,0,0,0,0,0,0,0,0,0,0,0,0,0,0,0,0,0,0,0,0,0,0,0,0,0,0,0,0,0,0,0,144,0,0,0,0,12,0,0,0,35,0,0,0,0,0,0,0,0,0,0,0,0,0,0,0,0,0,0,0,0,0,0,0,0,15,0,0,0,0,0,0,0,0,0,0,0,0,0,0,0,0,0,0,0,0,64,0,0,0,0,0,0,0,0,0,0,0,0,0,0,0,0,0,0,0,0,0,0,0,0,0,0,0,0,0,43,0,0,0,0,0,0,0,0,0,0,0,0,0,0,0,0,0,0,0,0,0,0,0,0,0,0,0,0,0,0,0,0,0,0,0,0,0,0,0,0,0,0,0,0,0,0,0,0,0,0,0,0,0,0,63,0,0,0,0,0,0,0,0,0,0,0,27,78,0,0,0,0,0,0,0,0,0,0,0,0,0,0,0,0,0,0,0,0,0,0,14,0,0,0,0,0,0,0,0,61,39,39,0,0,0,0,0,16,33,0,0,0,0,0,0,0,0,75,0,0,0,0,0,0,0,0,0,51,0,0,0,0,0,0,0,0,0,0,0,0,0,0,0,0,0,0,121,0,0,0,0,0,0,0,0,0,0,0,0,0,0,0,0,0,0,0,0,0,0,26,0,0,0,0,0,0,0,0,0,0,0,0,50,0,0,0,0,0,0,136,0,0,0,140,0,0,0,113,49,0,0,22,0,0,0,303,77,0,0,0,0,0,0,0,0,0,0,0,0,0,0,0,0,0,0,0,0,0,0,0,0,0,0,0,0,68,0,0,0,0,0,0,0,0,0,26,0,0,0,0,0,0,0,0,0,0,0,0,0,0,45,0,0,0,0,0,0,35,0,0,0,0,0,0,0,0,0,0,50,0,0,0,0,0,0,157,35,0,0,0,0,52,0,0,0,0,0,0,0,0,0,57,17,0,0,0,0,0,0,0,0,155,0,38,0,0,75,0,0,60,0,0,0,0,0,0,0,42,121,0,0,0,0,0,0,16,0,0,0,0,0,0,93,0,0,0,0,0,0,0,0,0,0,0,0,0,0,0,20,0,0,0,79,0,0,0,0,0,0,0,0,0,0,0,0,0,0,0,0,0,0,26,0,0,0,0,0,28,0,0,0,0,0,0,0,0,0,0,0,0,0,0,0,0,0,0,0,0,0,0,58,0,0,0,0,0,165,0,0,0,28,11,0,0,0,0,0,51,0,0,163,0,0,0,0,0,0,0,0,0,0,0,0,0,0,0,0,0,0,0,0,24,50,0,0,0,0,0,0,0,0,0,0,0,0,0,0,0,0,0,0,0,0,0,0,0,0,0,0,0,0,21,0,0,0,0,0,0,0,79,0,0,0,143,0,0,0,0,0,0,0,26,0,0,0,0,0,0,0,34,0,111,0,0,0,0,21,0,0,0,0,0,0,0,0,0,0,0,0,40,0,0,0,0,0,0,0,53,0,0,0,0,19,0,0,0,0,0,32,0,132,0,0,0,0,0,0,33,0,0,0,0,0,0,60,0,0,0,0,0,0,0,0,0,0,0,0,0,69,0,0,201,43,0,0,0,0,0,0,0,0,0,0,0,0,0,0,0,0,0,0,0,0,0,0,0,0,0,0,0,0,0,0,0,30,0,0,0,0,34,0,30,0,0,0,0,0,0,0,0,0,0,0,0,0,0,0,0,0,0,0,0,0,154,0,0,0,0,0,0,0,0,0,0,0,0,0,0,36,0,0,0,0,0,0,0,0,0,43,111,0,0,0,0,0,0,0,0,0,0,0,0,0,0,0,0,0,0,0,0,0,41,0,0,0,67,0,0,88,0,0,0,51,0,0,0,0,0,0,0,0,0,0,65,0,0,0,0,0,0,0,0,0,0,0,0,0,0,0,0,0,0,0,0,0,40,0,0,0,0,0,0,0,0,0,0,132,166,0,0,0,73,0,0,66,0,0,70,0,0,119,0,0,0,0,0,0,0,0,0,0,0,0,0,0,0,0,105,0,0,0,0,0,0,50,0,0,0,0,22,0,38,63,0,0,0,0,166,0,0,0,0,0,84,0,0,0,0,0,0,0,0,0,0,27,0,0,0,0,0,0,0,0,0,0,50,0,240,0,256,36,0,0,0,0,0,0,0,0,0,0,0,0,0,0,0,0,35,0,0,28,0,0,0,0,78,90,0,0,0,0,0,0,0,0,0,54,0,0,0,40,0,0,44,54,0,99,156,0,37,0,38,0,0,0,80,0,0,0,0,0,0,0,114,0,0,24,0,80,0,0,0,0,39,55,233,51,79,0,0,0,0,0,0,0,0,0,0,0,0,33,0,0,171,0,0,0,0,26,0,79,0,0,0,0,0,0,0,0,0,0,42,0,0,0,25,0,0,0,0,113,0,0,0,31,0,0,0,193,0,86,49,0,0,0,0,0,0,77,0,0,0,40,0,0,0,0,0,0,0,0,0,0,0,0,0,175,0,50,0,0,69,0,48,0,0,0,91,0,0,0,0,67,35,0,0,0,52,0,50,0,0,0,37,0,0,24,0,0,0,0,0,0,0,0,112,0,0,0,24,346,0,0,36,0,0,0,0,0,0,0,32,0,0,0,0,0,0,0,0,0,0,0,54,0,48,0,0,0,0,0,0,0,0,0,0,0,0,97,0,0,30,0,0,0,0,0,0,0,0,61,0,0,0,0,36,0,0,0,0,0,0,0,0,0,54,0,0,0,0,0,0,0,0,0,0,0,0,0,0,29,0,0,0,0,127,0,0,0,0,0,0,0,37,0,0,0,0,0,0,0,0,0,0,0,0,0,0,0,0,33,0,0,0,81,34,0,21,0,0,0,0,0,0,0,0,45,70,0,0,0,0,277,0,0,0,54,0,0,143,0,0,0,0,0,0,55,0,0,0,0,0,0,0,0,0,0,0,56,0,37,0,140,0,0,0,0,0,0,0,0,0,0,0,0,0,368,0,0,92,0,0,0,0,0,0,0,0,64,0,0,0,0,0,0,0,47,0,126,0,78,54,0,0,0,0,0,0,0,39,0,0,0,40,0,0,0,0,0,0,0,0,0,0,0,0,0,0,0,0,0,0,0,78,0,0,64,0,0,164,0,110,140,0,0,82,0,0,56,0,0,0,0,0,0,89,0,12,47,0,0,0,0,0,0,63,0,0,42,0,0,0,0,0,21,0,0,0,44,0,44,0,0,82,0,0,0,0,0,0,0,0,0,0,0,30,0,0,0,0,0,29,0,0,51,0,0,0,55,0,0,0,0,0,36,0,0,0,60,0,0,0,0,69,88,14,65,0,0,0,240,0,0,0,0,97,0,42,34,0,0,0,0,0,0,0,0,0,0,86,0,0,0,106,0,0,0,0,0,0,0,0,77,0,0,0,0,0,0,0,0,0,0,30,0,0,134,0,0,56,0,0,0,30,0,0,0,0,0,0,0,0,106,0,0,239,0,0,0,0,0,27,0,0,0,72,0,0,0,0,0,0,0,11,0,0,0,62,61,0,0,0,0,0,0,24,0,45,0,0,81,131,0,21,0,0,0,22,0,0,46,53,0,0,0,54,0,0,0,0,0,0,0,0,0,45,0,0,0,53,0,0,0,0,0,0,33,0,0,0,0,68,0,0,0,0,321,0,97,0,0,0,0,0,375,0,0,0,116,0,0,0,0,0,0,0,132,0,0,0,0,0,0,0,62,0,0,0,0,0,0,0,0,30,59,0,0,142,0,0,0,0,0,0,0,0,0,0,0,0,0,0,0,64,0,109,39,0,0,0,0,0,0,0,96,0,0,0,0,0,0,0,0,0,0,46,123,0,0,0,0,126,0,29,0,22,0,39,0,0,0,0,0,0,0,82,0,0,49,0,0,0,0,0,0,0,0,0,0,0,0,0,0,0,0,0,0,52,0,422,0,86,0,0,0,0,0,0,97,0,0,98,0,0,0,0,45,0,106,39,0,0,0,0,0,0,0,0,0,0,0,0,0,0,39,33,169,0,0,146,0,0,0,0,0,87,212,0,32,127,0,0,0,0,0,0,0,0,40,0,35,31,0,91,0,0,0,0,0,0,0,0,56,0,0,72,102,0,0,0,0,0,142,0,0,0,65,0,76,0,0,48,0,258,0,0,0,0,0,0,0,0,0,0,0,0,0,0,0,0,0,0,108,56,0,0,0,0,0,0,0,0,0,0,0,0,0,0,152,0,0,0,0,0,393,0,0,80,0,0,0,0,0,0,0,319,0,0,0,87,0,0,0,0,0,0,0,67,0,0,0,0,0,131,0,0,0,0,51,44,133,0,0,0,81,0,0,64,40,87,28,0,0,0,0,0,0,0,48,73,0,0,38,0,0,0,0,0,21,0,0,75,0,0,0,0,48,34,0,0,0,0,0,0,0,32,0,161,91,0,0,179,0,0,0,0,0,398,0,0,0,0,0,0,28,0,37,203,0,0,0,0,0,0,0,0,0,0,68,0,0,0,0,0,0,0,0,0,43,0,0,0,20,0,42,0,0,0,0,0,27,0,0,0,282,0,46,0,507,0,0,0,0,0,0,42,0,44,44,41,0,0,0,0,0,0,0,0,0,0,0,0,0,48,0,41,224,31,56,0,0,0,88,0,104,0,0,0,0,183,78,92,0,59,0,0,0,0,0,55,0,0,0,48,0,12,48,0,0,0,64,70,0,0,53,0,0,0,0,0,116,0,0,0,0,26,0,79,442,92,112,0,0,0,0,0,0,0,0,0,0,62,228,0,133,0,110,75,0,0,0,0,0,0,0,0,0,0,0,122,0,0,65,0,0,28,0,0,0,0,43,0,145,0,0,0,0,43,0,0,0,53,0,0,0,88,0,35,0,0,0,52,0,0,101,0,120,100,0,0,0,0,18,0,40,52,0,93,0,0,0,12,0,0,35,0,0,371,0,87,0,0,0,0,0,0,0,0,33,0,22,0,0,146,0,0,0,0,0,0,0,0,0,29,0,0,25,0,0,0,38,0,0,65,0,0,0,0,0,0,0,30,0,0,0,0,0,68,0,44,0,0,64,0,0,0,38,0,45,28,35,0,0,0,29,0,0,0,0,70,0,0,129,0,111,141,0,0,0,0,123,0,45,0,0,76,0,64,0,0,0,0,41,0,0,0,49,0,73,37,62,0,0,46,39,0,0,0,39,0,0,0,81,31,278,37,0,37,0,0,57,0,0,0,0,57,0,0,0,0,0,0,166,29,0,0,0,0,0,0,32,0,0,0,0,99,45,0,0,0,0,55,0,0,0,0,0,0,0,0,0,23,0,0,267,0,0,380,0,0,0,16,0,184,0,0,55,54,0,0,68,0,0,69,0,145,30,0,54,0,0,0,0,0,0,48,0,0,0,152,0,0,83,121,44,0,0,0,0,24,0,0,110,0,0,0,0,108,78,79,0,30,219,0,0,0,0,0,0,0,69,0,225,60,0,0,0,0,40,0,48,0,0,0,68,0,0,44,29,0,0,0,0,0,0,0,0,0,72,0,0,38,0,0,77,0,0,31,45,0,0,0,74,0,0,0,0,44,27,0,0,0,469,36,0,0,25,0,0,0,0,0,0,0,0,0,0,0,57,77,0,0,0,0,0,0,0,0,0,0,0,0,0,46,0,0,112,0,0,53,0,24,0,0,22,0,0,36,59,0,29,39,0,0,50,0,0,306,50,0,0,231,21,0,0,0,55,0,0,0,0,0,406,63,75,0,42,0,133,142,37,0,27,0,0,130,0,0,41,0,25,0,0,0,0,0,0,73,0,0,0,207,0,0,63,75,28,0,69,0,0,58,0,0,472,0,385,0,57,0,0,143,0,0,0,0,34,16,0,0,25,34,0,0,0,0,41,0,90,0,0,0,0,0,0,0,0,0,0,0,45,0,0,141,76,0,43,0,0,32,0,94,49,0,30,87,0,0,0,0,0,48,0,0,0,98,0,0,0,0,0,0,74,65,0,0,97,44,24,31,162,80,74,73,0,0,0,0,0,40,0,53,37,0,0,58,0,0,0,108,0,92,56,0,58,0,0,46,0,0,322,0,0,0,55,0,0,59,0,0,0,39,71,0,0,118,0,149,0,26,0,0,0,0,0,0,0,0,0,33,0,39,0,0,0,0,50,0,0,0,0,0,437,26,51,0,0,0,36,57,62,38,0,0,0,48,55,0,0,20,188,0,0,0,0,45,0,0,0,151,0,0,0,37,0,0,0,0,0,0,0,0,0,0,30,0,0,0,54,0,64,111,0,185,40,0,0,66,159,0,138,0,82,98,57,0,74,113,0,59,0,0,0,73,0,0,65,81,0,0,109,60,51,29,97,0,0,0,0,0,47,0,82,60,0,0,68,0,193,0,0,46,0,0,0,0,152,0,0,0,56,0,0,118,0,0,0,0,0,0,60,0,44,46,0,0,184,0,28,0,32,0,49,0,0,0,0,0,158,0,0,64,0,0,157,0,0,59,0,110,99,0,0,41,21,0,0,115,0,0,0,63,53,0,0,0,0,41,0,39,34,0,0,0,39,0,0,146,40,0,0,0,43,0,330,0,0,0,0,0,0,0,0,118,0,37,0,0,0,53,25,0,0,61,51,0,0,48,215,0,0,0
341,0,0,0,45,40,75,39,0,121,0,281,0,0,0,273,231,181,0,48,0,374,90,84,0,141,0,0,139,28,29,0,73,0,57,146,153,0,147,212,104,46,0,0,293,0,99,59,470,0,157,0,72,165,0,312,0,0,0,0,0,158,108,379,28,53,121,36,53,0,326,0,25,0,0,373,275,32,322,0,122,35,0,101,403,26,53,0,119,73,371,66,29,109,124,56,37,0,45,93,0,22,0,119,19,0,75,28,145,78,244,74,79,120,150,37,43,130,66,0,396,0,288,70,0,43,67,0,206,0,167,0,155,0,99,106,243,92,75,99,38,122,126,170,0,24,88,89,61,198,0,0,213,0,237,67,0,94,0,372,174,73,26,0,79,120,54,0,135,356,86,148,69,87,0,126,42,78,232,71,60,396,0,40,35,65,63,465,153,0,0,0,149,0,271,0,60,32,29,168,45,114,232,43,417,36,64,0,57,113,244,66,39,106,51,236,0,59,0,59,110,115,29,0,153,0,0,78,302,0,44,34,0,39,0,0,21,52,159,112,0,103,45,62,53,0,222,0,56,22,63,82,165,66,143,76,88,0,65,108,242,141,132,0,36,0,15,253,127,336,69,0,274,58,48,60,72,0,593,254,82,0,68,317,73,0,43,347,1094,103,81,0,339,24,0,61,29,102,203,98,0,0,71,66,0,306,245,172,27,114,91,452,264,0,0,66,82,194,72,54,0,56,0,49,475,86,0,229,0,78,416,0,70,68,85,67,32,62,0,105,0,74,0,132,125,0,0,42,129,1689,306,120,29,101,596,0,63,262,123,133,79,117,129,66,149,183,417,280,57,12,136,78,139,0,109,154,258,0,0,237,54,68,74,103,59,1437,0,74,121,0,56,34,926,0,95,58,571,65,280,251,0,75,141,0,46,161,70,0,110,22,87,0,174,25,0,0,538,112,172,318,0,44,88,38,257,104,64,0,257,46,0,0,59,27,365,0,0,81,0,291,0,0,763,158,118,145,419,109,48,69,0,0,225,0,87,40,65,97,0,0,332,0,138,140,0,65,0,77,0,70,0,0,351,127,90,86,218,520,167,122,239,84,190,147,113,0,0,185,131,133,216,79,0,190,67,93,233,153,323,43,0,198,58,514,46,135,528,97,72,30,50,47,0,50,0,0,244,83,130,208,159,55,333,269,84,29,53,75,310,19,105,42,0,0,107,156,0,0,0,137,45,105,315,29,50,0,80,0,75,244,205,106,53,85,0,0,54,88,58,51,214,321,0,109,75,183,54,0,0,65,163,72,0,0,0,25,0,345,28,68,198,374,203,0,375,44,398,370,106,0,117,640,0,95,70,23,0,143,0,54,0,56,0,100,52,242,0,205,0,0,0,34,298,515,0,0,0,130,0,53,0,0,0,0,61,0,40,0,0,265,253,0,0,79,0,64,0,105,50,0,34,0,103,0,54,17,0,41,0,125,76,49,0,25,303,0,62,0,62,335,56,12,89,0,54,84,0,49,0,94,119,0,101,0,291,50,0,112,276,0,0,0,44,45,143,0,34,28,78,0,143,49,23,0,55,0,234,51,170,0,23,0,0,82,106,0,43,99,102,60,0,106,133,0,0,0,0,63,42,0,176,67,130,460,225,257,0,91,0,0,91,55,18,45,95,0,0,0,79,84,136,68,425,68,0,36,0,0,0,0,0,0,0,0,115,37,0,0,0,46,0,69,0,0,0,72,0,36,0,147,113,154,36,31,30,21,0,38,0,0,131,0,125,0,0,0,151,90,76,377,0,0,60,34,0,0,0,98,0,54,59,0,0,101,121,71,31,96,58,0,59,0,80,275,0,73,33,42,0,0,82,0,201,57,0,35,60,120,0,142,136,0,39,70,30,0,110,54,0,0,0,56,218,0,71,68,0,59,59,0,85,0,35,38,0,0,129,322,50,590,56,0,0,44,56,77,0,0,17,33,0,44,52,44,117,239,0,0,0,0,0,30,47,66,67,36,0,0,0,0,0,81,0,123,233,79,187,60,28,45,32,191,0,0,0,43,0,191,176,126,97,52,137,0,0,244,132,64,130,0,78,301,0,0,0,68,77,33,28,63,48,49,28,0,0,59,0,109,52,0,0,99,0,164,0,149,0,0,40,0,44,0,46,95,0,0,20,0,343,0,18,93,0,62,214,64,0,52,83,448,0,0,0,168,35,0,0,168,31,0,44,121,0,0,60,81,280,0,346,0,668,58,33,74,61,0,35,0,0,0,36,0,118,0,0,115,29,62,0,193,0,96,0,80,44,353,737,97,84,45,0,0,0,0,77,0,111,66,0,0,0,42,0,0,43,147,0,109,191,55,198,0,58,65,56,48,80,163,37,0,54,0,34,43,339,0,63,63,92,96,0,163,86,0,121,173,717,115,159,0,133,58,36,88,0,31,0,0,0,46,0,34,0,52,548,0,0,41,83,81,43,238,0,34,126,59,41,0,0,0,0,0,89,0,49,0,92,50,0,0,40,136,55,284,0,34,167,0,0,332,30,109,79,31,0,0,41,0,0,324,0,0,121,182,0,0,0,96,86,0,0,0,0,29,0,0,0,231,80,59,0,83,186,63,129,0,71,23,304,0,0,53,110,217,54,49,0,0,191,0,62,0,34,56,121,0,52,149,0,54,38,0,0,0,63,27,265,0,0,83,20,465,254,0,307,0,0,0,0,0,0,27,0,65,85,0,70,141,59,0,552,0,0,36,120,0,38,91,0,26,70,0,0,76,30,0,39,37,0,188,0,0,34,183,76,80,45,0,0,41,0,197,0,101,59,0,91,0,69,0,0,30,0,0,0,0,145,0,0,83,16,94,79,0,115,0,0,60,0,0,175,129,13,29,0,27,93,35,0,0,32,0,0,0,66,88,0,0,104,0,101,0,53,0,0,0,41,54,0,119,0,169,96,0,34,98,0,57,181,164,20,0,132,0,194,23,0,295,132,85,45,0,0,457,37,326,0,82,71,0,60,0,35,122,57,117,0,238,80,0,0,32,54,0,49,164,29,30,0,181,0,88,0,161,99,0,0,0,0,62,47,0,55,124,0,0,0,540,162,55,157,29,79,150,132,58,0,48,0,406,43,0,0,84,0,70,44,133,83,464,0,189,95,0,137,46,0,0,0,0,68,72,52,99,41,117,27,158,0,113,0,45,115,0,79,92,64,39,157,29,24,0,57,61,71,0,90,226,0,73,160,50,110,211,86,26,130,29,0,413,0,0,121,0,40,0,51,0,84,139,53,76,44,169,45,89,75,115,0,120,218,0,17,91,0,96,77,0,0,147,0,67,43,132,79,97,44,29,0,55,60,59,36,173,144,55,125,0,48,49,0,0,272,0,65,155,46,0,0,84,0,0,34,0,0,14,0,0,88,113,0,0,27,94,0,128,0,46,0,0,0,84,0,0,0,103,35,0,148,0,0,0,0,0,0,172,0,56,0,48,53,0,0,219,121,0,0,106,0,0,0,0,60,311,0,93,0,23,0,68,0,23,52,171,0,27,38,169,0,0,157,53,0,0,0,224,0,37,0,48,0,0,0,161,0,0,245,0,64,0,0,77,34,0,34,0,37,0,150,0,48,0,0,0,77,0,46,339,151,61,0,0,43,0,0,0,0,79,52,0,0,34,124,30,53,0,0,32,0,0,172,171,34,30,0,29,92,0,0,42,33,0,0,62,0,0,0,105,27,0,0,195,0,0,0,0,254,0,0,0,0,0,252,0,30,0,0,63,0,0,0,99,0,58,0,98,0,0,0,199,50,204,0,31,0,0,151,53,0,0,0,89,36,128,0,0,104,0,20,0,78,0,21,0,32,323,0,0,365,0,0,0,98,68,0,34,108,58,0,40,0,0,0,0,51,128,296,0,38,0,0,0,63,0,0,64,0,0,0,0,0,133,0,0,88,0,0,106,0,28,0,0,87,153,0,66,44,0,130,55,506,0,0,0,85,0,93,50,45,0,49,0,0,0,0,0,0,34,0,0,215,38,0,0,0,0,0,47,60,0,135,0,0,0,0,0,0,49,0,84,84,0,0,0,0,37,64,0,0,104,36,0,0,0,0,0,0,0,0,0,0,85,0,0,0,66,57,166,0,0,62,43,49,0,0,27,0,77,62,42,0,0,0,0,0,0,0,0,85,0,0,0,42,50,54,327,46,39,0,56,0,0,0,52,0,54,53,270,27,38,0,0,53,105,0,0,80,179,0,177,106,0,0,0,38,0,32,0,134,0,73,0,0,0,44,0,192,0,0,0,186,0,53,0,0,0,0,0,0,0,0,0,0,0,0,0,46,0,43,94,0,53,17,0,0,213,0,0,246,0,0,0,0,0,0,0,62,84,113,0,0,0,52,0,0,281,33,116,67,0,40,99,0,0,261,95,61,0,35,37,69,149,52,0,104,158,0,0,0,24,123,0,0,90,0,0,0,0,47,211,186,117,322,51,0,84,0,0,0,57,0,0,0,0,84,0,0,239,0,0,0,0,29,113,0,0,0,54,98,108,0,0,402,58,0,0,0,153,217,0,32,0,29,23,0,34,0,116,213,52,141,224,84,0,0,0,0,0,0,252,0,40,0,54,0,0,144,0,0,31,0,150,0,144,0,34,0,0,0,0,106,134,0,0,56,80,62,46,0,415,0,0,0,0,0,0,270,47,42,84,445,0,0,32,0,0,87,0,0,0,0,59,0,127,0,0,70,127,0,28,0,0,42,76,71,59,0,98,41,0,660,51,80,0,69,63,40,0,0,0,0,0,0,84,50,64,116,29,0,0,0,337,46,0,0,0,0,113,30,0,65,121,0,0,38,0,0,0,120,354,0,90,95,0,0,0,26,0,0,16,0,0,200,294,0,94,113,104,56,0,20,0,0,33,71,0,0,0,0,0,265,365,0,123,103,0,107,0,0,49,0,62,111,185,0,28,38,0,209,0,0,125,69,0,49,0,0,20,0,0,0,47,0,0,0,39,86,159,83,0,54,0,61,0,0,55,187,0,113,23,0,51,27,49,45,107,40,0,39,0,0,0,0,69,0,0,57,58,0,47,0,0,0,0,161,0,96,0,0,447,85,0,0,43,29,0,56,0,0,0,0,64,166,68,347,116,76,0,0,39,0,46,38,49,0,0,92,140,66,0,96,90,70,53,0,0,76,157,0,0,41,172,0,0,98,0,0,0,0,0,64,0,0,292,25,120,107,0,0,0,0,113,0,92,102,0,167,32,85,32,103,191,0,179,0,0,145,0,0,0,105,155,0,0,88,49,52,0,0,249,0,0,56,47,46,215,86,0,72,0,0,124,77,52,118,34,87,0,0,0,167,0,230,159,134,0,0,0,0,62,0,76,0,0,0,32,124,0,26,135,0,0,32,0,0,0,0,0,68,0,0,0,59,0,0,937,0,0,214,68,0,0,100,0,251,0,0,156,42,0,0,0,0,0,22,0,0,0,58,0,0,0,0,0,0,227,0,0,0,0,217,0,82,0,49,103,0,0,25,48,66,0,0,56,0,0,0,0,119,104,96,46,27,0,0,0,0,0,0,0,0,0,0,210,0,0,0,0,62,74,0,0,0,30,87,0,52,0,46,0,0,0,0,44,43,48,0,0,117,0,68,0,154,0,0,100,0,0,58,135,0,0,0,0,0,0,0,65,45,0,0,0,73,498,101,0,0,163,0,46,0,0,86,0,0,0,0,36,0,32,0,0,0,0,0,0,33,0,0,121,49,0,0,0,64,0,41,0,0,0,53,0,0,39,0,0,0,0,99,0,50,38,0,0,0,0,0,0,229,0,0,0,264,79,86,0,0,0,108,0,91,0,0,297,69,112,0,76,31,94,0,129,0,0,0,0,35,72,0,25,0,412,0,20,0,12,0,0,41,0,0,0,196,0,40,124,0,88,0,285,0,0,72,0,0,312,0,147,0,47,0,51,68,0,41,0,0,43,0,0,0,0,0,0,0,0,0,41,0,0,99,71,0,0,0,0,93,0,0,0,0,0,0,0,142,170,0,46,0,0,0,0,44,251,55,0,190,0,0,0,0,57,0,0,0,45,103,0,0,0,168,0,0,75,132,26,0,122,0,49,85,87,120,57,0,0,0,0,0,0,152,0,48,52,0,40,48,0,0,0,164,0,145,0,61,0,0,89,66,0,0,510,26,420,71,0,49,0,93,0,0,33,0,225,82,0,102,41,85,0,0,0,111,49,0,0,56,0,0,0,0,145,123,0,44,0,0,44,75,0,0,0,0,498,0,0,0,0,35,0,50,58,0,46,59,52,0,0,92,0,0,137,52,157,27,50,0,27,0,0,116,0,0,0,0,0,107,39,0,0,142,0,0,20,0,45,0,61,0,44,0,52,104,583,844,52,74,180,111,67,0,65,0,0,0,0,0,73,0,135,43,67,0,0,0,0,0,121,72,0,0,32,23,766,0,70,36,243,0,27,0,0,0,86,56,0,138,0,0,202,0,0,83,88,0,59,0,141,0,0,55,45,0,0,43,0,0,76,0,142,22,110,99,40,833,0,0,291,0,271,63,0,0,82,175,0,0,170,0,41,23,0,190,0,111,104,0,0,71,0,64,0,0,0,25,28,0,0,181,0,0,0,0,126,0,0,0,0,32,0,0,0,42,29,0,55,0,0,36,0,32,64,0,0,0,496,0,0,0,0,0,0,0,146,146,0,22,81,103,0,172,0,0,0,52,70,16,0,71,559,0,0,0
342,0,0,0,66,0,58,21,0,74,0,284,45,0,0,163,84,306,0,33,0,238,43,0,116,120,0,0,59,38,0,0,71,0,71,199,232,0,0,289,92,0,0,25,305,0,0,0,241,0,24,77,110,95,0,52,0,26,0,0,0,122,46,312,33,54,32,0,26,59,263,0,85,64,0,291,181,0,213,59,172,0,0,343,290,131,0,0,86,51,80,0,63,34,113,0,33,0,0,55,0,0,0,174,31,32,44,25,203,71,299,0,65,144,42,70,0,135,52,0,312,39,340,58,68,28,69,38,148,0,193,0,224,0,139,35,206,110,0,34,184,86,230,211,0,0,43,73,79,161,0,42,102,46,76,114,12,193,0,127,294,50,0,129,0,125,56,0,88,156,352,149,0,91,0,99,44,36,155,60,46,302,0,0,35,0,46,409,132,0,0,0,73,67,187,0,119,0,0,167,0,58,160,0,468,41,53,0,37,94,205,237,51,57,43,161,0,110,0,43,180,291,40,0,235,38,0,121,204,0,93,33,0,0,25,0,60,56,187,0,0,113,45,83,51,0,203,0,46,0,0,82,222,96,0,62,46,0,51,96,370,106,87,75,0,0,0,260,219,434,51,0,145,204,39,71,0,26,40,105,111,0,51,126,63,36,94,246,2230,79,105,70,76,0,30,94,0,92,103,70,42,0,43,0,0,391,190,106,0,0,0,290,91,0,0,59,0,0,61,37,0,14,0,0,201,74,0,369,0,0,243,0,60,75,0,0,0,55,0,0,0,77,0,84,123,0,25,0,37,1402,178,83,40,105,246,0,33,62,88,232,0,116,24,0,162,165,292,127,54,0,100,71,62,57,44,64,166,0,0,134,33,33,121,39,0,735,0,107,58,0,0,60,353,0,48,0,419,0,53,237,0,32,98,0,0,153,37,0,71,0,84,0,169,28,0,0,491,78,178,62,0,0,85,0,100,69,64,0,180,54,0,0,58,0,125,0,0,0,44,204,0,0,137,62,132,84,240,77,0,66,0,0,83,0,64,34,0,53,0,21,100,0,89,178,0,50,0,0,0,0,38,0,279,68,59,0,112,509,72,62,170,0,128,300,100,0,0,189,138,192,75,78,0,259,63,53,0,57,111,0,0,78,0,991,0,0,546,64,0,0,87,38,0,0,0,0,150,0,89,0,99,55,92,281,33,0,60,69,105,0,86,26,0,0,49,79,38,0,0,0,38,98,181,0,52,0,174,0,54,144,121,101,0,69,37,0,68,42,60,80,69,115,0,110,0,100,71,0,0,0,70,110,0,0,0,27,0,178,0,0,103,301,72,0,156,31,216,233,81,55,41,83,0,101,0,0,0,110,0,71,0,0,56,65,0,0,138,93,0,66,13,48,407,474,121,0,81,145,0,86,35,36,0,39,84,64,82,45,0,193,136,0,0,23,0,64,87,112,0,0,0,0,179,0,0,202,0,64,0,233,255,0,0,0,650,0,164,29,0,109,79,72,38,0,0,324,0,0,0,0,354,58,67,0,194,0,0,0,236,0,0,35,105,149,219,51,0,42,49,0,91,0,83,0,46,83,98,0,14,0,0,175,0,102,99,52,0,101,50,94,0,198,266,23,0,22,0,0,228,135,185,105,151,1077,374,162,160,50,0,0,146,75,40,80,183,0,0,45,138,48,179,0,778,117,0,104,0,0,182,0,0,78,41,33,89,0,0,65,0,28,48,89,0,86,0,0,0,77,0,215,169,175,65,0,19,197,63,0,0,0,42,0,102,0,0,0,108,142,48,319,0,0,0,22,0,20,0,97,35,84,0,29,57,34,227,0,48,52,230,0,0,41,181,221,80,281,0,0,0,81,116,0,182,0,0,27,30,0,52,147,266,9,0,49,0,0,43,58,39,0,0,0,453,0,331,0,0,93,110,0,113,27,222,0,0,0,737,233,0,85,36,68,0,199,32,51,40,0,0,0,0,0,0,72,238,210,33,0,0,69,43,105,51,0,66,119,0,137,0,65,94,176,19,65,222,41,173,30,0,0,0,109,0,34,0,42,0,87,99,104,122,0,44,68,0,653,44,48,49,0,190,112,67,0,50,0,102,0,0,0,0,49,0,0,0,0,0,41,0,0,28,160,0,0,0,24,0,38,35,86,41,0,0,71,0,0,0,0,51,0,0,28,70,0,225,0,0,184,64,493,42,46,0,0,0,0,0,276,0,0,0,207,28,0,107,72,437,0,179,0,730,0,0,0,93,0,0,0,0,30,94,0,47,0,0,56,64,34,718,42,0,31,0,0,0,562,563,146,113,0,0,0,74,22,54,0,0,45,0,0,0,0,0,47,0,32,0,44,1181,83,0,0,240,0,118,52,43,239,0,0,93,0,0,30,71,0,0,0,81,48,0,157,70,43,51,132,184,194,468,0,319,0,22,0,0,0,23,0,0,45,0,89,0,85,52,0,37,0,52,0,0,225,0,150,0,51,47,0,0,0,63,0,0,0,35,0,0,46,0,69,113,92,0,194,53,0,0,68,0,231,0,110,21,0,46,0,0,165,70,0,0,0,0,405,0,0,0,166,0,0,0,0,42,46,30,61,93,98,36,55,84,55,55,0,0,0,0,47,106,0,41,49,178,81,95,132,146,0,84,79,69,0,0,40,0,0,43,99,228,0,68,0,0,0,71,278,430,73,0,36,16,212,36,0,213,0,0,22,0,76,0,0,35,66,0,39,0,31,42,0,247,0,32,107,75,0,43,71,0,113,0,0,0,0,0,0,0,0,0,206,0,0,0,106,62,0,0,0,0,51,28,112,0,55,110,0,0,8,37,0,52,0,0,41,0,0,89,0,0,60,0,0,132,0,92,0,0,91,0,32,90,112,0,14,20,24,94,46,0,0,58,72,0,0,0,0,0,0,0,0,70,0,0,166,0,0,63,0,0,42,0,136,0,0,0,50,31,0,199,129,19,41,158,39,134,22,0,435,107,46,114,0,15,811,0,73,0,0,0,43,138,0,0,117,0,105,0,82,37,0,0,43,85,0,0,153,0,0,0,0,0,61,0,54,66,47,0,0,0,29,54,0,41,93,0,0,0,409,399,41,153,0,66,109,0,77,0,0,35,0,0,37,98,64,0,126,0,71,0,242,0,430,81,0,118,0,0,0,33,0,99,87,0,144,68,349,43,77,0,243,0,88,0,0,0,65,46,0,86,0,0,109,64,53,52,35,0,43,0,721,53,76,31,59,28,25,115,25,0,271,0,0,116,0,0,0,0,0,71,90,0,49,0,110,50,83,80,137,0,94,85,0,0,53,0,0,0,0,0,103,0,65,47,115,152,0,0,0,29,145,73,58,0,442,75,125,0,0,45,0,0,0,287,48,56,619,18,0,0,160,45,55,0,0,0,31,0,0,62,43,0,0,31,0,23,139,0,42,106,0,0,134,0,0,0,90,54,11,90,0,0,0,0,0,0,95,0,67,0,231,145,0,0,107,73,0,0,50,103,0,0,22,51,197,0,402,0,0,0,73,0,0,49,45,0,35,51,271,0,0,39,40,0,0,58,148,0,44,0,40,46,20,0,162,0,53,305,0,30,35,0,25,147,0,0,37,59,0,65,0,0,0,0,0,57,0,0,177,62,0,0,31,0,79,29,0,0,68,0,33,33,37,182,0,0,0,0,44,51,0,140,70,24,92,0,0,59,0,0,40,43,0,169,102,0,68,259,0,39,0,25,225,0,17,0,0,59,0,0,0,0,0,0,0,0,0,0,159,122,73,28,0,0,0,0,214,0,0,0,251,0,548,183,0,57,0,90,122,0,238,0,77,0,64,0,117,97,0,65,0,51,0,0,0,114,131,0,0,599,44,0,0,118,0,0,0,51,0,0,0,0,0,0,50,53,191,97,76,0,132,0,0,95,0,73,0,0,0,0,0,0,49,0,0,45,298,0,186,0,0,0,0,93,37,58,0,67,0,176,0,190,0,0,0,110,0,135,0,0,0,67,0,0,34,0,0,0,0,0,0,92,38,26,0,0,0,0,0,83,0,177,0,23,0,0,0,145,0,0,293,122,0,51,0,0,0,0,48,0,109,34,38,0,0,0,70,0,0,57,0,0,0,0,0,0,63,36,95,162,0,56,56,0,0,0,19,56,114,94,50,59,0,0,45,0,0,0,0,0,0,0,0,84,50,37,133,40,0,0,0,0,0,0,0,0,44,0,130,53,0,0,0,0,220,46,67,0,97,0,220,0,0,0,0,42,84,0,0,122,0,56,0,0,0,63,87,117,0,0,0,34,35,89,56,100,91,0,0,0,0,0,0,0,0,0,0,0,0,0,149,0,0,0,0,0,140,0,0,218,0,0,0,0,0,0,0,79,0,154,0,0,18,0,0,0,83,0,31,73,0,93,142,0,40,504,79,0,0,0,0,182,79,68,0,0,112,0,0,53,89,84,0,0,0,0,0,0,0,0,87,205,54,241,31,0,51,0,0,0,130,0,0,57,0,0,0,0,173,0,0,0,0,80,25,0,29,68,0,33,74,0,0,145,0,0,0,0,126,0,0,58,0,0,21,0,0,0,0,69,30,0,166,120,0,0,0,0,0,21,148,0,0,0,0,109,0,51,0,0,106,0,61,0,191,0,0,0,0,0,0,96,166,0,0,0,177,42,59,0,351,0,0,0,0,0,0,77,0,52,65,277,0,0,45,0,0,0,0,60,0,0,76,0,0,0,0,41,301,0,53,0,0,0,0,41,103,0,0,47,0,331,67,101,0,0,71,0,39,0,0,0,0,34,38,69,61,107,70,0,0,0,103,90,31,0,53,0,91,0,0,80,55,0,0,34,0,0,0,48,186,99,255,0,0,0,0,0,52,0,0,0,0,103,149,48,121,0,0,73,0,33,0,0,23,0,0,0,13,0,16,177,165,0,43,105,0,30,0,0,27,0,150,0,126,52,60,0,0,283,89,0,131,52,0,59,0,54,0,38,0,0,56,0,0,71,68,38,188,72,0,31,0,51,0,0,44,75,0,79,0,0,48,0,0,0,77,0,0,165,0,75,0,0,0,0,56,116,29,0,0,24,0,0,0,95,0,0,0,0,0,0,0,186,27,42,0,0,33,0,44,0,35,82,27,74,72,62,0,0,57,0,0,42,89,0,0,0,0,15,0,182,0,0,156,0,0,98,96,0,0,35,103,0,0,0,51,0,0,0,0,97,0,0,117,20,60,186,0,0,0,30,119,0,110,131,0,62,39,101,72,34,105,0,86,0,0,0,0,36,0,123,112,0,0,37,0,17,0,0,53,0,0,0,167,56,413,28,0,0,0,0,72,143,38,74,77,42,0,0,0,80,0,183,184,95,0,146,0,0,95,0,50,56,32,0,0,43,0,61,59,0,0,78,0,0,0,0,0,63,0,22,0,0,0,0,313,0,0,167,60,34,0,111,0,41,64,0,59,26,0,0,50,0,0,0,0,243,29,32,58,0,0,0,0,0,230,0,0,0,0,324,0,0,121,0,86,12,0,0,58,62,0,0,90,0,0,60,0,55,102,0,145,107,260,0,0,0,0,0,0,0,56,0,219,264,0,0,0,98,0,0,0,0,0,269,132,0,0,56,0,0,0,0,80,0,0,0,0,0,83,0,0,224,40,0,47,0,0,0,62,0,26,0,169,0,0,0,77,0,38,0,0,179,141,0,0,0,40,0,0,0,0,57,0,0,89,0,0,0,20,149,0,0,0,21,0,21,0,51,105,25,0,36,0,0,27,52,138,0,0,71,0,0,64,0,0,0,61,117,0,59,0,22,0,55,76,36,53,342,0,0,0,108,93,125,0,0,62,129,0,116,0,0,130,0,65,38,135,0,64,152,203,0,71,65,0,95,0,50,0,0,569,0,39,0,0,46,0,100,0,0,19,195,0,0,60,0,27,35,166,0,111,149,0,37,176,0,150,0,218,0,56,162,0,0,68,61,73,0,0,0,81,0,0,40,79,0,40,0,0,151,125,0,0,0,0,101,0,0,83,0,52,72,63,74,121,0,0,0,0,0,0,96,143,0,0,28,0,0,0,92,124,134,0,0,0,75,0,0,0,196,0,0,0,0,0,0,87,0,45,67,0,136,32,0,0,0,0,0,0,190,0,0,0,0,71,0,0,0,0,147,0,0,0,43,64,0,0,43,0,0,120,0,105,0,0,0,0,0,0,0,13,0,47,45,0,0,0,74,0,48,0,37,0,0,0,0,0,0,0,0,47,172,0,0,0,0,89,35,0,0,0,0,0,52,0,0,0,0,0,0,0,0,0,59,44,0,0,0,0,0,112,69,0,0,0,0,0,0,0,80,0,0,0,0,0,0,0,0,0,43,0,0,0,0,0,0,74,36,0,0,0,71,190,180,0,19,88,34,62,33,95,0,0,33,91,0,35,92,123,33,51,0,0,0,33,0,62,0,0,0,0,114,381,0,39,0,49,0,0,0,0,0,99,0,0,332,0,0,207,0,0,116,0,0,38,0,41,0,0,0,0,0,0,0,0,0,0,0,95,0,94,80,78,237,66,0,72,0,169,0,74,0,95,62,0,0,33,0,119,0,0,110,0,85,47,0,0,42,0,71,95,0,0,0,0,0,0,468,65,0,0,0,80,0,22,0,0,0,32,44,0,45,0,0,75,0,0,54,0,0,0,0,0,0,146,0,0,0,0,0,0,0,72,116,0,43,64,0,0,94,0,0,0,0,0,0,0,0,0,0,0,0
343,0,0,0,0,0,0,0,0,0,0,0,0,0,0,0,0,0,0,0,0,0,0,0,0,0,0,0,0,0,0,0,0,0,0,0,0,0,0,0,0,0,0,0,0,0,0,0,0,0,0,0,0,0,0,0,0,0,0,0,0,0,0,0,0,0,0,0,0,0,46,0,0,0,0,0,0,0,69,0,0,0,0,0,0,0,0,0,0,0,0,0,0,0,0,0,0,0,0,0,0,0,0,0,0,0,0,0,0,0,0,0,0,0,0,0,0,0,0,0,0,0,0,0,0,0,0,0,0,0,0,0,0,0,0,0,0,0,0,0,0,0,0,41,0,0,0,0,0,0,0,0,0,0,0,0,0,0,0,0,0,0,0,0,0,0,0,0,0,0,0,0,0,0,0,0,0,0,0,0,0,0,0,0,0,0,0,0,0,0,0,0,0,0,0,0,0,0,0,0,0,0,0,0,0,0,0,0,0,0,0,0,0,0,0,0,0,0,0,0,23,0,0,0,0,0,0,0,0,0,0,0,0,0,0,0,0,0,0,0,0,0,0,0,0,0,0,0,0,0,0,0,0,0,0,0,0,0,0,0,0,0,0,0,0,0,0,0,0,0,0,0,0,0,0,0,0,0,0,0,0,0,0,0,0,0,0,0,0,0,0,0,0,0,0,0,0,0,0,0,0,0,0,0,0,0,0,0,0,0,0,0,0,0,0,0,0,0,0,0,0,0,0,0,0,0,0,0,0,0,0,0,0,0,41,0,0,0,0,0,0,0,0,0,0,0,0,0,0,74,0,0,0,102,41,0,0,0,0,0,0,0,0,0,0,0,0,25,0,0,63,0,0,0,0,0,0,0,0,0,0,0,0,0,0,0,0,0,0,0,0,0,0,0,0,0,0,0,0,0,0,0,0,0,0,0,0,0,0,0,0,0,0,0,0,0,107,0,0,0,0,0,0,0,0,0,0,0,20,0,0,0,0,0,0,0,0,0,0,0,0,0,0,0,0,33,0,0,0,0,0,0,0,0,0,0,0,0,0,0,0,0,0,0,0,0,0,0,0,0,0,0,0,0,0,0,0,64,0,0,0,0,32,0,0,0,0,0,0,0,0,0,0,53,0,0,0,0,0,0,0,0,0,93,0,23,0,43,0,0,0,0,0,0,0,0,0,0,0,0,0,0,0,0,35,0,0,0,47,0,0,0,0,0,0,0,0,0,0,0,0,0,0,0,0,0,0,0,0,0,0,0,0,0,0,0,0,0,0,0,0,93,0,0,0,0,0,0,0,0,0,0,0,0,0,0,0,20,0,0,0,92,0,0,0,0,0,0,0,0,0,0,0,0,0,0,0,0,0,0,0,0,0,0,0,0,0,52,0,0,0,0,36,60,35,0,0,0,0,0,0,0,0,0,0,0,0,0,0,21,0,0,0,0,0,0,0,0,0,0,0,0,67,0,0,0,0,39,0,0,0,0,0,0,84,0,0,0,0,0,0,0,0,0,0,0,0,0,0,0,0,0,0,0,76,0,0,0,0,0,0,0,0,0,0,0,0,0,0,0,0,0,0,0,0,0,0,0,0,0,0,0,0,0,0,0,0,0,0,0,0,0,0,0,0,0,0,0,0,0,85,0,0,125,0,0,0,0,0,0,0,0,0,0,0,0,0,0,48,0,0,0,0,0,0,0,0,0,0,0,0,0,0,0,24,0,0,0,0,0,0,0,0,0,0,0,0,27,0,0,27,0,0,0,0,0,0,0,0,0,0,0,0,0,0,0,0,0,0,0,0,0,0,0,0,0,0,0,0,0,0,0,0,0,0,0,0,0,0,0,0,0,120,69,0,0,0,0,0,0,0,0,0,0,0,0,0,0,0,0,0,0,0,0,0,0,0,0,0,0,0,0,0,0,0,0,0,0,0,0,0,0,0,0,0,0,40,0,0,0,0,0,0,0,0,0,0,0,0,0,0,0,0,0,0,0,0,0,0,0,0,0,0,0,0,0,0,0,0,0,0,96,0,0,0,0,0,0,0,0,0,0,0,0,0,0,0,66,58,0,0,0,0,0,0,104,0,0,0,0,30,0,0,0,0,0,0,0,0,0,0,0,0,0,0,0,0,40,0,0,0,63,0,0,0,0,0,0,0,0,0,0,0,0,0,0,0,0,0,0,0,0,0,0,0,0,0,0,0,69,0,0,0,62,0,0,0,39,0,0,0,0,0,0,0,0,33,0,78,0,0,0,0,0,0,0,0,0,0,0,0,0,0,0,0,47,0,0,0,0,0,0,0,28,0,52,0,0,0,0,0,0,0,0,0,0,0,0,0,0,0,0,0,0,0,0,0,0,0,0,25,0,0,0,0,0,33,0,0,0,0,0,0,0,0,0,0,0,45,55,0,0,0,0,0,38,0,0,0,0,67,0,0,0,0,0,16,0,0,0,0,0,0,0,0,0,0,0,0,0,0,39,0,0,0,0,0,25,0,0,0,0,0,0,0,0,0,0,0,0,0,53,0,63,0,0,0,0,0,68,0,16,52,0,0,0,0,0,0,0,0,0,0,55,0,0,0,0,0,0,0,0,0,0,0,0,0,67,0,0,0,0,0,0,0,0,0,0,0,0,0,0,36,0,0,26,0,0,0,0,0,0,0,21,0,0,0,110,0,0,0,0,0,0,0,0,226,0,0,0,0,0,40,0,0,0,0,0,0,0,0,0,0,0,0,0,0,0,0,0,0,0,0,0,0,0,0,0,0,0,0,0,0,0,0,0,0,0,0,0,0,0,0,45,0,0,0,0,0,0,0,70,0,0,0,0,0,0,0,0,0,0,0,0,0,0,0,0,0,0,0,0,0,0,0,0,0,0,0,0,89,0,0,0,0,0,0,0,0,0,0,0,0,0,0,0,0,0,0,0,0,0,0,0,0,0,0,0,0,0,0,0,0,0,0,0,0,0,0,0,0,0,0,0,0,0,0,0,0,0,0,0,0,133,0,0,0,0,0,0,0,0,0,0,0,0,0,33,0,0,0,0,0,0,0,0,0,0,0,0,0,0,0,19,0,0,0,0,0,0,0,0,0,0,0,0,0,92,0,0,0,0,0,0,0,0,0,0,0,43,0,0,0,0,0,51,0,0,0,86,0,0,0,0,0,0,0,0,0,0,0,0,0,0,0,0,0,127,0,0,0,0,0,0,0,0,0,0,0,0,0,0,0,0,0,0,0,0,0,0,0,0,0,60,0,0,0,0,0,182,0,0,0,0,0,0,0,0,0,0,0,0,0,0,0,0,0,0,0,0,0,0,0,0,0,0,0,0,0,0,0,0,0,0,0,0,0,0,0,0,0,0,0,0,0,0,0,0,0,0,0,0,60,0,0,47,0,0,0,0,0,0,0,0,0,0,0,0,0,0,0,0,0,0,0,31,0,0,0,0,0,0,0,0,0,0,0,0,0,0,0,0,0,0,0,64,0,0,0,0,0,0,0,0,0,0,0,0,0,0,0,0,0,118,0,0,0,0,0,40,0,0,0,65,39,0,0,179,0,0,20,0,0,0,0,0,0,0,0,0,0,0,0,0,0,0,30,0,0,0,0,0,0,0,0,0,0,0,0,0,0,0,0,0,0,0,0,0,37,0,0,0,0,0,30,0,41,0,0,0,0,0,168,0,0,0,0,0,0,0,61,0,0,0,0,0,16,0,0,20,0,0,0,43,0,53,0,36,0,0,0,98,0,0,0,0,126,0,0,0,0,0,144,0,0,0,0,0,0,0,0,74,0,0,0,42,0,0,0,65,0,0,0,0,0,0,0,0,0,0,0,50,0,0,0,0,0,0,0,0,0,0,0,0,0,48,0,0,98,0,0,0,38,0,0,0,0,0,0,0,0,0,0,0,0,0,0,0,0,0,0,0,0,0,0,42,0,0,0,0,0,0,0,0,0,68,0,0,0,0,0,0,29,41,40,38,0,0,0,0,0,0,0,0,0,0,0,0,0,0,0,0,0,0,0,0,0,0,0,0,90,0,0,0,0,0,0,0,43,0,58,0,0,0,0,0,0,0,0,0,0,0,39,0,0,0,0,0,0,71,48,0,0,0,49,0,0,0,0,0,0,167,0,0,0,0,0,0,0,0,0,0,0,0,0,0,0,80,0,26,0,0,0,0,0,0,0,0,0,0,0,0,0,0,0,53,0,0,0,0,0,0,0,0,0,0,47,78,0,0,0,0,0,0,29,0,0,0,0,0,0,0,0,0,37,0,0,0,0,0,0,0,0,0,0,0,89,0,0,0,46,0,0,0,0,0,0,0,0,0,0,0,0,0,0,0,0,0,0,0,0,0,0,0,0,0,0,0,109,0,0,0,0,0,0,0,61,0,0,0,0,0,0,0,0,16,0,31,0,0,0,0,0,0,0,0,26,0,0,27,0,105,0,39,0,95,0,0,0,0,49,0,0,31,0,0,0,0,0,60,55,43,50,0,0,42,0,0,0,0,0,0,0,0,43,0,0,0,0,0,0,0,0,28,0,0,0,0,0,66,0,0,61,0,0,0,0,93,57,0,0,0,0,0,0,0,0,0,0,0,0,0,0,0,0,0,0,55,0,66,0,0,0,0,0,0,0,0,0,0,0,25,0,0,0,0,0,0,0,0,0,0,0,0,18,104,40,0,0,391,0,0,0,0,0,0,101,0,0,0,167,0,0,0,0,0,0,0,0,0,0,0,0,0,0,0,0,0,0,0,0,0,0,0,0,44,0,65,0,0,29,0,0,0,0,25,0,0,0,0,0,0,36,0,0,0,0,26,0,0,0,58,39,0,0,0,0,0,0,0,0,0,0,0,0,0,0,0,33,143,75,0,0,0,0,0,0,0,0,0,0,56,0,129,37,49,0,0,37,0,0,0,0,0,0,0,0,0,0,0,0,0,0,20,0,0,0,0,0,0,0,101,0,84,0,0,0,0,0,55,0,0,0,0,0,0,0,0,0,0,0,0,0,0,0,56,0,41,27,0,0,63,0,0,0,0,0,0,40,0,0,0,0,0,0,49,0,0,120,0,48,0,0,0,0,43,0,0,0,0,0,0,0,0,51,0,0,0,0,115,0,0,162,0,0,0,0,0,0,0,0,0,0,0,0,0,0,0,0,0,0,0,0,0,0,0,0,0,0,0,0,0,0,0,0,0,0,0,0,46,0,0,0,0,0,0,0,0,0,0,0,0,26,0,0,29,64,0,0,0,0,0,0,0,0,0,112,0,30,0,0,50,0,0,0,0,0,0,0,105,0,0,0,0,0,0,0,0,0,0,0,19,0,0,0,146,0,0,0,0,0,0,0,0,0,0,0,0,0,0,0,0,0,92,0,0,126,0,0,0,27,0,0,0,0,0,0,27,54,0,0,128,19,0,0,0,0,0,0,0,0,0,0,0,0,268,0,0,122,0,0,0,0,0,93,0,0,74,45,0,0,0,0,0,0,0,25,0,0,0,0,0,0,0,0,124,0,0,0,0,0,0,0,0,0,0,0,0,0,0,31,0,0,0,0,0,0,0,132,0,115,0,41,58,0,0,0,0,0,0,0,0,0,63,48,0,0,0,0,0,0,0,0,0,87,57,23,0,0,0,26,0,0,0,19,0,0,0,44,0,0,0,21,0,0,0,0,0,37,54,0,0,0,0,0,0,0,0,32,0,0,0,43,453,67,0,0,70,0,0,0,31,171,0,0,48,0,0,0,0,0,0,0,0,0,0,0,0,0,0,32,0,0,0,0,0,0,0,0,0,41,0,0,0,0,0,0,0,0,0,85,0,0,0,0,0,0,0,96,0,0,0,66,0,0,0,0,0,0,0,0,0,0,353,0,41,23,48,0,31,0,0,0,0,0,0,0,0,0,0,0,189,0,0,0,0,0,0,39,0,0,0,0,0,0,63,0,33,0,189,0,0,0,0,0,193,0,129,0,0,0,0,45,0,0,0,0,0,0,0,0,0,0,0,0,0,0,57,0,0,0,56,0,0,0,0,0,0,0,0,0,0,0,0,0,74,0,51,0,0,0,0,0,97,0,0,0,0,0,0,0,0,61,0,0,0,0,0,0,0,29,0,0,0,0,0,0,38,0,0,0,16,21,0,0,0,0,0,0,0,47,0,0,0,0,0,0,0,0,0,0,0,19,34,0,0,0,0,0,0,0,100,0,0,0,0,0,0,0,0,0,39,0,127,0,0,46,20,100,0,20,0,0,0,0,0,0,0,0,0,0,83,61,0,0,0,0,28,0,0,0,0,0,91,0,0,0,0,0,0,47,0,0,0,0,0,0,48,38,0,0,77,0,0,0,0,0,0,0,0,54,0,0,0,0,0,0,0,0,0,0,0,0,25,16,0,0,0,0,0,0,0,58,66,110,0,0,0,0,50,0,56,0,0,0,0,0,0,0,0,0,0,0,0,0,0,0,45,0,0,0,0,0,69,0,0,0,0,0,0,0,0,0,0,46,0,141,32,0,0,0,0,0,0,0,0,0,0,0,0,0,40,0,0,0,0,0,0,0,0,0,0,0,45,66,0,0,66,0,46,0,0,0,0,0,0,0,83,0,0,0,0,0,0,0,44,0,21,73,0,0,0,0,0,0,0,0,0,204,0,0,0,0,0,0,0,0,0,0,0,0,0,0,0,0,0,0,0,0,0,0,0,0,0,0,55,0,0,0,0,0,0,0,0,42,0,0,65,34,0,0,0,0,0,0,0,0,0,0,128,0,0,0
344,0,0,0,0,0,0,0,0,0,0,0,0,0,0,0,0,0,0,0,0,32,0,0,0,0,0,0,0,0,0,0,0,0,0,0,0,0,0,0,0,0,0,0,0,0,0,0,63,0,0,0,0,0,0,0,0,0,0,0,0,0,0,0,0,0,0,0,0,0,0,0,0,0,0,0,0,0,83,0,0,0,0,0,25,0,0,0,0,0,40,0,0,0,0,0,0,0,0,0,0,0,0,0,0,0,0,0,0,0,0,0,16,0,0,0,0,0,0,0,0,0,0,0,0,0,0,0,0,0,0,0,0,0,0,0,0,0,0,0,0,0,0,0,0,0,0,0,0,0,0,0,0,0,0,0,0,0,0,0,0,0,0,0,0,0,0,0,0,0,0,0,0,0,0,0,0,0,31,0,0,0,0,0,0,0,0,140,45,0,0,0,0,0,0,0,0,0,0,0,0,0,0,0,0,0,0,0,0,0,0,0,0,0,0,0,0,0,0,0,0,0,0,0,31,0,0,0,0,0,0,0,0,0,0,0,0,0,0,0,0,0,0,0,0,0,0,0,0,0,0,0,0,0,0,0,0,0,0,0,0,0,0,0,0,0,0,44,0,33,0,0,0,0,0,0,24,0,226,0,0,0,0,0,0,0,0,0,57,0,0,0,32,0,0,0,0,0,0,0,0,0,20,0,0,0,35,0,0,0,0,109,0,0,0,0,0,0,0,0,0,0,0,0,0,0,0,0,0,0,62,0,34,0,0,0,0,0,0,0,0,0,0,0,0,0,0,0,0,133,0,0,0,58,307,0,0,0,253,0,0,0,0,0,0,75,0,123,0,0,45,0,0,0,0,50,0,0,0,0,0,0,0,0,0,0,0,0,0,0,0,0,0,0,0,0,0,0,0,57,0,0,0,0,0,0,0,0,0,0,0,0,28,0,0,0,177,0,0,0,0,104,0,0,0,0,0,0,0,0,0,0,0,0,0,0,0,0,0,136,0,0,0,0,0,0,0,0,0,0,0,0,0,0,0,0,0,0,0,0,0,0,0,0,0,0,0,0,0,0,0,0,0,0,0,0,0,288,0,0,0,0,0,0,0,0,0,18,0,0,0,0,16,20,0,0,0,0,0,0,0,0,0,0,0,0,34,38,23,0,0,0,0,0,0,0,0,0,0,0,0,0,0,93,40,0,0,0,0,0,0,0,0,0,32,0,0,0,0,0,0,0,67,0,0,0,0,0,0,0,0,37,0,0,0,0,0,0,0,0,0,127,0,48,0,0,0,0,0,0,0,0,0,0,0,0,0,0,0,0,0,148,0,0,0,0,0,0,0,0,0,0,0,0,0,0,0,0,0,0,0,0,0,0,0,37,0,0,0,40,0,0,55,60,88,0,57,0,0,0,0,35,0,0,0,0,0,0,0,0,62,0,0,0,0,0,0,0,0,0,0,0,58,0,0,43,0,29,38,94,72,0,0,0,113,0,0,0,0,0,41,20,52,0,0,75,0,0,0,0,141,0,0,35,87,0,39,0,75,0,0,0,30,0,78,0,0,0,0,0,0,0,0,0,0,0,58,0,99,0,0,0,0,29,87,0,0,16,0,0,27,0,0,0,0,0,0,0,260,0,88,0,0,371,117,72,34,0,0,0,49,0,0,0,46,0,0,0,0,0,45,0,976,0,0,76,0,0,0,0,0,0,23,0,55,22,0,0,0,0,0,58,0,0,0,95,0,0,0,0,132,27,0,0,0,0,0,0,12,24,0,0,0,0,0,0,0,0,64,26,0,0,0,0,0,0,0,0,0,0,0,0,0,0,0,0,60,62,42,0,0,0,102,105,0,0,0,0,0,0,0,0,0,0,0,0,28,0,0,137,0,0,0,0,0,0,0,42,0,0,0,0,100,0,71,0,0,75,0,0,0,0,0,0,0,0,146,39,0,0,0,41,0,194,0,0,0,0,0,0,0,0,0,0,98,55,0,0,0,0,0,55,31,0,64,0,0,0,0,0,0,70,0,61,0,0,90,0,0,48,0,306,0,0,0,0,0,0,0,43,0,0,0,0,0,157,0,0,6,0,46,26,0,0,0,0,0,0,0,0,0,0,0,0,0,0,0,0,0,0,0,47,0,0,0,0,0,43,0,0,0,0,30,0,0,0,0,0,0,0,0,0,40,0,113,0,0,51,0,103,0,0,0,0,0,0,0,230,0,0,0,127,0,0,54,13,116,51,97,0,0,0,0,0,0,0,0,0,0,21,0,0,0,0,0,25,60,0,109,0,0,0,0,0,0,86,189,70,0,0,0,0,54,0,0,0,0,111,0,0,0,0,0,0,0,0,0,0,155,0,0,0,0,0,34,0,96,78,0,0,0,0,0,0,72,0,0,87,38,0,0,201,29,90,0,147,42,36,0,0,78,0,0,0,0,0,0,0,0,0,0,66,0,0,67,0,0,0,28,0,41,74,0,37,0,0,0,0,0,0,70,0,0,0,0,40,0,0,0,0,35,0,32,137,0,61,38,0,0,0,0,0,58,0,0,0,0,51,69,56,0,0,0,756,0,0,0,52,0,0,0,0,0,0,0,0,0,44,87,0,0,44,0,0,0,0,0,0,0,0,0,0,52,55,134,27,129,0,0,0,45,0,0,0,49,0,84,33,84,0,0,0,0,19,0,79,331,46,0,49,0,50,29,0,0,0,0,41,0,39,0,0,0,49,66,0,0,0,0,0,0,0,0,28,98,0,0,0,0,0,0,0,0,0,0,0,34,0,0,129,0,0,0,109,77,0,0,0,0,0,0,152,0,67,26,0,0,0,67,0,0,0,0,0,71,0,0,0,0,0,0,0,94,0,62,0,0,40,0,104,117,87,0,0,0,0,77,0,37,0,88,0,0,0,46,54,0,0,39,0,0,0,0,0,0,0,0,0,0,26,0,0,21,0,0,0,33,20,68,91,0,0,150,0,168,0,0,145,67,0,90,0,0,524,0,95,0,0,0,0,338,0,0,86,31,61,0,157,108,0,0,0,0,0,0,0,0,15,0,76,0,31,0,29,43,0,0,0,0,0,25,0,0,42,0,0,0,193,138,0,167,0,46,105,53,0,0,59,22,145,0,0,0,55,0,71,0,0,0,150,0,93,97,0,189,0,0,0,0,0,86,67,0,86,45,60,0,105,0,52,0,54,58,0,0,0,48,0,38,32,0,62,0,31,77,0,55,60,0,133,61,68,16,78,0,0,92,0,0,98,0,0,0,0,0,0,0,0,0,108,0,0,0,69,0,0,0,66,0,94,136,12,0,0,0,0,55,0,0,0,0,0,45,0,85,0,28,0,0,49,28,0,0,70,106,42,34,0,0,0,0,0,74,53,0,300,0,0,0,64,0,23,0,35,0,0,0,0,52,208,54,0,0,86,0,0,0,46,62,0,0,137,0,0,0,100,41,0,50,0,0,0,45,0,0,113,0,39,0,191,0,43,0,50,98,0,19,123,0,82,0,0,0,236,0,0,0,0,55,94,0,0,66,61,63,0,96,577,0,0,138,0,0,0,44,100,17,80,0,0,39,0,0,0,0,0,395,0,54,37,0,0,39,0,37,0,0,0,187,0,54,0,21,0,0,0,0,70,0,0,0,0,0,0,29,0,97,0,0,0,0,32,165,0,59,49,0,0,0,0,162,134,50,0,0,0,0,0,0,60,29,0,69,101,0,117,28,80,0,0,62,192,0,0,0,47,220,0,32,0,0,0,500,40,0,17,0,178,74,0,26,121,0,37,0,127,0,0,0,217,44,438,64,0,0,0,34,0,0,0,0,91,0,31,30,0,0,0,43,0,0,0,0,0,76,0,0,0,225,0,0,0,129,84,0,43,107,81,0,0,0,0,0,68,0,122,387,0,0,0,0,0,0,0,0,146,0,29,32,0,0,28,0,0,0,184,0,116,0,0,0,0,144,56,106,114,0,0,74,42,45,0,0,0,0,0,0,45,67,0,47,0,0,0,0,33,0,57,0,0,96,0,0,0,0,0,0,0,114,0,269,0,0,108,0,0,0,40,0,112,33,0,43,0,0,0,0,21,0,152,57,0,0,0,0,0,0,0,0,0,0,38,0,0,0,44,0,0,0,0,42,14,0,0,0,0,63,85,0,0,53,21,0,0,0,0,0,0,0,32,0,32,0,74,79,0,0,38,31,0,0,0,0,0,0,49,0,218,49,75,0,0,0,166,0,0,79,44,0,213,0,0,0,0,0,32,0,0,128,0,52,0,0,0,43,49,135,0,0,0,112,31,0,121,152,0,26,0,0,0,0,0,0,0,0,0,24,46,0,85,0,0,54,0,0,462,36,0,220,0,0,0,0,0,0,0,98,48,55,0,0,0,25,0,0,33,37,80,58,0,30,0,62,0,324,96,43,0,0,0,0,220,0,0,53,385,0,0,62,0,103,0,48,28,0,0,0,0,0,196,106,37,53,0,0,60,21,0,0,0,0,0,50,0,98,0,0,221,0,0,0,0,0,63,52,0,0,0,130,0,0,0,102,26,0,0,0,52,349,0,40,0,0,0,0,0,0,74,260,60,0,0,79,0,0,0,0,0,28,184,0,43,0,21,85,0,70,0,40,0,0,94,0,85,0,32,0,0,0,0,0,121,0,0,0,92,56,0,0,0,0,0,0,0,0,0,137,0,0,44,182,0,0,0,0,0,102,0,38,0,0,30,0,0,27,0,46,43,0,80,24,52,0,79,0,0,31,121,0,0,325,46,0,13,81,31,50,0,0,0,61,0,29,0,37,0,56,40,0,0,0,86,94,0,0,0,0,23,67,33,0,142,0,0,0,0,67,42,59,275,63,342,0,0,0,0,0,65,112,0,0,55,64,314,53,46,70,0,145,0,75,0,0,23,39,67,0,0,0,0,0,162,0,50,66,27,0,0,0,0,42,137,58,96,0,0,0,0,243,83,0,47,0,0,0,33,74,27,91,0,0,0,0,0,89,78,0,44,129,0,0,32,0,0,0,0,57,0,0,0,0,52,118,35,28,95,0,0,487,0,123,43,27,0,0,79,164,33,0,0,0,41,0,28,205,0,0,0,0,165,0,49,256,48,42,0,0,0,0,0,0,72,37,58,177,132,83,0,0,49,42,0,0,0,0,0,0,52,39,0,0,45,0,253,0,0,143,0,0,81,68,152,0,32,0,0,0,0,0,0,49,0,0,88,0,0,119,0,0,0,0,51,0,0,133,0,119,0,168,0,0,68,0,65,40,0,32,53,49,82,144,25,0,0,48,0,0,0,0,42,19,26,0,30,0,841,0,0,0,52,0,51,198,0,158,0,0,0,0,0,82,0,62,169,0,0,220,0,0,76,44,0,64,0,0,0,130,0,63,20,38,95,97,0,0,0,0,0,65,0,0,0,28,0,0,428,0,0,77,34,0,0,140,0,222,0,0,126,53,0,0,0,0,0,0,0,39,0,53,0,0,31,0,30,0,459,0,0,0,0,322,0,79,45,0,294,0,0,0,0,0,30,0,0,0,0,50,0,140,46,243,81,0,0,0,0,0,0,0,0,40,0,0,240,231,32,0,0,85,0,0,0,45,0,96,132,67,0,63,0,0,53,0,33,0,0,0,0,105,37,64,31,280,0,0,64,0,0,0,204,0,0,31,0,59,0,0,62,39,0,0,0,61,934,102,0,0,57,0,0,0,70,254,0,28,141,0,0,0,0,0,44,0,37,0,0,38,0,81,82,0,0,0,0,63,0,103,0,0,0,93,0,0,29,0,0,0,0,122,48,178,26,0,0,0,0,28,0,141,0,0,0,0,86,57,64,57,63,71,0,96,0,0,693,74,207,40,0,0,103,0,254,0,0,0,0,0,0,20,25,0,163,0,52,0,23,37,0,110,0,0,0,118,0,40,185,0,95,0,192,0,130,161,0,0,304,0,237,62,0,0,0,0,25,72,66,86,0,39,0,0,0,0,0,0,26,0,86,0,80,176,0,19,0,0,0,83,0,0,0,0,0,0,31,0,183,0,85,0,0,0,0,33,202,0,34,88,0,0,0,0,108,60,0,0,107,0,0,37,48,202,0,0,113,0,0,0,39,0,30,97,124,218,134,107,0,0,0,0,0,146,34,0,0,0,74,69,30,0,0,171,0,48,61,127,84,0,37,0,0,0,501,88,321,0,105,65,0,70,0,0,32,58,191,152,31,85,109,126,0,0,0,67,82,0,0,28,0,0,35,35,146,170,0,0,16,0,176,68,0,0,0,0,468,0,0,0,0,0,0,48,0,0,50,73,0,0,79,351,0,20,433,97,78,0,0,39,41,0,0,132,0,74,0,0,0,0,28,0,36,75,56,0,0,0,0,0,67,0,70,0,38,87,373,482,37,56,31,125,96,51,121,0,83,0,115,0,123,133,38,203,36,71,0,114,118,0,239,0,0,36,84,110,222,0,62,0,154,39,0,0,61,0,0,81,0,529,59,0,189,0,0,90,0,0,0,66,34,0,0,0,58,0,0,166,0,0,47,16,44,37,0,38,154,409,132,0,296,38,341,0,81,0,117,69,0,0,209,66,187,0,0,72,0,97,136,57,0,267,69,302,501,40,0,34,0,23,0,690,117,0,0,60,0,0,42,0,0,23,0,92,0,100,0,0,89,0,0,50,55,0,129,0,14,0,420,0,0,0,0,0,0,0,45,175,0,36,68,262,46,66,0,0,0,83,71,16,0,0,518,41,0,49
345,0,68,77,261,192,338,284,0,319,60,722,135,83,93,1002,1371,1463,157,196,63,1398,330,283,335,794,90,126,426,123,97,61,305,0,184,753,758,69,259,940,485,245,233,146,701,35,289,204,1271,110,876,250,607,401,111,860,156,95,28,159,49,874,360,1130,203,189,679,110,78,152,936,40,199,153,86,1020,365,55,1466,154,407,92,171,693,1049,342,218,104,161,188,1088,323,239,337,591,169,194,30,248,212,0,105,175,326,78,156,322,153,476,338,1064,326,363,686,821,215,246,627,171,103,1040,112,1288,153,124,210,136,168,267,172,498,82,1623,109,380,452,868,358,395,229,531,180,430,1860,0,88,337,228,254,594,64,116,592,340,540,545,63,509,243,928,755,292,82,564,227,392,116,192,773,1000,1072,1046,277,224,112,189,104,346,885,232,164,1020,90,228,95,319,226,2199,1071,58,82,46,451,347,609,111,639,152,99,342,89,442,595,199,2341,150,244,93,171,661,633,559,229,501,113,552,294,459,105,81,933,1019,238,65,1572,0,74,509,1584,83,424,153,117,173,117,0,186,380,1304,249,157,345,245,159,290,55,676,101,226,76,246,228,1375,395,944,155,231,74,174,169,1409,688,393,284,291,123,51,1841,792,2634,123,61,1016,1513,248,506,377,66,3138,1274,320,63,506,879,299,241,306,1243,9219,507,434,170,922,82,104,211,59,289,224,221,242,117,229,176,100,1346,609,1119,72,456,395,1205,281,51,75,270,277,615,318,136,145,129,87,253,627,416,346,642,86,175,1033,0,397,295,345,290,149,103,108,343,77,230,119,474,408,136,93,106,485,3853,1307,599,143,496,1810,99,225,254,1020,1089,261,465,485,173,619,716,2731,661,317,94,397,206,178,149,253,428,757,42,35,441,324,290,212,111,305,1652,488,355,323,82,164,217,3108,123,372,203,1710,151,642,1007,68,116,1224,66,189,554,277,122,163,97,424,66,401,138,73,83,1007,316,929,853,105,432,300,80,245,331,329,175,950,203,51,58,195,98,451,152,162,238,178,649,53,58,1615,393,993,457,1272,430,144,206,117,52,751,89,327,173,192,180,68,131,1062,118,700,834,71,187,162,201,112,154,197,149,1379,281,450,320,653,1659,838,309,690,261,524,1179,672,82,53,363,769,1825,792,321,143,1056,268,257,734,657,1229,112,0,621,166,5206,284,349,1038,312,225,94,236,157,88,200,79,159,1224,347,389,486,812,172,1121,918,242,96,360,250,642,160,264,101,42,51,255,234,128,60,0,497,155,551,774,130,159,69,696,135,296,842,595,356,90,469,270,173,113,254,380,208,476,912,0,333,274,1503,314,61,100,177,877,1563,141,0,141,200,0,1336,145,294,1133,856,533,92,762,97,962,2657,400,144,146,2238,28,283,140,56,54,651,59,370,181,143,272,316,200,468,266,627,289,302,62,130,1239,1802,419,125,403,526,61,426,144,136,40,128,297,138,266,181,0,749,665,111,136,171,98,151,228,398,92,32,58,59,746,53,113,831,94,408,162,826,1060,199,76,290,2667,42,365,287,355,620,435,341,237,66,149,692,215,435,177,288,1145,173,757,135,1086,210,371,266,852,162,112,147,355,334,623,116,205,227,580,42,550,159,391,64,273,131,781,0,1531,69,141,379,71,494,517,147,234,264,458,353,159,753,1376,42,114,86,52,241,1007,413,1251,550,547,3584,1206,1256,593,455,37,58,389,552,173,187,485,58,50,160,686,443,1029,211,5086,692,0,419,120,57,566,0,126,326,208,124,584,152,45,197,85,139,145,609,143,230,83,571,54,304,95,883,571,623,222,148,113,724,223,134,162,334,688,195,530,121,51,54,810,422,420,1868,50,29,254,197,61,239,50,329,279,236,382,242,265,195,1081,253,759,474,565,104,242,95,1091,1167,144,1423,124,151,158,390,785,90,1525,203,208,144,335,208,106,854,982,59,127,297,91,64,437,412,148,0,0,209,2013,90,1037,293,0,342,320,184,799,101,426,157,111,57,2395,994,255,1140,201,203,96,1096,173,502,173,0,216,96,91,224,84,246,886,728,200,91,0,257,219,377,449,103,310,343,49,431,59,178,328,995,184,349,750,555,1580,213,152,326,224,1297,0,256,0,169,107,982,1029,798,513,273,461,174,168,2309,420,384,482,55,440,801,279,108,264,599,507,62,98,279,208,186,132,99,159,226,337,253,482,75,99,427,80,793,130,588,100,246,214,399,485,43,286,716,218,69,244,186,1322,149,211,204,355,295,902,353,114,424,222,1587,152,220,91,789,497,170,43,2032,283,0,375,851,78,67,628,517,1411,255,2505,102,2777,570,253,216,218,81,75,65,45,368,504,232,1063,170,86,692,414,373,1390,720,254,234,31,359,171,1076,2706,1322,307,302,83,158,290,164,257,0,1656,403,192,82,86,541,202,183,214,732,87,598,3868,289,490,264,768,386,306,192,665,697,405,56,452,0,451,186,1450,35,629,638,345,466,25,1536,257,354,633,1722,2262,859,1533,108,690,328,196,1019,74,282,167,192,105,210,36,577,55,305,2541,105,125,148,243,321,317,999,213,588,349,248,148,195,43,187,487,162,432,59,111,403,327,164,0,318,259,842,268,1176,176,317,2343,334,71,1308,133,429,678,269,186,47,126,666,364,1140,48,92,553,3241,100,143,148,607,826,67,211,59,296,138,251,125,207,1028,498,221,346,342,838,559,1061,63,314,256,766,150,177,440,1136,1289,796,266,735,71,1336,411,359,70,203,349,1005,69,387,572,1010,189,335,132,0,147,294,1412,1756,297,149,637,145,1818,288,0,1003,342,80,299,69,124,88,198,181,224,599,66,188,392,154,142,2591,111,172,281,840,169,211,258,91,471,280,201,122,287,165,123,196,98,37,814,88,16,158,667,210,331,254,61,41,328,194,797,133,130,286,62,295,73,303,0,171,41,268,96,524,57,397,60,120,511,52,316,299,163,148,127,51,269,120,1124,621,914,68,185,51,125,842,206,163,148,873,261,252,123,290,275,45,177,330,62,560,359,173,338,0,56,206,170,171,460,105,1204,332,76,131,428,177,166,718,561,121,68,410,105,726,210,99,904,543,249,1529,129,100,5196,232,679,48,292,244,203,2611,46,196,308,107,127,86,926,391,75,71,100,368,58,69,716,91,127,112,807,168,396,69,724,522,181,106,90,126,262,226,163,309,696,86,0,117,4821,1587,153,1411,200,322,250,605,194,128,229,140,1147,195,166,263,227,74,1100,110,424,408,1907,0,1133,836,32,678,181,45,106,78,77,718,193,135,533,391,696,223,688,87,995,53,222,601,27,202,491,456,164,457,257,78,198,378,306,441,102,436,799,78,1669,919,250,482,680,249,187,960,181,0,1288,0,58,575,36,104,130,750,91,275,1023,352,381,164,815,247,461,355,267,0,974,395,100,123,325,251,447,246,126,248,488,60,584,556,468,796,201,237,126,67,721,79,191,113,1056,833,567,464,276,370,186,0,192,637,242,541,1072,158,27,159,583,164,234,291,131,57,195,42,35,476,679,374,69,181,440,192,909,88,219,505,175,213,725,33,0,45,632,325,0,627,387,147,78,259,23,42,1094,113,483,29,1007,597,124,79,899,594,222,144,759,248,566,0,122,258,2328,0,986,93,191,196,405,82,227,257,1176,238,239,634,2546,73,33,610,307,73,317,564,1259,48,276,238,380,255,164,71,833,49,151,1586,0,487,184,168,190,391,89,330,137,311,173,899,51,115,41,93,156,433,53,223,1000,1090,267,97,265,280,283,309,83,483,508,209,143,235,175,1938,204,213,298,159,226,236,56,1128,902,252,367,265,192,511,105,123,329,349,281,508,547,132,479,791,518,215,168,254,1384,137,113,213,249,1540,64,290,0,96,106,1170,335,178,133,119,1046,464,377,169,435,129,501,78,1263,0,100,116,1662,101,2493,416,310,176,119,539,493,167,418,89,557,218,432,276,374,659,62,214,92,354,152,215,117,466,1143,37,39,1959,160,0,83,587,555,141,126,681,369,157,205,55,119,114,457,410,786,2409,434,352,529,64,124,438,76,302,918,57,49,178,41,137,680,53,125,332,1306,89,807,77,119,187,86,972,764,526,362,248,136,1294,325,1991,74,50,100,738,106,760,106,305,276,432,124,66,211,0,158,85,322,104,181,1810,304,243,44,0,0,178,242,445,39,1958,128,312,538,34,125,210,283,32,1770,500,95,368,188,103,331,359,533,121,520,189,187,177,0,192,525,216,80,329,44,97,949,57,418,102,474,396,921,899,170,680,329,232,114,178,193,572,774,376,273,1168,100,232,291,66,115,95,73,124,202,54,436,317,637,363,692,351,268,343,423,101,79,74,306,167,299,421,1277,353,183,279,173,180,1895,233,321,410,1260,86,2049,337,136,126,359,1394,658,380,44,918,211,241,139,137,80,472,521,661,136,120,74,862,258,342,475,690,642,52,70,280,507,100,0,437,190,118,36,213,141,586,1436,299,219,355,85,66,1832,146,183,2163,348,131,41,114,321,230,31,1901,773,1125,0,262,114,190,52,105,338,188,333,493,241,390,674,381,512,2086,676,295,49,86,275,939,1046,541,178,245,1155,55,69,996,308,1185,199,828,413,340,246,60,137,188,1387,751,410,930,202,80,301,116,58,126,466,95,111,714,29,532,55,123,901,111,111,80,63,266,399,123,168,483,270,908,438,62,165,1748,181,70,79,87,1144,2194,79,336,96,161,101,54,645,165,753,1230,452,210,464,586,93,181,22,168,360,436,1257,0,137,82,256,985,334,452,66,109,891,79,535,57,786,70,293,73,354,58,80,361,811,75,94,302,1227,320,274,58,3060,100,137,47,73,0,43,635,260,275,441,1338,65,0,225,102,201,590,267,372,199,198,732,132,218,273,98,383,835,110,418,124,204,101,326,186,710,361,1187,225,104,1311,361,275,244,388,410,295,139,131,81,203,93,140,169,322,211,605,410,77,84,66,626,478,251,0,118,77,254,712,257,180,479,83,42,194,0,322,262,372,1215,859,1725,277,41,97,69,31,285,349,120,75,562,499,1888,323,805,273,332,738,173,369,28,246,230,99,234,76,211,302,73,777,1079,37,347,288,85,263,0,42,265,151,460,169,791,331,212,381,332,1026,549,0,902,204,137,144,245,763,141,455,239,45,315,160,119,439,745,159,1188,609,107,155,670,161,263,159,296,411,74,496,141,42,727,419,157,200,202,64,62,2953,34,759,227,197,190,89,351,629,132,0,87,147,165,169,179,914,91,207,91,109,2050,140,304,1407,172,247,38,123,172,121,202,84,318,401,241,612,546,248,66,58,322,258,189,231,184,73,66,155,170,218,35,318,135,136,1219,71,0,410,278,75,547,367,480,59,203,237,127,162,86,0,73,503,53,580,571,147,553,912,59,119,31,40,436,89,560,544,282,795,340,727,354,206,449,77,328,529,154,248,425,751,1013,485,320,154,72,348,220,124,66,177,434,110,187,283,328,396,2324,213,43,168,275,86,349,803,285,1286,196,316,203,197,33,365,0,612,1246,552,119,1244,73,43,372,235,346,292,120,0,56,372,382,165,285,155,1363,406,46,51,0,101,95,375,234,106,92,262,66,164,2585,114,73,1960,309,268,107,590,130,1238,301,60,498,471,90,71,577,81,28,500,64,1335,293,280,234,88,197,142,100,74,1963,304,77,52,46,1061,53,389,567,713,1056,61,72,217,242,282,116,66,1138,0,232,249,191,1104,467,903,711,320,974,142,94,155,165,127,154,118,524,61,3068,910,104,67,147,338,343,84,333,174,277,924,865,779,181,199,206,229,303,114,324,116,174,31,153,583,444,350,98,1063,123,0,257,123,42,362,460,67,227,265,839,191,169,0,291,323,254,73,84,918,3232,305,105,160,349,150,194,88,245,847,106,313,553,158,264,124,299,997,152,62,155,90,203,190,147,340,374,117,117,253,65,375,358,483,444,97,204,806,60,172,468,167,220,208,286,1129,572,447,173,284,114,151,309,205,403,1321,401,0,54,957,160,469,307,223,300,488,279,228,87,134,2073,405,843,279,623,359,362,427,572,0,356,256,138,629,305,194,225,75,3095,189,451,47,190,199,105,1027,43,127,160,2440,74,182,534,428,266,178,687,101,622,998,222,229,3128,127,1894,219,853,128,224,915,144,237,448,691,363,433,55,49,408,467,53,516,342,167,305,61,763,1088,690,108,376,316,117,706,0,99,337,186,295,315,220,1017,572,142,330,44,55,292,100,461,1331,105,365,792,63,148,60,240,812,629,94,96,257,609,63,114,267,486,123,33,431,309,134,139,1309,248,235,452,507,359,664,368,0,206,50,45,74,723,70,280,137,0,188,240,119,65,58,1050,63,434,342,570,189,441,205,433,44,43,2156,336,1117,109,341,258,55,226,134,55,249,228,1030,547,146,643,397,685,56,282,92,306,240,123,113,109,119,163,191,173,1301,819,126,295,121,78,366,387,0,0,89,83,1474,229,180,48,113,83,200,319,241,206,155,463,144,300,545,1265,103,122,1543,162,382,112,249,299,94,31,119,779,0,236,33,222,173,220,152,75,78,411,222,114,138,269,342,162,527,60,209,58,239,638,1185,1642,275,237,247,494,821,172,707,94,442,278,317,144,473,353,450,495,291,220,0,337,340,0,706,541,65,145,381,488,965,131,587,97,492,199,65,76,193,97,210,670,57,2264,494,55,1498,68,0,191,229,68,386,163,1315,43,0,142,505,0,50,558,77,0,228,49,377,109,222,403,390,1617,221,59,1185,178,696,128,546,65,383,326,100,116,632,214,521,50,105,391,95,586,723,132,154,676,219,878,1354,194,130,178,93,124,44,2871,417,40,66,277,348,204,156,51,196,124,122,253,367,233,139,0,338,81,0,1278,329,153,523,62,296,58,2256,77,66,64,19,55,36,70,307,938,38,287,444,774,181,428,165,50,97,216,327,190,73,246,1700,265,109,137
346,0,0,0,0,0,38,0,0,68,0,90,40,0,0,134,274,71,0,0,0,146,36,0,85,106,0,0,48,0,0,0,0,0,48,113,0,0,0,192,52,40,37,0,200,0,49,45,175,0,61,33,137,73,0,135,0,0,0,0,0,192,0,0,42,0,99,0,0,0,127,0,60,0,0,168,73,0,148,0,94,0,0,204,128,71,59,0,35,0,106,55,38,0,47,0,34,0,29,0,0,0,0,108,0,46,0,0,66,0,103,65,72,85,95,0,44,100,49,23,182,0,279,39,47,0,27,0,57,0,110,0,151,0,84,76,91,89,49,0,64,40,0,393,0,0,0,30,33,140,0,0,88,83,0,58,0,72,0,75,142,26,0,107,41,133,0,0,96,250,90,125,0,0,0,44,32,0,107,0,0,55,0,55,0,0,68,272,75,0,0,0,41,48,39,31,49,38,0,88,0,41,49,46,278,0,0,0,30,105,103,67,34,46,0,133,34,79,0,0,115,167,0,0,134,0,0,87,266,12,97,0,0,31,0,0,0,79,200,0,0,0,45,0,46,0,66,0,0,0,46,70,136,51,147,0,0,0,40,0,193,92,93,41,31,0,0,165,76,590,33,0,201,119,0,64,0,0,313,308,77,0,85,248,62,0,78,411,1499,27,144,0,96,0,0,0,0,55,42,68,57,0,41,50,0,131,136,184,0,0,0,175,77,0,0,41,53,139,75,0,0,0,0,0,138,81,0,220,0,0,72,0,0,77,21,0,0,0,0,0,0,68,0,65,46,0,17,0,35,1499,83,75,0,110,391,0,72,59,141,132,0,105,48,0,190,72,388,190,0,0,106,41,45,0,132,60,60,0,0,113,49,0,82,20,0,405,34,26,74,0,0,0,354,0,62,0,147,0,0,211,0,25,88,0,0,139,43,0,51,0,40,0,110,0,0,0,174,0,201,367,0,44,49,0,41,60,51,0,37,43,0,0,0,0,77,0,0,0,0,158,0,0,88,126,0,0,178,49,0,28,0,0,105,0,39,0,39,49,27,0,78,0,71,155,21,43,0,78,15,0,0,0,142,30,0,0,107,330,54,58,158,0,172,179,65,0,0,75,76,327,72,56,0,165,0,63,223,57,162,0,0,0,0,873,40,0,294,79,0,0,0,0,0,0,0,0,102,76,0,156,56,0,69,205,50,0,48,26,107,0,77,0,0,0,29,68,33,0,0,109,0,132,141,39,53,0,99,0,0,113,127,57,44,62,58,0,41,32,78,0,89,206,0,75,118,238,0,0,0,59,127,0,0,0,0,16,0,144,0,0,114,187,104,0,147,39,124,271,54,44,0,129,0,69,0,0,0,47,0,38,0,0,64,0,28,135,43,0,59,34,0,54,188,155,38,0,30,0,0,104,0,0,0,0,0,0,89,39,0,0,0,24,0,19,0,0,101,48,0,0,0,0,60,0,17,418,0,66,0,118,203,63,0,109,367,0,47,63,75,73,68,51,0,0,0,101,78,117,0,28,314,48,89,0,100,93,83,0,237,31,0,40,116,67,241,0,37,0,160,0,69,0,45,0,30,0,68,0,179,0,0,38,0,93,66,0,16,74,69,62,0,336,217,0,0,0,0,0,72,98,199,68,31,1131,77,0,87,205,0,0,114,102,0,32,77,0,0,56,448,94,0,0,778,84,0,0,0,0,151,0,0,59,35,0,46,0,0,52,0,0,0,110,0,0,0,102,0,43,0,59,69,66,36,48,0,346,0,0,40,0,53,18,122,0,0,0,90,68,84,309,0,0,0,0,0,37,0,35,43,0,76,0,0,0,354,0,117,0,111,0,0,0,191,0,0,254,0,44,0,78,159,0,262,0,0,0,57,0,35,95,342,0,0,0,0,0,81,118,0,0,0,38,155,36,255,0,0,0,0,40,140,0,119,0,0,0,649,92,48,114,0,0,44,120,0,45,0,0,0,0,0,51,0,0,242,89,0,0,0,66,82,51,192,0,32,31,0,0,0,0,47,190,29,0,95,35,510,0,47,59,98,266,0,90,0,54,37,169,223,232,125,0,58,45,33,299,39,92,37,0,180,150,76,0,0,39,162,0,34,54,48,0,0,31,53,0,48,91,66,0,40,119,0,107,0,97,0,0,35,0,36,0,0,109,31,0,58,0,359,0,35,100,0,98,238,0,42,70,0,622,38,21,0,320,137,0,0,44,0,0,24,120,31,0,61,159,280,35,421,0,1336,139,0,39,74,29,37,0,0,106,0,39,156,0,0,199,0,108,144,80,0,0,0,118,0,257,287,67,120,77,0,37,44,0,0,0,482,0,40,0,0,82,44,0,26,191,0,0,650,49,120,0,49,84,96,0,0,254,24,17,115,0,87,53,220,0,0,115,101,76,0,39,0,69,91,175,190,343,138,0,204,93,0,348,0,0,0,54,0,75,0,0,0,91,81,0,0,0,0,46,0,244,0,44,48,61,59,47,0,0,0,0,139,0,0,64,48,56,0,109,92,158,100,327,0,0,689,26,0,150,38,43,230,53,52,0,0,0,0,50,0,0,161,114,0,0,0,89,127,0,73,0,0,39,0,0,74,170,83,0,26,78,96,121,0,0,41,88,125,56,0,0,95,180,59,59,23,0,226,0,60,0,0,68,220,0,0,174,0,0,103,0,0,0,78,0,598,0,0,117,32,59,99,0,76,81,39,0,0,0,0,24,48,58,148,0,0,210,0,0,303,0,53,161,52,0,83,29,28,148,113,0,0,53,0,0,0,0,0,180,0,0,43,50,108,0,0,0,0,43,51,0,0,84,138,0,0,0,60,0,0,0,0,49,94,0,0,0,0,40,0,0,64,46,153,0,0,31,0,113,45,230,0,26,0,0,203,21,0,0,123,71,23,32,79,0,0,0,32,0,0,42,67,74,0,0,0,0,0,83,0,85,33,0,37,97,67,0,384,180,0,0,126,24,81,67,0,279,81,0,157,36,0,600,0,47,0,70,0,0,540,0,78,24,0,161,0,74,34,0,0,0,108,0,59,94,0,0,0,80,0,43,48,131,91,0,0,0,0,0,31,0,25,149,0,0,0,995,509,18,256,0,0,128,238,0,0,30,0,119,0,68,0,75,0,345,0,55,76,244,0,631,75,19,80,0,0,0,0,0,110,45,0,70,0,368,57,52,0,297,0,54,181,0,0,74,66,25,30,0,0,0,53,0,136,0,78,47,0,475,106,46,90,86,0,38,50,0,0,105,0,0,74,0,0,28,253,0,0,107,93,0,0,113,0,47,74,29,0,110,146,0,0,0,11,0,0,0,68,41,0,115,106,40,213,0,0,19,0,189,61,0,0,404,130,206,0,0,24,0,0,0,77,25,86,123,0,0,0,155,44,76,62,38,0,62,0,0,93,146,53,0,0,29,34,207,0,97,0,0,0,160,0,0,0,84,0,0,180,69,30,0,49,0,0,267,0,80,0,154,0,25,26,117,183,94,0,273,92,75,0,0,0,298,0,192,0,63,0,130,34,41,56,231,27,46,104,66,0,0,93,57,0,40,148,198,0,74,27,37,0,41,0,210,0,40,297,0,127,24,24,0,85,0,47,40,69,0,296,0,0,0,0,0,99,0,75,191,90,0,0,0,28,30,62,0,0,33,0,0,39,52,396,46,34,60,0,56,59,0,180,185,115,89,76,0,133,0,0,27,134,55,38,0,0,0,289,143,0,65,53,422,0,0,23,0,361,35,0,0,0,0,199,30,49,0,41,261,21,0,22,44,0,123,0,0,0,0,0,326,20,282,65,0,0,0,79,141,0,119,0,43,0,92,38,0,57,0,0,0,94,24,43,0,43,102,0,0,648,0,0,0,75,171,0,0,85,138,0,47,0,29,0,175,101,252,854,169,44,90,0,0,141,25,93,85,0,0,51,0,27,162,0,0,95,107,34,312,0,0,0,0,43,70,0,73,52,34,159,35,404,0,0,0,184,0,31,0,86,88,117,0,0,0,0,42,0,139,0,0,351,65,95,0,0,0,54,28,71,0,683,0,0,106,0,0,0,37,0,238,69,0,128,62,0,62,61,85,0,0,0,35,0,0,83,88,0,25,105,0,0,365,0,66,0,49,87,236,283,56,158,68,0,0,0,0,175,250,48,93,314,0,98,94,0,36,0,0,0,63,31,112,28,39,98,73,80,0,90,76,0,0,0,171,0,30,119,217,38,0,35,30,0,851,89,0,50,221,0,270,75,0,0,62,350,131,116,0,114,54,29,0,33,0,48,118,0,0,0,0,135,112,64,140,102,109,0,0,98,147,0,0,121,58,39,0,0,43,99,337,35,92,122,0,0,507,22,0,572,33,41,0,19,138,100,0,477,141,144,0,49,33,0,39,0,30,0,85,0,0,43,144,66,110,239,56,90,0,0,92,127,83,58,80,66,257,0,0,129,74,123,55,394,169,0,0,0,0,71,205,188,174,57,59,0,0,0,0,0,54,37,0,153,0,152,0,31,147,24,0,0,0,80,70,0,0,157,45,235,119,0,0,104,0,0,0,0,68,421,0,49,0,45,36,0,218,0,139,204,75,0,41,61,0,0,0,25,129,236,76,0,0,0,103,97,0,49,0,0,201,0,86,0,142,0,87,0,148,0,0,0,90,0,0,48,214,0,71,0,737,0,0,0,0,0,0,194,129,53,150,529,0,0,65,0,48,120,0,58,0,54,61,0,23,0,30,33,153,33,61,0,51,0,67,0,0,0,0,0,0,191,88,91,0,68,28,0,0,0,0,0,0,0,0,89,0,64,183,32,0,0,0,93,82,0,51,0,0,0,53,0,99,0,0,0,0,0,64,52,0,0,549,46,0,0,0,0,0,63,0,0,0,145,64,58,0,103,0,115,0,96,0,38,0,0,38,0,0,0,0,228,138,0,41,54,31,0,0,0,22,37,115,23,33,0,0,25,0,120,53,0,91,66,0,25,51,132,0,81,30,0,0,0,0,128,70,23,62,104,0,69,0,20,95,0,0,0,0,30,0,0,114,128,58,0,41,0,0,1070,0,88,55,0,0,0,65,83,0,0,0,0,49,0,0,136,0,0,0,0,96,0,59,232,0,72,0,0,0,0,0,0,66,66,38,69,90,39,0,0,0,70,59,0,35,0,0,0,0,0,0,67,0,24,492,0,0,57,132,0,130,0,114,0,0,68,31,0,0,0,0,31,0,0,56,0,72,167,0,38,0,0,122,0,53,62,68,60,47,109,61,0,121,0,53,41,0,27,89,97,104,66,151,0,0,0,0,0,0,0,57,23,0,0,112,55,1227,0,0,0,19,0,84,88,0,106,0,0,0,31,0,69,0,124,208,45,0,198,0,0,0,0,0,24,0,0,0,94,39,41,43,0,31,175,0,0,0,0,0,102,70,0,29,0,0,40,162,0,0,593,50,0,0,124,0,174,93,0,40,0,0,0,116,0,0,97,0,131,67,76,69,0,46,0,0,0,568,80,0,0,0,226,0,46,69,134,207,0,0,0,40,0,30,0,214,0,0,33,18,220,69,81,185,97,212,0,0,37,0,0,62,0,161,0,605,125,0,0,0,0,0,0,40,22,0,223,167,72,40,40,32,0,0,0,67,0,0,0,23,75,127,79,0,222,36,0,69,0,0,80,91,0,0,0,174,35,0,0,0,48,0,0,0,176,784,52,0,0,0,0,0,0,0,99,0,0,0,0,0,34,77,196,0,0,0,0,56,0,0,74,25,0,42,0,0,40,82,72,109,0,0,28,0,0,65,0,63,55,55,309,0,62,36,95,0,0,71,43,91,389,132,0,0,72,55,135,45,0,25,66,0,68,0,36,407,47,159,27,171,106,111,77,92,0,60,51,30,198,64,0,0,0,644,83,0,0,0,28,0,224,0,0,0,498,0,28,87,84,0,53,82,0,146,121,0,54,289,0,83,26,216,25,53,251,20,0,95,0,39,55,0,0,82,41,0,116,132,0,0,0,79,211,216,0,46,75,0,152,11,0,27,42,54,60,43,205,149,0,0,0,0,74,0,104,154,0,0,163,0,0,0,70,150,279,0,0,67,109,0,0,0,136,0,0,84,92,0,0,221,45,116,0,112,141,114,87,0,0,0,0,0,31,0,69,38,0,35,75,46,0,0,0,0,86,54,0,0,53,115,53,0,0,438,0,323,15,65,0,0,0,65,0,0,0,305,0,0,157,0,108,0,37,0,41,0,0,0,22,0,0,0,0,71,0,0,89,0,0,47,47,0,0,66,0,97,0,45,0,0,0,59,65,70,0,0,33,46,0,55,57,0,0,0,67,97,0,0,54,0,0,0,227,0,27,0,44,0,75,0,0,0,43,0,0,0,0,0,0,25,0,63,19,0,39,409,1214,49,80,42,111,138,0,69,0,51,0,57,0,103,112,147,0,0,0,0,85,0,0,0,107,0,47,82,83,152,0,113,0,122,0,50,0,47,0,30,240,0,400,45,0,94,0,0,48,58,0,38,30,377,0,0,43,159,0,0,152,0,0,0,0,0,0,37,119,53,400,83,0,308,0,140,0,62,0,0,42,0,0,176,0,193,0,0,57,0,0,196,0,0,0,0,148,126,0,0,0,0,0,0,38,60,0,0,61,55,0,0,0,0,0,0,0,13,89,0,0,0,0,0,91,0,0,0,47,0,0,273,0,0,0,0,0,0,0,44,86,0,28,64,30,0,50,44,0,0,20,57,0,11,88,121,0,0,0
347,0,0,0,65,57,119,57,0,87,0,411,34,0,0,226,331,155,0,68,0,480,73,79,64,130,0,0,71,0,0,33,61,0,0,174,329,0,106,354,73,79,98,30,451,0,0,76,332,0,266,0,111,237,0,204,54,0,0,31,0,112,71,435,0,0,149,0,34,50,603,0,44,27,0,396,168,0,484,0,168,0,0,182,262,56,0,0,92,60,228,30,72,61,99,42,0,0,102,91,0,0,0,137,0,0,57,0,51,82,263,79,39,142,179,0,0,125,76,17,251,20,301,68,0,60,77,51,141,0,126,0,269,0,0,77,315,138,0,0,143,106,203,296,0,37,80,0,0,171,0,0,71,37,197,183,24,57,0,306,324,124,0,112,128,82,55,34,167,135,121,198,74,126,28,0,56,34,368,127,58,480,35,0,38,109,0,258,339,0,0,0,88,74,271,54,41,42,55,209,0,154,204,0,613,48,44,57,41,198,124,90,64,101,0,173,84,48,0,33,52,116,0,0,277,0,23,177,343,0,67,0,0,0,0,0,0,83,209,83,0,100,65,107,62,0,228,0,69,0,83,69,232,0,247,32,72,0,32,98,458,171,117,0,0,0,0,485,167,308,61,27,102,379,97,96,120,0,1265,175,127,0,52,134,50,80,0,211,1327,121,55,0,175,42,0,125,0,133,110,87,63,0,95,39,0,60,214,206,23,111,88,182,0,0,0,0,58,197,130,0,95,0,0,65,49,177,51,169,0,25,243,0,0,54,123,0,0,0,0,78,0,66,0,80,82,32,0,0,88,595,237,124,0,73,194,0,75,0,226,139,67,0,70,29,53,276,398,53,78,0,130,66,0,61,107,213,194,0,0,81,59,50,52,0,62,366,83,0,71,0,0,0,384,0,97,63,534,87,131,173,0,0,261,0,31,39,0,0,43,0,116,0,123,115,0,0,318,77,196,233,0,108,215,21,0,131,61,67,141,0,0,0,101,0,17,0,50,96,0,59,0,0,289,166,201,178,95,78,0,46,0,0,128,0,107,0,0,0,0,0,253,22,163,120,0,0,0,105,51,0,41,47,150,0,90,61,175,122,170,71,134,58,93,0,94,0,0,115,126,267,141,131,0,101,90,63,212,130,206,29,0,143,41,134,104,137,277,91,61,21,91,0,0,52,0,0,244,0,103,135,148,103,299,437,99,21,0,30,298,0,27,29,0,0,137,50,0,0,0,131,40,274,174,78,0,0,0,26,0,291,194,173,0,79,0,41,19,61,38,0,223,329,0,0,48,158,50,0,0,0,142,169,50,0,50,0,0,242,0,0,189,228,152,0,414,0,199,467,53,0,0,258,0,208,0,0,0,166,0,38,0,49,87,89,74,99,0,142,63,37,0,0,326,357,133,0,83,174,0,125,0,24,0,0,87,30,94,34,0,97,202,0,0,51,40,0,104,47,0,0,0,0,185,0,0,193,0,95,36,100,325,39,0,0,689,0,39,0,81,191,96,74,86,0,0,157,0,73,80,41,232,29,203,30,181,55,0,54,97,0,42,48,93,83,184,35,63,36,190,0,228,52,75,0,0,0,94,0,382,0,22,90,0,88,106,70,0,0,155,206,59,291,372,0,0,27,0,0,153,84,154,144,74,923,318,175,260,90,0,0,131,74,0,0,96,0,0,0,147,143,162,40,1246,145,0,131,0,0,98,0,0,80,41,0,145,0,0,50,0,37,36,90,0,79,0,124,0,0,0,219,145,67,0,0,0,182,62,0,39,95,65,77,98,33,0,0,153,93,136,316,0,0,76,44,0,66,0,49,0,69,97,87,120,61,323,63,158,85,102,28,83,0,171,204,22,429,0,0,0,93,121,0,197,48,0,47,90,0,28,212,309,0,0,46,0,0,179,0,0,0,0,0,519,0,207,94,0,78,77,53,120,27,98,28,0,0,510,198,92,300,0,71,20,179,0,100,55,0,0,0,0,0,0,72,158,55,32,0,0,62,78,58,47,19,91,47,0,153,0,0,77,211,48,67,67,0,308,45,43,100,64,510,0,0,0,66,0,37,126,195,261,0,99,49,52,538,109,0,193,0,142,164,123,38,40,112,91,0,0,0,0,55,0,0,58,70,78,108,205,22,0,144,0,128,61,0,0,49,71,75,165,0,192,43,72,0,92,36,290,42,38,73,102,69,323,237,45,177,86,614,63,74,0,302,160,82,0,303,40,0,72,417,30,0,175,46,440,95,133,34,567,95,58,37,47,0,0,0,26,131,108,0,191,0,43,203,33,32,457,91,70,77,0,90,37,167,670,209,123,108,44,0,107,0,74,0,465,165,67,0,47,78,0,51,0,69,35,367,1218,80,116,80,133,80,70,71,396,296,135,0,95,0,74,36,301,0,147,137,126,138,0,423,100,156,74,467,642,127,389,33,201,91,53,290,0,111,44,63,32,58,0,155,0,73,735,56,40,0,173,58,76,247,65,79,46,66,33,68,0,49,100,82,165,0,48,121,0,63,0,23,75,76,107,455,48,138,807,34,0,726,0,263,223,54,45,0,43,183,105,304,0,18,219,442,0,38,21,112,208,0,57,0,116,60,42,48,56,268,197,123,38,135,158,110,306,0,0,0,266,57,21,165,153,180,380,127,206,0,193,79,244,0,60,129,164,0,165,198,257,53,35,75,0,0,85,384,632,73,70,112,0,646,146,0,276,110,0,57,0,0,0,47,0,0,136,0,79,199,61,0,156,0,39,94,232,16,0,64,31,91,57,0,0,0,37,32,70,38,0,64,0,0,0,101,0,97,83,0,0,74,0,116,0,50,115,31,25,0,0,17,0,0,78,40,66,0,231,0,0,97,0,64,72,0,116,0,0,44,0,87,142,315,0,0,0,0,203,0,0,35,116,103,0,0,44,0,0,55,119,0,82,82,0,70,0,0,35,55,0,72,0,54,48,0,0,133,33,0,154,203,0,0,104,0,114,75,0,159,119,62,205,0,0,828,0,298,0,77,75,0,288,0,70,0,0,73,0,106,118,42,0,0,70,0,45,163,36,0,23,199,42,80,0,135,139,0,0,25,0,88,41,0,0,251,0,0,0,792,430,51,707,0,0,83,189,63,0,0,0,300,0,0,49,59,0,211,23,152,0,945,0,390,277,0,211,0,0,27,0,0,129,68,0,88,0,159,47,142,0,238,0,48,187,0,88,52,144,0,102,60,0,37,56,53,83,25,64,112,0,211,127,62,104,273,72,0,278,0,0,497,0,0,117,0,30,30,164,0,85,314,85,0,50,203,53,34,65,113,0,331,66,35,0,0,62,0,0,0,0,152,0,100,194,194,317,93,80,0,0,189,48,51,0,302,68,126,67,34,67,70,0,0,238,0,65,198,78,0,28,273,0,0,45,0,0,0,0,0,74,142,44,0,0,89,0,149,0,0,77,0,33,132,0,20,0,174,74,0,71,68,0,0,102,0,0,259,0,81,0,174,86,0,0,204,74,69,0,163,57,73,0,23,64,409,0,157,0,63,0,101,0,0,50,151,64,0,106,544,0,0,84,31,0,60,114,305,0,82,74,78,28,43,0,99,0,51,369,0,211,0,28,49,112,0,103,78,82,0,260,0,0,0,23,0,121,0,30,162,279,0,0,0,41,49,52,0,116,76,0,38,49,0,299,0,57,73,0,66,23,0,211,220,0,59,43,0,95,0,0,61,148,60,66,91,0,101,178,188,0,0,0,553,0,0,59,55,375,0,65,0,0,42,129,60,32,0,0,176,68,106,33,138,19,59,0,323,0,38,0,387,0,339,65,81,35,33,79,141,0,0,43,73,43,64,0,91,118,0,105,0,0,0,67,0,165,235,0,0,426,0,0,0,122,139,26,51,81,88,0,70,0,0,0,202,0,212,390,142,70,97,0,0,97,0,54,218,0,0,20,0,0,113,0,0,68,197,0,370,0,0,35,0,165,260,117,38,0,0,151,0,305,0,0,0,137,42,124,0,53,41,69,24,0,0,0,0,0,41,0,0,250,70,63,0,0,0,47,58,95,0,302,35,71,0,0,0,0,87,0,189,147,0,131,61,37,126,135,184,0,119,44,36,49,0,87,74,0,0,68,0,0,460,23,60,50,87,181,324,195,44,146,53,40,0,33,37,0,296,132,76,400,0,0,46,29,26,39,0,48,37,0,104,100,160,17,135,85,59,55,59,22,0,0,58,36,0,106,515,67,52,57,0,99,132,88,0,113,235,0,315,190,0,60,0,452,84,96,0,149,0,40,0,60,0,69,106,45,20,50,22,287,39,62,0,124,113,0,0,38,92,0,0,63,87,0,0,70,0,85,527,46,126,96,0,0,99,0,0,376,60,0,0,30,0,0,0,596,120,308,0,95,0,89,0,28,125,27,222,117,65,102,143,0,46,489,155,106,0,42,68,157,303,96,70,151,282,0,0,350,130,213,43,0,145,115,0,0,34,0,528,209,246,207,53,0,0,0,0,0,120,0,0,233,0,165,0,0,194,0,0,0,0,0,201,0,0,126,108,206,136,0,0,678,0,0,0,32,133,619,0,74,19,62,39,0,108,79,194,209,68,86,90,88,0,67,0,52,69,0,303,0,0,0,121,61,45,100,18,25,179,0,200,0,154,26,0,0,0,0,0,92,101,0,0,94,511,0,103,0,674,0,40,0,0,0,0,435,0,105,93,781,0,0,0,0,0,178,66,69,92,50,151,0,82,66,33,97,161,0,83,64,47,0,53,0,216,133,324,85,0,467,40,65,0,44,79,68,44,0,42,59,0,0,0,92,0,144,173,0,0,0,147,149,53,0,0,0,0,229,84,107,74,0,0,62,0,72,103,61,328,220,506,0,0,0,0,0,0,132,67,0,108,240,268,81,239,142,76,248,43,94,0,0,37,0,60,0,0,58,0,105,58,0,53,62,0,50,0,0,55,60,156,85,207,68,85,72,52,103,134,0,123,0,100,41,47,0,88,140,48,0,59,64,0,119,61,0,327,0,0,83,152,37,76,23,0,66,0,233,0,0,143,173,74,0,46,0,0,756,0,126,62,56,50,0,0,0,0,0,0,0,45,0,41,94,0,35,0,0,679,0,0,177,86,20,0,18,40,0,0,0,0,63,0,237,138,0,0,0,0,67,0,104,87,0,0,41,72,50,0,130,53,0,324,0,0,81,160,0,122,68,129,0,47,146,37,0,0,0,39,171,0,121,147,37,62,247,0,46,0,0,107,0,215,76,84,247,76,220,70,42,187,0,98,76,0,32,29,180,284,75,269,0,0,68,25,0,0,48,54,0,49,100,93,60,1166,36,0,61,93,0,165,27,0,253,81,29,0,0,0,41,0,201,213,204,28,121,0,0,0,45,121,40,0,0,0,72,0,74,0,38,320,155,0,0,0,0,0,138,153,0,0,76,0,50,659,0,0,245,90,144,0,219,56,284,69,0,159,123,0,0,107,0,0,139,0,256,66,104,46,22,82,0,0,37,450,0,0,0,0,369,0,148,128,228,183,0,0,76,75,76,0,0,378,0,0,89,39,109,113,327,211,81,689,0,18,0,84,0,68,31,309,0,972,314,0,18,0,72,86,44,56,57,87,167,136,148,50,95,28,21,57,0,95,39,42,0,0,161,50,0,0,428,57,0,70,48,0,44,107,0,37,89,169,0,81,0,70,88,49,0,37,98,314,77,0,46,83,0,69,0,69,176,29,57,188,52,62,0,43,246,49,0,0,0,0,0,56,0,76,0,25,70,0,78,99,83,298,0,49,326,0,0,96,54,29,52,69,476,82,112,50,0,0,38,76,56,103,122,65,0,0,244,132,119,82,30,138,153,123,129,0,42,312,96,322,62,178,58,116,301,164,0,75,0,24,109,78,0,0,0,439,101,188,0,0,0,0,122,0,0,0,1088,0,42,92,0,92,0,277,0,95,331,145,91,1100,0,642,41,225,0,103,146,0,49,71,253,41,118,0,0,71,139,0,224,0,75,61,19,246,184,147,0,107,110,23,122,0,0,28,35,0,0,39,272,198,0,93,0,0,57,31,61,320,0,61,161,0,0,0,77,250,83,0,0,32,136,0,0,47,247,0,0,43,83,0,0,146,50,0,182,47,90,91,77,0,0,0,0,0,107,0,0,12,0,77,75,0,0,0,116,0,70,65,99,0,113,74,37,0,0,374,108,517,0,73,56,0,61,0,0,41,0,230,154,41,97,126,203,0,46,0,37,0,0,40,0,31,0,0,0,131,205,0,32,0,0,78,87,0,0,0,49,512,72,0,0,0,39,60,92,48,78,0,166,44,28,90,363,0,0,499,0,50,30,40,46,49,0,0,236,0,68,0,42,0,0,0,0,0,42,0,37,0,84,38,0,201,29,0,0,35,96,308,608,0,97,69,44,218,0,100,0,77,0,118,0,127,48,62,189,0,0,0,65,76,0,183,103,0,51,50,79,223,0,148,0,215,0,29,0,35,0,70,93,0,898,72,0,335,0,0,106,0,0,39,50,264,0,0,50,75,0,0,112,0,0,0,0,55,0,77,115,68,490,64,0,179,39,380,0,176,0,139,0,0,0,90,0,63,0,0,48,0,103,227,66,48,294,34,334,197,63,0,25,19,0,0,742,165,0,0,46,74,25,67,31,0,0,0,72,0,35,35,0,100,0,0,111,52,0,166,17,41,0,214,0,0,37,0,0,0,0,0,182,0,47,72,293,25,95,29,0,24,106,48,0,0,44,373,35,0,46
348,0,0,0,0,0,64,0,0,58,0,57,0,21,17,61,0,141,0,0,0,177,0,64,0,63,0,0,0,0,0,0,0,0,0,0,0,0,0,35,57,44,0,0,52,0,0,0,275,0,0,0,72,84,0,159,0,0,0,54,0,93,69,0,0,0,0,0,0,0,284,0,0,0,0,0,173,0,234,0,158,0,56,42,99,0,0,0,0,0,210,75,0,52,53,0,0,0,0,0,0,0,0,169,42,26,0,0,0,0,44,0,76,77,97,0,0,88,0,0,90,0,105,0,0,30,0,0,128,0,0,0,107,0,0,0,78,22,0,0,32,0,0,85,0,0,0,0,0,52,0,0,40,0,57,0,0,0,43,135,50,42,0,132,65,0,32,0,85,94,134,74,0,0,0,67,0,20,125,0,0,55,0,0,35,0,0,658,360,0,0,0,86,80,65,0,70,0,0,30,0,52,0,0,92,0,71,0,0,0,0,54,0,0,0,0,0,41,0,0,50,99,0,0,77,0,0,0,84,0,68,25,0,17,0,0,0,62,184,0,0,153,0,0,28,0,67,0,0,0,0,0,118,0,41,50,0,0,0,71,70,115,0,0,0,0,0,558,0,300,0,27,84,117,62,38,0,0,166,152,0,0,77,96,0,51,58,178,1147,26,70,0,142,0,0,0,0,53,75,0,57,0,0,0,0,355,39,55,0,107,53,33,0,0,0,0,45,0,0,42,0,0,0,0,77,47,0,109,0,35,46,0,0,0,0,67,0,0,0,77,0,0,28,0,0,0,0,0,72,235,63,9,0,0,535,0,41,41,141,229,0,0,61,0,0,46,168,197,21,0,0,0,0,0,0,0,93,0,0,69,0,31,45,0,0,0,0,114,0,0,0,0,179,0,0,43,127,0,129,154,0,0,55,0,0,0,0,0,0,32,38,0,0,0,0,0,0,0,95,102,0,33,49,0,0,78,32,0,82,0,0,0,0,0,59,0,0,0,0,134,0,0,204,59,51,0,0,0,53,0,0,0,60,0,0,0,30,0,0,0,140,0,101,115,0,0,0,0,0,0,0,15,0,0,0,0,0,349,122,0,90,0,0,38,0,0,0,44,127,71,91,26,0,106,0,60,74,84,139,0,0,134,0,0,0,0,105,0,27,0,0,0,0,36,0,0,0,0,42,56,0,0,134,131,0,0,61,63,71,0,0,0,0,0,0,23,0,0,0,0,0,0,33,0,42,0,0,0,0,198,134,0,0,0,0,0,0,0,0,62,50,0,0,59,33,0,52,0,0,0,45,50,0,0,0,0,0,137,0,0,0,82,68,0,0,0,170,78,0,0,0,274,0,46,0,0,0,53,0,32,0,0,0,95,0,125,69,42,0,0,0,0,65,102,88,0,0,0,0,0,0,0,0,0,0,0,0,0,0,0,0,0,0,0,0,21,0,0,0,0,0,0,115,0,0,184,0,0,0,24,150,0,0,24,0,0,33,0,0,57,43,0,0,0,0,178,21,0,0,55,43,0,113,0,43,0,0,32,98,0,0,0,0,0,48,36,0,0,24,0,111,34,0,0,0,0,0,0,129,0,0,90,0,0,0,18,0,0,0,0,0,0,0,0,0,0,0,42,0,0,48,0,0,368,23,204,40,26,0,0,0,0,0,0,109,0,0,29,178,113,110,0,342,106,0,83,0,0,0,0,16,0,0,0,179,0,0,0,0,0,0,42,0,0,0,0,0,0,0,0,115,0,0,0,0,153,0,0,0,30,148,0,0,0,0,0,0,97,0,157,0,0,0,0,0,0,0,0,0,0,0,0,0,0,75,50,56,0,0,0,52,0,0,0,28,201,0,0,0,60,20,0,70,0,0,62,0,0,0,51,88,0,0,0,0,0,145,27,0,0,0,0,105,0,55,31,0,63,0,0,0,0,110,0,0,0,0,0,36,201,0,0,0,66,0,0,0,0,0,0,0,0,0,0,153,0,0,0,0,43,0,0,0,0,0,39,0,80,0,0,0,0,0,58,0,107,113,0,0,0,0,127,0,0,0,0,0,64,51,143,62,0,0,0,17,0,63,0,35,0,80,39,0,0,0,56,61,0,0,0,0,0,0,0,32,43,0,42,0,0,0,66,19,31,0,57,0,0,0,0,0,0,0,39,0,0,0,0,104,0,0,55,0,0,0,0,0,0,0,216,0,0,0,0,48,0,0,167,0,0,41,154,0,0,0,26,277,33,142,0,713,52,0,0,0,0,0,0,0,37,0,0,45,0,0,0,0,28,57,0,0,0,0,0,0,157,445,92,48,0,0,0,0,0,30,0,125,0,0,0,0,0,0,0,0,0,0,37,72,56,124,0,0,0,45,0,31,89,0,0,65,0,0,0,208,0,66,0,98,43,0,0,40,0,0,113,422,91,35,0,122,52,0,72,0,18,0,29,0,58,0,0,0,44,392,0,0,0,0,0,0,321,23,0,0,46,28,0,0,0,0,0,0,0,0,0,44,0,0,22,50,46,0,89,0,0,181,0,0,80,26,0,0,0,0,0,0,0,0,147,0,0,0,164,0,0,0,0,0,0,29,0,0,0,0,0,46,72,50,0,0,0,0,0,156,0,0,26,86,0,0,33,175,0,0,0,37,0,74,0,35,0,0,0,0,0,0,203,0,0,31,0,0,0,0,0,310,0,0,44,0,148,97,0,156,0,0,0,0,0,0,0,0,0,95,0,0,0,0,0,127,0,0,0,0,0,0,0,0,62,28,0,0,0,0,0,0,0,0,106,0,0,0,0,41,0,0,0,0,0,0,0,0,56,0,0,41,0,44,0,0,0,0,0,32,0,0,0,0,0,0,35,30,0,0,0,0,0,0,64,122,0,0,0,0,0,73,0,0,26,51,0,0,0,0,0,0,0,0,0,0,0,0,36,0,0,0,0,0,78,0,0,36,0,0,61,0,0,0,163,0,0,105,0,0,0,0,141,0,0,96,0,0,677,0,29,0,29,0,0,249,0,0,0,0,48,0,34,0,0,0,0,39,0,0,0,0,0,0,80,0,0,0,61,94,0,0,0,0,0,0,0,0,0,0,0,0,122,204,0,167,0,0,65,0,0,0,0,0,97,0,0,0,0,0,266,0,0,0,137,0,141,0,0,77,0,0,0,0,0,83,0,0,0,0,0,0,120,0,126,0,0,81,0,0,0,0,33,0,0,0,0,0,0,0,0,60,82,0,109,133,0,57,47,0,0,0,0,0,0,0,0,0,0,0,18,0,0,0,0,38,0,0,119,0,23,0,0,0,0,104,0,0,0,0,0,0,0,47,0,0,0,48,0,84,0,0,0,0,0,0,0,0,103,148,44,39,0,0,0,0,0,0,0,19,53,0,0,0,0,39,50,35,0,0,0,0,0,0,125,57,0,0,0,24,132,0,25,73,0,0,73,0,0,0,95,33,0,104,0,0,0,0,0,0,101,0,63,0,183,0,0,16,29,60,0,42,52,0,0,0,0,0,71,0,67,0,0,0,109,0,0,0,159,0,0,0,537,0,0,0,0,0,45,66,52,0,75,0,0,44,0,0,168,0,0,88,0,0,17,0,0,39,0,38,0,54,0,0,0,0,0,0,22,0,0,0,69,124,0,0,0,49,0,0,0,0,80,0,0,0,0,0,0,0,0,0,0,34,0,0,44,63,0,0,33,16,0,0,0,0,21,45,78,0,126,37,54,37,0,0,303,0,0,0,49,125,0,74,0,0,0,311,0,0,23,0,120,42,45,0,49,0,98,0,159,0,0,0,28,0,369,0,57,22,0,24,99,0,0,0,62,0,0,55,0,73,0,0,0,0,0,40,0,51,0,0,0,340,0,0,0,132,46,0,0,0,0,0,0,0,0,0,121,53,64,248,0,59,52,0,0,0,0,0,170,0,0,0,0,0,115,0,0,0,172,0,43,0,0,31,0,142,156,126,106,37,0,132,0,347,0,0,0,0,0,0,0,0,67,0,0,0,32,0,0,0,0,0,0,298,19,0,0,0,0,0,0,55,0,279,0,42,0,0,0,0,0,0,72,0,0,23,0,0,116,105,40,0,59,0,0,27,0,0,0,49,0,0,0,0,195,0,30,0,96,39,99,0,0,64,0,0,0,0,64,0,43,0,0,91,0,0,31,0,0,0,0,0,0,0,83,44,42,0,146,37,42,0,0,0,0,0,0,0,0,24,69,0,40,0,0,0,0,0,27,77,77,0,147,0,0,0,0,118,0,72,0,84,0,0,0,0,0,110,0,167,0,0,0,164,53,0,0,144,0,0,0,0,182,0,0,0,0,0,0,0,0,139,125,0,71,73,0,0,44,22,0,117,31,0,0,0,0,0,0,174,45,31,0,0,0,0,0,0,63,48,0,92,0,0,60,42,0,176,128,111,0,0,0,0,102,0,47,0,178,0,0,81,34,92,0,0,146,0,0,0,0,37,248,0,0,244,0,0,68,0,0,0,84,0,0,62,0,163,0,0,0,0,0,0,0,0,0,0,0,0,84,0,60,0,0,230,0,0,0,0,133,103,0,0,0,0,0,0,0,0,121,31,0,0,96,58,0,0,0,0,74,0,0,0,0,0,88,0,0,0,0,0,0,0,0,0,0,0,0,0,0,0,0,93,0,0,0,49,118,51,42,0,230,0,0,0,0,0,0,0,0,37,88,53,0,0,68,0,0,182,49,76,0,0,53,0,66,0,0,95,0,0,0,0,0,0,56,0,93,80,315,66,0,364,68,33,29,59,68,84,0,0,0,70,0,35,0,0,0,99,0,0,0,0,94,66,0,0,0,0,0,131,0,0,0,0,33,0,0,35,48,0,86,117,191,0,0,0,0,0,29,59,0,0,46,146,249,43,111,34,0,114,0,81,0,48,0,0,82,12,0,0,0,118,82,15,22,22,0,0,0,0,37,0,99,57,303,47,0,57,0,126,180,0,116,0,0,0,76,76,0,40,50,0,62,0,0,58,104,0,152,90,0,53,65,0,0,0,40,66,0,122,0,0,130,65,0,0,60,0,0,243,0,135,55,19,0,0,0,58,25,0,0,30,62,0,0,147,0,0,0,0,340,0,33,137,0,53,0,0,99,0,0,0,63,0,141,72,82,30,0,0,0,88,0,38,48,24,0,0,29,0,0,89,0,0,141,0,0,0,105,0,189,37,233,0,0,0,0,0,0,0,0,38,0,0,69,0,118,57,0,0,0,0,55,0,46,66,71,112,56,110,62,0,54,0,90,35,0,44,0,162,88,50,118,0,0,141,0,0,0,43,105,0,0,40,0,0,488,0,0,0,41,0,145,71,46,155,0,81,0,35,0,60,0,34,104,46,28,115,0,0,71,0,0,64,0,0,0,0,57,64,0,0,112,56,0,0,0,0,0,46,0,0,0,29,0,0,211,0,0,356,45,0,0,84,0,133,65,0,57,0,0,0,56,0,0,0,17,0,0,39,54,0,0,0,0,0,307,45,0,0,0,0,0,49,0,146,69,0,0,32,0,0,0,0,92,0,0,0,0,87,34,0,68,53,82,0,0,0,0,0,0,0,0,0,344,170,0,0,0,76,0,0,0,41,42,0,101,57,16,0,31,0,0,0,0,0,0,0,0,43,57,0,0,134,0,0,0,0,0,0,0,0,0,0,105,0,0,0,76,0,0,0,0,0,175,0,0,0,0,0,40,0,0,0,0,0,101,0,75,0,60,110,0,0,0,0,0,0,0,34,19,0,0,0,0,37,45,76,0,0,0,73,0,0,131,0,53,0,0,174,0,0,29,0,0,43,0,0,60,188,47,0,0,55,0,0,47,0,58,58,19,29,0,0,75,55,272,0,71,0,0,31,129,0,48,45,0,119,0,0,0,20,52,27,73,0,0,0,0,61,0,0,0,191,0,0,0,68,0,0,50,0,0,73,0,36,90,0,39,0,150,0,52,194,0,44,0,76,0,0,0,0,56,36,0,39,0,0,0,0,102,75,92,0,0,0,0,0,0,0,0,0,0,0,0,208,0,0,0,0,0,0,0,59,106,0,38,86,0,0,0,0,74,0,0,0,36,0,0,0,74,143,0,0,0,49,0,0,225,0,35,126,0,101,68,43,0,45,0,0,0,111,0,59,0,0,0,37,0,0,0,155,0,112,0,178,36,0,34,69,0,0,83,0,251,0,125,37,0,0,0,0,0,0,226,51,0,130,0,73,0,0,0,78,47,27,0,29,0,0,0,0,440,61,0,61,0,0,86,0,0,0,0,0,114,0,66,0,0,0,54,28,78,0,0,24,0,26,78,66,0,0,189,39,53,0,29,0,34,0,30,186,0,55,0,0,0,0,0,0,0,107,0,0,0,0,38,29,0,0,0,0,63,58,439,602,37,64,88,60,0,41,0,0,147,69,68,0,96,95,44,77,0,0,0,51,23,0,154,0,0,34,35,65,351,0,60,0,157,0,0,0,0,0,0,118,0,443,73,0,289,0,0,80,0,0,33,45,140,0,0,0,88,0,0,71,0,0,62,0,0,0,0,0,93,505,59,0,63,0,197,0,46,0,98,0,0,0,110,0,119,0,0,44,0,112,172,0,0,119,72,183,112,41,0,0,0,0,0,235,72,0,0,0,0,27,0,0,0,0,0,54,0,51,45,0,70,0,0,170,39,0,53,22,0,0,329,31,0,0,0,0,0,0,30,288,0,0,206,48,0,34,0,0,0,33,0,0,0,69,301,0,0,0
349,0,0,33,49,39,131,91,0,137,0,197,49,52,0,221,176,211,32,31,0,412,0,76,73,0,0,66,125,74,0,0,27,0,71,113,47,0,160,369,112,77,37,30,160,0,57,0,537,30,356,0,282,201,18,238,0,0,0,76,0,224,163,395,35,0,208,0,41,38,573,0,66,0,0,333,241,0,522,50,315,46,73,200,499,132,36,0,75,89,379,75,32,139,203,46,43,0,95,75,0,0,42,276,50,36,87,49,108,39,246,73,88,139,251,84,57,89,38,0,339,36,252,28,29,65,41,0,177,59,169,0,590,0,96,93,349,165,74,34,154,81,131,169,0,30,80,84,0,191,35,0,190,75,272,78,0,140,77,464,189,71,39,328,126,249,112,0,174,365,188,273,53,0,49,87,45,74,244,58,99,346,0,0,82,90,53,697,469,0,0,0,218,187,307,0,107,43,29,139,0,136,219,39,411,46,98,62,84,190,212,118,0,111,34,193,81,75,0,56,124,128,79,0,605,0,46,75,92,0,90,0,0,0,36,0,56,164,357,139,17,262,53,51,43,0,185,0,39,0,83,160,454,80,249,110,107,0,48,134,276,329,124,0,0,0,42,804,179,538,0,51,186,702,137,141,135,0,1355,481,58,0,108,278,48,93,93,414,1150,108,85,65,366,35,35,111,0,137,125,101,116,30,65,60,0,512,289,114,0,150,141,609,146,0,0,54,136,312,114,61,94,68,26,0,204,190,48,132,0,32,369,0,119,161,111,128,0,31,0,75,0,124,18,84,130,0,0,32,109,1378,162,76,0,486,463,0,142,116,251,125,58,112,107,0,157,319,215,168,99,0,344,78,70,42,100,198,213,0,0,250,78,0,55,61,74,953,59,122,114,0,33,0,447,0,100,44,224,75,157,131,0,57,228,0,40,189,76,29,101,41,119,0,121,74,0,0,342,57,314,152,0,93,236,38,103,144,108,65,302,0,0,36,109,0,132,0,67,96,80,272,0,0,346,160,169,115,263,122,51,73,0,0,163,0,85,0,94,65,0,57,280,72,205,190,82,0,0,102,50,33,0,76,261,166,59,79,193,685,361,141,133,0,337,184,154,0,0,105,108,135,214,102,0,203,0,129,264,161,146,0,0,340,52,643,50,124,197,276,95,0,66,0,0,58,0,0,82,65,121,140,85,103,292,529,118,0,51,75,236,0,97,0,0,0,139,85,24,0,0,220,51,228,295,68,66,11,125,44,67,402,186,193,39,53,55,67,26,90,81,88,160,333,0,112,52,354,55,0,0,64,186,204,55,0,54,0,0,142,33,79,129,384,96,0,320,0,249,344,104,44,60,406,0,213,0,0,35,193,0,84,39,56,104,158,79,152,67,194,0,59,24,44,0,377,161,41,75,125,14,59,0,28,0,45,75,41,101,34,0,217,256,0,0,66,25,59,88,69,0,0,0,0,349,15,0,254,38,0,36,248,121,29,0,52,772,0,81,0,133,269,92,69,115,0,0,160,0,70,31,0,191,57,95,51,156,51,0,56,205,0,38,49,118,64,223,36,53,67,110,0,137,37,73,0,98,0,95,0,236,0,0,92,0,44,160,78,0,49,136,62,59,250,202,0,0,0,0,45,299,63,114,68,171,1330,364,261,92,106,0,0,100,79,0,0,126,0,0,46,174,0,258,70,1432,97,0,168,0,0,104,0,49,53,47,0,229,56,0,66,0,44,55,97,0,85,0,176,0,56,0,219,115,214,0,0,50,242,84,45,49,90,111,33,43,29,0,0,234,90,166,270,0,0,67,53,0,84,0,101,0,74,86,43,0,0,377,26,104,159,104,0,69,0,205,280,0,239,0,0,66,35,81,0,207,62,68,56,78,82,0,248,330,0,0,0,0,0,87,122,0,0,0,78,363,0,135,57,0,83,78,52,86,0,119,0,0,0,385,66,81,477,49,83,39,322,0,135,0,0,62,0,20,0,0,77,177,198,46,0,0,0,70,0,111,41,89,44,0,135,0,0,94,169,33,185,264,76,232,48,50,0,115,147,0,41,0,0,46,123,135,298,119,0,69,62,30,889,110,77,104,0,184,169,69,0,36,101,103,36,40,140,37,32,48,0,0,49,27,112,152,0,0,179,30,78,0,0,0,59,50,67,122,0,50,98,0,0,81,29,705,0,0,70,69,112,112,73,0,225,84,379,0,0,0,346,126,43,0,474,86,0,85,68,0,0,90,81,486,0,343,0,687,70,57,0,70,31,34,27,0,92,108,70,237,0,46,285,101,75,480,93,0,0,0,117,39,353,730,353,61,119,0,44,0,35,60,0,301,114,65,0,0,52,50,31,0,323,0,136,630,93,193,62,108,151,110,37,110,167,100,0,83,0,51,0,110,0,118,0,114,128,0,301,86,35,88,352,523,181,119,0,283,107,51,196,0,32,36,60,0,56,0,50,0,47,389,0,0,0,0,48,64,285,0,259,65,65,65,47,0,0,65,72,269,0,52,66,0,0,0,71,114,128,142,285,28,66,569,123,0,374,38,131,418,0,51,0,74,122,98,270,0,0,226,583,0,0,0,268,211,0,87,22,45,0,0,50,103,340,0,72,125,63,63,85,203,0,40,47,421,103,0,74,329,253,179,162,131,0,343,73,46,0,36,73,261,0,91,226,192,54,71,0,0,32,46,255,619,84,0,72,0,421,152,0,259,48,43,56,0,49,0,36,53,141,56,0,0,42,57,0,330,0,26,97,48,0,45,54,0,66,0,0,0,53,0,0,75,0,0,262,0,0,0,144,0,54,105,0,22,48,0,300,24,0,95,0,19,0,107,0,71,0,21,46,27,0,150,0,0,76,37,0,167,0,42,0,0,170,0,63,155,86,0,0,0,57,57,112,78,0,69,0,0,0,51,110,33,0,88,0,112,0,89,57,0,0,135,35,0,78,20,429,0,0,45,0,0,0,250,54,0,29,0,0,203,24,0,373,85,84,69,0,0,396,0,172,0,0,46,28,249,0,27,128,0,45,0,279,177,0,0,43,72,0,0,51,0,40,0,122,0,77,0,0,0,0,48,0,0,50,107,52,38,0,0,0,0,536,259,46,228,0,125,65,92,65,0,146,55,237,0,0,51,0,0,245,0,96,54,406,44,377,52,0,479,51,0,0,56,0,88,101,0,271,128,305,0,126,0,166,0,69,71,0,50,116,0,62,84,57,0,71,60,45,95,67,94,65,0,349,0,91,0,108,74,21,43,43,0,371,0,0,91,0,0,0,65,28,58,65,0,57,57,0,0,93,80,153,0,84,39,0,0,120,0,44,69,34,40,100,0,67,48,179,147,73,88,0,0,0,0,71,0,149,233,59,0,0,54,0,0,0,200,70,100,396,26,0,46,131,0,0,84,0,0,85,0,0,58,177,0,0,44,0,59,132,0,52,86,0,0,243,0,0,23,135,151,0,100,69,50,0,0,0,0,244,0,116,0,241,292,31,0,264,285,51,0,105,63,125,0,51,89,260,0,215,0,64,82,63,0,24,55,90,79,0,191,897,0,0,179,57,0,0,197,357,0,35,81,59,81,0,0,142,0,0,707,0,69,76,0,48,130,0,69,0,89,0,147,0,0,0,0,0,146,0,0,229,258,52,0,0,67,0,83,0,197,0,0,71,0,53,472,0,0,78,0,58,92,0,127,121,107,121,32,0,32,55,0,77,0,89,86,208,0,174,125,91,89,55,65,275,0,32,67,47,309,0,72,0,0,0,198,51,35,88,0,360,82,157,32,98,56,47,0,533,0,0,0,506,0,476,136,84,0,0,134,105,0,122,0,178,0,106,26,238,36,0,51,27,31,30,80,0,65,286,0,0,330,34,0,0,130,86,0,46,0,0,36,45,0,0,0,131,64,310,335,117,84,115,0,0,134,0,73,175,0,0,39,0,29,91,0,24,27,275,26,115,0,0,42,0,223,280,174,34,47,62,372,42,394,0,0,0,76,18,292,0,51,47,164,43,0,77,0,33,0,33,31,80,162,150,79,0,0,0,0,0,188,0,366,0,108,77,0,0,65,0,0,148,0,0,121,32,44,64,76,34,0,93,0,57,0,0,104,63,91,26,115,0,0,449,0,25,0,42,37,446,223,45,283,56,43,0,0,30,126,256,0,121,112,0,31,48,0,31,0,0,41,19,0,0,0,42,127,357,127,58,0,0,25,0,13,50,37,42,56,171,0,0,36,55,38,345,77,0,51,48,0,58,86,0,0,38,171,72,0,0,69,0,47,0,0,26,43,58,170,0,0,0,162,83,150,156,224,111,10,0,0,216,0,0,54,67,33,0,0,50,210,66,0,97,114,0,0,555,60,0,0,39,0,0,70,25,42,0,205,0,202,0,119,43,0,0,0,172,36,119,100,0,0,139,123,30,347,134,79,0,45,32,74,73,91,106,69,192,23,15,84,111,237,0,75,126,0,0,0,32,46,249,326,189,335,0,0,82,0,0,0,78,0,0,0,0,151,0,33,73,69,0,0,0,49,57,0,30,179,47,319,178,0,47,300,0,10,20,0,341,891,0,25,0,112,0,0,81,54,282,378,132,104,209,90,0,25,0,0,178,43,131,0,0,0,117,122,88,57,0,0,36,0,75,0,92,0,113,0,0,0,0,136,92,0,0,28,19,74,127,0,1207,0,46,0,0,0,0,227,0,120,128,449,0,0,73,0,0,0,114,22,0,0,160,58,152,46,0,0,229,0,0,0,0,0,70,39,104,107,297,0,0,471,43,105,0,0,0,97,0,0,0,0,0,0,50,0,69,131,62,0,0,0,246,165,27,0,59,0,49,164,0,143,143,0,0,33,0,0,0,85,226,174,138,92,0,11,0,0,61,45,0,0,72,176,171,0,119,75,0,107,0,48,0,0,0,32,67,0,0,0,0,264,217,0,66,153,0,79,0,0,0,0,162,59,241,64,0,77,70,244,70,0,193,59,39,0,0,0,0,47,0,0,54,0,0,39,0,0,194,101,0,62,40,49,0,38,109,148,0,73,0,0,90,47,0,39,55,0,0,260,0,0,28,0,0,0,0,132,70,0,60,0,48,0,0,109,0,47,0,0,434,0,0,55,0,0,0,0,66,0,23,0,44,82,43,205,137,85,0,0,0,0,85,36,78,0,0,0,55,40,0,166,49,44,122,0,0,99,117,0,0,0,124,0,0,66,54,0,0,0,0,93,0,44,154,0,153,280,0,0,0,0,156,0,68,137,0,72,75,93,83,52,105,0,108,77,0,41,0,98,177,148,105,0,0,0,65,0,0,51,206,0,0,81,97,34,126,39,0,49,73,36,78,170,56,299,17,100,0,22,0,67,0,208,332,85,0,34,0,0,69,0,43,33,0,0,0,153,0,62,36,0,197,0,0,0,0,43,0,91,89,34,0,54,0,0,1682,0,18,227,37,70,0,171,0,193,0,0,330,108,0,0,127,33,0,61,0,149,32,50,38,0,0,0,0,0,329,0,0,0,0,421,0,115,51,243,87,0,0,0,44,136,0,0,187,0,0,73,0,64,148,107,164,153,295,44,51,0,0,0,60,0,135,0,372,295,0,50,0,167,116,0,0,50,23,192,139,0,0,72,0,0,77,0,0,48,50,0,0,117,67,41,0,366,0,0,0,0,0,29,0,0,45,65,252,0,0,0,172,57,33,27,0,100,366,116,0,0,168,36,34,0,0,75,0,0,227,0,0,0,0,254,0,0,0,0,36,0,0,39,52,55,0,88,0,0,114,34,101,61,0,119,0,49,59,0,0,0,0,293,0,0,0,0,55,0,58,55,71,315,96,0,0,327,96,0,71,0,48,60,47,99,0,0,178,68,178,52,300,38,63,141,255,0,92,0,20,0,68,0,53,0,343,58,58,0,0,0,0,140,0,0,56,598,0,0,0,66,90,0,368,0,0,394,62,0,664,0,383,0,299,39,81,69,0,170,0,62,97,71,0,0,123,46,0,112,0,0,0,0,94,58,259,0,42,45,0,41,0,0,74,0,48,23,37,273,0,47,35,0,0,61,0,50,266,0,0,171,0,41,0,51,182,46,0,0,52,94,0,0,31,124,0,0,57,186,18,45,274,43,0,85,0,99,119,0,0,48,0,0,0,205,0,0,66,0,45,131,0,0,0,251,0,57,75,60,0,107,120,83,0,0,391,156,250,34,54,41,0,0,0,0,53,29,148,149,0,92,126,156,0,78,0,111,0,0,0,60,32,0,0,0,196,164,0,35,0,0,0,80,0,0,41,38,216,43,0,0,0,0,0,65,37,62,0,40,48,77,113,461,0,0,322,56,138,26,52,37,0,0,0,162,0,53,0,57,0,103,0,0,58,138,0,0,32,52,76,0,76,0,34,0,78,119,798,930,0,99,106,114,161,0,158,0,67,35,72,37,109,65,75,112,0,22,0,56,63,0,131,88,0,68,0,45,523,0,110,80,82,0,0,0,24,62,98,72,0,460,106,0,142,0,0,53,43,0,67,0,79,0,0,0,58,18,0,77,24,0,76,0,123,0,103,65,38,899,0,0,215,40,264,0,101,0,70,95,0,0,151,0,60,0,0,124,0,123,118,47,27,169,26,224,92,32,0,13,75,0,0,389,85,0,0,0,80,0,0,0,0,49,28,0,52,0,0,0,75,0,0,210,63,41,159,0,65,0,354,0,0,0,0,0,0,0,77,205,0,63,75,344,0,128,48,0,0,48,40,33,0,185,241,0,24,0
350,0,0,0,0,0,0,0,0,0,0,0,0,0,0,0,0,0,0,0,0,28,0,0,0,0,0,0,0,0,0,0,0,0,0,0,0,0,12,0,0,0,0,0,0,0,0,0,0,0,0,0,0,0,0,0,0,0,0,0,0,0,0,0,0,0,0,0,0,0,0,0,0,0,0,0,0,0,0,0,0,0,0,29,0,0,0,0,0,0,0,0,0,0,0,0,0,0,0,0,0,0,0,0,0,0,0,0,0,0,0,0,0,0,0,0,0,0,0,0,0,0,0,0,0,0,0,0,0,0,0,0,0,0,0,0,0,0,0,0,0,0,0,36,0,0,0,0,0,0,0,0,0,0,33,0,0,0,0,0,0,0,0,0,0,0,0,0,0,16,0,0,0,0,0,0,0,0,0,0,0,0,0,0,0,0,0,91,42,0,0,0,0,0,0,0,0,0,0,0,0,0,0,0,0,0,0,0,0,0,0,0,0,0,0,0,0,0,0,0,21,0,0,0,0,0,0,0,0,0,0,0,0,0,0,0,0,0,0,0,0,0,0,0,0,0,0,0,0,0,0,0,0,0,30,0,0,0,0,0,0,0,0,0,0,0,0,75,0,0,0,0,0,30,0,0,0,0,0,0,0,0,0,0,0,0,0,0,0,0,0,0,0,0,0,0,0,0,0,0,0,0,0,0,0,0,55,0,0,38,34,45,0,0,0,0,0,0,0,0,25,0,0,0,0,34,0,0,0,0,0,0,0,0,0,0,0,0,0,0,0,0,0,0,0,0,0,0,45,0,0,0,0,40,0,0,0,0,0,76,0,0,0,0,0,0,0,0,0,0,25,0,0,0,0,0,0,0,0,0,0,0,0,0,0,0,0,0,0,0,0,0,0,0,0,0,80,0,0,0,0,0,0,0,0,0,0,0,0,0,0,0,0,0,0,0,0,23,0,0,0,0,67,0,0,51,0,0,0,0,0,0,0,0,0,0,0,0,0,0,0,0,44,0,45,0,33,0,0,0,0,0,0,0,0,0,0,0,0,0,60,0,0,56,0,0,0,0,0,0,0,0,46,0,0,0,0,0,102,0,0,0,0,0,0,0,0,0,49,0,0,61,0,80,0,0,0,0,0,0,0,99,0,0,0,0,0,0,0,0,0,0,0,0,0,0,0,0,0,0,0,0,0,196,0,0,0,0,51,0,0,0,0,0,0,0,0,0,0,0,0,39,0,0,0,0,0,0,0,151,0,47,0,0,0,0,0,0,0,0,0,0,0,0,0,0,21,0,0,0,0,0,0,0,0,0,0,0,0,0,47,0,0,0,55,0,0,83,0,0,0,133,0,53,0,0,0,0,0,0,0,0,0,0,0,39,0,0,0,0,0,0,0,0,0,0,0,0,0,0,0,0,0,0,0,0,0,0,0,0,0,0,0,0,0,0,0,0,0,0,0,0,0,0,0,41,0,0,0,0,0,0,0,0,60,0,0,0,0,60,0,0,0,0,0,0,0,0,0,0,0,0,0,0,0,0,0,0,0,0,0,0,0,0,0,0,0,0,0,0,0,0,0,0,0,0,0,0,0,0,0,0,0,0,0,0,0,0,0,0,0,0,27,0,0,0,0,0,0,0,0,0,0,0,0,0,13,0,0,0,0,0,0,0,0,0,0,0,31,0,0,0,36,0,0,0,0,0,0,0,0,0,0,0,0,0,0,0,0,0,0,0,0,0,0,0,0,0,0,0,0,0,0,0,0,0,0,0,0,0,0,0,0,0,0,0,0,0,0,0,0,0,0,0,0,0,0,0,0,0,0,0,0,0,0,0,0,0,0,0,0,0,0,0,0,0,0,0,0,0,0,0,0,0,0,0,0,22,0,0,0,0,0,0,0,0,0,0,0,0,0,0,0,0,0,0,0,0,0,0,0,0,0,0,0,0,53,0,0,98,0,0,0,0,0,0,0,0,0,0,0,0,0,0,0,0,0,0,0,0,0,0,0,0,0,0,0,0,0,0,0,0,0,0,0,0,0,0,0,0,0,90,0,0,0,0,0,36,47,29,30,0,0,0,0,101,0,33,0,0,0,53,0,0,0,0,0,0,0,0,0,0,0,0,0,0,0,0,62,0,0,0,0,0,0,37,0,0,0,0,37,0,0,0,0,0,27,0,0,0,0,0,0,0,0,0,0,0,0,0,0,0,0,53,33,0,0,65,0,0,0,0,0,0,0,36,0,0,129,0,335,37,0,20,0,0,0,0,0,0,0,0,76,0,0,89,0,47,31,76,0,35,0,31,0,0,0,0,0,0,0,0,0,0,0,0,72,0,21,0,0,35,0,0,0,0,0,0,0,0,0,0,0,0,0,0,0,0,0,0,0,0,0,29,69,0,0,0,64,0,0,114,0,0,51,0,152,0,0,0,0,0,0,0,0,0,0,0,0,0,0,0,0,0,26,0,0,0,0,0,0,0,0,0,33,0,0,0,0,0,0,0,0,0,0,0,0,0,0,0,0,50,40,30,0,0,140,0,0,106,20,58,51,0,0,0,0,0,0,0,0,0,0,95,0,0,0,0,48,0,0,0,0,0,0,0,0,42,33,0,0,0,42,0,0,0,0,0,0,0,0,0,0,112,50,0,0,0,106,0,0,0,0,0,0,0,0,87,0,0,0,0,0,0,0,0,0,0,0,0,0,0,58,0,0,0,20,0,0,0,0,0,0,0,42,0,0,0,0,0,0,0,0,0,0,0,0,0,0,0,0,0,0,0,0,0,0,0,0,0,0,0,0,0,0,0,0,0,0,0,0,0,0,0,0,0,0,0,0,0,0,0,0,0,0,0,50,0,0,0,0,0,0,0,38,0,0,0,0,39,38,0,0,0,0,0,81,0,0,0,44,0,0,0,0,0,0,0,0,0,0,0,0,0,0,0,0,0,0,0,0,0,0,0,0,53,0,0,0,48,0,0,0,0,0,0,0,0,43,0,43,0,0,120,0,39,0,0,0,0,41,0,0,0,0,0,0,0,0,0,0,0,0,0,0,0,0,0,0,75,0,0,0,40,21,0,0,0,0,0,0,0,0,0,0,0,0,179,0,0,149,0,0,0,0,0,0,0,0,107,0,0,0,0,0,74,0,0,0,182,0,0,0,0,0,0,0,0,0,0,0,0,0,0,0,0,0,0,0,0,0,0,53,0,0,0,0,0,0,0,0,0,0,0,0,0,0,67,0,0,96,0,44,78,0,0,0,0,0,26,0,0,0,0,0,0,28,0,0,0,0,0,0,0,0,0,0,0,0,0,29,0,0,0,0,0,0,0,0,0,0,0,0,0,106,0,0,0,0,0,0,0,0,0,0,0,46,0,0,0,0,0,0,0,0,65,0,0,0,0,0,0,0,0,0,0,0,0,52,66,0,0,0,31,0,0,0,0,0,0,0,0,0,0,0,0,0,0,0,0,0,0,0,0,0,0,0,0,0,19,0,0,0,0,0,0,0,53,0,0,0,0,0,129,0,0,0,0,28,0,0,0,0,58,22,0,0,0,0,0,0,0,0,0,0,74,0,0,0,0,0,0,0,0,0,0,152,0,0,0,0,0,0,0,0,0,0,0,0,0,0,0,0,0,23,0,0,0,109,0,0,0,0,0,22,0,0,0,0,0,0,0,101,0,0,0,0,0,0,0,56,0,0,0,0,0,0,0,0,0,0,0,0,0,0,0,0,0,0,0,0,0,0,0,0,0,0,0,0,0,0,0,82,0,0,0,0,40,0,0,0,42,0,0,0,0,0,0,0,0,0,0,0,36,0,0,0,0,0,0,0,0,0,0,0,0,0,0,0,0,0,0,0,0,0,0,0,0,0,0,0,0,0,44,0,15,0,0,0,0,0,0,0,0,0,0,123,0,27,0,0,0,0,0,0,0,0,0,0,0,0,0,0,0,0,30,0,0,0,0,0,0,0,0,0,0,0,0,0,0,57,0,0,0,0,0,0,0,0,0,0,0,0,0,0,0,0,0,0,0,110,0,0,0,0,0,0,0,52,0,0,0,0,0,0,0,0,0,0,0,0,0,21,0,0,0,22,0,0,0,0,0,0,0,0,0,46,0,0,0,0,115,0,0,0,0,0,0,0,0,0,0,0,0,0,0,0,46,0,0,0,0,0,0,0,0,0,0,0,0,0,0,0,0,0,87,0,0,0,0,0,0,0,0,0,0,0,0,0,0,0,0,0,0,0,0,0,0,0,0,0,0,0,0,55,0,0,0,57,0,0,0,0,0,0,0,101,0,0,0,0,0,0,0,0,0,0,0,0,107,0,0,0,0,0,0,0,0,93,0,0,0,0,0,0,0,0,0,71,0,0,0,0,0,0,0,84,0,0,0,27,0,0,0,0,0,0,0,0,0,0,0,0,0,0,0,25,0,0,0,0,0,0,29,0,113,0,0,0,37,0,0,0,0,0,0,0,0,0,35,0,38,110,0,0,0,0,0,0,0,0,0,0,0,49,0,0,0,0,0,0,0,0,0,0,0,0,0,0,24,0,0,0,0,0,0,0,244,168,0,0,0,0,0,0,0,0,0,56,0,0,0,0,0,0,0,0,54,0,0,0,0,0,0,0,56,0,0,0,0,0,0,0,0,0,0,0,0,0,0,33,0,0,0,0,106,56,0,0,205,0,0,0,0,0,0,64,0,0,0,106,0,0,0,0,0,0,59,0,0,0,0,0,0,0,0,0,36,0,0,0,0,0,0,0,57,0,75,0,0,138,0,0,0,0,0,0,0,0,0,0,0,0,0,0,0,0,0,0,0,0,0,0,0,0,0,0,0,49,0,0,0,0,0,0,0,0,0,0,94,99,0,0,0,0,0,0,0,0,0,0,0,0,135,0,67,0,26,0,0,0,0,0,0,0,0,0,0,15,0,0,54,0,0,0,0,0,0,0,0,0,0,0,0,0,0,0,0,56,0,0,66,0,0,0,0,0,0,0,0,0,0,0,0,0,0,0,95,0,0,0,0,0,0,0,0,26,0,0,0,0,41,0,0,0,0,0,0,0,0,0,0,0,0,0,0,0,0,0,0,0,0,0,0,0,0,0,0,0,97,0,0,0,0,0,0,0,0,0,0,0,0,56,0,0,0,0,0,0,0,32,0,0,0,0,0,0,0,0,0,0,0,0,0,0,0,0,0,0,35,0,0,0,0,0,0,0,0,0,0,38,0,0,0,0,23,17,0,0,0,0,0,0,0,0,0,32,0,26,0,0,0,0,33,0,0,44,29,42,0,0,59,0,0,0,0,0,0,0,0,0,0,0,0,0,135,0,0,0,0,0,0,0,0,109,0,0,0,0,0,0,0,0,35,29,0,0,0,0,0,0,0,0,0,0,0,0,0,0,47,0,29,0,0,0,0,0,0,0,0,0,0,0,0,0,300,0,0,0,0,52,0,39,22,53,0,0,96,0,0,0,0,0,0,0,0,49,32,0,0,0,0,0,0,0,81,0,0,0,0,0,0,0,0,30,47,0,0,0,0,0,0,0,77,0,0,0,0,0,0,0,0,0,74,0,0,0,0,0,0,0,0,0,0,0,0,0,0,44,0,0,48,0,0,0,0,0,0,0,0,0,0,0,0,0,0,0,0,0,0,0,0,101,0,0,0,0,0,0,0,0,0,34,42,0,0,0,50,0,0,0,0,0,178,0,0,0,0,0,0,0,0,0,0,44,0,0,0,0,0,0,0,0,0,0,0,0,0,0,0,0,0,0,0,0,0,52,0,0,0,89,0,0,49,0,0,0,0,37,78,23,0,0,0,0,0,0,0,67,0,0,0,0,0,42,0,0,0,0,47,0,0,0,116,0,0,0,108,0,0,21,51,0,0,0,0,0,0,0,0,0,0,0,94,0,0,0,0,0,0,0,0,87,0,0,30,0,0,0,0,0,0,0,44,0,194,0,157,0,48,0,46,0,0,0,33,108,0,0,0,0,0,0,0,0,0,31,0,0,0,109,80,0,0,0,0,58,0,0,0,0,0,0,0,47,25,0,0,0,0,0,0,0,0,0,0,39,0,0,0,0,0,0,0,0,0,0,0,0,0,0,0,0,45,98,0,0,0,0,0,0,37,0,52,0,0,0,0,0,0,0,0,0,0,0,12,0,0,0,0,82,0,52,55,41,0,0,56,0,0,0,214,0,0,0,0,0,0,0,0,0,0,0,44,0,0,181,0,62,0,0,0,0,0,0,0,0,0,0,0,0,67,0,0,84,0,0,0,0,0,0,0,0,229,0,0,0,0,0,0,0,42,70,0,0,0,0,46,119,0,0,58,21,23,0,0,0,0,0,0,0,0,0,0,0,0,0,0,0,0,0,0,0,0,0,0,0,0,0,0,0,0,39,43,421,28,0,0,0,0,0,50,0,0,0,0,0,32,0,18,43,0,0,0,0,0,0,0,0,0,0,0,0,0,0,0,0,0,0,0,0,0,0,31,174,0,0,36,0,0,0,0,0,35,0,0,0,289,0,0,0,146,0,0,31,0,0,0,0,0,0,0,0,0,109,0,0,120,0,0,0,52,0,0,0,0,0,0,0,0,0,0,0,0,53,0,0,0,51,0,59,0,0,0,0,0,0,0,37,0,0,0,0,0,0,0,0,0,0,0,0,0,0,0,0,0,0,0,0,0,0,0,0,0,0,0,0,0,0,0,0,0,0,0,55,0,0,0,63,0,0,0,0,0,0,30,0,0,59,0,0,0,0
351,0,0,0,0,0,93,43,0,80,0,169,0,0,0,136,132,123,0,0,0,369,47,44,100,117,0,0,30,0,0,0,0,0,0,0,101,0,47,204,78,51,0,0,160,0,41,0,237,0,141,32,64,167,27,186,0,0,0,0,0,128,67,56,0,0,89,0,0,0,413,0,49,0,0,192,79,0,352,0,85,0,0,189,140,67,0,0,0,0,213,0,0,60,99,0,0,0,60,0,0,0,0,107,0,0,48,0,107,0,159,0,48,88,116,32,43,124,0,0,130,0,164,0,34,45,28,0,54,13,98,0,175,0,90,52,188,77,97,62,79,0,72,94,0,0,57,0,68,63,0,0,56,56,104,41,0,64,0,161,126,71,0,44,72,35,35,0,123,0,149,154,0,45,0,33,26,66,208,62,0,74,0,0,0,47,0,273,62,0,0,0,75,32,59,0,78,0,0,70,0,117,93,0,270,0,0,0,0,42,90,88,0,59,0,98,55,71,0,0,72,150,0,0,144,0,0,51,73,0,38,48,0,0,0,0,0,33,140,57,0,70,54,43,0,0,98,0,0,0,69,0,155,0,129,38,42,0,0,51,27,136,79,0,54,0,0,80,138,373,0,0,91,158,64,68,74,0,570,117,58,0,76,57,93,47,48,155,1072,111,90,31,126,0,0,65,0,86,49,0,32,0,57,0,0,219,317,143,0,30,45,111,0,0,0,36,57,0,33,0,0,0,0,38,0,0,0,122,0,30,0,0,90,0,84,56,0,0,0,26,0,114,0,42,0,0,0,0,0,479,150,83,0,156,487,0,56,0,407,184,71,69,54,0,109,269,282,231,57,0,104,38,0,0,0,168,132,0,0,62,52,0,53,0,28,82,0,93,0,0,0,0,376,0,55,0,91,60,97,76,0,0,104,0,30,87,0,35,47,0,55,0,45,0,0,0,147,0,149,64,0,154,0,0,25,0,61,0,155,0,0,0,0,0,109,0,0,70,0,211,0,0,223,0,64,59,142,58,36,55,0,0,0,0,61,0,44,59,0,0,117,0,145,130,0,0,30,0,0,0,0,0,165,0,34,45,0,409,47,0,0,0,136,106,106,0,0,56,121,176,124,31,26,193,0,59,33,96,151,0,0,47,0,258,0,64,215,88,35,0,30,36,0,0,0,0,201,0,55,0,106,0,145,22,104,0,42,57,282,0,43,18,0,0,115,92,0,0,0,0,0,30,74,0,49,0,63,0,0,38,51,0,0,44,46,0,0,41,63,36,171,379,0,51,0,270,40,0,0,40,133,103,0,0,0,0,0,142,0,0,139,136,38,0,464,0,42,332,28,0,0,218,0,27,29,0,0,108,27,52,0,35,0,20,0,88,0,194,0,0,0,0,195,360,99,0,0,86,0,68,0,0,0,0,64,0,0,0,0,55,205,0,0,0,0,0,62,0,0,0,0,0,60,0,0,112,0,0,0,48,0,0,0,0,158,0,33,28,28,179,139,0,29,0,37,100,0,83,0,31,114,0,101,0,217,55,48,50,190,19,0,0,28,0,54,0,39,0,53,0,102,0,0,0,84,0,152,0,116,0,0,47,0,77,96,0,36,55,80,39,0,192,238,0,0,0,0,0,126,42,119,82,0,258,183,18,37,90,0,0,97,57,0,0,72,0,0,0,140,90,82,37,773,39,0,49,0,0,83,0,0,0,50,0,61,0,0,37,0,0,31,93,0,0,0,91,0,0,0,120,57,89,0,0,0,116,0,0,0,32,0,41,98,0,0,0,71,75,0,203,0,0,0,34,0,0,0,0,49,42,0,0,0,48,187,29,79,77,0,0,0,0,52,214,0,88,0,37,0,0,108,0,180,55,0,0,60,57,0,173,166,0,0,58,0,0,107,0,0,0,0,34,343,0,181,68,0,41,40,0,89,0,44,17,0,0,288,185,0,318,43,0,0,120,0,29,0,0,0,0,0,0,0,33,81,90,0,0,0,0,0,0,41,0,56,0,0,40,0,0,0,64,0,63,112,0,286,56,0,0,90,265,0,70,0,0,0,125,103,177,125,0,45,30,0,177,0,87,0,0,107,86,85,0,0,0,63,0,43,58,41,0,48,0,0,0,0,102,151,0,0,87,0,86,0,169,0,18,0,0,43,0,92,91,27,0,51,0,226,0,0,94,29,82,43,139,0,0,25,308,46,9,15,295,84,45,0,439,0,0,41,218,0,0,32,85,472,43,351,0,568,122,33,0,32,0,0,0,0,123,0,0,63,0,0,193,69,85,144,136,0,0,0,92,34,144,347,166,60,84,0,53,61,0,0,0,228,83,54,0,0,86,74,0,25,213,0,235,480,92,183,50,85,127,59,27,199,99,0,0,18,0,0,45,194,0,65,87,113,53,0,171,27,83,0,336,152,94,130,0,139,83,0,108,0,36,0,57,0,107,0,62,0,49,431,0,0,0,48,50,0,294,0,53,48,126,67,0,0,43,51,0,144,0,0,63,42,0,0,85,54,83,89,47,0,69,391,0,0,89,34,0,251,0,39,0,0,0,33,185,0,0,178,363,0,0,0,44,69,0,78,0,62,0,0,0,31,53,129,0,33,0,22,55,136,0,0,77,117,55,0,0,117,0,67,0,111,0,65,0,51,0,0,0,148,0,49,186,0,0,0,42,0,0,34,0,305,0,64,94,0,80,166,0,211,27,41,0,37,46,0,48,37,0,81,24,46,142,61,0,345,0,0,41,59,42,62,0,27,0,23,0,26,0,25,0,68,25,0,173,0,0,54,190,73,45,124,0,0,89,0,129,0,116,145,0,0,0,0,0,0,0,75,0,0,0,48,0,0,86,41,14,142,0,146,33,0,30,36,44,113,102,0,58,0,0,0,55,82,0,51,87,0,0,74,42,0,51,0,0,88,55,93,34,0,0,64,0,0,0,0,434,0,0,71,0,62,0,296,150,0,33,131,0,105,0,0,413,118,40,65,31,0,86,62,89,0,0,61,26,81,0,39,116,0,166,0,177,158,0,0,0,0,0,50,250,0,0,0,52,0,121,0,0,149,62,32,0,59,0,0,0,23,83,0,0,0,926,87,48,236,74,46,152,168,64,0,88,0,206,0,0,0,67,0,131,57,80,54,121,0,199,83,0,365,30,13,0,0,0,33,60,0,61,40,305,53,92,0,46,0,81,105,0,0,176,66,0,76,108,0,79,132,86,139,0,0,38,0,146,32,0,12,60,0,45,89,55,0,432,0,0,220,0,0,0,152,0,51,119,40,46,33,194,0,0,74,76,0,150,115,0,0,58,0,0,0,0,0,68,0,104,38,222,98,0,79,0,0,160,77,28,0,376,0,0,0,0,68,0,0,47,218,0,179,427,0,0,0,122,0,25,0,0,0,0,0,0,63,127,0,0,0,46,51,187,0,43,82,0,17,150,0,0,0,50,0,0,126,40,35,0,0,0,0,48,0,46,0,240,39,0,0,0,67,48,0,183,57,0,0,0,0,189,0,159,0,77,0,0,0,0,48,0,32,40,38,766,0,0,74,0,0,0,34,234,0,29,0,0,73,0,0,168,0,54,91,0,38,0,0,0,109,0,0,0,0,0,207,0,27,0,0,0,101,0,63,70,76,0,0,0,38,46,31,0,156,0,0,0,0,0,215,0,0,84,0,37,50,0,212,81,60,58,0,0,272,0,0,37,128,56,111,205,0,222,201,27,53,69,0,229,0,0,0,0,88,0,43,0,0,0,192,0,32,50,0,227,72,0,0,79,0,0,0,0,0,0,0,461,0,458,127,0,0,0,39,76,0,75,0,36,25,27,0,0,0,0,61,0,108,0,0,0,144,0,0,23,289,0,0,0,49,130,47,36,159,73,0,0,0,0,0,41,83,107,611,122,43,105,0,0,38,0,53,104,0,0,25,0,0,56,0,0,95,273,0,181,0,24,0,0,66,28,180,69,25,0,119,82,110,0,0,0,139,40,40,35,88,26,56,0,0,0,0,0,0,96,0,60,55,37,82,0,0,0,40,0,0,0,118,0,0,64,0,0,44,75,0,85,123,0,34,0,23,78,0,0,0,59,49,39,0,0,25,95,0,0,95,0,0,135,0,57,0,0,0,105,268,0,108,63,45,0,0,0,0,74,82,76,0,0,0,45,17,0,0,0,0,0,0,66,77,40,0,143,0,0,30,46,0,0,0,55,0,131,45,291,0,0,58,0,0,0,0,0,0,137,0,0,72,0,0,70,0,42,59,0,182,0,0,0,10,0,32,0,168,0,0,0,45,37,98,0,125,114,0,0,0,67,0,0,27,55,0,0,44,0,64,0,0,69,0,29,0,82,0,0,78,50,0,0,0,0,36,0,0,75,255,0,0,0,33,0,27,54,27,124,0,0,90,124,66,93,261,87,0,0,0,35,41,150,116,0,74,124,0,0,0,109,169,0,71,55,0,0,0,0,0,72,204,101,269,0,0,102,0,0,0,104,0,0,0,0,74,0,0,360,0,0,0,0,70,76,0,0,172,37,0,172,0,0,163,57,0,0,0,95,403,0,44,0,0,0,0,51,0,44,153,62,35,86,47,0,0,0,0,0,0,204,0,48,23,59,0,0,150,23,0,0,0,143,0,131,0,0,0,0,0,0,104,314,0,0,47,234,69,32,0,971,0,0,0,0,0,0,235,0,39,57,411,0,0,0,0,23,112,38,35,0,0,75,0,36,44,0,95,201,0,0,0,0,0,67,57,0,119,312,0,0,589,123,104,43,0,34,113,0,0,0,63,26,39,58,45,0,51,79,0,0,0,67,84,0,0,0,0,87,195,0,43,96,0,0,0,0,0,0,82,243,0,0,54,0,0,0,0,0,0,20,0,94,201,88,122,0,21,67,66,36,0,0,45,56,63,84,0,0,0,0,156,397,0,69,81,0,0,0,0,0,0,129,96,250,0,0,126,68,85,153,0,194,47,39,0,0,167,0,0,47,0,0,49,0,0,127,0,75,74,0,65,141,0,0,0,94,70,0,91,0,0,81,0,21,53,97,0,0,336,0,218,0,71,49,0,97,37,0,0,28,0,0,0,0,53,27,0,0,0,803,0,87,342,31,49,0,0,86,0,58,0,0,105,68,297,73,48,0,0,0,58,41,31,0,0,0,38,102,38,0,0,59,62,0,0,0,53,149,0,77,0,164,0,64,0,0,0,0,0,0,72,0,99,238,0,183,219,0,0,0,0,149,0,0,41,63,101,53,72,44,86,233,0,158,112,24,90,104,118,148,132,119,0,0,65,61,45,0,65,78,0,60,140,91,0,324,77,0,56,131,15,163,50,66,371,0,103,0,44,0,59,0,215,229,36,0,334,0,0,46,0,0,78,0,0,0,66,64,94,76,0,281,41,0,0,0,37,0,136,88,0,0,0,0,0,667,0,0,374,59,155,0,186,37,0,85,0,176,31,26,25,0,0,0,157,39,182,89,90,0,43,0,21,0,0,512,61,0,0,0,380,0,86,189,388,134,0,0,0,46,0,0,0,336,0,0,0,38,143,126,261,50,200,280,0,0,111,0,0,0,0,145,0,206,146,29,24,0,129,117,0,0,0,0,141,188,0,0,82,52,0,40,0,38,0,70,0,0,84,132,39,0,332,0,0,101,0,0,67,165,0,0,80,45,0,30,0,62,0,68,0,0,50,377,57,0,0,90,0,0,0,44,230,70,48,86,29,188,44,53,75,47,0,0,0,0,26,0,78,71,0,27,0,0,0,18,56,117,0,0,165,0,0,275,0,56,0,109,116,71,130,0,0,0,0,41,42,49,667,77,0,0,263,116,0,39,0,60,100,64,158,0,0,135,0,187,0,371,120,122,143,244,0,0,180,26,153,20,0,53,72,123,0,114,0,0,0,0,151,0,0,0,823,0,0,161,115,0,0,158,0,53,0,113,38,246,0,257,65,59,0,101,211,0,102,43,147,93,86,0,0,0,61,0,157,0,47,113,0,89,141,365,0,56,24,0,100,0,0,87,0,82,0,33,437,259,0,88,0,0,54,49,144,212,0,0,66,0,0,0,51,83,70,0,0,34,82,0,0,64,147,0,0,182,122,0,0,275,44,70,144,158,174,162,111,0,37,0,0,0,207,0,39,51,0,95,105,20,35,0,162,0,0,91,139,68,78,163,83,0,22,756,127,616,0,53,106,0,73,0,0,35,28,352,200,56,88,136,97,16,0,0,147,111,0,0,66,43,0,37,46,246,238,43,41,0,0,64,68,0,0,42,0,531,57,86,0,0,0,48,36,43,65,0,163,44,53,178,441,0,0,773,83,190,63,45,105,31,0,0,161,0,112,0,0,0,94,0,0,0,148,0,0,0,113,72,42,174,0,102,0,60,131,552,802,0,100,121,53,136,0,169,0,53,66,36,57,152,161,74,188,63,49,0,138,66,0,334,56,0,54,108,0,439,0,90,43,310,0,34,0,61,45,42,63,0,734,178,0,205,0,0,100,127,0,71,33,148,0,0,81,37,0,0,224,0,0,73,0,96,54,47,164,28,860,111,0,539,29,186,0,62,0,123,58,0,0,59,37,193,22,0,67,35,103,116,0,0,265,0,172,244,83,46,47,48,35,0,232,164,0,0,87,64,0,41,0,0,48,0,0,52,93,0,0,107,0,0,264,0,74,213,27,67,0,391,0,0,0,0,0,0,0,49,154,0,80,139,321,0,73,0,0,53,110,90,30,0,108,839,38,0,0
352,0,0,0,0,0,0,0,0,0,0,0,0,0,0,0,55,79,0,0,0,0,0,0,0,0,0,0,0,0,0,0,0,0,0,0,0,0,0,115,0,0,0,0,0,0,0,0,0,0,0,0,0,0,0,0,0,0,0,0,0,0,0,69,0,0,0,0,0,0,0,0,0,0,0,0,0,0,0,0,0,0,0,0,0,0,0,0,0,0,0,0,0,0,0,0,0,0,0,0,0,0,0,0,0,0,0,0,0,0,0,0,0,0,0,0,0,0,0,0,0,0,0,0,0,0,0,0,0,0,0,0,0,0,0,0,0,0,0,0,0,0,0,0,0,0,0,0,0,0,0,0,0,0,0,32,0,0,0,0,61,0,0,0,0,0,0,0,0,0,0,0,0,0,0,0,0,0,0,0,0,77,0,0,0,0,0,71,0,0,0,0,0,0,39,0,56,0,0,0,0,0,37,0,0,0,0,0,0,33,0,0,0,0,0,0,0,0,0,0,65,0,0,0,0,0,0,0,0,0,0,0,0,0,0,0,0,0,0,0,0,0,0,0,0,0,0,0,0,0,0,0,0,30,0,0,0,0,0,0,0,0,0,0,0,0,0,0,0,0,0,0,0,0,0,0,0,0,0,0,0,0,0,0,0,0,0,0,284,0,0,0,26,0,0,0,0,0,0,0,0,0,0,0,0,0,45,0,0,0,0,0,0,0,0,0,0,0,0,0,0,0,0,0,0,0,0,0,0,0,0,0,0,0,0,0,0,0,0,0,0,0,0,0,0,0,0,0,0,201,0,0,0,0,57,0,0,0,0,0,0,26,0,0,0,0,58,25,0,0,0,0,0,0,0,0,0,0,0,0,0,0,0,0,0,46,0,0,0,0,0,0,163,0,0,0,115,0,0,0,0,0,97,0,0,0,0,0,0,0,0,0,0,0,0,0,0,0,0,34,0,0,0,0,0,0,0,0,0,0,0,0,0,0,0,0,0,0,0,0,0,0,0,0,0,0,56,0,0,0,0,0,0,0,0,0,0,0,0,0,0,0,0,0,0,0,0,0,0,0,0,0,58,0,0,0,0,0,0,0,0,0,0,0,0,0,0,0,0,0,0,0,0,0,0,0,0,0,0,0,0,0,0,235,0,0,0,0,0,0,0,0,0,0,0,0,0,0,0,11,0,0,0,0,0,0,0,0,0,0,0,0,0,0,0,0,0,0,0,0,0,0,0,0,0,0,0,0,0,0,0,0,0,0,0,0,0,0,0,0,0,0,0,0,0,0,0,0,0,0,0,57,0,0,0,0,0,44,0,0,30,0,0,0,0,0,36,82,0,0,0,0,0,0,0,0,0,0,0,0,0,0,0,0,0,0,0,0,0,0,0,0,0,0,0,0,0,51,0,0,0,0,0,0,0,0,0,0,0,0,0,0,0,0,0,0,0,0,0,0,0,0,0,0,0,66,0,0,0,0,0,0,0,0,150,0,0,0,0,0,0,0,0,0,0,0,0,0,0,0,63,0,0,0,59,0,0,0,0,0,0,0,0,0,0,0,0,0,0,0,0,0,0,0,0,0,0,0,43,0,0,0,0,0,0,0,0,0,0,0,0,72,86,0,0,0,0,0,120,0,0,0,0,0,98,0,0,0,0,0,0,0,0,0,0,0,0,0,41,0,0,0,333,0,0,0,0,0,0,0,0,0,0,0,0,0,0,0,0,0,0,0,0,0,0,30,0,0,0,88,0,0,0,0,0,0,0,0,0,0,0,0,0,0,0,0,0,0,0,0,0,0,0,0,0,0,0,0,0,0,0,0,0,0,95,0,0,0,0,0,0,0,93,0,0,0,0,0,0,0,0,0,37,0,0,0,0,0,0,0,121,0,0,0,0,0,0,0,0,0,0,0,143,0,26,0,0,0,0,0,0,0,0,0,0,0,111,0,0,0,0,0,0,121,0,0,0,0,0,0,0,0,0,0,0,0,0,0,0,0,0,0,0,0,0,0,0,0,0,0,0,88,0,0,0,0,35,0,0,0,0,127,0,0,0,0,0,109,180,74,98,0,0,0,0,208,0,0,0,0,0,0,50,0,0,0,0,0,0,0,0,0,0,0,0,0,0,0,0,0,0,32,0,0,0,0,0,0,0,0,54,0,0,20,0,0,0,0,80,0,0,0,0,0,0,0,0,0,0,0,0,0,0,0,0,0,0,71,0,0,0,50,0,0,0,0,65,0,109,0,94,0,0,0,0,0,0,0,0,24,0,0,0,0,0,0,0,22,0,0,0,0,0,0,0,0,146,82,0,0,0,0,18,0,0,0,0,46,0,0,0,0,0,0,26,0,0,0,0,0,0,0,0,0,0,0,0,0,68,0,0,0,0,0,0,0,0,0,0,0,0,96,0,39,0,47,0,0,0,0,0,37,0,48,0,0,0,0,0,26,0,0,0,0,69,0,0,0,0,0,0,0,0,64,0,0,0,0,0,0,0,0,0,0,0,0,0,0,0,0,0,89,0,50,0,0,0,0,0,80,0,36,0,0,0,0,0,0,0,0,0,0,0,90,0,0,0,54,0,0,0,0,0,0,0,0,0,55,80,0,0,0,0,0,0,0,0,0,0,0,0,0,105,43,70,0,0,0,0,0,0,0,0,0,66,0,42,49,0,0,0,0,0,0,0,35,82,0,0,0,0,97,0,0,87,0,0,0,0,0,0,0,0,0,55,0,0,0,0,0,153,0,0,0,0,0,0,0,0,41,0,0,0,0,0,0,0,0,0,0,0,0,0,60,0,0,0,0,0,0,0,0,0,0,0,0,0,0,0,0,0,0,0,0,0,0,0,0,0,0,0,0,0,0,0,0,0,0,0,0,0,16,0,0,0,0,27,0,0,0,0,0,0,0,0,0,0,0,0,0,0,0,0,0,0,0,0,0,0,0,0,0,0,0,0,0,0,0,35,0,0,0,0,0,0,0,0,0,0,0,0,0,0,203,0,0,0,0,0,0,0,0,0,0,0,0,0,0,0,0,0,0,0,0,0,73,0,0,0,0,0,0,0,0,0,0,0,0,0,0,0,0,0,0,0,0,0,266,130,0,0,0,0,59,0,0,0,0,0,0,0,0,0,0,0,35,0,0,0,0,0,0,0,0,48,0,0,0,0,0,37,0,0,0,0,0,0,0,0,85,0,0,52,0,0,0,0,0,0,0,0,0,0,0,0,0,0,0,0,87,17,0,0,0,0,0,0,0,0,81,0,0,55,0,0,0,31,0,0,19,0,0,0,0,0,0,0,0,0,0,0,0,0,0,0,0,0,0,0,0,0,33,38,23,49,0,0,0,0,37,0,0,0,0,0,0,0,0,0,0,0,0,0,0,0,35,0,0,0,41,0,0,0,0,0,0,0,0,0,72,0,0,0,0,0,0,0,0,0,0,0,27,0,0,0,0,0,0,50,0,0,0,0,0,0,0,0,34,0,0,0,0,0,0,0,0,0,0,0,0,0,0,0,0,0,0,0,0,0,0,0,0,0,58,0,0,0,51,0,0,0,0,0,0,38,11,0,0,0,0,0,0,0,57,0,0,0,0,0,0,0,0,0,0,0,0,0,0,0,0,0,0,0,0,0,0,0,0,0,0,0,0,0,0,0,0,0,0,13,0,0,0,136,0,0,0,0,0,0,0,0,44,0,0,0,0,0,0,0,0,0,0,0,0,0,0,0,0,0,0,0,79,0,0,0,0,0,0,0,0,0,0,89,0,0,0,0,55,0,0,0,0,0,0,0,81,0,0,0,0,0,85,0,0,0,0,0,0,0,0,0,0,0,0,0,0,0,0,0,0,0,0,0,0,0,0,0,0,172,0,0,0,41,0,0,0,32,0,0,0,0,0,0,0,0,87,127,0,0,0,0,0,0,0,0,0,0,0,0,0,0,0,0,0,0,95,0,57,0,0,0,0,0,0,0,0,0,0,0,0,110,0,0,0,0,0,0,0,0,0,0,0,0,0,0,0,0,0,0,0,84,30,0,0,0,0,0,0,0,0,54,0,0,0,0,0,0,0,0,0,0,0,47,0,0,0,0,0,0,0,0,0,0,0,0,0,0,0,0,0,0,73,0,0,0,0,0,37,0,0,0,0,0,0,0,0,0,106,0,0,0,0,0,0,0,0,0,0,0,0,0,0,0,66,37,0,0,0,0,0,0,0,0,35,0,0,0,0,48,0,0,0,0,165,0,0,0,0,0,217,0,0,0,0,0,0,0,0,0,0,0,0,0,0,0,46,0,0,0,0,0,23,0,31,96,0,0,0,0,0,0,0,36,0,0,0,0,0,0,0,0,0,0,0,0,179,0,0,73,48,0,0,0,0,0,0,0,0,0,0,0,0,0,0,0,0,0,0,0,0,0,0,61,0,113,0,0,0,0,0,0,0,0,0,0,48,0,0,0,0,0,0,74,0,0,0,0,0,0,24,0,0,46,0,0,0,0,0,0,0,0,0,0,0,0,0,0,53,0,0,0,0,0,0,0,0,0,0,0,0,0,0,59,0,0,0,0,0,37,0,0,0,0,0,0,0,0,64,51,47,0,0,38,0,0,0,0,40,0,42,0,0,0,0,0,0,0,0,0,0,0,0,0,40,0,0,0,0,0,0,0,0,0,0,0,0,0,0,0,50,0,0,0,0,0,0,0,0,0,0,48,0,0,0,0,0,0,0,0,0,0,0,0,0,20,0,0,60,0,41,0,31,0,0,0,0,0,0,25,0,94,29,0,0,0,0,0,0,0,0,0,0,0,0,65,0,71,95,0,0,0,0,0,34,0,0,0,0,0,0,0,35,0,0,0,0,48,64,0,0,0,182,0,0,0,0,0,0,44,0,0,47,26,225,26,0,0,0,115,0,78,0,0,0,0,35,0,0,0,0,0,99,0,0,0,0,0,0,0,0,0,0,0,0,0,0,0,0,0,86,0,0,0,0,0,0,0,0,85,40,0,46,0,0,40,0,0,0,0,0,0,0,0,0,0,0,0,0,82,0,0,92,57,0,0,0,0,0,483,0,55,0,0,0,0,49,0,0,0,0,0,0,0,0,0,0,0,0,0,0,0,0,172,0,0,0,0,0,0,0,0,0,0,0,0,81,0,0,0,51,25,0,0,0,0,0,0,0,0,0,31,0,0,184,0,0,0,0,0,39,38,47,0,0,0,0,0,0,0,0,0,0,0,46,0,0,0,0,37,0,0,0,0,68,0,58,126,0,138,0,0,0,0,0,0,0,0,0,86,77,0,0,0,0,0,0,0,0,0,0,0,0,0,0,52,815,0,0,0,0,0,0,0,0,0,0,0,26,0,0,49,0,107,0,72,0,203,0,0,0,34,30,34,0,0,0,0,0,0,0,0,126,106,0,0,0,0,0,0,0,0,0,0,0,0,276,0,0,121,0,0,0,54,0,0,0,0,0,0,0,0,31,0,0,0,0,0,0,0,31,0,0,0,0,0,232,0,0,0,0,171,0,0,59,0,0,0,0,0,0,0,0,0,99,0,0,46,0,84,0,106,0,0,60,0,0,0,0,0,0,0,40,0,182,172,0,0,0,0,0,0,0,0,0,0,68,51,0,0,0,0,0,0,0,0,0,0,0,0,0,0,0,102,0,0,0,0,0,0,91,0,0,0,34,0,0,0,36,0,0,0,0,0,323,0,0,0,0,0,0,0,46,154,0,0,89,0,0,0,0,55,20,0,0,0,0,0,0,54,30,0,0,0,0,0,0,0,0,0,0,0,0,0,0,0,0,0,0,49,0,76,0,0,0,0,0,0,0,72,0,0,0,42,0,0,0,0,0,0,0,0,0,0,282,0,79,0,26,48,75,0,0,0,0,31,0,0,0,0,0,0,52,0,0,0,0,28,0,152,0,0,0,297,0,0,89,0,0,0,0,0,0,0,0,0,0,0,0,39,0,0,0,0,0,0,0,0,21,0,0,0,0,0,0,70,0,0,0,0,52,50,0,0,0,0,0,0,0,0,32,0,0,0,0,0,138,0,51,0,0,0,0,0,0,0,27,0,0,0,0,0,0,92,0,0,0,0,0,0,0,0,0,0,0,12,0,0,0,0,0,0,0,0,0,0,0,0,0,0,0,0,0,0,0,0,0,0,0,0,0,45,0,42,0,71,0,54,0,0,0,0,55,53,51,0,52,0,0,0,0,0,0,61,42,72,0,59,47,0,0,0,0,0,0,11,0,0,0,0,0,0,73,105,0,0,0,0,0,0,0,0,34,0,0,0,0,0,0,0,42,0,0,0,0,43,0,0,29,133,0,0,305,0,0,0,0,0,0,0,0,217,0,0,0,0,0,0,0,0,0,0,0,0,0,0,0,0,44,0,0,0,0,25,99,653,0,0,0,0,136,0,52,0,76,14,37,0,0,27,0,71,0,0,0,0,0,0,52,0,0,0,0,80,112,0,77,0,35,0,0,0,0,0,0,34,0,274,38,0,224,0,0,0,0,0,0,0,57,0,0,0,0,0,0,0,0,0,0,0,0,0,0,0,58,179,0,0,85,0,55,0,0,0,0,30,0,0,59,0,18,0,0,51,0,0,223,0,0,99,0,84,126,0,0,0,0,0,0,168,54,0,0,0,21,0,0,0,0,0,0,0,0,0,0,0,0,0,0,99,62,0,61,0,0,0,175,0,0,0,0,0,0,0,0,0,0,0,27,115,0,0,0,0,0,0,0,0,0,0,64,0,0,27
353,0,0,0,0,0,0,0,0,0,0,0,0,0,0,0,75,93,0,0,0,65,0,0,0,0,0,0,0,0,0,0,0,0,0,0,0,0,0,60,0,0,0,0,0,0,0,22,0,0,52,0,0,0,0,0,0,0,0,0,0,0,0,102,0,0,0,0,0,0,0,0,0,0,0,0,0,0,50,0,0,0,0,0,0,0,0,0,0,0,0,0,0,0,0,0,0,0,0,14,0,0,0,0,0,0,0,0,0,0,68,0,0,0,78,0,0,0,0,0,0,0,0,0,0,0,0,0,0,0,0,0,27,0,48,0,47,0,0,0,0,0,69,54,0,0,0,0,0,0,0,0,0,0,41,0,0,0,0,36,52,0,0,0,0,0,0,0,0,45,66,40,0,0,0,0,0,19,56,0,0,71,0,0,0,0,0,74,0,0,0,0,0,0,46,0,42,0,0,0,0,26,76,0,52,0,0,0,0,77,0,0,0,0,0,0,0,11,0,0,55,50,0,0,0,0,0,0,0,0,0,0,0,0,0,0,0,0,0,0,0,0,0,0,0,0,0,0,0,0,0,0,0,0,100,0,0,0,0,0,0,0,0,0,0,0,0,57,47,0,0,0,62,0,0,0,0,0,86,0,0,0,0,38,37,0,0,90,655,0,0,0,91,0,0,0,0,0,0,0,0,0,0,0,0,60,0,28,0,0,0,0,54,0,0,0,0,70,0,0,0,0,0,0,71,26,0,0,0,0,0,0,0,41,0,0,0,0,0,0,0,0,0,0,0,0,0,0,0,156,0,0,0,33,75,0,30,42,0,57,0,0,51,0,48,0,86,0,0,0,0,0,0,0,0,0,0,0,0,0,0,0,0,0,0,61,0,0,0,0,0,0,121,0,0,0,0,0,0,102,0,0,83,0,0,0,0,0,0,0,37,0,0,0,0,0,120,0,126,98,0,0,0,0,0,17,51,0,0,0,0,0,0,0,0,0,0,0,0,0,0,0,38,0,99,0,0,0,0,0,0,0,0,0,72,0,0,0,0,0,0,0,23,46,0,0,0,0,0,0,23,0,0,0,0,0,0,157,0,0,69,0,48,0,0,0,0,0,0,0,0,0,0,46,0,24,71,0,49,0,0,0,0,225,0,0,0,0,0,0,0,0,0,0,0,0,47,0,0,0,0,0,0,87,23,0,0,0,0,0,0,0,0,0,0,0,0,0,0,71,0,0,0,0,0,0,0,0,0,48,93,0,0,0,0,27,0,0,0,0,0,96,0,0,0,81,0,0,0,0,0,43,0,0,0,0,0,20,0,0,0,95,0,0,0,0,0,0,0,0,0,255,0,14,0,0,0,0,0,0,0,0,0,0,0,26,19,0,0,0,0,16,0,112,43,0,0,0,0,44,0,0,0,0,0,0,36,0,0,55,0,0,0,0,0,0,65,0,0,0,0,0,47,0,0,86,0,37,0,113,63,0,0,0,202,0,47,0,0,43,0,0,0,0,0,74,0,52,0,0,0,0,0,33,67,0,0,0,0,0,0,0,46,0,132,0,0,29,57,0,0,0,0,0,0,0,0,0,144,0,0,0,0,0,0,0,0,37,0,0,0,185,125,0,0,0,0,0,195,0,42,0,48,477,82,71,0,0,0,0,41,0,0,0,39,0,0,0,47,0,83,0,562,0,0,33,0,0,0,0,0,0,0,0,47,0,0,0,0,0,0,0,0,0,0,71,0,0,0,63,36,0,42,0,0,75,0,0,0,24,64,0,0,0,0,0,57,47,52,124,0,0,0,0,0,30,0,25,0,13,31,0,0,0,193,0,100,46,0,0,0,0,84,83,0,98,0,0,0,14,0,0,55,0,0,0,0,0,0,0,231,0,0,0,0,0,0,43,0,0,0,0,212,0,0,0,0,0,0,0,0,0,93,0,0,0,46,0,0,54,0,0,0,140,0,19,0,0,0,0,0,0,0,0,143,54,0,0,0,0,38,0,0,0,0,0,0,0,0,0,0,79,0,0,0,69,175,0,0,0,48,74,0,0,0,0,0,119,84,87,0,0,0,32,0,127,0,0,46,0,87,28,0,12,0,0,56,0,0,0,0,0,0,0,0,0,0,0,0,0,0,44,0,0,0,53,0,0,0,0,46,0,45,153,42,0,0,0,134,0,51,0,0,0,0,56,0,0,30,111,0,0,0,83,37,0,0,64,0,0,0,23,0,0,0,54,58,0,529,0,371,114,0,0,40,0,0,0,0,0,0,0,0,0,0,0,0,40,0,79,0,0,0,0,0,149,82,132,0,0,0,0,0,0,0,0,96,36,0,0,0,90,0,0,29,57,0,67,97,12,78,0,0,37,50,0,87,49,0,0,33,0,43,0,191,0,0,45,0,73,0,165,29,0,49,154,212,144,0,0,91,39,0,106,0,38,0,0,0,0,0,0,0,71,122,0,0,0,0,0,39,0,0,0,42,0,0,0,0,0,0,0,62,0,0,0,0,0,0,40,34,88,45,100,0,0,261,0,0,96,0,37,91,0,19,0,0,0,0,0,0,0,74,166,0,0,0,26,0,0,0,0,0,0,0,0,40,146,0,0,0,0,75,44,0,0,0,0,76,0,0,38,81,92,0,0,0,0,57,0,0,0,0,0,102,0,0,0,0,0,34,0,0,0,0,0,173,0,0,123,0,107,49,0,47,29,0,0,0,0,0,0,0,0,0,0,0,57,0,0,551,34,0,0,71,0,0,0,0,0,71,0,0,54,0,0,0,0,0,48,0,0,0,0,51,0,0,0,0,0,0,0,37,0,0,0,0,0,86,0,0,0,0,0,28,0,0,0,0,0,0,0,0,0,0,0,0,0,0,34,196,93,0,0,0,0,94,24,0,0,0,14,0,0,0,0,0,0,60,0,0,0,0,0,0,0,0,0,0,100,0,86,33,0,0,92,0,0,45,60,0,0,51,0,0,0,0,120,64,0,57,0,0,304,0,106,0,62,0,0,210,0,11,0,0,0,0,0,0,0,0,0,0,0,0,38,0,0,0,59,0,0,0,86,39,0,0,0,0,0,0,0,34,69,0,0,0,780,32,0,0,0,0,0,70,0,0,0,0,232,0,0,0,0,0,257,0,32,94,103,0,55,71,0,0,0,0,0,0,0,0,0,0,0,0,42,0,140,0,0,0,0,55,0,43,25,0,37,42,0,0,0,0,0,0,0,77,86,0,53,97,0,60,104,60,0,98,0,0,0,0,0,61,0,0,0,104,0,0,105,0,116,0,87,0,108,0,0,0,81,0,0,0,0,0,0,0,0,0,49,0,97,0,0,37,27,0,0,0,0,0,0,0,0,177,0,46,0,0,0,0,0,0,0,0,65,0,0,0,0,0,0,0,0,0,0,0,0,0,217,67,0,0,0,0,0,0,0,0,0,0,66,0,0,0,0,0,0,0,0,0,0,0,0,0,0,11,0,0,0,49,40,0,38,49,0,0,102,0,0,0,0,0,138,0,121,0,0,0,59,0,0,0,61,0,35,0,64,0,0,55,0,0,37,40,63,0,0,39,47,0,0,0,0,0,0,110,0,0,0,0,0,0,0,0,0,0,0,118,0,0,0,0,0,0,0,49,57,191,0,0,0,0,0,49,0,0,88,0,0,0,0,282,29,0,0,0,0,0,0,34,142,0,0,0,0,96,25,0,0,77,0,0,38,0,0,37,0,0,0,0,68,0,0,27,0,0,0,0,0,0,0,205,0,0,0,0,57,0,0,0,0,0,0,0,31,0,0,0,59,0,77,0,43,0,0,0,0,0,35,0,0,0,0,0,0,116,0,0,0,46,0,0,0,0,0,0,0,61,0,0,0,71,52,0,0,38,48,0,0,0,0,0,0,0,78,292,0,40,0,0,0,0,0,0,69,0,0,0,0,0,53,0,0,74,34,0,58,0,0,0,0,0,103,0,57,0,0,155,0,244,0,0,0,121,0,159,0,50,0,0,0,0,0,0,0,0,45,0,0,155,0,0,0,0,0,0,0,0,0,283,0,0,0,0,0,0,42,0,105,0,0,0,0,0,0,33,0,0,68,0,0,0,0,57,0,0,0,0,0,0,288,0,0,0,45,0,94,112,0,76,0,0,0,0,0,0,0,0,33,58,0,25,0,0,0,0,0,0,0,0,33,0,33,0,71,27,0,29,44,0,0,0,0,0,0,0,70,0,33,0,0,0,77,0,0,0,142,0,0,0,0,0,0,107,0,0,0,48,0,0,0,0,0,0,0,102,0,0,0,35,0,54,0,41,31,0,0,15,91,0,0,0,0,0,0,0,0,56,41,0,22,0,0,0,102,0,0,221,29,0,0,0,0,0,0,114,86,0,0,58,0,0,0,0,73,0,0,0,32,0,68,0,39,186,75,0,0,0,0,48,144,0,43,0,205,0,0,0,0,135,0,82,0,0,24,0,0,0,81,118,42,168,0,0,0,0,0,0,0,0,0,0,0,0,0,0,91,0,0,0,0,0,0,0,0,0,29,67,0,0,0,107,0,0,0,0,139,380,0,0,0,0,0,0,0,0,0,129,0,56,61,42,0,0,0,0,79,0,176,0,0,0,0,59,0,0,0,0,66,0,50,0,30,0,39,0,0,0,0,76,117,0,0,0,0,43,0,0,0,0,0,0,0,0,0,65,0,0,0,99,0,0,0,0,0,78,0,29,0,0,75,0,72,0,0,45,0,0,62,0,0,0,29,0,77,32,189,100,0,293,0,0,30,0,91,41,0,0,0,0,0,0,0,46,25,95,74,0,0,0,45,66,19,0,0,0,0,93,41,53,78,0,0,0,0,61,0,0,309,63,160,102,0,0,0,0,0,27,0,0,63,176,387,42,87,88,60,67,0,46,0,0,0,0,39,0,0,30,0,143,158,0,0,61,0,0,0,0,0,0,59,39,193,0,0,0,33,104,151,0,0,0,40,0,49,144,0,0,41,0,49,33,0,26,140,0,76,45,0,75,78,0,0,0,114,19,0,109,0,0,114,47,38,0,0,13,0,443,0,88,0,0,0,29,48,41,0,0,0,0,41,0,0,56,0,71,0,0,351,37,43,129,37,0,0,0,50,0,0,0,0,52,0,222,98,45,0,0,0,54,57,0,0,0,0,57,83,44,0,50,40,0,128,0,0,34,148,0,107,83,54,0,0,50,0,32,0,0,0,63,0,61,123,20,209,117,0,0,0,0,49,0,60,55,67,0,0,61,0,50,104,0,66,46,0,19,83,121,147,61,134,0,0,0,69,0,0,0,59,0,35,63,0,0,362,23,0,0,0,23,184,49,0,152,0,85,0,0,0,60,0,143,164,66,0,137,0,0,0,0,0,57,0,0,0,69,85,0,0,22,130,65,0,0,0,0,0,38,0,0,0,72,0,0,170,0,0,315,38,29,0,0,0,231,55,0,95,81,0,0,51,0,0,127,0,125,0,0,0,31,50,0,0,0,158,70,0,0,0,195,0,0,0,137,65,0,0,0,0,0,0,0,124,0,0,0,0,210,0,178,92,81,0,0,0,0,0,0,30,0,0,0,249,61,0,0,0,0,0,0,49,0,63,71,163,102,26,47,0,49,0,0,53,0,0,0,0,0,59,61,0,72,0,0,89,0,0,89,161,0,0,0,132,0,0,0,0,67,0,0,0,0,353,25,0,24,0,0,0,0,0,102,0,0,0,0,30,28,51,126,0,0,0,0,0,0,0,0,0,0,0,35,0,75,63,0,0,0,0,109,0,0,67,0,34,0,0,180,56,36,0,90,0,0,39,0,25,240,14,0,0,0,62,64,31,0,0,75,0,79,0,41,241,87,154,0,151,64,82,0,67,0,0,0,0,95,93,32,0,0,158,37,33,0,0,0,0,137,0,0,0,94,0,0,165,30,0,37,32,0,0,162,0,0,644,0,338,0,208,0,47,147,0,0,76,0,0,0,0,0,61,0,0,0,31,0,44,0,38,74,129,0,31,26,0,88,0,0,0,44,30,0,0,194,201,0,40,0,0,0,0,85,71,0,47,183,0,0,0,0,134,91,0,0,46,43,0,0,0,0,23,0,52,101,0,0,124,0,16,49,160,0,134,66,0,0,0,0,0,107,0,47,0,0,0,0,0,0,0,45,0,60,42,0,0,48,0,0,0,0,423,63,91,0,75,62,0,91,0,0,0,59,151,85,48,110,70,142,0,0,0,102,53,0,0,0,0,0,0,0,38,122,0,34,0,0,78,28,0,0,0,0,645,0,0,0,0,0,0,42,45,0,40,31,0,0,0,273,0,0,235,0,40,0,0,54,0,0,0,62,0,0,0,0,0,0,0,0,0,85,0,0,0,38,128,77,59,0,58,0,0,0,83,326,0,77,0,63,117,0,63,0,65,58,61,0,246,87,0,94,49,0,0,83,50,0,170,0,0,50,127,54,28,40,69,39,44,0,0,0,51,41,0,99,0,504,0,0,101,0,0,0,0,0,0,46,0,0,0,0,69,0,0,124,0,0,48,0,77,0,0,0,86,113,0,0,225,0,0,0,106,0,78,0,27,30,88,0,79,0,0,14,0,47,69,0,36,152,0,245,92,15,0,57,0,0,0,835,121,0,0,65,0,0,33,0,0,0,0,55,0,0,0,0,73,0,0,82,65,33,72,0,0,0,471,0,0,0,0,0,0,0,19,0,0,0,0,170,19,0,0,0,0,107,68,0,0,97,284,0,0,28
354,0,0,0,97,49,66,0,0,62,0,83,0,0,0,92,298,363,0,53,0,157,0,82,64,79,0,0,0,35,0,0,61,0,74,200,163,0,36,328,0,74,51,0,163,0,0,25,181,0,79,41,39,41,0,118,41,0,0,0,0,113,40,286,0,47,0,15,0,36,151,0,52,8,0,242,65,0,406,0,173,0,0,112,135,0,0,0,44,0,159,55,54,44,76,0,0,0,64,35,0,0,0,196,31,0,40,0,87,87,207,28,0,67,45,55,0,121,33,0,161,0,136,0,0,0,0,38,66,0,81,0,207,0,90,57,90,103,0,0,102,65,90,364,0,43,25,0,0,96,0,0,84,0,59,155,0,30,0,150,311,36,0,0,0,96,0,0,71,135,187,59,29,0,0,39,29,0,92,0,27,279,0,36,37,0,37,99,131,0,0,0,126,0,105,0,135,0,0,0,0,41,126,0,502,60,0,0,0,93,83,78,81,0,24,142,0,85,0,0,207,259,0,0,197,0,0,145,386,0,38,0,0,0,0,0,0,36,209,43,0,118,0,0,29,0,90,0,32,0,17,0,161,83,43,51,0,0,23,79,410,231,95,66,0,0,0,207,200,306,0,31,125,232,91,0,0,0,130,243,100,0,0,96,41,110,35,167,1338,66,43,46,100,0,0,47,0,0,48,63,0,0,55,41,0,234,113,174,0,154,121,651,97,0,0,49,41,128,98,0,60,39,0,0,210,134,70,88,24,0,518,0,42,98,47,74,0,0,0,65,0,46,0,85,134,0,0,0,102,974,152,109,0,171,316,0,0,101,211,249,45,88,74,0,95,79,431,88,0,0,123,81,61,0,47,97,166,0,0,172,0,0,0,0,80,202,75,48,0,0,0,28,436,0,43,0,452,26,130,86,0,0,185,0,0,116,0,31,50,0,42,0,18,30,0,0,113,98,269,101,34,63,92,41,60,164,82,0,177,48,0,0,0,0,129,0,45,56,0,104,0,0,259,76,250,95,297,134,0,0,0,0,177,0,113,0,0,62,0,0,195,40,77,208,0,0,0,48,31,44,48,49,245,161,54,0,212,127,213,164,69,0,193,197,39,0,0,0,189,215,0,80,0,218,0,0,95,0,99,32,0,218,0,555,50,66,113,98,0,26,57,34,0,59,0,0,195,79,79,65,99,47,215,179,61,0,36,0,200,0,77,0,0,0,57,81,34,0,0,111,0,150,448,0,0,0,123,0,51,400,195,73,0,67,0,61,0,77,0,51,168,257,0,0,38,78,64,0,0,47,38,279,28,0,54,26,0,144,0,0,182,115,139,0,155,0,365,569,59,30,0,489,0,46,0,0,0,99,0,96,0,0,0,43,0,109,0,52,0,0,0,0,121,188,60,0,0,89,0,74,0,30,0,0,53,0,28,44,0,178,65,15,0,0,0,0,0,0,0,0,0,0,84,0,0,201,0,45,0,0,192,0,0,42,59,0,0,36,0,89,34,0,56,0,0,0,26,108,0,0,133,0,148,0,0,71,0,58,100,0,0,0,40,63,103,0,0,0,125,0,0,27,0,0,0,49,0,0,97,0,0,0,0,75,84,0,0,0,39,118,0,82,191,0,0,0,0,0,112,71,170,108,114,470,179,141,148,172,0,0,51,120,0,0,0,0,0,0,148,108,249,63,794,96,0,71,0,0,103,0,0,44,0,0,84,38,0,0,0,0,0,84,0,40,0,94,0,51,0,120,77,168,0,49,0,179,0,37,0,0,88,0,60,0,0,0,73,0,116,306,0,0,0,53,0,66,0,109,61,36,0,0,58,0,158,0,136,113,83,0,50,0,118,108,0,166,0,49,0,0,219,0,345,0,0,0,35,47,0,137,103,0,0,0,0,0,44,80,0,0,0,56,276,0,206,0,0,61,38,0,200,0,0,25,0,0,387,89,43,281,0,0,0,68,0,0,0,0,50,12,0,48,0,0,0,214,0,0,0,35,42,69,61,0,38,90,0,44,0,0,16,114,0,83,230,73,457,0,0,42,0,95,0,0,0,0,0,205,283,69,102,33,66,0,0,293,172,0,108,0,0,125,50,35,24,0,35,23,0,60,0,0,0,0,82,0,58,77,134,0,28,31,0,103,0,70,0,49,0,0,79,0,68,115,0,0,98,0,205,0,0,52,73,43,0,58,0,102,0,99,0,0,0,99,76,47,0,301,0,0,0,154,0,0,71,0,205,45,268,0,1436,83,74,22,0,0,0,0,0,0,56,0,80,28,0,182,65,0,98,34,0,72,0,94,0,84,358,193,0,118,0,0,39,54,30,0,197,54,75,0,0,97,0,22,47,143,0,63,228,25,167,0,0,0,24,0,147,27,49,0,0,0,71,68,371,0,0,53,132,100,0,201,22,48,94,147,724,61,27,37,50,0,0,139,0,0,0,0,0,0,0,81,0,0,188,0,0,0,0,55,0,157,0,103,0,63,0,58,0,33,73,41,47,0,0,47,73,0,0,76,0,155,0,48,0,27,392,41,0,347,52,112,100,38,73,0,19,34,85,103,0,0,59,406,0,38,0,79,69,14,0,0,0,0,27,0,0,306,28,67,51,0,179,113,0,0,36,0,111,0,25,0,194,222,68,69,175,0,126,48,93,0,66,0,99,0,0,267,0,16,23,28,0,0,0,66,166,70,0,84,0,355,189,0,0,32,18,0,0,42,0,0,0,66,248,0,58,145,69,0,892,43,0,80,322,0,49,0,24,245,144,0,0,136,0,24,35,40,0,166,0,0,41,92,67,54,32,0,0,57,81,160,42,50,67,20,111,38,109,0,0,20,63,0,95,0,49,0,0,96,24,69,64,56,67,43,0,45,58,155,330,234,0,55,0,0,413,46,48,0,186,93,0,44,53,75,0,45,54,0,136,101,33,171,0,0,49,0,24,191,0,247,108,29,0,139,0,86,160,160,0,0,111,47,150,58,39,199,91,97,278,0,0,2454,61,124,0,90,35,42,642,0,58,120,0,93,0,170,99,0,0,39,126,0,40,341,0,0,24,205,21,70,0,180,77,41,0,0,36,17,49,37,84,157,0,0,61,772,724,65,698,59,70,44,124,74,0,68,0,220,0,101,62,88,0,658,0,60,155,153,0,340,296,0,179,51,0,0,0,0,385,104,37,112,52,201,76,346,0,473,0,0,294,0,31,164,137,0,72,0,0,65,115,47,84,0,107,226,23,688,250,74,132,0,0,68,350,40,0,522,0,0,250,0,68,53,141,0,40,332,145,116,27,136,113,147,80,107,0,345,86,36,0,53,97,84,65,31,121,82,0,92,277,177,535,41,0,0,0,184,0,45,0,440,249,272,123,49,83,44,0,36,252,41,195,244,0,0,71,150,0,0,30,0,29,45,0,0,136,151,0,0,0,112,50,0,0,49,48,0,46,197,0,0,0,0,41,0,40,0,47,0,0,0,0,0,26,81,0,140,56,22,0,256,153,56,0,167,81,37,0,32,59,394,0,321,21,46,46,66,28,86,46,89,60,25,54,230,0,0,80,127,0,47,127,389,0,0,0,80,38,0,0,39,0,54,493,0,0,53,32,0,70,0,0,44,141,0,30,0,0,0,0,0,179,0,39,248,151,94,0,55,0,0,0,0,57,97,69,0,33,44,81,0,43,106,33,64,113,0,242,202,0,153,0,0,175,0,0,53,87,75,61,67,12,53,207,0,0,44,55,0,43,23,0,0,0,0,0,0,0,21,274,47,50,0,33,315,52,49,34,75,0,46,0,151,0,0,0,430,41,410,67,52,45,0,93,207,40,154,0,128,64,104,0,61,157,0,64,0,77,50,0,0,133,409,0,0,44,0,0,44,99,89,39,0,210,93,52,0,27,57,0,0,0,218,224,126,71,71,0,0,158,0,106,100,0,0,50,0,0,60,0,28,63,165,0,259,36,47,0,0,112,63,39,101,0,43,518,95,169,0,0,33,109,0,121,0,0,88,97,43,0,0,0,48,0,0,0,28,204,76,80,0,0,0,38,41,104,0,744,0,37,48,0,33,94,102,0,416,177,0,116,0,0,57,0,82,30,181,72,99,46,0,44,205,64,0,142,0,0,291,0,0,46,0,88,52,413,0,0,97,42,0,0,0,146,223,122,100,135,0,0,68,0,57,0,0,0,34,0,66,81,166,126,181,0,70,48,50,35,0,0,47,41,61,61,574,68,58,44,0,56,351,44,61,98,139,0,398,168,0,0,133,158,104,64,0,149,0,76,0,56,0,41,92,189,0,0,0,194,98,93,167,213,238,0,0,48,162,0,0,58,81,0,0,79,36,129,291,36,45,71,0,0,560,36,25,566,70,0,0,0,0,0,0,163,83,119,0,37,49,74,0,46,139,0,170,145,55,124,108,60,0,1010,0,60,0,20,48,194,376,51,63,113,191,0,0,141,72,327,0,104,94,51,41,0,0,63,396,165,169,102,30,0,61,26,0,0,115,0,0,146,0,82,0,48,173,17,0,0,0,84,162,33,48,223,35,146,53,0,44,526,0,0,10,0,221,309,0,67,35,33,0,0,88,79,177,74,72,68,117,292,0,0,0,28,112,61,435,0,0,29,0,252,61,80,0,0,131,0,216,0,235,0,52,0,64,0,34,36,0,0,0,53,153,59,37,0,396,0,28,0,0,0,0,345,43,0,162,672,0,0,78,26,0,108,91,0,26,0,170,0,65,0,0,141,234,64,46,69,0,45,100,60,263,43,0,42,0,242,74,100,47,79,79,0,52,0,36,40,0,46,79,0,57,106,78,0,0,0,49,98,0,0,52,0,73,65,38,127,167,0,0,60,0,26,0,117,255,269,219,125,0,33,0,0,73,0,48,0,90,0,44,85,353,103,137,28,0,0,0,56,0,0,37,28,57,115,34,337,259,0,68,200,0,58,0,0,80,0,139,0,366,115,73,0,0,218,167,0,146,73,0,60,42,198,54,0,0,0,52,58,0,0,150,41,435,107,0,0,115,52,0,0,139,58,0,211,0,0,122,88,58,0,107,0,0,212,0,228,0,33,73,0,108,314,0,0,28,0,0,0,37,191,0,94,0,0,347,58,54,397,89,60,0,49,69,0,48,0,77,123,122,270,110,218,0,18,84,44,116,75,104,34,0,78,75,37,0,203,0,0,134,0,0,275,0,0,96,0,237,0,48,97,58,0,33,0,39,198,0,112,99,47,259,206,0,0,0,0,209,0,151,135,0,222,71,24,50,107,156,0,54,0,0,115,83,137,102,353,41,35,0,154,109,0,0,20,140,0,0,60,149,25,268,0,0,50,59,38,71,337,54,47,0,169,0,46,0,106,0,190,250,138,0,280,0,0,104,66,102,60,0,0,0,175,109,97,92,0,199,0,0,0,0,40,0,140,38,0,0,56,0,0,528,44,0,432,0,100,0,196,0,270,101,0,145,54,0,63,151,0,0,128,26,268,78,109,57,84,40,0,0,0,635,62,0,0,0,201,0,125,28,138,298,0,0,35,0,68,0,18,204,0,25,81,40,216,47,174,161,122,287,0,0,0,0,0,91,21,68,0,926,288,77,0,0,71,42,24,113,120,42,342,204,83,43,0,75,17,36,54,127,42,0,0,54,140,109,44,29,375,0,0,195,0,0,45,445,0,80,63,130,25,38,0,69,67,80,0,29,178,437,104,28,0,117,0,45,0,48,192,20,117,118,0,59,0,84,154,0,0,55,0,60,0,0,128,13,24,79,45,0,70,51,131,73,0,57,118,0,48,76,0,70,42,0,357,157,91,56,0,35,41,68,61,128,214,121,0,12,100,70,169,177,50,154,0,70,101,32,35,334,85,710,68,166,82,246,113,414,0,62,29,0,174,54,0,38,0,664,102,85,0,40,45,28,200,0,0,49,339,0,56,442,141,57,24,146,28,196,222,83,100,397,0,222,0,109,0,61,254,29,108,186,145,47,201,0,32,64,181,0,68,56,0,97,0,289,230,233,0,147,106,0,243,0,0,56,0,0,58,48,152,446,47,62,0,0,104,0,103,282,0,36,197,0,0,0,40,194,119,0,0,44,26,16,49,0,140,0,0,0,46,0,0,157,82,86,127,148,248,0,37,0,0,0,0,0,116,0,128,0,0,77,0,35,27,0,102,0,232,69,0,97,135,37,73,0,0,237,0,522,0,69,0,0,0,39,0,51,45,257,42,0,297,31,191,11,0,0,64,0,0,0,31,44,0,46,0,34,89,49,139,0,0,51,0,0,0,0,0,122,34,96,0,0,0,0,62,133,77,44,50,0,84,162,87,44,0,251,92,140,30,35,61,0,0,0,93,0,106,0,47,0,0,0,0,0,44,45,0,29,0,60,0,43,0,58,0,24,0,272,267,66,116,49,94,263,0,88,0,54,122,53,0,30,134,157,53,0,34,31,45,55,0,0,19,0,63,66,0,173,35,184,0,255,0,0,0,40,0,0,319,0,446,199,0,179,0,0,46,27,0,54,33,514,0,0,0,267,0,0,66,0,0,65,0,79,0,0,84,56,409,93,0,67,53,284,0,93,0,109,29,0,0,86,0,227,0,0,0,0,73,73,0,0,99,42,276,211,50,27,42,0,0,0,258,85,0,0,58,0,38,0,0,0,0,0,0,66,97,0,0,105,0,0,310,66,0,0,0,79,0,311,0,0,0,0,0,0,30,0,88,0,0,49,41,0,0,47,0,0,0,0,33,0,35,45,69,0,0
355,0,0,0,0,0,50,22,0,97,0,92,55,0,0,261,270,164,0,0,0,163,93,88,118,97,0,0,119,24,0,0,62,0,47,139,51,0,58,158,182,0,0,0,157,0,80,0,365,44,204,37,165,75,37,160,0,36,0,35,0,334,72,148,83,80,69,47,42,0,197,0,81,0,0,336,146,25,313,63,154,0,0,236,359,69,52,0,80,56,166,102,0,80,144,27,64,0,50,62,0,53,0,123,45,71,71,0,171,66,65,49,52,137,164,95,25,219,0,0,327,20,248,0,46,0,34,0,140,68,162,0,234,0,171,103,159,69,97,65,0,54,88,310,0,0,84,87,100,182,0,0,176,145,143,65,0,161,23,217,166,49,43,138,45,146,76,0,104,308,100,97,69,0,27,85,0,77,148,0,39,147,0,89,38,65,85,319,298,0,0,0,122,88,137,20,66,0,0,82,0,55,173,81,190,26,29,0,40,127,229,0,0,98,0,157,96,60,0,42,62,180,49,0,278,0,0,62,222,0,94,64,0,52,34,0,58,100,295,51,0,154,40,0,53,0,195,0,0,0,26,70,261,0,244,85,37,0,50,118,277,152,102,0,67,0,22,553,97,1061,0,0,153,382,105,51,152,0,682,364,55,0,57,250,127,79,152,373,1822,128,184,90,253,0,0,60,0,48,112,0,57,0,81,0,0,272,243,252,0,128,101,441,118,0,0,111,83,199,128,0,75,67,0,47,201,196,105,119,0,48,276,0,83,90,86,62,0,0,60,80,0,95,0,207,160,0,0,0,149,1956,450,163,0,377,378,0,92,78,307,136,61,118,207,0,199,222,561,137,55,0,224,50,66,58,78,164,151,0,0,95,0,0,0,46,63,538,161,76,84,0,60,47,568,51,72,48,606,45,201,140,0,0,400,0,0,204,124,43,0,0,126,0,75,0,0,0,142,129,317,271,0,112,108,0,101,168,127,45,155,0,0,0,74,67,165,46,0,77,26,108,0,0,523,147,293,129,497,95,0,36,0,0,139,0,231,0,56,75,0,15,273,47,90,112,0,0,0,64,0,42,46,50,486,80,133,46,194,299,299,87,93,54,178,255,65,0,0,76,130,435,127,44,0,164,60,78,355,96,275,35,0,238,43,791,68,111,109,172,47,0,102,0,0,56,32,42,342,0,63,188,184,78,319,321,83,0,47,75,219,46,93,0,0,31,89,109,18,0,0,161,0,202,248,39,0,0,165,29,106,421,74,137,45,134,0,98,0,43,61,49,134,353,0,0,93,144,58,17,31,41,97,440,0,0,51,94,0,369,30,86,231,0,144,0,267,49,343,591,207,59,43,995,0,120,52,0,0,98,0,0,0,0,89,164,112,128,50,108,44,0,0,0,138,186,103,0,40,101,24,0,0,0,0,0,51,0,43,67,0,203,175,38,46,64,56,69,43,56,58,0,0,40,98,0,0,284,0,54,28,257,117,0,0,82,283,0,0,63,90,120,0,57,77,0,0,100,58,0,0,52,451,0,0,0,164,0,75,33,82,12,0,0,61,130,201,0,106,56,230,0,72,80,52,0,50,71,74,0,510,0,0,0,0,0,84,0,0,0,212,0,45,190,107,0,0,0,0,65,105,132,216,39,136,762,189,334,49,0,0,0,46,102,37,0,126,0,0,32,406,0,245,72,626,72,0,96,0,0,197,0,32,132,0,0,335,0,0,32,0,41,33,113,0,79,0,68,0,93,0,158,134,149,66,0,30,194,33,0,0,109,204,0,66,0,0,0,152,106,124,395,0,0,117,0,0,64,0,90,76,56,107,0,27,43,153,50,298,58,185,0,118,0,188,186,36,152,0,0,0,41,155,34,255,43,0,104,110,59,0,164,210,0,0,28,0,0,37,0,0,0,0,0,222,0,259,0,0,74,55,69,172,0,126,0,0,0,729,118,122,288,0,0,0,162,22,86,0,0,49,0,0,0,0,0,240,107,23,0,0,0,44,123,143,0,50,160,0,54,0,0,53,135,0,146,204,120,60,0,34,0,140,0,0,63,0,26,79,239,287,261,96,87,124,58,54,232,189,116,180,0,188,316,47,38,0,0,98,0,0,118,62,38,70,0,57,51,55,132,186,0,0,149,43,241,0,264,22,30,38,29,93,0,79,93,78,0,123,22,565,0,0,62,44,194,160,111,45,68,74,244,0,0,0,536,85,69,0,371,39,0,0,127,0,0,0,107,523,0,316,0,1212,47,47,119,38,47,0,0,0,131,43,37,129,0,25,391,81,115,84,301,35,96,0,212,0,173,512,208,48,174,31,48,24,57,53,0,307,82,97,0,0,79,67,0,66,377,0,149,214,61,117,39,0,200,87,0,218,105,73,19,80,0,59,76,710,0,0,82,154,138,0,223,78,0,144,331,883,204,0,0,222,90,0,206,38,28,46,50,0,0,0,75,0,61,350,0,0,66,67,82,28,227,69,60,136,0,105,70,0,0,65,0,298,0,38,48,129,31,0,0,85,240,175,170,0,48,380,31,0,414,51,115,379,60,72,0,53,66,51,208,0,0,338,473,0,0,0,56,145,0,71,0,0,0,0,0,71,353,0,87,0,42,243,99,51,0,80,58,291,124,0,0,148,273,165,0,79,0,171,0,106,0,62,0,201,0,80,250,79,0,87,44,0,0,61,107,538,33,32,78,0,532,185,0,159,65,74,0,0,54,0,77,60,73,172,0,0,0,0,0,504,61,51,113,73,0,74,49,0,68,79,0,0,75,54,20,44,0,0,138,0,14,47,178,93,0,83,25,0,96,40,116,0,70,107,0,62,0,60,0,0,0,48,43,23,0,70,0,0,61,0,38,174,34,99,0,0,99,0,10,165,241,38,0,0,32,81,0,0,49,0,48,0,33,71,0,0,24,45,0,57,39,59,87,0,0,0,0,0,89,0,0,0,0,76,23,60,35,173,247,0,52,118,0,254,45,0,314,126,46,26,0,0,457,18,142,0,0,0,0,137,0,0,141,37,69,0,151,78,0,0,48,61,0,42,210,0,0,0,93,0,91,0,88,190,0,0,0,0,0,81,0,0,272,0,0,17,555,403,38,335,0,41,80,0,55,0,0,0,163,0,45,73,96,0,283,33,69,111,374,0,407,46,0,89,25,0,0,0,0,107,93,47,168,62,245,47,205,0,187,0,98,179,0,0,49,36,0,38,71,0,96,0,73,146,38,81,92,0,376,72,115,0,151,50,0,89,0,0,327,0,0,50,0,0,0,84,0,0,80,76,72,0,228,0,66,145,137,0,71,139,0,0,57,0,35,55,0,54,0,0,65,79,100,263,0,0,0,0,69,39,71,25,261,165,111,56,0,59,0,0,37,139,84,33,339,32,0,57,0,66,59,61,0,0,68,0,0,76,246,90,0,0,117,48,176,0,46,57,0,54,127,0,0,0,78,69,0,75,58,36,0,0,0,0,81,0,88,0,145,150,38,0,151,195,0,0,155,101,161,0,0,58,340,0,431,0,46,91,0,0,35,0,152,106,63,182,1069,0,0,292,101,43,0,70,125,0,0,71,74,128,0,0,113,0,0,536,0,87,67,49,40,31,0,41,0,125,0,216,24,0,0,0,29,39,0,43,158,182,52,0,47,43,41,37,50,216,55,51,43,0,28,240,51,69,64,0,0,80,0,147,105,86,133,0,0,151,25,0,121,65,94,87,221,0,207,206,0,65,46,81,441,0,0,46,54,188,0,70,0,0,0,450,115,32,0,0,186,47,108,24,206,0,74,0,344,0,0,0,525,0,328,49,67,81,0,108,189,0,153,0,120,64,89,52,98,82,0,0,0,77,30,50,30,38,202,0,0,642,0,0,43,32,124,0,85,256,74,55,0,0,46,30,139,73,139,579,102,40,84,0,41,0,0,52,273,0,0,40,0,0,74,0,0,71,182,0,80,39,64,0,0,249,150,178,167,0,0,387,126,321,0,0,0,170,0,165,56,58,71,102,28,0,83,0,29,0,65,0,41,315,51,32,0,0,0,0,0,149,0,541,0,76,85,0,42,77,44,0,180,114,0,97,55,0,14,0,0,0,0,58,0,0,0,34,84,53,0,38,0,0,110,0,0,0,0,79,237,208,35,160,83,63,0,0,0,180,166,96,0,142,0,76,27,0,0,0,28,118,0,0,0,0,37,120,370,84,0,24,96,0,0,0,136,0,63,84,273,0,83,35,43,0,812,0,0,0,326,0,91,71,0,0,50,167,81,0,0,189,0,59,0,0,0,87,89,285,0,0,0,0,0,0,96,71,133,0,0,70,173,0,0,109,0,18,0,33,29,149,222,0,41,82,0,0,621,0,50,217,0,28,0,0,70,103,0,283,180,190,0,71,0,28,0,0,338,40,56,48,0,62,70,44,76,322,125,0,0,85,69,107,86,106,49,0,468,0,0,192,139,67,0,281,62,46,0,0,0,48,59,66,144,535,0,0,125,0,43,0,0,0,23,93,0,56,0,0,165,34,0,0,0,29,87,44,48,29,0,169,134,35,90,114,0,29,0,0,262,535,0,75,0,0,31,0,153,0,64,333,46,194,292,91,0,0,0,25,85,123,184,0,59,0,32,53,83,0,0,0,69,0,115,0,220,0,64,0,126,0,0,228,160,0,0,0,361,132,86,0,930,0,0,23,0,0,0,123,107,58,0,329,0,0,0,0,0,0,79,109,0,0,67,0,195,0,0,205,178,0,190,0,84,0,36,0,176,0,60,43,0,367,157,65,80,67,0,0,42,0,0,45,0,31,72,189,0,187,202,0,0,0,108,66,86,0,0,0,111,0,0,0,87,0,0,0,0,79,56,82,65,205,773,72,0,0,0,0,0,112,0,0,115,203,575,96,195,103,40,258,0,97,14,27,0,0,51,0,55,102,0,181,394,0,65,73,0,64,0,0,26,40,90,45,186,49,0,107,0,31,140,0,134,37,65,0,36,160,0,203,41,0,118,0,0,175,173,83,270,139,32,90,113,46,120,19,115,94,0,0,0,0,151,147,50,39,99,0,0,1387,0,181,45,59,0,0,107,47,0,0,0,0,21,0,0,167,0,0,0,45,250,0,88,484,0,76,0,49,52,26,75,0,45,120,151,95,239,89,0,0,74,59,67,0,0,0,0,31,0,0,0,38,0,72,447,0,0,66,185,41,109,109,280,0,53,54,23,0,0,0,0,0,0,84,133,0,219,81,0,62,0,0,89,0,0,0,60,116,28,225,62,42,142,0,92,60,44,119,106,143,225,120,161,0,0,117,84,0,0,0,0,0,0,0,57,102,1378,55,0,24,60,0,119,40,76,304,0,0,46,61,0,74,0,164,149,0,0,379,0,0,0,76,0,52,0,0,0,98,73,84,72,35,252,214,0,0,0,59,23,78,0,0,0,0,0,49,750,0,0,462,44,41,0,144,45,228,91,0,224,88,0,0,181,0,0,0,0,294,0,40,61,0,20,35,0,0,729,50,0,0,0,302,0,112,99,222,97,0,0,0,39,39,0,0,0,0,0,49,39,99,59,117,50,104,167,29,31,53,0,0,7,0,62,0,35,133,0,37,0,150,0,0,102,84,0,226,224,52,35,42,70,0,71,0,77,0,0,0,0,128,67,62,0,240,29,0,56,32,0,43,54,0,79,0,195,0,36,0,134,58,73,0,0,174,257,39,0,0,0,0,47,0,32,123,0,74,145,0,103,0,0,326,0,0,0,0,55,30,0,140,83,0,0,0,0,57,30,41,59,0,0,91,0,71,174,0,47,62,46,81,127,75,40,87,57,22,73,40,0,423,153,0,0,168,66,140,47,0,58,83,0,75,0,41,250,88,343,68,189,0,48,110,378,0,95,112,0,161,52,0,14,30,634,0,57,0,40,61,0,0,0,42,0,226,0,43,78,91,0,0,89,0,142,0,36,0,522,45,406,0,130,0,55,263,45,135,131,43,38,48,0,0,84,0,0,40,0,0,50,0,0,256,157,0,117,0,0,180,0,0,59,25,91,55,0,244,82,0,0,0,0,140,0,106,212,0,0,170,0,20,0,0,54,0,0,0,108,65,0,50,78,0,53,0,0,103,0,0,231,42,45,155,103,219,58,45,0,55,0,0,0,102,0,114,0,0,122,167,70,0,0,140,0,172,93,186,67,70,82,120,0,0,415,20,269,0,100,124,0,19,26,20,40,54,628,82,0,179,57,253,0,79,0,177,141,0,0,77,42,65,41,0,455,191,38,81,0,0,122,88,0,0,65,0,132,47,50,0,0,0,27,109,127,51,0,101,0,90,186,102,0,18,321,101,206,0,0,32,0,0,0,117,0,109,0,0,0,53,0,0,35,207,0,0,0,0,0,0,118,0,33,0,82,88,648,1530,68,115,110,157,107,33,184,0,131,111,86,18,0,148,97,54,0,0,0,51,89,0,411,73,0,66,48,86,484,0,60,0,0,35,32,0,53,21,0,162,0,252,167,0,184,0,0,0,0,0,86,0,223,0,0,0,120,0,0,71,0,0,127,0,0,60,38,86,80,927,119,0,222,71,120,46,134,0,239,73,0,0,235,40,191,0,50,114,0,92,68,0,45,62,69,303,251,66,0,31,0,0,0,689,44,0,0,36,0,0,79,0,41,0,0,64,74,142,78,0,183,0,0,438,50,48,81,48,109,0,125,43,0,0,0,0,0,0,59,136,0,78,216,76,0,91,0,0,0,28,52,0,0,53,806,47,33,40
356,0,0,0,0,22,20,54,0,0,0,319,0,0,0,165,319,189,0,0,0,70,32,0,51,44,0,0,0,0,35,0,0,0,41,72,0,0,0,142,230,0,0,0,290,0,90,42,47,0,262,0,189,49,52,0,50,0,0,32,0,147,0,127,0,64,119,45,0,0,137,0,0,0,0,328,67,39,203,17,111,0,0,120,86,68,26,0,91,0,0,88,23,0,56,0,13,0,0,0,0,0,0,113,0,0,63,57,78,0,77,0,54,84,165,88,56,68,66,0,136,37,239,53,23,0,64,0,59,45,233,0,338,0,44,93,71,117,85,115,84,91,69,268,0,0,51,0,109,106,0,0,0,51,41,0,0,56,32,119,69,0,33,95,0,78,0,0,62,29,163,56,0,68,0,41,36,74,61,85,31,133,0,43,29,68,0,326,329,0,0,0,46,53,149,18,86,29,0,155,0,0,85,41,268,28,0,0,0,113,48,76,0,66,0,147,63,47,26,0,110,161,49,0,311,0,0,49,169,0,52,0,31,20,0,0,24,122,205,0,0,71,0,77,42,0,75,0,0,0,0,46,281,76,173,0,44,0,27,24,144,138,105,0,71,0,0,434,112,459,40,0,146,409,44,0,86,27,925,342,0,0,151,0,138,36,32,75,1077,97,51,32,60,0,0,0,0,75,43,75,36,0,67,0,0,0,40,0,20,29,0,324,95,0,0,35,0,215,56,0,0,0,0,0,237,71,58,134,36,0,190,0,0,115,0,0,0,0,0,66,0,0,0,69,72,0,0,0,0,68,106,138,58,107,236,0,0,97,204,294,0,0,0,0,35,143,63,89,35,0,58,119,67,0,54,91,146,0,0,242,79,41,44,38,118,674,61,49,51,0,0,25,85,0,72,0,463,38,103,112,0,0,211,0,50,0,43,0,53,0,89,0,105,8,0,0,195,79,257,140,73,114,0,0,107,19,96,61,170,59,0,0,25,0,98,0,0,21,0,125,0,0,543,79,337,73,188,194,0,98,43,0,356,0,0,0,31,41,0,18,0,0,169,295,14,0,0,35,0,56,62,0,211,46,46,34,85,124,71,73,125,41,227,184,147,0,0,81,233,75,94,0,23,357,38,0,247,44,169,21,0,44,43,442,97,72,204,43,0,0,74,0,0,0,0,0,232,108,78,125,150,0,76,142,93,0,0,0,41,45,0,0,0,0,74,59,0,0,0,158,70,109,194,12,33,29,106,27,39,94,79,54,0,0,44,0,29,147,0,0,33,198,0,64,73,269,95,0,0,41,236,181,0,0,0,0,0,104,44,0,202,215,222,0,0,0,318,506,31,0,0,104,0,53,0,0,0,98,0,151,59,53,20,0,0,68,0,260,0,0,0,0,280,425,0,0,60,0,0,49,0,0,0,0,0,0,0,0,0,0,159,0,0,0,0,0,0,0,0,0,0,0,73,0,0,259,0,0,0,162,131,0,0,57,277,0,73,81,31,187,74,0,33,0,53,94,54,60,0,0,228,0,175,32,356,15,53,0,411,21,0,0,0,61,81,0,33,0,147,0,95,0,0,0,66,0,249,43,268,0,35,47,0,117,96,0,49,98,29,78,34,51,129,0,0,0,0,0,286,71,298,49,0,301,0,112,104,57,0,0,146,52,0,32,52,0,0,42,258,111,61,34,852,135,0,26,0,0,108,0,0,28,0,0,0,0,0,0,0,0,0,141,0,0,0,97,0,32,0,0,68,33,47,0,0,246,0,0,37,45,0,0,105,0,0,0,41,37,143,196,0,0,30,24,0,49,0,0,60,0,68,27,0,53,29,30,192,75,98,0,0,0,65,315,35,166,46,0,48,54,84,0,140,77,35,0,0,102,0,179,40,0,0,88,0,0,48,100,0,0,0,0,157,0,221,0,0,47,0,0,87,37,81,0,0,0,489,239,20,464,85,58,0,269,58,0,28,0,0,24,0,17,0,0,187,50,0,0,0,0,0,0,101,37,55,81,0,34,0,36,11,87,0,84,44,50,195,58,0,47,0,267,0,0,0,0,0,192,319,31,109,57,68,0,0,246,102,33,112,0,35,115,44,0,0,59,0,0,0,0,20,0,0,0,25,31,53,60,0,0,0,0,0,176,0,109,17,53,0,34,40,0,34,152,0,0,23,0,0,0,40,74,49,0,0,60,0,80,0,332,0,0,0,44,0,0,0,337,0,0,49,206,0,0,0,42,0,0,577,0,578,112,22,36,0,0,30,0,0,61,0,0,46,0,0,101,47,27,73,104,0,59,0,0,0,122,67,192,71,41,0,0,59,33,0,0,103,61,0,0,0,112,33,0,47,34,0,136,314,0,147,0,0,0,0,0,79,192,0,0,0,0,92,0,152,0,62,71,82,138,0,94,16,73,115,259,417,98,60,0,43,0,0,90,0,0,0,0,0,43,0,65,0,0,365,0,0,16,70,54,0,175,23,63,54,46,0,0,0,0,41,26,0,0,0,53,25,0,0,41,0,195,0,26,0,45,223,38,0,390,0,150,29,0,0,0,0,66,54,132,0,0,0,415,0,0,0,62,52,0,0,0,58,0,0,0,0,240,96,69,63,0,189,99,98,0,67,17,0,0,0,61,162,152,126,56,101,0,64,0,93,0,49,0,0,0,66,120,68,0,0,0,0,0,36,105,116,52,0,151,0,494,109,0,0,29,0,0,26,0,0,0,0,27,70,0,64,159,0,0,416,0,21,93,30,41,0,35,47,0,87,0,0,0,0,0,0,22,0,131,0,0,0,34,0,76,0,0,0,0,0,75,0,0,101,0,0,0,0,0,0,0,40,0,88,0,0,0,0,87,0,36,0,0,0,0,0,45,0,108,66,87,0,38,0,0,62,0,0,0,90,64,0,0,0,0,0,0,31,0,121,0,78,48,0,0,0,0,0,0,0,163,0,0,0,55,0,0,305,0,0,0,0,0,49,0,0,92,118,56,88,40,0,0,50,90,0,0,0,42,187,0,86,0,0,0,0,61,0,0,0,0,0,0,0,106,0,0,23,92,35,0,0,41,0,33,0,0,0,0,0,0,46,69,0,0,0,1017,155,47,282,42,0,0,254,55,0,0,0,180,0,0,0,0,0,111,61,51,89,119,0,241,34,0,90,0,0,50,0,0,0,0,0,82,0,237,49,74,0,101,0,0,47,0,0,141,0,0,49,0,0,0,86,0,0,0,0,44,0,135,0,0,44,50,0,47,37,0,0,336,0,0,104,0,0,0,220,0,36,45,0,63,0,54,0,66,0,0,0,50,0,0,0,0,0,44,0,0,0,0,0,96,82,114,143,30,0,0,0,159,0,0,0,165,44,57,0,0,71,66,0,0,156,14,122,35,0,0,32,106,0,0,0,0,0,0,0,0,65,89,48,0,0,0,32,92,0,56,40,0,35,142,0,0,0,58,0,0,59,30,0,0,0,0,0,91,0,52,0,93,82,0,0,79,222,52,0,99,59,31,0,0,66,180,0,97,0,0,0,0,0,44,0,140,0,0,0,233,0,0,68,50,0,63,0,195,0,0,68,40,0,0,0,97,0,0,388,0,58,0,21,0,0,19,0,0,58,0,112,0,52,0,0,0,94,0,0,107,302,75,0,47,83,0,0,0,58,90,55,0,0,37,207,0,0,54,33,0,35,0,78,0,107,0,60,26,0,0,0,54,53,29,0,45,0,48,192,38,0,0,0,169,0,0,77,0,130,0,0,0,0,0,197,48,0,0,0,114,0,0,0,79,22,86,28,69,0,0,0,266,46,73,0,85,32,0,0,112,0,83,0,115,0,44,0,53,105,0,34,0,0,0,0,0,51,181,0,0,171,0,0,0,35,73,0,0,42,50,0,0,0,0,0,88,56,104,265,110,98,0,0,0,78,0,67,87,0,0,0,0,0,159,0,0,31,124,27,126,0,0,0,0,73,258,55,56,0,0,205,0,420,0,0,0,0,0,148,61,25,61,35,0,0,0,0,0,0,29,0,0,231,0,50,0,0,0,0,0,89,0,370,0,0,34,0,0,25,0,0,179,183,0,26,0,0,0,0,55,0,0,0,25,0,0,0,159,0,0,57,0,0,100,0,131,0,0,61,153,243,0,105,108,69,0,0,0,0,78,144,56,140,0,26,0,0,0,0,0,0,0,0,0,55,57,0,88,0,32,0,62,0,0,0,52,0,0,0,188,0,0,0,0,0,276,0,0,0,140,0,155,68,0,0,76,232,80,0,0,321,0,72,0,0,0,0,94,97,0,0,0,29,61,80,0,62,221,0,0,102,0,0,0,131,31,0,0,0,0,33,186,30,0,0,0,0,138,0,0,37,28,0,0,0,41,0,0,289,93,58,0,48,0,29,0,0,0,33,63,84,0,159,62,0,165,319,90,0,0,0,24,86,52,0,0,53,191,0,0,110,55,0,29,148,31,0,18,0,0,35,70,185,105,71,0,0,0,0,0,0,53,0,0,99,0,33,0,31,0,0,0,0,0,39,76,0,75,97,0,84,60,0,0,0,0,0,0,0,0,199,0,122,49,0,0,0,226,0,80,0,48,0,0,55,0,0,0,0,0,68,91,0,0,0,27,123,0,0,0,0,0,0,62,0,264,0,0,0,48,0,0,0,63,0,0,0,141,0,0,0,569,0,15,0,0,0,0,141,0,27,116,307,0,0,57,0,0,0,35,0,0,0,0,0,52,0,0,70,118,0,42,0,0,0,50,68,56,45,130,0,0,109,59,87,36,47,40,46,0,0,0,0,0,0,48,0,22,165,0,0,0,0,166,93,0,0,0,0,117,0,0,84,108,0,0,0,0,50,0,124,133,76,181,76,0,0,0,0,45,62,0,0,55,192,370,0,51,42,0,106,0,45,0,0,0,0,0,0,0,0,0,101,248,0,81,67,0,79,0,0,0,0,56,0,193,0,27,40,22,167,69,0,43,26,39,0,0,122,0,51,0,0,74,0,0,28,129,36,151,58,22,61,0,43,0,0,66,153,0,88,0,0,97,102,0,0,22,0,0,41,0,0,0,0,37,0,0,116,62,0,0,0,0,0,0,75,0,78,0,0,234,0,0,31,0,0,0,46,0,0,0,0,0,122,88,132,133,76,0,0,0,0,48,0,0,0,0,0,35,0,0,0,0,0,81,0,0,64,146,0,42,86,123,0,0,0,0,0,0,0,0,0,0,44,89,0,84,90,0,0,0,0,124,0,55,79,0,0,0,116,36,0,55,0,26,39,0,75,59,101,0,115,145,0,0,74,43,19,0,0,149,0,0,31,58,0,343,38,0,0,42,0,120,142,52,128,0,64,0,0,0,101,0,164,99,50,0,0,0,0,64,0,25,42,0,0,0,116,47,33,84,0,123,0,0,0,0,0,0,70,0,0,0,0,0,0,445,0,0,392,0,44,0,70,0,0,0,0,74,0,0,0,79,0,0,0,0,0,0,0,0,0,0,0,0,0,497,60,0,0,0,246,0,64,0,227,34,0,0,0,0,33,0,0,58,0,0,0,0,71,59,141,0,80,42,0,0,62,25,0,0,0,0,0,288,0,0,0,0,0,55,0,17,0,0,154,126,0,0,69,0,0,21,0,0,0,0,0,0,54,66,37,31,146,35,0,64,0,0,40,56,0,0,0,152,0,0,0,0,0,0,0,0,100,272,95,0,0,0,0,0,0,26,116,38,35,58,0,85,0,43,125,22,0,0,0,0,0,0,72,86,0,0,0,0,0,58,0,0,0,0,117,0,0,153,0,40,0,0,106,0,33,0,37,0,0,0,29,27,244,36,0,0,118,73,0,52,0,0,0,31,123,0,0,219,0,0,45,146,0,104,0,0,0,50,80,0,127,0,18,0,0,354,0,62,19,0,0,0,44,0,0,17,0,0,0,77,34,50,0,203,0,42,108,41,0,82,0,85,0,132,0,65,174,0,0,0,82,0,38,0,0,63,34,0,0,0,0,0,0,59,0,102,0,0,0,0,0,0,0,0,0,28,47,0,181,61,0,0,0,0,0,21,89,137,0,0,0,0,0,0,0,37,0,0,8,36,0,0,0,0,52,0,0,83,50,0,0,81,0,0,103,58,0,0,66,0,0,0,0,0,0,0,0,0,0,0,0,0,0,0,0,0,0,0,0,0,0,0,30,0,0,274,89,120,27,0,0,0,0,0,0,0,0,66,123,0,37,72,82,0,0,0,60,0,0,0,0,0,0,0,0,57,94,0,24,0,0,0,0,0,0,0,0,264,58,0,0,0,0,0,43,0,0,0,0,0,0,46,190,0,0,232,0,81,0,0,0,0,0,0,0,0,0,0,38,0,0,0,0,0,80,0,0,0,58,0,0,0,0,90,0,0,95,344,142,0,42,86,39,60,0,128,0,0,0,0,0,55,0,0,109,0,0,0,70,0,0,0,0,0,0,0,0,392,0,0,0,62,0,0,0,49,0,0,0,0,974,59,0,74,0,0,41,0,0,0,0,0,0,0,0,0,0,0,109,0,0,43,0,0,0,0,0,0,575,0,0,209,0,34,0,110,0,71,89,0,0,63,0,0,0,0,121,0,0,0,45,0,166,0,212,0,44,0,0,0,0,0,0,173,0,0,43,0,0,0,0,0,0,0,0,0,0,0,0,57,0,0,90,53,0,115,0,0,23,0,0,0,0,0,0,0,0,92,54,0,47,0,246,0,137,0,0,0,51,0,0,0,0,0,0,0,0
357,0,0,0,0,0,0,0,0,0,0,113,0,0,0,0,65,96,0,0,0,72,0,0,0,26,0,0,0,0,0,0,0,0,0,69,0,0,28,29,0,0,0,0,93,0,0,0,46,0,65,0,27,0,0,33,0,0,0,0,0,0,0,0,0,0,39,0,0,0,0,0,0,0,0,76,0,0,0,0,0,0,0,0,0,0,0,0,0,0,51,0,0,0,0,0,0,0,0,0,0,0,0,0,0,0,0,0,0,40,137,0,0,0,65,0,0,0,0,0,0,0,71,0,0,0,0,0,0,0,0,0,244,0,0,54,0,38,0,0,79,0,0,140,0,0,0,0,0,0,0,0,0,0,0,60,0,0,0,0,0,0,0,0,0,0,0,0,30,0,210,35,0,0,0,0,0,0,0,28,0,0,0,0,0,0,0,0,132,0,0,0,0,0,0,0,40,0,0,0,0,0,42,0,339,0,0,0,0,0,0,118,0,0,0,54,29,92,0,0,72,190,0,0,236,0,0,70,175,0,95,0,0,0,0,0,0,0,32,0,0,0,0,0,0,0,0,0,0,0,0,0,241,0,75,0,0,0,0,0,129,0,41,0,0,0,0,182,82,0,0,0,150,352,0,0,0,0,233,0,0,0,0,0,45,0,0,0,1741,0,0,0,0,0,0,0,0,0,0,0,0,0,0,0,0,0,0,0,0,0,0,108,0,0,0,0,0,0,0,0,0,0,0,0,0,0,0,0,0,0,54,0,0,0,0,0,0,0,0,0,0,0,0,0,0,0,0,0,0,222,0,0,0,0,0,0,0,0,75,0,0,0,23,0,0,45,0,0,0,0,0,0,0,0,0,0,0,0,0,44,0,0,0,0,0,0,0,0,0,0,0,0,45,0,0,0,0,0,0,58,0,0,0,0,0,0,0,0,0,0,0,0,0,0,0,0,0,0,0,0,0,0,0,0,0,0,0,0,0,0,0,0,0,0,53,0,0,0,0,0,0,0,0,0,0,34,0,0,0,0,0,0,0,0,0,0,0,0,0,0,0,0,0,16,0,0,0,0,0,0,0,0,0,0,0,0,0,0,0,26,0,0,0,0,0,0,0,0,0,0,0,0,0,0,0,0,0,0,0,0,0,0,0,0,0,0,0,0,0,0,0,0,0,0,0,0,0,0,0,0,0,0,0,0,56,0,0,0,0,0,0,0,0,0,0,0,0,0,0,0,0,0,86,0,0,0,0,0,0,28,0,0,0,0,0,0,0,0,0,0,0,89,0,0,0,0,0,0,0,0,0,0,0,0,0,0,0,0,0,0,0,0,0,0,0,0,0,0,0,0,0,139,0,0,0,0,0,0,0,0,0,0,0,0,0,0,0,0,0,0,0,0,153,37,0,0,0,0,0,0,0,0,0,0,0,0,44,0,0,37,0,0,0,0,0,0,0,0,0,0,0,0,0,0,0,43,0,0,0,0,0,0,0,0,91,0,0,0,0,0,0,0,0,0,0,0,0,0,0,0,0,0,0,0,89,22,0,0,0,0,0,0,0,0,56,0,0,0,0,0,0,0,0,0,0,0,52,0,28,0,0,0,0,105,0,0,0,0,0,0,0,114,0,0,0,0,0,0,0,0,80,0,0,205,0,83,0,41,0,0,0,0,0,0,0,0,0,0,40,0,37,0,140,0,0,0,0,0,0,0,0,0,0,0,0,0,0,31,0,0,0,0,0,0,0,0,0,0,0,0,20,52,0,0,0,0,0,0,0,0,55,0,93,0,0,0,41,0,45,176,0,0,0,0,0,0,0,0,0,0,0,0,0,0,174,0,0,45,0,0,0,0,0,80,0,0,0,0,0,0,0,0,0,0,0,0,0,0,0,0,92,0,0,0,0,0,0,0,0,0,0,22,0,0,0,0,0,0,0,0,0,0,0,29,0,0,0,133,0,0,0,0,0,0,0,30,0,0,0,0,0,0,0,0,0,27,0,0,0,0,0,0,20,0,0,0,0,0,0,0,0,29,0,0,67,0,42,0,0,35,0,97,0,0,0,0,0,0,0,0,0,0,0,0,0,162,0,30,0,0,0,76,0,0,0,0,0,0,0,0,0,0,0,0,0,0,0,0,0,0,0,0,0,0,0,96,0,49,24,0,0,0,0,0,36,0,0,0,39,0,0,33,40,0,170,0,0,0,0,176,0,0,0,0,77,0,0,107,0,0,20,39,0,0,50,64,67,0,0,0,208,0,0,46,0,0,0,0,0,0,46,0,0,0,0,0,0,43,0,48,0,0,0,0,0,0,70,24,37,0,0,17,0,0,0,0,184,0,0,0,0,0,0,21,0,0,0,0,302,0,42,0,0,0,0,0,0,62,31,0,0,0,0,0,306,0,0,107,50,0,0,73,0,27,0,112,0,0,149,0,0,0,24,112,0,0,0,0,0,0,0,64,0,0,258,0,0,0,0,0,0,87,33,0,0,0,0,0,0,0,28,0,0,0,0,31,48,0,0,0,0,0,0,246,0,40,381,0,0,56,0,0,34,45,0,0,0,69,50,0,0,0,0,105,0,0,0,39,0,0,0,0,0,0,0,0,0,0,40,0,0,83,0,0,75,0,0,0,0,0,0,0,0,0,66,0,67,0,0,26,0,0,0,66,42,0,66,123,74,0,0,0,0,0,0,79,66,60,0,0,0,0,33,0,33,30,0,0,0,0,0,0,0,0,63,0,0,0,0,0,337,0,0,36,37,0,22,0,0,0,0,0,0,0,0,0,0,0,0,47,0,0,0,0,0,0,0,0,0,0,0,63,0,0,0,0,0,0,0,0,0,0,0,0,0,0,44,0,0,0,0,0,76,0,0,0,0,0,0,0,86,64,0,23,0,0,0,43,0,0,0,0,0,0,0,0,0,0,0,0,0,0,0,0,0,0,0,0,0,37,0,224,0,0,31,0,33,28,92,46,0,0,44,0,0,0,0,129,0,0,0,0,0,309,30,0,0,0,0,0,0,0,0,0,0,0,0,116,0,0,0,0,0,0,0,29,0,0,0,0,0,0,0,0,0,0,0,0,0,0,0,0,0,90,0,0,0,389,61,0,100,25,0,34,0,0,0,0,0,44,31,0,0,0,0,105,0,19,0,120,0,249,39,0,0,0,0,0,0,0,69,46,0,38,0,53,0,71,0,34,0,38,77,0,0,70,0,0,0,0,0,32,0,18,68,0,36,0,0,66,0,41,0,37,0,0,0,45,0,0,0,0,0,0,0,0,43,0,0,0,0,50,0,0,0,63,30,72,0,0,0,0,0,0,0,0,0,0,30,0,0,0,0,0,58,0,0,0,0,0,0,0,0,23,46,19,0,0,0,0,0,0,0,0,62,170,0,0,0,0,0,0,0,0,0,0,0,0,0,53,0,0,0,0,0,0,0,0,0,0,0,0,0,0,0,0,78,0,0,0,0,0,0,0,0,0,0,0,0,73,104,0,0,0,111,0,0,69,36,0,0,0,0,47,0,162,0,0,0,0,0,0,0,0,0,0,0,0,0,0,50,0,0,0,0,0,0,0,18,0,0,0,0,0,0,0,117,0,0,0,0,0,0,0,0,0,0,0,62,0,0,0,0,0,0,0,0,31,112,0,0,0,0,0,38,0,0,0,0,37,0,0,160,0,0,0,0,0,0,0,0,86,0,0,0,0,61,0,0,0,56,0,0,0,0,0,116,0,0,0,0,0,0,0,0,0,0,0,0,0,0,0,105,0,0,0,0,0,0,52,0,0,0,33,0,213,0,0,0,116,0,135,0,42,0,0,0,0,0,68,0,37,0,0,0,79,0,0,0,0,0,0,0,0,0,0,0,0,106,0,0,0,41,77,0,0,68,34,0,0,0,0,0,0,0,0,213,0,0,0,0,0,22,0,44,0,0,0,0,0,0,75,0,0,0,68,0,0,0,0,0,0,83,53,0,23,0,0,60,0,248,0,0,0,32,0,104,0,0,0,0,0,0,28,0,0,0,25,0,0,0,0,0,0,0,0,0,0,0,0,114,0,40,0,0,0,0,0,0,33,0,0,0,0,0,0,0,0,0,0,0,0,0,0,0,0,27,0,0,0,0,0,0,0,0,38,0,57,38,0,60,0,0,0,0,0,41,41,0,0,48,0,0,0,0,0,0,0,0,0,0,0,0,0,30,0,0,0,0,0,0,0,0,0,0,0,0,56,0,0,0,0,28,169,0,0,48,44,0,0,0,0,0,0,109,0,0,0,75,0,0,0,0,0,30,29,66,0,0,0,116,0,0,0,55,0,0,0,0,59,0,0,33,0,0,0,0,0,0,102,0,0,49,0,0,183,0,0,101,0,0,0,0,21,0,0,163,61,0,0,0,0,0,0,0,0,0,0,0,0,0,44,34,38,262,50,0,0,0,0,31,166,0,0,0,85,0,0,0,0,104,0,103,0,0,0,0,0,0,251,28,0,0,0,0,24,0,0,0,0,0,0,37,0,0,0,0,67,0,0,0,0,0,0,0,0,0,0,113,0,0,0,177,0,0,0,0,88,208,0,0,0,0,0,0,70,0,65,90,36,0,0,0,0,0,0,0,0,0,63,0,0,0,0,0,0,0,0,0,82,0,0,0,0,0,0,0,0,0,0,0,36,0,0,0,0,0,0,0,259,0,0,0,0,0,0,0,0,0,0,0,0,0,21,0,0,0,0,0,0,0,56,0,0,0,0,0,367,51,0,0,0,0,37,0,0,0,59,22,0,88,84,118,33,52,0,0,0,24,0,0,0,0,0,0,0,0,0,37,0,0,0,0,0,0,74,0,0,57,50,0,51,0,0,0,0,8,28,43,0,0,151,0,0,0,0,0,37,0,0,0,55,59,55,0,0,0,72,0,0,37,0,0,0,0,0,0,0,0,0,152,0,0,0,56,0,0,0,0,25,0,0,0,92,0,0,36,17,127,90,0,0,36,0,0,0,136,0,0,0,0,0,23,0,0,81,0,0,88,0,0,101,0,0,0,0,49,0,0,0,0,131,74,0,0,0,0,0,306,0,0,0,0,0,0,0,71,0,0,0,0,0,0,0,115,0,0,0,0,125,41,0,104,0,34,0,0,0,0,0,0,45,0,34,0,0,65,0,0,30,22,0,0,0,0,0,0,0,0,0,0,0,0,109,0,0,57,0,0,0,0,57,0,0,0,62,0,0,0,0,0,0,71,130,0,0,0,0,0,0,0,137,0,0,84,39,206,0,0,0,0,0,0,0,56,0,0,61,72,0,94,0,0,0,0,0,0,0,0,0,0,0,0,151,0,173,38,0,33,44,0,0,99,0,124,0,0,0,29,0,0,0,58,62,0,0,55,0,0,60,0,0,44,0,0,0,49,0,0,0,0,171,0,0,0,0,0,0,62,30,0,0,0,0,0,193,0,0,398,41,29,0,0,0,71,71,0,0,0,0,0,0,0,0,78,0,106,52,0,0,0,0,0,0,0,482,50,0,0,0,131,0,64,0,73,108,0,0,0,29,0,0,0,136,0,0,0,0,202,0,188,51,61,160,0,0,0,0,29,0,0,78,0,500,50,0,0,0,0,0,0,0,0,0,72,66,0,0,35,0,40,0,0,30,0,0,0,18,61,81,113,0,86,0,0,0,0,0,64,111,0,36,54,52,47,0,0,0,0,41,11,0,151,926,39,0,0,31,0,0,0,64,167,0,43,59,0,0,0,78,53,40,0,0,0,0,0,0,68,71,0,0,0,0,0,0,0,72,0,0,190,0,0,80,0,50,0,0,58,81,116,0,0,0,0,45,0,37,234,0,0,0,88,48,77,41,0,0,66,0,42,0,0,572,0,52,0,168,31,51,74,40,0,0,32,0,144,33,33,0,0,445,0,82,0,0,0,0,95,0,0,0,284,0,0,101,53,55,0,167,0,103,0,0,0,208,0,156,70,37,0,61,202,0,0,0,94,0,65,0,0,0,41,0,58,0,0,79,0,107,0,114,0,0,54,0,65,0,0,0,0,30,49,31,71,128,0,50,0,0,0,0,0,120,0,0,108,0,0,0,0,60,83,0,0,66,48,0,0,0,0,26,0,0,52,0,0,111,0,0,0,0,0,40,0,0,0,0,0,0,0,0,0,0,0,0,29,34,0,0,0,0,0,0,58,0,0,0,0,0,0,66,0,0,0,0,0,0,0,0,0,0,0,230,0,0,0,0,119,0,0,0,18,0,0,0,0,0,0,0,0,82,69,0,0,0,0,0,0,0,0,0,0,0,0,0,0,0,0,0,0,0,0,0,113,0,24,20,0,0,0,130,0,0,0,0,0,0,0,0,0,0,0,0,0,0,0,0,0,0,0,0,0,0,23,0,0,122,0,0,0,0,0,0,133,0,0,0,138,0,0,36,0,0,0,17,0,0,30,0,22,0,0,0,0,40,0,0,36,0,0,0,0,47,0,0,0,0,0,0,0,0,0,22,19,0,100,0,0,0,0,0,0,0,0,46,0,118,0,0,0,0,0,0,0,0,0,0,0,0,0,0,0,40,40,0,0,86,0,52,0,0,0,0,18,0,0,169,0,56,0,0,33,0,0,0,0,0,0,0,0,69,0,0,0,0,0,0,166,0,0,0,0,0,0,0,0,0,0,0,0,0,0,0,0,21,0,0,92,0,0,0,0,0,0,113,0,0,0,0,0,0,0,0,0,0,0,59,0,0,0,0,0,0,0,0,0,0,29,131,0,0,0
358,0,0,0,46,29,0,0,0,75,0,0,0,0,0,127,171,91,0,0,0,281,27,39,0,62,0,0,63,0,0,0,60,0,0,125,122,0,0,99,84,19,34,0,0,0,58,79,215,0,57,0,81,74,0,40,0,0,0,17,0,60,0,80,0,0,75,32,0,0,153,0,0,0,0,107,63,0,189,0,41,0,0,56,227,0,0,0,0,0,59,0,53,0,72,0,0,0,39,0,0,0,0,87,0,0,45,0,45,54,129,36,41,108,110,30,0,74,0,0,266,0,169,0,0,0,0,0,0,0,49,0,162,0,0,36,190,0,61,46,34,0,94,179,0,0,0,43,53,87,0,33,88,0,0,79,0,0,0,140,168,67,0,96,0,97,0,0,55,130,86,105,0,0,0,0,0,42,213,0,0,69,0,0,0,0,0,204,74,0,0,0,46,57,76,0,0,33,0,0,0,82,57,0,150,0,0,0,0,146,117,54,0,37,21,54,31,63,0,0,17,144,0,0,198,0,0,120,166,0,40,0,0,0,0,0,0,0,59,0,0,55,0,0,34,0,80,0,0,0,0,34,192,0,87,40,0,0,33,61,175,74,0,0,0,0,0,116,56,140,0,0,65,137,0,60,39,0,230,79,71,0,56,130,63,0,0,150,818,31,0,0,0,0,0,0,0,52,0,22,0,0,0,0,0,61,214,128,0,66,34,397,54,0,0,0,0,66,0,0,0,0,0,0,57,0,0,54,0,0,287,0,0,102,60,0,0,0,0,0,0,86,0,18,94,0,0,0,52,367,92,69,0,66,122,0,0,51,206,159,58,0,35,0,0,144,324,39,0,0,44,0,0,0,43,68,0,0,0,112,0,0,0,0,0,313,79,0,95,0,0,0,108,0,0,0,226,31,0,158,0,0,128,0,0,56,0,0,17,0,0,0,0,0,0,0,42,47,230,138,0,92,0,36,0,0,74,0,44,0,0,0,0,0,111,0,0,49,0,0,0,0,151,42,110,57,0,0,0,0,0,0,73,0,65,0,0,0,0,0,31,0,41,125,0,0,0,0,0,0,0,0,55,102,24,0,126,70,33,130,66,0,227,36,0,0,0,25,90,166,0,0,0,167,30,0,44,0,92,0,0,0,28,0,0,32,83,0,0,0,44,0,0,0,0,0,133,0,0,0,96,0,0,72,0,0,0,0,154,0,29,0,0,0,39,48,0,0,0,42,0,23,255,0,0,0,28,0,0,0,70,17,0,40,0,0,0,0,0,0,111,88,0,0,45,0,0,0,0,60,0,117,0,0,0,11,0,43,0,0,149,0,42,0,105,0,80,356,35,0,23,188,0,0,0,0,0,39,0,61,0,30,80,92,59,172,0,109,0,0,0,0,0,39,39,0,69,0,0,0,0,0,0,0,0,0,0,0,0,0,158,0,0,67,0,64,0,0,0,0,0,0,126,0,0,37,0,0,27,0,136,50,0,14,121,0,0,0,69,194,75,0,84,0,0,67,0,0,26,75,127,0,0,0,115,0,0,56,117,0,30,0,0,38,41,0,55,0,139,0,117,32,0,0,0,0,105,26,355,0,0,38,0,0,78,42,0,0,98,20,0,35,0,0,0,0,0,0,81,40,0,0,0,107,108,68,117,0,0,0,0,0,0,0,0,0,0,0,88,0,0,45,317,57,0,39,0,0,0,0,33,0,37,0,179,0,0,0,0,0,0,61,0,79,0,43,0,48,0,87,67,0,0,0,0,31,0,0,53,60,63,0,0,0,0,0,65,55,19,106,0,0,73,0,0,0,0,0,0,29,88,47,42,58,0,73,175,0,74,0,47,0,78,165,0,98,0,0,19,27,50,0,124,0,0,50,86,54,0,141,0,0,0,35,0,0,102,0,0,0,0,0,64,0,60,56,0,33,34,47,52,0,52,0,0,0,236,44,97,316,0,0,0,92,0,0,36,0,0,0,0,0,0,0,79,0,0,0,0,0,0,56,0,0,55,52,0,82,0,0,0,0,0,110,40,85,22,46,0,40,0,148,0,0,0,29,0,136,158,154,0,0,50,0,0,329,49,0,0,0,82,69,0,0,49,26,68,0,0,53,0,0,0,0,0,0,54,0,0,0,0,57,0,106,0,67,0,40,0,76,73,0,35,60,0,0,35,31,329,0,0,37,24,28,169,43,0,111,0,204,0,31,0,59,96,0,0,105,0,0,0,39,0,0,120,0,327,0,153,0,163,43,0,43,0,0,0,0,0,0,109,0,83,0,0,88,0,0,150,95,0,54,0,48,0,48,232,68,53,27,0,27,0,44,0,0,303,56,0,0,0,71,0,66,48,146,0,99,841,70,149,0,68,16,50,0,90,133,55,0,53,0,62,0,203,0,0,94,60,82,0,212,0,30,120,67,392,113,104,0,102,58,0,149,0,0,35,0,0,0,0,0,0,0,251,0,0,0,0,41,0,161,0,47,36,0,30,0,0,0,0,35,0,0,0,0,52,0,0,0,37,107,0,195,0,0,463,0,0,248,19,95,87,48,0,0,0,150,59,0,0,0,56,217,0,0,0,83,74,0,32,0,0,0,0,0,42,223,32,70,27,55,137,116,64,0,69,0,107,0,0,0,89,239,101,45,80,0,163,99,45,0,0,0,140,0,55,89,209,0,44,0,0,0,0,283,467,49,0,48,0,259,59,0,92,66,0,31,0,88,0,44,55,83,175,49,0,0,0,0,430,0,0,110,96,0,56,0,0,48,0,0,0,0,25,0,0,0,0,91,0,0,0,0,31,0,33,0,0,80,42,0,0,32,94,0,0,0,0,0,21,0,0,32,45,0,0,0,0,0,0,0,93,39,0,0,0,53,0,61,86,169,0,0,0,41,95,0,0,0,43,51,0,0,64,0,0,0,56,0,28,0,0,0,0,0,0,0,0,78,0,121,34,0,0,53,0,26,63,126,0,0,68,0,84,0,0,161,61,0,58,0,0,435,0,77,0,0,0,0,225,0,0,155,0,57,0,0,0,0,0,62,35,0,0,133,0,0,0,66,0,89,25,0,138,0,0,0,0,0,37,0,40,148,0,0,0,199,199,0,239,0,0,73,35,0,0,27,0,150,0,36,0,55,0,374,0,62,39,189,0,404,149,0,71,0,0,0,0,0,62,130,41,94,0,152,31,85,0,83,0,77,123,0,0,0,87,0,0,0,0,90,27,75,81,41,93,73,0,38,44,92,0,0,0,0,119,0,0,120,0,0,133,0,0,0,42,0,31,129,61,78,0,169,58,75,86,153,0,143,86,0,0,0,0,49,0,0,38,0,0,0,78,0,184,0,0,0,0,66,34,54,0,68,92,123,43,0,0,0,0,0,0,0,0,469,0,0,0,0,0,0,0,0,0,0,0,0,75,0,0,0,0,101,33,84,0,0,41,0,0,127,0,0,0,0,0,0,47,0,0,0,0,0,0,68,0,0,0,148,24,0,0,65,0,26,0,138,0,0,0,0,54,227,0,138,0,0,26,0,0,0,0,160,36,44,0,289,0,0,52,0,0,0,35,158,0,0,38,42,0,0,0,91,0,0,207,0,0,0,0,0,0,0,0,0,82,0,67,0,0,0,0,0,55,0,55,97,169,50,0,0,0,0,0,0,69,0,45,0,35,0,135,36,0,0,0,27,111,0,131,41,0,88,40,0,124,0,0,59,0,48,89,50,19,0,40,0,0,0,24,268,0,0,0,43,58,0,36,0,0,0,106,51,40,0,0,83,41,0,0,54,0,60,0,33,0,0,0,186,0,180,41,30,0,0,30,84,0,50,0,110,36,54,0,0,36,0,0,0,77,0,0,0,0,157,0,0,263,13,0,0,0,58,16,0,114,67,54,0,0,0,0,96,0,122,474,67,0,43,0,0,49,0,0,156,0,0,0,0,25,127,0,0,74,114,0,0,30,0,0,0,27,132,42,0,26,0,154,51,325,0,0,0,121,0,34,0,0,74,0,0,0,0,0,0,0,73,0,0,221,36,0,0,0,0,0,46,39,0,643,0,0,0,0,0,0,0,0,160,112,0,53,0,0,0,0,0,0,0,64,0,0,0,0,30,45,0,0,0,0,63,0,35,0,65,49,86,62,0,69,0,0,0,0,0,0,111,75,0,181,0,0,0,0,0,0,0,70,21,0,0,36,37,31,290,0,0,0,69,0,0,0,0,0,0,58,62,0,0,51,0,0,138,0,41,0,158,0,216,0,0,0,0,278,39,37,0,101,0,0,0,0,0,43,58,245,0,0,0,0,0,0,0,109,47,0,0,0,98,0,0,37,0,0,0,0,0,82,128,35,0,42,12,0,118,0,53,273,20,0,0,0,0,0,0,348,89,179,0,0,0,0,0,0,172,0,0,0,0,51,65,0,54,54,76,0,0,41,37,80,0,80,46,0,130,0,0,55,0,0,46,0,0,0,0,0,0,0,50,122,114,346,0,0,90,0,0,0,0,0,0,70,0,0,0,0,154,0,0,0,0,31,15,0,29,0,0,0,0,0,0,42,60,0,0,0,351,297,0,59,0,30,0,0,38,38,0,102,31,95,169,0,0,0,0,0,58,0,108,0,0,0,0,76,94,115,0,0,52,0,0,0,93,0,0,0,0,0,0,142,69,0,0,0,0,137,0,0,73,0,0,0,0,0,0,78,0,36,0,226,0,0,0,0,0,51,59,38,0,0,0,0,143,0,0,0,141,0,29,0,0,0,66,0,145,40,255,0,0,99,64,37,0,81,0,0,0,24,0,0,0,0,0,0,0,61,41,0,0,0,104,0,80,0,0,0,0,105,0,0,110,0,0,0,0,0,62,84,106,169,609,0,0,0,0,0,0,60,0,0,86,0,0,38,139,0,0,108,0,115,0,0,0,0,0,0,0,26,0,59,107,0,60,43,0,58,0,0,15,24,0,40,175,46,0,50,45,0,32,0,0,0,0,0,0,131,0,99,0,0,0,0,0,149,113,0,145,116,0,0,84,0,97,0,0,102,0,0,0,0,163,105,0,0,30,0,0,165,0,79,48,0,40,0,48,0,0,0,0,0,0,26,0,150,0,52,0,0,183,0,37,53,0,43,0,0,37,0,0,23,46,0,36,103,52,0,0,0,0,0,0,0,0,0,0,54,0,0,0,65,27,0,329,10,0,0,0,0,39,0,109,0,0,0,0,0,0,0,0,0,0,56,0,0,77,90,0,0,0,0,47,0,0,0,0,70,0,104,0,0,92,0,0,56,0,0,74,171,67,0,0,0,0,0,0,0,0,0,50,0,0,0,56,0,296,0,0,0,0,0,0,56,0,154,0,0,0,26,0,0,0,0,112,0,0,79,0,0,0,0,0,0,0,0,0,86,31,0,0,0,223,29,0,0,0,17,0,41,0,0,0,41,0,0,604,0,0,157,0,40,0,94,0,31,27,0,151,0,0,0,0,0,0,22,24,75,0,0,49,0,0,0,0,0,222,44,0,0,0,252,0,0,50,39,192,0,0,0,0,0,0,0,66,0,0,0,0,0,0,69,0,76,76,0,0,0,0,0,0,0,0,0,184,0,0,0,0,98,35,0,66,0,0,193,135,0,0,44,0,0,0,0,0,0,0,0,0,0,42,50,0,223,0,0,59,0,0,0,73,0,0,0,78,0,0,0,78,0,0,0,0,119,324,49,0,0,47,0,0,0,0,0,24,52,0,0,0,0,0,36,0,0,24,0,0,0,0,0,0,0,0,0,0,0,0,62,54,0,0,0,0,0,0,0,21,0,0,72,109,0,0,0,0,0,0,49,0,65,46,0,0,69,69,31,47,32,0,41,0,86,0,0,137,0,115,53,86,0,84,0,108,0,0,0,0,70,34,0,0,0,467,0,0,0,0,0,0,0,0,0,0,102,0,0,82,20,47,0,116,20,116,44,31,0,86,0,0,0,78,22,28,116,0,32,0,0,0,44,0,0,0,23,0,0,0,0,50,0,51,0,108,0,0,20,0,56,0,0,0,10,0,49,50,92,99,0,0,0,0,0,0,0,76,0,0,120,0,0,0,0,0,0,0,0,0,65,0,0,58,68,0,0,91,0,0,0,113,45,0,58,103,85,113,102,0,0,0,0,0,0,0,53,0,0,0,37,0,14,0,74,0,98,27,133,51,75,0,59,0,0,466,41,296,0,0,0,0,0,0,0,0,0,319,32,0,126,0,58,0,0,0,103,0,0,0,0,0,0,0,0,268,178,0,64,0,0,0,26,0,0,0,0,115,0,0,0,0,0,0,0,66,59,0,0,0,0,0,101,0,0,479,0,81,0,0,56,0,0,0,49,0,0,0,0,0,14,31,0,0,116,0,0,0,55,41,0,0,0,62,0,0,60,256,214,34,66,0,79,135,0,0,0,0,67,31,0,39,96,64,102,0,0,0,89,53,0,60,64,0,0,66,55,148,0,71,0,164,0,0,0,0,0,39,130,0,87,27,0,121,0,0,25,0,0,0,0,350,0,0,0,105,0,0,151,0,0,67,0,34,0,54,0,59,220,86,0,306,0,166,0,0,0,31,0,0,0,90,0,152,0,36,63,0,0,51,15,0,161,0,118,148,0,0,43,0,0,0,543,0,0,0,62,54,0,0,0,0,0,0,41,0,66,67,0,0,0,0,125,0,28,29,0,27,0,151,0,0,0,0,0,0,0,37,68,0,0,177,131,12,38,0,0,0,0,70,0,0,34,147,0,0,0
359,0,0,0,0,0,0,0,0,0,0,0,0,0,0,91,0,0,0,0,0,0,23,0,20,0,0,0,0,0,0,0,0,0,0,0,0,0,0,65,0,0,0,0,0,0,0,0,0,0,0,0,0,0,0,0,0,0,0,0,0,0,0,0,0,0,0,0,0,0,0,0,0,0,0,0,0,0,0,0,0,0,0,54,0,0,0,0,0,0,0,0,0,0,0,0,0,0,0,0,0,0,0,0,0,0,0,0,0,0,0,0,0,0,0,0,0,36,0,0,0,0,0,0,0,0,0,0,0,0,0,0,0,0,0,0,0,0,0,0,0,0,0,0,0,0,24,0,0,0,0,0,0,0,0,0,0,0,0,0,0,0,0,0,0,0,0,0,0,0,0,0,0,0,0,0,0,0,0,0,0,0,0,0,0,0,0,0,52,0,0,0,0,0,0,0,0,0,0,0,0,0,0,0,54,0,0,0,0,0,0,0,0,21,0,0,0,0,0,0,0,0,0,0,0,0,0,0,0,0,0,0,0,0,0,0,0,0,0,0,0,0,0,0,0,0,0,0,0,0,0,0,0,0,29,0,0,0,0,0,0,0,0,0,0,0,0,93,0,0,0,0,0,40,0,0,0,0,161,27,0,0,0,0,0,0,0,0,92,48,0,0,0,0,0,0,0,0,0,0,0,0,0,0,0,75,0,0,0,0,0,170,0,0,0,0,0,0,0,0,0,0,0,0,0,0,0,0,0,0,142,0,0,0,0,0,0,0,0,0,0,0,0,0,33,0,0,0,0,40,0,0,0,0,75,0,0,0,78,0,0,0,63,0,0,0,0,0,0,0,0,0,0,0,0,0,0,0,0,0,0,0,0,0,0,141,0,14,0,0,0,0,41,0,0,0,39,0,0,50,0,0,0,0,0,0,0,0,0,0,31,0,0,0,0,0,0,0,0,0,0,0,0,0,0,0,19,0,0,0,0,0,0,0,0,0,0,0,0,0,0,0,35,0,0,17,0,0,0,0,0,0,0,0,46,0,0,0,0,0,0,0,0,0,0,0,0,0,0,0,0,0,47,0,0,0,54,30,0,43,55,0,0,0,0,0,0,0,0,42,0,0,0,0,0,0,0,0,0,0,0,0,0,0,0,0,0,0,0,0,0,0,0,0,0,0,0,0,0,0,0,0,0,0,0,0,0,0,0,0,0,0,0,0,0,0,0,0,0,0,0,0,122,0,0,0,0,0,0,55,49,0,0,0,0,0,0,0,0,0,0,0,0,0,0,0,0,0,0,0,0,38,0,0,0,0,0,31,0,0,0,0,0,0,0,0,0,80,0,0,0,278,0,0,0,0,0,0,0,0,0,0,0,0,0,0,0,0,0,0,0,0,51,110,0,0,0,0,0,0,0,0,0,0,0,0,0,0,0,0,0,0,0,0,0,0,0,0,0,0,0,0,64,0,0,82,0,0,0,0,58,0,0,0,68,0,0,0,0,0,15,0,0,0,0,67,0,0,0,0,0,0,59,0,0,0,0,0,111,0,0,0,0,0,0,0,0,0,48,0,33,0,0,0,0,0,0,0,90,0,0,0,0,0,0,0,0,41,0,0,0,0,0,0,0,0,0,0,0,0,0,0,0,0,0,0,0,0,0,0,56,0,0,0,48,0,0,0,38,66,31,0,0,0,0,45,0,0,0,0,0,0,0,0,0,0,0,0,0,0,0,0,0,0,0,0,0,0,0,0,0,0,0,0,0,42,0,0,0,0,0,0,0,0,0,0,0,0,0,0,0,0,0,0,0,0,0,0,0,0,0,0,0,0,0,0,52,0,0,0,0,0,0,0,0,71,0,0,0,18,0,0,52,0,0,0,0,0,0,0,0,0,0,0,0,0,0,0,0,0,0,0,61,0,0,0,0,0,0,0,0,0,54,0,0,0,0,68,0,0,0,0,0,0,0,0,0,0,0,0,0,0,0,0,98,0,0,0,0,0,0,0,0,0,0,0,0,39,0,0,0,38,0,0,0,0,0,0,0,0,0,44,0,0,0,0,0,68,154,46,0,0,0,0,0,0,104,0,62,0,0,0,0,24,0,40,0,0,0,0,0,0,0,0,0,0,0,0,38,0,0,0,0,0,0,0,0,0,0,51,0,0,0,34,0,0,0,0,50,0,0,0,0,0,44,0,0,0,0,98,0,0,0,64,32,0,0,47,0,0,0,0,0,0,0,0,78,0,100,0,649,0,0,0,0,0,0,0,0,0,0,0,0,0,0,0,0,17,101,0,0,0,0,0,0,0,44,0,0,0,0,0,0,35,0,0,83,0,0,0,0,0,0,0,46,0,0,41,294,0,0,0,47,27,0,0,59,0,0,0,0,0,0,0,44,0,53,0,54,135,0,59,0,0,0,0,528,0,96,0,0,0,0,0,0,0,0,0,0,0,0,0,0,0,153,0,0,0,0,0,0,0,0,0,0,0,0,0,0,0,0,0,36,0,0,0,0,0,0,0,0,100,24,75,0,0,143,0,0,210,0,58,65,0,30,0,0,41,0,54,0,0,0,0,0,0,0,0,0,0,0,0,0,0,0,0,0,235,0,46,0,0,0,0,107,0,0,0,75,0,0,0,16,0,0,0,0,0,0,0,0,0,49,43,65,0,0,125,94,0,0,0,0,0,0,102,26,0,0,0,0,189,0,0,0,0,0,0,0,0,0,0,0,0,0,0,0,0,0,0,109,0,0,37,0,0,0,0,0,0,0,0,0,0,0,0,0,0,0,0,0,0,0,42,0,0,0,0,0,0,0,0,0,0,0,0,0,0,0,0,0,0,0,0,0,0,0,0,0,0,0,0,0,0,0,0,0,0,0,19,0,0,0,0,0,0,31,0,0,0,0,0,0,0,0,0,0,0,23,0,0,0,0,0,0,0,0,0,0,0,0,112,0,0,0,0,0,0,0,0,0,0,0,0,0,0,0,0,0,16,0,0,0,150,0,78,0,0,0,0,0,0,0,0,0,0,0,0,0,0,0,0,0,0,0,0,0,0,0,30,0,0,0,0,0,0,0,0,0,0,0,0,0,48,0,0,0,0,0,0,0,0,0,39,0,0,0,0,0,74,0,0,0,0,0,105,0,0,0,60,0,164,0,0,0,0,0,0,0,0,0,0,0,0,0,0,0,0,0,0,0,0,35,0,16,0,0,0,0,0,0,0,0,0,0,0,0,0,0,65,36,0,0,43,0,0,0,0,0,61,0,0,0,0,0,0,0,0,0,0,0,0,0,0,0,0,0,0,0,0,0,0,0,0,0,0,0,0,0,0,0,0,0,0,0,0,0,0,0,0,0,0,0,76,39,0,0,0,0,0,0,0,0,0,21,0,0,0,0,64,0,50,48,0,0,0,0,0,30,0,0,0,0,35,0,117,0,0,40,0,0,0,0,0,0,0,45,0,95,45,0,0,0,0,0,0,0,94,0,94,45,0,0,0,50,0,0,55,0,77,0,0,0,119,0,51,0,0,0,18,0,0,0,55,0,0,85,117,0,0,0,0,0,0,114,37,9,0,0,0,0,0,0,83,0,0,207,0,37,0,0,0,44,0,0,0,0,0,31,0,0,0,0,0,37,0,0,26,71,0,0,0,0,0,62,0,0,0,0,0,0,0,356,0,0,0,0,0,0,0,44,0,0,0,0,0,0,0,0,0,0,0,55,31,0,0,0,0,0,0,0,115,0,0,0,0,48,0,0,0,0,0,53,0,0,0,0,0,0,57,0,44,0,0,0,180,0,0,0,70,0,82,41,0,0,0,0,0,0,0,0,0,16,0,0,44,0,0,22,0,0,0,0,0,15,0,0,0,412,0,0,0,0,43,0,0,43,39,0,0,0,0,0,54,49,68,234,0,0,38,0,0,0,0,0,83,0,0,0,0,0,39,0,0,0,155,0,78,0,16,0,0,121,109,0,0,37,0,89,0,106,0,0,0,0,0,74,0,0,0,49,0,0,0,0,0,0,39,0,0,38,0,0,0,0,0,0,0,54,0,0,0,45,44,0,0,0,0,0,54,0,0,0,0,0,0,30,0,0,0,0,0,0,0,0,0,0,0,0,0,0,106,0,44,0,0,0,31,0,0,0,0,0,0,0,0,0,0,0,0,0,0,0,0,0,0,0,0,0,0,0,0,0,52,35,72,0,13,0,0,0,0,0,0,0,0,0,108,0,0,0,0,22,245,0,0,0,84,0,101,0,0,0,0,0,0,0,0,0,0,0,0,0,0,0,0,0,0,0,0,46,20,0,71,48,0,0,0,0,25,0,0,0,0,0,0,0,0,0,0,0,38,13,0,0,250,0,0,43,0,0,0,0,0,0,0,0,0,73,0,0,0,0,0,0,54,0,0,36,0,0,72,0,0,277,0,0,0,0,0,0,58,37,0,0,64,0,0,0,0,63,0,94,33,0,0,0,0,0,71,53,50,121,0,0,0,0,0,0,0,0,0,0,0,83,0,0,51,0,0,0,0,36,46,0,0,48,0,29,33,0,0,134,0,0,0,0,0,44,0,0,0,0,0,0,0,0,0,115,0,23,0,99,0,0,0,0,18,40,64,0,0,0,56,0,0,0,0,0,0,0,33,0,0,0,0,0,28,0,0,39,0,0,0,0,0,0,0,0,239,0,0,0,0,0,0,71,0,0,0,206,0,0,0,0,0,0,0,0,0,0,0,0,52,42,0,0,79,0,0,0,0,0,54,0,0,31,0,0,0,0,92,57,11,52,0,0,0,0,0,39,0,45,0,0,0,31,0,0,18,0,0,126,43,0,20,0,50,68,14,105,50,0,0,0,0,0,28,0,207,59,227,31,0,0,0,0,0,32,0,0,66,39,0,0,0,0,51,57,0,76,0,29,0,26,0,0,27,0,0,160,99,0,0,42,0,0,0,0,0,0,134,0,110,32,0,0,0,98,0,0,101,45,0,0,49,54,0,77,38,0,0,0,0,50,0,0,0,81,0,0,51,0,36,0,22,0,0,73,0,0,103,45,0,0,70,0,0,104,0,134,0,0,0,0,62,74,0,0,0,0,0,0,0,131,0,0,0,0,0,0,46,204,0,51,0,0,29,0,0,0,38,0,0,64,52,0,0,0,0,52,0,0,35,0,0,0,0,0,0,77,0,0,178,0,0,38,0,0,97,0,26,0,34,0,0,0,0,0,0,40,0,0,63,0,56,254,0,0,0,0,135,0,0,56,70,147,55,76,0,0,0,0,0,0,0,0,42,110,95,60,0,0,0,0,0,0,0,0,0,0,19,0,45,0,314,15,0,0,0,0,0,128,0,0,0,48,0,36,0,0,0,69,396,0,0,168,0,0,65,0,0,0,0,0,0,64,0,73,0,0,170,29,0,0,0,0,0,27,0,0,0,0,0,0,934,0,0,371,58,0,0,61,0,93,67,0,152,56,0,0,99,0,0,99,0,97,48,0,0,0,0,0,0,0,147,49,0,0,0,117,0,59,101,103,132,0,0,0,42,92,7,0,326,0,0,0,0,162,50,0,0,73,46,0,0,0,0,0,0,0,41,0,257,69,0,0,0,78,0,0,36,54,0,83,48,0,0,0,0,35,0,0,0,0,0,0,0,63,86,34,0,149,0,0,0,0,0,0,87,0,20,33,38,0,0,0,89,0,0,0,0,116,247,68,0,0,103,0,0,0,0,46,0,32,0,0,0,0,39,106,0,0,0,0,0,0,0,35,54,31,0,0,0,0,0,36,0,26,20,128,0,0,70,0,53,0,45,0,75,47,0,0,0,0,0,0,43,329,0,0,0,84,0,25,0,25,43,70,0,0,0,0,164,38,236,0,62,38,51,0,272,0,0,0,0,111,20,0,0,0,355,0,0,0,0,0,0,112,0,0,0,440,0,0,90,18,43,0,155,0,118,106,0,0,370,0,188,13,0,0,31,177,0,71,39,54,41,0,0,0,0,0,0,83,30,0,0,0,25,173,107,0,64,0,0,17,0,0,36,0,55,45,0,116,61,0,0,0,0,0,0,106,109,49,0,31,0,0,0,0,0,110,0,0,0,39,0,0,0,82,0,0,0,81,0,0,128,19,0,98,0,59,37,0,0,29,0,0,0,76,0,0,32,0,0,0,0,0,0,136,0,49,28,0,0,0,111,0,0,0,107,110,203,0,101,0,0,0,0,0,0,0,165,180,0,0,141,100,0,0,0,131,0,0,0,0,0,0,0,0,164,151,0,0,0,0,0,0,0,0,48,0,149,64,21,0,0,0,0,0,43,0,0,92,0,0,0,437,0,0,291,48,146,0,0,0,0,0,0,0,0,38,0,0,0,63,0,0,32,133,0,0,0,55,0,0,73,0,0,0,33,55,298,873,0,82,0,0,43,0,0,0,130,28,28,48,95,34,0,124,29,0,0,0,0,0,107,34,0,41,31,0,108,0,52,0,83,0,0,0,0,30,37,42,0,750,21,0,0,0,0,0,43,0,34,31,149,0,0,0,0,0,0,0,0,0,80,0,37,0,48,0,43,360,29,0,55,0,0,0,108,0,79,34,0,0,53,0,52,0,0,61,0,78,0,0,0,173,0,352,129,38,0,0,0,0,0,252,134,0,0,0,36,0,0,0,0,0,0,37,0,0,0,0,51,0,0,0,45,46,176,0,0,0,0,0,0,0,0,0,0,0,0,125,0,0,50,254,0,57,0,0,0,0,0,0,0,76,281,0,0,0
360,0,0,0,32,0,32,0,0,0,0,80,31,0,0,66,301,135,0,37,0,230,0,57,58,97,0,0,92,0,0,0,27,0,43,134,87,0,0,152,29,0,43,0,288,0,106,0,144,0,155,0,118,56,0,79,0,0,0,43,0,0,49,162,0,40,0,0,0,0,194,0,51,0,0,169,68,0,103,0,140,0,29,87,267,0,0,0,85,0,105,0,0,72,76,0,34,0,59,0,0,0,0,137,23,0,41,0,0,48,158,0,61,69,66,0,54,62,39,0,252,0,206,0,0,0,0,0,48,0,100,0,378,0,81,36,192,59,113,67,0,86,56,196,0,0,0,46,33,114,0,0,137,0,39,93,0,0,22,0,118,40,0,108,37,47,60,0,93,309,138,159,0,0,0,0,0,106,124,0,0,73,0,0,27,0,0,302,276,0,0,19,96,66,0,0,46,0,0,84,0,69,33,0,284,0,33,0,0,57,124,0,49,0,27,82,34,0,0,0,96,93,42,0,402,0,0,93,329,0,33,0,0,0,0,0,0,72,232,0,0,63,0,0,0,0,91,0,0,0,59,32,364,0,108,39,0,0,42,81,206,58,56,31,53,0,18,428,76,57,47,0,77,356,0,85,64,0,883,104,63,0,103,285,0,0,0,303,597,0,0,0,114,0,0,67,0,0,0,63,60,0,94,0,0,106,232,90,30,83,83,0,0,0,0,0,83,79,55,0,32,30,0,30,0,108,0,151,0,9,0,0,0,69,126,0,0,0,0,49,0,91,0,0,41,0,0,0,82,688,96,30,0,262,273,0,69,0,332,35,66,30,0,0,59,387,216,126,59,0,192,0,0,0,0,247,60,0,0,85,0,0,50,0,25,286,0,0,0,0,0,0,426,0,70,0,219,97,131,94,0,0,0,0,0,66,0,0,0,0,74,0,82,0,0,0,267,44,141,56,0,119,109,0,0,87,56,0,59,0,0,0,0,0,0,0,0,84,0,90,0,0,107,0,81,128,115,31,0,0,0,0,147,0,59,0,36,0,0,0,141,0,81,61,0,0,0,0,0,0,0,28,78,0,0,0,72,241,99,0,51,0,174,97,70,0,0,65,0,84,65,0,0,64,0,72,57,51,52,0,0,118,0,429,30,103,171,169,45,0,0,0,0,31,0,0,48,0,0,0,49,0,157,112,125,0,0,0,199,0,45,0,0,0,180,28,0,0,0,62,0,147,0,17,0,0,58,0,31,199,0,0,0,48,0,0,0,0,28,0,179,354,0,31,0,210,0,0,0,0,122,36,0,0,0,0,0,47,0,0,38,128,67,0,297,0,118,100,0,0,0,263,0,55,0,0,0,82,35,0,40,0,0,46,34,65,0,57,37,0,0,0,251,246,29,42,0,66,0,52,0,0,0,0,32,0,140,62,0,197,69,0,0,0,0,55,83,54,0,0,0,0,47,0,21,436,17,56,0,119,25,43,0,100,458,0,0,54,67,93,34,51,71,0,0,78,69,88,0,38,301,0,0,0,116,79,74,0,96,30,0,56,0,103,46,0,44,0,0,0,56,43,64,0,65,0,93,0,154,0,0,44,0,83,0,0,25,0,111,44,64,366,202,0,0,28,0,0,70,102,171,81,125,269,123,107,31,133,0,0,34,0,0,0,0,0,0,67,445,48,78,40,392,0,0,0,38,0,153,0,0,102,0,0,80,0,0,129,0,34,0,173,0,0,0,33,0,93,0,75,78,159,0,28,0,437,26,37,0,52,47,0,109,0,0,22,126,41,120,382,0,0,31,50,0,85,0,54,60,55,0,0,0,30,456,34,51,75,152,0,58,0,120,181,0,40,0,46,0,0,52,0,112,0,56,36,0,42,0,66,333,0,0,0,0,0,171,148,0,0,0,47,256,0,377,0,0,0,31,0,52,0,52,34,0,0,630,136,47,181,19,0,0,85,0,72,0,0,0,0,0,0,0,0,88,99,0,0,0,0,46,128,145,0,0,126,0,32,0,0,66,102,0,58,162,38,338,24,0,42,89,303,0,43,0,0,0,265,241,111,116,44,91,0,0,166,0,82,40,0,55,202,45,0,0,120,0,0,0,87,0,56,38,0,55,30,0,115,53,0,0,71,0,138,0,0,0,0,27,32,49,31,0,104,49,0,49,0,474,0,0,0,0,100,91,47,26,45,143,191,0,0,0,355,110,0,0,59,0,0,67,169,0,0,59,68,464,47,378,0,1115,43,66,0,0,20,0,0,0,50,44,15,133,0,0,211,0,56,139,59,0,0,0,114,19,147,789,141,0,81,0,0,51,0,87,0,237,67,0,0,0,15,0,0,59,202,0,64,165,90,105,0,28,92,31,0,96,57,43,0,0,0,39,70,187,0,112,67,131,112,0,262,179,96,90,150,350,55,106,0,82,35,0,163,28,0,37,0,0,54,0,0,0,0,303,0,0,0,64,80,33,222,39,0,41,68,53,38,0,42,0,0,185,0,90,76,0,0,0,33,0,213,104,124,0,40,501,0,0,190,79,44,221,30,0,0,59,116,0,151,0,0,225,128,0,31,0,38,120,0,31,0,22,0,0,0,0,163,132,39,0,37,120,0,217,0,50,48,335,69,0,41,132,169,89,0,0,0,102,44,58,0,0,0,78,0,47,344,81,0,0,0,0,0,0,140,318,0,25,57,36,236,142,0,489,61,0,35,20,62,0,0,0,93,111,0,0,101,0,0,586,0,0,33,222,0,0,34,0,50,74,0,0,50,16,0,0,0,0,0,0,0,0,65,44,77,46,0,0,0,0,109,0,0,96,0,28,0,0,0,0,0,0,0,50,0,95,21,0,130,0,43,109,19,0,0,0,41,0,91,181,252,32,45,0,0,71,53,0,0,61,0,0,0,0,57,0,33,23,0,109,0,0,80,0,0,53,38,0,60,0,225,38,0,0,47,0,50,197,115,46,0,90,0,60,73,0,193,134,0,112,0,0,1372,53,42,0,0,68,0,190,0,0,163,0,0,0,176,47,0,0,38,0,0,0,51,0,0,0,110,0,0,0,71,124,37,0,0,18,38,35,0,0,205,0,0,0,540,134,0,186,52,55,0,106,30,0,59,0,106,37,0,0,0,0,299,0,97,50,268,0,189,232,0,175,0,0,0,0,0,206,103,0,101,65,114,0,140,0,103,0,122,136,0,0,161,124,0,124,30,0,101,48,0,33,37,36,81,0,158,146,101,45,114,29,30,244,0,0,165,0,0,64,0,27,0,137,0,86,253,70,68,27,124,0,90,0,104,0,258,0,0,0,116,40,0,0,0,34,101,0,52,63,89,77,12,36,0,0,91,0,55,0,237,56,35,0,0,86,27,0,0,92,0,111,451,15,0,28,123,0,0,0,0,0,27,0,0,169,166,63,0,41,84,0,38,24,32,101,0,49,190,0,43,0,85,58,0,50,63,29,0,30,0,0,165,0,0,0,330,59,0,0,56,104,33,0,217,78,84,0,0,68,485,0,73,0,41,0,99,0,0,0,238,0,0,98,335,0,0,68,0,0,75,48,379,0,64,126,82,0,39,0,0,0,50,182,0,81,0,0,0,129,0,47,75,58,35,333,0,0,0,0,0,160,0,0,53,453,64,0,0,123,52,50,0,56,60,53,0,51,37,227,0,37,0,27,69,78,0,297,106,36,79,84,40,109,0,0,0,61,42,100,0,0,71,220,89,0,42,34,128,0,0,106,0,243,19,58,0,0,0,437,39,0,0,0,214,91,87,43,55,0,152,0,212,0,0,0,280,0,399,63,124,0,0,31,144,0,91,0,107,0,0,51,40,96,0,64,0,0,0,158,0,140,114,0,0,128,44,0,0,85,111,0,0,116,122,43,0,0,0,0,49,0,184,716,59,153,107,0,0,105,0,64,171,0,0,0,0,0,263,0,0,0,292,0,193,0,20,0,0,122,433,56,120,0,0,82,39,937,0,0,0,66,0,69,29,93,78,75,0,0,45,0,0,0,115,43,0,325,45,56,0,0,0,0,63,68,0,625,0,0,122,0,0,39,0,0,215,0,0,71,32,46,76,70,53,0,87,42,0,0,0,80,47,64,0,31,0,0,393,0,0,0,0,49,309,104,0,207,37,30,0,0,27,109,148,24,32,78,0,20,17,20,37,0,44,35,0,0,69,0,112,92,255,110,50,65,35,0,0,0,39,0,88,0,172,0,119,0,0,0,235,60,69,68,80,0,156,47,0,0,0,118,58,48,0,101,0,63,0,0,0,33,65,285,0,45,0,157,112,56,126,237,67,0,0,0,167,0,0,0,33,0,0,0,0,180,174,0,109,0,0,0,498,56,0,377,107,35,0,0,42,29,0,196,0,200,0,85,0,0,0,0,140,0,62,112,35,38,43,102,0,144,62,129,0,43,0,96,188,86,92,40,613,0,0,121,95,91,0,135,103,32,0,0,0,72,248,246,75,414,57,0,114,35,0,0,0,0,0,72,0,214,0,35,242,58,0,0,0,0,0,84,0,67,71,269,115,0,30,115,0,39,0,0,207,801,0,0,0,54,68,0,27,0,188,397,89,83,133,33,0,0,0,0,148,0,82,20,72,0,128,105,67,0,0,0,70,0,74,0,109,0,87,0,28,0,0,144,134,0,0,48,378,121,74,0,683,0,0,0,0,0,0,129,0,86,143,214,0,0,85,0,0,154,80,0,22,0,53,48,87,97,0,46,332,0,23,0,0,0,76,55,63,68,134,0,0,628,104,126,58,82,0,49,0,0,0,0,0,52,61,19,42,85,0,0,53,0,144,185,0,0,84,0,39,122,0,0,85,0,0,29,0,0,0,50,514,86,163,110,0,0,0,0,62,0,0,0,109,204,59,51,68,96,115,0,0,0,0,0,72,0,0,0,28,59,0,234,161,0,52,70,37,39,0,28,0,0,188,54,159,39,34,116,45,263,61,0,85,83,0,47,0,161,0,19,41,0,38,67,0,57,194,0,149,126,0,73,128,0,0,0,79,87,0,82,31,0,53,0,45,29,78,0,0,115,0,116,0,0,34,52,65,170,0,30,54,0,0,86,62,207,0,0,0,0,544,87,58,287,52,34,0,37,0,0,0,0,83,95,51,106,69,59,0,0,37,47,79,32,80,0,0,26,0,78,0,165,0,0,132,0,0,125,165,0,53,0,187,0,0,76,48,0,0,0,0,91,0,116,233,0,113,304,0,0,0,21,251,0,126,167,68,122,60,36,49,36,121,0,166,89,23,59,70,55,137,102,122,0,14,0,54,0,0,29,144,0,28,72,139,0,142,72,0,52,83,38,150,245,35,469,44,73,0,37,0,90,0,224,506,104,0,235,0,0,108,37,60,0,40,0,0,69,61,85,99,0,251,39,0,0,0,0,0,68,0,0,29,35,0,0,888,18,0,450,64,101,0,157,0,310,84,0,146,67,31,0,69,0,0,65,0,151,90,47,0,0,0,0,0,0,326,73,0,0,0,309,0,106,83,273,101,0,0,0,46,39,0,0,254,0,0,49,62,241,73,219,125,88,125,33,0,45,26,0,55,0,0,0,1050,197,70,19,0,0,108,39,63,36,0,279,79,29,64,49,0,40,0,0,39,0,47,0,39,166,104,85,22,318,0,0,121,34,0,53,146,0,45,78,169,59,47,0,58,68,48,0,0,172,900,84,0,0,60,25,65,0,76,216,42,44,96,32,128,0,67,202,45,0,0,16,0,50,0,50,101,45,87,78,0,86,89,69,36,0,52,185,0,0,235,0,65,45,62,281,101,160,50,93,0,0,43,76,128,372,50,0,0,248,47,61,65,0,56,122,44,54,0,19,432,82,268,55,153,88,230,52,121,0,82,89,0,182,0,58,39,0,643,78,0,0,0,38,0,277,0,0,0,319,23,57,164,67,71,37,322,0,134,208,73,80,599,0,449,70,181,0,50,254,0,0,39,47,52,78,0,52,0,85,0,77,0,0,95,0,200,50,145,0,81,124,0,0,0,0,71,0,0,50,0,309,217,0,77,0,0,30,0,124,356,0,0,113,0,0,0,0,178,184,0,0,0,132,0,26,0,208,0,0,50,121,0,0,297,48,76,149,0,88,104,30,0,66,0,0,0,142,0,0,60,0,48,47,0,13,0,186,0,57,48,75,39,89,38,96,0,0,383,138,572,0,125,53,0,53,35,0,0,53,42,220,47,145,163,144,0,53,0,138,0,0,0,0,57,19,34,0,125,172,0,66,0,0,69,87,0,0,0,0,326,123,53,0,0,47,39,55,41,0,0,50,0,42,79,503,0,0,421,27,176,37,0,52,32,0,23,185,0,102,0,31,0,66,0,0,0,155,32,44,28,58,90,76,45,0,0,0,74,185,471,593,48,113,67,33,141,31,156,0,140,0,41,48,178,118,105,127,72,46,0,0,77,0,144,123,0,85,0,57,320,0,63,34,247,31,0,0,42,35,94,205,0,1162,90,0,197,0,0,82,0,0,85,0,260,0,0,45,165,0,0,52,0,0,115,0,76,0,96,140,91,507,58,0,159,0,174,24,196,0,186,52,0,0,83,50,142,0,0,74,39,123,149,0,0,174,71,324,379,70,0,0,36,0,0,697,183,0,0,0,140,36,70,0,26,45,18,59,36,49,0,0,147,0,0,173,60,71,205,0,0,0,397,0,0,0,0,0,0,0,66,221,0,49,0,323,0,97,40,19,0,105,64,0,0,110,283,57,0,36
361,0,0,0,0,32,42,29,0,0,0,104,0,0,0,109,46,77,0,30,0,140,41,53,77,105,0,0,64,0,0,0,0,0,0,105,65,0,113,188,102,43,0,0,52,0,31,0,120,0,93,0,138,113,0,165,0,0,0,0,0,103,59,79,24,32,83,0,0,0,336,0,45,0,0,224,122,0,251,0,92,0,21,161,274,59,0,0,0,38,211,0,23,77,69,0,0,0,29,0,0,0,0,138,0,0,29,0,73,45,99,0,67,76,95,0,37,111,25,0,250,0,140,0,0,0,0,0,70,0,71,0,251,29,45,95,0,41,51,0,39,0,64,46,0,0,34,49,0,119,16,0,64,45,121,44,0,28,55,158,154,0,17,101,63,48,28,0,72,92,92,75,34,0,0,53,0,44,58,0,32,99,0,43,25,39,28,407,230,0,0,0,81,69,85,0,61,0,0,0,0,36,116,0,161,0,32,0,34,62,149,0,30,58,0,66,23,55,0,0,77,138,0,0,240,0,0,49,254,0,66,0,0,0,0,0,0,79,214,34,0,68,35,0,15,0,161,0,0,0,0,26,197,40,79,27,0,0,0,49,234,120,0,0,0,0,0,368,40,324,0,0,101,289,42,31,0,0,390,158,51,0,89,105,36,46,23,148,1395,63,0,0,197,0,0,0,0,29,80,0,0,0,46,0,0,330,66,139,0,68,68,57,0,0,0,69,48,19,73,44,15,0,30,0,0,75,0,47,0,0,40,0,60,57,0,93,0,0,0,55,0,0,0,65,0,0,0,0,88,716,98,64,0,97,316,0,32,0,237,50,0,51,61,0,84,215,307,164,0,0,97,46,0,0,0,152,52,0,0,0,0,0,0,0,0,85,33,91,25,0,0,0,279,0,46,0,305,53,133,154,0,0,177,0,0,80,41,48,0,0,108,0,71,0,0,0,123,117,207,51,0,100,0,0,0,58,91,0,30,0,0,0,0,0,0,0,25,0,0,98,0,0,258,0,248,0,332,65,0,0,0,0,135,0,70,0,0,0,0,0,189,0,101,0,0,0,0,0,0,0,42,36,383,0,33,0,37,201,110,0,129,18,97,98,75,0,0,45,0,146,90,37,0,57,21,45,35,89,82,0,0,76,29,465,0,33,82,67,0,0,67,37,0,0,0,0,198,0,0,0,95,0,160,109,44,0,0,64,123,26,63,0,0,0,88,0,0,0,0,0,0,114,59,0,0,0,83,0,78,129,104,45,0,55,0,0,0,62,0,63,97,177,0,31,0,154,0,0,0,0,68,141,0,0,0,0,0,47,0,34,105,136,124,0,82,0,274,271,66,0,0,284,0,61,0,0,0,0,0,0,0,0,97,51,0,92,0,97,0,0,0,0,159,127,101,0,69,0,0,25,0,54,0,0,0,34,15,0,0,0,108,0,0,39,0,0,0,74,32,0,0,0,165,0,0,127,0,57,0,0,283,18,0,0,527,0,61,30,0,87,41,65,37,0,0,70,0,0,0,32,130,35,166,0,111,0,15,40,147,0,0,12,96,54,194,46,43,0,122,0,38,0,54,0,0,0,118,0,0,0,0,143,0,0,25,0,0,56,66,77,0,141,50,0,0,0,0,0,100,0,104,38,0,899,56,61,74,0,0,0,68,0,0,0,92,0,0,0,116,110,31,0,239,177,0,106,0,0,53,0,0,55,0,0,81,0,0,0,0,0,0,32,0,84,0,0,0,61,0,48,165,0,0,0,0,126,0,0,36,0,0,0,0,0,0,0,64,65,39,204,0,0,0,0,0,0,0,0,0,0,37,29,34,34,90,0,161,0,66,0,53,0,60,165,0,314,0,0,0,99,74,0,79,0,0,0,0,0,35,48,116,0,0,39,0,0,0,36,23,0,0,0,63,0,94,0,0,125,0,30,56,0,26,0,0,0,273,132,50,131,0,0,0,112,0,27,0,0,0,0,0,0,0,0,88,27,0,0,0,77,35,54,46,0,0,94,0,76,0,0,69,116,0,67,0,0,100,0,0,86,51,133,0,0,0,0,22,97,97,116,0,0,0,0,0,241,64,109,73,0,95,81,0,0,0,43,98,0,0,48,45,0,0,0,56,31,0,141,116,0,0,48,0,57,0,167,0,54,0,0,108,0,0,0,0,0,61,0,210,0,0,35,49,0,119,57,0,0,0,649,0,0,0,163,102,51,0,98,0,0,0,0,0,0,93,146,340,0,181,0,771,0,43,60,42,0,27,0,0,41,69,0,81,0,0,154,36,118,0,171,40,66,0,64,0,159,294,128,162,59,0,0,0,0,0,0,270,63,38,0,0,58,0,0,0,125,0,81,83,73,141,0,32,111,0,65,141,263,91,0,85,0,40,75,220,0,53,180,159,45,0,323,0,0,0,107,417,192,55,0,121,0,31,210,0,0,0,0,0,39,0,72,0,72,365,0,0,46,0,0,0,152,0,42,72,25,0,33,0,0,0,0,119,0,0,0,65,58,0,63,45,79,57,150,0,39,507,0,0,136,66,52,134,88,45,13,0,41,64,142,0,0,124,406,0,27,0,75,91,0,35,0,0,42,0,0,0,111,49,0,0,49,95,63,147,0,0,50,96,51,0,49,69,69,106,0,96,0,97,63,42,0,0,41,99,0,69,181,47,0,66,0,0,0,68,80,171,59,0,48,0,105,161,0,87,65,0,47,0,0,0,66,73,0,81,0,0,0,0,0,391,0,0,108,87,0,90,0,0,0,24,0,0,0,0,0,33,0,0,197,0,0,54,98,98,0,76,22,0,94,0,0,0,67,92,0,0,0,67,0,0,0,0,39,0,0,0,0,0,16,0,0,68,0,84,0,0,0,0,94,0,138,0,0,0,0,0,0,0,0,111,0,0,0,100,0,0,0,0,0,0,51,45,0,0,0,37,0,0,66,0,41,0,0,16,0,80,0,179,119,0,23,152,0,58,0,0,192,0,0,117,0,0,844,0,0,0,0,0,0,0,0,0,0,45,114,0,0,67,0,0,0,0,0,0,92,0,0,0,0,0,104,0,0,68,0,0,0,0,0,0,0,0,163,0,0,0,0,91,0,138,0,0,103,0,0,0,0,0,59,0,0,0,41,0,228,32,0,0,142,0,409,74,0,0,0,0,0,0,0,106,22,0,0,63,168,0,0,34,38,0,44,66,0,0,32,0,34,0,36,0,0,0,70,199,0,100,0,0,0,40,60,0,49,0,0,111,0,0,0,0,0,48,0,0,0,0,0,0,49,35,66,0,57,0,66,118,77,0,51,177,0,0,0,0,0,0,0,40,0,0,0,31,0,130,0,28,26,0,0,65,29,0,0,273,67,0,0,0,0,0,0,0,0,0,111,0,0,0,76,0,35,101,0,0,48,0,0,49,213,56,0,0,82,44,70,0,66,95,0,0,155,0,0,0,63,54,0,0,48,0,0,0,0,0,61,0,158,0,236,135,0,0,59,107,0,0,31,54,80,0,0,49,140,0,276,0,0,0,53,0,0,0,109,12,22,110,172,0,0,53,32,0,0,195,83,0,33,37,0,0,0,0,0,0,0,439,0,0,34,37,0,74,0,0,0,39,0,0,0,0,0,0,28,57,0,0,0,163,0,0,0,32,35,0,0,46,74,0,20,0,0,310,0,0,52,0,27,0,0,173,73,91,120,37,0,54,0,0,45,0,56,122,59,0,35,135,0,0,31,56,175,0,0,0,0,0,0,0,0,0,0,293,39,24,0,0,214,75,56,18,0,0,59,0,164,0,0,0,85,0,757,45,57,0,0,0,85,0,153,0,80,27,0,0,63,78,0,43,0,50,0,55,0,92,126,0,0,387,42,0,0,67,0,0,0,107,0,0,0,0,0,0,59,41,218,135,46,43,84,0,0,54,0,0,109,0,0,23,0,0,87,0,0,0,300,30,146,0,21,0,0,121,151,56,115,44,33,145,38,252,0,0,0,83,0,112,17,0,0,98,0,0,0,0,0,0,0,0,0,134,104,0,0,0,0,0,0,91,0,258,0,44,63,0,0,71,0,0,114,81,16,140,0,0,0,0,0,0,0,13,35,0,0,0,59,0,0,0,0,0,0,0,111,0,57,0,267,81,0,199,65,0,0,0,0,79,308,46,25,0,0,0,49,0,0,0,0,20,0,0,0,83,81,108,66,96,0,0,0,0,0,0,37,0,0,57,42,0,39,37,0,0,347,104,0,0,136,0,163,0,0,0,42,37,82,0,0,140,0,49,0,0,0,33,80,95,0,0,0,62,0,26,75,35,110,0,0,0,69,0,0,74,32,0,0,0,0,84,38,19,0,0,0,0,503,0,0,69,28,0,0,0,0,24,0,57,74,208,0,68,0,0,0,0,53,0,28,42,0,85,90,20,94,100,51,0,0,26,33,61,0,81,0,0,407,0,0,0,71,37,0,0,25,0,0,0,0,0,90,32,0,0,28,0,33,0,0,0,107,0,0,0,0,0,0,0,104,35,0,0,0,42,25,0,0,54,0,218,58,0,0,37,42,0,0,0,86,673,0,35,0,60,0,0,83,0,25,223,0,40,100,29,0,0,0,0,40,0,76,0,0,0,46,49,27,88,0,0,0,0,0,0,160,23,70,0,0,0,0,0,45,0,0,0,252,36,82,0,647,0,0,0,0,0,0,87,20,80,0,213,0,0,0,0,0,39,0,0,0,0,0,52,62,94,0,66,45,0,42,0,0,0,0,0,97,61,142,0,0,176,28,0,0,26,60,0,0,0,0,0,14,0,0,0,0,49,49,0,0,0,0,31,0,0,0,0,28,117,64,0,41,0,0,0,0,0,0,36,0,116,304,0,0,0,0,0,0,44,0,0,139,91,230,60,102,0,0,83,0,61,0,0,0,0,81,0,53,70,0,37,156,0,0,0,0,0,0,0,75,0,0,48,66,0,0,22,0,96,30,0,101,0,48,0,108,38,0,72,112,0,0,0,0,72,58,0,244,54,0,0,210,0,0,0,0,0,0,0,0,0,198,90,0,0,0,0,0,305,0,242,58,46,0,0,105,0,0,0,0,0,52,65,0,87,0,0,0,0,286,0,0,299,0,26,0,0,0,0,0,21,0,0,37,96,82,0,0,0,74,102,0,0,0,0,0,0,25,0,0,0,0,0,235,0,0,40,74,0,202,38,116,0,66,19,0,0,0,0,0,39,0,93,0,0,0,55,0,0,0,0,0,0,58,45,145,232,53,110,55,0,0,0,23,39,0,0,0,217,195,51,154,0,0,42,0,0,0,0,38,0,47,0,44,0,212,0,0,0,20,0,89,0,0,72,0,0,18,0,0,0,0,55,71,56,58,263,0,0,67,62,0,0,0,0,0,52,0,0,0,0,343,29,0,0,0,37,0,0,0,0,0,53,0,0,1331,0,0,348,36,73,22,40,48,146,45,0,296,96,0,0,0,0,0,0,0,0,0,0,0,25,64,0,0,0,83,38,0,0,0,255,0,136,52,98,208,0,0,22,53,95,0,0,0,0,0,0,70,0,56,90,0,49,66,0,0,0,25,0,0,0,0,0,110,86,0,44,0,149,0,0,48,0,13,203,95,101,0,44,0,0,0,0,43,40,0,0,0,187,63,0,29,92,34,0,98,43,0,0,117,0,0,46,116,0,82,0,138,50,0,0,0,116,0,107,0,0,105,0,0,0,23,104,0,46,43,0,0,0,56,140,0,0,0,0,0,67,29,0,0,24,22,0,0,39,0,82,30,41,0,165,0,0,78,0,0,31,44,0,83,49,0,0,35,0,0,55,0,265,0,0,0,90,0,87,37,28,0,75,47,24,0,0,0,56,204,56,74,0,71,0,237,0,54,0,0,92,48,0,0,0,354,0,75,0,46,0,34,30,0,0,0,41,0,54,143,0,86,0,247,0,85,0,54,0,748,0,503,34,66,22,38,137,0,117,126,113,51,33,0,0,56,0,0,0,0,0,54,0,43,124,72,38,0,0,0,187,0,0,37,40,57,35,0,137,219,0,29,0,0,0,0,100,389,45,0,123,0,0,0,0,0,0,0,0,38,0,0,0,0,34,0,0,71,63,0,0,137,27,54,212,113,0,46,63,0,0,0,0,0,50,0,62,0,0,38,91,0,0,0,0,0,175,69,0,40,0,37,84,0,0,301,92,175,15,51,0,0,0,0,0,32,0,309,111,0,178,75,0,0,0,0,77,0,25,0,0,23,0,37,0,140,85,34,62,0,0,107,41,0,0,0,0,273,60,46,0,0,27,0,34,70,47,0,65,0,107,107,235,0,0,270,0,95,0,0,25,0,0,0,124,0,72,0,33,0,46,0,0,30,115,45,0,0,0,0,0,68,0,42,0,0,41,470,868,59,81,0,76,65,0,30,0,58,108,61,0,76,88,96,96,0,0,0,69,0,0,39,0,0,62,71,90,169,0,46,0,91,35,0,0,0,0,0,242,0,552,119,0,178,0,0,0,0,0,0,0,542,0,0,0,204,0,0,99,0,0,53,0,0,0,0,105,0,487,52,0,212,40,79,0,71,0,143,40,0,0,83,0,146,0,0,57,0,0,154,0,0,141,0,103,87,84,0,0,0,0,0,433,121,0,0,40,0,0,67,0,32,29,0,42,64,0,0,0,144,0,0,335,42,45,102,0,108,0,241,17,0,0,0,0,0,29,44,53,0,0,95,190,0,70,0,0,0,45,48,0,0,59,331,41,20,0
362,0,0,0,61,49,0,0,0,74,0,320,35,0,0,97,174,266,0,37,0,294,0,54,76,221,0,0,39,37,35,0,0,0,49,176,143,0,87,282,208,65,74,26,273,0,59,42,288,0,82,52,58,169,0,194,0,0,0,0,0,136,91,256,31,47,48,41,23,0,420,0,64,0,0,242,94,0,488,49,94,0,0,106,112,49,37,0,45,59,272,72,41,78,100,35,0,0,53,54,0,48,0,73,0,21,0,0,164,40,185,39,52,130,0,47,36,92,0,34,112,32,227,44,0,57,0,0,71,24,160,27,214,0,142,51,214,61,71,51,100,41,117,331,0,0,41,0,90,0,0,0,33,54,124,156,0,143,0,46,217,0,0,0,85,0,22,34,162,61,173,190,0,89,0,65,0,85,213,93,58,159,24,52,0,52,0,270,264,0,0,0,72,0,101,0,130,0,0,161,0,97,170,0,239,0,0,33,67,158,62,107,60,0,0,119,0,65,0,0,183,255,29,0,238,0,0,200,180,0,112,24,0,0,33,0,56,0,217,14,0,72,55,70,50,0,40,0,0,0,53,88,188,77,50,34,84,0,0,45,327,203,57,59,54,34,0,346,116,360,0,0,146,433,103,107,0,0,357,260,54,0,98,48,94,72,57,79,2380,58,60,50,235,0,0,49,0,107,76,65,0,0,63,34,34,338,218,236,0,0,29,488,44,0,0,56,39,270,32,0,26,0,0,0,115,0,64,177,0,0,395,0,93,64,0,99,0,0,0,69,0,70,0,96,58,0,0,0,0,303,112,108,28,126,526,0,54,32,381,248,42,45,52,0,60,203,575,226,36,63,114,0,0,64,168,116,108,0,0,155,52,0,64,0,28,365,106,77,46,0,0,0,875,0,79,0,135,56,102,190,0,0,233,0,32,42,52,0,38,0,201,0,112,27,0,0,380,62,125,391,0,136,56,34,62,58,42,86,119,0,0,0,34,0,0,0,0,74,117,247,0,0,134,162,239,109,298,39,46,25,0,0,35,0,30,0,0,37,0,0,221,0,102,143,0,0,0,93,0,0,61,0,210,133,38,39,111,751,65,137,45,34,121,47,132,0,0,118,92,277,73,51,0,205,0,54,272,56,176,44,0,72,0,270,113,89,308,112,0,0,109,51,0,0,0,0,199,28,69,193,125,0,273,160,78,0,94,93,187,0,0,37,0,0,105,0,0,0,0,220,0,41,347,0,82,0,0,48,68,96,98,62,44,84,0,27,0,0,0,68,176,297,0,171,104,120,23,37,0,37,109,219,0,0,0,0,0,185,0,99,186,331,48,0,365,0,66,377,100,0,0,235,0,33,0,0,0,73,0,51,22,0,97,80,45,0,0,93,0,0,0,45,153,124,122,0,0,42,0,0,0,0,0,46,0,0,0,0,0,138,0,0,49,0,0,0,0,85,0,0,0,0,141,0,0,118,0,0,0,0,176,0,0,0,295,0,138,0,55,64,61,33,63,0,0,44,0,88,0,49,146,73,82,0,127,32,0,0,204,0,0,0,118,48,213,0,41,46,236,0,61,0,49,0,37,0,83,0,489,0,23,0,0,18,28,0,0,63,119,80,0,156,94,0,0,0,0,84,58,40,89,30,73,1343,0,410,107,109,0,0,72,73,0,44,35,0,0,0,157,77,198,36,207,111,0,111,0,0,74,0,0,46,0,22,93,0,0,0,13,0,0,54,24,69,0,0,0,54,0,0,98,137,0,0,0,77,0,0,49,78,218,0,0,0,0,0,106,62,65,274,0,0,66,27,0,47,0,48,0,0,98,0,48,0,90,32,212,66,69,0,0,0,62,168,0,238,0,0,0,53,85,0,182,0,0,0,64,0,0,75,66,0,0,0,0,0,48,93,0,0,0,30,176,0,95,0,0,56,0,35,90,0,23,0,0,0,270,119,53,207,0,0,0,54,0,53,0,0,42,0,0,0,0,0,0,218,0,0,0,58,0,66,42,0,0,77,0,71,0,61,54,31,0,52,142,106,267,0,0,31,53,46,0,0,0,0,22,0,46,0,0,0,29,0,0,585,0,46,0,0,50,148,0,0,0,65,82,0,0,51,0,0,18,0,0,0,0,0,54,0,0,38,0,69,0,0,0,0,0,41,105,0,0,75,0,0,0,42,317,0,0,0,0,0,53,34,0,142,48,309,0,0,0,110,85,0,0,164,21,0,34,0,0,0,81,62,272,0,220,0,592,49,0,0,20,0,0,0,0,0,54,0,77,0,0,71,0,0,472,49,0,0,0,57,0,144,306,255,91,0,0,0,0,0,35,0,164,74,0,0,0,53,0,0,0,113,0,82,1187,73,0,36,92,65,0,0,41,150,70,0,56,0,36,0,241,0,0,44,0,37,0,248,46,0,55,273,106,97,218,0,63,0,0,99,0,0,0,0,0,0,0,92,0,24,85,0,0,0,0,39,47,0,0,122,35,0,27,0,0,0,28,56,101,0,0,0,19,0,0,31,0,0,59,69,0,81,366,74,0,107,0,45,100,0,33,0,0,78,0,44,0,0,72,131,0,0,0,158,42,0,0,0,0,26,0,0,0,80,0,0,74,0,81,0,0,0,33,37,215,43,42,0,221,181,165,77,0,0,133,41,63,0,0,0,60,0,44,111,130,0,31,0,0,0,42,162,229,0,0,52,0,145,0,0,197,0,0,80,0,0,0,31,0,0,0,0,26,91,0,0,28,0,0,64,77,0,34,55,0,36,0,0,0,0,28,0,0,0,0,131,0,0,0,81,23,0,30,0,0,76,0,0,0,0,89,0,51,0,0,0,0,0,26,0,32,0,60,0,0,27,0,61,26,0,0,0,0,0,0,112,0,126,0,0,0,0,0,0,0,0,112,0,0,0,47,0,0,0,67,0,0,80,66,0,0,0,0,0,0,0,0,119,55,0,0,0,0,0,159,76,0,0,35,0,0,0,0,87,180,0,138,0,0,157,0,66,0,0,0,0,45,0,33,0,0,0,0,34,0,0,0,0,0,0,0,45,0,0,0,103,0,111,0,0,82,0,0,0,0,0,0,0,0,163,0,0,0,72,158,0,176,0,0,0,77,0,0,35,0,266,0,0,0,50,0,134,26,0,35,251,0,188,106,0,97,0,0,0,0,0,0,0,0,0,0,170,0,0,0,84,0,0,104,0,0,0,33,0,38,30,0,0,0,63,71,0,0,92,0,113,0,0,0,100,0,0,62,0,0,0,0,0,41,0,0,0,0,0,0,77,40,0,0,126,0,0,43,0,0,96,0,0,0,42,0,46,0,0,0,53,0,0,45,0,124,0,0,0,0,24,0,0,0,0,0,63,63,0,0,0,0,0,0,0,23,115,23,0,0,53,0,37,28,0,0,0,0,0,0,130,0,0,0,52,0,136,0,0,0,0,0,0,0,0,0,0,46,0,152,56,0,0,0,0,0,0,0,54,0,0,149,18,0,144,0,0,0,74,0,83,0,0,21,116,0,107,0,26,0,0,0,0,0,68,54,0,123,950,0,0,64,0,25,0,82,67,0,0,0,32,131,0,0,162,0,0,123,0,0,0,0,47,103,0,0,0,0,0,129,0,34,0,0,0,29,0,0,142,140,0,0,0,45,0,58,0,161,30,0,0,0,0,333,0,72,0,0,0,0,0,102,145,0,37,0,0,101,0,0,0,0,18,0,245,0,149,64,40,77,27,0,84,0,0,0,36,67,0,45,0,0,0,254,0,0,0,0,35,0,88,0,95,25,0,0,285,0,0,0,35,0,21,105,48,0,0,102,0,0,50,0,37,0,57,0,40,36,0,0,0,0,0,0,0,57,151,0,0,239,0,0,0,54,34,0,0,76,0,0,0,0,0,0,46,67,129,351,41,62,57,0,0,29,0,0,157,0,0,0,0,0,0,0,0,0,0,0,94,0,0,0,0,72,96,194,63,0,28,0,48,118,0,0,0,102,0,162,46,62,0,47,0,0,0,0,0,0,0,0,64,67,38,0,0,0,0,0,14,59,0,0,0,78,80,0,0,39,0,0,90,113,0,45,0,0,100,122,75,0,0,0,0,0,0,93,71,76,0,0,0,0,427,0,44,0,22,70,0,232,17,0,72,26,0,0,0,24,57,90,0,84,0,0,0,26,0,0,0,0,0,0,75,0,68,0,70,0,0,61,0,0,0,0,0,0,0,0,40,0,0,0,0,0,38,0,0,0,0,0,144,0,0,0,47,69,39,68,0,68,0,21,0,0,0,0,0,39,0,0,0,0,0,0,46,42,80,0,0,0,205,0,0,0,0,0,0,0,0,213,147,0,106,34,0,0,140,0,0,250,0,0,0,0,0,0,0,74,0,74,0,0,0,0,0,0,0,0,0,0,0,91,0,0,0,271,72,92,0,0,28,46,28,39,79,0,33,21,0,138,0,125,0,0,172,42,0,0,0,0,0,0,56,106,0,0,0,0,0,0,0,0,0,51,0,147,0,0,0,0,0,0,0,0,0,0,61,0,67,0,0,0,0,150,0,0,0,0,137,97,0,73,0,0,0,0,0,0,0,81,0,0,44,74,0,0,0,0,113,0,113,0,0,0,106,36,39,0,0,0,118,0,15,0,186,0,0,0,0,0,0,0,0,0,0,0,38,0,0,0,0,0,0,0,0,0,0,0,0,0,0,53,0,0,0,0,27,150,104,0,0,0,38,0,48,0,0,53,112,0,34,0,0,0,25,35,0,0,0,57,0,242,0,93,0,0,0,0,0,0,0,0,0,0,0,39,28,0,100,0,0,0,146,49,0,0,23,0,0,42,27,55,61,0,0,40,0,0,0,69,254,15,184,0,0,0,0,0,0,0,0,0,42,104,114,23,0,78,38,44,0,49,0,0,0,0,0,0,0,0,0,235,71,0,48,0,0,0,0,0,0,0,70,0,37,0,0,0,0,0,123,0,0,52,0,43,0,0,0,58,0,0,0,0,0,30,0,0,48,0,0,0,0,0,26,0,0,78,0,64,0,0,78,65,32,0,19,0,0,560,0,101,17,0,0,0,0,30,0,0,20,0,0,12,0,0,0,0,0,0,40,0,0,99,68,0,0,0,47,0,0,0,0,63,34,0,20,0,0,0,0,0,0,0,63,0,0,0,0,40,0,114,0,0,101,0,0,0,84,0,0,0,110,0,0,45,0,0,0,0,0,104,0,0,82,0,0,80,0,0,0,0,138,0,70,0,0,30,0,78,0,0,94,0,46,26,0,37,0,66,0,0,87,0,0,46,0,0,0,0,78,0,0,0,78,0,248,39,0,24,0,0,99,0,0,90,0,0,0,0,0,76,0,0,128,96,0,72,0,0,0,0,96,67,0,0,0,51,0,0,55,0,109,59,0,0,0,0,0,0,0,0,0,0,0,0,173,0,0,391,0,0,0,0,0,35,64,0,0,0,0,0,35,0,0,52,0,120,0,0,0,0,0,0,0,0,64,63,0,0,0,83,0,76,112,75,49,0,0,0,0,0,0,0,145,0,0,0,0,34,91,40,0,0,153,0,0,0,0,0,0,0,72,0,163,0,0,0,0,0,72,0,29,0,0,124,33,26,0,0,0,0,0,0,0,0,0,0,0,79,60,0,0,0,0,0,0,0,0,0,0,0,0,40,0,0,0,0,0,0,0,0,0,0,62,33,0,0,0,33,0,0,0,75,0,0,0,0,0,0,50,0,0,0,0,0,0,0,0,0,0,0,0,0,0,0,25,0,0,0,0,64,0,0,0,0,31,0,53,65,61,0,0,0,0,0,32,0,40,377,0,0,0,215,0,0,0,0,0,37,0,19,0,0,0,0,0,0,0,0,0,71,18,0,0,0,0,88,0,33,29,0,0,0,42,0,0,0,0,56,0,0,0,238,0,31,0,32,45,0,108,0,41,65,0,0,35,0,43,0,0,0,0,149,0,0,0,71,66,0,0,0,0,0,0,40,0,0,0,0,44,0,0,0,0,0,18,0,0,0,54,0,59,0,0,73,0,0,0,0,0,0,0,106,182,0,0,35,0,0,0,0,46,87,0,0,0,24,0,0,0,0,0,0,0,0,0,0,49,0,0,62,0,0,42,0,0,0,0,0,0,0,0,0,0,0,0,0,0,0,0,79,0,44,66,0,0,64,46,0,0,0,44,0,71,0,68,0,0,0,0,0,0,0,47,0,0,57,0,134,0,0,0,0,38,0,0,0,0,14,0,25,0,28,0,0,0,0,0,0,0,0,0,0,32,0,0,0,0,0,0,52,0,0,0,0,0,0,0,0,0,0,0,0,36,0,0,0,0,0,0,56,0,69,0,33,0,0,0,0,0,0,0,0,0,0,0,0,0,0,0,0,0,0,152,182,26,81,0,0,114,0,53,0,54,0,0,0,0,0,29,0,0,0,0,0,0,0,94,0,0,0,0,0,0,0,43,0,59,0,0,0,0,0,0,149,0,48,0,0,88,0,0,0,24,0,0,0,266,0,0,0,113,0,0,0,0,0,0,0,0,0,0,0,11,0,0,0,27,0,0,0,0,0,110,0,0,0,28,0,0,0,0,0,0,29,52,0,0,0,0,87,72,0,0,0,0,0,0,132,0,0,0,0,0,0,0,0,0,0,0,0,0,0,0,0,101,0,0,0,41,0,0,0,0,0,139,0,0,0,0,0,0,0,0,46,0,0,0,0,0,0,0,0,0,0,0,0,0,0,64,0,0,0
363,0,0,0,0,0,0,0,0,0,0,0,0,0,0,0,0,0,0,0,0,36,0,0,0,0,0,0,0,0,0,0,0,0,0,0,84,0,0,71,0,0,0,0,0,0,0,0,0,0,0,0,0,0,0,0,0,0,0,0,0,0,0,78,0,0,0,0,0,0,0,0,0,0,0,47,0,0,53,0,0,0,0,0,0,0,0,0,0,0,0,0,0,0,0,0,0,0,0,0,0,0,0,0,0,0,0,0,0,0,0,0,0,0,0,0,0,0,0,0,0,0,64,0,0,0,0,0,0,0,33,0,29,0,0,0,0,0,0,0,0,0,27,84,0,0,0,0,0,0,0,0,0,0,0,0,0,0,0,0,77,0,0,0,0,0,0,0,0,0,0,0,0,0,0,0,0,0,0,0,0,0,0,0,0,0,0,0,0,0,0,0,0,0,0,0,0,0,0,0,0,0,0,0,0,0,0,0,0,0,0,0,0,0,0,0,0,0,0,0,31,0,0,0,0,0,0,0,0,0,0,0,0,0,0,0,0,0,0,0,0,0,0,0,0,0,0,0,0,0,0,0,0,23,0,0,0,0,0,0,0,0,0,0,0,0,0,0,0,0,0,0,0,40,0,0,0,0,0,0,43,0,0,0,0,0,0,0,36,0,0,0,0,0,0,0,0,0,0,0,0,0,0,0,0,40,0,0,0,0,0,0,0,0,0,0,0,0,0,0,0,0,0,0,45,0,0,0,0,0,0,0,0,0,0,0,0,0,0,0,0,0,0,0,0,0,0,0,0,0,0,0,0,0,0,0,0,0,0,0,0,0,0,0,0,16,0,0,0,0,0,0,0,0,0,0,0,0,0,0,0,0,0,0,0,33,0,0,0,0,0,0,40,0,0,0,114,0,0,0,0,0,0,0,0,0,0,0,0,0,26,0,0,0,0,0,69,42,0,0,0,0,0,0,0,0,0,0,0,0,0,0,0,0,0,0,0,0,0,0,0,0,0,0,0,0,0,0,0,0,0,0,0,0,0,0,0,0,0,0,0,0,61,0,0,0,0,0,0,0,0,0,0,0,0,0,0,0,0,0,0,0,0,0,0,0,0,0,56,0,0,0,0,26,0,0,0,0,0,0,0,0,0,91,0,0,46,0,0,0,0,0,0,0,0,0,28,0,0,0,0,0,0,57,0,0,0,0,0,0,0,0,0,0,0,0,0,0,0,0,0,0,0,0,0,0,0,0,0,0,0,0,0,0,0,0,0,0,0,0,0,0,0,0,0,0,0,0,0,0,0,37,0,0,0,0,0,0,0,0,0,44,0,0,0,0,0,57,0,0,0,150,0,0,0,0,0,0,0,0,0,0,0,0,0,30,0,36,0,0,0,0,58,0,0,0,0,0,0,0,0,0,0,0,0,0,0,0,0,0,70,0,0,0,0,0,0,0,0,0,0,0,0,0,0,58,0,0,0,0,49,0,0,0,0,0,0,0,0,57,0,0,0,0,0,0,0,0,0,0,56,0,28,0,73,0,0,0,0,0,0,0,0,0,0,0,0,0,0,0,38,0,0,0,0,0,0,0,46,0,0,0,0,0,0,0,0,0,0,0,0,52,0,0,0,0,0,0,0,0,87,0,0,66,0,46,0,0,0,0,0,0,0,0,0,0,0,0,57,0,0,0,0,88,0,0,0,0,0,0,0,0,0,0,0,0,0,0,0,0,0,0,0,0,0,0,0,0,0,0,0,0,0,0,0,55,0,0,0,0,28,0,0,0,0,0,0,0,0,49,0,0,0,0,0,0,0,0,0,0,0,0,0,0,100,0,0,0,23,0,0,0,0,62,0,75,0,0,0,23,30,0,78,0,0,0,0,0,0,0,76,0,0,0,0,0,35,0,0,0,0,0,0,0,0,0,0,0,0,0,47,0,0,0,0,0,120,0,0,81,0,0,0,0,0,0,0,0,0,0,0,0,0,0,43,0,0,0,0,0,0,0,0,0,0,0,0,0,0,0,0,0,0,0,0,41,43,0,0,0,0,40,0,0,0,0,0,0,0,0,0,0,0,0,0,0,0,0,0,0,0,0,0,0,0,0,0,0,0,0,0,0,0,0,0,0,0,0,25,0,0,0,0,0,0,0,0,0,0,0,0,0,0,0,0,0,0,0,47,0,0,0,0,0,0,0,0,0,0,0,0,0,0,0,0,0,0,0,0,0,0,0,0,0,0,0,0,0,164,0,0,0,0,0,0,0,0,0,0,0,0,0,0,0,0,0,0,0,0,31,0,0,0,0,0,0,0,0,0,18,0,0,0,0,0,0,0,15,0,0,0,0,0,0,0,0,0,0,81,0,0,0,0,0,0,0,0,0,0,0,0,0,0,0,0,0,0,0,0,0,0,0,0,0,0,28,35,0,0,0,0,0,0,0,0,0,0,0,0,0,0,0,0,0,122,0,0,0,0,0,0,0,0,0,0,0,0,0,0,0,0,0,0,0,0,0,0,0,0,0,0,0,0,39,0,0,0,0,0,0,0,0,0,0,0,0,0,0,0,27,0,0,0,0,0,0,0,0,0,0,0,0,0,0,0,0,0,0,0,0,0,0,0,0,0,0,0,0,37,0,0,0,0,36,0,0,27,0,0,0,0,0,0,0,0,0,0,0,0,0,0,0,0,0,0,0,87,0,0,0,0,54,0,0,19,0,0,0,0,0,0,0,0,0,0,0,0,0,0,0,85,0,0,0,0,0,0,0,0,0,0,0,0,41,0,0,0,0,0,0,0,0,0,25,0,0,0,0,0,0,0,0,0,0,0,0,0,0,0,0,0,0,0,0,0,0,0,0,0,0,0,0,52,0,0,0,0,0,0,36,0,0,0,0,0,0,0,0,0,0,0,0,0,0,0,0,0,0,0,0,0,0,0,0,0,0,0,0,0,0,0,48,0,0,0,0,0,0,37,0,0,0,0,0,0,0,0,79,0,0,0,0,0,179,0,0,0,0,0,0,70,0,0,0,0,0,0,0,0,0,0,0,0,0,0,46,0,0,0,0,0,0,0,0,0,0,0,0,0,0,0,0,0,0,0,0,0,0,76,0,0,0,0,0,0,0,0,0,0,0,0,0,0,0,0,99,0,0,0,114,0,0,0,0,0,0,0,0,0,0,0,23,0,0,0,0,0,0,0,48,0,0,35,0,0,0,0,0,0,0,0,15,0,0,0,0,38,0,0,130,0,41,0,0,0,0,0,0,0,0,0,0,24,0,0,0,0,0,0,0,0,0,0,0,0,0,0,0,0,0,27,0,0,0,0,0,0,0,23,0,0,0,0,0,0,0,0,0,0,46,0,0,0,94,57,0,0,0,0,0,0,0,20,0,0,81,0,0,0,0,0,0,0,0,0,0,0,0,24,41,22,0,0,0,0,0,0,0,0,0,0,59,0,0,0,0,0,0,0,0,0,0,0,0,0,0,0,0,0,30,0,0,0,0,0,0,0,0,0,0,0,0,0,60,0,0,0,0,0,0,0,0,0,0,0,0,0,90,0,0,0,0,0,0,0,0,0,0,0,34,0,0,0,0,0,0,78,0,0,0,0,0,0,0,0,0,0,0,0,0,0,0,0,0,0,0,0,0,0,0,0,0,0,0,13,0,0,0,0,0,0,0,101,0,0,0,0,0,0,0,41,0,0,0,0,0,0,0,0,0,0,0,0,0,0,0,0,0,0,0,0,41,0,0,0,0,0,0,0,0,0,0,40,0,0,0,0,66,0,0,0,0,0,0,0,0,0,0,0,0,0,0,0,0,0,0,0,40,0,0,0,0,0,0,0,0,0,0,0,0,0,0,0,0,0,0,0,0,63,0,0,0,0,0,0,0,0,0,0,0,0,0,0,43,0,0,0,0,0,0,0,0,0,0,0,0,0,0,0,0,0,0,0,0,0,0,0,0,0,0,0,0,0,53,0,0,0,0,0,0,0,0,0,0,0,0,0,0,0,0,0,0,0,0,0,0,0,0,0,0,0,0,0,0,0,0,0,0,0,0,57,0,0,0,0,0,0,0,0,154,0,0,85,0,0,0,0,0,0,49,0,0,20,0,0,49,0,0,0,0,0,0,0,0,0,0,0,115,137,0,44,35,0,0,0,0,0,142,0,0,72,0,0,0,0,0,0,0,0,41,0,0,24,48,0,60,0,0,30,0,0,0,0,0,0,0,78,73,0,0,0,0,0,0,54,0,48,0,0,80,0,0,0,0,99,59,0,0,0,0,0,0,0,0,0,0,29,0,0,0,97,0,0,0,0,0,0,0,0,0,0,0,0,0,14,0,0,0,0,77,0,0,90,0,0,0,0,0,282,0,0,0,0,0,0,0,172,0,0,0,0,0,0,0,0,31,0,38,0,0,0,65,0,0,88,0,0,0,0,45,60,0,0,0,0,84,0,0,59,0,78,0,0,0,0,0,0,24,0,170,74,48,57,0,0,0,0,0,0,42,0,0,0,0,0,0,0,48,0,0,0,0,0,0,0,12,52,0,0,0,0,0,147,0,0,0,0,0,0,0,0,0,39,0,0,0,0,0,0,0,0,0,39,0,0,0,0,0,0,72,0,0,0,0,65,0,0,0,0,76,0,21,0,85,0,0,0,0,0,0,0,0,0,0,0,59,0,53,0,58,0,0,0,0,0,0,75,0,46,0,256,0,0,0,0,0,67,0,0,0,36,47,0,0,0,0,24,0,0,0,0,0,0,0,0,71,0,0,21,0,32,47,0,14,0,0,0,0,0,0,0,0,0,0,0,0,0,0,0,0,0,0,0,0,0,0,0,0,0,0,0,0,0,0,18,0,0,0,52,146,0,0,31,0,0,0,0,0,0,0,0,0,62,150,0,95,56,0,0,0,0,0,0,0,0,0,0,0,0,0,0,0,0,33,59,0,0,0,0,0,0,28,0,42,0,0,0,0,26,0,0,0,0,0,24,0,43,0,0,0,0,0,0,0,0,72,0,117,0,0,24,0,0,0,0,24,0,0,95,0,0,0,0,0,0,17,0,0,175,0,0,0,0,34,0,0,0,0,0,0,0,0,0,0,46,0,0,0,0,0,0,0,0,0,0,0,0,0,0,0,0,0,0,0,64,0,34,0,0,0,0,0,23,0,0,0,12,0,0,0,55,0,0,44,0,0,0,61,0,0,0,84,0,0,53,0,0,0,0,0,45,0,0,28,0,77,95,0,0,0,0,0,0,48,29,0,52,0,35,0,0,70,0,0,0,0,0,0,0,0,47,51,0,0,0,0,0,0,0,0,0,0,0,0,0,164,0,0,0,0,0,0,0,0,0,0,0,0,0,0,0,0,148,82,49,0,0,0,0,0,0,0,0,0,0,0,0,0,0,0,0,0,0,0,0,0,0,0,66,0,0,0,0,0,0,135,0,0,64,0,0,0,89,0,0,0,0,37,0,0,0,27,0,0,0,0,39,0,45,0,0,0,0,0,0,78,0,0,0,0,88,0,0,0,65,0,0,0,0,0,0,0,0,0,0,0,0,0,0,0,0,26,0,45,0,0,0,0,0,0,0,0,0,0,0,0,0,0,0,0,0,0,0,0,0,64,0,0,0,0,0,0,0,0,0,0,0,0,0,0,0,0,139,0,0,0,0,0,0,0,0,0,0,18,0,0,0,0,0,0,0,0,0,33,0,0,0,0,0,0,0,0,0,0,0,0,0,0,0,0,0,0,0,0,0,0,0,0,0,0,0,0,0,0,0,0,0,0,0,0,83,0,0,33,0,0,0,0,0,0,0,0,0,0,0,0,0,0,169,0,0,0,53,0,35,0,0,0,34,0,0,0,0,0,0,0,0,0,0,0,0,45,0,0,0,0,0,0,0,0,0,0,0,0,0,0,0,0,0,0,0,0,0,0,0,0,0,0,0,0,0,0,69,0,0,133,0,115,0,0,0,0,0,0,0,0,0,0,0,0,0,0,0,0,0,0,0,0,0,0,0,0,0,0,0,0,0,0,0,0,0,40,0,0,78,0,0,0,0,0,0,0,0,69,0,0,0,0,0,0,0,0,0,0,0,0,33,0,0,0,58,0,0,0,0,0,0,0,0,0,0,0,0,48,0,0,0,0,0,0,0,0,0,0,0,0,0,0,0,0,87,0,0,0,0,0,0,0,0,0,0,0,30,0,0,0,0,0,0,0,0,0,35,0,79,0,0,40,0,0,17,0,0,0,0,0,0,0,0,0,0,0,37,0,0,0,0,0,0,0,0,0,0,0,0,0,0,0,0,0,0,0,53,0,0,0,0,33,85,0,0,129,0,0,0,18,0,0,0,0,31,0,0,0,0,0,0,0,0,0,0,23,0,0,0,0,0,0,0,0,0,0,0,108,0,0,0,0,0,0,0,0,0,43,0,0,0,0,0,0,46,0,0,0,0,30,0,0,0,0,0,0,0,78,0,0,0,30,0,0,0,0,0,0,27,0,228,0,0,88,0,0,0,0,0,0,0,39,0,0,0,0,0,0,0,19,0,0,0,0,0,0,0,0,144,0,0,39,0,51,0,24,0,0,0,0,0,0,0,0,0,0,0,0,52,0,0,0,40,0,95,64,0,0,0,0,0,0,258,39,0,0,0,0,0,0,0,0,0,0,0,0,0,0,0,0,0,0,82,0,0,75,0,0,0,86,0,0,0,0,0,0,0,0,117,0,0,0,65,0,0,0,0,0,0,0,0,0,0,0,0,0,0
364,0,0,0,0,0,0,0,0,0,0,40,0,0,0,0,0,0,0,0,0,0,0,0,0,0,0,0,0,0,0,0,0,0,0,0,0,0,0,0,0,0,0,0,0,0,0,0,0,0,0,0,0,0,0,0,0,0,0,0,0,0,0,0,0,0,0,0,0,0,0,0,0,0,0,0,0,0,0,0,0,0,0,0,0,0,0,0,0,0,0,0,0,0,0,0,0,0,0,0,0,0,0,0,0,0,0,0,0,0,0,0,0,0,0,0,0,0,0,0,0,0,0,0,0,0,0,0,0,0,0,0,0,0,0,0,0,0,0,0,0,0,0,0,0,0,0,0,0,0,0,0,0,0,0,0,0,0,0,0,0,0,0,0,0,0,0,0,0,0,0,0,0,0,0,0,0,0,0,0,0,0,0,0,0,0,0,38,0,0,0,0,0,0,0,0,0,0,0,0,0,0,0,0,0,0,0,0,0,0,0,0,0,0,0,0,0,0,0,0,0,0,0,0,0,0,0,0,0,0,0,0,0,0,0,0,0,0,0,0,0,0,0,0,0,0,0,0,0,0,0,0,0,0,0,0,0,0,0,0,0,0,0,0,0,0,0,0,0,104,0,0,0,21,0,0,0,0,59,0,0,0,0,0,0,0,0,0,196,0,0,0,0,0,0,0,0,0,0,0,0,0,0,0,0,62,86,0,0,0,0,0,0,0,0,0,0,0,0,0,0,0,0,0,0,0,0,73,0,0,0,0,0,0,0,0,0,0,0,0,0,26,0,0,0,0,0,0,0,0,38,0,0,96,187,0,0,0,141,162,0,0,0,0,0,89,48,83,0,0,81,0,0,0,0,79,0,0,0,0,0,0,0,0,0,0,0,0,0,0,0,0,0,0,0,0,116,0,0,0,0,0,0,0,0,0,0,0,0,0,24,0,35,0,0,0,141,0,0,0,0,51,0,0,0,0,0,0,0,0,0,0,0,0,0,0,0,21,0,110,0,0,0,0,0,64,60,0,0,0,0,0,0,0,0,0,0,0,0,0,0,0,0,95,0,0,0,0,0,0,0,0,61,0,0,0,0,263,0,0,0,0,38,33,0,0,0,0,108,0,94,37,0,178,0,0,0,68,0,0,0,0,0,130,0,45,127,67,0,0,0,0,0,0,0,0,0,0,0,0,0,0,0,31,67,0,0,0,60,0,0,0,0,0,80,0,0,0,0,0,0,0,0,0,0,0,0,0,0,0,0,0,0,0,0,0,0,0,0,0,61,304,0,43,0,0,47,0,0,0,0,0,0,0,0,0,0,45,0,0,0,163,0,0,0,0,43,0,0,0,0,0,0,15,0,0,0,0,25,62,0,0,0,48,0,0,28,0,0,0,0,0,33,45,146,0,0,35,0,0,0,0,0,0,0,0,0,0,0,0,48,0,0,0,0,0,0,0,0,0,0,0,157,0,0,0,0,0,0,177,44,0,0,0,414,0,0,0,0,0,49,0,36,0,0,92,0,0,0,0,0,0,0,0,0,0,0,0,110,0,0,0,0,11,0,0,0,0,63,0,73,0,0,0,0,24,44,0,234,0,0,0,0,0,43,40,0,37,72,0,0,76,0,0,0,0,0,0,0,0,60,0,0,33,126,28,69,0,0,0,50,0,0,0,0,0,0,0,55,0,0,37,67,0,0,121,0,0,0,0,0,0,0,0,125,0,0,0,0,0,0,16,0,0,0,0,0,0,0,75,135,0,60,0,0,56,0,0,0,54,33,0,51,0,0,0,0,0,0,79,0,0,0,0,0,0,0,11,0,31,0,0,26,0,109,0,44,0,0,0,31,0,64,0,0,65,0,0,0,0,0,0,0,0,0,0,70,0,0,87,71,0,0,0,0,0,0,35,0,0,0,0,0,0,23,0,0,71,0,0,19,0,105,0,0,0,0,0,0,77,0,0,0,0,0,0,0,0,0,0,0,15,0,0,224,25,44,0,0,0,0,0,14,0,41,0,0,132,0,0,0,0,0,57,0,0,65,0,0,0,40,126,0,0,0,0,0,146,173,172,64,0,0,0,0,231,103,0,55,0,0,0,0,30,0,0,0,0,0,82,0,28,40,0,28,40,0,45,48,0,0,0,0,0,0,71,0,0,0,0,0,0,33,0,0,0,28,0,373,0,0,0,0,45,0,68,0,0,54,0,0,0,0,110,0,0,0,353,0,0,0,87,0,0,0,0,239,0,168,0,464,0,0,0,0,0,0,0,0,91,0,0,0,0,0,64,78,0,180,65,36,41,0,27,35,0,397,75,0,18,0,0,38,56,38,0,36,54,0,0,0,0,35,0,40,209,0,112,499,38,41,0,49,84,0,0,77,0,0,0,0,0,44,0,168,0,0,0,66,185,0,143,53,0,21,102,544,0,96,0,0,63,0,26,0,19,52,0,0,0,0,82,0,0,427,15,0,0,0,0,14,0,0,0,0,0,0,0,0,0,70,0,130,0,0,0,51,0,0,0,0,126,65,0,0,34,0,0,0,43,0,0,122,0,0,0,30,0,45,159,0,0,87,159,0,0,0,57,0,0,31,0,0,0,33,0,0,437,52,0,0,0,0,86,0,0,0,0,214,0,0,51,64,47,130,0,132,0,0,0,0,0,64,0,90,0,55,71,87,0,0,0,0,0,0,105,0,37,0,0,0,151,42,0,175,0,0,0,0,0,0,0,0,39,141,0,0,84,51,0,0,0,0,0,45,20,0,44,21,0,0,0,0,43,0,0,0,42,0,33,0,0,0,73,0,37,30,0,0,83,0,246,0,0,0,0,0,0,39,0,56,0,0,0,0,0,0,0,0,75,0,0,0,0,0,0,0,96,0,0,0,0,0,0,0,32,73,0,0,0,28,0,0,0,0,68,0,0,0,0,73,49,17,0,0,0,0,0,0,56,0,0,0,0,0,44,0,0,0,51,0,0,49,0,122,0,0,46,82,79,57,19,0,38,0,0,0,0,0,0,167,0,0,49,0,0,0,171,49,0,0,0,0,0,0,0,0,0,0,0,0,64,0,83,50,0,0,0,0,0,58,0,0,0,0,0,0,726,103,53,0,0,0,0,94,62,0,0,0,25,0,0,0,0,0,154,0,0,0,43,0,0,29,0,80,42,0,0,0,0,0,0,0,159,0,37,0,22,0,65,0,0,89,0,0,0,22,0,0,0,0,0,0,55,0,32,39,0,0,0,108,0,63,0,0,0,55,0,0,385,0,0,0,0,0,0,136,0,17,69,52,0,0,68,0,0,0,107,0,48,0,0,0,0,0,0,60,0,40,0,0,80,0,129,0,0,0,26,0,0,0,0,0,0,133,0,0,0,42,0,0,0,214,59,0,0,0,0,0,62,0,61,56,0,0,24,0,0,0,0,0,0,19,44,18,184,0,0,30,0,0,55,0,0,0,77,25,0,140,58,0,0,0,0,0,39,0,97,0,97,45,0,0,76,73,0,0,49,0,78,0,0,43,136,0,0,0,0,0,72,0,0,62,108,53,0,132,654,0,0,140,0,0,0,119,0,0,45,0,0,91,0,0,160,0,0,227,0,0,22,0,0,81,0,0,0,0,0,176,0,0,0,0,23,0,0,0,131,61,0,0,0,35,60,73,0,137,79,0,0,0,0,321,0,28,0,0,0,0,0,50,243,53,50,0,0,101,0,0,66,31,0,56,151,0,124,0,25,69,0,0,240,0,0,0,47,101,0,0,0,0,0,177,51,0,0,0,93,47,0,29,79,0,47,0,98,0,0,0,228,0,423,83,0,0,0,54,0,0,0,0,85,0,0,0,0,76,0,0,0,0,0,0,0,41,112,0,0,515,20,0,20,139,40,0,27,113,32,0,0,0,0,0,96,96,206,221,0,49,110,0,0,0,0,0,110,0,0,0,0,10,57,0,0,0,136,0,90,0,0,45,0,49,59,138,0,65,0,210,39,202,27,0,0,0,0,87,0,40,26,68,0,0,0,0,0,0,0,0,54,152,65,0,0,0,0,0,0,61,0,76,0,0,112,0,0,0,0,0,90,0,0,125,0,0,139,122,0,0,44,0,0,0,0,30,17,39,23,0,0,0,268,0,33,0,27,0,224,0,0,92,0,0,0,0,0,0,230,0,50,40,0,0,0,0,0,0,0,0,39,0,94,0,45,40,182,63,0,65,46,0,0,0,0,0,0,86,101,0,0,0,0,0,86,92,0,0,106,0,30,66,0,0,0,42,51,78,0,0,54,0,0,0,0,0,37,204,0,0,0,70,0,0,52,52,0,0,0,24,130,0,0,0,0,0,0,0,0,99,58,0,66,49,0,0,182,0,0,318,0,0,0,24,0,0,0,70,61,0,0,34,0,0,0,0,23,0,47,20,41,0,0,68,0,144,0,99,0,0,0,0,74,0,0,0,79,0,0,0,75,54,0,76,210,0,0,0,0,32,73,111,0,121,0,0,68,0,0,0,0,0,0,0,0,164,0,0,61,0,0,0,0,0,59,0,0,38,69,87,56,0,0,110,0,0,0,0,174,244,0,0,0,0,0,0,0,0,75,135,60,0,29,0,0,0,0,0,42,0,0,0,0,0,83,0,57,0,0,0,80,0,0,0,0,0,0,0,0,0,0,22,76,0,0,0,60,51,82,0,364,0,0,0,0,0,0,42,0,67,0,33,0,0,0,0,39,205,39,0,19,0,0,0,66,0,0,73,255,40,114,0,0,0,84,51,174,71,256,91,0,80,0,86,52,44,86,76,24,0,0,0,0,62,71,39,0,179,96,0,0,0,175,159,52,0,0,0,102,116,46,0,169,0,0,0,0,104,57,119,209,143,253,0,0,0,0,0,46,0,0,0,0,49,654,53,114,0,44,48,0,132,0,38,0,45,0,0,45,67,0,185,445,0,113,121,0,78,0,0,56,0,237,0,313,28,0,45,0,195,180,0,129,35,0,0,53,172,0,0,34,0,97,29,0,64,176,61,187,72,0,0,44,0,40,0,131,141,0,0,35,0,146,68,0,72,84,0,0,275,0,176,53,31,0,0,102,98,58,0,0,0,0,48,50,118,0,0,34,0,232,0,45,431,34,0,0,0,0,0,92,0,59,102,39,190,172,72,0,0,80,0,38,0,49,22,0,19,44,0,0,101,0,0,180,0,0,82,0,0,95,149,90,0,39,0,32,0,0,0,0,52,0,28,77,0,234,316,0,0,0,0,122,0,39,81,56,161,79,67,44,0,86,0,0,0,0,108,78,95,144,109,43,26,0,0,76,0,0,0,116,0,0,0,102,48,109,0,0,0,44,0,29,126,110,148,0,143,35,0,0,76,0,110,436,0,28,350,0,0,88,66,24,92,0,0,0,137,100,104,75,0,145,0,0,0,0,0,0,114,0,0,0,58,0,58,852,0,0,384,58,92,0,178,0,306,61,0,136,100,0,0,0,0,0,0,27,245,0,54,25,36,78,0,0,0,252,0,0,20,0,264,0,0,150,30,254,0,0,50,35,64,0,0,105,0,0,32,0,155,136,87,27,0,166,0,22,0,44,0,0,0,67,24,328,153,19,0,0,130,0,0,94,0,57,119,88,131,0,58,0,0,0,0,54,0,0,0,0,58,55,0,0,344,0,0,72,0,0,0,201,0,55,58,34,0,31,0,77,76,63,0,0,82,370,64,14,29,63,0,53,0,44,120,0,100,46,0,0,0,41,0,27,0,44,0,0,0,72,51,91,19,0,0,0,92,0,131,96,0,50,172,0,0,0,43,0,74,57,80,115,97,46,97,0,0,81,0,0,182,0,0,0,193,93,77,124,50,65,77,40,102,24,46,85,111,140,40,63,0,123,71,126,0,0,0,0,86,74,0,48,0,353,0,81,0,0,0,0,105,0,0,43,202,0,0,164,0,23,0,149,0,151,61,45,36,740,0,398,35,32,21,0,161,0,41,79,113,81,117,0,0,0,122,0,43,0,0,75,0,175,222,67,0,127,42,0,99,0,0,74,56,40,33,50,0,172,0,48,0,0,0,0,84,101,0,81,155,0,0,0,43,0,76,0,0,0,56,0,0,23,131,0,0,155,113,0,0,0,82,58,76,109,151,134,89,0,0,0,0,0,232,0,104,0,0,117,80,0,0,0,195,0,159,0,52,74,126,102,0,0,0,636,99,228,0,64,62,0,58,0,0,0,60,92,210,44,255,128,41,0,0,0,53,0,26,0,0,55,0,0,0,132,47,0,96,0,0,104,46,0,0,74,0,444,33,79,0,0,35,45,0,100,42,0,82,21,0,0,351,0,0,278,66,0,45,41,84,0,0,29,231,0,120,0,0,0,84,0,0,0,0,0,0,0,51,0,52,98,0,59,0,0,101,66,1515,96,130,0,60,185,29,73,0,78,100,84,43,173,164,62,89,79,0,0,67,55,0,171,40,0,95,85,90,74,33,58,46,167,0,59,0,48,0,67,264,0,307,40,0,275,0,0,57,70,0,0,50,515,0,0,48,209,0,0,146,0,0,0,0,108,0,82,59,82,100,93,0,401,0,241,9,52,0,102,32,0,0,62,0,186,0,0,53,28,132,188,0,0,142,0,183,69,28,0,0,53,31,0,378,47,0,0,75,63,0,54,0,0,51,49,69,0,78,0,0,89,0,0,50,56,0,227,0,0,0,388,0,0,23,0,0,0,0,0,256,0,0,64,288,23,43,50,0,0,63,84,46,0,136,402,0,0,0
365,0,0,57,38,66,147,181,0,209,32,340,91,84,38,252,420,569,48,30,36,502,86,177,224,252,43,51,73,0,0,0,68,0,103,182,343,0,145,469,249,91,57,0,392,0,102,135,689,0,325,147,212,145,49,501,53,55,0,68,0,309,194,556,0,112,382,55,57,65,418,0,124,84,36,604,221,0,622,113,308,46,69,305,305,140,116,0,131,145,555,114,104,213,317,87,43,0,107,74,0,89,102,387,72,61,76,58,255,79,637,136,133,292,478,98,118,129,86,0,313,64,632,74,70,90,69,68,175,86,255,49,594,50,343,248,436,223,110,88,356,154,278,859,23,58,92,69,127,160,0,64,93,132,219,179,49,278,91,296,386,119,32,269,71,258,164,85,237,182,467,434,82,100,35,118,0,87,317,93,111,556,0,107,94,60,40,980,351,0,48,0,250,129,401,55,292,87,61,190,51,148,401,73,914,69,130,41,114,387,163,300,69,116,102,410,140,195,34,50,444,595,107,33,490,29,0,163,395,0,246,61,55,33,59,0,100,126,443,82,53,236,54,62,119,0,158,31,136,0,92,194,562,173,453,157,139,0,37,217,415,319,252,116,0,43,62,512,319,879,52,66,392,561,165,222,194,48,1009,503,132,37,194,164,132,113,131,335,5570,81,191,178,531,48,61,150,33,115,166,195,78,98,167,86,26,529,595,344,58,273,202,949,230,0,0,86,154,446,171,91,90,109,34,122,525,257,147,157,50,65,789,23,123,187,254,105,0,53,62,64,0,242,0,103,254,96,57,40,285,1999,327,234,0,567,1104,54,121,132,533,488,150,151,281,0,270,585,857,444,176,67,403,214,163,110,160,390,317,0,0,353,198,67,57,98,224,1670,182,168,193,37,66,64,703,64,234,103,1146,138,198,397,43,76,542,39,92,222,54,70,131,71,346,0,113,41,0,39,354,206,543,390,107,261,126,70,226,301,219,132,451,77,0,0,127,57,322,41,83,162,83,368,52,48,516,259,579,236,390,362,94,202,57,0,482,26,213,43,90,82,0,136,224,85,558,350,78,108,118,101,66,98,109,110,469,249,116,136,321,714,441,228,360,87,349,318,313,0,0,134,291,455,419,204,80,461,72,118,362,329,332,75,0,443,79,1439,229,166,422,287,104,52,230,57,0,105,43,55,527,134,179,180,339,106,302,519,165,88,97,124,576,70,104,0,32,44,239,119,93,0,21,344,87,252,499,78,89,65,178,127,96,675,335,202,0,140,203,101,0,216,249,76,409,745,0,117,128,869,100,51,0,93,506,606,63,31,85,48,0,241,52,84,421,418,326,46,844,0,605,988,100,67,100,1458,0,145,39,53,30,341,47,149,73,117,202,105,125,608,242,513,121,125,33,51,833,700,313,80,258,230,0,158,72,102,0,63,140,115,132,181,0,466,628,54,85,172,49,0,186,162,0,0,71,0,505,0,74,554,54,200,88,560,711,86,46,178,1089,33,140,161,129,607,293,92,208,40,80,560,142,189,65,211,804,95,471,90,710,108,184,235,896,106,90,69,164,253,316,111,99,127,342,0,266,0,116,38,138,143,477,28,991,0,67,279,30,222,292,133,123,225,217,300,83,625,414,53,63,71,56,190,592,256,620,192,273,2039,623,764,327,234,0,0,282,153,84,88,411,28,55,70,698,295,641,111,3997,338,0,265,71,25,400,0,0,284,114,55,153,88,53,78,0,0,86,319,116,184,64,504,0,215,60,346,516,410,168,94,80,427,113,118,92,158,525,117,361,65,67,40,258,308,266,697,0,0,188,103,0,135,0,196,109,155,213,142,140,173,620,186,305,230,459,69,116,74,415,744,93,851,47,83,135,247,237,0,443,153,101,0,150,201,61,527,843,47,72,181,56,0,252,179,89,0,0,122,652,48,650,151,0,271,180,85,234,85,355,111,40,21,1626,698,142,1044,165,138,68,581,115,169,90,22,122,81,62,75,109,102,526,392,127,53,0,161,108,325,339,129,146,344,30,290,38,92,113,430,89,146,539,426,806,176,53,109,186,483,0,116,0,87,101,482,549,317,236,44,101,60,89,1098,314,200,396,0,216,283,156,78,90,211,226,55,55,199,130,85,83,39,155,134,162,255,241,0,99,168,0,183,53,291,49,132,98,166,321,28,133,391,86,0,126,146,773,113,120,97,235,121,518,184,49,292,156,922,60,151,43,492,337,77,0,1176,64,0,111,461,32,26,256,306,667,163,1471,59,3073,289,101,126,123,31,85,49,56,181,206,52,257,89,50,385,228,233,968,456,159,236,0,171,151,508,1301,568,198,205,84,56,163,79,126,24,843,349,105,50,76,251,102,84,98,516,0,479,2727,116,227,114,444,295,90,109,322,376,267,81,180,0,188,167,811,0,287,294,365,255,0,990,141,158,146,838,1818,343,816,49,248,137,91,523,40,133,74,66,69,68,0,268,0,141,1544,92,49,77,285,73,168,270,85,305,228,61,58,136,0,82,332,104,425,0,84,170,171,98,15,199,132,460,213,463,77,210,1510,163,0,1031,151,348,568,97,130,0,93,293,226,698,0,35,342,1417,64,113,0,244,303,43,69,59,129,51,111,78,107,638,225,183,173,165,115,198,486,0,65,122,577,154,84,151,475,281,668,180,487,43,342,209,376,21,101,140,296,33,323,592,425,97,132,66,0,72,177,634,728,189,89,347,61,1282,292,0,414,103,75,152,37,80,0,51,124,129,607,41,153,295,172,44,1326,77,64,181,297,78,143,269,58,241,252,54,62,191,0,102,60,128,35,330,0,0,91,280,113,138,80,48,26,133,124,536,58,137,166,67,231,53,329,50,83,48,156,69,251,0,456,36,81,283,41,226,125,130,188,50,40,157,110,344,821,495,0,78,32,71,747,163,81,61,312,245,94,97,186,151,0,115,294,0,290,216,110,235,0,18,174,196,94,325,80,599,228,37,62,447,132,229,350,289,147,37,177,66,298,95,68,535,527,253,380,51,36,4024,107,541,0,267,265,113,1325,34,139,286,79,201,90,409,52,66,61,84,198,64,84,588,62,36,83,604,84,123,37,473,243,82,33,45,90,163,138,78,144,442,54,0,143,1934,751,146,975,90,145,240,368,196,66,176,80,938,111,90,155,113,62,1041,59,413,257,1451,0,892,467,0,454,144,0,42,54,64,581,177,67,268,203,406,145,786,48,471,50,97,659,31,161,304,205,191,451,91,99,81,164,120,273,76,321,555,44,987,511,120,305,438,160,0,402,82,35,1297,0,41,369,0,100,60,369,52,311,376,282,179,92,409,200,276,202,238,0,443,254,68,120,293,127,320,118,112,192,423,0,238,359,400,548,194,78,86,56,565,86,101,83,843,717,350,348,110,205,156,53,59,700,69,234,505,113,0,144,402,0,72,181,60,46,110,0,46,246,413,121,0,65,199,113,192,0,154,304,61,136,431,0,64,0,161,266,42,145,182,78,0,71,0,49,263,47,320,0,494,360,50,51,362,508,75,41,130,127,266,0,84,119,1141,0,517,55,59,184,261,30,130,129,743,219,117,285,1389,0,0,400,284,69,187,363,460,0,187,193,282,118,126,22,188,34,144,1382,0,158,140,53,91,309,75,79,127,153,55,310,63,134,0,0,64,205,0,91,371,804,105,0,102,231,124,168,43,324,146,81,109,153,104,836,89,132,87,62,86,140,40,530,316,129,223,175,93,212,64,41,151,123,173,271,272,81,323,401,163,148,66,162,511,43,0,182,122,385,46,158,0,0,0,1027,155,94,122,0,651,234,275,60,320,76,333,53,988,0,38,43,366,115,746,294,296,85,51,171,274,86,176,74,278,84,188,122,250,323,40,235,16,196,77,173,40,359,418,0,0,480,105,0,74,271,95,53,93,377,67,96,53,0,92,49,211,79,580,408,127,254,248,0,113,150,0,106,420,0,37,94,24,63,399,0,26,123,785,75,643,0,85,70,43,692,690,299,290,80,110,868,191,1389,49,68,57,363,0,502,139,156,163,225,94,0,171,40,57,0,76,58,130,1203,202,71,39,0,0,42,111,360,0,726,0,256,259,26,105,93,116,0,748,234,45,323,83,72,208,173,231,76,252,187,91,96,0,63,165,153,0,285,29,58,339,34,177,76,197,149,648,443,71,477,173,86,68,69,89,367,620,200,232,242,60,113,146,0,106,71,52,128,151,32,197,178,433,291,462,198,128,100,125,50,41,34,168,53,179,252,572,197,94,134,102,73,1138,208,157,208,390,29,1126,218,56,106,124,399,226,161,0,425,94,193,56,119,43,157,205,395,90,96,38,410,227,276,407,563,212,43,0,198,403,35,0,240,218,52,20,73,122,329,445,175,137,140,35,27,1437,116,76,876,230,78,12,63,144,90,23,532,271,651,0,220,66,78,32,44,379,90,294,243,126,201,267,211,241,1019,296,202,0,62,194,423,549,265,82,178,479,0,41,428,251,383,0,495,252,128,68,0,48,163,743,717,397,617,104,52,142,71,39,63,201,64,0,219,0,303,0,95,553,95,59,0,0,169,190,0,88,337,129,474,260,44,98,649,84,41,44,49,539,1285,53,150,43,147,97,43,344,166,436,716,212,251,323,311,38,77,0,61,198,230,341,0,104,43,182,319,185,205,0,43,328,0,238,21,353,49,129,0,146,35,0,233,361,36,27,132,928,189,268,0,2156,0,110,0,0,0,0,499,137,186,390,1173,68,0,175,60,41,284,174,108,82,80,224,79,229,226,58,337,608,122,179,117,86,0,78,221,267,219,511,180,0,734,218,382,147,155,239,145,68,66,99,201,53,169,182,150,224,408,263,81,74,48,394,455,105,0,146,57,249,310,181,272,111,81,44,187,0,168,148,163,882,304,878,215,0,80,61,66,217,175,98,45,264,223,1020,191,341,291,243,382,75,228,0,88,138,132,202,21,142,124,78,1000,681,55,159,388,61,148,0,65,151,95,553,222,715,140,172,249,141,949,384,0,280,237,68,151,171,413,141,286,188,0,219,145,57,230,414,169,486,333,59,79,372,130,159,0,301,265,0,458,55,0,434,265,129,104,416,53,0,1690,33,568,81,144,127,81,256,537,79,60,92,72,135,118,158,395,74,152,51,86,1403,110,189,912,137,157,0,117,180,57,139,52,121,372,363,701,265,291,40,56,169,227,161,176,236,68,37,147,179,169,0,458,133,127,598,0,0,337,205,50,465,242,584,50,134,270,114,86,31,0,77,409,73,260,266,110,508,770,61,75,0,74,533,0,388,469,251,490,196,459,171,146,334,48,200,244,83,249,252,508,755,399,287,80,36,346,249,74,47,108,323,90,117,202,322,125,1604,73,0,129,262,58,123,663,133,812,200,268,63,107,0,400,48,543,1118,478,115,729,0,0,351,102,308,192,94,0,50,81,196,301,264,47,721,196,0,29,0,69,54,344,185,60,90,130,36,237,2383,54,52,1737,133,107,0,594,92,692,248,0,428,224,46,58,297,0,46,326,95,1167,193,245,116,0,183,47,41,65,1561,245,71,52,0,1053,45,223,477,264,490,78,0,145,120,302,97,0,649,0,123,102,79,983,332,442,393,218,972,89,78,50,97,107,124,78,498,69,2094,441,81,69,76,209,169,96,419,111,168,452,386,386,106,212,99,178,101,48,195,111,68,0,89,263,323,225,70,1095,86,0,468,67,0,254,593,0,243,172,603,114,104,0,219,161,287,0,64,236,2287,209,31,97,324,84,83,60,123,419,35,401,283,77,125,109,312,744,78,49,77,47,87,99,111,236,226,87,103,133,0,230,199,297,473,51,97,483,0,95,243,96,211,262,185,641,630,220,77,377,46,104,349,124,253,1767,168,33,0,543,255,244,254,123,249,229,102,319,60,166,1449,231,558,133,378,332,385,431,333,31,272,91,86,482,154,199,152,0,1026,129,172,0,67,92,0,940,28,72,106,1813,28,106,543,172,178,169,589,0,252,554,83,128,1646,171,982,126,555,67,125,736,112,129,209,225,286,154,63,72,280,200,56,381,270,56,162,0,348,462,364,30,478,221,44,318,0,50,198,224,218,91,87,308,493,67,133,0,33,193,44,329,582,113,205,452,24,62,75,244,431,560,70,52,211,536,43,93,185,275,99,0,196,307,109,77,677,172,151,365,488,485,501,215,0,120,46,0,0,413,0,159,107,0,216,340,93,76,36,772,38,331,234,378,157,220,252,246,0,48,1150,305,777,81,322,225,0,122,87,70,149,175,665,435,98,710,304,582,33,165,48,304,169,90,104,64,108,130,87,110,774,397,79,281,60,63,295,328,0,0,167,109,990,266,108,0,42,121,128,269,221,310,171,417,95,155,295,819,61,87,812,189,286,137,151,296,52,0,81,464,0,156,0,202,121,163,166,45,132,407,89,100,107,136,211,110,421,54,120,0,124,283,998,2717,198,187,203,446,480,135,323,65,312,144,191,115,322,314,352,280,173,120,0,225,274,0,624,397,0,129,318,242,876,109,360,100,345,88,91,30,94,89,249,751,50,2516,338,0,799,38,0,181,239,56,162,182,1556,0,33,156,659,35,0,315,116,0,235,51,305,87,402,370,253,1324,227,49,605,141,395,88,521,0,302,213,59,61,547,102,374,60,45,262,69,408,378,83,122,394,146,937,683,179,67,186,97,0,21,1600,533,37,48,173,317,137,128,34,88,113,77,167,126,212,71,0,296,43,32,624,256,137,428,94,126,35,1581,46,60,47,34,0,55,0,206,386,0,124,290,666,83,300,119,42,94,190,141,118,44,231,1452,130,89,164
366,0,0,99,152,140,283,314,0,300,44,1168,136,88,52,584,1111,864,73,205,75,802,187,227,385,425,79,101,241,91,108,62,291,25,134,582,377,0,272,648,360,177,156,72,1008,0,237,160,997,0,869,177,550,471,85,595,136,78,0,146,22,331,193,740,72,140,661,83,68,94,1384,0,221,76,76,567,297,0,1212,82,451,72,158,679,555,291,195,83,235,151,734,172,146,223,498,111,148,25,128,133,0,86,169,408,100,77,245,101,336,357,732,198,316,373,871,160,196,476,191,120,735,65,923,224,114,115,135,143,209,137,396,0,919,75,301,555,623,232,249,156,316,288,307,1543,0,71,192,117,186,328,53,103,382,142,455,340,74,264,152,412,532,175,34,558,266,408,179,165,353,751,738,459,136,339,119,123,136,195,622,305,100,863,74,106,113,207,182,1721,855,44,45,44,401,335,545,101,462,126,86,480,78,260,357,98,1266,77,176,122,89,364,328,269,190,222,129,235,329,319,72,93,663,713,111,0,897,0,0,414,1521,58,413,80,99,125,66,0,100,394,1015,139,91,298,110,289,152,42,330,0,147,46,150,181,860,327,764,169,295,0,133,268,1051,447,142,164,158,100,77,1373,492,1017,165,76,804,1060,241,212,470,109,2973,1242,283,59,324,632,239,207,135,1171,6929,354,211,152,548,62,63,144,107,306,208,144,178,0,254,154,63,1001,823,830,95,272,209,1390,349,26,54,260,278,433,246,144,182,103,79,206,714,284,138,464,0,126,1155,0,312,270,392,226,78,70,102,195,60,308,67,376,330,163,56,45,323,3456,886,260,107,897,1107,51,264,288,1147,819,375,299,418,91,482,797,2097,494,82,62,623,143,241,114,209,431,276,0,0,397,185,156,169,169,162,3057,280,328,268,109,105,145,1521,120,201,117,1291,157,445,718,53,102,525,40,99,431,207,145,203,98,309,0,240,121,0,77,739,257,861,503,69,488,309,112,374,317,370,128,294,144,0,87,230,109,447,106,90,310,102,447,0,74,1118,326,650,509,1184,220,111,119,117,0,337,58,385,48,175,153,36,60,649,81,280,659,142,181,97,136,92,68,138,129,1222,314,302,79,504,841,436,370,474,171,627,845,364,61,41,252,666,1182,379,285,130,852,183,257,360,332,778,125,0,407,173,2534,143,459,545,443,148,44,196,127,92,127,86,99,605,264,163,221,323,214,606,1141,280,0,163,238,1239,66,174,77,0,51,267,214,118,50,0,327,84,421,842,116,85,49,487,104,280,657,511,373,60,340,174,140,64,148,219,174,880,888,0,124,150,777,284,0,60,176,591,740,154,53,68,148,26,822,92,198,429,580,295,48,1306,79,555,1051,274,104,161,2036,0,397,99,64,68,180,70,267,73,77,216,129,140,737,157,338,149,137,60,137,969,1026,395,118,218,211,0,135,61,108,25,123,131,107,212,117,24,625,431,86,131,122,0,128,191,290,119,0,97,15,642,56,99,1125,46,246,53,597,540,156,70,327,1297,29,312,183,228,483,174,156,266,0,95,399,307,267,136,346,596,130,368,133,545,202,278,268,480,157,142,119,361,177,683,111,145,207,471,28,418,95,158,73,191,147,447,121,913,0,63,285,86,396,201,175,137,187,292,232,111,663,552,47,75,57,0,259,797,202,730,180,371,3775,472,1192,429,356,0,0,282,311,82,101,336,0,38,166,1217,288,854,242,4409,356,0,407,43,70,306,0,131,196,96,74,256,95,0,154,38,107,78,241,142,215,52,513,0,245,65,345,585,517,154,93,138,1010,105,107,153,191,598,118,513,89,67,49,527,302,296,906,0,0,143,183,49,130,18,319,157,121,222,145,188,156,809,304,558,326,287,81,131,91,483,328,123,621,82,129,154,191,463,92,862,91,113,62,213,195,69,292,642,54,55,119,0,57,308,267,78,47,0,155,737,107,673,200,0,344,110,135,426,88,412,135,71,39,1387,720,176,1101,61,208,109,705,168,351,141,0,171,111,70,140,71,96,711,594,146,75,0,127,203,305,560,94,98,407,31,414,0,110,158,529,84,442,571,496,1007,74,141,293,313,617,0,214,0,105,151,671,681,861,334,133,164,150,123,1340,354,238,318,70,411,389,193,125,86,334,447,48,94,265,171,127,113,91,167,120,285,190,466,68,121,408,70,402,67,434,67,193,218,276,308,0,219,505,160,49,250,120,1264,102,163,172,262,402,675,289,121,393,240,1844,89,205,61,1101,448,150,0,947,201,0,203,502,88,53,257,296,1309,196,1558,51,3142,408,118,159,195,105,46,65,39,210,212,126,654,126,103,997,154,232,1202,336,118,162,0,450,116,843,1875,836,386,357,55,112,186,183,182,0,1427,252,248,32,49,362,126,132,186,616,46,411,3613,239,345,153,530,321,280,227,585,845,308,63,312,0,316,257,1317,0,313,658,327,569,0,902,262,163,422,978,1847,724,1229,80,629,313,179,911,79,128,159,193,55,142,0,273,0,237,1574,89,74,81,283,139,163,714,140,379,174,154,132,201,58,130,249,158,526,0,107,274,240,180,0,282,205,598,402,954,141,149,2300,228,60,950,135,352,740,246,265,0,111,509,265,631,0,47,678,1001,48,103,128,348,530,0,206,55,118,145,112,106,185,1125,240,189,232,285,522,464,624,48,205,187,719,234,126,226,692,892,696,175,560,96,855,157,321,48,184,293,959,61,243,657,645,101,239,91,0,106,308,1024,1765,211,99,442,115,978,279,0,701,283,111,156,71,93,65,99,121,239,429,54,173,469,103,48,2909,121,72,158,453,102,135,185,99,233,336,114,94,174,74,63,166,74,48,440,57,0,138,318,238,154,186,0,43,200,64,375,128,230,245,75,310,60,243,55,96,39,159,76,296,20,271,72,110,259,59,266,247,103,285,64,0,156,56,516,428,552,53,122,0,133,577,282,122,68,671,158,179,73,186,166,59,89,273,0,291,181,125,187,30,48,223,134,81,268,131,1266,358,0,47,343,138,145,506,528,101,48,400,42,337,116,58,317,411,124,977,100,50,3875,117,677,0,221,158,96,1385,0,205,262,148,298,0,429,214,45,0,68,194,0,105,387,107,52,64,696,71,224,59,399,401,129,0,87,142,169,95,167,262,466,78,0,85,3319,963,88,821,115,150,380,666,120,109,239,117,905,230,67,161,226,0,866,85,310,417,1329,33,736,415,0,630,89,0,100,89,70,522,158,145,333,353,538,104,464,67,524,46,121,403,20,209,342,178,142,322,127,83,112,249,162,316,151,264,603,85,724,554,171,288,587,257,129,521,116,35,786,0,0,333,23,96,69,589,81,203,443,185,397,69,459,126,567,284,400,0,427,554,73,153,228,134,381,134,177,157,353,75,384,294,193,445,242,127,71,99,420,121,259,104,813,680,158,415,153,180,177,29,130,351,142,306,561,127,24,142,384,88,121,183,164,61,173,49,0,220,712,247,30,95,223,189,480,0,196,255,127,72,584,0,96,0,284,193,79,316,212,157,57,153,0,81,499,81,338,0,496,362,121,65,394,656,126,128,497,214,301,31,101,120,878,0,490,87,145,239,289,61,144,272,908,202,169,361,2395,32,0,275,289,60,222,438,821,61,206,206,135,251,62,52,474,0,117,1413,0,344,201,114,117,307,82,170,153,222,59,707,106,129,0,69,104,309,0,130,602,770,150,83,143,248,108,184,56,458,344,111,113,70,126,1042,163,191,169,109,104,225,85,435,787,291,418,183,101,254,71,0,143,254,295,280,556,132,468,625,263,188,148,281,1045,91,62,188,200,796,73,196,32,42,61,1454,135,118,173,78,938,232,292,151,429,82,383,86,953,0,85,59,1306,129,1329,384,240,84,97,321,404,129,237,126,303,119,251,253,310,492,68,260,67,245,148,179,66,358,649,0,0,1080,107,37,72,460,318,59,137,462,259,101,91,63,153,110,433,197,715,2129,260,325,276,27,130,198,60,270,736,0,63,121,36,83,442,51,92,215,719,111,671,69,124,134,77,529,620,453,401,112,134,845,230,1248,50,76,0,544,73,526,166,222,202,313,121,68,173,71,120,46,229,66,161,1505,260,153,48,0,0,90,115,478,29,1255,57,263,257,0,101,103,169,0,625,391,68,412,96,140,181,191,194,65,440,218,200,69,0,271,293,263,63,292,35,46,1440,30,236,83,316,205,1091,592,126,701,194,152,69,0,146,212,751,311,279,408,96,156,185,41,83,69,83,164,175,0,104,148,305,272,578,360,141,128,354,52,63,0,261,130,262,326,957,160,167,116,133,197,1113,310,154,276,984,41,1068,284,44,64,198,438,284,92,0,585,86,209,93,107,61,322,319,848,76,78,62,583,212,339,423,438,364,44,61,198,722,0,0,242,188,77,0,150,109,666,532,143,295,270,0,26,1324,94,144,861,170,62,28,141,171,170,0,660,506,688,0,306,107,180,51,55,541,115,342,287,104,309,344,285,260,1750,406,339,34,106,199,333,801,281,300,200,945,81,78,443,246,718,60,578,389,141,75,53,119,132,1026,592,473,950,105,68,352,103,55,108,217,66,83,222,0,543,18,86,635,119,59,58,21,151,326,134,145,424,149,635,300,74,87,1109,90,64,61,70,1060,2303,75,254,54,219,115,0,444,147,653,843,318,273,296,517,32,125,0,0,521,286,535,0,122,62,326,347,292,248,38,91,283,45,385,42,564,86,208,28,258,38,85,299,539,39,42,233,639,307,319,61,2178,43,87,31,35,0,29,690,215,316,335,1301,69,0,175,0,43,317,287,199,100,155,444,107,348,147,96,335,726,107,326,49,139,82,214,151,484,265,947,190,59,1041,237,316,164,198,204,247,94,64,57,112,58,110,168,302,152,471,437,85,50,83,485,277,239,0,132,61,298,444,159,178,256,61,0,160,0,171,243,222,787,582,1617,138,0,75,43,40,222,344,51,70,303,476,1251,201,481,264,308,633,122,423,0,144,199,111,147,47,100,203,56,599,1088,50,186,208,67,118,0,63,198,125,418,167,721,249,136,286,179,886,507,0,435,166,147,112,189,462,58,291,203,38,263,174,58,365,509,177,678,259,77,157,446,113,265,80,278,262,0,319,88,28,462,343,136,161,197,93,50,1877,37,487,195,97,0,63,310,551,90,40,83,53,153,94,101,447,55,87,50,82,1338,226,191,1147,243,153,0,119,154,74,199,52,162,310,286,574,350,186,43,54,253,209,128,125,218,48,65,86,179,140,29,321,124,110,1061,56,0,281,357,63,401,223,439,36,142,224,149,100,52,0,42,428,30,313,515,91,457,617,49,98,0,70,454,56,293,450,299,591,180,657,163,77,209,51,295,258,77,205,270,550,525,344,353,84,0,285,195,125,0,119,354,71,114,201,364,214,2594,185,25,142,244,52,372,588,257,1079,122,225,102,97,0,326,0,330,766,367,103,975,41,28,265,148,209,250,89,0,0,262,286,184,231,52,769,377,0,0,0,32,0,303,91,0,65,148,32,182,1004,47,52,1326,274,254,34,476,35,525,265,41,177,150,0,0,177,38,0,268,68,516,159,231,114,95,118,48,0,37,1105,205,63,0,39,658,39,293,264,222,337,31,0,146,296,101,58,0,495,0,116,174,111,499,43,600,392,220,503,34,0,49,171,43,118,74,265,0,1841,665,124,27,47,167,37,75,218,129,164,444,391,348,95,136,99,77,124,63,167,33,0,0,94,369,248,123,46,939,72,0,373,41,0,122,675,0,105,305,305,98,67,0,136,145,113,34,35,316,1567,129,0,70,124,0,105,0,218,668,0,226,299,120,109,66,206,359,108,0,61,0,51,79,97,166,342,57,177,153,0,162,152,181,264,45,99,736,0,59,210,74,161,229,111,600,363,406,98,310,0,128,142,137,294,977,191,42,0,118,192,221,242,67,347,466,197,259,82,108,1308,165,777,151,267,217,478,257,453,0,152,81,75,467,199,137,48,35,1404,142,319,0,89,99,0,669,30,48,133,997,0,112,576,191,140,107,435,29,300,654,160,190,1242,111,749,248,441,71,96,750,81,116,225,458,68,249,0,84,141,256,46,172,178,120,299,65,439,468,360,63,232,218,0,289,0,0,80,173,114,99,76,210,619,60,217,0,39,142,0,239,728,34,197,428,42,58,59,134,462,440,0,52,126,117,97,109,144,276,77,0,268,206,49,114,808,104,136,213,438,364,417,361,0,138,45,0,64,361,0,139,77,0,96,148,71,84,0,522,0,196,246,280,305,190,247,487,0,0,1053,199,585,84,281,138,31,124,90,0,193,187,780,427,82,287,225,606,48,133,51,238,131,64,61,136,60,122,127,111,588,397,123,147,42,29,215,166,0,0,92,55,898,200,233,0,56,60,139,287,140,127,150,236,86,209,480,793,55,74,859,169,385,37,127,192,60,0,65,438,0,142,0,193,78,151,103,77,70,242,118,88,105,117,224,100,264,40,211,0,128,257,1254,1756,101,168,218,283,336,94,392,55,323,159,157,92,269,554,261,236,124,102,0,329,169,0,359,105,49,89,311,170,905,128,309,63,337,112,85,50,195,64,88,556,0,2362,465,0,724,0,0,120,94,49,243,162,1163,27,0,54,451,0,0,484,40,0,174,0,225,57,163,219,202,1912,324,0,856,108,210,94,482,0,224,182,82,70,341,93,701,49,58,216,70,271,427,47,109,328,135,1167,682,115,103,166,73,81,29,1374,387,40,34,234,90,108,81,0,172,58,44,151,177,268,98,0,206,0,0,798,206,88,356,50,208,0,1605,50,57,43,0,0,43,0,203,599,20,140,290,452,63,291,103,48,50,154,164,138,43,174,795,178,75,127
367,0,0,0,17,33,0,0,0,72,0,73,0,0,0,56,236,0,0,30,0,94,0,0,29,96,0,0,0,0,23,0,0,0,0,80,164,0,48,250,98,0,43,0,119,0,0,0,203,0,0,0,44,45,0,159,0,0,0,0,0,69,80,111,0,0,0,0,0,0,73,0,0,0,0,150,0,0,46,0,69,0,0,65,0,0,0,0,0,0,168,0,0,64,72,0,0,0,0,17,0,0,0,59,0,0,0,39,58,58,42,0,0,122,0,43,0,61,0,0,0,0,344,0,0,0,26,0,0,0,99,0,349,0,65,0,105,53,0,0,74,53,92,257,0,0,0,0,34,0,0,34,0,0,101,95,0,0,0,67,228,23,0,32,0,0,0,0,77,0,114,96,0,24,0,0,0,0,101,0,0,133,0,0,0,0,0,0,62,0,0,0,0,0,0,0,0,0,0,62,0,41,101,0,104,0,0,0,0,102,24,62,0,0,0,67,0,27,0,0,0,57,48,0,312,0,0,123,297,0,51,0,0,0,0,0,0,0,230,0,0,78,31,23,38,0,0,0,0,0,0,0,284,0,0,0,0,0,0,0,160,45,54,0,0,0,0,50,31,224,0,0,0,236,0,0,0,0,197,94,78,0,0,61,40,0,0,83,988,66,0,0,119,0,0,65,0,41,0,19,0,0,0,0,0,178,60,87,0,56,55,88,64,0,0,55,35,123,0,0,0,0,20,24,123,0,0,0,0,0,82,0,0,0,0,39,0,0,0,0,0,0,0,82,0,0,0,0,46,669,116,42,0,47,129,0,0,0,152,134,0,60,114,0,74,0,242,45,27,41,38,0,40,53,44,0,0,0,0,139,0,0,0,0,28,23,13,0,0,0,0,0,281,0,28,0,390,0,33,110,0,0,0,0,0,0,57,0,0,0,177,0,0,0,0,0,0,71,59,131,0,68,0,0,25,51,28,66,51,0,0,0,0,0,141,0,21,0,0,0,0,0,0,60,146,0,304,64,0,0,0,0,123,0,66,0,0,0,0,0,80,0,61,99,0,0,0,48,0,0,0,0,288,0,38,0,39,53,143,0,0,0,46,110,68,0,0,0,30,101,38,0,0,163,0,0,192,0,0,0,0,116,0,544,82,39,0,0,23,0,62,0,0,0,0,0,101,0,0,118,69,0,105,0,0,0,0,0,104,0,0,0,0,0,17,0,0,0,0,112,0,0,65,0,0,0,72,57,77,144,0,0,0,0,0,42,0,0,18,40,85,62,0,0,47,122,0,0,0,0,90,34,0,0,0,0,0,76,0,41,58,0,83,0,97,0,167,145,103,0,0,514,0,0,0,0,0,43,0,49,0,0,40,0,0,73,0,73,28,0,0,0,212,252,60,0,0,72,0,19,0,0,0,0,0,0,19,0,0,73,130,0,0,47,0,0,41,39,0,0,0,0,127,0,0,115,0,43,0,151,87,0,0,0,439,0,0,0,36,80,59,0,0,0,0,52,0,0,0,0,56,0,36,0,102,0,0,0,27,0,0,0,0,0,61,0,0,0,136,0,146,0,58,0,0,0,64,0,88,0,0,45,0,55,49,0,0,0,0,0,0,216,77,0,0,0,0,0,41,0,36,44,0,94,84,36,0,0,0,0,0,0,0,0,59,0,0,0,56,0,74,0,111,55,0,73,0,0,0,0,0,0,0,0,54,0,0,0,0,0,0,0,0,38,0,0,0,50,0,63,160,71,0,0,0,40,0,0,0,0,0,0,0,0,0,0,99,51,0,163,0,0,0,0,0,0,0,0,0,0,68,22,0,0,166,0,155,0,21,0,0,0,105,96,0,99,0,0,0,32,71,0,118,0,0,0,0,52,0,103,143,0,0,0,0,0,66,0,0,0,0,0,176,0,0,0,0,91,0,0,68,0,60,0,0,0,90,163,0,208,0,0,0,38,0,52,0,0,0,0,0,0,0,0,104,55,0,16,0,0,0,47,0,0,33,73,0,71,0,0,44,84,0,60,54,0,64,0,0,0,59,95,0,46,0,0,0,225,222,105,69,0,0,39,30,419,134,0,108,0,82,117,0,42,0,52,0,0,0,46,34,0,0,0,0,0,0,0,153,0,0,112,0,44,0,86,0,0,42,38,0,0,0,272,53,0,73,0,244,0,0,0,0,37,0,57,0,135,69,100,0,47,0,153,0,49,0,95,0,0,0,80,0,0,67,0,214,0,805,0,457,131,0,0,0,0,0,0,0,40,0,0,110,0,0,137,0,0,270,148,0,58,0,92,0,140,415,262,0,82,0,0,0,38,31,0,133,0,64,0,0,85,0,0,71,111,0,90,643,0,0,36,53,0,85,0,121,0,0,0,44,0,46,0,162,0,64,0,0,162,0,170,53,0,0,242,664,89,64,0,160,38,0,66,0,0,0,0,0,0,0,0,0,0,338,0,0,26,47,0,0,0,52,125,69,0,0,66,0,0,0,39,69,0,0,0,53,0,0,36,60,207,69,247,0,0,171,64,0,239,0,57,137,0,43,0,24,64,0,115,0,0,135,170,0,0,0,125,83,0,24,0,26,0,0,0,41,295,42,0,60,68,0,71,130,0,0,0,135,27,36,0,210,123,104,101,0,0,115,0,0,0,0,51,85,0,0,62,95,0,24,22,0,0,34,146,346,0,0,156,32,200,0,0,159,0,0,0,0,20,0,39,34,0,48,0,0,0,0,0,190,0,0,83,88,0,0,0,0,0,0,0,0,0,0,0,0,0,0,33,0,0,24,82,0,0,0,0,0,0,0,0,0,0,0,0,0,0,0,0,0,0,0,0,44,0,0,0,0,0,0,0,32,0,0,0,0,0,0,89,35,111,0,0,0,0,49,0,0,0,74,0,0,0,0,0,0,0,0,0,0,0,29,0,0,0,45,0,0,28,0,0,0,0,0,0,0,0,74,0,9,0,0,0,0,0,0,62,52,0,108,0,0,901,0,0,0,0,0,0,176,0,0,39,0,0,0,0,0,0,0,40,0,0,0,53,0,0,0,0,0,0,0,0,0,0,0,0,0,0,0,0,0,63,0,0,0,249,59,0,0,0,0,37,0,0,0,0,0,98,0,0,0,0,0,216,0,0,0,57,0,302,58,0,120,0,0,0,0,0,125,61,0,0,0,93,0,0,0,24,0,0,33,0,0,25,0,0,0,34,0,0,59,40,76,0,0,0,0,0,30,0,0,50,0,0,81,0,0,0,0,0,44,0,0,0,0,0,0,36,0,0,0,0,0,0,72,0,0,44,33,0,0,0,29,0,0,0,0,35,0,0,0,39,0,0,34,0,0,0,0,0,0,52,0,0,0,0,0,0,0,0,0,0,0,222,0,0,0,69,0,0,0,0,0,34,0,0,71,0,0,0,0,0,0,93,0,0,22,0,21,27,0,0,0,0,37,0,86,0,23,0,0,0,0,17,0,48,0,0,0,0,0,48,106,0,0,0,0,0,0,0,0,357,0,0,0,0,43,0,0,0,0,0,0,0,0,217,0,0,0,0,0,0,65,86,0,0,0,75,25,23,0,63,0,0,453,0,0,35,15,0,74,0,0,0,0,28,0,0,0,0,0,0,0,0,0,76,71,0,0,0,0,0,0,0,45,0,0,0,0,0,99,0,0,0,0,0,0,0,209,18,0,76,0,0,0,0,0,0,0,44,0,45,0,30,0,0,0,0,41,0,0,0,0,0,0,0,0,0,0,0,44,0,0,0,0,0,0,42,0,0,0,0,0,107,0,0,0,111,0,170,68,0,0,0,35,0,0,0,0,0,0,28,0,44,57,0,41,0,0,0,34,0,69,55,0,0,52,0,0,0,0,0,0,0,0,0,0,0,0,0,0,0,0,99,0,0,28,40,0,0,0,0,0,0,0,0,0,0,0,30,0,0,0,78,0,202,0,0,0,0,83,119,35,0,0,0,134,0,67,0,0,0,0,0,34,0,0,0,37,0,0,0,0,0,0,0,0,0,61,27,0,0,0,0,0,36,89,0,87,0,33,0,0,0,0,0,0,84,105,0,0,0,0,0,56,0,0,0,0,0,0,0,0,48,0,0,33,0,0,77,0,59,0,67,54,84,114,0,46,47,0,0,0,25,20,0,79,28,70,0,0,0,0,0,0,0,0,0,0,0,0,0,0,44,43,73,0,0,22,0,0,0,0,0,0,100,0,0,0,0,0,104,0,0,0,60,0,66,39,0,0,32,37,44,43,0,178,0,0,0,0,0,0,34,96,0,0,0,31,60,0,34,84,0,0,0,33,96,0,0,55,33,0,0,0,0,107,116,0,53,0,0,0,96,0,0,218,0,0,0,0,36,0,0,37,92,0,0,0,0,0,0,0,40,0,62,121,0,71,0,0,79,161,90,54,0,0,0,35,0,0,0,0,43,0,0,76,45,112,0,87,59,0,0,0,0,0,52,132,97,82,42,0,0,0,0,0,0,0,0,33,0,99,0,0,0,0,0,0,0,0,52,0,22,40,0,50,117,0,0,178,0,0,0,0,147,187,0,60,0,0,0,0,85,0,72,62,0,0,63,66,0,0,0,0,45,32,84,0,0,0,67,50,58,0,0,0,53,0,0,0,119,0,0,0,27,0,0,0,0,0,0,0,105,35,0,0,633,0,0,0,0,0,0,115,0,0,77,201,0,0,0,0,0,103,31,0,0,0,31,0,0,30,0,104,58,0,42,0,0,0,44,0,79,0,142,46,0,85,0,0,0,0,0,42,0,0,0,0,0,0,23,0,0,0,0,0,0,0,0,142,58,0,0,0,38,0,0,0,49,0,0,0,0,0,0,40,36,77,400,0,0,0,0,0,0,55,0,0,36,125,196,0,81,0,44,143,0,90,0,0,0,0,0,0,0,40,0,0,182,0,19,48,0,0,0,0,0,0,172,0,0,0,0,0,0,137,60,0,97,0,0,0,11,0,0,106,0,0,0,0,0,71,15,0,128,0,0,31,0,45,77,0,0,0,0,0,0,0,91,41,0,0,91,0,0,235,0,0,43,0,0,0,0,47,0,0,0,0,0,0,0,41,0,0,0,0,123,0,0,70,0,0,0,0,0,0,0,0,0,35,40,219,0,0,0,0,0,0,0,0,0,0,0,0,44,0,0,39,41,0,287,0,0,57,44,0,0,37,137,0,0,0,0,0,0,0,0,0,0,0,51,0,0,127,0,0,0,0,0,0,0,54,0,70,62,182,65,0,0,0,34,0,0,0,0,107,0,53,33,0,0,51,0,0,0,0,0,0,0,0,0,0,555,0,0,0,0,0,76,66,31,48,0,0,0,0,0,25,0,87,148,0,0,53,0,0,54,0,0,0,0,0,0,54,0,81,30,0,79,66,0,0,0,0,0,45,0,0,0,0,0,25,301,0,0,319,0,61,0,48,0,146,67,0,52,72,0,0,84,0,0,40,0,0,45,0,35,0,0,0,0,0,373,54,0,0,0,110,0,0,59,0,144,0,0,0,0,0,0,0,102,0,0,0,0,140,0,208,74,102,0,0,0,0,0,0,0,0,38,0,354,85,0,0,29,0,0,0,34,0,0,0,92,53,0,0,0,28,0,0,0,0,0,0,0,0,69,52,0,102,28,0,0,0,0,38,0,0,0,50,117,0,0,0,0,50,0,0,0,0,415,0,0,0,0,0,0,0,0,129,0,0,41,0,39,0,64,199,0,0,0,0,0,0,0,57,0,0,0,48,0,49,39,61,0,0,0,143,0,0,72,0,42,0,0,140,64,45,0,45,0,0,0,0,43,298,65,0,0,58,26,0,49,0,0,51,47,25,0,0,383,41,0,0,172,28,0,0,60,0,49,0,0,112,0,29,0,0,72,0,78,0,0,0,0,141,0,0,0,186,0,0,47,46,0,0,0,0,46,162,40,0,360,0,126,0,123,0,58,171,0,0,0,110,0,52,0,0,48,66,0,46,39,0,0,0,91,82,145,0,0,41,0,0,0,0,0,22,32,0,19,49,109,18,0,0,0,45,0,60,51,0,0,57,0,0,0,0,83,130,0,0,0,0,0,0,0,0,0,0,0,0,0,0,0,0,0,0,0,36,35,0,0,0,0,0,0,45,0,0,0,0,0,0,0,0,0,110,0,0,49,0,0,0,0,0,0,0,0,0,88,0,0,0,0,0,0,0,27,0,138,0,0,0,0,32,0,0,0,36,0,0,0,0,0,0,0,0,95,0,0,0,0,0,0,0,0,0,0,0,0,0,0,0,0,0,0,0,0,0,0,0,0,0,73,0,0,0,0,0,43,0,0,0,0,0,0,0,0,70,0,0,0,24,0,0,0,53,0,0,0,0,12,0,0,0,0,0,0,0,188,303,0,88,46,76,0,0,0,0,0,0,0,0,0,0,87,0,0,0,0,0,0,0,0,20,0,67,0,0,219,0,0,0,55,0,0,0,0,0,0,18,0,0,55,0,21,0,0,0,0,0,0,0,0,0,0,0,0,0,0,0,0,0,0,0,0,0,0,34,0,404,0,0,0,0,0,0,26,0,77,39,0,0,32,0,48,0,0,79,0,96,0,0,0,0,0,0,113,0,0,0,0,0,0,204,0,0,0,0,0,0,0,0,0,0,0,0,0,0,0,0,72,0,0,0,0,0,0,0,0,0,0,0,0,0,0,0,0,0,47,69,0,0,0,63,0,62,0,0,0,0,0,0,0,7,0,0,0,0
368,0,0,35,102,104,168,0,0,274,45,756,34,36,46,230,567,428,83,92,59,705,85,97,94,471,0,69,209,62,75,0,146,0,59,414,258,21,96,312,154,127,74,0,747,0,176,124,916,0,218,79,271,304,0,562,62,37,0,77,14,346,181,412,72,119,84,59,52,0,827,0,54,0,47,525,238,0,652,42,344,0,117,192,685,0,49,43,219,89,649,176,62,168,229,84,88,0,73,89,0,0,0,285,84,0,66,65,178,138,237,145,147,417,100,112,119,169,125,58,800,66,919,158,0,127,136,27,160,75,217,27,708,0,135,101,582,90,180,117,177,307,249,573,0,28,94,140,80,358,18,54,345,122,166,190,60,123,77,453,326,192,41,257,156,201,91,69,407,503,332,538,62,209,0,107,114,137,508,234,89,466,0,92,101,86,83,961,710,0,0,39,155,155,335,67,229,95,47,405,48,248,182,99,341,63,93,84,63,400,374,177,83,94,97,226,0,123,35,71,312,281,98,0,654,0,0,170,854,41,81,60,53,48,43,0,53,186,417,99,46,306,132,189,143,0,350,35,38,0,175,154,661,105,86,85,101,0,117,118,802,323,141,87,100,40,31,1189,129,1039,163,49,200,907,147,224,93,53,950,519,125,0,199,443,107,121,70,589,1658,102,155,55,471,75,56,89,66,225,189,84,105,65,211,64,0,1016,505,625,52,315,283,1197,152,0,0,154,128,237,209,147,106,93,51,126,251,242,122,196,0,70,1090,0,262,260,191,244,0,0,34,171,29,169,64,302,345,67,26,0,290,2482,785,321,0,474,517,33,115,158,559,426,168,137,178,59,171,427,1479,176,173,0,428,176,96,90,39,331,333,0,0,419,165,71,60,81,158,999,257,312,265,53,75,97,1440,64,182,91,1246,97,299,385,35,61,481,47,102,222,155,45,188,93,140,0,141,89,0,0,487,237,713,238,65,226,222,96,161,243,321,39,393,52,0,67,82,46,215,75,88,154,67,269,0,52,526,80,484,294,837,277,56,131,31,24,369,23,188,71,110,170,0,76,565,76,449,288,87,66,0,42,82,76,94,91,829,225,252,148,565,727,425,297,214,70,440,272,292,67,0,147,259,877,339,134,52,483,64,118,240,285,328,105,0,377,72,980,74,237,326,269,122,40,162,126,67,122,52,76,691,140,182,195,427,85,491,365,211,54,146,175,675,85,112,0,31,48,226,241,44,0,0,174,82,282,779,68,55,43,157,48,180,652,226,174,42,265,112,52,24,132,134,178,543,691,0,130,91,529,120,0,0,154,432,620,75,0,71,115,30,763,50,160,550,386,376,18,871,73,578,1357,290,64,69,877,0,161,55,48,0,364,54,173,0,54,120,147,69,338,132,271,249,214,75,0,314,369,312,65,171,319,40,208,92,103,0,0,229,78,131,104,0,775,474,48,97,122,28,64,140,295,51,0,50,25,518,0,47,577,40,286,46,387,425,104,48,201,1887,0,82,76,204,435,174,160,136,0,0,380,163,154,130,217,355,35,392,61,303,111,140,140,177,0,58,70,112,163,190,98,144,189,205,34,273,54,226,38,135,71,192,73,632,43,0,183,0,102,127,114,48,56,280,367,93,366,654,31,0,36,40,175,482,143,359,224,528,1113,918,985,460,220,0,0,112,200,122,0,235,46,37,88,617,324,817,117,2767,313,0,351,0,29,202,0,55,133,66,77,230,74,0,71,0,66,115,136,100,114,0,322,0,129,55,619,485,578,113,70,118,467,185,162,69,118,421,103,143,83,32,0,357,203,262,850,0,0,96,108,0,159,0,315,101,195,125,102,194,115,532,194,316,187,176,58,104,71,714,361,116,513,53,69,110,159,373,40,657,78,59,0,173,139,56,220,445,26,0,55,0,0,182,159,85,0,0,199,1077,36,346,151,36,269,240,55,313,63,314,44,74,0,861,308,88,761,75,137,50,474,45,243,143,0,145,41,72,92,52,209,563,627,116,0,0,111,107,187,299,55,74,242,0,297,0,22,210,749,99,285,655,342,518,87,80,132,228,640,0,119,0,73,88,250,276,358,210,106,129,0,106,925,140,173,94,0,148,324,94,53,88,122,87,0,67,118,96,58,0,50,85,95,88,146,266,30,101,167,36,236,56,359,0,88,76,153,199,0,172,155,153,24,141,50,684,38,48,67,77,222,449,211,51,100,98,813,0,64,43,665,222,111,0,572,74,0,75,342,23,27,252,227,757,86,592,48,1937,132,82,114,65,58,52,25,0,159,210,65,229,27,40,379,117,190,305,329,80,68,0,151,88,238,705,577,183,141,0,63,110,54,73,0,574,157,107,25,0,107,62,64,54,352,27,370,1269,131,161,141,216,184,127,72,367,384,168,0,97,0,96,200,1019,0,156,249,298,188,0,572,105,156,199,800,752,259,364,45,226,151,66,381,50,97,78,86,48,92,0,202,0,59,833,24,49,65,91,96,121,345,126,250,161,85,66,106,0,58,153,0,286,0,51,261,235,69,0,197,113,221,224,498,55,110,1094,165,0,344,79,102,497,124,170,0,83,303,76,360,0,38,480,1039,0,58,45,246,201,0,115,0,122,60,80,0,64,341,210,67,144,184,352,132,235,0,103,142,417,153,95,167,507,458,203,72,166,37,373,155,99,0,76,102,382,22,147,281,427,52,99,86,0,55,70,670,578,85,57,141,0,491,251,0,329,121,84,99,0,84,0,52,48,120,164,0,112,228,48,39,1186,36,61,54,245,61,62,139,52,204,108,38,65,113,108,0,0,0,43,143,0,0,56,42,222,121,0,56,16,95,67,276,49,200,107,0,76,0,81,0,50,48,113,0,102,0,202,43,25,207,0,85,150,0,210,42,0,70,63,264,287,417,30,69,53,65,197,123,0,90,173,145,40,54,56,117,0,74,108,0,238,116,72,194,0,0,49,97,37,167,38,506,0,0,87,60,50,51,278,564,60,68,367,58,166,64,67,638,246,71,282,57,0,2012,80,200,39,0,78,74,663,0,129,288,107,271,0,283,48,34,0,78,123,35,87,482,36,0,55,167,71,85,0,55,501,45,0,0,80,129,67,29,108,263,29,0,46,2255,646,0,396,70,115,260,314,59,0,55,60,379,89,59,134,251,0,547,46,148,140,845,0,351,246,0,154,52,0,58,0,0,249,174,136,133,38,262,115,229,0,414,0,84,139,0,47,153,127,0,157,0,38,143,111,59,142,91,58,167,89,837,220,136,76,319,82,67,305,43,21,423,0,53,314,0,41,57,337,0,102,264,58,167,80,582,137,267,95,271,0,289,238,25,76,142,54,107,54,50,98,191,46,305,144,212,328,69,0,0,68,439,116,133,0,973,178,224,88,65,132,86,0,0,250,58,177,568,62,0,44,218,49,56,100,61,0,52,0,0,113,288,106,0,101,194,66,142,0,52,140,31,0,175,0,39,0,78,152,0,105,90,58,0,0,0,26,152,0,148,0,280,198,54,50,482,185,130,55,149,53,125,0,0,147,422,0,326,0,105,92,134,40,64,90,419,137,67,151,446,0,0,261,139,40,112,213,302,0,98,118,65,23,0,0,158,0,63,524,0,62,104,44,132,111,0,0,61,38,35,288,31,57,0,0,50,141,0,56,488,680,0,0,73,181,0,94,0,90,180,31,64,0,60,551,59,115,105,0,54,0,0,282,289,91,146,142,105,164,37,0,129,93,108,158,82,65,110,118,0,0,94,136,204,78,36,103,43,85,0,61,0,0,0,522,128,64,0,0,209,103,195,60,213,40,280,0,606,0,0,0,524,60,561,39,168,31,45,236,0,77,127,0,349,109,196,82,181,222,0,104,35,101,49,139,0,148,629,0,0,645,53,0,36,100,113,54,92,361,81,0,0,0,54,0,109,76,418,630,245,225,50,0,61,156,0,64,225,0,0,0,0,43,396,0,37,74,442,0,248,0,70,0,29,245,359,88,168,71,70,400,172,1114,52,38,0,181,55,230,78,110,0,153,0,0,71,0,54,0,74,75,0,730,128,135,0,0,0,109,0,184,0,350,0,131,97,0,0,67,135,0,119,163,48,217,93,65,112,116,148,0,118,108,138,0,0,57,170,76,22,263,0,0,308,0,134,78,64,96,506,427,44,383,131,48,36,29,0,151,439,148,179,243,28,69,65,24,42,60,89,115,65,0,183,116,64,170,431,190,80,65,74,0,0,0,130,65,212,133,693,44,88,92,72,76,707,170,0,67,256,0,213,212,0,48,108,308,65,141,29,214,40,94,30,99,31,52,119,297,0,43,0,183,107,214,145,171,203,59,0,106,168,0,0,122,217,0,23,96,67,245,231,33,102,117,0,0,673,0,34,334,42,36,0,60,80,131,0,454,96,368,0,173,80,106,0,43,349,37,296,138,38,121,233,24,188,930,101,118,0,71,97,53,150,191,82,190,818,0,55,264,161,358,49,226,218,80,0,0,0,106,268,591,276,669,77,0,111,43,46,0,128,0,0,143,0,176,0,70,667,79,31,0,0,82,293,64,82,390,69,380,282,58,78,565,74,57,0,0,288,1296,46,103,42,112,90,0,218,140,153,605,0,211,274,235,38,45,0,0,123,122,457,0,126,55,113,0,80,236,35,0,209,31,304,0,364,38,126,43,87,0,0,231,505,0,0,58,356,117,182,0,1778,33,64,0,0,0,0,560,117,155,133,886,73,0,67,0,36,181,82,57,0,62,198,58,212,85,30,63,359,39,55,82,32,32,66,0,212,117,291,118,0,768,57,140,0,62,138,91,0,0,71,0,0,0,20,70,41,63,96,43,0,0,122,157,41,0,45,41,0,220,0,28,101,0,0,138,0,51,0,73,228,221,451,101,0,0,19,0,0,105,85,0,177,294,259,45,291,242,149,247,55,57,0,53,76,48,31,0,0,147,62,271,27,0,67,218,0,88,0,0,73,70,148,68,185,81,132,149,78,204,297,0,163,72,107,0,0,95,88,143,0,0,37,89,0,101,85,0,456,109,0,122,240,65,52,0,95,109,0,381,0,0,57,48,117,0,112,33,46,889,0,138,38,0,60,34,86,68,0,0,0,0,41,0,0,136,0,89,0,0,718,62,42,201,170,0,0,0,83,30,0,0,74,57,91,138,62,94,0,49,90,0,66,152,0,0,0,49,0,0,0,0,0,0,213,0,0,115,230,16,67,62,128,0,0,252,72,40,0,0,66,389,0,152,242,97,171,306,0,0,0,0,207,0,357,77,0,313,48,242,59,61,185,0,198,140,0,0,54,73,115,171,354,40,0,75,71,45,0,76,112,0,0,100,140,70,726,87,0,62,115,0,239,78,0,409,144,51,23,0,0,54,0,221,339,348,0,206,0,0,56,0,238,151,24,0,0,108,43,58,51,0,364,98,0,0,0,63,0,137,69,34,0,113,0,32,1601,0,0,603,54,150,0,228,48,483,93,0,281,155,0,0,85,27,0,65,38,241,25,99,0,0,42,24,0,0,878,64,0,0,0,373,28,116,156,62,113,0,0,92,43,130,0,0,192,0,59,119,0,128,201,112,96,149,286,0,36,0,57,0,0,0,117,0,532,357,0,0,0,224,71,0,53,117,85,121,241,147,20,98,84,21,83,45,124,47,37,0,0,142,82,32,0,431,38,0,127,0,0,52,185,42,52,90,85,0,46,0,220,111,39,23,0,113,525,110,0,0,161,54,84,0,37,147,0,62,264,38,66,0,86,107,0,0,0,0,46,0,42,137,95,38,0,32,0,134,70,50,128,61,0,304,0,0,91,53,58,0,68,138,119,69,74,64,0,54,78,0,80,224,100,0,0,337,132,173,81,0,118,70,90,142,35,0,451,161,696,33,253,52,166,107,363,0,0,52,0,182,136,0,93,0,382,33,198,0,53,0,0,147,0,39,0,434,0,49,168,190,71,0,202,0,75,127,89,29,1308,31,761,58,83,0,88,298,0,164,149,272,130,66,0,0,0,54,0,94,0,69,71,0,116,249,329,0,67,58,0,161,0,0,61,0,0,49,37,106,252,0,46,0,0,68,0,51,344,63,84,314,25,42,0,51,104,64,0,0,137,134,0,66,102,60,77,0,39,180,0,0,102,0,115,168,55,407,99,0,0,0,0,0,0,0,0,50,33,0,238,146,65,0,0,78,43,140,29,271,119,91,110,72,0,0,154,68,423,44,94,115,0,61,52,11,20,0,535,66,0,278,67,161,0,46,0,299,110,0,0,25,43,38,0,0,609,223,0,107,0,0,83,51,0,0,55,43,496,64,98,0,0,111,0,68,58,103,0,68,0,0,53,297,0,0,360,158,209,105,0,44,0,0,0,77,0,107,0,25,0,63,0,0,59,279,0,0,0,62,99,64,71,0,36,0,0,81,277,1189,75,106,74,277,101,33,88,0,93,95,63,0,225,258,234,105,0,0,0,32,0,0,361,111,0,56,51,82,316,0,0,57,183,0,0,0,0,51,88,273,0,448,30,0,124,0,0,48,188,0,37,26,718,0,0,168,209,0,0,55,0,0,169,0,0,0,87,248,82,365,184,0,174,65,96,29,168,0,187,96,0,0,334,0,313,0,48,98,0,38,83,0,0,163,62,210,0,52,0,20,0,0,0,558,94,34,0,0,101,38,66,0,0,79,0,58,0,141,59,0,155,0,0,70,61,84,60,39,0,0,547,0,0,0,0,0,0,0,56,61,0,37,222,175,0,114,23,0,0,106,0,38,0,146,888,0,55,0
369,0,0,0,0,0,0,0,0,0,0,0,0,0,0,0,72,0,0,0,0,70,0,0,0,0,0,0,0,0,0,0,0,0,0,56,0,0,0,43,0,0,0,0,0,0,0,0,0,0,0,0,0,0,0,43,0,0,0,0,0,21,0,0,0,0,0,0,0,0,0,0,0,0,0,0,0,0,56,0,0,0,0,0,0,0,0,0,0,0,82,0,0,0,0,0,0,0,0,0,0,0,0,0,0,0,0,0,0,0,75,0,0,0,0,0,0,0,0,0,0,0,24,0,0,0,0,0,0,0,17,0,0,0,0,0,0,0,0,0,0,0,0,107,0,0,0,0,0,0,0,0,0,0,0,31,0,0,0,0,0,0,0,0,0,0,0,0,0,0,33,0,0,0,0,0,0,0,51,0,0,0,0,0,0,0,0,130,0,0,0,0,0,0,0,0,0,0,0,0,0,0,28,0,0,0,0,0,0,47,0,0,0,0,0,0,0,0,0,0,0,0,0,0,0,0,0,0,73,0,0,0,0,0,0,0,0,0,0,0,0,0,0,0,0,0,0,0,0,0,0,0,0,0,0,0,0,0,0,0,66,0,0,0,0,0,0,0,0,61,0,0,0,0,0,0,0,0,0,0,0,0,30,0,0,0,0,0,70,0,0,0,47,0,0,0,0,0,0,0,0,0,0,0,0,0,34,0,0,0,0,0,0,0,0,0,0,0,0,0,0,0,0,0,28,0,0,0,0,0,0,0,0,0,0,0,0,0,0,0,0,0,0,0,0,0,0,0,0,0,49,0,0,0,30,0,0,0,86,0,0,0,0,0,0,59,0,0,0,0,0,0,0,0,29,55,0,0,0,0,0,0,0,0,0,106,0,0,0,0,0,0,71,0,0,0,48,0,0,0,0,0,0,0,0,0,0,0,0,0,0,0,0,0,0,0,0,0,0,0,0,26,0,0,17,0,0,0,0,0,0,0,0,0,0,0,0,0,0,0,0,0,0,31,0,0,0,0,0,0,0,0,0,0,0,0,0,0,0,0,0,0,0,0,0,0,0,0,0,0,0,0,32,0,0,0,0,31,0,0,0,0,0,0,0,0,0,0,0,78,0,0,0,0,0,0,0,19,0,0,0,0,0,0,0,0,51,0,0,0,0,0,0,0,0,0,0,0,0,0,0,0,0,36,0,0,0,0,60,0,0,0,0,0,24,0,0,0,0,0,0,0,0,0,0,0,0,0,0,0,0,0,0,0,0,0,0,0,0,0,40,83,0,0,0,0,0,0,0,0,0,33,0,0,0,0,0,0,0,0,0,0,0,0,72,0,0,0,0,0,0,0,0,0,0,0,0,0,0,0,0,0,0,0,0,0,0,0,0,0,0,0,0,20,0,0,0,0,0,0,0,0,0,0,0,0,0,0,0,0,0,0,0,0,0,0,36,0,0,0,0,0,0,0,0,125,0,0,0,142,92,0,0,0,239,0,0,0,0,0,0,19,0,0,0,0,0,0,0,0,95,0,0,0,84,0,0,0,0,0,0,0,0,0,0,0,0,0,0,0,0,0,0,0,14,0,73,0,0,0,0,0,0,0,0,0,0,0,0,29,0,142,0,0,0,0,0,0,0,0,116,0,0,97,80,0,0,0,0,0,0,0,0,0,0,0,0,0,143,0,0,0,188,0,0,36,0,0,26,0,0,0,0,0,0,0,0,0,0,0,0,0,0,0,0,0,0,0,0,0,61,0,0,0,0,119,26,0,0,0,23,0,0,0,0,0,0,0,0,53,0,0,0,0,0,0,0,0,20,0,0,0,0,0,199,0,0,0,31,0,0,0,61,0,0,95,0,0,0,0,0,0,0,0,0,0,0,0,0,35,170,0,0,0,0,0,0,0,0,0,0,0,48,0,0,0,0,0,0,0,0,0,62,0,0,0,146,0,0,0,0,0,0,55,0,0,0,0,0,0,0,0,0,0,59,0,0,0,0,0,0,0,0,0,0,0,0,0,0,0,0,61,0,0,0,0,0,0,0,0,0,105,0,0,0,0,0,100,145,40,38,0,0,0,0,48,122,0,58,0,0,0,0,0,0,0,0,0,0,0,0,0,0,0,0,0,0,0,0,0,0,0,0,41,0,47,0,22,37,26,29,0,0,70,0,0,0,0,115,0,31,0,25,0,28,0,0,43,0,140,0,0,0,35,36,0,0,65,0,0,0,60,0,0,0,0,41,17,234,0,342,69,0,0,0,0,0,0,0,0,0,0,0,0,0,0,0,0,72,0,0,0,0,0,0,56,66,50,0,0,0,0,0,0,0,0,69,22,0,0,0,74,0,0,39,58,0,35,306,0,0,0,92,36,0,0,56,53,26,0,0,0,55,0,88,0,0,93,0,149,0,122,0,32,0,48,500,45,129,28,45,0,0,60,0,0,35,0,0,0,0,54,0,0,0,0,0,0,0,0,0,0,0,0,0,0,0,0,0,0,0,0,0,0,0,31,42,0,0,0,0,74,0,71,0,0,160,0,0,84,0,0,0,29,0,0,0,41,0,0,0,0,0,179,0,0,0,0,45,0,0,0,0,19,0,0,0,254,0,0,0,0,0,69,0,0,0,0,64,0,0,0,0,16,115,0,34,0,0,0,0,0,44,0,115,0,0,0,70,0,22,0,0,0,0,93,169,0,0,82,0,241,0,0,0,0,0,0,0,0,0,0,0,0,137,0,0,24,0,0,133,0,0,0,37,0,0,0,0,0,23,0,0,0,0,0,0,0,0,28,0,0,0,0,0,0,0,0,0,0,0,0,0,0,0,0,0,0,37,0,0,0,0,0,0,0,0,0,0,0,0,0,40,0,34,0,0,0,0,97,125,0,0,0,0,0,57,0,0,0,102,0,34,0,0,0,0,0,0,0,0,35,0,0,0,0,55,0,0,19,0,0,0,0,0,0,0,0,43,0,0,0,0,0,0,0,0,59,66,0,154,0,0,444,0,0,0,0,0,0,56,0,0,43,0,0,0,0,0,0,0,0,0,0,0,60,0,0,0,0,0,0,0,0,42,0,0,0,0,0,0,0,0,0,0,0,0,120,98,0,230,0,0,32,0,0,0,0,0,0,0,0,0,0,0,206,0,0,0,0,0,30,0,0,76,0,0,0,0,0,78,49,0,0,53,0,0,93,0,63,0,0,148,0,0,0,0,0,0,0,0,0,0,0,0,0,32,0,0,112,0,0,0,0,0,0,32,0,0,62,0,0,40,0,0,0,0,0,0,0,72,0,0,62,0,0,0,0,0,0,23,0,0,0,0,0,0,0,0,30,0,0,0,0,126,0,0,0,0,0,0,0,0,62,0,66,0,0,0,0,0,0,30,0,39,115,0,0,41,0,0,0,89,0,20,0,0,0,39,182,46,0,0,0,0,0,0,0,0,0,26,0,0,0,0,29,0,0,0,30,51,0,0,0,0,60,0,165,0,52,0,0,0,0,0,0,0,0,38,130,0,0,0,259,0,0,0,0,0,0,0,39,0,84,0,0,139,67,0,0,0,59,0,0,197,94,0,0,0,34,0,0,0,0,0,0,251,0,57,0,0,0,0,0,0,0,49,0,84,0,0,0,0,0,48,0,0,0,0,0,0,0,0,0,30,0,0,54,0,0,0,0,226,0,0,0,0,0,0,0,123,83,0,136,0,0,0,0,0,42,0,93,40,0,0,0,80,97,0,0,0,263,0,0,0,0,204,0,0,0,0,0,233,0,0,0,0,0,33,0,0,0,0,0,0,46,0,0,0,160,0,262,0,0,0,0,0,70,0,0,0,0,0,0,0,0,35,0,0,0,0,45,0,0,0,0,0,0,120,0,0,0,42,0,0,0,0,0,0,0,0,0,0,97,0,304,254,0,0,0,0,0,28,0,0,0,0,0,0,0,0,0,0,0,0,123,0,0,0,0,0,0,0,0,0,70,0,42,340,0,77,0,0,0,65,0,69,0,0,0,117,0,0,0,0,0,0,0,0,0,162,111,0,0,0,0,0,26,35,0,87,0,0,82,0,38,0,0,0,0,62,0,0,35,0,0,0,0,0,78,0,0,0,0,0,21,0,0,0,0,0,61,0,0,0,0,0,0,51,0,13,0,0,0,0,0,0,0,41,0,56,0,0,0,0,0,0,0,0,0,0,0,0,92,0,0,0,0,0,53,0,0,0,0,0,0,0,126,0,62,0,0,0,81,0,36,0,121,0,177,52,0,0,0,69,37,0,0,0,0,0,0,0,0,24,0,146,0,0,0,0,0,0,0,76,0,0,0,42,19,0,0,44,0,0,0,0,0,0,85,36,0,0,0,0,0,0,0,60,0,0,0,0,0,0,0,96,0,0,0,0,0,0,0,0,0,0,31,32,0,26,0,0,58,268,0,0,0,0,0,0,112,0,0,0,317,0,0,68,0,131,0,0,0,0,0,0,0,0,87,0,57,39,25,0,52,0,0,0,0,0,0,0,0,0,0,0,73,0,0,0,0,0,45,0,0,0,0,42,45,0,0,197,0,0,0,0,76,42,0,22,0,0,46,0,57,0,0,0,32,0,0,89,0,0,0,0,0,0,0,0,0,0,0,40,0,0,0,0,95,0,60,0,101,0,0,0,0,0,0,0,0,0,0,0,255,33,0,0,0,0,0,0,0,0,0,49,0,0,0,146,31,0,0,0,0,0,0,0,0,0,57,0,0,0,0,115,150,0,49,0,0,0,0,0,125,0,0,34,0,77,71,27,0,0,36,0,29,0,0,61,0,0,0,0,0,70,50,0,0,0,48,0,34,0,0,0,0,0,0,0,0,0,0,0,0,0,0,0,59,206,245,0,0,0,0,0,32,0,0,0,0,0,231,0,148,0,29,65,0,0,0,0,0,0,64,0,0,65,0,80,0,0,0,75,0,0,0,0,30,0,45,0,137,57,0,0,0,93,44,0,56,0,0,0,0,92,0,88,0,0,66,0,0,0,59,0,274,86,0,0,0,0,32,0,28,42,0,60,0,0,0,0,0,0,12,0,0,272,0,70,0,0,0,31,44,79,0,0,0,0,51,0,0,23,0,0,0,0,29,0,57,131,0,0,0,0,0,0,0,0,0,30,91,45,55,0,0,0,0,49,0,28,0,0,0,0,0,0,0,0,0,0,163,0,0,65,0,0,104,0,84,0,25,15,0,0,0,0,0,0,0,0,0,0,73,216,0,0,0,0,63,0,11,56,0,102,0,49,0,0,0,0,18,0,0,0,68,0,110,64,0,0,0,89,0,0,0,0,54,0,0,0,36,25,351,0,0,0,0,0,0,119,0,28,0,35,0,0,0,0,0,42,267,0,0,105,0,0,33,36,0,0,0,0,0,0,0,40,0,0,0,56,0,0,0,0,18,111,0,0,0,0,0,0,358,0,0,254,0,0,0,224,0,118,0,0,42,29,0,0,89,0,0,77,0,83,30,85,0,0,0,0,0,0,353,31,0,0,0,195,0,56,43,0,0,0,0,0,0,0,0,0,120,0,0,0,0,147,0,92,0,0,67,0,0,0,0,0,0,0,51,0,84,95,0,0,0,36,0,32,37,0,0,57,0,0,0,48,0,32,0,0,0,0,0,0,0,78,0,33,0,418,0,0,60,0,0,0,93,0,22,0,132,37,0,0,0,0,0,0,0,0,731,0,0,0,0,0,0,0,0,63,0,0,35,0,0,0,0,167,0,0,0,0,0,0,0,70,42,0,0,0,0,0,0,0,48,0,0,36,0,0,0,0,0,0,0,69,62,0,0,0,0,0,0,0,0,99,75,0,0,30,77,0,0,0,60,41,0,84,0,0,451,43,128,0,50,34,79,37,69,0,62,0,0,77,33,28,0,0,59,0,0,0,0,0,0,113,0,0,55,203,0,16,120,51,0,0,62,0,74,96,15,0,168,0,134,0,158,0,0,91,0,23,34,0,0,23,0,0,56,52,0,33,39,0,19,0,54,94,27,0,0,0,0,0,0,0,0,0,0,0,43,28,70,0,36,0,0,58,0,0,136,0,0,39,0,0,0,0,0,102,0,0,0,44,0,0,45,0,0,0,52,46,0,0,221,0,0,0,130,0,118,82,0,0,0,0,0,127,0,0,0,0,0,0,0,0,0,380,0,0,47,134,0,81,30,73,0,0,240,0,210,0,56,0,0,0,0,0,34,50,120,51,0,54,36,0,0,47,0,0,0,0,0,0,0,0,0,0,246,0,0,39,0,0,0,0,0,0,0,0,128,35,0,0,0,0,28,0,0,0,0,0,0,112,115,103,0,0,0,0,0,0,79,67,0,0,44,101,0,0,0,0,0,0,0,0,0,0,0,0,0,0,48,0,0,0,42,0,63,191,57,383,51,0,0,37,169,0,156,0,78,0,0,0,73,18,0,0,0,0,0,68,64,0,0,41,0,0,96,13,0,0,91,0,102,0,0,0,0,0,30,0,0,178,95,0,113,0,0,0,21,0,85,0,83,0,0,0,27,0,0,93,0,0,0,0,88,0,0,0,0,75,0,0,193,0,106,0,76,0,0,0,0,0,61,39,0,0,0,0,0,205,83,0,0,0,0,223,246,0,0,53,0,0,0,187,47,0,0,46,0,0,0,0,0,0,0,0,0,0,34,0,0,0,0,327,54,0,0,0,93,0,328,30,0,0,0,0,0,0,0,267,0,0,157,0,0,0,34,0,0,0,0,42,0,0,190,21,0,0
370,0,38,0,74,54,84,146,0,124,0,150,71,0,0,128,230,215,18,61,10,320,0,0,146,101,0,60,94,34,0,26,72,0,78,199,220,0,83,250,141,44,54,0,181,0,81,86,537,0,194,73,103,111,36,405,0,40,0,0,0,166,132,224,42,75,233,58,50,0,331,0,76,58,0,426,158,20,401,81,169,0,84,260,446,87,71,0,60,57,518,92,47,127,119,63,41,0,39,48,0,69,57,122,26,40,35,56,158,78,178,88,153,134,321,69,99,78,62,0,396,38,280,0,0,46,69,34,169,51,152,30,177,0,180,213,212,128,105,69,239,72,98,180,0,43,40,108,71,173,0,67,185,62,153,121,0,131,72,394,269,75,35,47,69,87,39,0,121,167,341,138,0,54,0,92,17,84,183,42,37,230,0,81,0,57,84,803,191,0,0,0,111,24,158,0,105,54,0,56,0,96,168,53,356,0,69,0,51,284,240,208,51,40,0,225,90,122,0,56,136,273,0,29,161,0,0,111,382,0,114,0,42,0,26,0,48,65,179,85,0,98,44,0,62,0,312,34,41,0,59,62,206,61,193,43,56,21,57,74,313,206,130,0,99,0,0,313,135,506,0,0,364,267,96,65,75,0,650,411,117,16,193,149,94,70,75,239,2508,53,119,106,318,35,0,81,0,88,141,94,0,31,92,52,24,464,408,167,39,104,98,485,158,0,0,52,85,292,86,33,68,37,0,105,306,125,71,200,0,0,336,0,36,115,147,97,0,0,45,38,0,186,0,95,65,48,27,0,91,2390,85,157,46,421,533,0,76,128,157,350,94,192,29,0,279,301,448,209,88,40,374,75,99,79,93,247,142,0,0,204,93,0,71,57,65,1072,136,107,75,0,0,74,503,0,119,53,182,85,72,122,0,54,285,0,50,311,59,43,70,39,197,0,95,46,0,21,312,64,280,285,33,71,126,0,140,115,129,54,115,73,0,0,95,0,176,0,0,110,52,202,0,0,172,160,228,168,411,123,55,78,46,0,152,25,57,29,101,96,0,41,108,0,203,295,59,64,66,79,31,0,48,46,397,85,0,0,92,417,200,130,270,37,297,308,189,0,0,91,218,331,258,153,55,342,0,76,384,186,160,0,0,154,0,1223,74,121,168,241,77,0,118,55,0,42,43,17,225,132,64,231,140,87,113,464,130,0,60,104,314,0,133,35,0,28,163,155,55,0,0,207,40,185,299,44,62,0,189,51,96,291,258,152,55,0,87,22,0,71,130,81,269,453,0,122,132,508,103,0,34,47,293,303,46,0,22,0,0,96,40,30,220,295,94,0,482,47,215,541,82,88,82,170,0,98,0,0,38,161,31,118,0,0,29,121,80,121,51,133,42,68,0,0,443,432,158,0,80,72,0,70,0,63,0,21,71,0,84,0,0,132,160,0,20,41,0,74,123,78,47,0,0,33,265,0,34,447,0,112,0,214,187,44,0,134,702,0,60,65,51,152,70,101,97,0,0,90,88,119,49,0,244,0,85,0,190,81,86,59,211,0,31,34,81,53,118,0,55,0,141,0,99,40,109,27,54,32,175,0,171,0,26,75,0,75,72,76,24,53,110,51,25,353,194,0,0,0,0,44,153,84,209,85,97,1008,240,222,151,165,0,0,54,81,40,0,98,0,0,72,482,82,104,52,602,102,0,147,0,24,94,0,54,52,0,33,276,0,0,57,0,63,0,124,0,0,0,104,0,71,0,131,239,105,51,51,0,508,0,37,0,83,53,33,99,40,0,0,120,97,82,178,0,0,61,0,0,44,0,16,42,43,59,0,42,0,439,0,106,70,129,0,106,0,201,175,0,247,0,49,29,64,110,0,243,50,51,64,59,60,0,108,418,0,0,37,0,0,53,127,29,0,0,45,297,44,190,0,0,141,72,0,105,0,84,0,0,0,545,310,89,355,22,47,46,143,35,61,55,0,0,0,0,0,0,45,154,102,54,0,0,0,101,92,212,0,0,89,0,117,0,0,84,252,0,104,132,67,467,0,0,45,67,433,0,39,0,0,33,110,132,218,169,61,49,50,0,127,114,60,131,0,130,42,109,38,38,0,106,0,41,67,41,59,0,0,0,0,89,0,91,0,0,177,0,124,0,66,0,0,96,80,95,0,45,127,26,0,51,30,381,33,0,82,70,109,261,45,47,113,68,262,39,19,0,381,181,0,0,463,89,0,0,349,0,45,101,82,665,125,389,0,200,101,0,59,55,0,0,41,0,30,77,74,262,0,33,188,89,64,162,71,0,102,0,84,0,144,688,95,73,76,0,59,129,60,79,0,408,74,47,0,0,106,0,40,0,137,0,178,370,123,138,0,168,55,107,39,79,142,59,0,62,0,98,0,231,0,30,108,0,137,0,336,74,136,217,73,714,120,365,0,200,110,55,316,34,0,39,49,44,78,0,85,0,0,194,0,0,0,0,47,48,470,0,0,33,90,62,49,0,90,97,28,110,0,49,173,50,38,0,68,65,75,146,345,41,49,864,0,0,183,0,67,199,68,0,0,55,141,57,135,0,26,245,725,0,0,36,0,240,0,72,0,55,29,30,0,52,305,162,43,38,123,209,172,68,0,101,56,320,81,0,93,0,424,181,74,148,23,376,72,0,0,0,91,241,0,59,56,202,0,51,20,0,0,0,284,504,32,0,121,0,266,38,0,162,94,28,71,42,57,0,0,0,62,99,27,58,200,66,33,234,0,0,32,131,41,81,65,57,91,65,63,41,32,24,32,63,39,0,246,0,0,0,128,84,54,86,34,0,40,0,289,0,64,112,0,80,0,46,0,34,0,56,0,164,0,110,0,0,79,28,59,123,0,123,0,0,52,0,301,108,163,0,68,0,31,370,39,54,0,276,122,67,0,92,104,0,0,39,0,55,106,69,126,0,0,125,85,33,77,20,224,82,0,49,161,54,56,208,120,0,44,154,43,162,28,31,293,118,70,427,0,0,1420,49,68,0,101,78,0,604,0,91,120,0,77,0,339,119,0,0,44,72,0,0,184,0,0,0,142,0,56,0,194,69,69,0,50,55,58,41,48,47,93,0,0,0,1262,371,67,219,43,109,89,326,91,45,131,53,203,0,38,0,64,0,250,0,171,72,571,26,135,107,0,420,52,0,60,0,0,225,79,0,112,127,142,0,89,0,200,0,105,85,0,0,152,70,27,120,82,0,93,124,0,124,0,49,203,0,617,174,96,117,141,24,54,121,0,0,535,0,0,161,0,33,0,241,33,92,110,38,51,0,122,81,83,56,62,0,93,96,0,0,106,52,69,78,0,0,159,0,148,68,134,286,0,56,22,0,240,46,0,30,439,204,156,95,67,52,46,0,0,333,76,139,449,49,0,0,103,0,26,0,80,0,0,0,0,125,267,86,0,0,86,49,127,0,51,107,27,46,147,0,0,0,0,45,0,147,63,0,0,0,0,0,0,0,97,0,168,120,22,0,228,184,97,89,291,66,87,0,36,41,378,0,336,21,71,82,75,54,39,175,152,92,43,94,988,0,0,190,42,0,39,124,577,0,60,77,64,67,41,0,156,0,27,436,0,93,86,27,71,160,0,0,49,0,34,194,0,0,0,0,0,174,0,61,257,182,43,40,0,0,77,60,0,191,87,28,0,35,32,239,0,67,93,27,96,58,0,253,367,111,88,49,0,131,0,0,117,102,53,83,167,0,226,219,0,0,84,68,299,28,0,54,36,65,0,92,0,0,0,522,115,33,47,0,264,109,91,83,123,0,123,0,258,0,0,0,439,0,587,128,86,0,0,142,84,0,136,0,107,0,101,57,86,156,0,49,0,79,0,64,0,104,251,0,0,237,39,0,0,259,229,0,47,125,145,0,0,0,18,22,112,35,243,792,186,57,122,27,0,160,0,75,201,0,0,30,0,0,153,0,24,89,344,0,111,0,0,84,34,198,180,204,154,41,0,175,60,274,14,0,0,104,40,65,0,69,62,109,41,0,52,0,43,0,106,0,0,252,75,125,0,0,0,66,64,183,0,293,0,76,68,0,0,56,0,0,135,0,0,0,0,26,101,122,109,0,63,15,65,0,0,98,0,55,0,81,0,0,453,0,0,0,66,115,216,50,0,199,0,44,0,40,0,116,43,0,60,158,0,34,52,0,0,0,0,75,0,0,101,51,99,55,115,60,0,119,0,0,0,0,58,0,95,51,227,67,62,33,46,0,333,0,62,21,123,0,350,72,0,28,0,220,93,98,0,125,56,50,0,46,0,59,89,114,0,0,0,0,0,77,91,154,55,22,0,0,238,0,0,49,98,0,0,48,0,170,329,32,139,45,0,0,289,0,0,622,49,27,0,0,52,20,0,358,78,235,0,79,0,40,0,0,214,0,121,106,76,0,90,74,49,238,55,130,0,50,39,76,138,103,73,75,218,29,0,205,0,47,21,106,205,66,0,0,0,42,96,188,171,146,41,0,49,0,0,0,62,0,0,140,0,204,0,28,300,37,0,0,0,51,81,45,0,120,65,182,65,0,55,66,39,0,0,0,185,535,0,0,0,36,30,0,71,73,227,325,97,84,203,82,0,0,0,27,141,46,165,0,69,0,171,103,83,100,0,0,150,0,143,0,61,0,55,0,50,0,0,85,226,0,0,29,327,52,52,0,375,0,0,0,0,0,0,129,39,42,108,427,0,0,64,0,68,143,48,41,0,36,42,0,94,0,68,208,225,0,135,0,96,0,50,92,339,31,198,0,0,329,91,74,40,64,0,59,68,0,0,0,0,0,78,180,0,192,254,0,0,0,86,0,65,0,29,0,93,134,66,35,103,0,0,0,0,60,69,128,175,382,374,51,0,0,31,0,37,124,0,0,47,45,337,19,391,0,79,217,0,96,0,36,0,0,0,0,0,124,0,155,305,0,101,47,0,55,0,0,51,50,0,46,146,121,0,75,59,129,55,0,186,55,40,0,40,163,0,116,40,0,138,48,0,107,162,58,405,108,36,0,73,70,58,0,71,95,0,0,0,0,164,122,0,53,0,0,0,1182,0,101,0,0,62,0,0,80,0,0,0,0,0,0,0,132,0,45,0,42,333,34,60,63,0,52,0,73,30,0,48,0,52,201,110,0,170,41,0,0,39,46,60,0,0,0,0,0,26,0,0,0,0,59,192,0,0,0,23,51,76,67,196,0,0,0,39,0,0,0,0,61,0,70,103,0,142,0,0,93,0,0,121,0,28,78,58,126,68,294,68,90,261,0,80,74,29,127,68,167,79,59,77,0,0,164,39,0,0,0,102,0,0,39,89,94,1534,28,0,44,65,0,0,106,72,217,0,77,35,39,0,166,0,236,0,29,0,62,0,0,62,0,0,39,0,0,0,92,56,0,158,0,106,231,0,0,0,0,0,90,55,0,0,0,0,58,330,0,0,205,28,61,0,127,0,112,0,0,68,61,0,0,0,0,0,44,0,231,0,63,54,0,0,0,0,0,307,0,0,0,0,241,0,0,78,108,37,0,0,43,0,25,0,0,105,0,0,0,0,108,80,0,94,119,492,0,0,0,64,0,0,0,95,0,543,131,0,0,0,57,52,32,77,31,0,54,79,75,0,32,0,0,0,0,49,0,0,0,0,0,78,22,0,322,0,0,0,0,0,0,35,0,42,80,74,0,0,0,0,54,64,16,0,0,0,0,0,0,0,0,0,0,0,113,0,68,76,40,41,0,0,95,0,0,0,0,0,0,0,47,33,0,0,0,0,35,46,0,240,0,0,287,0,0,68,0,0,68,31,123,162,65,0,82,0,25,58,0,71,405,0,0,0,193,59,72,0,0,0,61,72,103,0,43,85,39,196,0,174,67,0,232,126,0,0,0,22,35,0,21,38,0,128,0,72,0,0,40,0,150,0,0,0,390,0,0,43,34,0,0,0,0,0,114,55,36,555,49,387,29,96,0,0,47,0,37,0,140,58,52,0,0,0,81,0,76,0,31,53,0,184,0,178,0,78,70,10,65,0,0,30,0,42,0,54,140,49,0,0,0,0,37,0,110,0,0,31,95,0,0,0,63,127,87,0,0,73,139,0,66,0,0,0,0,0,0,51,0,105,32,0,0,65,162,102,0,0,0,21,0,0,148,0,56,0,0,99,0,0,0,0,170,0,69,64,61,81,80,0,63,0,0,0,0,82,0,0,19,0,0,0,0,45,0,140,64,0,136,0,195,0,0,0,0,0,0,54,0,20,0,0,0,83,105,0,0,0,0,0,64,0,0,0,0,137,63,42,0,0,41,75,73,51,58,0,61,25,48,115,185,0,27,152,85,0,36,43,38,0,0,0,214,0,0,0,0,0,0,39,0,0,0,0,0,0,27,32,0,57,0,0,0,72,76,45,352,0,47,0,121,121,0,84,0,49,60,42,0,43,140,34,97,53,48,0,0,63,0,64,141,0,28,59,63,116,0,84,0,46,37,0,0,0,0,100,44,0,948,103,0,289,0,0,0,56,0,34,0,113,0,0,48,48,0,0,49,0,0,0,0,84,0,104,36,0,100,82,0,60,46,50,0,138,0,45,0,0,0,163,47,147,0,0,38,0,94,210,0,0,113,14,130,273,0,0,0,0,0,0,457,160,0,0,0,82,0,0,0,0,0,0,30,34,122,0,0,28,0,0,173,0,0,76,0,54,0,144,0,0,0,0,0,0,0,0,148,0,0,0,86,0,32,0,0,0,0,0,0,0,0,64,51,22,0
371,0,0,0,0,0,45,58,0,63,0,211,50,0,0,111,0,93,0,0,0,70,0,43,80,0,0,0,0,0,0,0,0,0,0,62,63,0,84,193,110,0,0,0,128,0,75,0,221,0,201,29,0,72,0,63,0,0,0,0,0,84,0,139,0,0,119,26,0,0,238,0,66,0,0,230,139,0,268,0,130,0,44,250,89,89,42,0,46,0,78,0,0,34,97,0,0,0,54,0,0,37,25,124,0,0,0,0,82,0,115,0,68,46,128,37,0,90,0,0,109,0,80,0,0,0,35,0,103,0,127,0,43,0,140,104,140,22,67,55,68,36,89,147,0,0,0,0,84,60,0,0,57,0,84,33,0,52,0,0,91,0,0,0,48,75,39,0,0,153,131,0,0,51,27,47,0,62,79,0,0,115,0,0,40,41,0,483,0,0,0,0,95,0,95,0,78,0,0,0,0,0,76,0,178,0,38,23,19,0,49,92,0,31,0,69,65,55,0,38,106,113,0,0,71,0,0,16,37,0,72,0,0,25,0,0,0,0,82,0,0,105,0,50,0,0,44,0,37,0,0,41,43,37,194,40,41,0,0,51,107,68,62,33,39,0,0,0,48,247,22,0,161,37,0,0,73,0,663,131,63,0,40,132,94,37,26,245,1573,39,60,36,47,0,0,53,0,42,90,61,0,23,0,31,0,0,0,93,0,0,0,266,141,0,0,0,83,169,0,0,0,0,0,0,263,0,0,132,0,0,190,0,0,0,0,0,0,0,0,0,0,0,0,0,46,20,0,21,0,500,240,0,0,63,73,0,94,101,206,82,0,0,0,0,0,111,254,53,62,0,0,79,60,0,78,107,146,0,0,96,0,0,36,41,78,600,0,51,47,0,0,0,347,0,41,75,556,0,44,154,0,47,0,0,0,67,23,0,0,0,52,9,43,0,0,0,120,76,94,179,24,83,38,0,88,0,0,46,139,0,0,0,20,0,181,0,0,0,0,111,0,0,127,154,125,0,118,121,0,0,0,0,295,0,35,0,86,0,0,49,74,0,165,86,0,0,0,71,0,54,0,0,90,65,43,44,84,223,0,83,48,0,50,85,79,0,0,81,54,107,224,0,0,107,0,92,127,135,63,32,0,0,22,155,40,0,158,0,86,29,62,0,0,0,0,0,74,50,69,113,0,16,104,124,0,0,38,0,47,0,0,0,0,0,79,0,0,0,0,109,0,31,168,13,0,0,49,0,0,38,90,26,0,48,0,0,0,90,37,0,0,154,0,48,61,125,23,0,0,0,70,58,0,0,0,27,0,226,0,40,94,143,197,0,0,0,384,216,32,0,47,128,0,31,0,0,0,112,0,16,0,0,51,0,0,102,0,95,33,74,0,0,339,321,53,0,54,103,0,0,20,0,0,0,73,0,58,0,0,98,82,0,17,0,0,0,81,62,0,0,0,0,68,0,0,409,0,103,0,0,74,54,0,132,341,0,44,78,33,84,0,30,0,0,0,71,115,0,0,59,0,0,86,0,108,27,93,0,85,43,0,0,49,0,56,0,0,24,133,0,167,0,0,0,0,25,111,17,298,0,0,40,0,131,0,0,0,18,29,47,0,277,74,0,0,37,0,55,117,0,249,32,57,577,229,215,34,84,0,0,30,0,0,0,39,0,0,61,390,75,57,20,678,98,0,47,0,0,0,0,0,53,0,0,49,0,0,0,0,0,44,0,0,40,0,79,0,41,0,169,105,52,0,0,0,332,76,0,0,0,122,0,167,0,0,0,69,0,0,183,0,0,24,0,0,0,0,33,50,49,89,0,0,0,171,44,120,0,0,0,0,0,182,137,0,136,46,0,24,0,0,0,0,34,40,0,52,30,0,45,330,0,0,20,0,0,145,59,24,0,0,0,292,0,0,0,0,78,62,21,0,0,43,0,0,0,61,340,0,196,0,0,39,94,55,50,0,0,0,36,0,0,0,50,0,122,0,30,0,0,113,44,224,0,0,77,0,60,0,27,0,189,0,58,85,107,235,0,0,72,65,157,0,51,0,66,26,159,198,89,0,28,63,0,44,413,96,90,53,0,110,133,0,0,36,42,33,0,0,81,44,0,0,0,48,0,29,64,142,0,0,110,0,0,0,117,0,0,70,74,0,0,85,70,63,0,115,20,283,0,0,87,35,169,339,109,0,99,0,203,0,0,0,568,89,40,0,0,48,0,0,63,0,0,154,98,98,43,187,0,1004,0,0,81,25,0,26,35,0,0,77,28,100,0,26,361,0,104,210,181,21,35,0,184,0,146,526,192,44,129,0,0,0,29,61,0,201,0,88,0,0,0,0,74,39,200,0,136,499,0,244,0,128,92,59,0,184,66,0,0,0,0,23,100,369,0,0,85,113,112,0,170,40,42,96,199,491,65,271,0,164,0,63,129,0,0,0,0,0,51,0,0,0,26,255,14,55,0,0,0,0,295,50,94,76,66,20,0,0,0,30,38,116,0,0,45,43,23,0,85,73,128,149,474,0,0,495,50,0,104,42,0,224,31,0,0,26,159,0,106,0,0,355,318,0,0,14,91,183,0,30,0,40,22,0,0,0,274,51,0,52,158,112,0,41,0,51,47,253,74,21,43,200,209,112,88,62,0,171,120,0,0,39,155,66,0,0,211,184,0,0,0,0,0,30,260,441,23,0,44,0,98,202,0,124,50,41,43,0,0,0,0,0,0,0,0,0,84,42,0,471,0,0,52,73,40,0,77,0,43,96,0,0,0,0,23,0,0,0,111,0,0,0,0,0,28,0,0,0,0,0,0,29,98,107,0,0,0,0,0,0,0,0,0,41,0,99,0,0,51,0,0,70,0,124,0,0,0,0,69,114,0,0,22,0,0,166,44,0,0,114,66,0,0,0,0,0,0,0,0,43,39,55,85,0,0,42,51,0,38,0,118,0,0,0,0,0,0,154,62,0,14,40,0,0,0,0,338,148,19,179,37,0,906,0,0,0,0,46,0,337,0,42,24,44,141,0,57,58,0,0,0,0,0,40,186,0,0,0,29,0,29,0,66,100,0,0,0,30,0,0,0,67,0,0,0,0,1160,126,47,41,36,0,142,138,54,0,39,0,0,29,0,55,35,0,63,0,83,92,270,0,216,32,0,124,0,0,0,0,0,128,42,0,0,53,168,38,116,0,68,0,45,0,0,0,72,32,0,64,0,0,0,62,0,83,0,0,58,0,292,73,46,46,59,0,27,76,0,0,365,0,0,157,0,30,0,231,0,53,54,0,63,0,157,70,106,22,0,0,52,168,0,0,93,28,0,0,0,42,87,0,133,27,103,42,0,0,0,0,158,51,0,0,308,64,0,0,0,0,0,0,22,189,0,104,160,0,0,0,174,0,0,0,0,0,45,0,0,94,104,68,0,0,0,0,141,0,0,134,38,47,148,0,0,0,62,76,0,111,0,0,0,0,0,0,148,0,26,0,221,157,0,0,115,219,43,32,0,50,0,0,59,0,557,0,158,0,0,119,88,0,0,0,213,66,0,65,506,0,0,104,0,0,46,48,431,0,75,36,66,48,37,0,153,0,38,918,0,43,88,35,37,202,19,0,51,76,49,50,0,0,0,0,0,152,0,0,179,135,0,0,0,15,107,0,0,97,68,0,0,21,46,107,0,0,0,0,56,0,0,386,68,51,64,53,31,54,0,0,53,0,0,138,88,0,118,95,0,51,0,100,170,0,0,21,0,132,0,56,0,0,42,105,68,23,55,0,153,116,108,34,53,0,0,0,378,0,0,0,232,0,461,194,57,0,0,96,110,35,0,0,54,0,71,51,66,73,0,70,0,0,0,0,0,81,86,0,0,309,54,0,0,0,0,0,0,102,0,0,0,0,0,24,63,49,77,56,61,29,193,0,0,96,0,0,161,0,0,23,0,0,133,0,0,0,422,0,163,0,0,0,0,328,73,130,38,35,0,92,53,326,0,0,0,0,0,53,0,0,60,0,0,0,0,0,0,0,0,0,69,195,0,47,0,0,0,0,74,223,0,124,0,115,0,0,0,27,47,0,341,91,0,55,0,33,52,50,70,0,123,55,0,0,0,65,0,65,0,18,0,0,252,0,52,24,81,32,200,37,0,149,27,37,0,0,0,81,112,45,0,152,0,76,38,0,0,0,0,63,0,0,54,59,114,55,80,73,68,55,109,0,0,0,82,0,82,52,253,64,40,60,38,0,358,0,0,51,294,0,456,82,0,0,0,275,113,49,0,117,0,86,0,27,0,61,114,175,22,0,0,92,70,0,99,133,0,0,0,43,140,0,0,53,34,0,0,38,21,104,200,63,63,84,0,19,263,0,0,243,64,0,0,0,55,0,0,385,129,273,0,0,0,54,0,0,175,42,100,149,26,0,100,64,92,147,108,70,0,0,23,223,252,131,56,76,239,0,0,98,30,44,0,241,71,0,0,0,0,90,151,103,71,265,0,0,73,0,0,31,102,0,23,72,0,97,0,41,168,0,34,0,0,0,78,0,0,44,0,152,0,0,69,130,47,0,0,0,260,584,0,0,0,0,0,0,89,39,141,218,72,112,206,31,0,0,0,0,91,77,268,0,32,0,59,164,78,123,0,26,0,0,157,0,94,0,63,0,81,11,0,110,163,0,12,32,198,71,0,0,212,0,0,0,0,0,0,199,57,0,95,264,0,0,68,0,0,89,61,55,0,0,0,35,80,0,41,33,191,0,41,0,72,62,134,41,55,139,436,35,0,278,175,43,93,152,47,112,0,54,0,72,0,0,65,77,0,62,115,0,0,30,162,82,45,0,0,0,0,236,29,71,235,0,0,0,0,0,0,116,242,58,444,123,0,0,41,0,0,135,0,0,79,55,161,55,76,73,79,205,0,76,0,0,78,34,84,0,33,0,0,102,86,0,95,59,0,63,0,0,41,56,67,42,736,0,48,99,75,0,138,0,33,0,0,29,76,307,30,167,96,0,43,61,0,87,314,41,80,245,0,0,83,45,71,0,221,94,0,84,54,0,66,51,47,0,51,0,0,852,0,161,0,37,50,0,75,0,35,0,0,0,52,0,0,329,0,57,0,0,845,37,140,312,55,77,0,0,57,0,0,0,109,90,43,158,36,57,0,0,55,83,107,37,52,66,32,53,60,0,0,92,0,0,272,0,0,41,42,0,149,0,88,0,0,61,29,0,36,0,0,48,0,58,112,0,320,194,30,50,0,0,73,0,109,0,111,140,0,265,0,58,76,0,0,71,71,67,163,109,196,117,74,0,26,46,147,0,0,65,101,24,0,106,73,51,1187,0,0,40,115,47,46,0,0,353,46,191,0,75,0,90,0,190,245,111,39,291,0,0,0,33,67,93,0,0,29,201,144,54,50,0,200,151,0,0,0,0,0,172,27,0,0,33,0,26,707,0,0,335,33,55,0,163,0,222,0,0,137,69,0,0,71,13,0,72,0,188,41,100,72,0,0,44,0,0,694,73,0,0,0,169,0,43,115,95,0,0,0,0,0,0,26,0,161,0,0,55,0,180,146,153,61,74,221,0,0,66,44,0,16,0,74,0,200,235,40,0,0,103,0,0,32,36,0,51,274,30,0,0,0,49,55,0,0,0,36,0,0,51,54,49,0,364,45,0,129,0,0,61,171,0,0,49,131,0,0,0,63,63,44,0,0,0,581,0,0,0,80,52,33,0,0,142,45,0,100,27,65,0,53,142,0,0,0,0,0,0,0,140,0,0,0,0,0,68,0,0,118,0,0,194,0,0,153,0,40,31,68,124,59,74,33,42,24,0,56,0,40,334,59,0,0,226,61,23,0,0,78,57,40,74,0,0,466,81,210,0,122,31,90,94,152,0,48,106,54,95,0,0,55,0,54,0,57,0,0,47,0,151,0,54,33,412,0,0,171,53,0,0,0,0,0,0,55,0,505,0,259,42,65,0,78,171,16,66,0,93,99,44,0,0,53,57,0,73,56,0,43,0,99,75,121,0,61,0,0,0,0,0,84,26,94,0,67,101,98,0,55,0,0,0,0,87,101,29,0,94,0,0,0,34,50,94,0,41,0,153,0,0,0,137,0,0,77,120,0,44,235,47,0,139,104,111,155,52,0,36,0,0,0,223,0,86,48,0,44,47,0,0,0,302,0,159,80,0,32,79,42,121,0,0,539,91,375,0,0,32,0,44,0,0,0,0,125,201,0,204,111,0,0,79,20,159,0,42,0,50,0,0,49,34,0,62,44,89,0,0,104,0,0,0,0,0,309,70,48,0,0,0,66,0,89,47,0,0,0,132,194,342,0,0,367,52,131,0,52,73,40,0,0,133,0,61,0,0,27,77,0,15,0,193,47,0,0,50,0,0,24,0,47,0,28,142,494,412,46,92,0,77,171,51,130,0,0,89,90,48,46,81,0,85,78,49,11,63,140,0,95,143,0,34,62,81,93,33,108,44,181,45,0,0,46,0,77,233,0,876,195,0,279,0,0,63,54,0,59,0,400,0,0,26,182,0,0,97,0,0,117,0,91,0,85,90,107,640,110,0,326,0,166,0,140,18,97,0,0,0,63,40,160,0,0,0,0,158,141,0,0,134,0,105,264,54,52,37,0,0,0,800,175,0,0,45,144,0,0,0,90,25,0,62,121,56,0,0,74,0,0,385,0,76,164,0,95,0,44,0,0,0,0,0,0,0,0,237,0,45,34,236,0,44,0,0,0,43,77,37,0,105,332,89,0,0
372,0,0,0,47,44,49,33,0,0,0,260,20,0,0,38,290,71,0,0,0,217,0,48,50,76,0,0,32,36,0,0,34,0,0,111,199,0,54,389,139,0,41,0,130,0,0,68,225,0,117,24,46,36,0,155,40,0,0,16,0,0,67,112,0,30,105,0,0,0,0,0,0,0,0,130,39,0,302,49,0,0,0,81,147,0,0,0,0,0,197,50,27,72,118,33,0,0,94,0,0,0,21,84,0,0,0,0,111,41,318,77,69,64,169,68,53,0,0,0,0,0,228,0,0,0,0,0,52,0,106,16,211,0,73,53,132,31,45,31,146,38,147,171,0,0,0,27,0,0,0,0,41,0,77,125,0,57,0,56,277,53,0,112,0,0,37,0,62,129,140,114,0,76,0,27,0,0,133,93,0,81,0,30,0,0,0,338,218,0,0,0,0,54,49,0,40,0,0,70,33,90,36,0,267,0,32,0,0,164,65,96,0,0,0,58,61,38,0,0,59,86,25,19,204,0,0,104,202,0,56,0,0,0,0,0,0,50,173,0,0,43,0,56,29,0,58,0,58,0,0,31,205,31,141,41,37,0,0,68,164,118,0,0,0,0,0,336,58,87,0,0,181,204,52,52,57,0,279,237,89,0,39,107,69,47,32,197,1047,26,50,28,195,0,0,103,0,0,51,0,37,14,0,37,27,492,104,91,0,0,0,0,0,0,0,0,90,196,40,0,0,0,0,0,89,0,26,130,0,0,25,0,132,53,60,109,0,0,0,40,0,31,0,57,0,0,0,0,51,685,188,102,0,132,294,0,0,25,196,119,0,54,0,28,82,49,195,0,0,34,106,64,0,47,70,56,58,0,0,0,58,62,0,0,67,382,56,139,0,0,0,0,361,0,0,0,226,0,120,205,0,0,151,0,0,68,0,0,0,41,54,0,58,10,0,0,131,40,99,273,24,51,38,0,41,45,39,53,89,0,0,0,0,0,0,0,0,29,0,0,0,0,419,101,207,45,173,101,0,43,0,0,212,0,0,0,0,0,0,0,165,0,117,74,0,53,0,67,0,35,52,0,158,0,60,28,0,126,0,0,144,52,137,50,102,0,0,65,69,122,108,46,0,124,56,81,207,68,234,0,0,72,0,414,56,0,156,93,54,0,79,41,0,0,0,22,210,0,0,122,124,30,163,148,0,0,41,93,0,0,0,0,0,0,50,0,0,0,0,176,0,62,0,0,0,0,46,0,0,136,126,82,37,63,0,0,0,51,0,74,0,160,0,0,87,157,41,0,0,0,71,154,0,0,0,0,0,94,0,40,126,45,115,0,80,0,174,314,0,0,0,0,0,61,0,0,0,87,0,40,0,0,0,0,30,93,78,145,0,0,0,0,111,125,85,0,36,0,0,0,0,0,0,0,0,0,0,0,0,145,142,17,0,0,0,0,70,76,0,0,0,0,118,0,13,172,0,0,0,196,108,0,0,61,253,0,36,47,45,117,61,57,0,0,0,184,43,25,0,0,111,0,54,28,254,0,59,43,76,0,0,0,52,63,49,0,0,0,0,0,62,0,59,0,53,0,164,0,253,0,0,0,0,61,48,40,0,37,53,44,0,191,40,0,0,38,0,0,137,34,180,0,111,483,113,0,0,23,0,0,70,34,45,0,86,0,0,0,186,40,110,0,471,70,0,77,0,0,73,0,0,0,39,0,65,0,0,31,0,0,0,44,0,0,0,46,0,36,0,83,86,135,58,0,0,126,0,31,0,0,52,0,53,0,0,0,87,93,97,157,0,0,0,37,0,55,0,75,44,0,0,0,0,42,241,0,42,73,72,0,0,20,0,240,34,197,0,0,38,36,55,0,88,51,0,0,41,54,0,96,239,0,0,58,0,0,51,0,0,0,0,47,107,0,82,25,0,64,20,0,45,0,116,0,0,0,241,159,42,283,0,36,0,155,0,0,0,0,0,0,0,0,0,0,240,143,51,0,0,0,30,57,99,0,25,39,0,80,0,0,60,43,0,0,203,29,88,49,0,0,73,172,0,0,0,0,0,87,105,0,0,0,0,0,0,308,63,61,44,0,47,0,0,0,39,61,0,0,0,30,33,0,0,0,10,33,0,0,112,0,0,0,0,36,0,100,0,0,36,61,92,0,37,88,0,0,32,0,221,0,0,0,0,49,116,56,0,95,13,0,0,32,0,206,0,0,0,87,0,0,0,48,0,0,67,66,19,0,297,0,290,40,0,51,0,0,0,0,0,0,98,0,43,0,0,143,0,65,228,138,0,26,0,67,0,73,81,212,0,42,0,0,0,0,0,0,65,0,0,0,0,58,0,0,0,109,0,107,596,0,70,0,86,87,0,0,102,0,79,0,0,0,0,44,170,0,0,0,46,0,0,255,0,46,39,152,168,0,165,0,79,0,0,0,0,0,0,0,0,0,0,34,0,0,127,0,0,0,56,23,43,0,0,83,88,0,0,0,0,0,0,34,114,0,0,0,70,0,0,58,0,89,73,197,0,38,124,62,0,188,0,53,213,0,0,0,0,111,0,170,0,0,179,37,0,0,0,77,0,0,0,0,54,0,0,0,22,131,24,0,71,56,47,0,76,0,0,36,93,37,33,68,215,133,114,66,0,0,83,65,79,0,0,68,0,0,41,0,231,0,0,0,0,0,0,279,67,0,0,45,0,175,0,0,0,0,0,34,0,0,0,0,0,0,0,0,0,45,0,0,103,0,0,0,0,0,50,0,0,0,0,0,0,0,0,0,21,0,0,110,0,0,15,0,42,0,0,0,0,33,0,0,0,77,62,0,26,0,0,0,0,0,0,0,37,0,92,0,0,0,0,0,100,0,53,0,0,0,0,46,0,0,0,0,0,0,113,0,0,0,0,0,0,0,45,0,0,0,0,0,21,56,0,0,0,0,0,28,0,38,0,62,0,0,0,0,0,0,27,66,0,0,70,0,0,0,0,132,60,0,39,0,0,350,0,77,0,0,0,0,263,0,0,45,0,64,0,0,46,0,0,0,0,0,0,96,0,0,0,61,0,43,0,0,84,0,0,0,27,46,0,0,21,0,0,0,0,615,73,0,131,0,0,82,46,0,0,67,0,96,0,0,0,0,0,80,0,46,0,472,0,118,0,0,175,0,0,0,0,0,65,0,0,0,0,161,0,0,0,35,0,42,76,0,0,30,0,0,71,0,0,37,0,23,92,0,46,49,0,176,31,65,0,106,35,0,0,0,0,142,0,0,38,0,0,0,77,0,43,0,0,0,0,115,0,49,43,86,0,0,81,0,0,88,0,41,0,0,0,51,0,72,55,57,57,0,0,0,0,64,16,0,0,168,0,0,23,0,26,0,0,0,44,0,40,154,40,0,0,107,0,0,69,0,0,0,0,0,0,134,0,0,0,64,0,0,0,0,0,0,0,113,0,0,0,84,0,0,0,0,35,0,0,0,0,99,0,121,0,105,90,18,0,0,98,10,32,75,0,88,0,0,0,0,0,106,0,0,0,0,0,0,0,83,0,43,96,295,0,0,129,0,0,0,155,0,0,25,50,0,0,0,0,0,0,0,127,0,76,0,0,0,69,0,0,0,0,0,104,0,0,0,0,0,39,0,37,23,416,0,0,0,118,37,39,0,67,0,0,0,0,0,161,0,24,0,0,0,0,0,0,184,12,70,0,0,62,0,0,56,45,58,0,51,0,46,0,57,0,0,0,94,0,0,55,44,129,0,0,0,0,0,163,50,0,0,0,109,0,0,0,34,0,64,0,83,0,0,0,0,0,333,0,125,0,0,0,0,0,0,0,54,0,0,0,46,0,0,0,0,0,32,76,0,61,42,0,0,85,0,0,0,54,58,0,0,69,42,0,0,0,0,0,47,0,99,221,0,111,54,0,0,0,0,0,164,0,0,0,0,0,89,0,0,63,50,0,60,0,0,0,0,0,166,43,74,0,0,152,29,311,0,0,0,86,0,76,0,36,0,78,0,0,0,0,0,0,0,0,0,171,60,0,0,0,0,0,0,35,0,0,0,0,50,0,0,0,0,0,48,0,0,0,0,0,0,0,92,0,0,0,0,0,0,0,0,29,0,0,0,0,59,0,0,0,0,47,97,0,0,47,0,0,0,0,0,58,32,0,0,0,0,0,0,0,0,0,0,54,0,0,0,21,0,45,225,0,0,0,0,0,0,0,0,0,0,0,72,0,0,0,0,0,210,0,0,0,111,0,38,0,0,0,0,0,0,0,0,0,0,39,0,0,0,0,50,270,0,0,0,80,0,0,69,0,0,0,0,0,28,0,0,0,39,0,0,0,0,59,152,0,0,0,0,0,213,0,0,140,0,0,0,0,0,0,0,0,0,28,0,37,0,0,0,0,185,0,56,41,0,0,0,0,0,381,39,0,0,0,0,32,51,0,0,22,0,0,0,150,0,95,0,0,0,0,0,0,0,55,112,65,103,423,0,0,101,0,0,0,35,0,0,43,0,36,0,27,0,0,0,0,0,0,0,0,0,63,0,38,0,0,33,117,0,0,0,0,204,113,0,0,0,29,0,0,0,0,21,78,0,105,173,97,0,0,0,0,0,0,61,0,0,0,0,0,64,0,0,0,67,0,0,0,58,0,0,0,0,0,0,155,0,0,0,0,165,88,0,0,36,0,0,0,0,0,0,49,0,0,0,202,0,0,0,0,0,0,47,0,0,0,71,0,93,30,0,126,80,0,38,0,28,0,0,29,45,0,0,0,0,140,0,0,0,0,0,0,0,0,0,0,0,0,23,0,20,57,0,0,0,0,33,76,0,0,0,0,48,0,26,0,0,0,0,0,0,0,0,0,0,55,162,0,0,0,0,0,0,70,0,0,51,84,94,27,47,0,61,98,0,30,0,0,0,0,55,0,19,61,0,38,94,0,0,0,0,0,0,0,0,35,57,0,0,0,0,0,0,36,0,0,0,0,0,0,0,0,0,73,35,0,0,27,0,32,90,24,111,28,0,0,44,0,0,0,27,27,0,70,0,0,50,44,0,0,44,0,0,106,0,58,0,0,0,0,42,0,0,0,0,0,0,0,10,0,0,0,0,0,46,0,0,123,0,0,0,0,0,0,0,0,0,45,94,168,59,0,0,0,0,27,0,28,0,0,0,0,0,0,0,0,0,0,98,0,0,37,46,0,77,0,132,0,0,0,0,0,0,0,0,0,0,0,125,0,52,66,0,33,0,0,0,0,42,0,55,124,0,126,0,0,0,0,28,0,0,28,0,35,83,39,37,0,0,82,0,0,0,0,0,0,0,0,0,0,410,44,0,0,0,0,60,0,0,76,0,37,0,0,0,30,0,0,121,45,0,90,0,0,0,0,41,0,0,0,0,0,0,52,0,0,131,71,0,0,0,26,0,62,0,0,0,0,0,0,334,0,0,81,0,0,0,90,0,0,0,0,93,0,0,0,0,0,0,40,0,44,0,0,43,0,0,28,0,0,442,0,0,0,0,109,0,79,40,0,26,0,0,0,0,60,0,0,109,0,0,75,0,122,0,44,0,0,121,0,0,0,0,0,0,0,0,0,120,297,0,0,0,51,0,0,0,0,0,57,93,0,0,24,0,0,38,0,0,0,0,0,0,103,0,0,0,144,0,0,0,0,0,0,0,0,0,32,62,0,0,0,57,0,0,0,0,29,117,60,0,0,43,0,0,0,0,56,0,0,121,0,0,0,0,57,0,0,0,0,0,0,0,44,0,0,0,0,0,0,54,0,53,0,0,65,0,0,0,0,0,0,0,0,26,33,0,0,0,46,0,0,0,90,0,0,0,0,0,0,101,0,124,0,23,0,0,0,90,0,335,0,86,49,0,66,269,0,0,0,0,59,0,0,0,0,97,0,0,0,0,0,0,170,0,0,0,180,0,0,13,0,58,0,226,0,0,0,0,0,133,0,97,0,0,0,0,88,0,59,0,73,0,68,0,0,0,52,0,0,44,0,0,0,0,30,111,0,0,28,0,0,0,0,0,0,0,0,0,27,49,0,0,0,0,0,0,0,197,0,0,0,0,28,0,0,0,133,0,0,0,0,0,0,0,0,0,0,0,0,0,0,41,0,0,58,0,0,41,0,0,0,0,0,0,0,0,0,0,0,0,0,0,0,0,28,0,0,40,0,0,0,27,0,0,0,61,0,0,0,0,0,0,0,0,0,0,0,100,48,0,65,31,41,0,39,0,26,0,0,0,0,0,0,0,0,69,0,0,0,0,0,0,0,0,0,0,0,86,0,0,0,0,0,0,0,0,0,0,0,0,0,55,0,0,0,0,0,0,0,0,26,0,0,0,0,0,0,0,0,0,32,0,0,0,37,0,0,0,0,25,0,0,0,0,0,0,54,0,221,0,24,0,0,0,0,91,0,0,0,0,0,0,36,0,0,0,0,0,40,0,0,0,0,0,24,0,0,0,0,0,0,0,0,0,0,0,0,0,0,0,251,0,0,0,0,0,0,0,0,0,0,105,0,0,0,33,0,0,61,0,0,0,0,0,0,0,0,0,0,53,0,0,0,0,0,33,0,42,0,0,0,0,0,64,0,0,0,0,0,0,0,0,0,0,0,0,0,0,0,0,0,0,38,39,0,0,0,0,0,0,0,0,0,0,0,0,34,0,0,41,0,0,69,0,0,35,0,0,0,241,0,0,0,0,0,0,0,0,0,0,0,27,0,0,0,0,0,0,0,0,27,0,0,0,0,0,0
373,0,0,0,74,45,101,44,0,83,0,434,24,21,23,132,123,46,0,46,0,160,79,48,66,82,0,0,78,0,48,0,44,0,51,188,238,0,71,215,119,76,44,0,473,0,40,0,394,0,132,60,34,97,0,213,0,0,0,35,0,73,68,161,0,50,77,0,0,0,212,0,0,0,0,260,129,0,342,0,129,0,35,146,320,0,46,0,161,0,274,0,75,84,153,0,30,0,49,0,0,0,42,80,25,0,0,36,88,71,139,0,83,88,74,64,0,98,65,0,355,32,84,85,0,0,0,0,98,0,126,0,136,0,60,114,156,96,66,54,56,135,111,138,0,0,43,67,48,172,0,42,112,0,125,105,0,64,31,162,196,43,0,123,50,111,46,0,134,253,193,113,42,120,0,77,63,57,161,125,34,141,0,20,0,0,41,592,263,0,0,0,129,53,64,0,0,0,0,286,0,64,109,0,41,29,65,0,35,65,165,70,56,67,0,177,40,87,0,0,24,233,18,0,89,0,0,125,317,0,80,0,0,0,23,0,0,0,32,0,0,56,41,113,52,0,163,0,31,0,45,89,121,0,102,0,85,0,46,64,367,175,123,0,43,0,26,452,37,250,67,0,261,121,82,66,50,46,449,176,116,0,70,196,76,54,40,328,1708,46,44,36,224,27,0,56,0,0,69,77,35,32,92,55,0,130,133,132,0,78,0,439,126,0,0,23,77,125,66,0,0,26,0,0,227,104,0,0,0,30,342,0,0,47,64,24,0,0,0,0,0,56,0,44,154,0,0,0,86,499,141,63,0,276,104,0,72,107,60,163,61,0,88,29,49,92,260,46,49,0,158,81,73,0,57,116,120,0,0,195,0,48,0,40,88,596,45,45,69,0,0,0,365,0,78,0,415,0,98,277,0,0,86,0,21,38,0,0,76,0,43,0,0,0,0,0,63,106,188,163,37,0,39,0,88,91,52,34,79,0,0,31,63,0,198,0,28,44,0,34,0,0,347,80,137,91,106,142,0,96,0,0,223,0,89,0,67,31,0,27,159,0,179,136,34,77,0,41,0,33,0,0,254,109,36,27,177,65,140,102,237,0,142,61,53,0,0,0,138,88,86,62,0,161,50,71,206,76,205,0,0,113,87,263,64,93,0,129,0,26,36,0,0,0,0,0,133,0,59,147,65,0,159,274,126,0,50,0,235,15,0,0,0,0,64,49,0,0,0,86,29,124,273,0,0,0,0,0,49,181,213,96,0,44,0,28,0,113,43,21,183,267,0,0,53,193,71,0,0,0,130,152,0,0,0,0,0,210,0,56,78,85,164,0,291,0,253,205,32,0,51,462,0,82,23,0,0,116,0,49,0,65,139,69,41,229,78,252,46,38,0,70,56,237,84,0,50,56,0,0,0,0,0,75,47,0,0,48,0,25,305,0,0,106,0,42,0,0,0,0,0,0,119,0,0,72,0,72,0,234,68,0,0,0,363,0,177,0,0,255,83,32,78,0,28,196,0,67,0,35,219,98,168,0,301,48,0,95,360,0,0,0,187,112,413,0,33,20,198,0,67,0,0,0,0,56,189,0,484,0,42,46,0,0,72,0,0,153,77,55,0,0,99,0,0,0,0,0,102,71,171,22,37,2081,173,136,55,110,0,0,173,0,0,71,139,0,0,0,107,82,133,82,635,80,0,69,39,0,112,0,0,86,0,0,154,0,0,0,0,0,0,64,0,118,0,75,0,111,0,74,116,50,71,0,0,76,35,0,0,91,67,0,0,0,0,0,0,95,55,148,0,0,70,0,0,0,0,0,0,30,99,0,0,84,133,47,186,0,140,0,50,0,136,303,47,86,0,30,0,24,90,0,138,82,0,30,77,132,0,141,57,0,0,77,0,0,31,0,0,0,0,0,225,0,164,0,0,74,31,0,77,0,149,0,0,0,436,0,74,579,68,0,0,131,0,0,0,0,0,0,0,0,39,0,325,84,28,0,0,0,0,109,0,54,0,125,0,73,0,0,0,127,0,94,45,42,239,67,0,0,52,194,0,0,0,26,0,74,99,73,59,37,84,31,23,59,41,32,0,0,105,264,40,0,18,75,76,0,0,41,0,46,0,0,0,47,0,83,74,0,0,117,0,103,0,159,0,0,0,39,81,0,56,0,0,0,0,0,301,0,0,0,0,0,118,59,0,0,0,287,0,0,0,42,0,0,0,136,0,0,40,173,0,0,40,34,245,0,120,0,656,0,29,53,34,0,0,0,0,0,0,0,57,0,0,0,40,0,118,127,0,0,0,0,41,268,678,0,65,0,0,0,0,0,74,0,96,76,0,0,0,49,0,0,0,146,0,120,475,28,36,0,45,66,49,31,93,125,84,0,86,0,27,74,369,0,85,47,115,25,0,284,0,55,99,70,227,180,71,0,168,0,0,64,0,53,0,0,0,0,0,84,0,67,472,0,0,0,31,27,47,83,0,0,57,0,0,0,0,0,0,0,99,0,0,18,81,0,0,55,59,56,76,178,0,43,128,0,0,0,39,0,137,25,69,0,0,42,0,182,0,0,0,201,0,0,0,0,0,0,0,0,52,0,0,0,45,0,92,0,0,0,114,0,116,0,44,0,101,49,0,105,0,148,121,0,0,0,113,39,0,0,0,41,0,0,55,177,86,52,82,0,0,0,96,137,354,0,0,0,0,130,76,0,125,0,0,0,0,0,0,46,61,77,35,0,42,72,0,0,0,0,0,0,0,0,65,65,24,0,0,0,33,44,0,0,0,0,0,139,0,0,55,74,66,0,0,0,0,60,0,70,0,64,32,0,0,0,0,0,0,0,0,0,38,0,99,0,0,0,0,67,0,0,0,0,0,55,0,0,85,76,0,21,0,38,93,43,0,0,0,48,0,0,70,27,0,0,49,0,0,29,0,0,0,0,0,50,0,0,0,168,72,0,0,108,63,0,144,94,28,0,109,0,78,0,0,87,135,0,0,32,0,585,0,96,0,58,30,0,219,0,44,45,0,31,0,73,0,0,0,32,0,0,0,120,0,0,0,144,0,45,0,156,69,0,0,0,0,0,41,0,0,98,0,0,0,961,95,0,0,0,29,103,149,0,0,0,0,264,26,0,0,48,0,169,0,121,0,146,0,98,0,0,33,0,0,0,0,0,88,53,0,102,0,55,0,87,0,58,0,0,0,0,0,85,0,0,98,0,15,0,38,31,163,0,56,132,0,188,175,0,148,0,21,0,0,36,0,110,0,0,93,0,0,0,217,0,52,22,0,0,0,107,29,0,131,41,0,0,166,0,0,87,0,54,0,0,0,99,0,123,0,62,0,0,0,0,0,98,0,41,21,151,113,0,63,22,0,42,0,0,34,36,70,87,0,0,22,59,0,0,0,0,0,0,0,0,45,102,17,0,0,0,0,50,0,0,0,0,0,92,0,0,0,47,49,0,62,0,0,0,0,0,0,79,0,0,0,0,106,0,0,113,55,0,0,36,0,52,0,0,0,245,0,34,0,0,0,0,0,0,0,94,0,0,82,278,0,0,118,0,0,0,80,60,0,0,0,0,47,0,0,53,0,0,320,0,69,0,0,41,0,0,0,0,0,0,86,0,0,0,0,0,43,0,0,116,197,0,0,0,47,0,0,0,61,0,27,0,0,0,136,0,0,0,0,0,0,0,62,43,0,44,25,0,0,26,0,75,0,58,0,78,0,41,0,54,0,0,54,112,0,0,45,41,106,0,0,0,0,0,274,70,0,0,0,69,0,64,0,0,0,0,0,179,0,0,0,212,0,63,0,66,0,0,75,0,0,0,0,68,25,0,0,84,67,0,33,0,31,0,40,0,0,158,0,0,161,0,0,0,0,39,0,0,106,0,0,0,0,0,0,47,17,73,201,0,67,20,0,0,0,0,0,78,0,0,0,0,0,51,0,0,0,0,0,27,0,29,0,0,42,116,63,66,0,0,116,50,189,0,0,0,45,0,195,0,0,0,0,0,0,0,0,0,0,28,0,0,112,0,0,0,0,0,0,0,83,0,83,0,56,0,0,0,0,69,0,21,50,0,56,0,0,0,0,0,0,0,0,0,0,0,0,25,69,0,48,0,0,147,0,24,0,45,56,200,94,0,98,0,33,0,0,0,74,120,0,0,85,0,0,45,0,0,0,26,0,0,0,0,45,0,63,197,51,51,0,0,0,0,0,34,0,38,89,274,0,42,35,0,0,125,0,0,29,75,0,80,56,0,0,0,112,0,0,0,73,0,0,16,0,0,43,0,215,0,0,0,26,60,0,112,0,31,0,0,0,167,0,0,45,40,0,0,45,29,184,121,0,34,64,0,0,290,0,37,124,0,0,0,0,0,0,0,112,54,189,0,55,0,47,0,0,96,0,68,93,0,37,167,0,73,326,103,39,0,0,0,0,41,82,22,60,235,0,0,80,0,0,0,33,66,0,0,0,0,50,72,0,50,252,0,0,86,0,0,0,60,0,0,56,0,86,0,0,169,0,0,0,0,54,111,34,0,74,0,156,26,0,0,92,0,0,0,0,227,381,0,0,0,0,0,0,56,0,54,176,0,0,85,104,0,0,0,0,93,0,369,0,30,0,0,0,85,66,0,0,0,0,126,0,90,0,46,0,0,0,0,78,121,0,0,0,150,61,0,0,192,0,0,0,0,0,0,166,0,27,55,259,0,0,0,0,0,45,60,0,0,57,0,0,69,18,0,100,0,0,0,0,0,0,66,0,136,0,0,0,0,462,90,0,0,58,0,0,0,0,33,0,0,38,0,0,0,0,0,0,0,0,0,91,0,0,0,0,0,0,18,89,80,0,0,34,0,0,0,34,364,146,0,95,0,0,0,0,0,0,0,0,26,232,0,37,187,137,80,49,0,0,0,0,0,26,0,0,0,63,0,41,0,0,0,70,0,0,0,0,0,0,106,0,401,0,79,0,0,49,0,0,0,0,64,0,0,132,28,0,0,0,0,44,0,0,108,0,197,97,0,112,0,0,0,0,89,0,0,133,0,0,55,0,61,0,66,0,0,393,0,0,0,0,0,0,0,0,0,0,45,0,0,0,0,146,0,49,0,0,0,56,67,146,46,0,0,0,41,0,0,0,63,0,0,184,36,0,0,0,0,15,87,62,47,0,0,52,57,52,0,138,35,0,0,0,0,108,138,0,0,0,70,0,0,98,0,0,0,0,0,71,0,0,158,0,196,80,0,0,0,0,0,0,114,0,0,0,0,92,41,0,116,0,110,0,0,0,98,48,51,104,184,0,0,52,63,41,0,0,39,0,0,0,0,0,538,55,0,56,0,0,105,79,0,46,47,142,0,0,0,0,0,128,124,88,0,116,0,0,0,0,50,0,0,0,0,86,66,0,0,0,68,68,0,0,0,0,0,71,0,0,0,0,0,0,190,0,0,206,28,45,11,60,0,128,0,0,41,45,0,0,0,0,0,28,0,23,37,25,0,26,0,0,0,0,286,58,0,0,0,112,0,26,69,86,0,0,0,0,0,0,0,0,0,0,0,0,0,0,53,40,0,0,40,0,0,0,0,0,0,0,30,0,0,52,0,0,0,114,52,0,0,42,0,0,119,0,0,35,0,0,0,0,36,0,0,0,0,0,61,0,0,121,0,0,159,0,0,0,175,0,0,0,0,0,0,0,76,38,0,0,0,25,0,0,0,0,0,0,0,0,0,0,0,0,0,0,33,0,0,0,0,0,0,0,0,0,0,50,54,0,0,0,0,55,0,0,0,0,0,91,0,0,49,0,0,24,39,0,0,13,0,38,0,0,0,0,0,339,0,0,0,124,47,0,73,0,44,48,20,91,0,0,34,45,245,0,101,27,130,0,203,0,0,0,0,62,0,0,0,12,104,0,61,0,0,0,0,56,0,20,0,52,0,0,172,0,0,0,47,0,0,49,25,0,517,0,358,0,0,0,0,70,0,92,56,98,0,27,0,0,0,0,0,0,0,22,48,0,30,0,83,0,0,0,0,74,0,0,0,0,48,0,0,109,151,0,0,0,0,0,0,103,47,0,0,59,0,0,0,0,0,26,0,0,42,0,0,60,0,65,0,0,58,29,0,30,256,0,0,79,152,252,147,91,0,0,0,0,0,0,0,0,0,0,91,0,0,0,0,52,0,82,0,51,63,22,51,112,0,0,355,0,188,0,0,0,0,0,0,0,0,0,33,39,0,37,0,214,0,0,0,53,0,0,0,0,0,48,0,0,49,0,34,0,0,0,0,0,0,0,0,0,94,0,61,0,0,0,0,75,38,0,32,0,0,71,131,79,0,0,0,121,65,0,0,53,0,0,0,0,0,39,0,38,27,0,0,21,0,76,0,0,0,0,0,0,0,0,51,0,0,38,380,555,0,0,0,42,69,0,0,0,0,64,0,0,0,177,62,0,0,23,0,82,0,0,0,0,0,0,95,0,187,43,0,0,95,0,0,0,51,0,23,112,0,148,118,0,90,0,0,43,48,0,69,0,162,0,0,0,69,0,0,135,0,0,31,0,0,0,0,71,0,517,139,0,225,45,112,0,0,0,67,0,0,0,133,0,181,0,0,0,0,33,85,0,48,0,0,71,169,40,0,58,0,0,0,420,24,0,0,70,0,0,0,0,50,0,0,32,88,141,0,0,62,0,0,216,0,0,22,0,65,0,211,0,0,0,0,0,0,0,26,159,0,0,0,0,0,35,0,0,0,0,37,0,0,46,0,0,0,0
374,0,25,0,65,39,67,45,0,24,0,385,0,0,0,244,304,363,0,29,0,173,54,49,0,64,0,20,50,0,39,0,51,0,48,175,0,0,0,123,111,46,0,0,253,0,54,62,132,0,155,0,0,132,33,89,0,0,0,0,0,63,42,38,0,45,108,53,0,0,382,0,0,37,0,270,60,0,263,0,171,0,26,62,180,0,0,0,66,0,146,0,0,41,77,48,0,0,0,0,0,0,0,146,0,0,49,0,75,46,385,89,76,106,139,46,0,97,0,61,208,0,149,0,0,28,0,43,36,0,72,0,95,0,51,0,65,74,77,73,126,80,63,599,0,0,83,46,83,115,0,0,105,0,0,64,0,71,0,114,93,35,0,0,74,46,41,70,106,160,221,69,48,110,0,0,0,59,68,86,0,79,0,0,34,40,23,494,26,0,0,0,89,0,77,0,234,67,0,175,0,56,98,0,510,36,54,33,23,124,123,120,0,99,0,144,0,38,0,0,329,95,0,0,86,0,0,94,256,0,0,0,0,0,0,0,0,17,83,0,45,127,38,80,43,0,68,0,83,0,35,54,75,195,152,49,66,0,0,57,319,183,101,103,42,49,0,51,190,182,0,0,98,57,89,0,63,26,597,90,0,0,103,136,120,75,0,225,900,61,33,0,89,0,0,31,32,55,44,77,27,0,75,54,0,449,328,138,0,135,101,460,79,0,0,0,117,198,43,49,17,29,0,71,181,86,0,78,0,0,297,0,116,46,79,108,0,0,19,27,0,122,0,0,58,0,0,0,108,529,119,0,0,131,560,0,104,40,544,106,0,47,111,0,66,240,350,197,70,0,114,50,56,0,86,172,142,0,0,224,59,0,29,39,0,592,73,104,52,0,42,0,448,36,69,0,503,61,49,201,0,0,73,0,33,49,0,83,36,54,139,0,71,0,0,0,254,70,148,241,0,244,0,0,93,76,65,49,209,0,20,0,36,0,90,0,0,74,66,204,0,0,51,147,68,94,147,26,46,46,0,0,81,0,139,0,65,31,0,0,60,0,227,74,0,56,46,66,0,0,0,0,206,85,51,65,81,519,205,123,133,0,165,28,135,0,0,116,114,221,140,60,0,79,0,88,133,128,74,0,0,118,0,248,82,82,161,118,44,0,0,43,0,37,37,0,110,0,83,96,47,0,102,142,122,0,33,0,145,0,20,0,0,0,105,67,0,0,0,118,55,0,278,0,65,0,0,43,34,235,172,52,0,50,53,0,0,56,99,68,97,361,0,115,70,446,60,0,0,0,232,143,0,0,0,0,0,63,0,24,45,353,50,0,205,0,59,173,30,0,18,526,0,0,0,0,0,177,25,0,0,0,151,0,29,66,91,141,28,39,0,88,218,274,66,0,71,86,0,32,15,34,0,84,68,70,51,0,0,172,127,0,0,0,0,44,39,56,39,0,0,0,92,0,0,78,0,69,93,258,347,52,0,28,221,0,183,60,102,124,193,59,59,0,30,217,22,73,0,0,36,97,195,0,153,37,0,0,615,49,31,26,220,0,404,55,34,0,259,0,280,0,70,0,61,28,95,0,325,0,66,123,0,85,330,0,42,166,72,73,0,124,142,0,0,0,0,0,201,0,149,53,110,2316,198,157,100,50,0,0,268,96,0,82,126,0,0,0,144,152,124,64,865,144,0,78,0,0,56,0,32,0,103,0,54,24,29,0,0,0,23,72,0,113,0,100,0,0,0,154,137,170,73,0,0,0,0,0,46,94,0,101,108,0,0,0,146,126,128,536,0,0,58,38,0,41,0,51,54,0,141,103,52,29,238,0,209,130,52,0,0,0,148,143,55,427,49,0,0,119,159,0,270,33,0,0,0,59,51,486,84,0,87,37,61,0,121,61,0,0,0,63,139,0,107,158,0,88,36,58,106,0,186,0,0,0,134,107,29,240,31,54,0,242,28,87,0,0,0,0,25,49,0,48,390,172,33,0,0,88,0,0,48,0,243,0,0,70,49,76,54,111,0,110,203,0,260,0,31,50,73,405,0,0,0,0,24,221,271,324,120,0,0,29,30,379,61,84,147,0,96,72,60,0,0,118,41,0,41,0,0,48,0,0,47,35,41,75,73,0,0,96,38,0,0,59,0,0,0,62,65,0,45,218,0,0,0,25,110,0,58,70,0,40,98,53,0,199,60,174,42,73,0,86,0,0,0,266,0,0,80,232,0,0,37,69,392,45,728,0,1133,136,29,0,48,0,33,0,17,0,57,0,0,0,0,35,48,75,475,39,0,68,0,0,0,253,693,133,33,0,0,45,67,54,59,0,0,47,0,0,0,164,0,34,50,51,0,111,1259,98,198,0,212,48,45,32,95,0,35,0,47,0,93,56,126,0,93,46,57,141,0,220,71,86,0,148,400,133,432,0,127,138,39,77,17,0,55,86,0,51,0,56,0,70,419,0,0,0,76,0,0,278,22,78,0,69,62,0,0,48,53,58,80,0,0,82,0,0,0,111,43,175,61,120,0,0,132,0,0,473,0,167,153,0,46,0,0,122,28,143,0,0,66,269,0,0,0,126,0,0,98,0,0,0,31,0,46,329,91,75,0,43,0,115,203,0,0,49,91,21,0,0,95,0,184,120,80,37,0,0,121,0,45,49,288,0,0,112,122,0,39,0,0,0,50,201,398,0,0,164,0,427,144,0,302,32,0,0,0,51,0,68,81,69,205,0,0,100,0,0,318,0,0,128,116,0,110,58,0,88,37,30,0,114,0,0,37,20,0,203,0,0,96,159,0,0,104,0,0,103,0,193,0,0,77,0,60,0,91,0,0,0,73,57,0,0,55,0,0,79,0,62,119,0,42,0,0,57,0,164,155,197,0,34,0,42,204,0,33,0,91,0,0,49,121,66,0,41,0,0,99,67,41,90,0,0,50,0,0,187,0,277,0,0,0,120,90,0,212,0,0,0,0,0,160,45,0,165,64,52,113,0,0,1172,32,76,0,70,48,0,256,0,0,102,0,0,0,232,62,0,0,40,53,0,0,185,0,33,0,143,9,114,0,143,0,0,0,0,0,42,40,0,27,220,0,0,0,424,237,37,330,37,73,0,28,51,29,46,0,152,28,0,51,0,0,502,21,68,83,255,0,475,110,0,158,0,0,0,0,0,203,88,0,113,65,181,0,157,38,185,0,54,163,0,19,93,73,40,102,79,0,90,72,111,226,0,138,120,0,276,139,69,104,71,0,0,172,0,0,310,0,0,116,0,0,18,71,0,73,167,80,48,41,112,43,51,150,107,0,142,64,0,0,0,34,88,0,0,88,80,0,41,131,139,137,0,71,44,0,171,0,58,0,269,253,183,56,22,0,41,0,0,206,50,111,234,0,0,0,107,0,43,87,0,0,41,0,0,122,281,70,0,0,29,0,224,0,0,95,28,0,136,0,0,0,130,92,0,87,114,39,0,56,0,0,122,0,111,0,317,151,0,0,80,150,52,31,221,78,122,0,27,0,489,0,333,0,60,35,109,0,45,56,164,61,0,156,488,0,0,114,69,39,72,94,249,0,75,88,59,62,0,0,180,0,31,396,0,54,36,0,45,29,18,0,0,50,19,328,37,64,0,0,0,85,0,19,126,243,0,0,31,83,29,90,0,90,68,0,46,29,0,504,0,67,0,0,42,0,0,173,182,39,59,34,0,91,54,0,38,90,0,132,104,0,93,203,75,45,33,56,269,0,0,64,37,231,0,66,0,0,0,714,50,0,17,0,120,100,85,0,140,42,63,0,302,0,0,0,250,59,542,0,93,41,0,54,74,46,156,31,53,0,43,83,92,147,0,61,0,61,0,77,0,80,110,0,0,345,46,0,0,156,164,0,62,112,106,0,39,0,0,0,106,85,94,594,116,71,75,0,21,112,0,45,126,0,0,0,0,0,103,0,0,49,298,0,202,0,0,45,0,223,260,103,201,52,0,246,39,337,0,41,20,115,30,358,74,79,0,50,0,0,47,0,0,0,67,0,27,225,0,52,0,0,0,33,70,80,0,164,0,67,131,0,0,65,0,0,208,73,0,107,90,0,192,245,87,0,140,56,0,82,0,74,82,81,43,32,0,0,374,0,71,0,38,66,134,92,0,159,62,31,0,66,0,55,159,51,46,107,0,65,57,59,35,59,0,0,0,0,165,114,100,0,77,57,90,125,47,39,0,0,89,0,32,40,106,63,65,104,35,59,138,49,36,114,185,0,206,34,0,0,48,121,60,110,0,94,58,0,0,30,0,0,61,70,0,0,0,205,85,91,64,103,109,0,0,57,199,45,0,93,61,0,0,0,0,205,270,0,142,75,0,0,160,0,0,810,74,38,0,31,76,58,0,208,78,480,0,50,0,0,0,0,110,0,88,192,92,0,183,53,99,365,157,167,0,0,37,88,298,189,108,0,322,0,0,142,174,141,0,272,283,36,0,0,0,82,324,308,142,125,61,0,0,0,0,0,151,0,0,118,0,357,0,56,120,0,0,0,0,80,44,0,39,59,172,185,344,0,0,387,63,0,0,0,116,409,0,32,0,25,0,0,140,50,142,247,57,45,144,130,0,46,0,0,165,106,76,0,22,0,156,122,50,143,54,0,136,0,27,0,175,0,42,0,78,0,0,45,134,29,0,85,257,0,73,0,2119,0,53,7,0,0,0,170,76,62,157,347,0,0,94,0,0,366,97,0,41,31,157,31,0,67,37,122,495,47,116,47,66,48,121,82,193,107,418,116,0,352,41,84,71,56,109,124,48,0,29,35,0,0,95,98,46,78,145,36,0,0,203,83,76,0,77,0,116,279,102,74,205,0,0,56,0,54,122,153,151,186,378,241,0,32,0,0,101,110,38,49,142,0,591,40,213,77,95,226,45,138,0,52,56,0,43,24,0,68,0,267,347,0,101,115,22,64,0,0,40,55,124,62,630,77,61,155,71,302,204,0,218,49,0,0,54,132,0,100,94,0,68,0,0,110,187,85,267,98,0,0,201,58,72,0,186,104,0,157,0,0,277,177,40,48,46,0,0,807,0,54,108,0,70,0,0,260,37,29,0,25,66,0,0,178,0,92,0,29,668,50,37,151,0,42,0,88,0,0,57,30,63,201,34,148,85,157,15,0,65,46,123,51,0,57,0,70,41,0,0,110,0,74,336,0,0,157,0,0,150,113,32,0,0,73,77,39,0,0,0,156,0,155,88,0,332,161,34,52,0,42,187,0,155,157,91,197,111,237,58,83,197,0,56,113,0,114,61,352,176,219,62,44,0,47,116,0,0,49,192,0,0,87,150,74,896,0,0,0,129,51,0,335,37,554,59,179,42,0,0,175,0,234,292,139,0,108,36,0,122,0,102,87,39,0,0,207,115,61,150,33,338,186,0,0,0,32,0,136,49,0,0,0,0,36,424,0,0,550,101,79,0,161,0,50,79,0,126,0,0,23,0,0,0,283,0,73,175,115,46,0,55,0,0,0,598,56,0,0,0,378,0,66,136,287,169,0,0,0,85,0,0,0,528,0,41,0,0,237,101,241,118,50,202,0,0,49,47,40,59,28,131,0,783,116,34,0,0,60,131,24,0,75,48,97,228,91,66,48,0,49,35,0,102,38,57,0,54,72,0,21,0,439,33,0,143,0,0,0,127,0,31,82,77,0,0,0,103,0,0,0,26,64,368,38,0,0,119,40,0,40,46,230,42,0,86,0,76,51,83,60,48,0,0,0,0,0,0,121,87,0,71,62,0,0,75,54,89,0,0,253,0,0,117,0,43,67,56,302,51,97,0,90,0,0,0,14,119,472,0,0,0,330,83,137,153,0,90,148,62,91,0,0,330,0,366,56,171,148,239,91,192,0,27,63,31,177,0,104,0,0,231,72,107,0,0,35,0,474,0,28,0,902,0,19,156,43,28,43,107,0,84,204,63,76,278,0,215,49,127,0,66,270,0,81,89,139,49,100,0,24,0,109,0,190,152,33,95,0,145,134,137,0,0,79,37,141,0,0,54,0,99,28,50,313,192,0,93,0,0,0,0,103,169,0,61,112,0,0,0,36,159,339,0,0,93,156,0,45,56,211,35,0,98,177,57,0,212,81,46,69,37,213,35,0,0,0,18,0,0,179,0,49,63,0,100,117,0,0,0,132,0,77,0,149,0,112,84,68,0,0,635,92,272,0,96,94,0,66,0,0,0,45,379,159,0,180,120,145,0,0,0,67,62,0,36,0,0,0,33,0,340,249,0,61,23,20,93,117,0,0,45,42,451,70,42,0,0,50,45,60,63,107,0,124,47,51,65,241,40,0,618,75,0,61,39,44,58,0,0,234,0,79,0,0,0,113,49,0,0,81,46,0,0,89,0,55,129,46,51,0,0,0,88,1059,45,81,0,89,214,44,68,0,129,73,81,49,163,96,134,107,108,44,0,0,76,0,252,149,0,39,0,101,114,0,132,54,144,37,0,0,0,66,100,173,0,565,82,0,262,0,0,89,112,0,42,36,358,0,0,75,141,0,0,0,0,0,54,0,106,0,124,161,104,62,145,0,304,66,264,0,121,0,96,0,0,0,185,49,127,0,0,52,0,58,165,42,0,200,64,384,256,0,20,0,77,0,0,659,79,0,0,0,155,0,47,0,30,92,39,54,0,109,52,0,113,0,0,193,67,25,181,35,0,18,156,0,0,0,0,0,0,0,37,0,0,21,120,172,0,60,47,0,44,114,95,0,0,154,669,0,37,0
375,0,0,0,0,0,70,0,0,45,0,185,22,0,0,232,263,284,0,0,0,139,78,62,59,52,0,0,103,0,15,0,0,0,46,0,56,0,0,47,0,38,0,0,202,0,37,0,161,0,78,0,0,54,0,51,0,0,0,0,0,0,0,168,0,0,0,0,32,0,137,0,38,0,0,49,144,0,333,0,100,0,0,130,392,39,0,0,36,0,55,0,0,19,113,0,54,0,0,0,0,0,0,103,29,0,66,0,0,0,279,0,53,33,57,0,41,213,21,0,339,0,76,0,0,0,20,0,105,0,49,0,69,0,45,0,73,90,58,39,111,53,42,219,0,0,79,61,0,132,0,0,176,0,68,0,0,37,0,271,0,0,0,50,0,51,59,0,50,284,37,94,69,0,0,69,21,46,66,58,0,42,0,0,0,0,53,281,0,0,0,0,94,0,73,0,97,0,0,141,0,0,22,22,298,0,0,0,0,57,138,79,0,129,0,0,0,54,0,28,197,158,0,0,59,0,0,26,79,19,44,0,0,53,0,0,0,0,20,59,0,82,0,49,35,0,184,0,0,17,0,0,71,86,55,52,69,0,53,83,63,109,0,51,35,30,0,0,118,0,0,0,0,79,72,40,0,0,332,0,0,0,86,266,0,59,0,382,1481,95,0,0,0,0,0,0,0,42,89,0,0,0,37,0,0,0,0,140,0,79,39,0,100,0,0,62,0,95,0,0,0,0,32,58,147,0,0,34,0,0,0,0,0,0,0,0,0,0,0,0,0,0,0,103,0,43,0,0,86,1009,92,73,27,64,97,0,55,59,111,102,55,75,119,0,109,124,361,61,62,0,83,78,46,62,0,56,141,0,0,88,48,0,0,0,91,392,106,53,21,0,36,42,631,0,64,0,928,34,62,157,0,0,194,0,0,91,67,0,46,0,28,0,0,0,0,0,91,154,85,91,22,31,28,0,61,0,42,0,138,0,0,0,0,0,80,0,0,35,0,0,0,0,249,43,199,68,301,126,0,60,0,0,261,0,55,0,48,21,0,32,57,0,110,105,0,0,33,0,0,47,34,0,341,0,0,0,34,152,127,0,78,0,79,233,128,0,0,55,74,250,78,0,0,108,0,42,50,57,121,0,0,98,0,574,0,52,130,59,62,0,102,0,0,0,0,0,170,0,79,0,72,0,0,124,53,0,58,0,71,0,61,0,0,0,0,51,0,0,0,75,0,0,0,0,0,0,154,0,91,132,53,0,0,42,0,0,0,83,84,0,0,100,0,0,0,259,0,0,0,0,188,222,0,0,0,0,0,162,0,0,149,55,177,0,109,0,415,363,55,42,0,631,0,0,0,0,0,121,0,0,0,0,26,0,64,163,0,80,29,0,0,22,188,311,44,0,36,0,0,31,0,0,0,0,0,0,0,39,0,101,56,0,0,0,0,47,0,114,0,0,0,0,97,0,0,256,0,79,0,0,97,0,0,106,581,0,46,89,35,92,0,66,0,0,0,45,72,0,23,44,202,0,74,0,192,0,76,56,117,0,0,0,54,90,191,0,68,0,0,0,54,38,82,0,34,49,161,0,127,0,0,0,0,18,0,28,71,0,102,52,0,150,145,0,26,0,0,0,146,86,338,52,74,572,48,156,140,0,0,0,40,74,38,0,0,0,0,34,449,46,54,32,624,37,0,0,25,0,100,0,26,62,0,31,90,0,0,0,0,0,0,27,0,36,0,82,0,75,0,0,28,155,0,0,0,216,0,0,0,46,83,11,22,0,0,0,63,0,105,248,0,0,61,0,0,46,0,38,78,0,0,0,63,0,222,29,0,44,71,0,49,0,90,205,0,139,0,0,0,50,90,0,235,0,0,46,69,49,0,0,76,0,0,56,0,0,35,41,0,0,0,0,111,0,148,0,0,0,0,0,102,0,0,0,0,0,470,182,52,342,26,0,0,157,46,0,0,0,0,0,0,50,23,0,0,197,0,0,0,0,0,85,171,31,0,101,0,45,0,0,78,131,0,76,194,56,109,0,0,89,95,215,0,61,0,80,42,48,59,113,133,0,0,40,0,580,74,80,81,0,70,23,54,0,61,18,128,0,0,78,73,0,38,0,0,0,0,103,137,0,29,130,0,45,0,188,0,0,56,77,70,0,89,0,39,0,82,34,411,0,0,74,0,90,310,98,29,166,61,673,0,94,0,288,89,0,0,500,0,0,0,94,31,0,102,104,122,0,93,0,524,35,0,81,53,0,0,0,0,39,139,0,80,0,0,227,66,83,491,283,0,41,0,113,0,184,172,343,144,96,0,0,73,0,0,0,213,56,67,0,0,0,29,48,0,223,0,156,1565,0,190,84,114,126,58,68,189,302,75,0,104,0,0,55,439,0,0,157,79,0,0,233,52,52,43,541,354,246,268,0,135,0,70,241,0,35,0,0,0,59,0,57,0,117,185,0,0,51,55,0,0,210,0,152,138,53,28,68,0,0,51,47,181,0,0,57,146,63,0,98,0,58,60,404,0,39,415,70,0,142,0,0,260,77,0,0,0,268,0,124,0,0,177,257,0,0,0,166,71,0,27,0,0,45,0,42,39,63,95,0,76,137,73,58,60,0,32,65,288,55,44,38,310,138,170,102,0,0,79,95,65,0,0,156,190,0,51,84,324,0,94,33,0,0,94,438,440,0,0,0,0,158,199,0,91,91,0,42,0,91,0,58,0,118,104,38,44,138,0,0,334,0,0,96,207,50,69,88,41,74,110,0,56,0,0,0,94,0,0,248,0,0,67,299,0,102,126,34,0,118,46,119,23,0,101,21,0,0,0,0,55,0,50,49,34,0,78,31,0,97,0,45,156,0,70,0,0,116,0,68,167,254,19,0,0,59,178,0,84,0,95,0,32,0,122,0,0,46,0,30,120,114,52,122,0,0,41,0,0,21,0,0,0,0,53,82,78,64,149,65,58,37,63,0,98,43,0,386,201,41,156,48,0,1974,0,79,0,57,61,42,364,0,53,234,20,58,0,114,144,0,0,65,61,0,36,0,0,54,0,88,0,147,0,91,72,0,50,34,0,0,85,0,33,275,23,0,20,1897,299,33,260,0,29,39,201,52,0,79,0,131,0,46,60,0,0,193,0,62,63,282,0,469,276,0,296,0,0,27,0,0,355,138,31,195,65,195,0,161,0,191,0,107,103,0,25,0,128,0,97,109,0,117,19,168,194,88,0,79,0,268,113,96,69,151,29,0,267,0,0,285,0,0,0,0,44,0,254,0,67,266,60,60,49,45,0,62,124,232,0,248,136,0,0,52,64,0,0,0,0,76,0,222,147,134,212,37,117,0,0,120,0,107,0,226,24,147,0,24,79,43,0,75,164,57,0,670,0,0,0,144,0,55,60,0,0,56,0,0,168,61,0,0,0,76,49,116,0,81,89,0,75,171,0,0,0,57,44,0,61,95,35,0,0,0,0,89,0,121,0,128,64,0,21,116,171,44,0,120,99,177,0,34,0,405,0,450,33,0,55,0,0,0,0,295,0,0,217,315,0,0,76,62,0,0,119,257,0,0,42,120,0,58,0,129,0,0,463,0,43,48,0,0,72,0,0,0,148,0,121,0,0,0,0,22,61,0,0,127,332,63,0,34,108,41,100,0,55,83,61,0,73,64,562,56,0,54,27,46,124,0,190,95,136,111,86,35,104,0,0,0,31,69,87,64,39,35,296,0,51,34,51,141,0,26,45,0,64,32,0,0,0,0,146,47,0,30,0,244,98,0,0,0,0,93,41,216,0,0,0,205,0,230,70,115,98,0,65,292,0,204,0,76,0,48,0,0,89,0,0,0,89,34,79,34,106,187,0,0,422,0,0,0,0,75,24,0,97,65,56,0,0,0,0,48,88,243,350,70,127,93,0,0,93,32,89,0,0,0,35,0,0,173,0,0,45,297,0,177,38,0,0,0,132,160,62,43,49,0,168,47,532,0,0,28,190,0,110,0,35,108,117,0,0,21,0,39,0,38,0,0,440,122,42,0,0,0,0,53,125,0,726,0,60,178,0,18,91,52,0,203,148,37,102,0,0,35,0,172,0,146,18,0,47,0,0,175,34,0,42,0,0,193,0,0,0,161,173,166,388,86,134,150,77,0,0,84,0,223,91,57,474,0,0,80,0,38,0,0,0,60,0,0,83,141,74,47,54,52,64,46,0,0,0,46,0,81,150,218,46,67,73,47,38,150,77,53,86,132,0,210,82,0,50,129,638,119,32,0,189,0,95,0,0,0,134,120,0,25,51,0,174,72,47,124,163,224,0,14,64,90,0,0,68,0,47,0,0,0,112,551,0,39,163,0,0,364,0,0,286,72,0,0,0,0,0,0,859,102,242,0,64,0,40,0,0,47,68,42,133,42,71,201,85,80,309,165,36,0,0,84,89,229,92,47,0,541,0,0,273,84,127,88,64,76,89,0,0,49,54,242,193,0,54,49,0,0,0,0,0,96,0,0,260,0,74,0,38,207,0,0,21,0,89,83,33,60,71,28,231,164,49,31,268,56,33,0,0,55,338,0,61,0,39,61,0,119,0,217,295,87,0,0,92,0,30,0,41,89,0,221,0,49,0,48,129,0,107,0,0,155,0,124,0,378,0,68,0,32,0,0,0,164,0,0,88,506,43,78,0,1150,25,33,0,0,0,0,95,30,69,120,111,45,0,47,30,0,75,0,101,66,63,113,33,30,0,0,118,68,0,38,0,33,0,0,61,168,19,146,67,0,267,76,72,0,37,112,52,37,0,25,50,0,0,0,28,81,83,0,0,0,0,131,0,0,0,0,0,81,44,0,0,106,0,0,49,0,0,0,89,353,168,121,74,0,0,0,0,49,50,29,0,116,232,254,51,176,136,85,94,32,36,0,0,21,0,62,0,0,0,0,192,219,0,64,101,0,70,0,0,60,0,0,51,177,0,91,0,37,150,144,0,54,50,43,51,22,0,46,31,40,0,75,59,0,0,85,71,225,61,20,83,146,47,0,0,0,150,0,106,18,0,152,79,51,0,0,0,0,307,0,169,0,36,42,0,61,142,0,0,32,0,0,0,0,114,0,0,0,29,212,81,32,313,65,0,0,22,0,0,46,0,0,119,91,164,114,109,0,0,69,37,49,58,52,0,0,0,40,69,0,123,0,56,138,0,0,125,143,0,86,49,176,0,0,128,0,0,0,0,29,140,0,102,188,48,0,73,0,0,0,0,108,0,163,66,0,219,47,92,0,0,91,0,73,88,0,82,40,155,106,180,120,33,0,113,0,33,0,0,64,0,0,28,0,0,447,52,0,54,59,12,202,161,36,215,78,30,0,22,0,35,0,140,0,158,35,228,0,0,98,41,98,66,0,0,0,86,0,0,76,0,265,0,0,0,0,0,0,86,78,18,0,78,0,90,683,0,0,525,66,78,0,207,16,210,0,0,121,96,0,0,212,0,0,192,0,322,98,63,97,36,112,57,0,34,760,93,0,0,0,325,0,78,227,193,188,0,0,77,69,61,0,0,514,0,96,59,0,137,147,231,121,122,405,24,0,0,63,0,39,0,179,0,381,246,0,0,0,0,52,0,156,0,91,200,247,293,47,85,79,31,106,0,55,28,32,0,0,88,185,0,0,373,23,0,156,0,0,0,219,0,110,99,202,0,0,0,0,75,104,0,0,84,0,56,0,75,114,0,51,17,42,230,0,143,234,49,49,25,78,245,46,0,35,32,60,0,85,121,102,39,42,59,0,56,57,86,178,0,0,217,0,0,71,0,0,120,84,201,218,108,0,203,0,0,83,0,51,627,101,0,0,141,64,90,64,35,79,100,85,56,0,45,117,87,173,53,170,92,189,156,137,0,84,0,0,119,70,47,46,0,407,53,129,0,0,70,0,326,0,47,35,809,0,0,227,132,91,0,311,17,131,256,58,0,643,68,470,65,229,0,44,141,0,51,70,230,79,40,30,0,76,0,0,149,84,43,111,16,111,185,198,0,176,31,0,107,0,0,90,85,158,34,67,200,248,56,95,0,0,102,0,153,186,0,121,246,0,48,0,86,128,175,0,0,40,62,0,41,0,132,0,0,87,84,0,0,0,86,46,69,98,170,74,46,0,0,0,0,0,354,0,0,57,0,92,0,0,0,20,492,0,86,0,94,74,190,65,0,0,0,346,54,428,31,29,53,0,50,0,0,0,0,373,47,26,126,48,101,0,35,0,40,51,0,0,16,15,0,0,0,230,138,0,71,42,0,97,0,0,0,37,0,304,0,65,0,0,0,37,41,0,70,31,77,0,0,61,138,68,0,88,81,72,0,96,59,0,0,51,202,0,52,0,0,0,76,0,0,0,56,0,0,0,0,0,37,85,0,57,0,0,0,182,437,0,54,52,92,293,42,46,27,31,124,78,0,117,150,82,61,151,0,0,0,58,0,198,120,0,0,69,83,253,20,187,0,200,0,0,0,0,0,0,208,0,221,85,0,212,0,0,0,43,0,0,0,353,0,0,35,156,0,0,71,0,0,39,0,236,0,0,51,102,335,88,0,215,0,250,0,30,0,46,55,0,0,138,0,207,0,0,93,0,221,143,0,24,112,0,79,132,33,0,28,27,0,0,735,43,0,22,42,0,0,0,0,0,47,77,60,0,88,44,0,0,0,0,0,71,25,42,0,0,0,287,0,0,0,0,0,0,0,88,256,0,0,107,136,0,107,63,0,0,0,60,0,0,0,261,0,0,0
376,0,0,0,0,0,0,0,0,0,0,0,0,0,0,71,130,55,0,0,0,0,0,0,0,0,0,0,0,0,0,0,47,0,0,96,49,0,0,44,36,0,0,0,48,0,0,0,12,0,0,0,0,35,0,0,0,0,0,0,0,0,0,0,0,0,0,0,0,0,95,0,0,0,0,0,0,0,89,0,0,0,0,0,0,0,0,0,0,0,0,0,0,0,0,0,0,0,0,0,0,0,0,0,0,0,13,15,0,0,0,34,0,0,0,23,0,30,0,0,0,0,0,0,0,0,0,0,0,0,59,0,108,0,0,0,0,0,0,0,0,0,0,208,0,0,0,0,0,0,0,0,0,0,0,0,0,0,0,0,50,0,0,0,0,0,0,21,0,0,0,0,0,0,0,0,0,0,0,0,0,0,0,0,0,0,0,0,52,0,0,0,0,0,0,0,36,0,0,0,0,0,0,0,0,0,0,0,0,48,0,0,0,0,0,0,0,0,0,0,48,0,0,0,105,0,0,0,166,0,0,0,0,0,0,0,0,0,0,0,0,0,0,0,0,0,0,0,0,0,0,0,99,0,0,0,0,0,0,0,105,0,0,0,0,0,0,58,0,0,0,0,0,151,0,0,0,0,0,0,0,0,0,0,0,0,0,0,0,0,0,0,0,0,0,0,0,0,0,0,0,0,0,0,0,44,0,72,0,0,0,32,0,0,0,0,0,0,0,0,0,0,0,0,0,0,0,0,0,0,0,0,0,0,0,0,0,0,0,0,0,0,0,0,0,0,0,0,0,143,0,0,0,0,64,0,0,0,0,32,0,0,0,0,0,0,239,0,0,0,0,0,0,0,30,0,0,0,0,79,0,0,0,0,0,101,0,0,0,0,0,0,0,0,0,0,182,0,0,0,0,0,17,0,0,0,0,0,0,0,0,0,0,0,0,0,51,39,0,49,0,0,0,0,0,0,0,0,0,0,0,0,0,0,0,0,0,0,0,0,0,0,0,47,0,0,126,0,0,0,0,0,54,0,0,0,0,0,0,0,0,0,0,0,0,0,0,0,0,0,0,0,126,0,0,0,0,39,0,0,37,0,0,0,0,0,0,0,0,137,53,0,0,0,0,0,76,0,0,0,0,0,0,48,0,0,0,0,0,0,0,0,0,0,0,0,0,0,0,39,0,0,0,0,0,0,0,0,0,0,0,0,0,0,0,0,0,0,0,0,0,0,0,0,0,0,0,0,0,0,26,0,0,0,0,0,0,0,0,0,0,0,0,0,0,17,0,0,0,0,32,45,0,0,0,0,0,0,0,0,0,18,0,0,0,0,135,0,0,0,0,113,0,0,0,0,0,0,0,0,0,0,44,0,0,0,0,0,45,0,0,0,0,46,0,0,0,0,0,0,0,0,0,0,0,0,0,0,0,0,0,0,0,0,0,0,0,28,0,0,0,0,0,0,0,62,0,66,0,0,80,0,0,29,278,0,0,0,0,0,0,0,0,0,0,0,0,0,0,0,154,0,0,0,0,0,29,0,0,0,0,0,0,0,0,0,0,0,69,0,0,0,41,0,0,0,0,0,120,0,0,0,0,0,0,0,0,0,0,0,0,43,0,0,0,0,0,0,0,52,67,0,0,176,30,64,66,0,0,0,0,38,0,0,0,0,0,0,79,0,63,0,0,33,0,0,0,0,46,0,0,0,0,0,0,0,0,0,0,0,0,0,0,47,0,0,0,0,0,58,21,23,0,0,0,81,0,0,0,0,0,0,0,0,0,0,0,0,0,148,0,0,0,0,0,0,0,0,0,0,30,0,0,0,0,0,72,0,62,0,0,0,112,0,0,106,0,0,0,39,49,0,110,0,0,0,0,0,0,0,0,0,0,0,0,0,0,0,0,0,0,0,0,0,40,0,0,0,0,0,51,0,0,0,0,0,275,0,0,0,0,0,0,0,0,0,0,0,0,0,0,0,0,0,0,81,0,0,0,0,0,41,41,0,0,43,0,0,0,0,0,148,0,0,0,0,26,0,0,0,0,83,0,0,0,0,0,41,61,48,48,0,0,0,0,31,0,0,0,0,44,16,0,0,0,0,0,0,0,0,0,0,0,0,0,0,0,43,0,0,0,0,0,0,0,0,0,0,0,0,44,0,0,0,0,0,0,0,0,0,0,0,0,0,53,0,0,0,0,196,0,0,0,0,0,0,0,148,0,0,0,134,0,0,0,0,133,0,36,0,194,0,0,0,28,0,0,0,0,53,0,0,0,0,0,0,0,0,109,0,0,0,0,0,0,77,98,0,40,0,0,0,36,0,0,0,71,0,0,0,0,0,29,0,0,0,0,0,163,0,40,0,0,0,0,0,0,81,0,0,0,0,0,0,14,0,0,44,35,52,0,0,0,0,0,0,179,77,0,0,68,0,0,73,0,0,0,0,0,0,0,0,0,30,40,0,0,0,0,0,0,190,0,0,0,44,0,0,0,0,0,0,0,0,0,0,0,0,0,0,0,55,0,94,0,0,102,0,0,27,0,0,0,0,0,0,0,0,0,0,0,0,0,5,0,0,0,0,49,0,0,0,0,0,0,0,0,52,0,0,0,22,0,0,0,0,0,0,0,0,0,0,0,70,0,0,22,0,0,0,0,0,0,0,90,0,0,82,30,0,0,0,0,0,37,68,93,0,0,0,0,0,45,0,0,0,0,0,0,0,0,0,0,0,0,0,0,0,0,0,124,0,0,0,28,0,0,0,0,89,26,0,0,0,0,0,0,0,0,28,0,0,0,0,70,0,0,0,0,0,0,57,0,0,0,0,0,0,35,0,0,0,0,0,42,0,0,0,0,0,0,0,0,0,23,0,0,0,0,89,65,62,0,0,0,0,0,0,0,0,98,0,41,0,0,0,0,0,0,0,0,0,0,62,0,0,0,0,0,0,0,110,0,0,0,0,0,0,0,152,0,0,127,0,57,0,0,0,31,0,185,0,0,61,0,0,0,0,0,0,150,0,0,51,0,0,0,89,0,0,0,0,36,0,0,109,0,0,0,0,0,0,0,0,134,0,0,0,0,0,0,0,0,0,0,0,0,469,254,0,117,0,0,54,0,0,0,0,0,0,0,36,27,77,0,160,0,0,19,80,0,0,41,0,36,0,0,0,0,0,0,0,0,0,0,44,23,77,0,159,0,0,0,0,0,40,0,0,0,0,0,0,0,0,64,0,0,0,0,227,0,0,0,42,0,0,49,0,0,139,0,0,61,0,0,0,48,0,0,0,0,0,0,187,0,0,0,0,0,63,85,0,0,0,0,0,0,0,23,0,0,58,0,0,145,0,0,0,0,120,0,0,0,125,81,83,0,0,0,0,0,0,56,0,0,110,0,0,24,93,0,0,55,0,0,0,0,0,26,144,0,0,0,0,0,0,0,0,0,0,0,41,0,0,0,79,0,0,0,0,0,0,0,0,0,103,0,120,0,37,0,0,16,38,60,0,0,44,0,23,0,0,0,247,0,128,0,0,0,89,0,0,0,224,0,0,49,0,0,0,126,50,0,59,99,30,0,87,0,0,0,0,0,0,0,0,82,0,0,0,0,0,0,0,50,0,0,0,0,0,0,0,0,0,0,0,0,64,66,0,0,26,0,0,0,0,0,59,0,0,0,0,0,0,0,26,22,0,0,0,0,53,0,49,38,0,47,0,0,75,0,31,0,0,0,0,62,0,0,9,0,92,0,0,0,0,164,0,0,0,0,24,217,0,0,0,0,0,0,33,0,0,0,87,0,100,0,0,0,0,0,97,0,15,0,0,0,0,0,40,0,46,0,0,86,0,135,0,0,0,0,0,0,0,53,61,0,0,124,0,0,0,0,41,0,0,67,27,0,0,0,29,0,24,0,119,147,0,22,0,0,0,0,0,0,0,0,0,0,0,0,114,0,0,0,55,0,122,0,0,0,0,36,63,0,65,0,0,173,42,269,0,0,0,17,0,0,0,0,0,49,0,0,0,0,0,0,0,0,0,374,35,0,0,0,0,0,0,39,0,59,0,0,0,0,0,0,0,0,151,0,0,26,0,0,0,0,69,0,85,0,0,0,0,0,0,0,0,38,0,0,0,0,0,0,52,0,0,107,0,23,0,0,0,0,0,0,0,37,0,51,0,0,47,0,0,0,0,0,0,0,0,0,0,0,51,0,0,0,55,0,0,0,0,0,50,0,127,0,35,0,0,0,78,0,0,41,157,0,56,0,0,0,0,37,40,0,0,0,0,0,0,0,0,0,43,87,0,0,0,134,0,0,0,60,24,0,12,0,50,0,0,37,24,0,0,0,0,51,97,0,0,0,0,0,37,0,0,159,0,0,0,0,0,0,0,0,54,73,0,0,0,0,0,0,0,0,54,0,41,0,91,0,0,86,0,0,0,0,0,61,133,30,0,28,134,0,0,121,0,114,0,0,0,34,0,0,0,0,210,0,0,108,0,0,30,0,0,0,48,0,0,0,0,0,0,0,90,0,0,0,0,55,69,0,0,64,0,0,25,0,0,198,13,0,0,0,0,152,0,0,0,0,0,0,75,0,38,0,0,0,0,33,0,0,0,0,0,0,64,0,0,0,0,75,0,30,0,0,101,0,71,0,74,0,0,0,0,0,0,38,108,0,0,0,39,0,0,0,81,0,0,0,0,0,0,84,25,0,0,105,0,0,0,0,0,33,0,35,0,0,0,0,0,0,0,0,151,0,0,0,0,0,0,0,34,0,29,0,0,64,0,50,0,0,38,0,0,0,0,34,0,0,0,0,0,58,23,0,0,0,0,0,0,0,26,0,0,0,0,0,0,0,0,0,0,0,0,0,0,38,103,0,0,0,0,0,0,0,0,0,0,0,253,70,53,25,0,31,0,40,0,0,0,0,34,0,44,0,0,85,44,0,0,0,0,0,0,0,0,0,0,21,0,0,0,0,0,0,31,0,66,0,0,0,32,37,0,0,0,0,0,0,0,0,48,0,0,0,0,0,34,0,0,0,0,0,0,45,0,0,0,31,0,0,0,0,0,243,0,189,0,34,0,0,89,0,0,0,0,0,0,0,0,0,0,0,0,0,148,0,0,326,0,0,0,0,0,0,0,0,0,0,0,0,29,0,0,0,39,0,0,0,0,0,0,0,0,0,0,52,0,0,59,0,0,8,0,0,43,35,0,0,50,0,0,0,0,0,0,0,0,0,0,0,0,48,0,0,0,0,80,0,34,0,0,150,0,0,0,0,0,0,0,0,0,0,19,0,100,0,0,0,0,0,0,0,0,0,0,0,30,0,89,0,202,0,0,0,31,0,0,0,0,64,0,0,0,0,0,0,0,0,53,0,0,285,0,0,0,48,0,0,0,0,0,0,0,0,0,0,77,0,0,0,0,0,0,41,0,0,0,0,0,31,135,0,0,158,0,0,0,52,0,88,0,0,32,0,0,0,56,0,0,65,0,151,0,0,0,0,38,0,0,0,131,0,0,0,0,226,0,0,0,65,0,0,0,0,0,0,0,0,174,0,0,26,0,138,67,148,33,53,173,0,0,0,0,0,0,0,103,0,55,96,0,0,0,0,69,22,56,0,0,40,83,77,0,59,0,0,0,0,0,0,21,0,0,0,0,0,0,93,0,0,62,0,0,28,167,0,0,18,38,0,0,0,0,32,0,0,0,0,390,0,0,0,52,0,0,0,31,125,0,0,73,0,0,0,0,53,0,0,0,0,0,0,0,0,60,0,0,0,0,0,0,0,77,0,0,59,0,0,39,0,0,49,0,92,91,86,0,74,0,0,37,0,0,38,47,0,0,139,32,31,0,0,0,45,0,52,0,0,231,24,70,38,91,60,101,58,0,0,0,0,0,0,0,0,0,0,32,0,24,0,42,0,0,81,0,0,0,325,0,0,168,0,0,0,0,0,0,0,0,0,89,34,79,0,40,0,0,36,0,0,58,41,0,0,0,0,0,0,0,53,0,0,57,0,0,0,61,0,63,0,0,54,0,0,0,0,0,0,0,106,99,0,0,0,0,34,0,0,0,0,64,47,0,0,0,0,50,45,0,0,0,0,0,0,0,116,0,0,0,25,0,0,131,38,26,0,36,70,31,0,0,25,0,0,0,89,0,0,0,0,70,0,0,0,0,130,0,36,0,0,0,0,10,54,0,0,0,0,0,0,0,0,0,0,0,0,0,0,96,0,0,102,0,50,0,0,0,0,0,0,0,0,0,0,19,0,45,0,0,53,0,0,0,0,0,0,0,0,0,0,0,0,0,0,0,0,0,32,0,0,0,0,40,0,0,0,0,41,0,0,0,13,21,0,0,61,0,0,0,0,0,0,0,0,0,0,0,0,0,0,0,0,0,0,0,0,32,40,0,172,0,32,0,61,110,0,0,0,0,53,0,0,0,44,40,0,0,0,0,0,0,0,0,0,0,0,0,0,33,0,56,0,0,0,0,0,0,0,0,82,0,134,0,0,0,0,0,0,0,0,38,0,273,0,0,0,75,0,0,0,0,0,0,0,53,0,0,36,0,0,0,0,0,0,0,0,46,0,0,0,0,0,72,0,75,0,0,24,0,74,56,0,0,0,0,34,97,0,0,0,0,0,0,271,24,0,0,0,0,0,0,0,0,0,21,0,41,0,0,0,0,0,0,149,61,0,0,0,0,0,0,0,0,0,0,0,0,0,18,112,0,0,0,30,0,33,0,0,0,0,0,0,0,0,57,0,0,0
377,0,0,0,66,53,90,60,0,63,0,181,0,0,0,173,101,319,14,63,0,151,62,0,0,80,0,0,130,44,25,0,41,0,26,230,213,0,108,264,113,65,66,0,179,0,88,0,289,0,171,24,101,128,45,231,0,0,0,32,0,55,181,352,0,0,126,0,20,0,326,0,0,0,0,298,77,0,356,0,107,30,0,73,300,0,0,0,52,0,318,0,66,169,78,34,77,0,78,0,0,0,0,99,0,0,79,0,30,82,104,35,41,70,133,0,32,256,56,0,288,0,118,0,0,35,49,21,60,0,48,0,172,42,53,60,71,49,100,58,50,43,136,402,0,0,57,62,74,100,0,0,201,0,230,116,0,61,0,124,241,34,0,120,69,55,0,57,53,325,144,113,46,61,29,75,34,64,75,0,18,320,0,0,44,48,101,302,305,0,0,0,54,60,194,0,162,0,0,80,0,40,95,0,253,0,0,33,0,65,164,72,48,69,23,121,42,57,0,0,208,106,0,0,145,0,0,135,344,0,0,0,0,62,0,0,27,59,84,33,0,118,0,50,27,0,48,0,0,0,46,0,138,77,137,24,82,0,0,0,426,147,60,75,84,0,0,493,94,184,0,0,154,362,91,50,80,0,831,181,87,0,82,296,118,66,41,485,731,92,29,0,348,0,0,74,0,95,0,0,36,0,66,56,0,57,249,229,0,244,187,754,0,0,0,41,86,433,44,0,0,62,0,0,125,45,0,147,0,0,609,0,33,65,77,0,0,0,70,37,0,95,0,98,141,0,0,0,209,81,239,173,0,254,358,56,68,36,151,248,48,0,252,0,0,185,638,133,51,59,185,0,38,38,159,98,117,0,0,60,0,31,0,25,0,519,103,0,58,0,76,0,356,82,104,0,64,54,38,264,0,0,131,0,0,0,78,36,0,0,169,0,78,0,0,0,122,53,177,508,0,95,0,55,60,101,62,102,125,0,0,0,54,68,48,24,63,44,0,92,0,0,327,207,279,80,255,32,0,35,0,0,54,0,263,0,0,0,0,0,67,39,0,101,0,48,0,116,0,14,63,0,294,201,69,30,123,147,231,192,147,32,230,58,106,0,0,70,163,334,143,78,0,103,50,76,331,125,127,58,0,202,71,0,127,78,205,154,50,0,69,0,0,82,0,43,382,21,44,201,219,52,56,251,71,0,0,0,207,25,0,0,0,0,60,0,0,0,0,321,0,61,556,0,0,0,43,48,60,283,144,95,45,141,0,75,0,34,32,0,151,140,0,22,143,138,0,55,0,0,146,223,0,0,0,41,0,276,0,0,224,48,55,0,237,0,43,701,104,0,0,1065,0,58,0,48,0,111,0,69,0,52,44,143,81,219,56,193,45,0,0,0,192,265,76,0,36,42,0,109,0,0,0,0,27,45,42,31,0,21,167,0,0,49,0,61,51,49,0,0,33,29,105,0,0,184,34,49,0,152,233,56,0,45,320,0,0,76,103,109,71,49,0,0,0,196,20,39,0,74,210,0,190,0,211,0,42,115,158,26,0,0,0,64,0,0,57,0,99,0,93,54,47,0,39,41,167,0,371,0,0,89,12,75,32,0,52,64,163,83,0,162,266,0,0,0,0,0,113,94,272,0,0,0,129,87,84,45,0,0,117,110,0,0,113,0,0,42,113,151,41,0,66,184,0,87,0,0,95,0,38,53,0,0,212,46,0,41,0,37,22,43,55,0,0,0,0,51,0,81,72,44,37,0,0,195,0,0,0,0,75,32,89,0,0,0,143,90,90,332,0,0,0,0,0,0,0,0,57,0,62,36,0,65,132,71,74,114,112,0,62,0,197,318,41,297,0,0,0,83,171,27,320,66,0,63,72,55,40,53,230,0,26,50,0,0,170,62,0,0,0,0,353,0,178,83,0,35,0,0,172,0,163,0,0,0,463,167,86,268,79,0,0,184,38,98,0,0,0,0,16,57,0,0,244,48,0,0,0,61,76,59,77,34,0,70,0,79,0,0,58,120,37,0,65,124,126,68,0,56,72,406,0,72,0,33,0,166,188,178,164,0,64,0,45,64,118,170,128,0,29,108,97,0,0,164,90,46,21,67,115,0,23,0,51,53,50,115,139,0,0,59,0,116,45,188,0,0,0,57,0,0,131,136,50,0,134,0,291,0,56,93,0,186,175,163,0,40,77,384,60,49,0,593,68,33,0,187,39,0,94,235,0,0,58,196,401,61,490,0,573,114,61,95,32,68,51,0,0,92,59,32,145,0,0,351,0,152,144,243,43,88,0,204,57,190,466,110,63,156,0,0,90,29,0,0,188,0,115,0,0,87,0,0,47,176,0,322,905,72,148,46,79,80,0,36,338,191,0,34,64,0,70,89,313,0,129,123,188,154,0,81,78,116,52,283,600,118,177,0,0,68,0,157,0,75,44,0,0,58,0,0,0,43,435,0,22,51,49,49,0,268,41,17,122,80,44,74,0,33,0,0,141,0,32,106,125,39,0,107,0,199,147,270,0,0,316,0,0,443,70,146,231,55,65,0,33,71,0,357,0,0,387,278,0,0,0,0,131,0,55,0,68,0,0,0,0,285,159,87,0,57,78,127,276,0,0,89,173,100,0,125,50,147,144,23,0,0,239,51,74,0,0,22,211,0,0,356,143,0,0,55,0,0,39,213,190,0,0,136,25,482,189,0,117,0,40,0,0,41,0,91,71,46,96,0,31,116,22,38,260,0,0,36,137,0,75,39,0,96,45,45,25,50,57,31,95,0,0,190,0,0,64,151,100,0,78,0,0,122,0,42,0,75,64,0,115,0,69,0,0,0,0,0,166,11,156,0,0,60,33,93,141,0,119,0,0,29,42,216,218,105,0,34,0,29,397,39,67,58,158,73,56,31,101,37,0,0,0,0,61,77,33,66,0,0,72,62,62,107,0,175,116,0,40,195,79,0,157,306,0,0,144,0,84,14,31,264,67,0,263,0,0,603,0,100,0,106,78,0,872,0,49,136,38,106,0,92,177,0,0,0,48,0,41,212,0,26,32,194,0,116,0,215,223,36,0,0,59,52,0,0,0,113,0,0,0,921,291,0,274,30,0,115,181,0,0,71,23,225,20,0,23,105,0,314,0,138,33,342,16,110,185,0,254,0,0,0,0,0,98,70,92,72,40,103,52,205,0,159,0,79,201,0,35,110,87,32,119,51,0,76,66,76,211,36,69,216,0,141,265,77,166,235,52,25,151,0,0,130,0,0,155,0,0,31,159,0,90,156,71,23,0,335,69,66,139,112,0,212,152,0,0,82,0,119,29,0,67,119,0,109,108,0,164,34,37,20,0,179,41,60,52,270,208,48,135,85,29,51,0,82,89,35,73,399,0,0,55,84,0,39,69,67,0,0,0,0,112,297,134,0,95,138,51,182,0,0,87,42,0,132,0,0,0,34,80,0,159,94,0,0,0,0,0,0,16,89,0,140,123,43,0,217,74,42,0,283,0,105,0,0,156,339,0,109,0,48,0,57,0,44,132,323,92,131,143,690,0,0,470,84,0,39,95,380,0,36,127,68,67,0,0,171,0,0,281,0,47,0,50,32,122,0,0,0,50,0,520,52,59,0,0,0,140,0,134,260,344,0,40,39,66,40,69,58,136,94,44,38,0,45,409,81,66,0,27,0,0,0,220,348,44,45,49,47,358,31,0,224,151,56,88,163,0,151,77,0,60,40,37,192,0,0,83,63,68,0,66,0,0,0,562,226,0,58,45,195,90,71,38,136,0,79,0,219,0,0,0,375,55,345,125,95,0,54,119,116,51,39,0,319,64,109,0,62,133,0,0,0,162,0,67,0,74,289,0,0,355,36,0,34,172,189,0,69,293,150,0,0,0,34,0,75,105,128,1006,112,0,82,0,0,113,0,46,213,0,0,34,0,0,132,0,0,180,271,0,97,0,61,42,35,62,242,163,168,50,0,329,125,304,26,56,0,360,0,154,76,136,52,65,0,0,0,0,0,0,108,0,66,438,54,47,0,0,0,43,42,64,0,516,0,60,73,0,0,0,0,0,248,153,0,136,109,44,74,84,47,0,127,58,57,0,0,110,147,65,0,87,0,0,396,23,98,0,81,41,187,392,0,180,87,0,0,0,0,152,253,115,86,135,0,92,84,0,0,37,51,41,0,0,38,90,98,171,283,79,33,0,64,0,0,35,140,0,144,43,264,64,113,64,53,25,870,85,37,57,197,0,275,83,0,69,107,175,138,0,0,192,14,113,47,0,0,65,156,283,24,40,0,100,37,117,144,118,199,0,0,87,227,34,0,135,92,0,0,37,61,168,118,50,56,32,0,0,860,0,42,120,51,75,0,0,100,102,0,172,172,389,0,101,0,48,0,0,129,38,158,58,0,80,222,57,111,198,148,114,0,38,0,131,225,171,77,73,805,0,0,80,156,162,0,326,171,0,0,0,0,54,187,239,157,368,113,0,111,20,0,0,116,28,0,68,0,163,0,0,448,38,0,0,0,108,78,95,41,105,48,294,217,44,0,214,51,41,0,0,338,532,0,77,26,76,74,0,210,72,118,401,0,74,91,98,0,0,0,0,126,121,245,0,84,0,88,165,90,147,36,0,158,0,151,0,174,0,95,0,136,0,0,136,382,0,0,33,627,118,92,0,1493,0,0,0,0,0,0,251,81,74,69,364,43,0,0,0,0,107,90,75,18,0,48,43,179,117,0,52,257,0,188,34,86,0,80,86,0,164,374,63,33,396,129,84,60,117,93,100,0,39,0,98,0,0,109,135,94,277,199,0,0,15,185,113,54,0,0,0,163,257,60,88,50,36,0,50,0,132,45,71,426,0,418,87,0,41,33,0,112,154,31,0,178,77,881,187,36,96,82,320,53,76,0,0,64,0,116,0,53,54,30,262,494,0,36,242,0,84,0,0,124,65,133,0,119,0,49,143,76,430,109,0,71,64,34,61,0,274,54,152,72,29,179,62,61,96,213,121,0,157,52,0,201,96,66,0,76,107,0,158,30,0,169,109,61,80,69,14,0,1040,0,262,0,133,71,0,183,293,0,0,70,20,66,85,55,266,58,83,34,0,877,0,95,718,42,64,0,57,91,53,86,0,106,200,0,137,298,219,0,0,168,101,74,68,108,0,0,62,33,91,0,189,25,78,299,0,0,191,59,0,161,157,0,0,79,73,42,28,0,0,0,113,0,162,203,0,132,316,0,48,0,22,100,39,109,202,104,528,55,426,70,101,231,0,80,130,49,136,135,160,460,312,124,31,0,0,54,73,0,83,238,0,112,122,92,149,1749,78,0,88,130,35,66,347,101,481,57,0,57,47,0,165,0,362,374,104,0,593,0,0,133,80,56,59,50,0,13,66,67,0,146,77,460,231,0,0,0,0,60,270,43,0,0,94,0,70,1326,39,0,201,78,106,0,474,57,518,0,0,297,220,21,0,81,0,0,148,56,194,103,199,124,49,97,58,0,0,1292,38,0,0,16,483,0,111,36,250,225,0,0,73,94,91,0,0,445,0,68,89,33,170,138,248,128,55,166,0,28,0,87,0,48,46,122,0,455,300,0,41,0,135,107,77,101,142,98,94,454,235,63,98,0,0,113,82,97,40,52,0,0,145,44,49,0,909,0,0,178,48,0,0,308,0,50,195,130,0,72,0,148,170,72,0,0,0,467,61,24,48,119,0,89,0,92,307,0,102,255,68,79,49,24,200,38,0,35,0,0,0,0,261,153,0,55,0,0,159,0,113,91,47,49,309,26,0,120,74,0,101,0,294,163,157,84,120,36,64,40,0,69,228,31,14,0,214,108,183,77,51,171,140,106,155,47,75,467,167,810,22,54,106,212,86,380,0,83,0,75,45,110,38,26,33,246,60,148,0,55,63,0,251,0,79,99,593,0,55,342,36,100,0,191,0,86,202,83,34,1672,63,866,92,132,0,0,89,65,84,135,272,47,134,0,0,52,100,45,131,60,66,119,0,143,252,120,0,109,41,43,159,0,33,49,35,33,0,91,256,366,0,94,0,0,44,0,71,271,38,126,273,0,58,0,46,130,167,0,0,151,422,0,54,89,164,73,21,183,411,0,0,310,94,95,247,330,329,186,169,0,81,0,21,0,137,0,89,171,0,142,218,82,45,0,174,44,155,260,230,120,123,349,117,0,0,833,188,357,0,93,182,33,129,0,0,146,168,527,221,83,346,194,534,0,121,0,188,194,68,31,65,67,91,39,128,482,194,49,152,0,0,204,148,0,0,171,60,829,79,63,0,47,46,93,209,112,127,182,165,0,90,195,546,27,59,580,137,287,0,40,127,36,0,0,318,0,147,0,148,37,272,83,41,86,224,36,0,89,106,181,106,154,0,123,31,78,236,954,3140,81,188,75,241,298,103,377,45,108,92,151,55,322,218,123,211,49,64,0,202,120,0,543,331,0,98,202,176,298,64,179,132,134,44,105,0,87,146,222,489,44,759,203,0,691,0,0,88,79,62,98,106,827,0,0,43,379,60,31,255,68,0,105,0,87,73,204,126,204,1191,149,0,682,109,285,0,147,0,237,64,54,57,388,54,322,0,64,81,43,111,222,56,92,324,64,415,414,102,31,108,153,49,0,1129,102,0,0,128,285,91,83,0,0,127,0,126,46,138,66,0,212,0,21,190,205,59,249,119,101,0,1682,42,27,0,0,0,0,26,90,235,0,178,226,400,91,121,0,0,0,144,126,50,0,306,1191,73,61,72
378,0,0,39,161,85,124,86,0,205,40,236,81,45,32,613,288,225,63,78,0,811,178,132,225,263,23,64,183,67,0,0,127,0,47,380,254,0,119,441,165,89,147,59,325,0,139,66,641,0,592,74,108,233,66,443,40,60,0,48,0,181,153,331,44,0,255,82,39,0,491,0,118,54,0,290,325,0,410,82,347,0,107,329,744,115,84,0,76,54,582,98,112,152,250,60,169,0,92,78,0,51,50,309,45,0,196,0,272,135,284,97,189,214,340,38,128,466,45,0,700,0,380,46,47,113,53,28,222,51,130,55,818,43,246,173,429,78,196,130,191,100,186,307,0,23,233,152,131,375,0,37,294,71,160,273,0,200,72,375,462,175,0,164,126,187,92,45,343,472,305,474,114,58,75,141,37,147,426,46,67,223,35,53,95,190,160,1304,329,0,0,40,186,87,125,35,86,58,0,177,0,212,199,58,520,62,103,0,78,248,380,186,108,207,83,101,184,116,21,72,74,288,116,23,752,0,0,316,752,0,131,0,45,121,38,0,84,98,153,106,0,242,102,58,121,0,394,0,68,0,151,84,758,31,534,76,121,0,124,136,663,198,81,0,111,0,39,551,127,577,47,46,366,1014,97,219,272,38,2270,271,133,23,266,430,176,66,79,721,2651,262,93,106,455,0,46,123,0,107,196,71,78,0,129,96,37,593,596,580,31,224,213,1061,138,0,0,117,97,323,82,122,58,65,37,61,279,178,118,252,0,46,845,0,146,242,184,175,55,0,98,102,0,217,52,173,301,46,0,0,200,1854,465,203,0,542,481,0,87,113,222,241,97,186,226,37,291,247,1539,191,96,37,532,62,81,84,158,196,212,0,0,318,78,0,84,75,0,844,176,229,207,0,72,60,940,76,177,75,485,73,123,181,0,0,404,0,44,208,116,21,82,87,153,29,156,62,27,0,411,137,496,349,0,79,107,72,150,174,186,76,219,79,0,0,83,65,137,59,80,136,0,165,40,39,419,210,380,192,569,60,34,68,33,0,82,56,228,50,85,84,0,42,416,68,168,143,85,91,40,103,0,0,84,74,716,215,161,102,353,303,362,246,312,0,397,338,196,33,0,171,161,888,320,161,46,254,28,81,273,287,106,93,0,307,56,1445,104,121,458,355,113,0,195,68,59,79,0,75,425,140,113,177,256,61,517,265,175,0,102,152,523,52,114,0,0,33,138,132,29,0,0,234,74,135,678,30,0,0,227,43,140,448,333,111,0,218,83,83,60,80,105,85,375,554,0,63,99,431,71,26,38,97,241,418,57,0,40,97,0,502,52,125,401,261,59,0,822,45,107,1023,150,64,62,941,0,105,0,49,41,179,35,76,0,83,122,155,86,364,132,280,0,0,0,46,165,256,176,60,0,96,31,101,0,59,0,51,58,86,131,52,0,268,460,48,85,122,52,87,163,122,36,0,46,0,242,0,30,558,0,37,0,428,365,0,0,145,657,0,167,57,161,352,99,79,159,0,61,299,104,110,70,156,241,83,229,33,502,72,112,118,500,65,64,83,149,98,332,54,99,86,411,0,284,76,97,0,96,64,316,48,938,28,54,150,0,238,119,64,58,199,263,113,67,567,233,29,0,46,0,165,296,61,325,121,182,1557,320,734,229,138,16,0,230,127,57,69,185,0,33,76,458,152,370,107,1305,188,0,197,39,0,110,0,81,48,42,0,340,58,0,98,0,52,28,67,52,101,0,151,0,71,0,179,260,205,107,25,66,461,46,45,124,183,339,57,240,49,42,0,308,156,142,722,0,0,148,90,0,88,0,152,60,66,238,53,90,87,540,180,395,120,143,0,101,47,97,467,61,364,78,59,45,137,208,46,325,97,38,87,166,119,0,187,604,29,75,125,48,0,82,118,0,15,0,71,305,37,272,121,0,178,77,87,197,0,188,0,44,0,522,184,106,712,92,0,0,244,48,191,90,0,70,0,0,83,54,42,468,236,74,61,0,106,106,95,233,67,96,143,0,166,0,81,93,103,44,146,277,214,477,103,0,99,196,389,0,179,0,128,93,487,611,403,138,108,185,81,80,1387,340,202,282,52,241,332,83,95,88,124,181,76,85,207,169,78,106,54,134,71,136,339,398,63,47,247,38,296,65,331,40,77,109,217,124,42,168,362,93,0,200,64,986,0,107,167,70,304,540,286,43,396,185,779,78,145,35,825,179,140,0,489,129,0,87,334,58,0,211,291,901,116,1413,0,1610,287,121,161,103,63,121,41,0,105,209,95,343,38,70,690,109,199,1226,402,107,165,0,360,68,491,1133,504,130,287,67,71,117,159,101,0,529,185,197,0,0,189,47,120,172,591,0,485,2501,142,462,79,344,267,162,83,455,229,115,49,178,0,180,131,787,0,168,206,392,508,0,473,154,108,311,531,1947,316,651,95,414,178,81,373,52,150,166,96,0,138,0,112,0,157,992,85,74,82,245,108,118,534,72,307,183,139,98,170,61,73,84,120,448,0,109,143,141,67,0,195,201,376,257,748,90,104,992,135,36,921,133,336,473,80,91,0,106,307,92,324,0,0,512,777,0,61,35,359,341,36,112,66,167,36,37,110,135,980,181,165,126,222,491,305,262,0,167,166,673,149,77,216,614,761,506,250,201,38,601,163,350,43,143,163,408,0,157,643,510,0,124,62,0,43,166,754,1030,77,0,349,70,905,472,0,379,108,73,78,0,96,0,103,60,209,295,41,50,123,113,0,651,0,88,197,97,0,145,0,0,241,107,20,26,116,57,0,132,80,50,429,42,0,56,308,99,125,171,35,0,226,68,606,0,74,215,0,75,51,252,0,84,0,66,60,73,0,183,50,0,171,28,80,219,79,114,42,0,135,0,143,132,201,47,92,0,105,253,98,92,74,148,63,33,52,154,165,0,50,103,0,154,160,140,193,0,0,48,100,0,197,39,467,76,34,75,125,110,38,507,244,0,65,173,42,389,0,0,626,83,168,162,0,35,1430,91,246,23,86,31,67,318,0,0,304,0,84,0,469,200,0,30,93,195,0,67,164,0,79,0,136,54,263,0,137,280,94,67,22,83,92,106,0,85,201,0,0,52,687,861,105,718,79,207,138,187,170,12,105,99,272,91,75,0,100,0,807,99,168,131,655,0,838,157,17,426,97,0,31,0,0,189,214,92,239,47,455,37,153,41,529,0,132,329,21,69,275,86,146,85,120,0,109,166,199,234,110,227,152,0,619,230,120,138,238,97,87,141,72,0,977,0,0,149,0,0,57,133,0,64,177,128,68,83,337,31,140,151,299,0,198,184,24,0,140,61,70,128,61,86,125,55,92,274,218,420,79,113,81,46,187,66,176,0,290,564,283,84,34,110,35,0,98,452,142,219,593,48,0,67,405,49,152,65,56,0,94,0,0,207,457,235,21,107,114,89,378,44,94,120,106,66,247,0,38,0,247,199,44,221,148,83,45,105,0,0,431,0,119,0,242,432,78,45,340,345,91,49,331,144,86,0,0,159,963,0,627,44,97,61,278,59,100,113,394,144,89,81,350,0,0,209,125,54,129,181,477,0,161,166,144,39,62,0,284,0,83,567,0,180,39,87,92,140,64,111,84,265,68,274,44,79,0,38,75,229,15,56,339,497,129,33,112,125,60,156,0,55,198,113,99,93,65,789,0,89,123,55,93,226,0,420,381,184,221,119,69,151,66,55,124,145,157,162,98,63,75,432,198,52,121,74,579,0,69,110,112,545,0,94,32,0,56,741,112,67,37,42,282,84,167,47,242,70,241,44,569,0,0,27,961,38,1029,122,157,140,0,207,437,112,261,55,322,34,166,109,236,285,0,152,53,92,83,136,0,279,440,0,0,1245,60,0,54,217,196,57,95,87,181,107,75,56,71,0,256,183,300,1102,250,135,99,0,43,211,38,108,396,0,33,68,0,55,338,0,66,107,293,39,535,83,0,56,52,208,420,86,220,165,57,589,27,992,0,53,72,276,80,594,85,95,217,121,30,0,107,0,60,0,198,47,41,589,79,148,0,0,0,79,96,122,0,1248,0,129,107,0,65,122,100,0,471,166,25,157,134,62,181,215,202,63,302,145,89,0,0,98,104,118,58,168,33,26,553,48,197,46,194,199,501,362,92,379,120,140,0,0,84,253,297,156,153,367,65,120,61,55,42,95,62,108,73,0,122,94,334,236,565,135,85,122,141,0,0,52,131,54,100,119,605,152,138,45,66,55,911,107,145,125,490,36,774,174,47,81,53,489,362,106,0,410,53,159,0,0,19,214,321,431,69,84,0,335,96,182,246,495,134,30,0,168,285,68,0,243,44,30,0,113,84,295,541,103,169,154,0,38,1155,90,104,418,170,0,0,64,170,136,27,784,203,219,0,152,66,76,33,49,367,152,220,153,59,162,218,213,337,750,396,207,0,99,74,278,401,78,112,122,724,0,42,396,316,347,64,511,278,122,114,0,77,64,444,486,141,846,132,0,184,83,43,70,136,0,0,251,0,373,0,69,242,73,51,0,0,76,225,88,74,296,122,422,412,48,89,531,28,0,0,60,684,1051,0,162,0,81,91,0,384,50,463,444,230,198,251,194,0,55,0,57,134,245,489,0,56,0,195,284,198,48,56,65,158,0,251,0,341,33,132,0,202,0,0,291,187,0,36,112,877,202,148,0,2659,42,74,36,35,0,0,310,127,124,144,649,57,0,81,47,45,279,155,130,77,87,207,78,230,89,31,218,223,41,116,0,73,82,169,63,103,98,353,0,10,512,196,139,67,174,0,94,34,51,0,89,0,24,0,103,86,159,99,0,44,0,114,105,124,0,23,0,0,104,137,74,241,33,0,0,0,59,164,132,306,174,562,222,0,0,0,0,89,156,0,0,162,196,604,123,184,58,117,293,40,226,0,39,48,62,119,0,66,136,0,406,361,0,89,158,0,58,0,0,0,69,113,100,501,62,46,83,75,474,66,0,230,75,0,75,101,279,31,106,133,0,150,51,0,103,270,0,345,332,0,55,211,107,85,65,234,93,0,171,84,0,224,265,34,49,87,0,0,1043,0,318,111,64,175,36,87,236,0,0,45,51,90,81,50,405,0,186,0,61,487,84,80,378,0,129,0,53,100,0,43,0,161,118,165,401,204,144,0,0,34,112,147,68,81,49,0,151,100,0,0,168,92,0,457,31,0,160,134,0,319,120,311,0,0,59,40,0,67,0,0,54,0,130,142,0,465,461,37,59,0,0,220,0,50,186,137,154,152,311,142,181,446,35,123,144,35,101,115,202,246,246,65,0,0,226,184,36,0,44,85,58,0,71,147,78,1356,56,0,0,78,0,165,266,72,330,43,243,37,81,0,128,0,325,642,0,44,268,39,0,214,0,0,0,52,0,0,216,140,69,92,40,392,195,0,0,0,125,76,373,116,77,77,72,0,69,2251,38,0,919,214,110,0,696,53,207,165,0,414,94,52,38,169,41,0,347,90,689,199,280,189,76,47,0,43,0,1968,79,0,28,20,715,0,147,230,514,219,0,31,99,207,172,91,0,863,0,78,154,0,589,357,383,184,147,408,0,72,87,132,64,101,83,247,0,1101,451,47,76,0,342,186,88,218,144,119,430,728,253,53,148,87,139,181,81,115,97,87,0,68,228,120,176,53,1292,0,0,197,24,35,191,419,0,129,152,222,93,0,0,330,46,137,0,29,202,2114,161,0,40,265,98,0,61,129,271,56,161,339,84,257,103,140,277,74,0,45,96,45,60,0,304,183,63,91,51,35,58,65,152,207,97,70,584,0,68,398,0,68,82,110,369,325,255,35,107,81,101,168,86,185,653,145,19,0,676,240,166,209,67,243,371,91,279,59,68,1201,62,919,93,239,288,284,186,672,0,68,161,102,254,93,134,113,72,854,91,139,40,0,150,0,763,0,123,199,1417,33,77,392,219,108,109,430,0,186,145,110,110,1057,0,659,143,179,42,56,368,0,240,114,224,172,154,0,37,89,185,57,327,179,48,195,0,270,152,250,42,202,115,54,223,37,0,119,48,128,76,179,537,533,69,118,0,0,142,70,157,456,77,167,242,0,78,0,134,211,412,0,35,129,360,53,100,180,194,69,0,114,194,60,56,523,32,174,174,109,383,115,0,0,101,0,0,0,301,0,117,96,0,200,127,96,63,35,571,0,177,270,418,185,107,201,219,0,27,511,146,387,0,155,135,23,45,71,0,146,156,826,225,0,349,162,272,29,161,0,175,142,0,43,98,101,33,52,136,896,217,28,144,52,0,112,113,0,0,72,119,255,87,154,0,0,65,62,107,124,203,61,137,0,106,208,448,0,0,629,167,142,63,69,56,65,0,79,231,0,208,0,125,28,145,53,0,0,257,62,32,80,110,82,57,105,0,0,0,164,297,993,1413,77,209,57,361,135,47,387,0,171,133,85,57,173,325,313,204,136,52,0,62,72,0,429,273,0,109,58,82,308,0,145,56,195,48,63,40,0,56,208,313,0,1425,218,0,299,0,0,52,98,0,163,104,1093,33,0,84,269,0,0,86,79,0,143,25,231,56,283,304,116,1071,192,0,296,84,113,0,167,0,254,0,30,0,345,43,508,53,60,67,0,372,175,55,38,299,86,292,384,80,43,0,79,0,25,634,255,0,0,48,272,45,95,0,74,68,65,83,115,166,92,0,233,48,0,527,139,70,243,48,106,0,723,63,0,24,0,0,0,0,23,614,0,155,347,351,0,46,64,0,0,72,69,48,0,170,679,81,38,99
379,0,50,0,91,45,139,79,0,139,0,574,78,50,51,220,452,324,29,57,0,325,71,124,154,127,0,71,121,60,56,0,82,0,110,224,234,0,100,390,223,107,94,32,676,0,102,95,614,0,267,110,232,270,42,400,43,0,0,45,0,0,139,520,0,97,189,73,61,53,682,0,107,50,0,565,310,46,780,0,254,0,97,313,398,151,81,0,146,65,495,0,76,143,170,57,105,0,107,80,0,0,77,282,59,0,105,72,84,98,334,89,218,203,279,118,117,378,90,38,471,69,420,97,60,37,80,62,248,40,321,0,383,41,125,164,240,230,109,75,191,146,187,779,0,59,60,81,113,229,26,61,174,0,179,145,0,54,92,390,413,59,52,207,137,185,109,87,184,325,389,200,47,174,35,146,104,102,216,166,80,511,0,0,77,81,107,1303,282,0,0,0,291,122,308,49,148,38,44,339,51,109,226,0,820,70,102,56,48,238,248,179,46,123,53,250,78,171,0,71,281,440,65,0,290,24,27,162,398,38,210,0,56,90,0,0,0,140,354,0,38,214,66,142,94,0,244,0,68,0,69,135,333,103,209,123,126,0,74,185,341,332,140,72,83,38,62,479,293,73,79,37,397,366,175,93,128,52,922,238,152,0,191,263,113,137,51,495,4513,104,70,74,391,49,0,105,56,160,189,109,83,34,71,0,0,437,237,218,0,258,183,1097,96,0,36,103,129,312,160,86,91,43,0,123,96,141,70,153,0,49,792,0,146,184,78,134,0,46,59,81,28,108,26,135,227,63,0,32,297,458,325,100,29,356,620,56,106,79,494,349,40,75,249,58,99,316,444,285,121,55,217,44,0,70,139,194,266,0,0,169,159,63,0,0,42,611,121,169,177,0,95,0,771,63,185,65,496,73,120,464,0,0,275,0,59,47,90,75,44,44,258,0,179,65,0,0,419,117,461,306,0,222,142,69,72,193,184,57,332,0,19,0,113,53,101,28,59,45,71,225,34,0,563,230,276,140,443,78,71,39,26,0,153,0,191,34,111,37,0,38,228,46,209,207,46,0,38,116,49,0,77,63,453,240,116,160,351,503,246,273,196,89,326,210,230,0,0,160,259,420,249,141,74,283,81,124,377,212,368,77,0,185,94,769,98,69,286,161,108,0,101,52,32,99,41,0,285,0,127,241,140,116,272,553,125,0,78,160,189,0,0,42,0,0,146,65,0,0,0,228,61,264,717,41,51,0,168,80,135,412,174,199,57,120,93,98,0,39,109,84,165,486,0,90,92,475,118,0,0,82,294,260,46,0,50,60,22,211,0,64,157,351,87,30,345,0,116,409,129,0,0,1122,0,174,36,44,23,241,0,102,60,49,100,66,38,224,96,201,210,192,32,76,351,496,196,53,189,322,0,195,84,49,0,71,178,0,184,0,0,363,263,0,74,81,0,0,62,199,0,0,31,0,388,0,36,390,36,266,0,357,292,61,0,144,1472,0,239,113,140,246,74,189,71,0,73,257,123,162,82,106,307,86,244,63,574,79,90,109,358,64,30,81,147,107,272,0,48,169,140,0,218,0,182,0,90,29,352,0,281,0,52,107,0,237,77,102,97,47,157,197,61,320,710,0,0,0,0,150,431,122,457,277,233,1599,721,595,309,201,0,0,0,199,91,72,81,44,0,56,582,198,553,0,2069,240,0,197,0,0,169,0,0,49,0,81,68,81,0,115,0,0,124,255,59,80,36,217,22,32,0,441,266,224,106,61,95,346,126,67,60,41,406,51,266,60,0,0,361,79,224,745,0,0,29,78,0,109,0,139,95,173,71,48,142,60,499,112,150,163,142,0,25,40,711,397,65,383,0,60,83,81,322,0,544,76,63,0,85,85,0,82,247,0,0,101,0,0,189,173,56,0,0,81,901,0,349,82,20,129,189,65,340,51,231,52,36,0,745,420,66,453,97,112,0,565,42,258,101,0,115,34,0,72,0,149,541,275,55,34,0,63,49,0,254,57,0,75,0,196,0,92,172,583,63,35,319,248,640,66,0,117,118,321,0,140,0,59,43,429,423,363,222,86,137,56,70,1347,214,264,225,0,132,314,138,68,49,188,228,82,58,89,157,93,30,58,82,99,154,245,183,42,56,152,32,206,0,368,50,74,68,110,174,0,87,199,118,37,135,54,515,0,99,142,98,95,385,109,0,308,89,938,73,108,0,284,152,0,0,671,66,0,120,395,35,0,148,302,547,72,718,0,1141,220,98,156,57,0,76,0,0,163,113,51,199,44,0,242,121,304,1003,446,81,109,0,86,69,306,1288,558,197,86,45,66,85,85,130,0,364,150,92,0,41,213,86,52,116,219,0,207,2345,122,349,161,288,89,118,91,246,383,137,0,209,0,184,113,935,0,227,241,231,186,0,544,108,98,132,1003,1030,449,561,55,249,120,60,326,0,47,83,106,0,108,0,97,0,136,906,45,38,78,115,90,83,385,88,330,173,96,62,104,0,61,91,98,154,0,0,61,241,79,0,186,81,396,127,443,50,90,737,143,0,524,94,205,297,94,113,25,52,217,136,454,0,0,167,882,30,0,40,297,116,30,98,39,59,56,48,88,61,539,109,94,167,126,209,194,319,0,90,162,358,66,97,107,554,284,369,177,205,40,221,84,154,0,98,120,278,0,101,362,403,66,179,42,0,0,127,522,736,97,82,217,72,685,381,0,297,68,0,79,0,62,0,56,99,106,332,28,88,150,112,0,690,63,42,152,224,0,98,47,0,126,147,44,30,149,79,51,107,0,0,287,0,0,75,162,259,175,95,39,0,105,38,302,35,205,117,0,95,0,150,0,41,58,72,47,132,0,90,0,0,198,33,134,196,78,297,26,0,98,47,276,312,263,0,34,40,77,403,84,73,73,307,104,108,58,121,86,0,52,138,0,233,103,72,241,0,23,99,63,45,214,0,428,141,0,83,173,105,125,279,489,30,68,424,85,284,64,35,511,79,172,505,38,0,2262,53,251,0,127,37,104,558,0,53,89,119,365,48,331,231,33,0,25,94,0,122,238,21,0,64,290,72,114,0,266,302,0,46,0,32,41,66,93,91,253,0,0,52,1442,506,115,564,55,123,284,200,130,73,98,54,636,79,70,127,202,0,712,41,120,118,338,0,512,189,0,335,99,0,29,53,41,323,95,129,140,235,321,68,270,36,307,0,86,334,0,79,103,93,96,109,117,0,61,59,84,185,0,193,269,90,1132,349,147,202,128,74,0,273,48,0,950,0,77,152,0,55,0,267,60,0,260,178,88,72,400,77,161,192,93,0,202,406,36,51,114,88,150,110,35,96,107,0,151,221,326,327,70,113,60,72,387,146,70,42,693,398,222,141,63,133,67,0,77,487,72,184,261,0,0,56,368,114,154,84,45,0,74,0,0,154,332,169,0,70,162,61,375,0,79,171,49,60,289,0,48,30,81,148,0,345,126,0,55,72,0,0,216,0,147,0,219,278,65,55,348,191,93,48,247,166,164,0,31,104,656,0,432,0,70,71,214,32,105,103,536,73,28,223,1047,0,0,333,161,0,182,179,425,0,156,121,131,124,72,0,320,0,87,526,0,179,48,0,84,126,59,60,110,86,56,178,41,52,0,0,98,198,0,0,347,654,91,0,128,129,67,151,59,234,228,58,75,87,73,772,0,0,71,81,79,138,0,402,265,89,113,174,99,62,72,18,180,70,89,131,247,71,255,484,150,84,51,54,761,66,39,120,111,402,0,94,0,0,77,593,188,53,54,0,351,123,177,62,93,70,304,0,602,0,43,0,501,62,648,163,189,49,0,203,180,86,254,61,201,96,167,133,210,264,0,108,0,103,48,121,0,280,528,0,0,1396,60,0,0,164,150,51,0,373,135,52,57,0,0,56,258,191,333,844,170,193,122,0,57,114,50,91,430,0,0,46,0,0,440,0,0,66,477,48,475,28,64,40,41,227,389,240,183,148,50,381,168,1439,69,44,28,82,0,452,61,77,136,164,38,27,70,0,55,0,95,62,65,838,134,110,0,0,0,47,90,137,0,466,0,130,151,0,0,106,139,0,341,290,52,184,63,74,130,114,109,0,319,100,62,87,28,113,130,77,0,130,0,0,507,0,178,49,126,137,694,279,70,528,165,140,40,25,64,149,352,206,90,323,44,110,118,0,41,44,55,83,92,0,52,111,241,0,264,222,100,0,106,40,0,0,155,0,136,179,355,88,95,160,64,114,442,162,76,198,399,25,509,108,0,40,85,511,88,43,0,510,0,155,43,86,0,113,193,273,43,0,30,365,141,151,103,248,189,0,0,107,235,0,0,169,87,0,0,73,0,195,436,81,138,139,40,0,219,54,54,480,127,42,0,93,155,59,0,670,191,676,0,236,26,71,23,23,267,73,188,158,64,175,236,109,181,869,336,100,0,58,120,205,495,327,111,159,524,0,0,260,110,529,91,466,142,73,30,18,35,84,543,491,217,315,55,0,94,0,0,0,235,46,41,198,0,180,0,61,348,102,0,0,0,90,154,68,85,162,81,366,118,55,45,912,106,40,0,34,313,1375,38,189,0,159,54,0,275,72,177,413,112,144,242,295,72,65,0,44,226,244,537,0,72,0,103,142,86,249,0,62,202,25,200,0,417,49,117,38,201,30,41,112,352,0,0,117,537,133,186,21,1199,21,75,0,0,0,0,392,102,177,169,696,52,0,88,34,0,197,107,96,45,67,279,80,201,128,69,161,496,96,253,88,118,41,112,183,271,238,703,107,0,334,129,181,84,129,144,167,49,52,48,70,55,68,148,149,103,427,241,72,54,0,483,291,74,0,76,0,163,467,63,170,170,60,44,65,0,222,68,180,406,322,590,289,0,52,49,0,150,168,93,0,194,200,1364,169,244,153,69,341,41,97,0,0,148,63,87,0,66,97,53,450,623,0,143,270,61,195,0,43,110,79,300,128,780,121,69,273,111,526,314,0,305,94,0,107,56,303,90,200,56,0,182,0,71,120,291,135,274,218,53,61,168,102,79,53,151,263,0,267,46,0,202,157,64,97,192,0,0,1953,19,355,0,105,109,96,187,416,110,45,62,64,53,81,99,331,0,160,63,42,1531,0,114,636,80,92,0,119,160,0,95,0,109,381,174,302,467,203,0,0,163,65,238,103,157,70,0,148,75,57,0,320,0,106,468,43,0,305,93,43,148,262,399,25,105,102,130,0,0,0,68,103,39,168,149,32,285,601,0,71,0,54,310,35,131,265,0,378,199,373,143,137,265,35,63,215,53,246,149,236,499,374,105,59,0,179,110,0,0,135,289,36,113,241,331,134,1600,0,0,37,264,94,183,515,146,794,96,210,72,71,0,302,46,382,1031,114,52,539,0,0,225,101,88,166,67,0,34,148,134,120,296,99,449,178,27,20,0,32,42,325,154,63,0,58,0,94,910,0,30,1303,132,181,0,624,0,88,172,0,157,0,41,48,296,0,0,178,97,640,145,237,182,97,132,85,58,42,1371,276,33,0,0,855,19,193,271,392,239,0,54,136,116,138,66,0,357,0,111,55,95,686,335,528,310,224,510,74,0,0,89,79,131,67,294,47,1257,191,86,51,64,158,167,98,125,59,132,329,560,284,100,145,87,131,167,0,63,85,96,0,69,293,297,185,51,1125,75,0,232,0,0,181,442,40,130,127,486,137,25,0,110,25,113,30,61,120,1924,178,0,38,297,76,24,0,120,539,52,126,215,69,82,48,212,559,88,0,0,79,80,102,85,219,262,82,123,126,40,0,175,116,260,35,41,311,0,57,147,0,131,97,113,691,177,273,0,159,0,0,165,111,184,1119,147,0,0,612,238,104,97,43,87,228,116,276,0,64,1253,29,266,139,444,183,372,243,209,0,215,92,73,353,65,136,136,61,638,133,189,31,0,102,0,578,22,73,117,872,40,98,441,173,163,123,519,0,90,612,127,129,107,61,152,148,588,76,127,491,0,64,65,225,201,98,0,65,218,115,44,189,219,79,231,0,231,153,366,37,187,139,59,103,0,0,156,75,177,39,147,482,421,50,218,0,0,123,55,343,585,82,152,258,0,86,0,141,346,429,0,59,159,307,0,51,151,291,65,0,176,291,51,57,423,152,93,160,205,188,230,133,0,95,0,0,60,306,47,137,130,0,103,229,50,34,24,507,0,255,220,329,96,219,198,193,0,0,750,111,725,63,136,115,0,97,26,22,117,82,522,137,42,285,95,206,0,167,0,76,148,62,0,69,29,45,80,110,612,416,58,125,46,22,218,240,0,0,110,68,654,76,134,0,44,0,104,103,146,181,65,289,135,182,293,222,66,54,916,74,121,23,107,127,59,0,59,416,0,45,0,103,51,206,57,0,90,67,89,0,96,121,97,0,330,0,113,25,142,329,931,1984,79,103,120,161,466,88,388,0,152,155,178,0,141,236,88,244,92,76,0,148,205,0,460,268,0,76,108,237,547,53,343,92,318,92,100,40,82,87,169,464,0,660,275,25,680,0,0,148,0,23,177,44,847,0,0,0,356,37,28,209,0,0,0,0,148,84,238,57,244,1070,164,43,466,78,400,62,168,43,211,170,30,32,339,78,331,0,66,250,0,296,410,42,47,290,56,197,560,71,0,63,96,41,0,1131,130,0,45,87,239,47,46,32,58,63,0,140,130,123,75,0,146,0,0,651,109,45,173,66,142,0,587,71,0,0,0,0,0,0,185,587,0,136,336,271,54,273,109,0,77,125,108,59,0,209,1040,88,41,43
380,0,32,0,65,37,228,46,0,152,38,354,0,39,41,137,159,262,0,32,0,212,31,82,56,77,0,0,163,52,0,0,60,0,72,141,213,0,155,538,224,161,68,0,212,0,158,0,557,0,64,40,219,219,58,285,0,0,0,56,0,188,96,403,48,73,114,87,67,49,641,0,32,50,0,376,200,43,997,0,323,40,45,162,572,65,0,0,0,27,364,94,53,139,177,0,0,0,108,61,0,0,18,355,52,42,28,50,85,60,294,0,90,120,149,62,70,71,64,0,458,0,276,60,0,0,66,53,197,0,191,0,320,57,55,119,208,138,142,149,171,40,196,322,0,0,47,102,121,248,0,39,245,91,279,133,0,162,41,330,371,64,0,191,141,124,135,0,74,392,250,98,0,88,0,129,0,120,162,80,0,324,34,67,68,0,57,650,414,0,0,0,186,80,229,0,136,0,0,156,34,72,112,44,664,0,55,64,0,60,250,200,68,53,52,196,50,84,12,0,162,159,54,41,300,0,27,111,289,34,64,43,44,0,36,20,60,133,391,75,0,182,0,79,0,0,260,0,60,0,0,0,306,80,215,95,106,0,74,170,307,374,149,56,100,0,54,721,239,569,43,57,138,404,204,47,77,0,272,300,155,0,246,353,188,151,106,546,1717,45,111,0,289,48,29,87,44,92,184,105,69,47,48,0,0,558,94,271,0,104,93,617,178,0,13,62,124,280,104,96,65,62,0,84,484,155,123,189,0,52,402,0,179,101,32,147,0,38,0,98,27,44,35,111,96,57,0,39,97,748,175,280,43,150,391,0,83,158,494,213,0,57,40,53,76,219,690,174,130,0,128,67,120,65,68,90,370,0,0,364,143,66,69,71,54,998,149,238,79,0,0,0,568,0,132,57,811,52,195,221,0,62,522,29,98,68,98,71,82,66,206,0,114,49,0,28,305,169,353,232,0,199,105,41,160,127,132,57,335,0,0,0,66,0,219,0,58,0,57,274,40,0,621,110,313,88,266,92,0,52,56,0,184,0,0,0,34,43,0,41,235,46,228,161,0,50,81,58,60,0,68,62,351,114,33,147,137,545,216,125,151,38,128,171,281,0,0,120,150,385,246,108,56,257,40,109,211,214,202,58,0,191,35,485,111,42,313,87,58,0,111,80,0,46,0,0,529,68,189,111,333,61,265,341,56,34,72,162,214,56,49,27,0,0,72,59,40,0,0,167,70,163,302,33,70,16,111,52,108,364,138,101,0,99,101,49,0,79,164,108,162,260,0,117,65,735,58,0,0,46,418,364,43,0,44,0,0,90,0,64,410,220,142,0,295,0,362,1151,120,0,78,240,0,119,40,0,0,295,0,95,28,0,72,83,37,219,55,193,55,48,0,64,231,474,127,0,93,145,0,66,0,30,0,70,100,0,53,0,0,89,242,0,0,76,0,0,0,74,0,0,0,0,217,0,44,127,0,53,0,290,500,28,0,0,457,0,134,0,37,165,88,49,0,0,0,120,36,70,67,0,0,77,260,0,163,44,0,108,301,19,0,0,152,0,266,0,61,0,117,0,252,0,0,0,50,51,61,0,268,0,50,74,0,0,100,63,0,99,134,190,0,82,345,0,0,0,0,0,194,0,0,124,62,1674,362,91,250,66,0,0,153,98,0,65,39,17,0,0,173,232,91,0,987,238,0,108,0,0,52,0,0,0,41,0,150,27,0,28,0,0,62,110,0,65,0,109,0,0,27,230,181,84,70,44,0,103,67,0,38,52,60,74,80,0,0,0,64,35,75,329,0,0,0,33,0,56,0,34,0,88,57,69,118,55,139,0,128,65,0,37,29,24,170,146,40,450,0,35,65,150,188,0,345,56,17,33,94,0,40,171,53,0,0,34,17,0,129,85,46,0,0,25,592,0,141,78,16,107,83,0,159,0,144,0,0,0,148,146,0,296,19,60,0,168,24,0,62,0,0,0,0,0,30,57,363,87,0,26,0,112,0,0,75,34,69,62,0,137,0,49,53,114,43,0,125,58,318,0,0,0,119,233,0,70,0,0,51,243,411,343,117,37,102,36,0,301,238,86,140,0,88,188,0,68,0,175,36,38,38,64,57,0,50,0,55,93,70,160,98,0,31,52,0,89,40,84,0,23,45,39,111,0,81,152,0,0,37,37,325,0,43,61,0,73,186,97,0,163,51,135,34,0,0,210,116,51,0,351,33,0,89,172,0,0,67,130,372,35,539,0,1080,134,53,0,53,0,0,0,0,68,38,0,84,0,0,204,50,95,203,174,112,123,0,119,59,265,341,160,35,73,36,0,56,62,32,0,276,63,43,0,26,109,0,0,78,207,0,187,462,67,125,32,42,126,59,29,187,33,72,0,0,0,69,60,225,0,167,0,248,160,0,416,48,68,56,251,1393,102,68,54,184,156,49,209,0,64,66,91,0,45,0,72,0,69,1058,0,0,30,92,0,80,106,0,45,84,37,38,28,0,0,80,37,160,26,0,0,61,0,0,113,52,293,109,225,0,58,574,0,0,485,80,165,298,0,76,0,33,68,27,393,0,0,129,303,0,0,0,72,82,37,77,0,69,0,30,0,33,374,105,81,31,76,124,120,267,0,0,68,243,69,0,109,102,126,244,107,87,0,164,33,83,0,62,60,302,0,43,343,116,48,0,31,0,0,38,157,318,0,0,114,37,579,208,0,122,0,0,82,0,0,0,59,82,64,70,0,0,157,63,0,293,0,39,35,269,63,103,162,63,80,58,0,57,0,29,38,36,59,0,418,0,0,67,143,75,71,98,30,0,132,0,221,20,58,65,0,44,0,61,0,0,0,48,0,0,13,136,0,0,121,0,74,156,0,103,0,0,41,31,68,289,102,0,0,0,36,151,26,0,29,68,90,20,0,139,77,0,48,106,0,91,25,0,122,0,0,37,101,0,89,0,82,61,0,0,78,91,68,114,192,71,0,140,0,116,0,0,222,370,59,120,71,0,2040,41,103,0,53,91,49,232,0,75,106,23,122,30,187,41,0,0,0,59,0,0,188,55,0,0,185,44,137,0,158,107,36,47,65,41,98,45,0,27,83,24,0,39,2465,365,70,111,0,80,85,354,94,0,0,0,328,0,0,102,128,22,242,0,207,95,710,0,156,262,0,0,51,0,65,0,0,280,54,44,75,86,153,61,221,0,217,0,66,0,0,34,53,143,23,185,78,30,0,0,126,197,0,33,105,30,440,191,84,119,312,79,0,316,0,0,588,0,0,130,0,50,0,449,0,97,219,0,55,0,164,64,71,176,91,0,265,89,0,0,129,96,86,51,0,0,231,0,307,0,234,89,30,65,0,0,224,47,61,0,588,100,72,57,0,69,50,18,0,317,27,0,225,40,0,0,107,47,73,0,0,0,85,0,0,0,192,0,25,40,87,80,182,0,83,118,0,0,215,0,0,0,0,136,0,128,90,0,0,0,0,24,65,0,58,0,290,203,38,0,135,291,42,21,161,64,101,0,0,57,71,0,208,0,0,89,49,0,0,0,38,89,52,139,847,0,0,200,77,30,0,0,108,0,0,39,0,152,0,0,225,0,0,681,0,68,107,0,44,177,0,0,36,205,0,181,0,70,0,0,0,38,0,48,191,243,61,0,0,42,58,101,15,175,0,47,65,0,38,500,45,73,51,0,0,112,0,46,55,120,48,27,0,150,0,0,86,78,41,176,238,0,249,147,0,78,0,79,386,0,0,0,115,118,0,140,0,0,0,533,66,46,89,21,306,104,143,0,206,65,55,33,507,0,0,0,177,57,462,198,61,57,0,97,308,0,107,0,134,28,66,0,135,0,0,67,0,57,0,33,0,94,238,0,0,647,37,0,0,69,83,0,78,90,86,68,0,0,23,52,141,0,105,473,40,77,168,0,0,25,0,62,356,0,0,51,0,50,83,0,0,50,365,0,166,41,0,0,27,165,112,201,169,64,0,283,43,193,0,0,33,176,0,340,64,0,141,47,40,0,66,0,24,0,47,0,84,71,0,44,0,0,0,0,0,186,0,794,0,116,76,0,0,65,49,0,84,136,0,73,57,24,214,203,60,0,49,0,78,69,0,116,199,73,52,168,0,0,599,0,95,0,0,60,168,384,0,100,131,31,0,50,0,125,138,100,113,113,0,0,66,51,0,31,0,53,0,0,204,118,70,60,320,73,39,100,0,0,0,0,51,0,46,49,277,45,73,87,41,0,399,49,0,0,71,0,245,134,0,0,112,176,0,175,0,221,57,48,0,52,0,0,30,315,0,23,0,49,56,133,130,75,273,0,0,41,333,0,0,57,90,0,29,0,36,223,203,0,188,69,0,0,294,10,52,604,32,0,0,0,0,0,0,238,42,513,0,0,54,65,0,0,163,32,177,97,64,108,223,46,86,189,82,252,0,0,0,0,80,200,122,117,349,0,35,110,153,104,0,47,370,0,0,0,0,35,87,280,193,419,58,0,116,0,0,0,162,0,0,87,0,396,0,0,85,0,0,0,0,88,106,65,50,233,148,139,138,0,0,118,95,0,0,0,353,318,0,100,52,36,0,0,62,89,87,226,37,95,97,50,0,0,0,0,221,0,193,0,0,39,241,0,104,202,0,0,109,0,117,0,347,0,0,26,0,39,0,162,122,0,0,0,265,120,50,0,1065,0,62,0,0,0,0,345,47,58,85,607,0,0,0,0,65,332,119,29,0,0,57,0,112,85,41,167,122,0,77,0,61,0,0,68,229,36,252,0,0,487,25,63,0,0,60,74,50,0,0,27,0,0,64,90,0,239,154,0,0,0,150,180,28,0,0,0,100,88,42,98,77,0,0,25,0,81,0,89,200,268,306,126,0,0,0,0,0,112,0,0,75,267,452,81,308,88,53,161,0,0,0,47,36,34,0,30,46,129,0,124,436,0,78,69,48,62,0,0,0,0,147,39,217,55,0,0,0,121,68,0,223,0,62,36,0,23,0,104,0,0,163,31,0,89,63,45,392,0,57,100,77,71,0,0,100,128,0,0,0,0,89,78,66,53,109,0,0,970,0,165,0,60,81,48,59,96,33,0,52,0,0,33,52,54,0,80,0,36,283,42,0,278,0,0,0,56,0,0,66,0,0,138,65,220,208,59,0,0,0,0,40,0,82,0,0,90,61,0,0,134,0,42,202,0,0,0,196,0,62,80,111,33,49,86,0,0,0,0,0,79,0,60,124,0,184,340,0,37,0,0,62,0,75,73,0,0,74,242,83,94,234,0,134,0,0,97,0,127,203,142,177,18,0,134,70,24,0,22,174,0,49,47,80,64,1002,53,0,0,45,0,171,124,79,177,0,70,35,0,0,151,0,285,401,75,0,243,0,0,0,0,42,53,0,0,0,90,62,65,110,0,204,123,0,0,0,53,0,60,0,0,0,0,0,0,1615,0,0,395,0,0,0,83,0,0,58,0,309,0,0,0,0,0,0,36,0,110,0,0,0,28,0,0,0,0,189,53,0,0,0,95,0,98,188,124,126,0,0,0,0,135,0,0,117,0,0,61,0,0,145,0,135,32,115,0,42,0,0,0,48,0,48,0,373,187,0,71,0,216,93,0,0,76,0,105,97,0,0,0,0,0,73,0,23,0,47,0,0,103,76,0,0,161,0,0,72,0,0,0,167,0,0,46,0,0,0,0,185,26,0,0,0,92,98,118,0,0,125,38,0,0,34,0,33,0,158,0,76,0,64,0,0,0,27,0,0,0,0,0,0,39,38,0,0,0,39,45,69,70,44,67,0,0,99,0,20,0,79,261,0,59,0,38,0,47,0,0,55,378,0,0,0,293,0,52,0,0,104,0,0,0,18,0,36,0,352,27,72,0,108,0,366,0,0,0,0,123,0,0,49,0,372,68,42,0,0,0,0,21,0,0,0,225,0,44,153,46,82,0,268,0,49,143,0,45,261,0,118,29,83,33,64,164,0,115,77,75,84,73,0,0,0,74,0,0,0,0,55,0,142,95,0,0,0,63,31,95,0,0,91,0,68,0,0,119,186,0,0,0,0,31,0,90,252,45,0,45,0,30,0,0,151,0,0,0,65,52,0,0,0,89,0,0,74,80,0,43,184,62,67,68,48,56,0,97,0,0,0,0,0,158,26,0,38,0,30,69,0,0,0,258,18,86,132,55,36,108,58,98,0,26,504,48,503,0,88,48,27,65,31,0,126,0,136,97,33,138,52,321,0,152,0,111,36,0,0,36,36,0,0,70,198,99,0,57,0,0,93,39,0,0,0,0,461,24,0,0,0,48,51,132,55,76,0,0,0,56,122,188,0,39,230,0,86,0,55,0,0,0,37,300,0,80,0,108,0,51,0,0,26,0,0,22,74,38,0,31,0,0,79,0,125,315,340,611,21,69,139,62,247,45,382,0,77,0,103,0,100,59,89,69,66,0,0,80,0,0,162,64,0,53,51,113,469,0,205,0,208,0,0,0,53,0,75,159,0,202,113,0,178,0,0,37,67,0,45,0,379,0,0,39,148,0,0,146,32,0,75,0,85,0,69,137,104,544,54,0,163,0,218,57,102,0,95,117,0,0,215,0,76,0,0,99,0,174,273,0,35,83,49,411,115,24,0,0,35,0,0,439,52,0,0,0,75,0,0,18,0,0,0,49,68,0,0,0,74,26,0,229,0,52,90,0,61,0,94,0,0,0,0,0,0,0,75,292,0,159,77,135,0,107,60,0,0,65,52,0,0,64,297,0,0,0
381,0,0,0,56,70,52,31,0,72,0,103,0,0,0,92,131,90,0,66,0,211,0,44,60,112,0,0,61,57,0,0,100,0,0,314,95,0,24,379,37,48,31,0,124,0,45,0,186,0,61,38,149,54,0,177,0,0,0,32,0,32,64,247,0,0,57,0,0,0,79,0,32,0,0,55,85,0,170,40,76,27,0,100,205,49,36,37,0,0,235,0,46,65,49,17,0,0,113,0,0,0,0,110,0,0,0,0,0,111,161,0,68,81,97,0,43,95,0,0,232,0,208,0,0,0,0,0,81,28,26,0,223,0,60,109,110,0,65,0,128,0,170,169,0,0,0,64,0,128,0,0,75,0,100,73,0,56,0,118,291,50,0,124,20,0,0,0,152,160,257,213,0,0,0,55,0,54,130,27,0,134,0,0,0,43,0,338,204,0,0,0,63,67,66,0,59,0,0,71,0,47,101,0,237,0,35,0,0,0,142,136,63,0,0,0,35,68,0,0,38,140,0,0,189,0,0,0,706,0,71,0,0,0,0,0,0,106,151,0,0,87,34,0,0,0,78,0,0,0,0,0,180,0,117,0,0,0,49,38,543,53,0,0,0,0,0,285,47,105,0,0,215,121,37,107,48,0,386,259,75,0,80,166,28,0,0,221,1198,47,26,0,229,0,0,131,0,0,37,0,40,0,47,52,0,0,64,243,0,137,71,489,90,0,0,61,26,50,85,0,68,50,0,0,195,87,62,109,0,0,380,0,0,65,79,0,27,0,34,83,0,0,0,105,103,25,0,0,127,881,165,120,0,38,276,0,0,59,402,127,41,98,105,24,148,190,693,141,36,0,0,0,45,51,0,83,81,0,0,157,0,51,34,38,0,488,109,0,64,0,0,0,648,38,0,0,568,43,212,288,0,0,306,0,20,129,48,0,53,0,126,0,68,0,0,0,150,99,198,76,0,138,100,39,77,96,67,0,91,0,0,0,57,20,101,0,39,43,0,116,0,0,426,0,259,0,330,77,0,0,28,0,129,0,141,0,0,34,0,0,281,0,0,212,0,53,0,0,0,43,52,40,259,98,54,0,128,294,189,121,126,58,132,250,39,0,0,107,140,422,116,0,0,214,71,24,0,87,228,44,0,150,66,1025,47,63,176,0,0,0,111,0,24,57,0,29,222,75,50,0,155,0,256,328,68,0,65,0,77,0,52,0,0,0,64,0,0,0,0,0,0,143,261,34,0,0,134,0,89,244,138,104,0,74,0,0,0,0,0,0,44,274,0,0,0,70,0,0,23,26,46,375,30,0,0,0,0,217,0,68,195,123,162,0,143,20,316,523,84,38,0,497,0,133,42,0,0,67,0,59,19,55,43,0,0,147,54,240,0,0,0,0,351,377,150,0,63,66,0,0,0,39,0,0,0,0,85,42,0,69,111,0,0,0,0,50,53,0,0,0,0,0,275,0,41,49,0,74,0,247,244,29,0,0,261,0,44,0,60,118,37,0,64,0,0,148,0,43,49,59,257,0,212,40,173,37,0,48,179,38,0,43,0,61,126,0,0,27,30,0,109,0,0,14,0,75,64,0,168,0,26,66,0,147,55,78,0,71,64,164,0,104,211,0,0,0,0,40,246,77,57,80,53,273,144,154,169,66,0,0,133,86,0,29,61,0,0,0,127,177,145,0,1135,149,0,134,0,0,89,0,16,93,0,0,68,0,0,46,0,0,0,93,0,38,0,127,0,78,27,97,180,74,60,0,0,0,0,0,0,62,100,0,148,44,0,0,88,71,57,288,0,0,33,0,0,34,0,32,0,30,0,0,76,43,290,60,0,0,122,0,0,0,162,153,0,297,0,0,27,96,76,0,219,52,0,0,45,59,0,94,143,0,0,47,0,0,105,39,0,0,0,0,200,0,159,33,0,104,0,0,93,0,75,43,0,0,446,272,0,278,0,45,0,269,35,71,67,0,34,33,0,43,0,38,127,90,44,0,0,45,49,95,51,0,0,162,0,164,0,0,0,185,0,42,94,78,143,52,0,0,42,204,0,77,0,0,0,88,116,205,70,42,72,0,0,341,83,97,79,0,75,175,39,0,0,378,0,52,0,0,66,37,0,0,102,81,0,174,116,0,58,81,0,111,0,117,0,43,0,25,85,0,102,82,0,0,18,0,351,0,0,104,67,53,150,128,0,51,52,289,0,0,0,103,0,28,0,305,14,0,216,176,0,0,57,110,489,0,322,0,1803,65,64,44,0,0,60,0,0,41,42,32,44,0,0,109,0,92,42,131,101,38,0,0,68,141,583,91,74,55,0,25,45,22,66,0,63,82,0,0,0,32,20,0,0,110,0,187,347,95,208,0,79,67,47,0,214,135,94,35,50,0,0,126,254,0,355,47,288,0,0,352,58,71,56,57,428,97,121,0,150,49,0,41,0,60,0,37,0,47,0,61,0,0,1533,0,0,0,50,42,76,205,0,76,48,70,31,37,0,0,81,0,94,46,0,0,78,0,0,82,0,68,57,212,0,43,71,0,0,312,103,100,96,12,104,0,0,89,63,417,0,0,67,254,18,25,0,83,0,0,45,0,71,0,25,0,36,156,77,51,25,65,168,0,608,0,50,77,159,38,0,85,67,157,201,61,114,0,115,28,97,0,0,42,102,0,82,457,83,63,35,0,0,0,47,133,395,54,0,91,0,334,263,0,222,0,0,71,0,44,0,51,44,73,166,23,50,124,0,0,419,0,78,0,212,33,26,45,35,216,73,23,0,0,53,0,0,0,0,160,0,0,49,73,67,0,76,0,0,63,67,0,0,41,66,0,103,26,0,0,23,27,29,0,75,0,140,0,0,53,0,61,73,43,70,0,0,56,47,152,158,140,0,0,0,39,236,40,0,49,111,91,37,0,0,0,0,0,78,0,39,73,0,97,0,0,0,56,0,48,21,162,77,0,0,122,0,31,125,119,0,28,112,30,87,45,0,257,91,0,129,0,0,1268,0,177,0,77,45,0,182,0,61,140,13,48,0,0,82,0,0,35,158,0,47,301,0,0,0,95,0,65,0,194,175,0,0,0,0,53,40,45,40,119,0,0,0,1053,747,0,413,0,0,54,147,26,0,0,0,230,0,36,49,55,0,162,0,100,75,367,0,301,203,0,131,0,0,35,0,0,196,94,31,89,61,139,66,156,0,476,0,44,182,0,0,0,145,0,93,52,0,81,53,52,75,0,0,159,0,498,213,57,122,112,66,0,223,21,0,125,0,0,197,0,0,61,246,0,49,265,84,56,0,248,106,74,97,80,0,259,42,29,0,70,51,58,0,25,0,94,0,122,130,59,188,56,42,0,0,110,52,55,0,207,97,168,88,0,49,39,0,45,67,66,34,253,37,0,26,68,0,0,46,0,0,0,0,0,67,217,62,0,28,231,0,117,20,0,101,0,37,77,0,0,0,104,0,0,98,42,41,0,34,0,0,114,0,71,0,269,55,0,23,85,84,64,0,162,35,88,0,0,42,278,0,161,25,54,0,113,0,0,70,308,51,50,110,804,0,0,247,93,0,62,103,308,0,93,43,66,63,0,0,113,0,0,406,0,96,41,48,47,107,0,18,38,106,0,287,0,0,0,35,33,82,0,64,145,299,38,0,53,62,62,20,0,152,76,58,0,0,30,107,44,60,0,0,53,50,0,77,297,26,113,65,49,168,0,18,145,95,52,123,190,32,171,113,75,75,43,24,325,0,40,63,103,197,0,106,0,0,0,277,109,0,47,14,89,91,32,49,131,0,104,0,72,0,0,0,376,25,606,112,111,0,34,126,149,41,45,35,83,141,68,63,0,148,0,0,0,109,26,67,0,67,219,0,0,386,42,0,28,224,70,0,50,422,56,0,30,0,0,50,115,70,237,543,125,110,106,0,41,116,0,0,328,0,0,0,0,0,195,0,26,90,256,0,181,0,82,66,0,59,155,152,84,36,31,396,211,588,42,0,0,235,0,88,0,74,59,105,0,0,0,0,0,0,84,0,57,474,64,68,0,0,0,37,0,102,0,599,0,0,47,0,0,0,42,0,126,111,0,143,32,0,76,73,136,0,80,45,51,0,14,26,103,0,0,129,0,0,270,28,112,0,31,112,355,211,0,234,101,0,0,0,0,113,281,78,92,187,0,62,100,0,0,0,49,0,0,0,78,66,64,97,0,82,32,57,0,0,22,0,122,0,105,53,244,0,77,0,32,62,447,97,0,81,0,25,174,82,0,0,61,187,51,51,0,193,37,74,33,50,0,38,0,226,0,0,0,162,49,113,104,98,115,26,0,0,126,0,0,123,76,0,0,0,36,146,408,0,73,81,0,0,473,0,51,484,0,36,0,41,76,95,0,299,33,197,0,85,47,0,0,0,78,0,109,69,62,66,162,70,112,514,64,122,0,14,0,79,148,80,0,91,487,20,20,238,113,256,0,259,177,61,0,0,25,67,258,139,202,156,54,0,92,0,0,0,82,0,0,154,0,234,0,36,318,36,0,0,0,110,112,61,49,190,71,156,165,19,52,508,38,35,0,0,242,469,0,42,0,0,62,0,129,60,79,294,62,55,133,138,0,34,0,31,77,102,245,0,75,0,121,107,82,86,0,0,255,0,119,0,287,0,49,0,77,0,0,50,193,0,0,53,515,100,52,0,1133,39,0,0,0,0,0,193,99,64,86,362,47,0,28,0,0,164,99,0,49,0,142,0,0,90,0,50,151,44,162,0,0,0,0,69,132,72,226,0,0,297,74,77,0,55,84,71,30,0,0,80,0,32,66,0,37,109,116,0,0,0,89,141,75,0,0,0,116,115,112,79,38,0,0,0,0,77,92,0,153,83,475,68,0,0,0,0,59,56,0,0,107,157,507,81,138,0,43,168,32,143,0,33,46,0,88,0,54,0,0,196,363,0,0,117,0,30,0,0,32,0,145,45,358,50,34,72,0,227,136,0,195,36,23,45,67,38,34,86,71,0,108,0,0,104,77,55,191,89,25,58,151,0,74,0,46,58,0,104,0,0,238,156,0,47,111,0,0,460,0,191,71,43,0,0,39,76,0,0,34,0,73,49,0,116,0,51,0,0,158,0,55,226,0,40,0,0,84,0,76,0,27,138,0,119,140,76,0,0,0,107,0,45,83,26,0,0,40,0,0,133,0,63,333,0,0,92,84,0,220,84,73,0,48,0,0,0,0,0,0,145,0,131,47,0,78,261,0,0,0,19,102,0,35,105,89,199,60,182,53,36,75,0,86,26,0,112,58,208,221,107,70,33,0,0,0,0,0,21,48,0,34,0,121,73,536,0,0,0,0,0,85,118,114,208,29,57,0,0,0,116,0,163,339,64,39,205,0,0,66,32,44,55,25,0,0,0,33,77,96,0,285,74,0,0,0,0,0,89,52,0,0,75,0,43,971,0,0,468,152,83,0,166,27,380,81,0,264,112,26,0,125,0,0,115,0,81,70,68,50,13,81,0,0,0,610,62,0,18,0,242,0,109,169,228,160,0,0,90,162,75,0,0,133,0,68,53,0,92,126,191,50,69,122,0,22,45,61,0,0,0,107,32,313,179,0,0,0,99,73,0,71,56,135,235,181,218,52,65,67,0,0,0,75,0,51,0,0,99,90,0,0,273,0,0,73,40,0,0,146,0,0,73,218,0,55,0,129,84,0,0,0,189,732,150,0,0,116,0,49,0,58,233,33,73,124,33,95,51,61,279,0,0,0,0,57,0,46,119,170,47,37,0,0,120,33,67,65,31,0,272,0,38,172,42,45,46,93,77,74,75,76,82,0,41,54,53,43,316,137,0,0,215,98,77,129,35,49,276,0,114,0,0,545,123,454,64,121,141,51,71,239,0,115,79,0,155,120,0,60,0,600,0,74,0,0,46,0,182,0,30,0,519,0,29,122,118,53,0,232,0,140,154,61,0,962,34,565,48,230,0,57,252,0,0,81,133,106,46,0,0,102,76,0,99,31,42,73,0,85,166,136,0,69,0,0,87,0,0,82,0,99,63,39,231,180,37,54,0,0,76,0,93,211,0,113,290,0,0,0,0,65,90,0,32,90,258,0,0,113,103,38,0,110,171,51,0,0,57,56,145,241,51,232,120,0,0,0,0,0,137,0,70,81,0,57,160,42,0,0,290,0,70,143,246,42,101,128,30,0,0,628,111,309,0,92,98,0,59,0,16,92,53,478,146,50,246,140,402,0,68,0,0,123,44,47,0,48,88,34,78,407,483,32,123,0,0,130,166,0,0,61,51,426,77,60,0,0,0,84,181,68,70,55,206,43,87,192,362,0,68,710,37,50,0,71,101,0,0,0,323,0,60,0,104,54,108,64,0,34,103,35,0,74,100,78,56,227,0,89,0,70,185,244,867,0,133,76,194,215,64,212,41,103,60,149,40,173,105,43,152,0,77,0,112,113,0,356,217,0,72,163,132,421,0,97,62,130,0,32,0,58,60,163,337,0,964,150,0,459,0,0,93,0,0,0,74,638,0,0,0,246,0,0,173,36,0,45,26,100,60,232,29,155,289,0,0,326,77,196,0,188,0,94,0,0,0,271,61,110,0,42,120,30,201,280,0,82,256,54,367,389,57,44,71,76,51,0,1033,182,0,0,93,139,39,0,0,0,0,0,109,76,0,63,0,88,0,0,338,55,0,178,38,69,0,529,33,0,0,0,0,18,0,86,269,0,86,204,292,58,119,0,0,33,147,84,67,0,160,705,39,51,55
382,0,0,0,0,0,0,0,0,0,0,0,0,0,0,0,0,0,0,0,0,0,0,0,0,0,0,0,0,0,0,0,0,0,0,0,0,0,0,0,0,0,0,0,0,0,0,0,56,0,0,0,0,0,0,57,0,0,0,0,0,0,0,0,0,0,0,0,0,0,0,0,0,0,0,0,0,0,0,0,0,0,0,0,0,0,0,0,0,0,91,0,0,0,0,0,0,0,0,0,0,0,0,0,0,0,0,0,0,0,0,0,0,0,0,0,0,0,0,0,0,0,14,0,0,0,0,0,0,0,0,0,0,0,0,0,0,0,0,0,0,0,0,24,0,0,0,0,0,22,0,0,0,0,0,0,0,0,0,0,0,0,0,0,0,0,0,0,0,30,58,0,0,0,0,0,0,0,0,0,0,0,0,0,0,0,0,68,0,0,0,0,0,0,0,0,0,0,0,0,0,0,0,0,0,0,0,0,0,0,0,0,0,0,0,0,0,43,0,0,0,121,0,0,0,0,0,0,0,0,0,0,0,0,0,0,0,0,0,0,0,0,0,0,0,0,0,0,0,0,0,0,0,0,0,0,0,0,0,0,0,0,0,0,0,0,0,0,0,88,0,0,74,0,0,0,0,0,89,24,0,0,0,0,0,0,0,24,951,0,0,0,27,0,0,0,0,0,0,0,0,0,0,0,0,0,48,0,0,0,0,79,50,0,0,0,0,0,0,0,0,0,0,0,129,0,0,49,0,0,53,0,0,0,0,0,0,0,0,0,0,0,0,0,0,0,0,0,0,0,0,0,0,0,134,0,0,0,83,71,30,0,0,0,0,63,0,40,0,0,0,0,36,0,0,35,0,0,0,0,0,0,0,0,0,253,0,0,0,0,0,0,0,0,18,0,38,0,0,101,0,0,0,0,0,0,0,0,0,0,0,0,18,0,0,0,0,0,32,0,0,45,0,0,50,0,0,0,0,0,0,0,0,0,62,0,0,0,0,0,0,0,35,0,0,0,0,0,0,0,0,0,0,0,0,0,0,0,0,0,0,0,0,54,0,0,0,0,0,0,0,0,0,0,0,0,0,41,0,0,0,0,0,0,0,0,0,0,35,0,41,0,0,69,0,0,0,22,61,0,0,0,0,0,0,0,55,0,0,0,0,0,0,0,0,0,0,0,0,0,0,0,0,50,0,0,0,0,73,0,0,0,0,0,20,0,0,0,0,0,0,0,61,0,0,0,0,0,0,0,0,0,0,0,0,0,0,0,0,0,0,0,0,0,0,95,0,0,0,0,0,0,0,0,0,0,0,0,0,0,0,22,0,0,99,0,0,0,0,0,0,66,0,0,0,0,0,0,0,0,0,0,0,0,0,0,0,0,0,0,0,0,67,91,0,0,0,0,0,0,0,0,0,0,0,0,41,0,0,0,0,0,0,0,0,0,62,0,0,0,0,0,0,0,0,178,0,30,0,0,0,0,0,66,223,0,0,0,0,0,0,0,0,0,0,0,0,19,0,0,0,0,0,0,124,0,0,0,0,0,0,0,0,0,0,0,0,0,62,0,0,0,0,0,0,0,89,0,227,0,0,0,0,0,0,0,0,0,0,0,0,126,0,0,0,0,0,0,90,0,79,0,0,0,0,0,0,0,0,0,0,0,0,0,0,0,0,34,153,0,0,0,302,0,0,0,0,0,0,0,0,0,0,0,0,0,0,0,0,0,0,0,0,0,0,0,0,0,0,0,0,0,0,0,0,189,0,0,0,0,0,0,0,0,0,0,0,0,0,80,0,0,0,0,0,0,0,0,20,0,0,0,0,0,158,0,0,0,0,0,0,0,57,110,0,0,0,0,0,0,37,0,75,0,0,0,0,0,0,0,140,0,0,0,0,0,0,0,0,0,0,0,35,0,0,0,0,0,0,0,0,0,0,0,0,0,29,43,0,0,0,0,0,105,0,0,0,0,0,0,0,0,0,0,0,0,0,0,0,0,42,0,61,0,0,0,0,0,0,0,0,69,0,0,0,0,106,0,0,0,0,54,0,0,0,0,0,48,0,49,37,0,0,0,0,147,0,0,0,0,0,0,0,0,0,0,0,0,0,0,0,0,0,0,0,0,0,42,0,0,0,0,0,47,0,96,0,0,0,0,0,0,0,35,0,0,0,0,54,0,0,0,0,0,56,0,0,36,0,0,0,0,0,0,0,0,0,74,0,0,0,0,0,0,0,30,0,0,98,0,419,0,0,34,0,0,0,0,0,0,0,0,0,0,0,48,0,21,176,117,0,0,0,0,0,0,190,0,0,0,0,0,0,0,0,0,0,0,0,0,0,0,0,0,0,0,0,37,401,0,51,0,86,0,0,0,0,0,0,0,0,0,0,0,191,0,0,20,85,0,0,91,0,0,0,63,70,0,187,0,0,35,0,0,0,0,0,0,0,0,0,0,0,34,103,0,0,0,0,0,0,87,0,0,59,0,0,0,0,0,0,0,0,0,0,0,45,0,0,0,0,32,0,0,0,0,0,0,0,74,0,0,37,0,27,0,0,41,0,37,0,0,0,111,0,0,0,0,0,0,0,0,0,0,0,0,0,0,0,0,0,0,17,0,0,0,0,0,0,0,0,22,37,0,0,0,0,0,0,0,0,0,0,0,43,0,0,181,69,0,0,0,0,0,0,67,0,0,0,0,0,0,41,0,0,0,0,0,0,0,0,0,0,0,85,0,0,40,0,0,0,0,0,0,0,0,0,0,0,0,0,0,0,0,0,0,0,0,0,58,0,0,0,49,0,0,0,0,0,0,0,0,0,0,0,0,0,0,0,0,0,0,0,0,0,0,0,0,0,0,0,0,0,0,39,0,0,0,0,38,0,0,0,0,0,0,0,0,24,0,52,0,0,0,0,0,0,0,0,0,59,0,0,0,0,0,0,0,0,0,0,38,0,0,0,0,0,0,0,33,0,0,0,0,0,0,0,108,0,0,95,0,0,201,0,0,0,0,0,0,0,0,0,0,0,0,0,0,53,0,0,0,0,0,0,0,0,0,0,0,0,0,0,0,0,0,0,0,0,0,0,0,0,0,0,0,0,559,20,0,74,0,0,49,70,0,0,29,0,42,0,0,0,0,0,27,0,39,25,66,0,0,0,0,100,0,0,0,0,0,0,0,0,33,0,0,0,0,0,0,0,0,55,0,0,27,0,0,0,29,0,0,0,0,29,0,0,0,0,39,0,0,0,57,0,0,0,0,0,0,0,0,0,0,0,0,71,0,0,65,0,0,0,0,0,0,0,0,0,42,0,0,0,0,0,0,0,0,0,50,0,64,0,0,0,0,0,0,0,0,0,0,0,39,0,0,0,0,0,0,0,0,0,0,0,70,0,0,0,51,0,0,25,0,0,0,0,0,0,97,0,0,0,0,0,0,0,0,109,0,0,49,0,0,0,59,0,0,0,0,0,0,0,0,0,79,0,37,0,150,50,0,0,90,0,0,0,0,0,0,0,0,0,199,0,0,0,0,0,0,0,0,0,37,0,0,0,202,0,0,0,0,0,31,43,0,0,0,0,0,0,0,0,0,0,0,120,0,52,0,0,0,52,0,0,19,0,0,0,0,0,0,26,0,0,0,0,115,0,0,0,0,0,36,0,0,0,0,0,0,0,0,48,0,0,0,0,0,0,0,72,43,0,0,0,0,15,0,0,0,0,0,101,79,0,46,0,42,40,0,0,156,0,0,0,0,105,0,0,0,0,0,141,0,0,23,0,59,72,41,0,0,0,0,0,119,0,0,0,177,0,471,65,26,0,0,55,0,0,0,0,0,0,46,0,0,69,0,53,0,0,0,0,0,64,110,0,0,51,0,0,0,0,0,0,0,0,0,0,0,0,0,0,55,0,61,75,0,29,60,0,0,0,0,0,0,0,0,0,0,0,0,0,0,0,262,0,120,0,0,0,0,0,110,43,43,0,0,90,0,28,0,0,0,0,0,72,0,0,0,0,0,0,0,0,0,0,0,0,0,81,0,0,0,0,0,0,0,0,0,71,0,0,0,0,0,0,0,0,197,56,0,0,0,0,44,47,37,0,64,0,0,0,0,0,69,0,0,52,0,0,122,0,0,0,0,0,37,96,0,0,30,0,0,0,0,0,0,35,0,51,0,0,0,0,0,0,0,0,0,0,41,0,0,20,127,0,0,0,19,0,0,0,0,0,0,51,42,0,0,0,0,0,79,0,30,30,81,0,110,0,0,0,34,68,107,42,0,47,0,0,0,0,0,0,65,115,0,0,0,81,0,0,58,83,69,0,0,0,33,0,0,0,50,0,0,0,0,66,73,0,49,0,0,0,106,0,0,131,0,0,0,0,0,0,0,120,16,28,0,0,0,0,0,0,0,0,55,0,0,23,46,0,28,138,32,59,0,0,0,92,81,0,0,34,83,0,0,0,0,109,0,0,99,0,0,0,0,0,98,66,65,224,0,0,43,0,0,0,0,0,0,22,0,104,0,0,44,0,0,0,0,0,0,0,0,81,42,29,0,0,0,234,23,0,0,0,98,102,0,0,0,0,0,0,0,0,0,58,0,0,0,0,0,0,0,0,0,0,74,0,0,0,57,98,35,73,0,0,0,0,30,0,91,0,0,0,0,0,0,93,0,0,0,0,88,0,0,0,393,0,0,0,0,0,0,110,0,0,0,170,0,0,0,0,0,84,0,0,0,0,65,0,47,38,0,39,123,0,0,0,0,0,51,0,38,0,69,0,43,166,64,95,0,73,34,0,0,0,0,0,0,0,16,47,32,95,50,0,0,0,57,60,0,0,0,0,0,39,27,91,72,0,0,0,0,0,0,0,365,63,94,27,0,0,0,0,0,0,0,0,69,89,165,0,42,0,55,48,0,0,0,0,0,0,0,0,0,0,0,243,134,0,0,0,0,16,0,0,37,0,57,0,50,35,0,0,0,93,86,0,132,70,0,53,0,80,0,0,0,0,0,0,0,21,54,0,0,66,0,33,38,25,0,0,0,35,0,94,0,0,52,54,0,0,25,0,0,255,0,98,0,0,0,0,39,0,0,0,80,17,0,26,22,169,0,0,0,0,127,0,46,144,0,47,0,0,21,0,0,0,87,41,26,0,71,0,0,0,33,0,0,29,100,0,0,0,0,60,0,163,0,0,57,0,0,45,39,0,25,0,49,40,0,0,0,0,0,0,0,39,0,0,0,0,0,112,0,0,0,0,87,0,45,0,36,67,74,0,78,0,27,0,45,31,0,0,60,62,125,0,53,0,0,34,0,0,0,0,75,0,0,29,75,36,399,0,0,24,36,0,45,0,0,123,0,0,0,0,0,0,0,127,167,35,0,114,0,0,41,0,0,60,0,0,0,65,0,0,0,0,166,58,0,0,0,0,0,67,0,0,0,37,0,0,531,0,0,369,0,34,0,110,0,51,28,0,101,0,0,0,0,0,0,73,0,108,0,47,0,0,0,0,0,0,228,49,0,0,0,124,0,55,0,50,0,0,0,0,48,39,0,0,219,0,0,0,0,73,0,160,0,35,194,0,0,0,0,0,0,0,84,0,656,0,0,0,0,0,0,0,40,0,0,42,93,0,0,33,0,0,0,0,0,0,0,0,35,63,70,0,0,185,0,0,56,0,0,0,76,0,0,0,0,0,0,0,41,0,30,0,0,53,194,0,0,0,120,0,0,0,53,146,0,0,0,0,0,0,63,0,0,0,0,0,0,0,0,0,46,0,0,0,0,0,0,26,87,0,0,52,0,0,0,0,36,36,0,87,84,92,0,50,0,0,0,0,88,245,0,0,0,0,65,0,77,0,0,80,0,56,0,0,220,0,0,0,73,74,57,67,65,0,0,0,0,47,0,0,0,0,239,33,0,0,0,21,0,160,0,0,0,189,0,0,89,0,0,0,78,0,0,0,0,0,134,0,169,64,0,0,28,90,0,0,0,0,0,56,0,0,0,73,0,48,0,0,87,0,113,0,75,0,0,59,0,0,0,0,0,0,0,0,12,88,98,0,70,0,0,0,0,62,115,0,0,106,0,0,0,0,0,60,0,0,58,74,0,0,0,104,27,0,67,0,0,0,0,38,73,144,66,0,0,0,0,0,0,0,0,65,0,0,0,0,0,19,0,0,0,185,0,60,58,59,0,47,0,0,0,0,197,38,317,0,0,0,0,38,0,0,0,0,175,67,0,56,0,62,0,38,0,67,0,0,0,0,37,0,0,0,130,241,0,0,0,0,85,45,0,0,0,0,263,0,0,0,0,0,0,0,0,37,63,72,33,0,0,138,0,0,402,0,0,0,44,68,0,0,0,44,0,48,0,0,0,0,0,0,0,66,0,0,0,78,0,34,80,0,0,0,36,91,141,137,0,66,38,147,108,0,96,0,0,49,55,0,59,0,85,130,0,0,0,0,0,0,44,59,0,0,42,42,120,0,72,0,117,0,0,0,0,0,65,62,0,159,0,0,113,0,0,62,0,0,0,0,60,0,0,0,52,0,0,44,0,0,46,0,77,0,34,78,0,131,0,0,112,0,141,0,71,0,134,36,0,0,151,0,40,0,0,72,0,89,46,0,0,166,0,120,70,59,0,0,0,0,0,391,49,0,0,0,70,26,37,0,0,0,0,31,0,0,0,0,115,0,0,64,62,0,0,0,0,0,475,0,0,0,0,0,0,0,42,140,0,42,79,102,0,56,0,0,0,0,0,0,0,0,98,0,0,0
383,0,0,0,0,62,78,46,0,55,0,133,33,38,36,151,328,143,0,67,33,358,53,102,47,178,0,0,64,0,0,0,74,0,0,260,130,0,46,180,114,0,43,0,112,0,39,67,204,0,243,36,66,89,0,91,45,0,0,32,0,115,60,104,0,52,103,0,0,0,295,0,31,19,0,291,53,0,314,31,170,0,0,156,243,0,0,0,48,38,129,47,29,56,117,38,49,0,54,44,0,23,0,202,0,0,51,0,151,122,73,57,50,191,134,37,0,118,68,0,354,0,533,35,0,41,59,0,80,0,100,0,392,0,71,92,145,71,40,0,55,56,115,230,0,0,62,52,39,152,0,0,107,0,84,111,0,145,0,259,133,68,0,64,44,62,56,0,196,130,69,203,39,61,0,51,0,0,170,47,0,80,0,0,0,79,36,288,205,0,0,0,107,36,90,27,0,48,0,71,0,87,98,0,74,0,0,0,40,163,167,88,64,0,0,150,54,0,0,0,143,98,46,0,379,0,16,90,508,0,53,0,0,0,40,0,81,49,166,58,0,79,56,31,78,0,167,0,0,0,63,79,278,70,136,66,0,0,53,89,450,126,85,38,0,0,23,330,30,324,37,26,138,608,49,89,86,0,968,157,70,0,41,92,0,37,40,288,1280,98,46,35,151,0,36,36,0,97,79,60,0,0,75,0,0,114,197,258,35,0,27,132,0,0,0,50,117,92,66,31,0,0,0,55,0,69,66,173,0,0,178,0,45,33,131,0,0,0,0,39,0,77,0,77,70,0,0,0,0,1029,362,100,41,180,411,0,84,40,404,256,108,99,98,0,124,289,612,145,63,31,102,54,0,30,87,203,216,0,0,130,83,0,49,0,63,226,85,0,56,0,0,0,203,0,125,0,280,71,76,74,0,0,242,0,56,87,58,44,49,0,87,0,89,27,0,33,265,51,134,186,0,134,63,0,0,87,56,43,192,53,0,0,32,0,96,0,0,103,0,139,0,0,100,163,132,127,209,106,32,0,0,0,177,0,94,0,89,53,0,0,116,0,156,263,0,0,46,79,0,43,39,41,222,39,129,68,111,252,96,0,154,44,51,198,145,0,0,99,116,271,234,32,0,306,52,112,96,203,166,0,0,102,0,602,64,108,244,90,57,0,63,0,0,0,31,0,209,108,88,72,88,48,109,156,106,0,0,45,309,0,52,0,0,0,157,62,49,0,0,92,58,84,142,20,0,0,117,0,66,142,101,68,0,105,90,33,0,69,111,0,240,379,0,40,0,345,44,0,0,0,265,244,0,0,0,0,0,348,29,0,185,219,120,0,302,0,256,436,75,0,0,527,0,43,0,0,0,128,0,90,0,0,0,0,0,199,71,0,79,93,0,0,250,402,209,0,125,143,0,51,34,54,0,23,82,0,77,51,0,134,214,0,0,0,0,0,51,100,0,0,0,0,298,0,0,457,0,115,0,298,228,46,0,101,916,0,91,0,68,192,0,48,0,0,0,157,55,0,0,80,200,37,158,29,119,0,66,96,96,0,0,44,55,59,128,0,0,0,253,0,119,0,81,0,0,76,71,0,356,0,0,46,0,0,0,100,0,47,44,106,0,171,209,0,0,0,20,0,123,62,0,65,62,590,246,154,135,0,0,0,74,61,41,0,83,0,0,40,422,141,101,0,843,135,0,220,0,0,79,0,0,53,0,0,0,0,0,36,0,0,52,103,37,0,0,91,0,88,0,152,281,97,85,0,0,335,75,0,67,0,83,0,65,51,0,0,81,83,53,291,0,0,0,25,0,0,0,0,0,89,99,0,62,0,187,82,298,51,87,19,0,45,328,98,41,230,32,0,0,90,75,0,139,23,0,0,0,53,0,0,176,0,0,29,0,0,119,75,0,0,0,28,401,0,170,38,0,162,72,29,82,0,106,41,19,0,431,233,0,337,0,0,0,217,0,71,42,0,0,0,0,0,0,48,217,141,68,0,0,45,0,80,163,31,0,117,0,208,0,0,76,251,30,63,147,95,54,0,0,76,113,342,0,45,0,44,48,262,352,375,221,0,69,18,39,587,73,65,27,0,53,100,100,0,0,52,0,0,70,119,0,0,0,0,0,57,109,37,123,0,40,59,0,145,0,227,23,67,55,48,235,0,102,156,42,0,69,75,357,0,65,0,60,68,251,110,0,144,84,246,51,65,0,225,119,46,0,642,43,0,0,257,0,0,139,79,282,84,612,0,1322,148,68,71,53,0,0,0,19,120,70,0,118,27,0,176,142,52,272,193,61,32,0,86,52,227,333,277,64,113,0,56,94,0,27,0,364,165,64,0,0,118,52,65,55,198,0,204,1031,62,34,34,180,113,45,0,249,139,170,0,42,0,91,114,372,0,83,88,80,116,0,502,81,100,136,323,548,92,416,0,92,181,59,207,0,73,35,105,0,0,0,117,0,42,567,0,0,43,78,48,117,139,45,101,83,0,63,45,0,32,88,55,172,0,0,107,112,23,0,98,20,224,93,246,0,130,597,69,0,267,39,76,316,0,81,0,0,133,0,261,0,0,151,555,0,65,0,132,127,0,87,0,69,0,34,32,0,136,159,45,54,65,150,146,117,0,60,50,163,55,37,92,206,224,431,123,111,0,204,70,123,0,0,67,454,0,174,170,196,40,0,42,0,18,0,283,176,51,62,161,39,281,27,0,184,66,34,107,0,65,0,0,28,80,210,0,32,115,35,0,269,0,60,195,229,49,61,88,38,184,0,0,0,35,0,0,59,16,0,151,0,0,0,168,46,60,76,0,0,56,63,125,0,68,100,0,43,32,115,0,56,18,27,70,55,0,96,0,0,63,0,28,82,0,94,0,15,71,0,118,384,461,0,0,0,37,201,0,0,34,130,61,0,0,68,0,0,0,42,0,50,64,78,148,0,0,45,0,0,58,0,237,36,33,63,71,43,0,271,162,29,0,75,46,92,97,0,335,117,37,252,44,0,2016,0,124,0,26,0,35,462,0,59,147,0,110,38,84,72,39,0,0,120,0,44,227,0,0,0,131,0,105,33,0,147,0,0,26,0,72,75,0,0,291,0,0,37,1438,540,0,508,0,0,79,193,27,0,46,37,128,38,83,113,64,0,280,32,82,0,428,0,869,363,0,112,0,0,41,0,0,364,99,41,163,49,318,40,401,0,385,0,83,278,0,0,48,207,50,33,52,0,79,30,124,110,73,94,95,0,708,65,59,0,129,52,0,267,0,0,250,0,0,100,0,48,44,183,0,0,407,125,43,0,250,48,91,83,170,0,386,96,33,0,49,70,61,0,0,25,83,0,151,148,74,440,0,54,0,0,248,46,65,0,652,231,251,43,34,46,0,0,50,100,81,0,482,0,0,49,160,0,0,38,0,0,0,0,0,66,195,60,0,0,155,0,53,0,0,101,0,0,140,0,0,0,81,0,0,41,68,0,0,0,0,0,100,0,61,0,318,66,0,18,86,0,0,47,220,58,103,0,0,60,324,0,152,0,0,21,126,0,36,63,361,62,54,110,747,0,0,274,62,0,89,91,235,12,86,83,76,57,0,0,59,0,0,85,0,44,0,0,0,101,0,0,53,83,34,250,0,45,0,32,0,61,0,51,54,284,40,0,0,106,83,88,0,113,61,63,0,41,0,362,45,46,0,0,36,102,0,182,204,0,29,85,46,180,21,0,123,103,59,142,119,41,150,164,31,54,0,0,231,0,0,92,0,98,0,76,0,0,0,365,95,31,0,0,229,103,21,40,133,0,193,0,60,0,0,0,199,33,543,116,87,39,20,24,113,0,76,0,119,68,0,80,45,124,0,0,0,82,26,81,0,72,100,0,0,161,46,0,0,123,143,0,51,244,102,43,0,0,39,0,73,0,145,632,45,136,121,0,34,44,0,69,84,0,0,44,0,21,241,0,0,87,296,0,222,26,44,0,0,69,239,132,115,0,0,337,104,902,0,0,0,195,0,141,0,91,71,69,0,0,0,28,0,0,94,35,32,503,58,0,0,0,0,0,26,59,0,460,0,0,114,0,0,45,60,0,169,61,0,112,0,0,0,0,108,0,72,0,71,0,0,37,48,0,0,119,0,0,149,0,37,0,82,81,270,92,0,212,36,0,0,0,0,120,220,42,84,163,0,0,55,0,0,0,0,35,55,0,0,82,112,119,166,125,79,33,65,0,0,0,0,0,0,95,397,0,0,0,35,0,487,78,78,38,217,0,219,122,0,0,0,200,85,0,0,0,0,74,0,0,21,66,57,128,0,0,0,71,152,88,155,211,45,0,0,0,129,0,0,0,81,0,0,59,47,104,328,40,0,74,0,0,551,38,0,390,45,0,0,23,0,0,0,332,0,128,0,71,40,62,0,0,114,0,172,141,65,0,195,86,35,420,68,0,0,29,43,71,155,50,32,115,41,0,0,172,82,143,0,69,0,49,0,0,0,65,146,222,158,186,0,0,38,0,0,0,113,0,0,145,0,0,0,67,87,49,0,0,0,56,135,0,0,180,0,202,80,0,42,193,0,0,0,0,115,647,0,48,0,72,0,0,35,53,193,298,83,0,162,69,0,0,0,29,51,35,237,0,12,35,0,83,23,0,0,0,120,0,185,0,86,0,73,0,37,0,0,73,0,0,0,51,55,0,89,0,615,0,0,0,0,0,0,375,0,73,147,673,0,0,110,0,18,61,31,65,41,51,77,58,93,0,0,0,247,38,137,0,0,31,71,78,155,40,112,43,0,949,89,83,60,76,43,41,0,0,0,42,0,47,107,31,0,172,104,28,0,27,246,153,78,0,52,0,90,69,94,55,164,0,0,61,0,81,65,100,278,186,433,102,0,23,0,0,61,152,21,31,0,381,490,0,123,201,159,271,0,155,0,35,0,33,54,0,0,0,0,176,238,0,74,94,0,49,0,0,27,0,183,0,239,41,51,0,0,206,48,0,146,48,92,0,97,117,35,137,125,0,112,74,0,120,96,74,146,153,45,127,70,76,82,21,53,88,0,118,39,0,281,153,94,28,91,0,26,626,0,0,65,0,84,19,51,161,46,0,0,0,56,0,53,148,0,96,0,0,204,91,57,194,111,57,0,41,0,0,65,0,47,129,28,219,197,92,0,0,0,107,61,0,39,0,0,83,52,0,27,62,47,58,348,0,0,109,242,0,157,100,71,0,0,202,58,0,0,0,24,188,0,0,402,63,105,268,0,0,0,20,125,0,118,116,174,121,54,241,93,78,199,0,228,30,0,108,67,236,83,114,251,0,0,0,0,74,0,0,148,0,0,37,148,77,713,134,14,104,0,0,247,211,20,69,54,134,44,0,0,107,0,323,361,100,64,206,0,0,64,0,68,0,24,0,0,121,55,103,127,38,51,94,0,0,0,0,0,118,0,0,29,65,0,41,738,0,13,327,0,0,0,123,23,326,40,0,162,117,0,0,141,0,0,61,28,157,48,65,56,0,0,0,0,0,613,43,0,0,0,246,0,128,45,78,20,0,0,45,0,0,0,0,92,0,0,48,0,148,25,82,113,68,72,0,0,0,0,0,47,0,32,25,339,235,0,0,0,113,0,0,87,92,56,136,125,117,46,59,0,29,63,0,68,0,0,0,0,153,75,29,51,272,0,0,31,0,0,46,0,0,23,0,109,0,0,0,112,94,0,0,0,40,280,181,0,0,110,0,46,0,0,69,0,64,123,0,0,36,49,199,0,0,0,0,32,37,0,91,0,71,0,42,0,80,63,0,0,24,38,76,0,26,88,39,0,0,0,200,174,0,0,0,42,0,52,68,51,452,60,0,0,35,81,74,0,0,73,42,49,146,0,0,178,100,381,80,102,60,66,0,339,0,65,23,0,84,62,0,20,0,144,54,52,0,27,0,0,338,0,30,0,127,0,56,0,0,133,0,415,0,0,150,0,0,692,41,433,0,126,0,0,103,0,97,117,60,0,85,0,0,42,63,0,0,32,0,0,0,111,59,92,0,82,37,0,112,0,0,0,41,47,0,50,88,49,37,0,0,0,61,0,80,344,0,50,156,0,0,0,0,116,183,0,0,99,142,0,43,0,0,47,0,14,56,0,52,280,58,30,78,100,173,111,0,0,0,0,0,0,143,18,93,47,0,126,54,0,0,0,379,0,148,118,87,100,106,55,122,0,0,155,0,121,0,110,31,0,0,0,0,66,61,301,0,0,427,0,185,0,99,0,0,0,0,0,0,32,45,0,67,265,130,0,161,0,0,164,86,0,0,0,0,0,51,57,0,0,0,70,70,71,49,51,45,0,53,80,95,0,0,269,104,71,0,74,34,0,0,0,223,0,43,0,59,19,0,34,0,0,0,0,0,0,0,58,0,63,0,0,0,66,251,191,606,104,60,37,133,202,59,234,0,129,76,131,0,0,155,60,0,64,0,0,0,0,0,68,125,0,30,67,161,113,0,104,0,57,0,0,0,0,23,77,355,0,433,101,0,475,0,0,0,46,0,97,61,428,0,0,39,229,0,0,39,0,0,0,13,108,0,84,45,119,191,115,0,61,70,0,0,139,0,0,0,0,0,241,0,220,0,0,46,0,182,193,0,28,58,61,192,158,0,0,0,0,0,0,627,72,0,0,0,96,32,0,0,46,0,30,80,56,129,42,0,42,0,0,216,49,0,19,0,29,0,494,30,0,0,0,0,0,0,38,294,0,89,163,61,59,49,25,0,0,0,36,0,0,41,187,32,43,55
384,0,0,0,53,35,0,0,0,0,0,61,0,0,0,87,111,363,0,0,0,153,0,34,0,74,0,0,0,44,0,0,0,0,0,98,211,0,0,361,59,0,53,0,0,0,0,0,94,0,87,0,23,0,0,0,0,0,0,0,0,55,0,144,0,0,47,0,0,43,27,0,0,36,0,0,63,0,0,0,69,0,0,58,32,0,0,0,0,0,0,0,70,0,94,34,0,0,80,0,0,0,0,40,0,0,0,0,38,66,192,51,79,26,77,0,40,108,0,0,0,0,79,0,0,0,0,35,59,0,36,0,172,0,0,38,149,0,28,0,125,0,98,321,0,0,25,0,0,0,0,30,0,0,41,143,0,22,0,0,259,27,0,84,0,46,12,0,57,57,77,92,0,0,0,17,0,27,95,0,0,123,0,0,0,45,0,347,72,0,0,0,0,40,108,0,119,46,0,0,0,38,41,0,376,0,0,0,0,59,0,126,39,43,0,0,0,0,0,0,185,134,0,0,151,0,0,129,259,0,74,0,0,24,0,0,0,0,107,0,0,45,0,0,0,0,0,0,52,0,30,0,162,81,111,0,0,0,0,26,231,56,0,0,0,0,0,136,147,165,0,0,95,118,0,33,32,0,461,131,85,0,103,66,0,0,0,82,1415,0,31,0,0,0,0,72,0,0,43,0,34,0,96,0,0,344,0,92,0,38,44,122,0,0,0,0,0,80,53,0,31,25,0,0,54,67,0,157,0,0,123,0,84,0,92,65,0,0,0,58,0,0,0,35,78,0,0,0,0,846,156,20,0,46,272,0,0,0,189,48,57,54,0,0,91,136,302,112,0,0,0,0,0,0,46,131,47,0,0,0,36,0,42,0,0,211,0,89,44,0,0,37,459,0,52,0,175,39,90,102,0,0,0,0,0,110,0,0,0,0,0,0,0,0,0,0,103,41,114,126,0,98,57,0,52,63,33,0,85,38,0,0,0,0,0,0,0,0,0,117,0,0,155,67,0,84,140,22,0,0,0,0,110,0,56,0,0,0,0,0,159,0,0,0,0,0,0,0,0,0,0,0,139,26,43,28,99,191,124,37,0,0,92,224,51,0,0,49,105,126,119,39,0,24,0,0,145,86,0,0,0,98,0,595,0,73,144,0,0,0,0,0,0,0,0,0,0,50,23,58,0,0,154,56,89,0,50,53,191,0,40,0,0,0,103,0,0,0,0,76,0,104,92,0,17,0,142,19,39,143,47,0,0,0,0,0,0,0,42,63,124,389,0,0,0,83,45,0,0,0,128,0,0,0,30,0,0,91,0,0,0,82,78,0,134,0,111,96,60,0,0,111,0,48,0,0,0,52,0,0,0,0,0,0,0,146,0,98,0,0,0,0,121,163,41,0,46,60,0,30,0,0,0,0,38,0,125,24,0,136,159,0,0,31,0,0,125,0,0,0,0,0,59,0,0,301,0,53,0,0,0,0,0,62,194,0,0,0,0,129,40,0,0,0,40,0,58,35,0,28,33,0,0,0,268,0,18,45,171,0,0,59,34,36,0,0,25,30,82,0,50,0,0,0,26,0,213,0,254,0,0,55,0,64,60,0,0,50,62,80,0,338,184,0,0,0,0,41,112,0,227,45,91,292,191,225,111,68,0,0,0,0,0,0,0,0,0,72,262,0,101,0,398,0,0,31,0,0,39,0,0,0,0,0,0,0,0,84,0,0,0,0,0,0,0,63,0,0,0,145,36,65,0,0,0,316,0,0,0,0,151,0,88,0,0,0,44,0,22,0,0,0,16,30,0,0,0,45,0,43,46,0,0,0,409,46,91,55,35,0,0,0,81,243,0,0,0,32,0,0,0,0,0,29,0,0,55,50,0,116,506,0,0,61,0,0,48,48,0,0,0,0,247,37,77,0,0,24,0,14,0,0,27,0,0,0,102,158,21,277,38,32,0,157,0,0,0,0,0,0,0,0,20,25,0,95,0,0,0,0,70,65,98,0,37,42,0,57,0,0,0,134,0,69,113,84,176,61,0,0,49,120,0,24,0,0,25,32,38,236,46,0,41,48,0,659,86,0,0,0,109,93,0,0,0,44,38,0,51,43,0,70,27,0,0,0,48,64,0,0,0,99,0,68,0,0,0,0,0,47,110,0,0,64,0,0,46,0,332,0,33,87,0,68,121,42,0,215,0,173,0,65,0,139,0,0,0,266,0,0,25,129,0,0,82,51,381,53,237,0,214,56,43,0,0,0,0,0,0,0,56,0,46,0,25,167,0,0,529,30,0,0,0,75,0,151,844,128,40,63,0,38,53,0,85,0,174,125,0,0,0,63,0,0,0,103,0,0,1184,82,212,50,99,42,92,0,64,121,111,0,0,0,49,0,126,0,0,77,61,80,0,234,40,0,0,241,285,0,241,0,157,85,50,118,0,0,30,49,0,85,0,0,0,0,194,0,0,0,70,0,54,281,0,157,0,83,64,0,0,32,0,57,86,0,0,59,0,0,0,42,47,47,50,148,0,73,237,85,0,276,0,73,122,0,0,0,0,149,0,0,0,0,121,191,0,41,0,192,46,0,75,0,0,0,0,38,58,119,69,48,74,39,58,68,81,0,0,29,167,0,48,27,179,98,151,121,25,0,43,49,65,0,21,0,189,0,86,63,240,0,0,0,0,0,0,309,377,0,0,69,0,109,151,0,189,58,0,0,0,0,0,0,0,43,82,0,0,44,0,0,457,0,0,56,0,30,0,59,0,78,106,31,0,16,0,0,71,0,0,125,0,0,26,38,68,29,48,0,0,38,0,96,0,35,61,0,92,0,0,0,0,0,0,0,73,0,66,0,0,33,0,42,52,0,32,0,0,35,0,144,73,74,0,0,0,23,147,0,57,0,125,0,25,0,0,62,0,0,40,0,47,62,37,100,0,0,52,68,0,0,0,80,89,0,0,93,0,0,250,93,0,0,125,0,132,0,0,0,144,54,173,0,0,391,0,68,0,47,50,0,462,0,0,86,0,47,0,188,99,0,0,0,65,0,0,79,0,0,0,130,0,0,0,154,73,0,0,0,0,56,0,0,49,74,0,0,0,803,299,0,147,0,69,96,115,0,0,65,0,140,0,32,49,46,0,180,0,92,81,339,0,256,43,0,211,0,0,0,0,0,71,0,0,51,22,189,0,85,0,162,0,0,80,0,0,57,0,0,125,0,0,0,57,60,84,41,0,185,0,479,265,40,97,75,0,0,0,0,0,182,0,0,58,0,0,0,146,0,76,58,0,64,0,94,0,87,44,104,0,48,102,0,29,47,0,66,46,0,22,83,0,85,69,0,107,0,0,0,0,53,0,50,40,83,0,78,104,35,0,0,0,64,90,49,27,61,0,0,0,57,0,43,123,45,0,0,0,0,74,158,57,0,0,72,21,149,0,0,107,26,38,104,0,0,0,203,42,0,119,41,0,0,92,0,0,284,0,152,0,249,39,0,0,50,45,0,47,128,82,101,0,0,0,281,0,355,0,26,0,226,0,0,64,207,70,52,130,950,0,0,125,0,0,0,187,133,17,152,0,78,77,0,0,160,0,0,0,0,128,0,45,0,48,0,91,66,70,0,166,33,37,0,30,0,29,0,63,107,89,45,0,0,0,43,32,0,174,43,0,0,33,0,182,51,50,65,0,0,0,0,119,143,0,66,24,0,152,0,0,74,88,0,105,184,0,189,242,122,64,0,0,324,0,0,0,0,390,0,93,0,0,0,409,61,0,34,0,64,94,58,37,108,0,45,0,201,0,22,0,310,31,707,50,23,58,0,60,93,38,108,49,41,0,51,89,0,86,0,58,0,95,0,0,0,100,52,0,0,477,38,0,0,99,94,0,48,64,58,0,52,0,0,28,163,78,278,472,60,0,73,0,0,30,25,69,218,0,0,0,0,0,68,0,0,120,324,0,70,0,0,26,0,75,58,187,119,37,54,123,0,163,0,0,0,166,22,45,0,55,0,151,0,0,0,0,28,0,0,0,0,248,113,0,0,0,0,0,22,0,0,177,34,35,93,0,0,65,52,0,252,154,32,47,0,0,0,0,0,0,0,0,32,25,0,0,130,0,0,0,0,0,125,0,0,0,105,43,132,290,0,91,89,42,0,0,0,118,102,89,53,204,0,0,41,0,0,0,0,45,18,0,50,46,76,21,96,31,0,0,46,0,0,0,59,0,93,37,155,26,13,73,0,0,382,0,55,0,161,0,215,58,0,0,76,220,118,0,0,144,0,35,0,0,0,84,73,96,0,0,0,18,38,72,58,212,137,0,0,0,83,0,0,35,0,0,0,0,0,72,168,0,0,59,0,0,136,41,0,49,71,0,0,0,29,38,0,237,127,250,0,51,0,31,0,0,131,0,41,60,0,54,85,127,34,417,96,0,0,0,0,122,22,111,0,0,110,0,0,72,77,98,32,99,0,0,0,0,0,0,0,159,74,162,0,0,48,0,0,0,91,0,16,74,0,0,0,0,197,0,0,0,0,40,57,0,56,54,0,55,49,0,0,186,65,0,0,0,56,239,0,61,0,0,0,0,66,0,110,113,119,65,40,132,24,0,0,0,46,73,192,0,61,0,0,143,0,162,0,0,46,0,66,0,264,0,0,0,76,0,0,60,227,0,0,0,156,44,29,0,428,0,22,0,0,0,0,109,49,0,73,205,0,0,27,0,0,37,0,61,0,0,75,0,61,0,0,100,56,0,79,0,52,0,37,0,86,25,53,148,0,299,86,0,0,43,153,0,0,0,0,0,25,0,0,53,0,108,114,0,0,0,69,69,0,0,0,48,49,51,36,85,0,0,0,0,0,0,38,45,84,180,359,49,0,0,0,0,49,58,0,0,72,70,41,54,81,0,36,109,0,87,0,0,0,0,0,0,0,61,0,73,200,0,46,50,0,59,0,0,106,23,52,0,175,65,49,0,22,231,297,0,103,0,0,30,0,144,0,120,0,16,86,23,0,70,132,30,184,62,44,30,65,0,56,0,109,79,0,137,20,0,45,72,0,0,41,0,0,603,0,159,34,0,0,0,154,113,0,0,0,0,0,0,0,98,0,0,0,35,0,35,51,547,0,43,0,0,70,0,0,0,40,0,35,0,120,79,0,0,103,0,0,41,59,0,0,0,0,24,0,94,0,31,243,0,0,81,66,0,0,0,55,0,40,0,0,66,0,0,16,70,0,67,58,0,194,157,0,0,0,0,0,0,55,129,0,437,0,123,0,38,162,0,77,0,10,46,87,0,134,145,0,60,0,60,63,0,0,0,58,0,33,0,0,53,494,0,0,0,0,0,61,177,59,63,38,70,0,0,0,30,0,122,178,68,0,414,0,0,99,64,40,140,29,0,0,44,0,0,54,0,215,63,0,0,0,33,0,0,71,0,36,0,0,0,815,0,0,265,37,0,22,122,31,212,0,0,195,80,15,0,47,0,0,161,0,101,110,0,0,0,30,0,0,0,148,0,0,0,0,175,0,79,142,168,204,21,0,0,0,82,25,0,326,0,0,69,64,201,70,173,158,45,315,0,0,0,26,0,72,49,147,0,795,204,0,0,0,159,78,0,63,0,0,383,81,82,32,0,0,0,70,0,115,0,40,0,38,126,61,63,0,214,41,0,0,0,0,57,42,0,0,51,127,0,31,0,109,43,35,0,0,223,668,77,0,24,82,0,37,0,0,110,0,0,204,26,58,37,0,118,0,0,53,0,0,58,0,0,102,0,0,67,0,62,73,91,166,0,0,137,0,0,118,34,0,0,76,296,92,0,38,72,0,0,0,82,142,271,0,0,0,199,0,165,0,35,43,66,0,0,0,0,640,68,173,78,136,122,0,140,174,0,41,57,0,76,0,50,0,0,807,64,0,0,47,0,0,322,0,0,24,697,0,66,0,27,0,29,140,25,194,335,0,69,773,0,493,0,141,54,0,94,0,82,114,40,51,56,0,0,65,53,0,155,86,0,0,0,138,225,102,43,41,78,0,201,0,0,41,0,0,71,0,262,0,0,45,0,0,0,18,72,321,0,34,0,0,58,0,67,160,190,0,0,47,191,0,0,72,76,0,0,92,55,35,36,169,60,0,0,119,74,140,45,0,35,0,0,0,52,0,38,38,0,60,99,33,0,0,143,0,0,71,171,0,64,46,89,0,0,368,96,296,0,156,64,0,73,0,0,47,115,534,99,42,78,54,195,0,39,0,0,59,0,0,0,0,41,0,44,344,137,0,35,0,0,109,58,0,0,49,56,469,66,0,0,0,0,57,66,0,104,66,104,0,93,63,218,0,0,417,41,0,0,0,56,0,0,0,167,0,10,0,73,0,59,0,0,38,0,36,0,35,59,0,60,101,0,69,0,0,81,105,1000,0,0,0,78,177,34,150,0,189,0,83,0,144,0,0,81,0,0,0,70,71,0,199,165,0,0,85,106,68,0,61,0,180,37,0,0,38,0,150,184,0,650,100,0,335,0,0,50,0,0,42,60,375,0,0,0,129,0,0,94,46,0,0,0,0,0,148,0,92,154,0,0,247,45,201,0,143,0,42,0,0,0,124,0,0,0,62,48,0,94,143,0,0,124,86,302,256,0,0,0,31,0,0,334,137,0,0,39,102,0,0,0,47,40,0,43,77,0,65,0,31,0,0,310,133,0,108,47,79,0,437,0,0,0,0,0,0,0,0,40,0,65,156,248,0,57,0,0,0,113,48,0,0,58,355,0,0,55
385,0,0,0,79,0,0,0,0,48,0,67,0,0,0,31,92,172,30,29,0,271,0,0,54,131,0,0,0,0,0,0,29,0,0,168,121,0,48,243,0,0,52,0,54,0,0,44,187,0,0,0,50,0,0,197,0,0,0,21,0,97,98,88,0,0,35,0,0,0,0,0,31,0,0,65,43,0,106,0,53,0,0,143,79,31,0,0,0,0,249,0,35,113,0,0,0,0,46,0,0,0,0,38,0,0,0,0,46,44,157,26,0,137,0,0,0,20,0,0,101,0,242,0,0,50,0,0,28,0,36,0,170,0,40,39,117,64,0,0,0,0,0,174,0,0,0,0,0,69,0,45,0,37,109,110,0,0,0,44,238,65,0,71,0,78,0,0,146,82,37,143,0,0,0,0,0,0,144,0,0,119,0,0,0,0,0,100,112,0,0,0,38,42,0,0,68,0,0,19,0,93,31,0,345,0,0,0,0,78,0,0,44,0,13,41,0,0,0,0,104,64,0,0,151,0,0,127,263,0,60,19,0,0,0,0,0,0,49,0,0,61,49,0,42,0,0,0,43,0,53,0,150,0,0,0,0,0,0,0,260,89,40,33,0,0,0,165,112,244,0,0,121,120,45,55,0,0,101,89,110,0,0,56,0,42,0,107,948,0,50,0,241,0,0,43,0,0,0,26,35,0,0,0,0,46,106,79,0,0,0,105,0,0,0,0,0,84,54,0,60,0,0,0,45,54,54,119,0,0,0,0,0,60,0,0,0,0,21,0,0,32,0,0,0,0,0,0,0,175,89,0,0,217,259,0,0,0,192,142,0,51,41,0,79,157,211,69,35,0,102,0,0,0,0,117,51,0,0,0,45,0,0,0,27,25,57,0,0,0,0,0,0,0,0,0,171,49,0,45,0,0,212,0,0,27,0,0,0,0,91,0,58,30,0,0,84,25,113,44,0,70,95,0,0,0,37,0,104,0,0,0,0,0,0,0,0,0,0,101,0,0,0,50,70,0,86,60,0,0,0,0,72,0,63,0,0,0,0,0,0,0,88,68,0,0,0,24,0,0,0,0,99,34,0,0,0,116,43,0,38,0,143,96,61,0,0,0,85,158,0,42,0,80,0,0,105,0,42,0,0,63,0,353,0,32,219,80,0,0,0,0,0,0,0,0,41,0,43,66,31,0,0,169,45,0,0,0,140,0,0,0,0,0,72,0,0,0,0,89,0,81,40,0,0,0,84,18,0,50,0,66,0,57,0,0,23,0,0,0,103,192,0,0,0,117,43,0,0,0,119,157,0,0,0,0,0,118,0,0,67,92,92,0,158,0,174,112,0,0,0,156,0,71,0,0,0,73,0,0,0,0,40,51,37,0,0,0,0,0,0,0,225,152,42,0,33,0,0,30,0,0,0,0,0,0,74,62,0,67,60,0,0,0,0,0,84,48,0,0,0,0,66,0,0,152,0,33,0,44,149,0,0,0,175,0,0,0,0,60,32,0,0,0,0,0,0,52,0,0,227,0,120,0,35,0,41,32,92,35,0,33,56,78,126,13,0,0,83,0,78,0,21,0,31,44,0,0,85,0,0,52,0,90,39,0,12,29,109,54,0,286,69,0,0,0,0,0,97,72,107,42,27,452,86,49,37,74,0,0,50,47,0,0,0,0,0,0,146,76,63,0,370,68,0,37,21,0,124,0,0,89,0,0,121,0,0,42,0,0,0,65,0,0,0,36,0,89,0,33,40,68,0,15,0,136,0,0,0,0,53,0,116,0,0,0,61,0,0,169,0,0,0,0,0,0,0,0,0,0,58,0,0,0,282,0,102,0,111,0,38,0,73,0,0,175,0,0,0,51,58,0,127,0,0,28,87,0,0,78,237,0,0,0,0,0,0,43,10,0,0,0,87,0,167,0,0,0,0,0,66,0,0,0,0,0,493,211,58,176,0,0,0,96,44,0,0,0,0,26,0,0,0,0,41,130,0,0,0,29,40,111,64,0,32,101,0,32,0,0,30,74,0,0,113,0,171,0,0,0,0,74,0,0,0,0,0,163,142,69,81,0,0,0,0,86,0,0,0,0,0,0,0,0,0,0,0,0,0,0,0,0,0,0,0,0,21,0,64,0,0,0,0,0,0,48,0,0,0,42,91,0,36,109,0,0,0,17,157,0,46,0,64,0,0,44,0,0,0,66,0,23,0,70,0,0,0,234,0,0,0,64,0,0,0,0,53,0,384,0,114,84,0,32,0,0,0,0,0,54,0,0,44,0,0,0,29,0,111,0,0,0,0,0,0,0,347,0,0,0,0,0,0,0,47,0,101,35,0,0,0,42,0,0,25,88,0,65,512,0,48,0,51,0,0,0,85,0,89,0,0,0,0,0,0,0,0,0,0,68,0,229,0,18,35,32,37,0,136,0,0,0,0,39,0,0,26,0,0,0,0,94,0,0,142,0,0,0,0,0,0,0,0,0,0,0,0,0,0,0,65,0,34,0,0,0,23,0,0,0,0,134,0,65,0,0,181,0,0,89,0,0,0,0,0,0,0,43,59,47,0,0,33,330,0,0,0,0,0,0,0,0,0,0,32,0,0,132,0,0,0,0,86,30,36,0,0,0,90,0,0,32,34,71,60,0,127,0,86,0,0,0,0,16,42,0,0,40,68,0,0,0,0,0,0,178,81,43,0,104,0,113,0,0,129,0,0,0,0,32,0,0,0,61,87,0,0,51,0,0,461,0,0,83,144,0,0,71,0,68,42,0,27,54,25,0,40,0,0,39,0,0,0,92,29,31,78,0,0,0,0,138,0,0,61,0,54,0,60,0,0,0,0,0,0,0,98,0,0,60,0,0,111,0,46,0,0,43,38,75,96,289,0,51,0,0,135,36,43,0,0,82,0,0,28,59,0,17,30,0,72,0,0,127,0,0,50,41,0,68,0,212,0,0,57,57,0,44,147,47,32,28,0,0,86,37,27,265,148,64,0,0,0,1571,53,43,0,42,66,0,226,0,0,85,0,0,0,100,100,32,0,0,61,0,0,195,0,0,26,67,0,0,0,104,96,53,0,0,0,34,18,0,47,261,0,0,0,1221,263,0,312,55,0,0,117,0,0,96,0,80,34,0,111,0,0,98,0,83,62,251,0,381,175,0,286,0,0,0,0,0,176,96,0,72,53,158,60,51,0,157,0,78,112,0,0,157,77,37,138,57,0,68,81,0,0,0,81,48,0,458,136,87,77,78,0,47,210,33,0,221,0,0,131,0,31,0,177,0,86,148,37,81,0,142,84,52,27,65,0,157,35,0,0,51,50,0,0,17,39,81,0,154,72,0,105,0,22,0,0,124,0,0,25,449,153,78,0,0,56,0,0,36,72,22,133,296,0,0,0,200,0,0,59,30,0,0,0,0,148,105,35,0,0,59,0,0,0,0,21,0,77,83,0,0,0,81,0,0,0,49,0,0,0,0,0,146,0,99,0,87,54,0,0,0,51,0,0,127,0,124,0,0,0,579,0,98,0,0,0,112,0,35,67,180,0,0,109,116,0,0,100,0,0,79,123,121,0,83,0,105,16,34,0,0,0,49,136,0,40,0,0,0,56,0,68,0,63,46,150,0,0,0,0,0,56,0,53,15,49,84,0,60,29,0,0,0,0,95,51,0,64,0,140,0,44,59,0,0,0,0,288,171,0,67,0,42,134,0,0,40,39,0,39,29,30,36,37,41,0,0,0,129,0,0,0,0,159,0,0,0,0,0,75,45,39,0,0,97,45,0,31,0,0,44,0,84,0,0,0,278,0,315,71,26,0,0,0,113,0,37,0,34,20,0,48,0,169,0,87,0,82,0,0,0,91,0,0,0,0,0,0,0,77,83,32,0,93,77,0,0,0,0,0,56,0,184,632,38,0,0,12,0,50,0,38,45,0,0,38,0,33,106,0,0,86,84,0,272,22,0,0,0,0,36,39,0,0,0,240,41,282,0,0,0,87,0,110,0,0,0,101,0,0,0,0,39,0,89,0,0,335,81,0,0,0,0,0,49,47,0,382,0,0,58,0,0,0,37,0,191,68,0,107,36,0,0,43,127,0,0,0,0,0,0,81,61,55,0,95,0,0,371,0,64,0,62,72,150,193,32,158,48,34,0,59,20,58,189,0,30,173,0,71,0,0,24,0,0,34,45,0,92,32,168,76,318,61,48,60,27,0,0,0,91,0,0,107,376,34,45,0,0,37,172,40,0,0,137,0,271,103,0,34,0,196,76,93,0,83,41,64,0,33,0,57,0,248,31,0,0,49,69,0,60,182,70,0,0,32,154,0,0,0,57,0,0,49,30,143,218,26,77,145,0,0,323,0,30,557,67,0,0,0,63,0,0,295,82,117,0,37,29,73,0,23,70,0,97,78,87,32,81,97,71,376,99,88,0,43,58,74,61,54,77,66,208,0,0,201,74,127,0,187,138,65,0,0,0,0,0,77,152,295,30,0,64,0,0,0,0,0,0,122,0,151,0,0,104,0,0,0,0,0,168,0,0,130,0,90,112,0,0,266,0,0,0,0,206,216,0,43,0,0,0,0,96,0,81,163,65,63,42,78,0,0,0,30,123,74,373,0,0,0,93,63,69,45,0,0,143,0,186,0,142,0,31,0,53,0,0,123,100,0,0,0,275,92,0,0,737,0,21,0,0,0,0,196,52,0,88,423,0,0,44,0,0,86,86,64,31,0,83,0,148,49,0,161,148,0,52,64,0,0,0,0,195,0,91,109,0,126,0,74,0,0,123,0,0,0,35,67,0,47,0,0,0,145,45,0,0,0,45,82,0,0,28,0,0,36,0,93,0,31,0,69,0,57,0,0,198,265,161,158,0,0,0,0,89,56,70,0,73,90,442,69,167,42,41,37,0,0,0,62,37,0,60,0,48,77,24,201,152,0,0,189,13,0,0,13,100,0,157,0,314,91,65,35,32,440,279,0,299,32,0,50,0,111,61,0,36,22,69,0,0,0,110,0,274,0,0,0,70,79,0,45,0,0,0,234,0,0,70,29,0,0,133,0,0,307,0,185,0,0,65,0,126,224,0,0,36,29,54,0,33,58,0,75,0,43,132,0,0,519,31,0,0,0,120,0,0,0,27,45,92,184,185,92,0,0,100,25,81,120,110,0,0,61,53,46,0,158,38,0,59,0,0,182,74,0,111,92,138,0,31,38,0,37,0,0,0,152,0,49,67,39,127,244,0,0,0,0,103,0,164,210,76,437,117,48,107,83,173,0,42,33,0,0,0,93,115,152,56,53,0,112,41,0,24,0,29,29,22,18,55,26,210,0,0,0,0,0,48,283,0,174,55,91,0,0,0,0,26,239,239,162,0,452,0,0,148,82,124,148,45,0,0,0,45,117,37,0,190,44,0,0,0,0,0,85,48,0,0,0,0,0,534,0,0,877,21,49,0,110,0,53,102,0,83,0,0,0,174,0,0,53,0,64,56,65,62,0,31,0,0,0,256,94,0,0,0,122,0,37,88,65,134,0,0,0,0,30,0,0,102,0,0,0,0,253,55,138,105,44,91,0,0,0,0,0,0,0,114,0,1195,77,0,0,45,0,47,0,40,47,0,76,138,32,27,0,45,50,0,0,0,0,0,0,59,60,136,61,0,266,0,0,63,0,0,70,128,0,0,0,238,0,0,0,0,0,0,0,0,56,896,64,0,0,48,0,0,0,63,184,0,29,0,26,0,31,114,277,0,0,0,0,59,0,0,56,26,0,0,0,0,0,64,41,0,0,47,159,0,0,63,0,82,28,0,240,71,116,0,34,0,0,0,0,158,405,96,0,0,129,0,0,63,16,54,0,34,0,0,0,625,0,200,0,106,66,107,35,203,0,128,0,0,250,0,38,29,0,308,48,51,0,0,0,0,127,0,0,0,425,0,0,126,89,0,0,167,0,49,181,47,75,258,0,153,75,175,0,0,416,0,0,0,67,55,105,0,0,108,121,0,79,34,0,82,0,234,173,85,0,0,114,0,41,0,0,64,0,77,0,39,104,148,46,71,0,0,97,0,129,103,0,0,54,0,0,0,0,138,84,0,27,0,155,19,26,0,49,0,0,55,73,0,0,146,41,0,185,166,85,100,55,0,0,0,0,24,130,0,81,34,0,0,53,0,0,0,236,0,159,0,57,82,106,107,62,0,0,241,0,94,0,112,20,0,62,0,0,0,59,156,23,0,207,0,0,0,0,0,74,0,0,0,0,64,0,42,0,216,144,0,110,0,0,0,129,0,0,66,33,490,49,0,0,0,0,0,0,84,158,0,116,45,54,147,0,0,0,281,53,59,0,59,48,0,0,0,67,0,156,0,0,0,46,0,0,34,90,0,0,0,34,48,0,140,0,50,0,42,98,250,1152,60,186,46,53,140,0,54,0,125,81,36,0,84,171,0,89,0,0,0,62,80,0,78,119,0,68,131,23,223,33,75,31,0,36,39,0,46,0,101,189,0,153,108,0,64,0,0,66,0,0,33,49,428,0,0,0,177,0,0,93,0,0,58,0,86,0,115,0,0,309,99,0,126,0,78,0,57,0,231,71,0,0,0,0,228,0,19,110,0,109,68,0,0,140,71,301,365,74,0,70,0,0,0,591,29,0,0,55,93,0,120,0,0,0,0,30,0,79,0,0,229,0,0,205,85,0,0,0,41,20,308,0,0,0,0,0,0,0,98,168,0,0,84,0,0,136,0,0,0,69,30,29,0,66,216,41,0,22
386,0,16,73,312,307,284,327,0,275,73,661,183,48,0,912,302,778,38,280,54,449,347,207,438,150,101,101,334,0,53,46,302,0,53,929,387,0,174,448,219,190,297,169,721,0,106,219,843,134,1098,299,686,625,40,636,0,104,0,161,0,923,262,771,220,86,744,72,0,79,1851,54,264,374,0,356,421,39,1201,145,201,66,157,952,1095,339,289,94,238,120,855,317,232,259,589,195,229,0,116,46,0,155,222,245,46,184,531,80,634,352,1387,277,182,378,950,87,75,1024,165,0,1176,53,707,92,181,61,143,125,419,195,176,141,1498,78,492,434,1037,164,187,118,1324,351,445,113,79,0,381,214,81,659,95,91,530,338,484,622,51,689,126,591,522,100,80,886,358,383,47,0,32,919,2276,179,252,237,139,265,152,124,918,179,66,576,70,206,76,404,200,1118,964,32,87,79,399,519,172,0,218,171,54,298,55,139,355,283,1525,46,86,140,81,414,466,1295,299,490,87,189,316,540,142,75,160,1240,187,58,1398,0,57,624,1684,39,726,164,49,262,131,0,297,491,1400,200,80,229,0,152,57,0,512,98,291,106,108,181,1414,69,924,86,124,0,190,42,1933,376,125,44,98,0,40,1598,351,2920,152,30,1065,1396,274,84,414,71,5163,1816,219,109,163,936,124,245,334,1422,13443,584,423,217,547,68,62,107,69,285,242,36,359,118,167,408,77,1392,1568,816,0,330,328,1533,884,37,87,232,406,1266,422,252,149,90,41,209,1756,400,73,942,33,262,1068,49,498,465,410,349,153,139,103,412,104,585,128,351,537,125,142,152,329,4073,460,227,96,1122,2849,84,409,668,1815,532,483,302,287,315,518,1025,1888,1367,317,185,1239,250,537,312,455,725,583,77,71,499,255,547,315,413,204,6721,55,513,358,218,135,208,2078,102,305,299,787,244,674,1682,36,190,238,62,186,605,254,179,267,168,836,67,546,163,39,94,1868,96,1457,1179,124,727,349,98,921,313,552,324,634,155,77,71,171,87,680,45,149,360,272,1332,95,91,3651,725,599,362,1264,357,277,204,60,47,465,74,434,115,370,260,73,141,1091,89,589,507,177,506,115,335,106,102,182,168,759,350,232,273,766,2730,631,379,1421,400,938,1513,564,85,29,486,533,567,1106,244,200,596,411,402,1286,831,1781,127,0,405,492,3388,604,231,1438,935,573,83,466,149,50,158,93,117,753,275,321,658,314,171,1161,816,184,101,292,334,1730,75,268,131,0,0,393,314,89,0,0,946,184,564,1031,141,277,75,852,276,170,791,1197,311,154,343,209,148,139,312,224,272,1234,1166,0,473,370,1216,219,162,0,266,741,252,125,90,159,99,0,617,110,287,455,1497,272,145,2053,0,1056,1098,427,154,270,1310,23,292,206,67,79,644,60,202,0,106,267,231,135,926,240,364,177,122,93,230,0,212,372,28,122,491,72,397,70,159,7,151,418,149,175,123,0,809,711,115,154,215,64,259,216,220,188,30,115,67,630,38,0,1122,0,236,247,757,1004,228,106,298,1472,0,616,168,203,764,591,191,298,103,66,471,127,167,0,493,817,221,342,0,592,74,285,397,1323,23,112,100,498,156,1100,137,285,166,565,0,1071,228,182,52,126,0,435,128,1477,33,254,335,0,193,720,173,91,418,581,213,98,437,802,31,41,75,0,214,0,174,595,378,526,4458,1076,1191,68,186,42,30,578,296,99,366,565,0,41,165,817,262,852,280,1322,410,0,405,67,42,216,35,264,174,302,49,668,36,69,156,0,272,87,0,251,225,0,138,46,228,75,1044,553,700,202,53,130,1045,0,159,202,310,1007,379,233,85,59,0,363,453,192,1105,0,0,226,54,0,133,45,282,153,114,192,404,37,111,812,458,587,96,312,57,171,95,651,614,92,1205,155,47,0,343,399,163,845,147,0,188,449,436,110,1222,810,0,120,139,115,60,542,24,44,0,0,228,1891,99,458,499,20,346,248,107,400,0,353,0,55,0,1040,66,218,2417,120,27,111,249,54,208,60,40,140,0,88,123,184,336,423,749,236,145,0,224,187,284,457,233,466,139,53,461,78,302,118,627,92,511,749,841,559,102,131,273,630,216,0,307,64,187,306,750,438,1193,525,134,239,131,137,2100,254,615,513,0,482,269,172,85,117,170,614,123,271,290,348,154,154,144,277,211,215,590,1276,107,133,619,113,307,113,712,71,158,72,309,224,60,435,423,192,73,627,139,1674,93,94,257,188,595,917,577,115,549,360,3099,116,165,72,1926,281,388,54,1608,201,0,113,520,155,49,290,740,2051,130,1348,76,5461,227,275,236,299,190,176,46,39,342,320,125,852,77,171,1872,298,550,885,651,218,284,25,816,0,1332,2232,794,629,763,82,261,208,39,240,27,718,230,531,90,66,234,179,155,129,1008,39,743,3644,412,541,171,692,591,253,307,914,1197,159,138,550,0,313,259,2330,0,178,465,801,264,0,789,369,58,244,1107,1515,1135,1345,48,620,446,93,763,97,152,134,326,0,98,0,335,36,414,2290,97,80,117,281,196,127,632,164,373,350,116,240,465,37,124,240,150,1232,0,191,143,658,303,0,447,300,690,498,849,132,206,1341,196,71,935,311,317,1632,224,235,59,185,719,210,888,46,52,1263,2135,42,55,122,515,690,32,367,54,166,248,117,65,222,375,127,172,162,247,513,599,348,89,167,330,1192,343,82,141,702,670,806,292,470,121,805,169,0,112,87,180,966,55,238,1425,1025,98,392,159,0,68,413,1587,2557,168,135,310,108,1155,648,0,751,228,224,150,42,39,0,153,103,65,397,0,151,322,98,0,712,33,0,298,294,99,147,410,0,0,54,0,101,217,155,0,289,67,0,507,94,0,112,827,892,192,420,53,0,253,81,467,27,612,329,57,0,54,279,0,187,161,111,126,97,34,285,0,0,266,49,0,150,86,816,98,0,213,0,102,542,657,0,137,0,30,69,157,106,139,88,32,0,104,207,221,0,104,0,94,295,150,166,94,0,85,181,180,0,265,47,1028,0,0,95,0,134,0,638,1873,206,55,1291,41,701,101,0,538,859,130,130,113,84,2094,181,113,26,0,148,99,41,49,116,94,278,867,55,712,270,73,0,22,63,0,273,133,59,184,0,0,110,333,61,123,984,117,213,51,53,94,198,80,84,589,46,0,66,3106,154,77,727,153,200,832,542,110,145,121,166,39,152,107,51,685,42,1143,98,422,115,736,0,1200,283,26,359,0,0,44,61,0,224,53,356,442,343,870,0,638,60,0,49,0,548,22,0,452,176,151,284,388,50,53,211,343,302,0,312,0,262,705,78,26,88,450,57,103,354,110,0,700,19,197,155,0,48,0,531,57,156,303,237,170,95,1218,23,162,164,0,0,240,1304,45,46,294,54,0,226,82,184,342,0,353,297,168,478,61,303,67,225,109,318,0,0,313,564,382,37,0,215,110,48,238,390,220,427,81,72,15,90,334,46,251,339,126,0,232,71,43,156,838,314,93,285,612,298,731,66,283,695,150,88,1387,34,0,124,56,396,85,571,459,120,90,127,0,0,61,35,540,0,1174,642,105,50,915,867,206,136,679,528,594,0,107,411,648,0,818,144,186,125,115,106,159,189,763,63,200,808,4324,0,48,1308,245,39,124,636,383,38,92,171,144,538,70,43,683,72,0,1229,25,227,132,213,176,1179,92,0,0,280,62,794,51,54,0,168,61,146,60,235,586,466,163,72,110,254,545,436,171,929,125,141,141,83,254,2241,208,83,170,47,74,283,75,330,860,333,441,196,129,778,156,0,568,450,171,622,893,91,866,1128,125,462,195,99,456,183,46,54,312,362,106,314,62,75,72,1124,564,205,348,128,1754,595,335,184,108,160,323,146,1115,0,0,117,1114,59,3397,1011,111,108,96,426,358,173,448,0,812,208,313,0,367,184,65,52,80,276,58,30,130,17,1327,0,62,1346,261,62,87,579,467,100,83,769,376,152,37,71,57,149,278,366,1245,1610,303,228,1059,32,100,160,135,270,1290,76,0,170,66,89,422,122,88,354,2007,148,481,100,180,170,0,165,317,853,367,230,226,1051,361,1056,145,59,72,721,100,860,92,327,175,553,222,98,106,114,84,23,246,64,398,994,399,255,124,0,49,109,70,221,0,2096,0,213,577,0,67,214,316,27,115,356,0,75,48,150,79,110,201,0,281,215,127,101,0,0,254,60,0,104,47,0,149,53,419,136,117,166,1158,522,103,891,199,189,164,0,62,261,132,395,104,446,78,303,148,0,49,0,190,111,0,51,0,149,193,140,529,225,40,0,121,0,0,0,304,0,543,115,2389,31,398,221,81,0,1018,119,71,115,284,86,338,662,0,161,174,668,98,0,0,774,0,303,97,0,0,101,144,708,32,115,21,261,53,253,197,131,260,164,26,365,286,28,0,527,58,48,41,355,48,134,432,51,150,98,163,0,665,40,59,0,79,44,0,137,367,240,88,1172,0,1171,95,309,83,365,62,180,243,133,509,75,0,425,244,107,521,1636,257,197,85,62,39,61,338,437,69,181,3168,37,0,345,89,211,80,1001,302,93,0,0,92,95,482,758,107,676,89,48,253,93,0,0,211,43,0,256,0,312,0,0,1280,158,127,0,0,134,814,258,137,159,61,309,222,151,100,327,194,169,0,0,437,1969,42,299,56,91,231,0,797,43,450,411,121,173,552,298,66,0,0,36,94,503,1805,42,362,0,190,0,123,390,0,52,197,62,1106,0,431,47,141,65,440,31,0,315,1044,0,42,81,1202,335,118,15,596,47,132,0,39,56,34,702,245,104,183,282,175,0,50,44,0,147,156,109,126,100,154,91,207,158,201,65,178,84,173,102,286,68,168,134,0,102,322,0,0,630,275,240,345,221,57,170,0,75,0,124,55,69,113,140,40,273,227,51,35,50,828,230,81,0,0,0,322,90,210,71,206,0,40,0,0,34,101,338,326,0,1120,260,0,0,101,0,0,343,63,36,309,142,0,233,66,91,57,909,48,33,0,47,0,73,172,0,109,85,0,529,714,0,298,0,0,316,0,0,99,158,222,80,998,121,0,0,0,146,147,24,311,148,39,49,184,981,99,372,169,0,232,120,58,312,1178,101,439,275,81,57,242,44,169,43,416,458,0,154,93,0,203,359,29,99,78,0,0,3483,0,419,89,129,43,35,267,0,174,0,77,0,122,98,114,450,50,100,0,0,723,50,243,836,42,108,0,70,182,57,144,0,149,180,77,430,300,0,0,0,155,226,217,65,71,80,0,64,90,61,0,130,97,119,757,47,0,22,101,84,421,0,54,0,117,76,85,0,37,0,0,0,0,180,297,0,784,477,71,240,0,0,478,0,0,49,203,266,96,931,39,41,205,0,153,144,111,152,482,255,529,53,154,0,36,190,344,48,22,64,429,80,87,105,246,123,4497,85,0,51,70,99,111,66,146,146,72,418,52,59,35,260,41,139,577,0,0,871,0,0,97,124,0,65,0,0,92,229,276,119,200,0,735,645,0,0,0,159,0,244,210,109,0,139,32,167,3232,41,70,301,136,237,59,660,215,919,0,36,609,259,146,0,343,94,0,269,116,361,198,186,147,0,130,162,55,78,559,77,64,48,0,731,0,102,240,872,275,44,25,0,118,330,87,48,952,0,0,105,55,228,450,436,78,99,833,60,102,118,71,33,45,117,575,0,466,360,0,118,72,716,547,113,310,167,0,525,340,233,158,187,122,32,293,22,367,68,271,0,0,192,138,100,63,1265,91,0,170,170,0,118,142,0,61,278,346,98,243,0,458,224,78,0,0,244,1997,217,89,36,182,186,159,59,0,152,83,260,273,40,254,70,0,337,109,0,50,119,142,42,127,93,193,68,22,0,59,250,84,284,247,142,30,221,52,92,452,96,0,237,152,180,348,85,162,359,74,36,187,59,52,216,49,0,0,1247,181,597,260,160,171,259,135,206,0,90,944,310,712,139,133,141,199,380,523,0,126,248,0,43,191,0,154,144,853,0,230,74,186,198,93,99,0,0,110,2255,0,74,162,77,99,51,323,0,82,124,171,42,2699,102,2006,27,251,53,122,109,70,366,479,313,263,129,0,0,161,116,0,449,0,62,0,25,100,1019,324,29,306,0,179,606,62,55,100,156,144,100,244,1264,0,91,187,46,0,257,157,0,389,118,79,587,87,159,60,96,82,41,81,0,266,329,42,49,198,506,104,0,146,327,84,163,1591,360,188,309,172,396,371,0,46,299,38,0,50,853,45,370,142,0,207,266,135,0,63,964,60,721,240,456,230,478,115,461,0,0,655,509,858,127,241,230,62,222,75,0,210,161,1126,798,93,640,569,567,52,249,50,514,246,43,74,243,153,204,216,99,907,920,234,232,139,33,265,100,0,0,46,80,1632,148,224,0,67,0,337,258,504,198,102,550,110,640,1109,1566,120,86,2087,168,1119,47,266,111,108,0,120,1416,0,369,0,211,68,216,60,0,125,638,196,81,130,252,210,157,531,27,55,63,201,272,2499,2354,191,180,653,486,994,50,699,0,327,480,228,199,380,443,120,639,216,98,76,0,40,0,709,255,92,128,193,484,2669,0,669,92,375,192,25,0,0,86,176,566,58,1823,903,41,1654,53,0,145,64,41,375,211,1111,61,0,44,415,0,0,60,59,0,448,55,414,104,245,78,188,4049,207,75,412,220,666,126,282,80,590,233,80,58,710,95,581,53,79,353,146,569,1079,211,158,944,161,466,404,88,200,79,150,34,55,568,287,138,97,0,254,109,265,40,217,68,118,55,392,129,125,0,465,77,0,1720,70,151,740,89,465,0,2079,49,0,47,0,0,0,110,252,980,47,342,362,1273,184,330,128,83,91,155,111,101,79,213,1200,174,121,133
387,0,0,0,0,0,0,52,0,52,0,55,0,0,0,85,145,196,0,32,0,143,0,0,74,65,0,0,0,0,0,0,52,0,11,58,0,0,32,99,65,0,0,0,0,0,29,0,194,0,204,0,0,0,0,85,0,0,0,0,0,110,0,39,0,0,143,0,0,0,0,0,0,0,0,61,64,0,65,0,84,0,0,138,122,71,56,0,0,0,101,49,0,0,69,0,0,0,0,0,0,0,22,121,0,0,42,0,137,56,66,0,0,134,203,0,46,49,0,0,159,0,194,0,0,0,0,0,50,0,42,22,233,0,74,96,75,0,65,30,82,0,0,104,0,0,0,0,52,62,0,0,0,33,0,0,0,108,0,0,79,0,0,0,0,50,0,0,0,27,40,62,0,0,0,0,0,0,81,0,0,44,0,46,0,58,0,277,50,0,0,0,0,30,0,0,84,0,0,0,0,43,58,38,155,0,0,0,0,80,76,53,0,0,0,0,75,0,0,0,129,48,0,0,216,0,0,55,204,0,0,0,0,0,0,0,44,0,0,0,0,0,0,0,31,0,0,0,0,0,38,64,192,55,208,0,0,0,0,31,129,0,0,0,39,17,0,62,83,302,0,0,133,219,0,0,105,0,612,161,25,0,94,0,66,0,0,0,501,58,0,53,44,0,0,20,0,0,23,0,0,0,49,0,0,108,177,0,0,0,0,145,0,0,0,0,57,158,0,0,0,0,0,0,59,0,0,49,0,0,104,0,0,37,79,0,0,0,0,30,11,57,0,37,64,0,0,0,29,545,0,44,0,127,209,0,53,0,294,0,68,90,102,0,160,188,50,73,0,0,103,0,0,0,65,117,43,0,0,0,0,0,0,0,0,250,0,34,37,0,0,0,304,29,41,0,0,42,61,42,0,0,66,0,0,105,0,0,0,0,42,0,0,0,0,0,40,0,159,231,0,99,0,0,40,0,63,34,50,0,0,0,0,0,45,0,0,69,0,68,0,0,155,113,125,107,130,0,0,0,0,0,0,0,68,0,0,0,0,0,106,0,0,61,0,0,0,50,0,0,0,0,80,22,0,0,84,78,0,0,63,36,82,166,53,0,0,0,0,0,51,0,0,98,0,57,193,35,117,0,0,0,0,633,0,83,145,105,0,0,54,0,0,0,0,0,102,0,0,130,50,0,135,0,71,0,0,0,214,0,52,0,0,0,67,34,0,0,0,140,0,60,98,0,0,0,99,0,0,17,0,0,0,0,0,0,0,0,0,0,145,271,0,0,81,44,0,0,0,24,45,0,0,0,0,0,0,96,0,38,88,27,0,0,254,0,56,190,0,31,0,402,0,29,0,0,0,0,21,0,0,0,42,60,76,115,0,85,0,0,0,0,0,0,58,0,33,0,0,0,0,0,0,0,0,0,41,0,0,44,73,0,0,23,0,0,48,0,0,0,0,0,67,0,0,162,0,0,0,52,0,0,0,0,50,0,0,35,0,108,0,0,71,0,0,0,0,0,0,58,0,0,75,0,75,0,0,67,52,0,0,0,52,0,116,0,74,36,177,0,0,0,0,0,0,37,0,0,457,0,0,34,0,0,43,0,0,0,137,0,0,143,0,0,0,0,0,65,148,0,101,0,40,447,90,286,45,0,0,0,0,59,0,0,52,0,0,0,161,58,155,69,524,49,0,32,0,0,0,0,13,0,0,0,133,0,0,0,0,0,0,0,0,0,0,35,0,0,0,73,78,57,0,0,0,126,0,17,0,71,85,0,0,0,0,0,0,44,0,119,0,0,61,0,0,0,0,34,0,24,104,0,0,0,120,55,88,0,0,0,0,0,0,72,0,79,0,0,0,0,62,0,119,0,0,26,86,33,0,77,231,0,0,0,0,0,0,0,0,0,0,0,89,0,39,0,0,34,0,0,70,0,0,0,0,0,38,0,79,182,0,0,0,135,0,0,0,0,0,0,0,0,0,0,0,58,0,0,0,0,0,0,0,0,0,67,0,65,0,0,0,0,0,90,97,86,98,0,0,0,0,116,0,0,0,0,0,117,152,121,57,43,115,0,0,252,42,0,44,0,36,182,0,0,0,0,72,0,9,0,0,0,0,0,0,0,58,0,0,0,0,0,0,208,0,0,0,0,33,0,46,0,0,104,0,0,52,0,141,0,35,45,0,37,46,0,0,0,0,128,0,0,0,117,48,0,0,155,0,0,0,74,0,0,0,44,82,0,398,0,393,88,0,0,53,0,0,0,0,0,0,0,34,0,0,123,35,51,42,42,0,0,0,69,0,200,116,0,0,53,0,0,16,0,0,0,128,32,46,0,0,82,0,0,50,61,0,0,0,0,101,0,0,68,0,0,0,0,48,0,59,0,89,0,165,0,0,0,35,108,0,107,0,0,113,0,108,168,0,0,59,57,17,51,0,0,40,0,0,48,0,0,0,42,70,0,0,0,0,66,0,172,0,78,0,39,0,0,0,0,0,0,91,0,0,34,0,0,0,0,0,147,0,133,0,0,260,0,0,104,0,0,115,0,0,0,0,0,0,0,0,0,74,247,0,0,0,73,0,0,0,0,0,0,0,0,0,167,51,0,0,31,137,58,41,0,48,28,0,26,0,0,73,117,0,0,71,0,109,0,16,0,0,55,118,0,0,92,0,0,0,0,0,0,0,47,143,0,0,85,0,129,0,0,0,0,0,0,0,20,0,0,0,62,71,0,0,0,31,0,149,0,16,0,31,0,0,0,0,46,27,0,0,0,0,0,45,19,0,0,0,0,0,0,57,0,0,0,0,0,0,119,0,75,0,0,0,0,0,0,0,0,0,0,0,0,0,0,0,0,0,57,117,0,95,0,0,35,0,0,84,0,0,0,0,40,0,0,0,27,0,0,0,0,0,46,0,0,46,0,41,0,0,20,0,0,59,0,0,0,0,62,0,0,59,0,0,0,173,147,0,37,111,0,61,0,0,391,0,41,0,0,0,544,0,54,0,0,0,0,0,0,0,76,34,111,0,141,77,0,0,0,40,0,55,45,0,0,0,100,0,0,0,0,136,0,0,0,0,18,37,0,0,27,0,0,0,48,183,0,136,0,50,129,0,38,0,0,0,207,0,0,0,69,0,73,0,0,0,192,0,63,48,0,176,0,0,0,0,0,74,62,40,91,0,32,0,100,0,121,0,45,38,0,0,0,0,0,29,0,0,0,0,0,22,46,0,118,0,201,0,70,0,48,0,0,38,0,0,239,0,0,0,0,0,0,0,0,0,0,0,0,0,156,0,0,0,125,0,47,137,0,0,22,0,46,40,0,0,0,0,0,0,72,64,0,0,0,0,0,57,53,0,210,60,41,57,0,0,0,0,37,145,0,0,149,0,0,24,0,0,0,32,0,0,7,0,0,39,130,54,0,0,0,0,0,0,0,97,38,0,65,0,0,0,59,0,0,0,0,0,0,0,0,12,71,0,74,0,221,0,24,0,0,52,0,28,52,0,0,0,0,0,170,0,72,0,0,44,0,0,0,0,39,68,0,40,504,0,0,32,0,0,0,76,120,0,0,0,0,0,6,0,0,0,0,126,0,0,27,17,0,67,0,0,0,46,0,0,0,0,0,0,0,0,0,0,0,95,35,0,0,0,44,0,0,77,0,0,0,0,0,0,0,0,0,0,0,51,0,101,56,0,92,20,0,0,0,0,0,45,55,84,58,0,0,39,0,61,0,38,200,0,0,0,0,142,0,54,0,0,0,239,0,0,58,0,0,70,48,0,99,0,35,0,100,0,0,0,53,0,538,78,0,0,0,0,94,45,0,0,0,0,0,0,0,38,0,0,0,0,0,0,0,0,56,0,0,75,0,0,0,62,0,0,0,0,0,0,13,0,0,0,0,0,150,75,0,0,76,0,0,0,0,0,85,0,0,0,0,0,52,0,0,0,186,0,0,0,0,0,0,125,77,72,44,0,28,62,0,102,0,0,0,63,0,32,55,0,50,64,0,0,0,0,0,0,28,0,41,84,50,0,0,0,0,0,0,83,0,524,0,0,0,0,0,0,0,0,83,0,0,0,0,32,0,39,52,0,51,0,0,0,0,0,0,0,0,0,0,0,139,0,37,0,41,62,225,0,0,149,0,0,0,0,0,90,85,0,0,134,0,41,0,0,0,0,0,0,22,0,36,0,64,69,36,55,0,0,69,0,0,0,51,0,0,36,0,0,25,0,36,0,273,0,0,0,187,0,125,0,0,0,0,167,0,39,0,77,0,0,0,0,0,53,38,124,0,0,0,0,0,0,108,0,0,0,0,29,147,0,0,44,0,0,0,0,34,82,220,0,35,0,0,0,358,0,0,148,0,0,0,27,0,54,0,191,97,45,0,94,0,0,0,0,60,0,0,0,0,0,67,0,0,0,120,0,0,0,0,41,51,33,0,0,105,0,0,96,0,0,24,167,45,23,0,0,0,0,0,32,0,82,0,0,43,0,0,0,40,0,0,98,0,55,0,0,84,0,0,0,0,43,0,0,0,0,0,195,0,0,0,0,0,0,0,0,129,548,0,0,0,0,0,0,111,0,0,243,0,0,32,0,0,0,0,0,71,69,41,0,0,0,0,37,0,52,0,0,0,0,0,0,0,0,48,0,37,0,0,0,84,0,0,0,89,0,31,0,169,0,0,0,0,0,0,66,41,0,0,118,0,0,0,0,0,60,0,0,0,0,0,0,0,0,30,133,65,0,0,0,56,0,40,0,36,0,44,0,0,30,49,53,36,56,0,0,0,0,0,0,0,0,0,79,27,57,130,0,0,0,84,0,0,0,0,0,47,0,0,0,37,0,0,0,0,32,0,73,0,69,45,52,0,0,0,0,40,0,0,0,0,0,175,0,77,0,0,28,0,0,0,0,0,0,0,0,0,0,0,149,140,0,52,38,0,58,0,0,36,0,0,47,91,32,0,0,0,161,48,0,72,38,0,0,0,103,0,0,0,0,0,0,0,0,127,0,90,97,0,0,0,18,0,0,51,55,0,0,0,0,0,52,0,0,0,0,0,649,0,0,0,0,46,0,0,101,0,0,0,0,0,0,0,125,0,42,0,40,0,0,0,0,0,46,0,0,26,0,0,0,44,0,0,114,63,40,0,0,0,0,28,0,0,0,0,53,26,0,0,0,0,0,73,0,0,39,0,0,41,0,104,0,0,0,0,0,0,0,0,0,0,0,0,0,83,0,0,35,0,0,70,0,0,85,0,112,82,0,38,68,80,0,0,0,0,0,65,0,28,78,0,0,0,85,0,0,0,0,45,0,0,0,60,0,597,0,0,0,0,0,0,139,0,68,0,30,0,27,0,0,0,70,63,0,0,0,0,0,71,0,0,44,0,0,0,0,44,0,0,0,28,103,0,0,0,0,0,0,0,0,0,35,0,0,372,0,0,160,0,0,0,0,0,156,0,0,115,90,0,0,0,0,0,0,0,85,0,0,0,0,0,0,0,0,180,42,0,0,0,32,0,34,52,103,81,0,0,18,0,45,0,0,69,0,0,0,0,0,56,24,24,0,152,0,0,47,0,0,0,0,55,0,136,83,0,0,0,86,0,0,53,0,0,61,130,53,0,0,0,0,36,0,45,0,0,0,0,43,78,0,0,0,0,0,0,0,0,0,48,0,12,0,54,0,0,0,69,62,0,0,0,76,215,62,0,0,0,0,0,0,0,0,0,0,0,0,71,0,42,0,0,0,0,0,0,0,0,35,0,24,0,0,0,55,0,0,58,25,0,0,0,0,119,30,0,0,0,55,72,0,0,36,0,0,0,0,0,349,26,0,0,0,0,72,0,18,31,0,0,15,0,0,142,0,0,0,0,0,0,0,0,0,0,74,0,45,42,0,0,0,199,0,0,0,0,36,0,0,0,0,0,161,0,0,0,0,29,0,164,0,84,40,0,0,574,0,323,0,72,0,0,72,0,42,0,0,24,0,0,0,0,0,0,30,0,0,0,0,0,134,0,0,0,0,0,35,0,0,0,0,44,0,52,73,20,0,0,0,0,33,0,80,84,0,38,98,0,0,0,0,48,0,0,0,78,0,0,36,44,72,41,0,0,0,0,0,73,0,74,67,0,156,0,0,0,15,0,0,0,0,0,76,0,0,39,103,0,35,0,0,0,69,0,116,70,0,45,37,0,0,141,0,83,0,0,46,0,0,44,0,0,15,234,39,0,84,0,148,0,0,0,95,58,0,0,0,0,0,0,0,210,0,21,32,0,0,0,0,0,0,0,0,88,0,42,0,0,0,0,64,0,49,0,0,0,35,99,0,0,0,41,58,60,24,0,0,0,0,0,54,0,58,0,0,0,0,0,0,24,129,0,0,0,0,0,0,0,0,0,0,0,38,400,555,0,68,60,162,58,0,48,0,0,36,0,0,0,156,110,0,0,0,0,0,59,0,152,0,0,0,0,0,169,0,24,0,0,0,0,0,0,0,43,103,0,288,82,0,171,0,0,0,33,0,0,0,313,0,0,0,75,0,0,40,0,0,60,0,0,0,65,104,42,440,81,0,72,44,67,0,0,0,62,41,0,0,154,0,240,0,0,41,0,0,0,0,0,25,0,97,60,0,0,0,0,0,0,248,44,0,0,0,0,0,30,0,0,0,0,0,31,87,38,0,47,0,0,140,0,39,0,0,0,0,59,0,0,0,0,0,0,0,0,124,0,24,91,37,0,0,0,0,0,0,0,0,0,0,441,0,0,0
388,0,0,0,0,0,0,0,0,0,0,20,0,0,0,0,0,133,0,0,0,38,0,0,0,0,0,0,0,0,0,0,0,0,0,0,0,0,0,0,76,0,0,0,0,0,31,0,0,0,0,0,0,0,0,130,0,0,0,0,0,0,0,107,0,0,0,18,0,0,0,0,0,0,0,64,0,0,0,0,0,0,0,0,71,0,0,0,0,0,191,0,0,0,0,0,0,0,0,0,0,0,0,0,0,0,0,0,0,0,118,0,0,0,0,0,0,0,0,0,0,0,25,0,0,0,0,0,0,0,0,0,0,0,0,0,0,0,0,52,0,0,0,123,0,0,0,0,0,0,0,0,38,0,39,0,0,0,0,0,0,0,0,0,0,34,0,0,0,35,32,0,0,0,0,0,0,0,33,0,0,79,0,0,0,0,0,0,0,0,0,0,0,0,47,0,53,0,0,33,0,0,0,0,193,0,0,0,0,0,0,0,0,0,0,0,0,0,0,0,61,49,0,0,0,0,0,0,0,0,0,0,0,0,0,0,0,0,0,0,0,0,0,0,0,0,0,0,0,0,0,0,0,0,0,0,0,0,0,0,0,0,0,0,0,0,0,43,59,0,0,0,43,0,0,0,0,0,0,0,0,0,0,50,56,0,0,76,372,0,0,0,90,0,0,0,0,0,0,0,0,0,67,0,0,0,51,77,0,59,26,101,53,0,0,0,0,0,0,0,0,21,0,0,117,0,0,0,0,0,0,0,0,0,0,0,0,0,0,0,0,0,0,0,0,0,0,0,55,647,0,49,0,96,100,0,0,79,108,0,0,54,80,0,79,59,139,45,0,0,75,35,35,0,0,42,0,0,0,216,0,0,0,0,0,282,0,0,0,0,0,0,300,0,56,0,65,0,0,0,0,61,128,0,0,71,0,0,41,0,0,0,0,0,0,0,0,0,63,0,0,52,0,0,56,79,0,0,0,0,0,0,0,0,194,0,0,0,0,25,0,0,0,0,107,74,0,49,0,25,0,0,55,0,76,0,0,0,0,0,0,0,47,38,0,0,0,0,0,0,34,0,0,23,0,0,32,61,72,0,0,0,0,114,27,0,0,0,0,58,49,0,0,0,0,0,0,0,39,0,0,93,0,431,0,0,0,53,0,0,0,0,0,0,0,0,125,0,0,0,70,0,44,0,50,0,0,0,119,32,43,0,0,0,0,30,0,0,0,0,0,30,0,0,0,0,60,0,0,138,113,0,0,0,0,0,0,34,0,0,97,158,0,0,0,87,0,0,0,0,46,130,0,0,0,0,0,0,0,0,119,0,0,0,165,0,0,309,0,0,60,323,0,0,0,0,0,0,0,0,0,0,0,0,0,0,0,32,0,0,0,0,58,47,0,0,44,0,0,0,0,0,0,0,0,0,23,0,0,0,0,0,0,0,0,0,0,0,0,0,0,0,0,0,0,26,0,0,0,100,0,0,0,0,76,0,0,0,37,0,27,0,0,0,0,0,0,0,0,25,22,0,0,0,69,0,0,27,48,0,0,0,35,0,72,0,38,0,66,0,65,0,0,0,0,0,49,0,175,0,0,0,0,0,0,0,0,0,65,0,0,87,0,0,0,0,0,0,95,0,82,0,0,417,0,41,0,0,0,0,0,0,0,0,0,0,0,0,0,0,0,0,273,19,0,0,0,0,0,0,0,0,0,0,0,0,0,0,0,0,0,0,0,0,0,0,0,0,0,0,0,0,0,0,0,25,0,0,0,0,52,0,0,0,0,0,110,0,57,219,0,0,0,0,0,0,0,0,0,0,58,0,0,0,0,0,69,0,0,0,0,0,33,52,0,35,0,0,0,0,0,0,66,0,0,0,0,0,0,0,59,0,0,0,0,0,50,0,0,0,0,0,0,0,0,37,0,0,0,0,38,0,38,0,0,0,0,0,0,0,0,0,0,82,0,55,0,0,0,0,0,0,0,0,85,0,0,0,0,0,0,0,0,0,0,0,0,0,0,0,0,30,0,0,0,59,72,0,0,0,43,103,0,56,0,0,23,175,229,166,0,0,0,0,0,190,52,116,0,0,37,0,0,0,0,25,28,0,0,0,52,0,0,0,0,0,78,0,0,0,0,0,0,0,0,183,0,0,0,0,0,0,0,162,80,0,24,0,78,0,54,0,0,0,84,0,0,34,0,187,0,0,0,78,0,0,0,79,0,0,0,62,0,0,0,131,302,0,574,0,201,130,24,81,0,0,0,0,0,0,0,0,0,0,0,0,0,122,49,181,32,0,0,0,0,58,191,38,0,19,0,0,0,0,0,0,0,0,0,0,0,115,0,0,40,60,0,0,112,56,0,0,0,50,0,0,0,64,0,0,0,0,117,0,428,0,0,0,0,33,0,69,0,0,0,0,257,93,0,0,0,84,0,0,0,0,0,67,0,0,0,30,0,0,294,0,0,32,0,0,0,0,49,0,97,0,37,0,0,0,48,0,84,0,0,0,93,16,0,81,0,178,40,124,0,0,0,0,0,0,0,0,111,0,0,0,0,0,0,70,0,0,52,144,0,0,0,46,0,0,47,0,0,0,0,0,0,49,46,0,0,0,0,108,74,0,0,55,0,0,0,0,60,0,91,49,0,0,49,0,0,0,0,0,110,0,0,54,37,0,40,0,0,0,0,36,64,0,0,151,0,71,0,0,45,0,0,0,0,0,0,0,0,0,108,0,0,37,0,0,342,18,19,0,121,0,32,0,0,65,66,0,0,34,0,0,62,0,0,75,0,0,0,106,0,0,62,0,0,90,33,0,0,0,31,0,93,0,46,0,0,0,0,0,0,0,0,0,0,0,0,66,0,0,0,0,0,0,0,59,95,129,0,0,0,0,148,37,38,0,68,36,0,27,31,0,0,0,44,0,0,33,0,51,0,0,0,0,0,48,0,257,102,0,0,81,31,0,85,35,0,0,0,0,0,0,0,44,0,0,97,0,0,217,0,78,0,55,0,0,269,0,23,0,0,0,0,46,69,0,0,0,74,0,0,89,0,0,0,153,0,96,0,84,68,0,0,0,0,0,0,0,0,73,0,0,0,679,221,0,288,0,0,0,75,0,0,48,0,226,50,41,0,0,0,377,0,0,68,194,0,69,121,0,156,0,0,0,0,0,42,0,0,37,30,106,0,83,0,124,0,0,148,0,0,63,53,0,0,76,0,0,53,84,60,0,0,233,0,302,188,0,96,99,0,0,134,21,0,0,0,0,60,0,0,0,95,0,0,139,78,43,0,119,0,69,43,0,0,143,0,0,18,0,0,80,0,28,41,0,0,82,84,0,173,0,61,0,0,69,0,0,43,94,106,145,119,0,0,0,0,48,37,0,44,108,0,0,0,0,0,0,0,0,0,0,0,0,0,210,0,0,0,0,0,76,0,0,0,0,0,84,0,0,0,0,0,0,68,0,0,0,0,0,0,0,0,0,0,35,0,41,0,39,81,0,0,113,0,0,0,0,0,116,0,0,0,0,32,0,0,0,26,62,122,25,0,345,0,0,0,41,0,0,0,152,0,0,0,0,26,0,0,73,0,0,150,0,0,0,0,0,0,0,0,0,0,0,163,38,33,0,0,0,0,0,0,77,175,0,0,0,43,0,0,0,75,57,0,0,0,0,60,0,66,0,0,0,0,0,96,210,0,0,42,0,67,0,0,0,0,0,0,50,0,76,0,0,0,0,61,105,0,0,44,64,0,0,61,0,0,0,424,0,0,0,0,55,0,0,0,187,0,56,0,94,0,0,0,46,39,114,36,0,0,0,41,0,0,0,0,0,0,0,0,0,104,0,0,0,42,0,51,0,0,0,0,0,47,0,0,0,69,67,0,43,0,0,0,0,0,0,32,0,0,59,398,0,45,30,0,0,34,0,0,270,0,0,0,0,0,129,0,0,53,35,0,0,0,0,25,0,134,128,66,83,0,0,107,0,389,0,26,0,68,0,0,69,0,0,0,0,0,0,0,0,0,52,0,0,134,0,0,0,0,0,0,0,70,0,0,0,0,0,0,0,0,0,0,0,54,0,0,0,0,0,75,79,0,60,0,0,0,0,50,45,26,0,49,0,0,259,0,45,0,45,72,153,82,0,79,0,0,0,0,0,113,28,0,17,115,0,0,0,0,0,0,0,0,0,0,63,0,0,77,124,48,0,65,0,0,0,0,69,0,0,0,272,0,0,0,32,0,389,0,0,0,0,0,19,0,0,0,0,111,73,48,0,82,38,36,0,24,0,0,68,129,0,0,0,61,0,0,128,119,49,0,0,30,87,0,0,37,41,0,0,35,38,89,206,0,51,53,0,0,505,0,0,388,0,0,0,0,0,51,0,153,52,93,0,0,0,0,0,0,0,0,54,0,0,21,66,34,62,290,52,61,0,0,0,0,58,47,82,0,240,23,0,151,55,57,0,86,111,46,0,0,0,0,80,35,70,190,40,0,61,0,0,0,0,0,0,84,0,99,0,0,0,0,0,0,0,28,68,0,0,56,0,88,0,0,0,153,0,0,0,0,127,231,0,0,0,0,0,0,69,24,44,214,45,0,0,52,0,0,0,0,0,0,151,0,0,0,67,0,0,36,0,0,88,0,94,0,56,0,0,0,23,0,0,106,0,0,0,0,177,51,46,0,403,0,0,0,0,0,0,58,53,58,0,318,0,0,0,0,0,45,40,0,25,0,0,0,0,28,0,0,120,0,66,0,41,0,71,14,55,88,84,57,0,375,75,79,29,69,113,32,0,0,0,34,0,0,0,62,30,45,120,0,0,0,60,163,0,0,0,0,26,57,0,65,60,0,0,0,0,45,0,0,470,58,100,84,0,0,0,0,0,0,0,0,96,62,202,77,54,27,63,119,46,0,0,0,37,25,44,0,43,0,0,230,111,0,0,0,0,0,0,0,72,16,171,50,69,0,0,75,0,53,201,0,28,59,0,37,0,127,23,0,0,0,50,29,0,0,130,0,92,109,18,0,98,0,0,0,25,42,0,0,0,0,22,0,0,0,74,0,0,656,0,176,0,0,0,23,94,0,0,0,33,0,40,0,47,148,0,29,0,0,362,54,76,402,53,52,0,0,45,0,0,0,55,57,0,90,92,0,0,0,0,0,0,0,75,0,0,0,0,70,0,114,0,0,106,15,0,0,41,0,78,0,80,0,61,26,0,37,0,0,0,48,0,114,116,0,53,243,0,0,0,0,121,0,0,0,0,246,0,96,0,0,0,0,86,101,0,32,78,26,178,0,0,30,0,48,0,0,0,0,43,0,50,38,54,61,625,34,0,37,66,0,51,37,0,187,0,45,0,0,0,69,0,0,296,0,0,321,0,0,0,49,0,89,0,0,0,59,0,0,0,0,275,83,0,0,0,0,0,57,32,0,0,0,0,0,312,0,0,134,0,50,0,162,0,43,28,0,0,37,0,0,0,0,0,54,0,0,0,68,0,0,29,0,0,0,316,0,0,0,0,60,0,0,0,243,120,0,0,0,0,0,0,0,95,0,0,0,0,52,71,65,0,56,116,0,0,48,0,0,0,0,105,0,320,0,28,0,0,0,75,0,0,0,0,44,86,94,29,0,0,0,0,0,46,0,0,0,0,0,0,0,0,281,0,0,101,0,0,0,172,0,0,80,99,0,0,0,0,0,0,0,0,130,92,0,0,0,0,0,0,0,0,0,39,0,0,0,127,0,0,98,0,0,0,0,0,0,0,42,35,0,26,0,0,0,0,58,52,0,20,168,0,0,214,0,0,28,0,43,0,60,0,60,0,0,0,0,54,0,0,0,0,65,0,53,73,0,0,34,0,0,0,0,69,0,56,0,113,0,82,54,0,0,31,99,0,46,0,0,0,42,436,0,58,0,0,0,0,88,0,0,32,205,0,0,170,45,0,20,69,0,101,50,0,0,304,0,113,22,88,0,0,79,0,0,0,81,0,64,0,0,55,35,0,56,0,0,32,0,78,99,94,0,0,36,0,58,0,0,0,0,40,0,0,241,122,0,0,0,0,0,38,0,0,11,38,26,0,0,0,0,0,45,0,0,40,62,0,0,62,0,0,0,118,120,0,0,214,40,0,105,95,131,39,86,0,0,0,0,0,41,0,75,58,0,106,56,0,24,0,176,0,151,0,168,85,74,62,61,0,0,650,109,96,0,0,0,0,79,0,0,39,0,378,189,0,103,102,113,0,0,0,43,0,0,0,0,0,0,0,0,322,178,25,0,0,0,93,0,0,0,49,0,597,0,0,0,0,0,59,59,122,44,0,57,0,95,145,296,0,0,431,0,0,0,39,0,0,0,0,209,0,77,0,27,0,71,0,0,30,56,0,0,0,72,29,66,69,0,71,0,0,74,89,851,82,104,0,113,173,31,52,0,46,59,59,34,206,182,67,165,0,0,0,100,0,0,109,40,0,67,49,86,66,0,136,47,30,0,29,0,81,54,0,155,0,394,102,0,249,0,0,0,50,0,45,0,340,0,0,0,125,0,0,147,0,0,0,0,45,0,39,51,64,128,92,0,245,33,0,0,64,0,129,0,0,0,137,0,197,0,0,44,0,114,187,0,0,259,37,108,0,46,0,0,59,0,0,155,88,0,0,61,99,0,48,0,21,0,0,0,20,70,45,0,76,0,0,112,52,0,150,0,58,0,170,24,0,0,0,0,0,0,0,187,0,0,104,283,0,42,0,0,0,89,61,0,0,121,224,0,0,0
389,0,0,0,0,0,0,0,0,0,0,0,0,0,0,0,0,37,0,0,0,234,0,0,0,76,0,0,0,0,0,0,0,0,0,28,0,0,31,0,13,0,0,0,88,0,0,0,258,0,0,0,49,29,0,90,0,0,0,0,0,60,58,0,0,0,0,0,0,0,127,0,0,0,0,106,54,0,123,0,52,0,0,0,60,0,0,0,23,0,106,48,0,47,0,0,0,0,0,0,0,0,0,0,0,0,0,0,52,0,0,0,0,128,0,20,0,0,23,0,51,0,222,0,0,36,0,0,0,0,56,0,200,0,0,0,103,0,0,0,0,0,0,0,0,0,0,0,0,0,0,0,24,0,64,0,0,59,0,0,30,60,0,71,0,40,0,0,92,0,0,103,0,0,0,0,0,0,132,0,0,68,0,27,0,0,0,0,196,0,0,0,0,41,0,0,0,0,0,0,0,77,96,25,0,0,0,0,0,0,0,0,0,0,0,47,0,0,0,0,0,36,0,0,190,0,0,0,57,0,0,0,0,0,0,0,0,34,114,0,0,39,23,0,28,0,0,0,0,0,46,0,175,0,0,0,0,0,0,0,64,46,0,0,0,0,0,265,0,146,0,0,85,255,0,70,0,0,136,218,0,0,0,26,0,30,0,33,477,0,43,0,103,0,0,0,0,0,0,0,0,0,0,0,0,231,0,35,0,65,46,143,28,0,0,0,52,43,61,48,0,0,0,0,0,90,0,0,0,0,132,0,67,0,0,49,0,0,0,0,0,0,0,29,30,0,0,0,85,82,76,0,0,92,94,0,42,29,0,45,0,0,42,0,0,0,68,50,0,0,77,0,0,0,0,0,0,0,0,36,0,5,0,0,0,108,0,74,49,0,0,0,191,0,21,0,83,0,0,0,0,0,0,0,0,0,0,0,0,15,0,0,0,0,0,0,45,0,145,0,0,0,0,0,27,49,0,0,0,0,0,0,0,0,0,0,0,0,0,0,0,0,77,0,82,0,113,38,0,0,0,0,0,0,38,0,0,0,0,0,28,0,46,8,0,0,0,0,0,0,0,0,100,30,0,0,91,0,60,32,0,0,46,46,0,0,0,0,0,82,82,0,0,0,0,44,0,75,0,0,0,58,0,113,0,0,0,74,0,0,0,0,0,24,0,0,0,0,0,0,0,0,51,43,0,0,14,46,0,0,0,0,0,0,0,0,0,0,0,0,0,99,109,0,0,0,0,10,31,124,0,0,0,0,0,0,0,0,0,49,0,0,0,0,0,0,0,0,0,0,0,0,0,0,0,0,0,0,0,0,30,0,46,0,49,0,0,75,34,0,0,184,0,41,0,0,0,0,0,0,0,0,0,0,0,174,0,54,0,0,0,0,147,250,47,0,0,0,0,0,0,0,0,0,0,0,0,0,0,26,28,0,0,0,0,0,0,20,0,0,0,0,67,0,0,0,0,0,0,0,0,0,0,0,202,0,22,0,0,65,0,0,0,0,0,35,0,0,0,48,109,0,0,0,0,0,0,61,0,0,0,0,0,41,79,0,0,0,0,0,0,0,0,0,0,0,0,0,23,0,0,0,0,0,0,0,0,0,0,0,0,0,0,0,0,0,0,0,59,30,0,0,0,313,0,89,0,0,0,0,0,0,0,0,0,0,0,0,43,0,67,0,177,0,0,0,0,0,41,0,0,21,0,0,0,0,0,0,0,0,0,0,0,0,0,0,0,0,0,0,69,0,0,0,0,0,0,0,0,0,104,0,0,0,0,0,0,0,0,99,0,0,0,0,0,0,0,0,0,0,0,0,0,0,0,40,0,52,43,0,0,0,71,0,0,0,0,0,0,0,0,0,44,0,0,0,0,41,0,51,0,0,0,0,0,0,0,0,0,0,0,0,62,0,42,0,0,0,0,0,0,0,0,0,0,0,213,52,0,174,0,0,0,0,0,0,0,0,0,0,0,0,0,0,0,0,0,0,0,0,0,22,0,0,0,32,0,0,0,0,0,51,0,33,0,78,30,0,0,0,0,0,0,0,0,0,0,103,99,62,0,0,0,0,0,0,36,0,0,0,0,0,0,0,0,0,35,0,0,0,0,0,0,0,0,0,0,0,56,0,0,0,0,0,0,0,0,0,0,0,36,0,0,40,0,0,0,0,98,0,0,0,0,32,14,0,0,0,0,196,0,0,0,119,42,0,0,69,0,0,0,0,0,0,0,0,83,0,105,0,62,0,0,0,0,0,0,0,0,26,0,0,72,0,0,64,0,0,0,65,0,0,0,58,0,0,0,0,45,0,0,0,0,0,0,0,101,51,0,0,0,0,0,0,0,0,0,32,46,0,0,0,0,0,13,0,61,82,21,0,0,0,0,0,0,0,0,49,0,44,0,0,0,0,0,0,221,0,0,0,0,0,0,70,0,0,0,0,0,0,0,57,0,0,56,0,0,0,0,0,0,0,0,0,0,0,0,0,0,0,0,0,0,0,0,0,0,19,0,0,0,75,0,0,0,0,202,0,0,49,0,0,0,0,0,0,0,0,0,0,0,0,62,183,0,0,0,0,60,0,0,0,0,0,0,0,0,112,0,0,0,0,0,0,0,0,0,0,0,0,0,0,0,24,16,0,47,0,49,0,0,0,0,0,42,0,45,47,0,0,0,0,0,0,0,0,122,30,0,0,0,78,0,0,0,0,0,0,0,0,0,0,0,34,56,0,0,46,0,0,190,0,0,36,0,0,52,0,0,0,0,0,0,0,0,0,0,0,0,164,0,0,0,20,0,0,0,0,0,55,0,31,0,0,0,0,0,0,31,0,0,0,0,0,0,0,0,0,0,0,0,0,0,0,0,0,0,0,0,0,0,0,0,0,0,0,0,0,0,0,52,0,0,0,45,0,0,0,0,0,0,0,0,46,0,0,0,0,0,26,0,25,0,0,0,0,39,0,101,56,0,0,0,0,64,0,0,66,0,0,91,0,0,241,0,46,0,0,0,0,108,0,0,51,0,0,0,63,0,0,0,0,0,0,0,0,0,0,0,0,0,51,0,0,43,0,0,0,0,20,0,0,0,0,0,0,0,179,64,0,100,0,0,38,51,0,0,0,0,0,0,0,36,28,0,42,13,0,0,171,0,159,0,0,59,0,0,0,0,0,0,0,20,55,0,86,0,0,0,30,0,0,31,0,0,0,0,15,0,0,0,0,0,30,57,0,0,0,0,244,0,0,0,79,23,0,0,0,0,49,0,0,0,0,0,0,0,0,0,0,0,28,0,46,0,31,0,51,0,0,48,0,0,0,0,0,0,0,0,0,0,0,0,0,102,0,0,0,0,74,0,0,0,119,47,0,0,0,0,0,0,0,0,0,0,84,0,0,0,0,0,0,0,0,0,0,0,0,0,101,49,0,0,0,0,75,0,0,0,0,0,69,0,0,0,0,0,0,39,0,0,0,0,0,0,0,0,0,0,0,73,0,0,34,20,0,0,0,0,0,0,0,0,79,0,112,0,0,0,0,0,0,0,0,0,0,0,210,0,0,56,0,0,0,0,33,0,0,0,0,0,0,0,64,0,0,0,0,0,0,0,0,0,0,0,0,0,0,0,0,0,0,0,0,47,0,0,29,66,47,0,0,0,0,0,0,29,0,0,0,0,0,68,0,0,0,0,0,45,0,0,0,0,0,0,0,0,0,0,0,0,0,0,0,0,0,0,0,0,0,0,88,0,0,0,41,0,0,0,0,0,0,150,0,0,0,0,78,0,0,0,40,0,0,0,85,0,0,0,163,0,0,0,0,0,0,0,0,0,0,0,0,0,0,0,31,0,0,0,0,0,0,0,0,0,66,0,0,126,0,0,0,0,0,0,0,0,0,0,0,0,0,0,0,0,35,87,0,0,0,0,0,0,0,0,133,0,0,0,0,0,0,0,0,0,0,0,0,0,0,0,0,37,47,16,37,0,0,0,0,36,0,0,0,0,0,85,0,0,0,0,0,0,0,0,0,0,0,0,0,0,0,0,0,0,0,0,0,0,0,342,0,0,0,0,0,14,0,0,62,0,0,0,0,0,0,0,3,0,0,0,0,15,0,0,9,0,0,0,0,0,0,0,0,0,0,0,0,24,0,0,0,0,0,0,0,0,0,0,0,0,0,0,0,0,0,0,0,0,0,0,0,39,0,0,0,0,0,0,0,0,0,0,29,0,34,33,0,0,0,0,0,0,104,0,0,0,36,0,0,0,0,0,0,18,0,0,0,0,0,0,0,0,0,0,0,43,0,0,0,0,0,0,0,0,0,0,0,0,0,0,0,0,0,0,0,0,0,0,0,0,0,0,0,0,0,0,0,53,0,0,0,0,0,0,0,0,64,112,0,0,0,0,0,0,0,0,0,0,0,0,38,0,0,83,0,0,0,0,0,0,73,63,0,0,0,0,0,0,0,44,0,52,0,0,0,0,0,0,59,0,0,0,0,0,0,0,0,0,52,0,0,0,0,39,0,0,96,0,0,0,0,0,0,0,0,0,0,0,38,0,0,47,0,0,0,0,79,124,0,0,0,0,0,0,0,0,0,32,0,26,76,29,0,0,0,0,0,0,0,0,0,0,0,0,0,65,0,0,0,0,0,0,0,0,0,0,13,0,0,0,75,0,0,0,0,0,0,0,151,0,0,0,0,0,0,0,0,0,0,0,0,0,0,0,0,15,0,0,0,0,0,0,0,0,0,58,0,0,49,0,0,0,0,0,58,0,0,0,0,52,0,0,0,0,0,0,0,0,0,0,0,0,0,0,0,55,0,0,0,0,100,0,0,0,0,0,0,0,0,0,32,0,0,0,0,0,0,0,0,86,157,0,0,0,0,0,0,0,0,0,0,0,134,0,59,0,0,55,0,0,0,0,0,0,0,0,0,29,0,0,95,0,0,0,0,21,0,0,0,0,0,0,107,0,0,0,0,83,0,0,129,0,0,0,0,38,0,0,0,0,0,0,0,45,39,0,63,0,0,0,0,0,0,21,0,80,0,0,0,0,0,0,0,0,0,0,0,133,0,68,0,0,54,0,0,0,15,0,0,0,0,0,0,0,0,0,0,0,0,0,0,94,0,0,0,0,0,0,0,0,0,32,42,50,43,42,0,0,0,0,0,0,0,0,0,35,0,0,0,0,0,0,40,0,0,58,0,0,0,37,77,0,0,0,0,0,0,0,0,0,0,0,0,0,45,0,0,0,0,0,0,0,0,39,0,73,14,53,35,0,93,0,0,0,0,0,0,37,31,84,0,0,0,0,0,0,0,0,78,0,0,0,0,0,247,0,0,0,0,0,0,45,0,0,0,19,0,0,0,0,0,36,0,0,0,93,0,0,0,0,0,0,0,0,0,0,0,0,19,0,30,29,0,0,0,0,0,0,29,0,0,0,0,0,649,0,0,95,0,30,0,0,0,0,0,0,127,0,0,0,0,0,0,0,0,137,0,0,0,0,0,0,0,0,0,0,0,0,0,0,0,0,38,76,0,0,0,0,0,55,0,0,88,0,0,0,0,0,0,0,0,0,97,0,0,0,0,0,0,0,57,0,0,0,0,0,0,0,0,0,0,0,0,0,0,0,0,0,0,0,0,0,57,0,0,0,0,0,33,0,0,0,0,0,20,0,0,0,24,0,0,0,0,0,0,0,58,0,55,0,0,72,41,26,0,0,0,0,0,0,0,0,0,0,0,0,0,0,0,0,0,0,0,0,0,0,0,0,0,0,0,0,0,0,0,0,68,0,0,27,0,0,0,0,0,0,0,0,31,0,0,0,0,0,50,0,0,115,0,0,0,0,0,61,0,0,0,0,0,28,0,0,22,0,0,0,40,0,0,0,0,0,0,0,0,0,0,0,0,0,231,0,28,0,0,0,0,82,0,0,0,299,0,0,26,0,0,0,37,0,0,0,0,0,337,0,254,0,0,0,0,25,0,0,43,37,0,0,0,0,0,0,0,57,0,0,0,0,0,40,42,0,0,0,0,69,0,0,0,0,55,0,0,109,0,0,0,0,0,0,0,0,0,19,0,56,0,0,0,37,0,47,0,0,0,0,0,0,0,0,0,0,0,0,0,0,0,0,0,45,0,37,0,0,0,0,0,0,0,0,0,0,0,0,0,0,0,0,0,46,0,44,0,21,0,0,0,0,0,0,0,0,99,0,53,0,0,0,0,0,0,0,44,0,0,57,0,0,0,0,0,0,0,0,0,0,0,0,0,0,59,0,0,41,0,0,0,0,0,0,0,0,82,0,28,0,0,0,0,0,0,0,0,28,0,0,0,48,0,0,61,0,51,0,0,0,0,0,0,0,0,0,0,0,0,0,0,0,0,53,0,0,0,0,0,0,0,0,0,0,0,0,92,131,0,0,0,0,0,0,0,0,48,0,0,0,0,32,0,0,0,0,0,0,22,0,28,0,0,0,0,0,0,0,0,0,47,0,0,0,0,0,0,115,0,70,0,0,0,0,0,0,0,0,0,0,168,0,0,0,119,0,0,0,0,0,35,0,0,0,0,0,0,100,66,0,0,0,55,0,0,0,63,0,0,0,0,0,41,0,0,0,0,30,0,0,0,0,0,63,96,0,0,0,0,0,0,258,0,0,0,0,0,0,0,0,0,0,0,14,0,43,0,0,50,0,0,0,0,0,0,0,0,0,113,0,0,0,0,0,0,0,0,63,0,0,63,0,0,23,0,0,0,0,0,0,0,0,162,0,0,0
390,0,0,0,0,0,0,0,0,0,0,0,0,0,0,40,59,25,0,0,0,0,0,0,0,0,0,0,0,0,0,0,0,0,0,31,82,0,0,96,0,0,0,0,0,0,0,0,0,0,0,0,0,0,0,0,0,0,0,0,0,0,0,91,0,0,0,0,0,0,0,0,0,0,0,162,0,0,58,0,0,0,0,0,0,0,0,0,0,0,0,0,0,0,0,0,0,0,0,0,0,0,0,0,0,0,0,0,0,0,0,0,0,0,0,0,0,0,0,0,0,0,42,0,0,0,0,0,0,0,0,0,0,0,0,0,0,0,0,0,0,0,43,120,0,0,0,0,0,0,0,0,0,0,0,0,0,0,0,0,125,0,0,0,0,0,0,0,0,0,0,0,0,0,0,0,0,0,0,0,0,91,0,0,0,0,0,0,0,0,0,0,0,0,41,0,0,0,0,0,0,0,47,0,0,0,0,0,0,0,0,0,0,0,0,33,0,0,0,0,37,0,0,0,0,0,0,0,0,0,0,0,0,0,0,0,0,0,0,0,0,0,0,0,0,0,0,0,0,0,0,0,0,0,0,0,0,0,0,0,0,0,0,0,0,0,0,0,0,19,0,0,0,0,0,0,0,0,152,0,50,0,0,0,0,0,0,40,412,22,0,0,0,0,0,15,0,0,0,0,0,0,0,0,0,0,0,58,0,0,0,43,0,0,0,0,0,0,0,0,0,0,0,0,0,0,0,0,0,0,0,0,0,0,0,0,0,0,0,0,0,0,0,0,0,0,0,0,0,80,108,0,0,0,0,0,0,0,72,92,0,0,0,0,26,0,160,0,0,0,0,45,0,0,0,0,0,0,0,34,0,0,0,0,0,23,0,0,0,0,0,0,0,0,0,0,130,0,0,0,0,0,0,0,0,0,0,0,0,0,0,0,0,0,0,0,0,25,0,42,0,0,0,0,0,0,0,0,0,0,0,0,0,0,0,0,0,0,0,0,0,0,27,0,74,0,0,30,0,0,0,0,72,0,0,0,0,0,0,11,61,0,0,40,0,0,0,0,0,0,0,0,0,0,0,0,0,60,44,0,0,0,0,84,0,0,0,0,98,25,0,49,0,64,0,0,0,0,0,0,0,58,0,105,0,0,51,0,0,0,0,0,0,0,0,0,77,0,0,0,27,0,0,137,0,0,0,0,0,0,0,0,0,0,0,0,0,0,0,0,0,0,29,0,0,0,50,0,0,94,0,54,0,34,0,0,0,0,0,0,0,60,0,0,0,0,36,0,0,0,0,0,0,0,0,0,0,159,0,0,0,79,45,0,0,0,62,50,0,0,0,43,0,41,0,0,0,13,0,0,0,0,0,0,0,78,0,0,0,0,0,0,0,0,0,0,0,0,0,0,0,0,0,0,0,0,0,0,0,0,92,0,0,0,0,0,26,0,0,0,0,0,0,0,0,55,0,0,0,0,0,0,0,0,212,0,0,0,0,71,0,0,0,0,0,0,0,0,0,0,53,0,0,0,0,0,0,0,0,0,0,0,0,22,0,0,0,0,0,0,0,0,0,0,0,0,0,0,52,0,0,0,0,0,32,0,0,0,0,0,0,65,23,0,0,0,0,0,0,0,29,0,0,0,65,46,0,0,0,0,0,0,0,0,0,0,0,0,74,0,0,0,148,0,0,0,0,0,0,0,0,0,0,0,0,0,0,0,0,22,0,0,0,0,0,0,0,0,0,0,0,33,0,0,0,0,0,0,0,0,0,0,0,0,0,0,0,0,32,49,0,0,0,0,0,0,0,0,0,0,0,0,0,0,0,0,0,0,0,0,0,0,0,26,0,40,0,0,0,0,43,0,59,0,0,0,0,18,0,57,101,0,0,0,0,0,0,0,0,0,0,0,71,0,0,0,0,0,0,0,0,0,0,0,0,0,112,0,0,141,0,0,0,0,0,0,0,0,0,0,0,0,0,0,0,0,0,0,0,0,25,0,0,0,0,0,0,0,0,0,0,0,0,32,0,0,59,0,0,0,0,0,0,0,0,0,0,176,222,173,0,0,77,0,0,0,79,0,59,0,0,93,0,0,0,0,0,0,0,53,0,0,0,0,0,0,0,0,58,0,0,0,0,58,0,0,0,0,0,0,0,0,32,0,0,0,38,0,218,0,0,0,0,0,0,0,0,0,0,40,0,0,0,86,0,0,0,320,0,0,0,0,0,0,0,0,221,0,118,0,155,0,0,0,0,0,0,0,0,39,0,0,83,0,0,0,66,0,0,67,0,0,0,24,0,0,358,94,0,36,0,0,0,0,37,0,115,0,0,0,0,0,0,0,46,109,0,52,0,47,0,29,0,37,0,0,56,23,0,0,38,0,0,0,70,0,0,0,0,118,0,43,0,0,49,202,422,0,0,0,0,53,0,71,0,0,43,39,0,0,0,0,0,0,147,0,0,0,35,30,0,47,0,0,0,0,0,0,0,0,0,0,53,0,0,0,0,0,0,0,0,138,0,0,0,0,147,0,0,211,0,79,71,0,0,0,0,50,49,119,0,0,41,419,0,0,0,0,49,0,28,0,38,0,0,0,0,209,0,43,0,0,81,0,49,0,0,0,167,0,0,36,42,92,101,0,75,0,70,0,0,0,0,0,97,0,0,0,0,0,0,0,0,0,0,48,44,37,0,0,0,141,0,0,76,0,0,0,0,53,0,0,0,0,0,0,0,97,0,0,363,0,0,0,0,0,0,0,0,0,0,0,0,0,0,0,0,0,0,57,0,0,0,0,25,32,0,0,0,0,0,0,0,28,0,0,0,0,0,0,0,0,0,0,42,0,0,0,0,23,0,0,87,0,50,0,0,0,0,64,65,0,0,0,0,0,58,0,0,0,46,0,0,0,0,0,0,0,0,0,37,0,0,0,0,0,0,0,0,0,0,52,0,0,29,32,0,0,0,0,0,0,0,0,0,0,0,249,0,0,74,0,0,469,0,0,0,0,0,0,223,0,47,84,0,52,0,0,0,0,0,0,0,0,0,0,0,0,0,0,0,0,0,0,0,0,0,0,0,0,0,0,0,0,0,0,0,351,0,23,0,0,0,40,107,27,0,0,0,52,0,0,0,0,0,53,0,0,54,0,0,0,0,0,80,0,0,0,0,0,71,70,0,0,0,0,0,96,0,0,0,0,0,0,0,0,0,0,0,0,0,44,0,0,0,0,0,0,0,73,0,49,0,0,0,0,0,0,0,173,0,0,0,0,0,0,82,0,0,0,0,53,0,0,0,54,0,32,0,0,66,0,0,0,0,0,0,0,0,0,0,36,0,74,0,0,0,0,0,0,0,0,0,0,0,0,0,0,0,0,0,0,102,0,0,288,0,0,0,90,0,0,0,0,0,0,0,0,55,52,0,0,0,0,0,59,0,0,0,0,0,0,0,0,0,0,0,0,0,0,0,0,0,0,0,0,0,0,0,0,51,0,0,72,94,0,0,124,22,0,0,0,0,181,0,116,0,17,0,0,0,0,0,0,0,0,35,89,0,0,54,0,0,0,47,74,0,0,34,0,0,0,0,39,0,0,104,0,0,0,0,0,0,0,0,0,0,0,120,0,0,0,0,0,0,0,0,94,133,0,0,0,0,0,0,0,0,0,0,0,0,0,161,0,0,0,0,0,0,0,74,0,0,28,0,0,79,0,0,0,72,0,0,0,0,0,76,0,0,0,0,0,0,0,38,0,64,0,0,0,0,0,146,28,0,0,0,93,0,0,0,45,0,0,0,73,0,0,0,110,0,73,0,46,0,0,0,79,0,74,0,46,0,35,0,39,0,0,0,0,39,0,0,0,11,90,0,0,95,0,0,0,0,77,0,0,0,58,0,0,0,0,0,0,0,0,184,49,0,0,0,0,32,0,26,79,0,0,0,0,0,0,0,0,43,0,0,169,0,0,0,0,0,67,0,0,0,0,40,0,87,0,0,0,97,0,70,0,0,0,0,0,0,0,0,0,0,0,0,0,0,0,0,0,0,0,0,0,31,0,181,0,0,0,0,0,0,0,0,136,71,0,63,0,0,29,38,51,0,113,0,23,0,0,0,28,0,0,0,0,0,45,25,41,0,0,53,98,74,0,82,0,0,0,0,0,51,130,49,47,85,0,33,0,0,0,0,29,0,0,0,0,0,69,0,136,41,0,0,0,0,0,0,0,0,0,0,85,0,0,0,0,0,122,44,0,46,0,0,67,0,0,33,0,35,61,0,0,92,0,0,0,0,0,0,0,0,0,34,0,54,0,49,0,0,0,0,0,0,0,0,0,0,0,0,0,0,0,53,130,0,0,0,0,0,178,0,0,199,0,0,0,0,33,0,0,113,57,0,0,0,0,0,0,0,129,0,56,30,39,39,0,0,54,172,65,0,0,0,20,81,158,0,0,0,327,0,0,106,0,57,0,109,37,0,0,0,0,0,132,142,80,111,35,0,0,0,0,0,0,0,0,50,0,0,0,0,46,0,0,0,0,0,0,0,0,65,0,106,0,0,0,243,0,33,0,0,53,279,0,33,0,31,29,0,0,0,0,90,0,48,81,47,0,0,0,16,0,41,29,0,0,0,0,37,0,0,0,0,109,0,0,0,38,0,29,0,50,0,0,0,0,0,0,0,331,0,34,0,198,0,0,0,0,0,0,126,34,0,0,255,0,0,0,0,0,39,33,29,0,0,0,0,57,22,0,79,90,0,59,0,0,0,0,80,94,0,0,0,0,148,60,0,0,50,30,0,23,0,0,0,0,0,75,44,0,85,85,0,0,0,136,82,34,0,0,0,98,0,0,0,55,0,0,0,0,0,41,44,41,124,118,54,0,0,0,0,0,0,0,0,48,91,344,0,110,44,0,82,0,34,0,0,0,0,0,0,0,55,0,83,444,0,0,0,0,37,0,0,0,0,93,0,54,14,0,0,0,108,129,0,57,20,0,0,0,118,0,0,0,0,68,0,0,18,129,52,140,98,0,0,0,0,0,0,0,112,0,74,0,0,97,47,0,51,0,0,0,435,0,0,31,0,24,0,0,70,0,0,0,0,0,0,37,131,0,0,0,0,42,0,41,73,0,29,0,71,0,0,76,0,37,163,55,46,120,0,0,0,0,0,45,0,0,0,0,30,0,0,0,0,0,73,132,0,0,0,34,0,0,66,130,0,0,26,0,0,0,0,0,87,0,0,61,0,61,134,0,31,0,0,84,0,67,53,0,67,0,89,41,45,28,0,0,0,21,118,67,83,92,35,0,0,0,66,0,0,0,0,106,0,0,0,35,37,535,0,0,0,0,0,34,88,72,0,0,0,0,26,0,115,0,0,223,86,0,64,0,0,49,0,52,75,0,0,0,0,0,32,100,20,96,93,0,0,0,0,0,0,56,0,0,0,0,38,436,0,0,157,44,43,23,22,43,233,53,0,78,128,0,0,0,0,0,109,0,146,53,0,33,0,0,0,0,0,69,20,0,0,0,170,0,0,60,80,47,0,0,0,42,37,0,0,239,0,0,0,0,132,41,0,30,121,222,0,0,0,0,0,0,0,157,0,353,50,0,0,0,56,0,0,32,0,0,65,33,79,0,0,0,0,39,0,40,0,0,0,13,0,39,0,0,52,47,0,92,26,0,0,190,0,0,25,22,0,0,0,75,85,0,0,0,0,251,41,0,0,69,0,0,0,0,0,0,0,37,0,0,0,23,42,0,0,0,0,0,0,0,0,62,0,0,0,0,93,50,0,62,0,0,115,0,0,0,42,22,49,45,52,49,0,0,85,0,0,0,0,51,134,0,0,0,72,36,0,0,0,35,127,45,39,0,0,94,86,147,0,207,0,89,95,98,0,0,47,0,94,51,0,0,0,144,0,59,0,0,0,0,96,0,0,0,417,0,0,177,61,0,0,123,0,0,58,0,0,1022,0,546,0,0,0,76,108,0,47,30,93,0,0,0,0,0,0,0,93,0,0,43,0,55,42,171,0,0,37,0,80,0,0,34,0,0,0,0,116,159,0,0,0,0,0,0,45,54,0,0,93,0,0,0,35,40,60,0,0,0,0,0,0,0,93,0,0,0,45,0,0,0,0,49,0,0,74,36,0,0,0,0,0,0,54,0,66,0,0,50,81,0,0,0,138,0,180,103,0,38,0,35,0,0,0,0,0,38,0,33,28,0,0,0,0,40,38,95,0,0,171,0,96,12,53,0,0,31,0,0,24,0,0,0,0,0,127,0,73,0,0,124,0,0,0,26,0,117,0,62,0,0,26,0,39,95,0,0,48,52,55,0,0,0,0,189,0,0,0,0,0,0,0,0,117,0,31,0,57,0,30,0,0,0,0,0,0,0,0,0,0,37,0,0,0,45,111,110,634,53,69,44,0,0,51,146,0,50,118,121,0,42,72,114,56,0,27,0,0,78,0,105,0,0,45,0,104,181,0,0,0,0,0,0,0,0,0,0,166,0,0,32,0,100,0,0,76,0,0,0,0,283,0,0,0,127,0,0,0,0,0,0,0,0,0,0,83,107,246,0,0,0,0,95,38,18,0,0,64,0,0,0,0,123,0,0,63,0,45,74,0,0,91,0,67,233,0,0,0,26,0,0,578,0,0,0,0,0,0,0,0,0,0,0,65,0,0,0,0,0,0,0,83,44,0,0,0,0,0,155,0,0,0,0,0,0,0,49,184,0,53,0,0,0,72,0,0,0,0,0,0,0,54,446,0,0,0
391,0,0,0,0,0,0,0,0,0,0,0,0,0,0,0,0,0,0,0,0,36,0,0,0,0,0,0,0,0,0,0,0,0,0,0,0,0,0,0,0,0,0,0,0,0,0,0,0,0,0,0,0,0,0,43,0,0,0,0,0,0,0,0,0,0,0,0,0,0,31,0,0,0,0,0,85,0,0,0,61,0,0,34,0,0,0,0,0,0,0,0,0,0,0,0,0,0,0,0,0,0,0,30,0,0,0,0,0,0,0,0,0,0,0,0,0,0,0,0,65,0,0,0,0,0,0,0,44,0,25,0,0,0,27,0,0,0,0,0,0,0,0,0,0,0,0,0,0,0,0,0,0,0,0,0,0,0,0,0,43,0,0,0,0,48,0,0,0,32,0,0,0,0,0,0,0,0,0,0,0,0,0,0,0,0,0,74,43,0,0,0,0,0,0,0,0,0,0,0,0,0,0,0,0,0,0,0,0,0,0,0,0,0,0,0,0,0,0,0,0,0,0,0,0,0,0,0,0,0,0,0,0,0,0,0,0,0,0,0,0,50,0,0,0,0,41,0,0,0,0,0,0,0,43,0,0,0,0,0,0,0,0,0,0,0,0,75,0,95,0,0,0,0,0,0,0,0,212,0,0,0,0,23,0,0,0,0,90,0,0,0,0,0,0,0,0,0,32,0,0,0,0,0,0,33,0,0,0,0,0,0,0,0,0,0,0,51,22,0,0,0,0,0,0,0,0,0,0,0,0,0,0,0,0,0,0,0,0,0,0,0,0,0,44,0,0,0,0,323,0,27,0,0,0,0,0,0,0,31,0,33,0,0,40,0,0,0,0,0,0,0,0,0,0,0,52,0,0,33,0,0,0,0,0,31,0,0,0,0,0,0,0,0,0,0,87,0,0,0,0,0,0,0,0,0,0,0,0,0,0,0,0,0,0,0,0,0,0,0,0,0,0,0,0,0,0,0,55,0,0,0,0,0,35,0,0,0,0,0,0,0,0,46,0,0,30,14,0,0,0,0,33,0,0,0,0,0,0,0,0,0,0,82,0,0,0,13,0,0,0,0,39,0,0,0,59,0,0,0,0,0,0,101,50,0,0,0,34,0,23,0,0,90,0,0,0,0,31,0,0,0,0,292,0,0,0,0,0,0,0,0,0,0,0,0,46,0,0,0,0,0,0,66,0,0,0,0,61,0,0,0,0,0,0,0,0,0,0,28,0,67,0,24,0,0,62,0,0,48,0,0,0,0,44,0,0,0,58,0,29,49,0,0,0,179,0,0,0,0,112,0,0,0,0,0,0,0,0,0,0,0,0,0,0,0,34,75,0,0,0,0,0,0,0,0,0,0,0,0,0,0,0,0,0,0,0,0,0,0,0,0,60,54,0,0,0,0,0,0,0,0,0,0,0,0,0,0,0,0,0,0,0,0,0,0,0,0,0,0,0,0,0,0,0,0,0,0,0,0,0,0,0,0,62,0,0,0,21,0,0,0,0,0,0,0,0,0,0,0,44,0,33,0,56,0,36,0,0,0,0,0,0,0,0,0,0,0,0,0,61,0,0,0,0,0,44,0,58,0,0,0,0,0,0,0,0,0,0,0,0,61,0,0,0,0,0,0,0,0,106,0,0,0,0,102,0,0,0,0,0,0,0,0,0,0,0,0,27,0,34,0,240,0,0,0,0,0,0,0,0,0,0,0,0,0,0,0,0,0,0,0,0,0,0,0,0,0,0,0,0,0,0,0,0,26,0,0,0,0,82,0,0,0,0,0,39,0,0,79,0,0,0,0,0,0,0,0,0,0,0,0,0,0,46,0,0,0,0,0,0,0,0,0,0,0,0,0,0,0,0,0,0,0,0,0,0,0,0,34,0,0,0,0,0,0,0,0,0,0,0,0,0,0,32,0,0,0,0,0,0,0,0,0,0,0,50,45,0,37,0,0,0,0,0,33,0,0,0,0,0,0,0,0,0,0,0,0,0,0,0,0,0,0,0,0,0,0,0,0,0,0,0,0,0,59,0,0,0,0,0,42,0,0,0,0,0,54,0,0,0,0,0,0,0,60,0,0,36,0,0,0,0,0,0,0,0,0,0,0,0,0,0,0,0,0,0,0,55,0,0,0,0,0,0,0,0,0,0,0,0,0,20,0,0,0,26,0,0,0,0,0,0,0,0,0,0,0,0,0,0,0,0,0,0,0,0,0,0,0,0,22,0,0,0,0,0,0,24,0,593,0,0,0,0,0,0,0,0,0,0,0,0,0,0,76,0,0,80,0,32,0,0,41,0,39,214,0,0,34,0,0,0,0,0,0,0,0,17,0,0,0,0,0,0,49,0,35,232,0,0,0,0,0,0,0,39,0,0,0,0,0,0,0,39,0,32,0,0,0,0,43,32,0,0,0,57,0,94,0,52,0,0,0,0,0,0,0,0,0,0,0,0,0,256,0,0,0,25,0,0,0,0,0,0,0,0,0,0,0,0,0,0,0,0,0,0,0,0,0,0,0,0,0,0,23,0,0,0,53,0,0,0,0,0,0,0,0,0,57,0,0,0,51,0,0,0,0,0,0,0,0,36,0,0,0,0,53,0,0,0,0,0,0,60,0,0,0,0,0,0,32,0,0,44,0,0,0,0,0,0,0,0,0,0,0,0,80,0,0,0,0,0,0,0,0,0,0,0,0,0,44,0,0,33,0,0,0,0,0,0,0,0,0,0,0,0,100,0,0,146,0,0,0,0,0,0,0,0,0,0,0,0,27,0,0,0,0,0,116,0,0,0,0,18,0,0,0,0,0,0,0,0,28,63,0,0,0,0,0,0,0,0,0,0,0,0,0,0,0,0,0,41,0,33,0,0,0,0,0,0,0,0,0,0,0,73,0,0,0,0,0,0,0,34,0,0,0,0,0,0,0,0,0,0,0,0,0,0,37,0,72,0,0,0,0,0,0,60,35,0,0,0,0,0,0,0,129,0,0,0,0,0,0,0,0,0,0,0,0,60,0,0,0,0,41,0,32,0,0,0,0,0,0,0,72,0,0,0,0,0,0,0,0,0,0,0,0,0,0,0,0,0,0,0,0,0,0,66,0,100,0,0,46,0,0,0,0,0,0,0,0,0,0,0,176,0,0,0,0,0,101,0,0,0,0,0,0,0,0,0,0,0,0,0,47,0,0,0,35,0,0,75,0,0,0,0,0,0,0,0,0,28,0,64,0,40,0,0,76,0,0,0,0,0,0,0,0,0,43,0,0,106,0,0,0,0,0,0,0,0,0,0,0,0,0,0,34,0,0,60,0,0,0,0,0,0,0,28,0,0,0,0,0,48,0,0,0,0,30,0,0,0,78,74,0,0,0,0,22,0,0,0,0,0,0,0,0,0,23,0,0,0,0,0,0,0,0,0,0,0,0,0,0,0,78,0,0,0,0,0,53,0,0,0,50,0,0,64,0,0,0,0,0,0,64,0,0,0,0,0,0,0,0,82,0,0,38,34,0,0,0,0,94,0,0,0,0,0,0,0,0,0,58,20,0,0,60,0,0,52,0,0,0,0,59,0,0,0,20,0,0,0,70,0,0,0,0,0,0,0,0,0,0,0,0,0,0,82,0,0,0,0,0,29,0,0,54,55,0,0,0,0,0,0,0,0,23,0,0,0,0,150,0,0,0,0,0,0,0,28,37,0,0,0,0,0,0,0,0,0,0,0,0,0,0,122,47,0,0,0,161,0,0,0,0,119,0,0,0,0,0,25,0,0,0,0,98,32,0,0,0,0,0,0,70,0,0,0,90,0,0,0,0,0,0,32,0,0,34,0,0,0,31,0,36,47,0,0,0,0,0,24,0,0,78,0,0,129,0,0,0,0,0,0,0,94,0,0,0,0,0,9,35,0,0,56,0,0,44,0,0,0,0,0,93,0,0,0,0,0,0,0,0,0,56,0,42,0,0,0,0,54,102,0,0,0,0,220,0,67,0,0,0,49,0,35,0,0,0,0,0,0,0,0,0,0,0,0,0,158,0,0,0,0,0,0,0,0,0,110,0,0,0,0,0,0,6,0,64,36,0,61,0,0,0,0,0,0,0,0,0,0,0,0,48,0,0,0,0,0,41,0,0,0,0,0,172,91,0,81,41,0,0,0,0,97,116,0,20,57,0,0,0,0,0,0,0,0,0,0,0,0,0,59,34,0,0,0,0,0,0,0,44,0,0,42,98,0,0,0,0,0,431,37,0,0,54,0,44,40,0,0,0,40,0,0,0,0,0,0,0,0,0,0,57,0,0,0,0,0,0,48,74,0,0,0,0,0,0,0,0,0,0,0,0,0,0,0,28,0,0,0,0,0,302,0,0,0,0,0,0,0,25,0,0,47,0,76,0,46,0,0,0,0,0,0,54,0,0,0,0,0,0,72,0,0,0,0,0,31,45,0,0,0,30,0,0,0,31,121,0,98,0,0,0,0,0,44,0,104,0,0,0,0,0,0,0,0,0,0,0,0,0,0,0,0,44,25,0,0,0,0,55,0,0,0,0,112,0,0,0,70,0,0,0,0,31,279,0,0,0,0,0,0,55,0,43,97,0,0,0,0,0,0,0,0,0,0,128,0,0,0,0,68,0,0,0,0,52,0,64,0,87,0,0,0,24,0,0,0,0,0,0,0,128,0,46,0,266,0,0,0,0,0,0,45,40,0,0,105,0,0,0,0,0,0,0,0,0,23,0,0,0,68,0,94,123,0,61,0,0,0,0,0,69,0,127,0,0,0,0,0,0,0,0,39,0,0,0,31,0,0,0,0,0,101,39,0,0,0,0,98,0,0,0,0,45,83,0,0,0,0,0,0,0,77,0,0,75,65,23,105,0,0,0,0,0,0,0,0,0,47,449,42,0,0,0,0,0,0,0,0,0,0,43,0,0,52,0,0,126,0,12,90,0,0,0,0,0,0,84,28,214,33,0,39,0,136,0,0,75,0,0,0,0,0,0,0,0,0,68,0,0,0,53,0,161,30,0,0,36,35,0,0,115,0,0,60,0,0,0,0,0,25,60,0,0,88,0,96,0,0,30,0,0,63,0,0,21,0,0,0,0,0,0,42,0,0,281,0,0,109,0,0,0,0,0,0,0,0,0,0,69,130,147,0,0,0,0,0,81,0,31,0,0,0,0,0,0,58,0,0,48,0,0,45,49,0,0,102,146,0,0,29,0,0,0,0,0,0,0,0,0,0,114,103,0,0,0,0,48,0,0,66,0,0,0,69,0,0,87,0,0,0,0,28,0,0,153,104,0,0,0,90,66,0,0,0,56,0,21,0,0,23,100,0,0,0,0,0,39,86,20,155,0,63,0,0,0,53,0,137,151,0,0,97,0,0,0,0,0,0,0,0,0,0,0,35,36,0,70,0,0,0,0,0,0,0,0,0,0,0,0,0,546,0,0,131,0,0,0,41,0,101,0,0,129,35,0,0,0,0,0,0,0,51,0,0,0,11,0,0,0,0,138,0,0,0,0,149,0,34,36,0,87,0,0,0,23,65,0,0,99,0,0,0,0,131,30,96,30,0,100,0,0,0,0,0,0,0,40,0,339,65,0,0,0,102,0,0,31,61,0,18,90,0,0,0,0,0,33,25,0,0,0,0,0,52,36,0,0,72,0,0,0,0,0,0,47,0,0,0,86,0,0,0,74,0,0,0,0,0,130,0,0,0,100,0,0,0,0,62,0,17,0,0,0,0,0,0,0,0,0,0,0,0,0,0,63,0,0,33,0,0,0,44,0,28,34,43,0,0,0,0,0,0,0,100,64,0,0,44,24,0,0,0,82,0,0,0,0,67,0,0,78,0,46,53,0,0,0,0,82,27,347,0,0,0,57,58,259,0,47,41,0,46,0,0,0,0,113,35,0,0,0,0,0,137,0,0,0,90,0,17,53,0,0,0,0,0,0,91,0,42,157,0,63,0,117,0,0,79,0,114,0,0,0,75,0,0,30,72,0,0,20,0,0,0,106,85,60,0,0,42,0,0,0,0,0,0,27,0,0,78,60,0,23,0,0,0,14,0,129,45,0,83,0,0,0,0,0,85,0,0,0,71,0,0,22,32,0,0,39,51,0,0,97,30,29,0,114,0,172,86,0,0,0,0,0,52,0,28,23,0,0,0,0,0,0,203,0,84,55,50,0,68,37,0,0,0,45,0,256,0,92,0,0,0,0,0,0,0,65,0,0,202,0,174,0,55,0,0,0,0,0,0,0,0,0,22,119,0,0,83,0,0,42,79,0,0,0,0,55,36,0,0,0,0,0,67,44,42,0,61,0,43,31,0,0,0,0,0,19,0,44,81,0,0,22,80,0,0,0,40,36,37,0,0,0,0,0,0,0,0,65,0,83,0,30,0,38,69,136,570,52,0,54,83,92,0,110,0,116,0,0,0,57,0,62,0,0,0,0,78,0,0,0,48,0,0,88,0,155,30,75,0,91,0,0,0,32,0,0,225,0,347,0,0,80,0,0,28,76,0,0,0,402,0,0,47,147,0,0,119,0,0,0,0,49,0,31,44,0,251,0,0,72,37,53,0,66,0,0,67,0,0,87,0,38,0,0,65,0,122,0,0,0,0,50,123,43,0,0,55,0,0,0,376,72,0,0,36,0,0,0,0,0,0,0,0,49,0,0,0,26,0,0,176,0,0,0,0,0,0,346,0,0,0,0,0,0,0,48,175,0,44,45,0,0,0,33,0,0,0,0,29,0,30,107,0,0,0
392,0,0,0,24,0,0,0,0,100,0,204,0,0,0,0,137,267,0,0,0,165,0,48,34,46,0,0,0,0,0,0,32,0,0,95,96,0,58,250,85,0,36,0,135,0,50,0,333,0,29,0,0,0,0,157,0,0,0,0,0,68,55,130,0,27,0,0,0,21,56,0,0,0,23,142,133,0,197,43,90,0,23,0,127,25,33,0,0,0,185,0,0,59,59,0,0,0,51,0,0,0,23,122,0,0,0,0,123,29,104,0,79,0,0,0,49,97,0,33,119,0,0,12,0,40,0,13,107,0,106,0,113,0,74,51,160,32,59,0,0,0,76,372,0,0,0,0,51,62,0,0,0,27,118,79,0,130,23,154,199,39,0,0,0,0,30,0,62,0,96,83,0,77,0,81,8,35,153,64,0,109,0,29,0,0,0,518,0,0,0,0,93,28,35,0,111,0,0,84,0,47,87,0,230,0,0,0,34,29,90,0,0,0,27,62,0,63,0,32,174,145,0,0,90,0,0,67,188,0,72,0,0,0,0,0,28,0,84,0,0,94,0,38,0,0,76,0,0,0,34,0,95,71,27,0,0,0,0,0,209,52,48,61,31,25,0,0,87,245,0,0,101,62,29,36,0,0,36,93,55,0,67,0,82,31,0,0,1479,38,60,0,167,0,0,84,0,0,68,45,0,0,0,0,0,184,185,146,0,0,0,74,63,0,0,27,91,100,72,0,28,0,0,59,147,65,0,217,0,0,32,0,79,81,0,41,0,0,0,20,0,71,0,24,54,0,0,0,0,450,0,0,0,100,150,0,48,83,42,248,0,0,30,0,29,0,340,44,119,0,111,70,30,0,74,0,171,0,0,92,84,0,89,0,65,266,29,59,46,0,0,0,147,0,0,43,212,0,42,45,0,0,58,0,47,44,0,0,44,0,0,0,66,28,0,0,95,0,241,156,0,0,63,0,0,0,83,0,217,27,0,0,59,0,122,0,0,0,0,27,0,0,50,75,38,0,133,104,0,58,0,0,159,0,33,0,35,41,0,45,58,0,245,111,20,29,0,46,28,0,0,0,131,0,0,72,89,129,56,0,60,0,132,39,173,0,0,61,212,166,189,80,24,132,0,82,213,193,61,0,0,50,0,151,0,0,167,67,47,0,0,0,0,0,0,0,0,35,72,107,0,57,58,282,0,0,0,63,168,0,0,0,0,0,0,73,0,0,0,62,39,185,29,0,0,0,0,0,21,69,113,123,0,0,38,0,0,58,69,0,102,111,0,41,0,377,78,0,0,0,227,87,48,0,0,0,0,75,0,0,73,83,92,0,178,0,96,166,38,0,46,194,0,85,0,0,0,196,0,58,17,0,0,0,37,153,41,0,49,60,0,0,426,267,68,40,123,63,0,77,0,0,0,0,35,0,80,40,0,43,36,0,0,0,0,0,47,62,0,0,0,0,102,0,37,170,0,0,0,145,170,23,0,0,271,0,76,35,0,75,80,47,0,0,0,91,0,55,46,107,257,0,96,0,0,35,0,69,316,0,0,44,0,78,39,0,0,0,39,0,215,0,58,0,55,80,0,0,95,0,0,31,0,72,48,0,0,72,49,139,0,163,140,0,0,0,0,0,300,87,127,81,38,290,229,129,101,95,0,0,99,60,0,0,99,0,0,0,130,45,0,0,1069,85,0,61,0,0,111,0,0,78,0,0,38,47,0,46,0,0,34,64,0,31,40,101,0,88,0,193,76,80,37,0,0,123,58,0,0,0,97,64,95,0,0,0,65,75,75,347,0,0,0,68,0,35,0,0,47,55,0,36,58,0,281,95,0,94,110,0,40,0,143,0,0,213,25,0,58,43,92,0,172,0,0,0,0,0,0,124,188,0,0,0,0,0,0,42,0,0,0,0,179,0,220,85,0,66,69,0,79,31,96,0,0,0,437,348,0,219,0,74,0,256,52,37,37,0,0,0,0,0,0,57,178,114,0,0,0,0,33,111,58,0,37,113,0,53,0,0,33,132,0,38,132,86,247,0,0,65,65,79,0,0,0,0,0,117,108,95,90,0,0,0,0,488,67,0,67,0,0,99,44,0,40,77,98,32,0,0,37,0,0,0,31,0,49,92,48,0,0,0,0,67,0,0,0,0,26,57,67,0,55,73,36,0,0,0,253,0,50,57,22,0,195,60,0,105,53,495,0,64,0,0,68,0,0,156,31,0,0,130,26,0,93,91,174,45,240,0,870,117,43,0,38,0,0,0,0,40,69,25,82,0,0,67,0,74,406,68,18,54,0,0,0,101,296,240,103,33,0,0,23,0,0,0,224,108,0,0,0,65,0,0,0,124,0,148,847,34,72,0,204,77,0,41,107,165,50,0,67,0,70,49,159,0,54,96,140,56,0,203,67,27,69,236,323,87,388,0,84,0,29,152,0,49,0,33,0,66,0,90,0,58,349,0,0,0,45,0,30,244,29,139,0,46,0,0,0,0,42,40,139,0,21,0,40,33,0,70,0,95,0,260,36,80,353,68,0,260,83,95,136,74,62,0,0,124,0,190,0,0,37,277,0,0,0,118,67,0,0,0,82,33,31,0,0,194,22,45,85,73,137,63,127,0,0,47,128,0,43,118,223,108,121,65,82,0,168,62,56,0,0,43,56,0,119,279,222,44,0,0,0,0,46,324,213,0,0,143,0,225,153,0,203,0,0,0,0,0,0,0,0,34,153,0,0,0,0,0,431,0,47,34,202,26,0,54,0,128,54,0,0,120,0,0,0,0,0,200,0,0,31,0,117,56,0,0,0,42,0,108,0,56,53,0,0,0,133,0,0,0,40,0,49,0,0,0,0,78,0,0,99,0,86,0,0,17,0,141,287,97,0,0,0,0,157,0,0,0,168,66,53,50,49,41,0,0,0,0,103,0,0,91,0,0,0,39,0,149,0,151,0,0,0,37,50,58,220,175,0,0,190,0,102,0,0,222,90,0,271,0,0,1712,0,118,0,0,0,0,270,0,0,41,23,80,0,147,0,0,15,0,113,0,0,116,0,0,28,49,0,0,0,58,44,41,0,0,0,0,0,34,35,123,0,0,53,605,530,0,223,0,64,84,119,0,11,0,0,47,26,67,53,74,0,418,38,112,64,113,0,100,191,0,26,0,0,0,0,0,240,44,0,41,40,74,31,274,0,302,0,0,138,0,0,81,77,78,62,0,0,0,80,47,78,0,145,60,44,485,123,70,61,45,0,22,203,0,0,61,0,0,107,0,53,0,103,0,45,109,64,60,0,79,49,88,43,67,0,156,129,0,0,41,62,20,33,0,112,129,0,58,73,56,291,30,0,46,0,254,0,0,0,376,353,154,37,0,61,0,0,0,86,0,86,43,0,0,30,160,43,85,0,0,0,66,0,0,56,137,39,0,0,0,58,259,0,57,69,0,28,235,0,0,0,98,81,0,156,53,0,0,48,0,0,184,0,41,0,135,95,0,0,177,128,0,0,133,114,85,0,0,0,359,0,276,0,0,37,90,0,0,18,174,76,0,73,242,0,0,91,0,0,35,0,67,0,74,0,60,0,42,0,211,0,55,241,0,113,0,0,51,75,0,82,66,81,0,269,0,0,0,0,0,0,0,40,260,205,63,0,38,59,0,56,0,53,48,54,44,46,39,387,0,42,49,0,0,71,0,192,170,70,0,64,0,69,0,0,38,0,22,71,66,0,59,271,153,0,42,0,478,0,0,0,0,290,25,0,0,0,0,233,30,39,0,0,312,61,88,20,87,0,80,0,263,0,0,0,232,32,224,68,47,41,0,134,121,0,197,0,66,0,105,62,80,57,0,120,0,59,0,37,0,149,122,0,0,685,0,0,25,92,66,0,32,31,65,36,51,0,0,0,169,118,0,412,0,57,0,0,29,0,0,92,44,0,0,42,0,0,175,0,0,61,194,0,344,0,0,0,0,101,73,50,97,64,0,182,0,487,0,11,0,123,0,118,43,107,78,0,38,0,0,0,38,0,48,0,0,187,0,0,0,0,0,0,50,85,0,400,0,55,96,0,0,79,32,0,435,31,0,135,51,0,86,73,41,0,102,47,46,0,0,58,0,47,21,97,0,0,352,0,0,0,70,38,63,56,32,66,0,17,0,0,28,132,272,32,98,92,0,55,36,0,67,38,0,0,67,0,0,62,229,197,0,0,94,36,0,46,0,0,102,0,39,128,393,71,26,63,57,59,432,79,56,78,74,0,409,80,0,32,0,127,107,44,0,69,23,54,0,0,0,0,130,0,41,0,0,192,140,119,212,233,0,0,0,68,200,0,0,95,102,0,0,51,53,97,90,67,86,63,0,0,925,54,0,228,121,0,0,0,67,83,0,184,0,316,0,58,0,0,0,23,29,41,55,195,0,0,69,124,60,172,147,110,0,0,80,224,204,174,82,50,131,0,0,73,135,158,0,200,146,0,0,0,0,54,257,354,138,0,0,0,0,0,0,0,84,0,0,53,0,192,0,53,108,0,0,0,0,0,113,0,0,153,75,164,142,0,20,373,82,0,0,0,127,313,0,0,0,0,0,21,159,76,266,276,115,0,73,76,0,0,0,0,137,108,312,0,32,0,79,185,42,202,0,0,87,0,117,0,29,0,0,0,69,0,0,0,73,0,0,50,201,0,0,0,1062,0,0,0,0,0,0,146,87,38,205,397,0,0,120,37,0,135,29,42,0,0,103,0,20,80,0,119,496,97,108,0,0,0,69,75,81,108,240,61,32,446,160,181,72,147,80,83,0,46,0,58,0,114,82,69,60,148,94,55,0,0,88,316,0,0,89,0,112,142,0,85,90,0,0,19,0,130,0,95,386,180,82,217,0,51,0,0,187,0,41,0,176,108,638,62,124,51,135,51,0,0,0,74,0,30,60,0,41,82,0,301,436,0,80,198,34,50,0,0,76,0,376,71,396,60,0,102,62,656,174,0,261,89,31,0,32,272,0,0,27,0,97,49,0,0,249,71,180,200,0,38,117,123,0,61,158,117,0,183,43,0,0,0,42,76,134,28,0,379,0,175,0,35,140,41,117,396,0,36,58,82,57,46,94,325,0,98,0,39,561,69,119,398,0,74,0,48,65,0,75,0,136,177,97,129,161,220,0,0,96,59,123,78,45,26,0,113,58,66,0,79,0,77,52,0,0,254,64,0,191,123,222,0,0,50,81,30,0,0,0,70,32,91,238,0,236,585,21,0,0,41,318,0,0,359,26,293,159,47,173,113,341,0,123,90,45,117,138,0,237,318,99,0,0,95,92,35,0,0,117,27,37,87,260,49,126,90,0,64,84,43,88,438,102,284,40,135,0,54,0,104,0,471,795,29,0,373,0,0,188,81,0,84,66,0,0,83,81,198,127,29,428,43,0,0,0,0,0,132,0,28,0,57,0,43,558,0,0,483,85,136,0,184,41,350,83,0,125,144,0,33,86,0,0,62,0,242,0,81,39,61,45,0,35,0,705,80,0,0,0,366,0,109,82,361,104,0,0,58,61,52,43,0,124,0,0,48,0,308,142,145,100,155,167,0,0,47,88,47,50,0,55,0,579,163,42,37,9,127,151,23,50,0,69,164,237,116,43,39,0,66,58,0,123,0,43,0,41,111,55,93,25,296,0,0,170,19,0,86,354,0,0,160,92,48,52,0,122,96,0,0,0,162,1187,112,0,42,59,46,61,0,89,210,30,46,100,73,65,0,74,78,41,0,0,24,0,30,32,133,123,35,49,0,0,111,60,64,100,0,0,449,0,0,140,36,72,91,53,235,123,131,58,85,0,33,57,42,92,203,29,0,0,335,74,193,94,37,68,110,141,133,0,49,786,117,343,84,195,0,180,89,156,0,37,71,31,154,75,0,46,54,583,58,200,38,0,55,0,63,0,24,47,93,0,0,309,0,59,37,197,0,0,183,103,68,718,0,515,0,142,0,71,253,43,67,80,277,92,83,0,22,49,71,0,0,42,72,96,0,90,227,279,0,50,0,0,241,0,0,44,60,48,50,56,409,357,0,0,0,0,22,46,65,214,30,39,213,0,33,0,60,121,88,0,0,71,207,0,0,82,221,0,0,107,138,32,19,340,103,81,95,120,175,208,130,0,79,0,0,0,208,0,82,59,0,80,73,39,0,0,216,45,135,53,182,61,198,156,154,0,0,612,45,612,42,239,66,0,110,45,0,0,51,370,136,68,358,107,91,0,76,0,121,62,23,46,61,0,31,0,0,464,254,32,128,0,33,77,198,0,0,55,46,892,102,0,30,40,60,44,59,106,161,39,134,45,78,83,269,60,0,779,66,189,67,55,94,36,0,0,162,0,110,0,56,59,104,81,0,44,143,35,55,0,105,93,104,177,0,85,0,49,180,570,1096,90,107,72,125,320,33,157,0,267,68,0,0,255,93,169,154,44,0,0,156,57,0,228,173,0,61,83,0,364,0,226,39,221,28,58,0,99,60,120,395,0,667,96,0,356,0,0,78,108,0,91,84,822,0,0,66,357,20,0,240,39,0,100,0,79,0,170,175,81,678,118,0,375,64,240,36,230,0,100,76,0,20,199,0,152,0,0,102,0,118,144,0,0,212,144,675,80,0,0,0,57,38,0,539,150,0,0,99,116,55,35,0,40,64,0,41,83,94,55,0,80,0,0,307,56,51,125,50,85,0,621,47,0,22,0,0,0,0,117,95,0,69,222,150,30,140,81,0,56,172,78,48,28,122,712,33,0,88
393,0,0,0,0,0,0,0,0,0,0,0,0,0,0,32,0,0,0,0,0,151,0,0,0,0,0,0,36,0,0,0,0,0,0,0,0,0,0,0,0,0,0,0,0,0,0,0,139,0,0,0,0,0,0,84,0,0,0,0,0,0,0,15,0,0,0,0,0,0,0,0,0,0,0,121,0,0,121,0,0,0,0,87,56,35,0,0,0,0,92,0,0,0,0,0,0,0,0,0,0,0,0,0,0,0,0,0,0,0,0,0,0,0,0,0,0,0,0,0,0,0,0,0,0,0,0,0,0,0,43,0,0,0,44,0,107,0,0,0,0,0,0,0,0,0,0,0,0,0,0,0,49,0,0,0,0,28,0,0,0,0,0,0,0,0,0,0,0,79,0,58,0,0,0,0,0,0,71,0,0,0,0,0,0,0,0,0,23,0,0,0,0,0,0,0,0,0,0,0,0,53,0,0,0,0,0,0,0,0,0,0,0,0,0,0,0,0,0,0,0,0,0,0,0,0,0,0,0,0,0,0,0,0,0,0,0,0,57,0,0,0,0,0,0,0,0,0,0,0,0,0,0,0,27,0,0,0,0,0,0,0,38,0,0,0,0,58,0,0,0,0,0,0,16,0,0,0,40,32,0,0,0,49,0,0,0,93,245,0,0,0,31,0,0,0,0,0,0,0,0,0,58,0,0,0,41,0,0,0,0,40,0,0,0,0,0,97,0,0,0,0,0,0,0,0,0,0,0,0,32,0,0,0,0,0,0,0,0,0,0,0,0,0,0,0,0,0,0,131,0,48,0,0,82,0,0,0,138,0,0,0,30,0,0,79,0,0,0,0,0,0,0,0,0,53,0,0,0,22,0,0,0,0,0,0,0,0,0,0,0,0,143,0,0,0,0,0,0,0,0,0,0,0,0,0,0,0,0,0,0,0,0,0,0,0,67,0,0,0,0,70,0,0,0,0,0,17,0,0,0,0,0,0,0,0,0,0,0,0,0,0,0,0,148,24,0,0,0,0,0,0,0,0,32,0,0,0,0,0,0,0,44,0,0,0,0,0,0,0,0,0,0,0,0,0,0,0,0,0,0,0,0,0,0,0,0,0,0,0,0,0,0,0,0,0,60,0,0,0,0,0,0,135,0,0,58,0,0,0,35,0,0,0,0,0,124,0,0,49,65,0,0,0,87,0,0,0,57,0,0,0,0,0,0,0,0,0,0,77,0,0,0,0,0,0,0,0,0,0,0,0,0,0,0,0,0,0,0,0,39,129,0,0,0,0,0,0,0,0,0,0,0,0,0,0,0,0,0,0,85,0,0,0,90,0,50,224,0,0,0,159,0,0,0,0,0,0,0,0,0,0,0,0,0,33,0,0,0,0,0,0,0,0,0,0,0,0,0,0,0,0,0,0,0,0,0,0,0,0,0,0,0,0,0,0,0,0,0,0,0,0,0,0,0,80,0,0,0,0,0,0,0,0,73,0,0,0,0,36,0,0,33,0,0,0,0,0,0,0,0,0,0,0,0,0,0,0,62,0,0,0,0,0,0,0,0,0,46,0,15,0,0,0,0,0,45,0,197,0,0,0,0,0,0,0,0,16,0,0,0,0,0,0,0,0,0,0,0,0,40,0,0,232,0,45,0,0,0,0,0,0,0,0,0,0,0,0,102,0,0,0,50,0,0,0,0,0,0,0,0,0,0,0,44,0,0,0,0,0,0,0,0,0,0,0,0,0,0,0,0,0,0,0,0,85,0,0,0,32,0,0,0,0,0,0,0,0,36,83,0,0,38,0,0,0,0,0,0,0,42,0,0,0,0,0,60,0,19,0,0,0,0,0,0,89,0,0,0,15,0,0,0,0,0,0,0,0,0,0,90,0,0,0,0,0,38,0,0,0,0,0,27,0,0,0,0,0,0,0,0,0,0,0,0,0,0,37,0,0,0,0,0,0,0,0,0,0,0,0,0,0,0,0,0,0,0,0,0,0,0,0,0,0,0,0,0,0,0,0,0,0,0,37,0,33,45,0,0,0,0,120,0,0,0,7,0,0,23,64,70,0,0,0,0,73,0,0,0,0,0,51,42,0,0,0,0,0,0,38,0,0,0,0,0,0,0,0,0,0,0,0,0,38,0,0,0,0,0,0,0,0,0,0,0,0,0,0,170,0,0,0,0,0,70,0,0,0,0,48,0,0,0,149,0,0,0,57,0,0,0,122,0,0,0,0,167,0,44,0,110,0,0,0,0,0,0,0,0,0,0,0,0,0,0,0,0,0,30,30,0,0,0,45,0,0,288,0,0,0,0,0,48,0,28,0,0,44,0,0,0,0,0,0,0,86,0,0,205,35,0,0,54,53,0,0,0,0,0,0,0,0,23,0,66,0,0,0,0,0,0,67,0,0,47,116,155,39,125,0,0,0,0,0,0,0,0,0,0,0,0,0,0,0,35,0,0,0,0,12,0,67,0,0,13,0,0,0,0,0,28,0,88,0,0,0,0,0,0,0,0,0,0,120,0,39,0,0,0,0,0,0,73,0,0,0,0,0,0,0,0,0,110,170,0,0,0,0,0,0,0,0,0,0,0,0,0,0,50,0,0,30,47,0,0,0,0,0,92,0,0,0,46,43,0,0,39,0,0,0,0,13,0,33,81,0,35,0,38,0,0,0,0,0,0,85,107,0,0,0,0,71,0,0,0,0,0,0,0,0,0,0,0,0,21,0,0,42,0,0,0,0,0,0,0,0,0,0,0,48,0,0,0,39,0,0,0,0,0,0,0,0,0,0,0,0,0,0,0,0,0,0,0,0,0,0,0,0,0,0,0,0,0,0,0,0,44,0,0,0,0,0,0,0,0,0,0,0,0,0,0,0,0,0,0,0,141,0,0,0,0,0,0,0,0,0,0,0,34,0,0,0,0,43,0,0,0,0,0,48,0,84,0,0,0,34,0,0,0,0,0,0,0,0,0,0,0,58,0,0,42,0,0,155,0,49,0,24,0,0,129,0,0,41,7,0,0,42,23,0,0,15,48,0,0,50,0,0,0,0,0,0,0,0,0,0,0,0,0,0,0,0,0,0,0,0,0,53,169,21,74,0,0,0,52,23,0,0,0,0,0,0,0,0,0,64,0,46,0,149,0,32,0,0,55,0,0,0,0,0,0,0,0,0,0,0,0,0,0,118,0,0,0,0,0,0,0,0,34,0,0,0,0,0,0,0,28,0,0,257,0,0,0,25,0,0,0,0,0,168,0,0,0,0,0,0,0,0,0,0,0,0,0,0,0,0,0,39,0,0,0,0,0,0,0,0,0,0,0,0,0,0,0,44,44,0,0,0,0,47,0,0,0,75,57,60,0,0,0,0,0,0,100,0,0,0,0,0,0,96,0,0,45,0,0,0,0,0,0,0,0,0,0,0,0,82,0,0,32,0,0,90,0,0,0,0,0,0,64,0,0,0,0,0,0,0,0,65,0,29,72,0,0,0,49,0,0,54,0,0,0,0,0,53,0,126,0,0,0,0,0,0,0,0,0,0,0,279,0,0,0,38,0,0,86,0,0,0,0,22,0,0,0,59,0,0,0,0,34,0,0,0,0,0,0,0,69,0,0,0,0,0,0,0,0,0,0,0,141,0,0,0,0,0,0,0,50,0,0,0,0,0,64,0,0,0,0,0,78,0,34,0,37,0,0,0,0,0,0,0,28,0,0,63,0,46,0,0,0,0,0,211,0,0,0,0,40,0,0,0,0,0,44,0,0,0,0,109,0,19,0,0,0,0,0,90,0,0,0,51,0,34,52,50,0,0,0,131,0,39,0,0,0,0,0,37,0,0,38,0,0,0,0,0,83,0,0,0,247,0,0,0,0,49,0,0,0,0,49,0,0,0,0,85,0,117,110,0,59,0,0,0,0,0,0,77,0,0,0,0,0,36,0,0,0,85,0,141,0,0,0,0,0,82,44,0,0,0,178,0,196,0,0,0,0,0,90,0,0,61,71,0,0,0,0,0,0,0,0,18,0,32,0,0,0,0,0,0,0,0,481,0,0,0,0,0,0,0,0,65,0,0,57,0,0,0,0,25,0,44,0,0,0,0,0,31,31,0,42,0,0,22,0,0,0,0,0,124,63,0,49,0,39,0,0,0,0,75,0,0,57,0,0,0,0,0,0,0,0,0,0,0,0,38,0,0,56,0,0,0,0,0,0,0,0,0,0,0,0,0,0,0,0,52,0,0,39,35,0,126,0,0,0,0,83,0,0,0,81,0,0,0,0,0,0,0,82,16,0,0,0,0,0,0,0,44,0,0,0,85,0,0,0,0,0,0,0,0,77,61,0,0,28,0,0,110,0,32,55,0,0,0,0,0,0,0,0,0,104,0,0,24,0,0,0,0,34,0,0,0,0,0,0,0,0,88,0,0,0,0,0,63,52,0,0,84,0,0,0,0,0,0,0,0,0,0,0,0,0,52,89,75,0,0,0,28,0,0,0,0,0,0,0,0,0,0,0,0,0,0,0,0,0,0,0,0,75,0,0,0,0,0,0,0,0,0,0,143,113,0,22,0,0,0,0,0,36,0,0,0,0,0,0,0,0,0,0,0,0,94,0,0,0,0,0,42,0,0,0,32,0,0,0,80,0,0,0,0,0,0,0,0,0,0,0,41,0,0,0,345,0,0,0,0,0,0,0,0,32,0,90,0,0,0,0,0,52,32,0,0,0,0,0,0,0,0,93,156,0,0,0,0,0,32,50,0,0,52,0,0,358,0,50,0,33,0,0,0,0,0,0,0,35,0,42,29,63,61,0,0,0,82,139,0,0,35,0,57,6,0,0,45,0,0,0,0,25,0,48,236,36,0,24,0,0,0,0,0,0,0,0,0,140,127,24,0,56,61,37,0,19,0,22,0,0,0,0,0,0,0,102,173,0,0,128,27,33,0,0,0,0,159,0,230,0,0,14,0,71,0,0,67,20,0,0,13,86,0,0,31,0,76,0,0,0,69,30,48,64,0,67,48,0,0,0,65,52,0,0,0,0,84,0,0,0,45,0,0,309,0,62,0,0,0,0,0,41,0,0,0,0,0,0,36,83,0,0,0,0,0,41,0,51,0,0,0,0,0,0,0,0,36,96,76,75,80,77,0,0,0,0,42,0,0,0,0,0,0,30,0,68,0,30,33,0,0,60,111,0,76,0,159,0,0,45,0,0,0,0,0,0,0,0,142,0,0,162,0,0,0,0,71,0,0,0,36,0,58,46,44,0,59,0,99,26,0,66,0,77,102,105,78,0,0,75,58,0,0,0,39,0,0,0,69,27,136,31,0,43,0,0,127,62,52,93,0,73,0,0,0,82,0,183,274,0,21,87,0,0,0,0,0,0,0,0,0,0,39,63,84,0,45,23,0,0,0,0,0,52,48,0,0,0,0,54,945,0,0,222,73,44,0,128,0,60,36,0,134,25,0,0,0,0,0,123,19,0,0,0,0,0,34,0,0,0,206,0,0,0,0,330,0,110,0,46,264,0,0,42,59,120,0,0,282,0,0,0,42,190,0,84,50,0,126,0,0,0,0,0,0,0,116,43,367,100,0,32,0,85,0,0,69,78,43,168,62,66,25,72,0,0,0,0,35,41,0,0,0,147,24,102,0,265,0,0,50,0,0,103,100,0,0,25,0,0,0,0,118,0,0,0,0,108,917,106,0,0,159,0,0,0,0,99,0,40,61,0,0,0,24,51,0,0,36,0,0,30,0,0,92,51,0,0,0,0,0,118,45,0,0,64,0,0,0,0,14,53,0,86,90,90,0,87,0,0,0,0,0,157,0,0,0,104,68,61,39,54,27,99,0,89,0,39,495,22,386,0,51,85,0,43,231,0,0,0,0,61,54,0,0,0,458,0,0,0,0,0,0,203,0,0,0,507,0,41,101,0,69,0,247,0,115,57,31,52,131,0,61,52,64,0,0,96,0,91,41,74,0,52,0,0,0,39,0,84,65,0,53,0,124,101,67,0,63,41,0,84,0,0,0,31,0,42,0,77,221,0,39,0,0,0,0,59,312,44,0,85,0,0,0,0,53,146,0,0,52,79,0,0,0,54,23,0,65,58,0,0,92,0,0,55,83,58,61,53,0,0,0,0,0,131,0,0,22,0,54,92,0,0,0,150,0,68,49,68,0,0,66,0,0,0,245,40,44,0,0,39,0,0,0,0,39,0,0,53,0,0,0,128,0,0,0,38,36,21,0,0,0,26,0,0,85,70,0,0,0,0,87,54,0,0,0,0,208,0,0,0,0,11,0,61,20,0,0,51,13,0,40,146,10,0,103,0,0,17,56,0,0,0,0,90,0,0,0,46,0,0,0,0,0,53,0,0,0,0,32,0,0,0,44,0,74,113,104,590,0,0,36,50,120,36,137,0,0,0,65,0,0,0,0,25,31,0,0,55,49,0,107,68,0,0,0,56,148,0,47,0,41,0,0,16,36,0,45,0,0,166,44,0,249,0,0,30,0,0,37,0,0,0,0,0,0,0,0,88,0,0,0,0,61,0,38,46,66,185,0,0,164,30,109,0,70,0,63,44,0,0,127,0,0,0,0,57,0,85,97,0,21,0,0,93,164,0,0,0,17,0,0,259,0,0,0,24,59,0,0,0,0,0,0,41,0,0,0,0,54,0,0,0,0,17,33,0,0,0,148,0,0,0,0,0,0,0,0,240,0,47,0,68,25,56,0,0,0,40,29,0,0,57,269,0,0,0
394,0,0,0,0,0,0,0,0,0,0,0,0,0,0,0,24,0,0,0,0,0,0,0,0,0,0,0,0,0,0,0,0,0,0,0,0,0,0,70,0,0,0,0,0,0,0,0,0,0,0,0,0,0,0,34,0,0,0,0,0,0,0,49,0,0,0,0,0,0,0,0,0,0,0,59,92,0,0,0,0,0,0,0,0,0,0,0,0,0,71,0,0,0,0,0,0,0,0,0,0,0,0,19,0,0,0,0,0,17,47,0,0,0,0,0,0,0,0,0,85,0,39,0,0,0,0,0,107,0,0,0,31,0,0,0,0,0,0,0,0,0,36,33,0,0,0,0,44,0,0,0,0,0,0,0,0,0,0,151,38,0,0,0,0,39,0,0,0,0,31,0,0,0,0,58,0,0,0,0,0,42,0,0,0,0,0,198,0,0,0,0,0,0,0,0,0,0,0,0,0,0,28,0,97,0,0,0,0,0,0,0,0,0,0,0,0,20,0,0,0,51,0,0,0,0,0,0,75,0,0,0,0,0,0,0,0,0,21,63,0,72,0,0,0,0,91,0,0,0,0,0,0,0,0,0,0,0,0,0,33,0,0,0,0,0,0,39,0,0,0,0,68,66,0,0,0,0,25,108,0,0,0,0,39,0,0,35,672,0,0,0,55,0,0,0,0,0,100,0,0,0,0,0,0,0,0,0,0,0,38,70,0,0,0,0,0,0,44,0,0,0,0,0,0,61,0,0,0,0,72,0,0,0,0,0,0,0,0,0,0,0,0,18,20,0,0,0,37,489,0,0,0,0,94,0,0,0,0,0,0,0,0,0,0,0,48,33,80,0,0,48,0,0,0,0,126,0,0,93,72,0,0,0,0,122,0,0,16,0,0,0,0,0,0,0,115,0,0,102,0,0,0,0,46,56,0,0,48,0,0,0,0,0,0,0,0,0,0,0,0,0,0,0,0,74,0,0,175,0,0,0,0,0,34,0,0,0,0,0,0,0,0,0,43,41,70,46,0,32,0,0,55,0,0,0,0,0,0,0,0,0,101,0,0,0,0,0,0,0,0,0,63,0,0,62,33,0,73,0,0,0,0,75,168,0,0,0,0,0,0,0,0,52,0,0,0,0,0,0,0,101,0,257,0,31,0,0,0,0,0,0,0,0,0,0,63,0,60,18,0,0,0,55,0,0,0,0,0,0,34,0,0,0,0,0,0,0,0,0,58,64,55,0,0,0,68,0,0,151,0,0,0,0,0,0,0,46,0,0,0,102,0,0,0,217,0,0,0,0,189,0,0,0,16,0,0,52,0,0,0,0,41,0,0,0,104,0,0,0,0,125,0,0,0,0,0,155,0,0,0,0,0,54,54,121,0,74,0,0,0,0,26,0,0,0,0,0,0,0,0,0,0,0,0,0,0,0,0,0,84,0,0,32,0,0,0,0,0,0,0,0,0,0,0,67,0,0,0,46,0,0,0,0,0,0,0,0,0,85,0,0,0,0,0,25,0,0,0,50,222,0,50,0,0,0,0,0,0,0,0,0,0,0,0,0,0,0,0,0,0,0,0,0,0,0,0,0,0,0,0,0,0,0,0,0,0,0,108,0,31,40,0,0,0,0,0,27,0,60,30,0,0,105,0,115,0,0,0,0,0,0,0,0,0,0,0,0,123,53,51,0,0,0,0,0,0,0,71,0,0,0,0,0,50,0,0,0,0,0,0,68,0,30,0,0,0,0,0,0,44,0,0,0,0,33,0,0,0,0,113,0,0,0,0,0,0,0,79,50,0,0,0,0,0,0,0,0,0,0,0,0,0,0,0,66,0,40,83,0,42,0,0,31,0,0,0,0,0,0,45,0,62,0,0,0,55,0,0,0,0,0,0,0,0,0,24,0,0,0,0,0,0,0,139,0,0,19,0,0,48,0,0,0,0,0,353,0,50,87,0,0,0,0,0,0,0,0,0,0,0,0,0,0,52,0,0,0,0,0,0,49,33,0,0,0,0,0,0,0,0,0,0,0,0,83,0,0,0,0,0,0,0,0,0,0,0,0,0,0,0,0,0,0,0,53,0,0,0,0,0,35,0,0,0,0,0,0,0,0,0,0,0,0,0,0,0,0,42,0,0,0,0,0,0,0,0,0,0,0,29,0,0,0,0,0,0,0,0,0,0,28,0,0,0,0,0,48,0,0,0,0,0,0,0,0,0,41,0,0,0,0,0,0,0,0,92,0,86,0,220,0,0,0,0,0,0,0,0,0,0,0,47,0,0,31,0,0,109,0,0,0,0,0,0,0,94,0,0,0,0,0,0,0,0,0,57,43,0,0,0,0,0,0,0,0,0,26,185,0,0,0,0,0,0,0,0,0,41,0,0,0,0,0,0,0,0,0,0,0,0,111,0,0,0,24,0,0,0,0,0,0,0,0,0,0,0,0,0,0,0,0,0,0,95,0,0,0,0,0,0,64,0,0,0,0,0,0,0,0,0,0,0,0,0,0,0,0,0,0,0,0,0,0,0,0,104,0,0,87,0,0,56,0,0,0,0,0,0,33,0,0,0,134,0,0,0,0,0,0,0,0,0,0,0,0,0,0,0,0,0,0,0,0,0,0,0,0,0,0,0,0,0,21,0,0,0,0,0,0,0,0,0,0,44,0,41,59,0,0,0,0,0,0,0,0,50,0,0,0,0,56,0,0,47,0,0,0,0,0,0,0,16,0,29,0,0,0,0,0,117,0,0,0,0,0,0,0,0,0,0,0,0,0,0,0,0,0,0,57,0,0,0,63,0,0,0,0,0,0,0,48,0,0,0,0,0,0,0,0,0,0,0,0,0,0,0,0,0,0,0,0,0,0,0,0,0,11,0,0,0,0,0,0,0,0,66,0,0,0,0,52,0,0,0,28,0,0,0,0,0,13,0,0,0,0,0,0,0,31,0,0,0,0,0,21,0,0,0,0,0,0,0,0,0,0,0,0,0,0,0,0,0,31,0,0,0,0,0,0,0,0,0,44,0,0,0,65,0,0,0,0,0,0,0,112,0,0,0,0,0,0,0,0,0,0,0,0,18,0,0,0,0,0,0,0,0,0,72,0,37,0,0,0,0,0,0,0,0,0,0,0,0,0,0,0,0,0,0,0,0,0,0,0,0,0,0,0,0,0,0,47,0,0,0,0,31,37,0,37,0,0,57,0,0,0,0,0,0,0,0,0,0,0,57,0,0,0,0,157,0,0,0,0,0,0,0,0,0,0,0,0,95,0,0,0,0,0,0,0,0,0,0,0,34,0,0,44,0,0,0,0,0,0,0,0,21,0,0,0,0,0,0,0,0,0,0,0,0,67,0,0,0,67,31,0,0,0,0,0,0,0,0,0,0,115,0,0,0,43,0,23,0,0,0,27,0,0,0,86,64,0,0,42,0,116,0,50,0,0,0,116,0,0,0,49,0,0,87,42,0,0,0,0,0,64,0,29,0,0,0,18,0,72,134,0,0,0,0,27,0,0,0,107,0,0,0,0,0,99,0,0,0,51,0,27,0,0,0,0,133,0,0,0,0,0,0,72,0,0,0,0,0,126,0,0,206,0,47,0,0,0,0,0,35,0,0,0,0,0,0,0,0,0,0,0,0,63,0,0,0,0,0,0,0,0,0,0,0,0,0,0,199,0,0,0,0,0,0,0,0,0,70,0,0,0,0,0,0,75,0,0,0,0,0,0,40,0,0,0,0,90,0,0,0,0,79,0,0,0,0,0,119,0,0,0,0,194,0,0,0,0,0,0,18,61,0,0,0,64,0,0,0,0,0,0,37,29,0,46,19,90,0,0,0,0,0,0,0,0,33,0,0,0,64,89,0,0,194,0,0,0,0,0,0,0,118,0,0,0,0,0,0,44,67,70,60,0,0,0,0,0,0,0,0,0,0,0,0,0,0,0,0,0,0,70,0,86,0,37,0,0,147,44,0,0,0,0,138,64,30,0,0,0,94,0,59,0,0,0,35,29,0,0,0,0,0,0,0,0,61,0,0,0,0,0,0,0,42,0,0,0,8,55,0,0,0,0,0,100,73,0,0,0,0,0,0,0,0,0,0,0,0,0,0,37,0,0,0,0,0,0,0,0,0,38,0,34,123,0,0,42,62,0,0,0,0,0,112,0,0,0,0,0,0,0,0,0,0,0,0,0,0,0,22,21,0,0,0,47,0,0,0,0,0,0,0,48,0,0,0,0,0,0,0,0,0,174,0,135,0,0,0,0,44,38,0,0,195,0,0,0,0,0,48,64,0,0,0,0,47,0,0,0,0,66,0,0,0,0,0,0,0,0,0,0,0,0,40,0,0,0,0,0,0,114,0,0,0,0,0,0,0,0,0,0,46,57,98,0,0,0,0,0,0,40,29,79,0,0,109,0,0,0,179,81,0,0,0,0,51,32,35,0,0,119,0,0,0,0,74,0,101,0,0,0,0,0,0,72,57,0,71,0,0,0,0,0,0,0,0,0,0,0,37,0,0,67,0,0,0,0,0,0,0,0,0,0,57,0,0,0,118,0,0,0,0,102,137,0,69,0,0,0,0,25,0,0,80,0,0,0,0,0,0,0,0,0,31,66,0,0,0,0,78,0,0,0,0,0,0,0,0,140,0,0,0,0,0,0,0,45,0,0,0,199,0,0,0,169,0,0,0,0,0,0,73,0,0,0,101,0,0,0,0,0,0,0,0,0,0,37,0,0,0,0,0,113,0,0,0,31,0,0,35,0,69,126,0,0,0,0,0,0,0,0,0,0,0,0,0,0,0,32,71,0,34,121,0,0,0,0,0,45,0,0,0,67,52,0,0,0,0,0,0,0,0,0,0,0,39,396,0,0,0,0,0,0,93,0,0,85,52,172,30,29,0,0,202,0,61,0,0,0,0,32,0,0,0,0,0,151,0,0,36,0,0,0,0,0,41,40,44,123,0,0,43,0,41,0,0,61,0,0,0,0,51,0,113,0,0,0,0,0,82,57,0,81,0,0,0,88,0,0,0,66,0,0,32,0,0,37,52,0,0,54,0,0,896,0,0,0,0,0,0,0,0,0,0,0,0,0,0,0,38,0,0,0,0,366,0,0,62,0,0,0,0,0,0,0,0,0,63,97,68,33,0,0,0,0,0,0,0,0,0,0,0,0,0,0,0,0,35,264,0,0,26,0,0,0,41,189,0,0,0,0,0,0,0,0,0,0,41,0,0,127,77,0,26,0,0,45,0,0,0,0,0,0,236,25,0,0,0,0,27,0,40,0,38,132,55,0,0,0,79,40,0,0,40,0,0,0,52,43,40,1241,0,0,0,48,0,0,0,0,169,0,0,0,0,0,0,0,97,108,33,0,45,0,0,0,0,0,0,0,0,0,0,46,0,35,0,190,137,0,0,0,0,0,0,0,0,0,0,0,0,293,0,0,340,0,25,0,0,0,95,0,0,63,0,0,0,0,0,0,86,0,83,62,0,0,0,0,0,0,0,146,36,0,0,0,144,0,0,86,0,111,0,0,0,0,0,0,0,127,0,0,0,0,90,35,107,0,0,116,0,0,0,0,0,0,0,0,0,125,28,0,0,0,38,48,0,0,0,25,96,0,50,0,0,0,0,0,0,0,0,0,0,0,34,35,35,0,31,0,0,0,0,0,0,129,0,0,0,0,0,0,0,53,0,0,0,0,47,349,30,0,0,59,0,0,0,28,51,0,0,0,0,0,0,44,110,0,0,0,0,0,0,0,0,0,0,0,0,0,0,0,17,54,0,0,51,0,0,0,0,40,0,32,53,0,55,0,0,0,0,0,0,0,330,0,0,0,109,0,54,0,0,0,0,0,33,0,0,140,44,0,0,0,52,47,54,0,0,0,0,0,95,27,0,0,0,225,0,38,0,0,0,0,116,0,0,0,206,0,0,128,0,0,0,0,0,46,0,0,0,0,0,69,0,0,0,0,140,0,0,29,41,0,0,0,0,0,0,0,32,51,0,0,0,0,0,0,0,0,0,0,45,0,0,0,0,56,0,0,91,44,0,40,0,0,0,0,55,76,0,33,41,0,0,0,0,0,109,0,0,74,83,0,0,22,48,40,0,0,0,0,0,210,0,0,0,89,87,41,0,0,0,0,0,0,0,0,0,0,0,73,69,0,0,0,135,0,68,99,79,29,0,31,80,0,0,94,0,0,8,23,29,0,0,0,0,83,0,147,0,0,108,0,168,0,36,0,25,0,0,0,0,0,0,0,0,73,0,0,41,0,0,0,0,0,0,0,0,55,0,24,0,0,0,0,66,52,56,0,46,27,0,83,0,0,46,0,0,0,0,46,31,0,0,0,140,0,0,0,89,0,22,0,0,0,37,0,0,0,0,0,0,40,0,0,0,25,147,0,311,0,42,0,97,44,0,112,0,56,0,65,0,0,70,0,39,0,49,0,0,59,0,78,89,0,37,49,60,48,0,47,0,0,0,0,0,0,0,0,112,0,233,61,0,228,0,0,0,0,0,52,0,164,0,0,0,83,0,0,0,0,0,0,0,0,0,0,38,35,79,53,0,124,51,43,0,0,0,33,40,0,0,171,0,85,0,0,64,0,58,130,0,0,38,0,55,180,0,0,0,0,0,0,296,29,0,0,0,30,0,0,0,0,0,0,44,39,52,0,0,0,0,0,181,0,0,0,0,36,0,186,0,0,0,0,0,0,0,50,164,0,47,0,0,0,75,0,0,0,0,0,0,0,0,158,42,24,0
395,0,0,0,0,0,0,0,0,0,0,0,0,0,0,0,0,0,0,0,0,47,0,0,0,22,0,0,0,0,0,0,0,0,0,0,0,0,0,0,0,0,0,0,0,0,0,0,34,0,0,0,35,0,0,0,0,0,0,0,0,0,0,0,0,0,0,0,0,0,41,0,0,0,0,0,0,0,0,0,0,0,0,0,0,0,0,0,0,0,0,0,0,0,0,0,0,0,0,0,0,0,0,0,0,0,0,0,0,0,0,0,0,0,0,0,0,0,0,0,0,0,0,0,0,0,0,0,0,0,0,0,0,0,0,0,0,0,0,0,0,0,0,0,0,0,0,0,0,0,0,0,0,0,0,0,0,0,0,0,0,0,0,0,0,0,0,0,0,0,0,0,0,0,0,0,0,0,0,0,0,0,0,0,0,0,0,0,0,0,0,0,25,0,0,0,0,0,0,0,0,0,0,0,0,0,0,0,0,0,0,0,0,0,0,0,0,0,0,0,0,0,0,0,0,0,0,0,55,0,0,0,0,0,0,0,0,0,83,0,0,0,0,0,0,0,0,0,0,0,0,0,0,0,0,0,0,0,0,0,68,0,0,0,0,0,0,0,0,0,0,0,0,0,0,0,0,0,0,40,0,0,0,0,0,0,0,0,0,0,0,0,0,0,0,0,0,0,0,0,0,0,39,0,0,67,60,0,0,0,0,0,0,0,0,0,0,0,0,0,0,0,0,0,0,0,0,0,0,0,0,0,0,0,0,0,0,0,0,0,0,0,0,0,0,0,0,0,0,51,0,0,0,0,82,0,0,0,0,58,0,0,0,0,0,0,55,28,0,0,0,14,0,0,0,71,0,0,0,22,0,0,0,0,0,166,0,0,0,0,0,0,0,0,0,0,107,0,0,0,0,0,0,0,0,0,0,0,0,0,0,0,0,0,0,0,36,0,0,0,0,0,0,0,0,0,0,0,0,0,0,0,0,0,0,0,0,0,0,0,0,0,0,0,0,0,34,0,0,0,0,0,28,0,0,0,0,0,0,0,0,0,0,51,0,0,0,0,0,0,0,0,0,0,0,0,36,0,0,0,0,0,0,0,0,0,0,0,0,41,0,0,0,0,0,0,0,0,0,0,0,0,0,114,0,0,0,0,0,0,0,0,0,0,0,0,15,0,0,0,0,0,40,0,0,0,0,0,39,0,0,0,0,0,0,0,0,0,0,0,0,0,0,0,0,0,0,0,0,0,0,0,0,0,0,0,0,0,0,0,26,177,0,0,0,45,0,0,0,0,0,0,0,0,0,0,0,0,0,0,0,0,0,0,0,0,47,0,0,0,0,0,0,0,0,0,0,0,0,0,0,0,0,0,0,0,0,0,0,0,0,0,29,84,0,0,0,0,0,0,0,0,0,0,0,0,0,0,0,0,0,0,0,0,0,0,0,0,0,0,0,0,0,0,0,56,0,0,0,32,68,0,0,0,0,0,0,0,0,0,0,0,0,0,0,0,0,0,0,0,69,0,0,0,0,0,0,0,34,0,0,0,0,0,37,0,0,0,0,0,0,0,0,0,0,0,0,0,0,0,0,0,0,0,0,0,0,0,0,0,0,51,57,0,0,0,0,0,50,0,57,0,0,132,0,31,0,0,0,0,0,0,0,0,29,0,0,0,56,0,0,0,144,0,0,0,0,0,0,0,0,0,0,0,0,0,0,0,0,0,0,40,0,0,0,0,0,0,0,0,0,0,0,0,0,41,0,0,0,0,0,0,20,0,0,0,0,0,0,119,0,0,0,0,0,0,0,0,0,0,0,0,0,0,49,0,0,0,0,0,0,0,0,64,0,135,0,0,0,30,0,0,0,0,0,0,0,0,0,0,43,0,0,0,0,0,0,0,0,0,0,0,44,0,55,0,0,0,0,0,0,0,0,0,0,0,106,0,0,0,0,0,0,34,0,0,0,0,0,0,0,0,0,0,0,0,0,0,0,0,0,0,36,0,0,0,0,0,0,0,0,0,0,0,0,0,76,0,0,0,0,77,0,0,0,0,0,39,57,0,0,0,0,0,0,112,0,31,0,0,0,0,0,0,0,0,0,0,0,0,0,0,0,0,0,0,0,0,0,0,0,0,0,0,0,0,0,12,0,0,0,0,0,0,0,0,0,0,0,0,0,0,0,0,0,0,0,0,0,0,0,0,0,0,0,0,0,107,0,0,0,0,0,0,0,0,109,0,76,0,219,0,0,0,0,0,0,0,0,0,0,0,52,0,0,25,0,35,0,0,0,0,0,0,0,0,34,0,0,0,0,0,0,0,0,0,101,0,0,0,0,0,0,0,0,0,0,0,0,0,0,0,0,0,0,0,0,0,0,0,0,0,0,19,0,0,0,0,0,0,0,0,0,0,0,45,52,0,0,0,0,0,0,36,0,0,0,0,0,0,0,0,0,0,129,0,0,0,20,0,0,0,0,0,0,0,0,0,0,0,0,0,0,0,0,0,0,0,0,0,0,35,0,63,0,0,202,0,0,34,0,0,0,0,0,0,0,0,0,0,0,0,0,142,0,0,0,0,42,0,0,0,0,0,0,0,0,82,0,0,0,21,41,0,55,0,0,0,0,0,0,27,0,112,0,0,59,0,123,0,0,0,0,0,55,0,0,24,0,0,0,0,0,0,0,0,99,22,0,0,0,0,0,0,0,0,0,0,0,0,0,0,0,0,0,0,0,0,0,0,42,0,0,0,85,0,0,30,0,0,0,0,0,0,0,0,0,0,0,0,0,0,0,0,30,0,23,0,0,0,0,0,0,24,22,0,0,0,0,0,0,0,0,0,0,0,0,0,0,0,0,0,0,0,23,0,0,0,0,0,78,69,0,0,0,0,0,0,0,0,0,0,0,0,29,0,0,0,0,0,0,0,0,0,0,0,41,0,0,0,0,38,0,0,0,0,0,0,0,52,0,0,45,0,0,0,0,0,51,0,0,0,0,589,0,0,0,0,0,0,75,0,0,0,0,52,0,0,47,0,0,0,0,0,0,46,0,0,0,0,0,0,0,0,0,0,0,0,0,0,0,0,0,66,0,0,0,322,0,0,122,0,0,44,34,0,20,0,0,0,0,0,0,0,0,78,0,0,0,0,0,56,88,0,76,0,0,0,0,0,99,0,0,0,57,0,0,52,0,0,0,0,40,0,0,0,0,0,0,0,0,0,0,0,24,0,0,0,0,53,54,0,0,0,0,0,95,0,0,0,0,0,0,0,0,0,86,0,0,89,0,0,0,0,0,0,0,0,0,69,56,0,0,0,0,0,0,0,0,0,0,0,0,0,0,0,0,0,0,0,0,0,0,60,0,0,0,0,0,0,0,0,0,0,0,97,0,0,0,0,0,0,0,0,0,0,0,0,0,148,23,0,0,0,0,42,0,0,76,0,0,72,0,0,0,0,0,0,59,0,0,0,0,0,0,40,0,53,0,109,50,0,0,57,50,0,0,56,19,38,0,0,0,55,0,51,0,0,0,0,0,0,0,39,33,0,43,223,0,0,45,0,0,0,36,0,0,0,0,0,17,0,0,48,0,0,86,0,0,0,0,0,73,0,0,0,0,0,65,0,0,0,0,0,0,0,0,98,0,21,0,0,0,0,15,0,0,0,0,0,0,15,122,24,0,0,0,0,0,0,0,45,0,0,0,0,63,0,0,0,25,0,51,55,0,0,80,0,0,0,0,99,0,0,0,0,104,0,0,0,0,0,252,0,0,0,0,111,54,0,0,40,0,0,0,86,0,0,0,148,0,107,76,0,0,0,0,0,0,0,0,0,0,46,0,0,48,0,0,0,27,0,0,0,0,120,0,0,131,0,0,0,0,0,0,0,37,28,0,0,0,0,0,30,0,73,193,0,0,63,0,0,0,0,0,67,0,0,0,0,0,0,0,0,0,222,0,0,0,0,0,0,31,71,39,63,0,0,50,0,96,0,0,0,54,0,122,0,21,0,44,0,0,0,0,0,0,0,0,0,135,48,0,0,0,0,0,0,0,0,98,0,0,0,0,0,0,0,0,74,0,0,0,0,0,0,0,29,0,112,38,0,0,0,0,0,0,0,0,0,0,0,0,0,0,36,28,51,66,0,0,0,0,0,0,0,0,55,0,0,0,0,0,0,0,0,0,0,0,0,0,0,0,0,0,166,0,0,32,0,0,0,0,0,0,0,21,66,0,0,0,0,0,38,0,0,79,37,0,0,0,0,0,0,23,0,0,0,0,0,0,0,0,0,0,0,170,0,0,0,125,0,0,0,0,0,0,0,0,44,0,0,21,0,0,0,0,0,49,108,0,0,0,0,0,92,0,0,157,0,0,0,0,0,0,0,0,41,50,0,0,0,0,0,0,0,0,48,0,0,0,53,0,26,123,42,0,0,0,0,37,209,0,0,0,0,0,0,40,0,136,0,0,0,0,0,0,0,0,227,30,100,305,0,0,81,0,0,0,0,0,0,43,0,0,0,0,0,0,0,0,0,30,0,0,0,0,0,0,0,0,0,296,0,0,0,0,88,70,0,0,0,0,0,0,0,0,0,37,0,33,57,31,0,0,0,0,0,0,0,0,0,0,0,42,0,0,0,17,0,0,0,0,0,0,0,0,0,0,0,105,49,0,0,44,41,61,0,0,71,0,0,0,0,0,0,116,0,0,0,234,0,0,0,0,0,0,0,0,0,0,33,0,72,0,0,88,0,0,38,0,0,0,0,42,135,0,70,76,0,109,0,93,0,0,98,0,0,0,0,0,0,0,38,0,38,0,68,0,0,0,89,0,0,0,0,0,0,41,0,0,0,0,0,0,0,0,0,0,178,122,0,0,0,0,0,0,0,0,0,0,47,111,89,46,132,59,38,0,0,0,0,0,0,0,0,0,0,0,0,225,251,0,0,86,0,0,0,0,52,0,32,0,73,0,0,51,0,60,143,0,39,53,39,0,0,0,0,0,0,0,0,0,0,0,63,28,222,0,0,40,0,0,0,0,0,18,0,0,0,0,58,31,0,0,0,0,0,459,0,107,0,0,0,0,0,0,0,0,0,0,0,0,0,0,0,0,0,0,148,33,23,151,0,0,0,0,0,0,0,0,0,64,0,0,29,44,0,0,0,0,0,0,0,0,0,0,0,28,0,57,0,0,54,0,0,38,74,0,31,0,0,0,34,46,0,36,0,0,0,18,0,0,53,0,27,48,0,0,0,0,83,0,0,23,0,235,43,35,0,0,0,0,32,0,0,78,0,0,94,71,149,0,0,33,0,0,0,0,71,0,0,11,38,0,385,18,0,0,0,0,65,48,41,149,0,0,0,0,0,60,22,114,53,0,0,166,0,0,48,0,0,53,0,0,0,0,0,0,65,0,109,79,0,0,0,0,0,0,22,0,0,24,0,0,291,0,0,294,0,29,0,42,0,138,32,0,109,0,0,0,52,0,0,0,0,204,0,0,0,0,46,0,0,0,176,69,0,0,0,0,0,25,0,0,71,0,0,0,37,30,0,0,119,0,0,0,0,219,90,152,49,0,89,0,0,0,0,0,0,0,34,0,190,27,16,0,0,63,63,0,64,0,20,71,15,76,0,0,0,37,0,0,0,0,0,0,0,0,36,43,0,114,0,0,0,0,0,39,0,0,42,0,40,24,0,0,72,0,53,0,0,125,506,0,0,12,76,14,0,0,0,82,0,0,0,0,0,0,0,75,19,0,0,0,0,0,0,0,53,0,0,0,0,0,0,0,42,0,0,0,0,0,0,0,29,0,0,126,74,0,0,36,0,0,36,0,0,178,0,0,0,124,0,0,0,0,0,85,0,0,0,0,277,49,120,0,0,39,70,47,86,0,0,0,0,73,27,35,0,0,325,0,36,0,0,0,0,100,0,0,0,169,0,0,0,0,0,47,65,0,88,0,0,0,246,0,120,0,0,0,0,110,0,0,0,54,36,0,0,0,0,0,0,0,46,0,0,0,0,44,50,0,61,0,0,0,0,0,0,0,0,49,0,45,0,0,61,0,0,0,0,56,73,0,44,83,0,0,0,32,75,107,0,0,0,33,0,0,0,136,0,0,43,0,0,0,116,0,0,48,80,77,90,0,0,0,0,0,0,51,0,0,0,0,0,57,0,0,0,215,0,49,42,30,0,0,0,0,0,0,333,0,170,39,39,0,0,54,0,0,0,53,85,0,0,67,0,77,0,0,0,82,0,0,0,0,0,0,0,0,66,88,0,32,0,0,56,28,0,0,0,0,367,0,25,0,0,13,0,27,0,0,44,54,45,59,73,0,0,0,114,0,75,0,58,0,0,0,24,64,0,51,0,0,0,0,0,0,0,91,0,0,0,0,40,0,61,0,0,0,0,93,319,158,0,57,70,65,28,0,64,0,44,42,36,0,0,0,34,0,0,0,0,32,69,0,102,0,0,0,0,65,250,0,0,0,66,0,0,0,0,0,0,88,0,128,63,0,239,0,0,79,30,0,0,24,126,0,0,0,72,0,0,0,0,0,61,0,63,0,0,0,72,362,0,0,201,0,143,30,0,0,66,84,0,0,73,0,11,0,0,144,0,98,62,0,0,0,0,57,83,0,0,0,0,0,0,317,18,0,0,0,0,19,0,0,0,0,0,36,0,0,0,0,62,0,0,230,0,0,0,0,54,0,341,0,0,0,0,0,0,0,96,235,0,30,46,0,0,122,0,0,0,52,54,0,0,0,160,0,0,0
396,0,36,0,42,0,82,93,0,134,0,382,52,0,0,248,383,243,50,61,0,532,88,67,133,246,0,55,78,41,37,26,81,0,77,173,191,0,153,368,272,61,69,0,470,0,101,115,540,0,182,108,192,90,44,380,0,18,0,49,0,189,230,441,0,127,205,61,0,0,277,0,69,49,0,594,176,45,403,0,192,0,86,211,319,75,92,23,110,50,486,77,67,198,98,53,82,0,90,88,7,0,71,127,28,0,0,75,125,117,346,94,87,233,278,143,0,319,0,0,220,78,433,69,35,81,62,60,147,33,404,0,478,53,48,191,343,128,129,123,200,131,196,510,0,34,90,62,105,134,0,39,99,59,201,116,20,151,68,155,252,116,0,200,73,131,0,55,293,236,306,337,69,113,0,0,66,86,257,139,62,424,0,42,40,38,68,619,431,0,23,0,57,113,327,0,116,56,46,245,78,158,209,39,615,44,77,25,70,231,182,190,40,115,0,276,80,167,31,32,190,429,60,15,428,33,0,137,492,22,200,26,43,74,39,0,61,133,274,0,24,139,101,98,121,0,117,0,67,0,108,95,412,102,249,54,87,25,0,32,252,203,189,53,106,0,0,735,246,569,73,0,419,512,111,184,134,23,375,232,69,0,165,220,142,83,65,445,4035,79,79,52,518,0,46,100,0,75,68,136,77,49,96,49,0,312,398,205,38,224,152,658,218,0,39,109,123,374,227,38,132,84,45,143,317,256,0,195,36,28,529,0,68,216,108,98,0,0,52,59,0,128,0,187,178,40,0,0,210,2202,164,0,42,388,534,37,115,162,282,298,75,158,220,27,281,227,570,229,101,65,238,131,85,56,137,139,142,0,0,552,57,69,0,62,114,757,90,109,115,0,61,54,436,53,126,50,700,0,94,160,0,69,115,0,47,226,100,0,165,0,196,0,61,86,0,0,70,204,444,346,36,89,208,52,149,258,154,57,241,80,0,50,164,64,287,0,75,83,0,230,22,25,420,210,149,151,628,166,42,86,45,0,339,39,173,0,73,124,0,41,92,80,333,278,59,51,0,128,82,87,50,113,532,132,73,92,238,339,416,148,157,49,412,467,161,0,0,60,234,387,172,111,63,292,64,136,331,140,227,51,0,379,36,1419,104,128,136,198,92,35,97,0,41,95,0,0,91,105,76,181,0,161,125,811,113,28,34,75,425,0,116,0,0,0,135,170,48,0,0,242,0,449,476,108,0,29,270,44,120,618,164,320,43,79,55,52,0,108,97,61,323,320,0,55,110,400,98,37,26,80,198,149,69,0,92,0,0,202,53,0,0,164,259,0,626,56,581,96,160,70,76,1077,0,271,0,21,27,202,0,110,27,73,79,187,133,270,52,292,76,80,21,0,267,384,224,32,109,165,0,149,0,58,0,0,122,48,63,0,0,239,293,64,57,79,66,47,63,81,0,0,35,0,324,0,0,341,0,81,37,312,436,53,36,64,637,0,48,0,155,188,158,73,102,0,0,137,50,154,71,145,132,0,180,32,243,81,66,110,154,58,49,0,42,30,96,54,185,67,161,0,284,0,62,0,65,85,121,0,594,0,0,152,22,144,146,83,0,0,353,149,32,136,372,0,0,18,25,137,323,36,105,145,126,543,416,655,210,154,0,0,63,127,0,21,168,0,0,53,313,129,288,42,1289,221,0,200,0,0,61,0,0,50,75,0,341,28,0,0,0,0,70,109,75,67,0,142,0,0,29,262,292,209,80,44,0,274,69,48,27,83,380,85,156,35,0,0,279,146,109,531,0,0,96,55,0,65,0,101,40,73,81,120,87,78,122,124,175,99,59,0,130,45,228,203,41,443,55,0,58,128,215,0,417,75,29,77,167,102,0,227,273,0,0,65,0,0,144,68,44,0,0,75,566,33,146,141,0,154,89,41,197,40,130,0,27,0,319,242,123,570,52,83,0,381,50,171,76,0,69,0,34,66,43,93,254,213,49,34,0,97,40,33,102,62,60,84,0,182,0,0,69,183,53,91,257,281,560,68,56,40,0,290,0,147,0,81,0,490,561,379,235,73,172,0,91,278,276,244,210,0,182,271,138,83,41,129,204,63,52,62,154,0,0,49,82,0,110,236,99,0,74,115,22,234,0,379,55,76,100,62,194,0,42,384,125,0,92,61,375,0,101,178,76,84,405,47,30,73,61,745,81,0,0,183,152,33,0,457,56,0,81,376,27,0,123,314,571,104,1417,0,1907,271,90,154,74,0,72,0,0,75,90,47,161,37,0,325,70,260,101,364,52,125,0,132,0,391,544,215,178,139,30,52,110,75,55,0,400,124,81,0,0,194,0,56,140,172,0,0,411,109,376,54,149,45,141,96,104,323,152,0,123,0,186,139,713,0,168,126,264,254,0,651,52,100,151,335,1466,355,208,51,320,150,98,293,0,0,92,104,0,109,0,124,0,81,579,35,45,70,101,102,98,369,121,141,180,119,81,53,0,66,101,0,50,0,0,115,174,69,0,205,118,376,39,631,32,80,759,72,0,582,114,212,88,56,143,0,0,121,133,155,0,30,128,633,37,39,0,64,152,34,95,29,0,0,42,0,92,466,110,111,74,172,276,203,242,0,113,130,225,41,46,0,279,349,337,0,163,0,255,73,138,0,85,176,329,0,93,440,184,21,129,0,0,32,110,336,578,100,60,336,80,553,350,0,186,99,0,116,42,49,0,89,123,31,226,0,0,123,0,0,407,29,90,128,108,42,175,156,0,163,97,44,19,37,0,35,79,0,0,399,0,0,107,214,74,29,99,0,0,130,62,53,0,69,159,0,77,0,58,0,0,0,62,50,98,0,168,0,0,48,0,44,80,48,107,0,0,0,41,247,142,143,0,0,0,0,234,61,49,0,238,86,63,0,204,0,0,46,110,0,59,98,84,140,0,0,58,89,0,93,23,267,84,0,0,165,148,53,378,74,72,0,130,36,41,38,47,355,241,0,384,54,0,1406,41,250,0,98,67,0,440,0,61,120,39,89,0,0,135,0,0,36,162,19,49,329,0,0,0,101,0,169,35,250,88,69,44,42,47,86,0,53,61,114,0,0,0,1398,588,0,449,0,40,100,326,0,54,87,0,328,0,0,73,0,0,435,60,180,87,737,0,661,102,0,271,0,0,41,0,0,238,97,0,40,123,286,66,107,40,393,0,82,236,0,65,103,87,0,169,60,29,95,124,145,302,0,98,163,0,654,261,106,147,286,90,63,145,0,0,52,0,0,178,0,0,58,268,28,97,166,119,50,0,134,92,121,252,45,0,151,211,0,0,104,0,63,0,37,50,133,0,155,170,0,354,93,69,0,31,223,36,33,0,461,197,169,85,0,42,0,0,69,0,0,123,477,51,0,43,158,73,101,93,40,0,134,38,0,65,671,168,0,50,63,94,288,34,123,181,89,0,257,0,46,0,102,123,24,252,73,46,0,100,0,57,173,42,143,0,245,214,86,0,284,429,78,36,333,163,156,0,62,48,264,0,402,0,81,157,99,0,66,73,412,148,42,173,1321,0,0,44,103,77,128,189,266,48,79,115,67,151,26,24,315,0,42,938,0,210,110,43,78,170,0,55,0,164,0,480,73,116,0,0,58,153,0,46,334,459,98,0,91,119,100,76,0,295,154,83,70,0,79,462,43,129,96,57,53,154,54,179,402,185,132,118,53,231,43,0,0,149,85,175,312,58,317,418,135,87,73,154,701,0,0,114,138,310,58,152,0,0,0,1232,0,59,78,0,448,177,139,42,272,38,253,50,504,0,0,0,549,118,662,175,172,68,51,180,254,72,221,26,84,0,112,36,185,330,30,39,34,108,41,104,27,85,218,0,0,868,74,0,0,106,237,43,144,32,158,59,46,37,22,55,268,180,246,1127,118,166,189,0,40,108,51,127,489,0,0,58,0,52,284,38,34,87,466,45,282,46,0,0,71,468,378,285,345,103,52,385,0,849,0,69,34,181,39,225,121,172,133,196,59,0,86,0,58,0,160,37,90,632,124,78,0,0,0,42,51,278,0,1098,0,145,102,0,0,112,107,0,452,121,0,106,67,50,174,162,140,0,141,78,58,69,0,48,147,46,0,108,21,0,444,30,88,72,115,127,476,376,0,349,120,138,0,51,47,103,221,168,78,244,0,0,49,41,0,0,0,90,42,0,115,75,234,120,302,149,0,92,80,0,0,28,75,0,42,83,585,66,68,66,41,58,462,83,59,111,289,0,583,219,24,78,73,281,179,110,0,384,38,117,47,50,0,122,118,298,79,45,30,239,73,104,104,223,185,0,0,89,182,34,0,59,70,0,0,100,39,131,416,67,119,82,0,0,528,33,0,703,135,48,0,0,44,0,0,403,222,362,0,177,48,114,0,54,260,103,283,82,112,125,100,130,96,790,198,166,0,82,58,286,414,143,91,164,366,0,0,247,108,326,54,125,219,88,51,0,31,69,456,252,239,399,87,0,91,0,29,0,138,0,0,188,0,263,0,40,148,71,0,0,0,0,232,43,67,200,107,262,206,0,37,532,56,0,0,38,152,994,0,136,30,92,0,0,96,40,172,369,90,185,130,222,0,60,0,50,120,62,596,0,0,12,130,263,54,148,0,31,249,0,325,0,377,0,72,0,35,0,41,142,117,0,0,93,552,86,110,0,1020,0,44,0,0,0,0,486,46,114,91,774,0,0,60,40,41,273,58,87,36,43,209,77,191,86,0,104,216,0,92,0,0,43,105,113,73,94,286,77,0,444,105,56,59,104,58,84,0,0,0,66,0,0,112,78,33,275,197,0,30,0,184,273,69,0,0,0,148,157,106,76,218,0,27,0,0,48,123,98,514,93,577,201,0,0,40,0,58,75,45,47,148,199,385,55,156,62,108,175,0,167,0,0,66,67,98,0,38,51,0,210,554,0,79,180,31,87,0,0,60,43,273,104,529,0,31,73,45,297,171,0,129,66,0,49,84,186,56,191,116,0,134,65,0,128,203,103,237,219,39,63,157,73,87,0,102,188,0,129,52,0,335,219,27,60,113,0,0,830,0,162,101,46,90,0,78,166,0,0,0,0,64,58,68,289,0,146,0,40,437,61,72,254,46,73,0,90,109,0,89,32,99,243,116,381,169,93,0,0,0,128,151,0,65,34,0,130,95,99,0,141,87,77,330,37,0,107,136,0,180,62,142,24,46,60,42,0,0,0,0,68,31,122,255,0,229,442,23,0,0,34,75,0,93,155,162,285,40,236,60,137,300,0,140,195,31,167,98,340,147,101,106,0,0,94,88,47,29,0,98,36,28,53,100,44,1039,68,0,71,92,53,138,171,91,342,33,172,0,54,0,131,0,312,523,98,74,232,0,0,74,29,60,80,0,0,27,166,0,117,160,0,384,127,0,0,0,57,0,145,47,0,0,54,0,0,1680,26,0,580,70,0,0,314,0,174,100,24,277,100,0,38,0,0,0,152,53,186,95,117,67,37,46,36,28,0,717,86,0,0,0,291,0,36,92,315,78,0,0,45,90,158,44,0,308,0,0,70,0,365,129,238,94,33,164,0,48,77,0,46,0,40,122,0,410,243,39,25,0,213,83,61,72,63,38,108,243,83,0,72,26,75,102,44,118,61,61,0,0,55,117,129,0,594,0,0,169,23,0,112,210,0,43,48,122,69,0,0,145,80,0,0,0,67,1371,62,0,0,233,0,36,0,65,173,69,70,190,0,84,39,68,42,40,0,0,28,0,27,27,90,121,0,34,59,0,55,40,0,83,51,50,105,0,0,197,42,87,37,57,238,108,120,0,70,46,0,52,32,71,447,49,0,0,153,118,122,113,0,96,151,38,135,19,0,843,62,286,41,49,94,172,69,272,0,0,127,0,202,0,56,0,36,225,40,27,26,0,71,0,319,0,0,85,615,0,10,181,93,51,57,140,0,77,220,29,0,694,26,403,102,152,0,45,312,0,117,64,44,53,130,0,0,50,145,0,154,64,0,114,0,159,96,0,0,83,63,0,145,0,0,41,37,67,0,64,323,389,0,98,0,0,0,0,149,81,89,35,148,0,60,0,29,99,155,0,0,47,116,0,0,76,136,0,0,109,195,53,40,240,0,121,292,172,143,228,114,0,43,0,0,40,110,36,121,101,0,77,241,24,0,0,232,56,190,42,164,81,34,213,151,0,0,541,116,557,47,76,79,0,85,76,0,0,59,342,163,56,347,114,115,0,44,0,272,72,81,0,66,119,0,35,0,247,334,45,141,0,10,232,90,0,0,87,0,413,60,85,0,0,30,61,58,154,99,41,204,66,82,179,359,0,0,700,68,291,0,59,103,0,0,0,173,21,251,0,0,57,127,0,0,81,324,49,0,0,117,110,87,192,0,52,0,52,97,725,1582,103,300,136,68,72,91,79,62,88,149,116,0,372,118,146,230,77,74,43,91,162,0,291,85,23,176,105,127,579,47,47,69,240,68,71,0,53,45,22,272,0,867,177,0,491,0,0,88,65,0,72,42,550,0,0,32,225,0,0,173,0,0,159,0,105,28,39,151,236,953,78,0,407,60,123,45,111,0,340,102,34,31,119,55,198,0,0,179,31,128,147,59,0,352,0,355,348,125,40,46,62,31,0,1544,160,37,0,84,0,66,149,0,58,66,0,185,100,77,0,0,250,22,27,427,44,82,155,0,90,25,638,0,0,0,0,0,0,0,97,327,0,37,134,359,46,129,0,0,0,91,90,68,33,154,872,72,0,47
397,0,0,0,0,0,0,16,0,0,0,142,0,0,0,0,69,188,0,0,0,0,0,0,0,30,0,0,0,0,0,0,0,0,0,0,0,0,43,0,57,0,0,0,92,0,0,0,54,0,0,0,46,0,0,81,0,0,0,0,0,71,0,0,0,0,64,0,0,0,38,0,0,0,0,0,61,0,0,0,0,0,0,0,39,0,0,0,0,0,125,25,0,0,0,0,0,0,0,0,0,0,0,0,0,0,0,0,75,0,76,0,0,51,77,0,0,0,0,0,0,0,116,0,0,0,0,0,29,0,0,0,111,0,0,30,0,0,0,0,74,26,0,75,0,0,0,0,0,0,0,0,0,0,69,0,0,85,0,63,0,0,0,0,0,0,0,0,39,42,160,50,0,34,0,36,0,15,0,0,0,0,0,0,0,0,0,0,127,0,0,0,0,0,0,0,39,0,0,43,0,0,0,0,131,0,0,0,0,0,0,55,0,0,0,0,0,42,0,0,51,146,0,0,114,0,0,0,34,0,61,0,0,0,0,0,0,0,88,0,0,39,0,0,0,0,0,0,0,0,0,0,87,0,50,0,56,0,0,0,44,0,0,0,0,0,0,201,75,187,0,0,117,71,0,0,0,0,73,125,0,0,61,0,36,0,0,47,1109,0,50,0,86,0,0,0,0,0,0,18,0,0,33,0,0,89,98,27,0,54,0,29,63,0,0,17,0,163,48,0,0,0,0,0,174,70,0,0,0,0,0,0,0,0,49,0,0,0,0,0,0,46,13,47,0,0,0,0,21,625,97,91,0,155,221,0,35,47,187,93,58,38,0,0,67,0,51,101,0,0,115,0,45,0,78,41,90,0,0,90,85,0,0,0,0,310,0,0,0,0,0,0,458,0,60,0,88,0,0,0,0,0,86,0,41,47,0,23,41,0,117,0,0,29,0,0,0,0,68,207,0,73,47,0,65,95,0,0,101,0,0,0,65,0,45,0,0,51,0,108,0,0,68,118,123,0,133,21,0,0,0,0,41,0,0,0,0,0,0,0,112,0,0,120,0,0,26,50,0,0,0,0,149,0,0,0,29,89,114,0,0,0,61,81,141,0,0,0,73,51,0,77,0,183,0,44,168,0,47,0,0,133,0,300,80,0,0,70,0,0,68,0,0,0,0,0,200,0,43,89,110,44,179,270,0,0,52,25,201,0,0,0,0,0,36,0,0,0,0,135,34,65,0,0,0,0,67,0,0,202,27,100,0,0,52,0,0,0,64,0,175,121,0,0,57,297,32,0,0,0,175,56,40,0,0,0,0,36,0,39,124,0,0,0,265,11,64,370,38,0,0,80,0,49,0,0,0,0,0,45,0,0,0,60,49,99,0,43,23,0,0,0,123,211,81,0,0,0,0,0,0,16,0,0,0,0,56,33,0,0,59,0,0,0,0,33,0,0,0,0,0,0,81,0,0,167,0,0,0,99,98,0,0,58,297,0,0,32,0,0,0,0,0,0,0,0,24,76,0,43,203,0,46,0,117,51,64,0,57,0,0,0,0,57,105,0,0,0,30,0,91,17,24,0,0,36,0,0,0,0,0,0,0,48,0,0,0,0,66,44,0,162,33,0,0,0,0,0,0,77,93,0,0,462,49,97,43,65,0,0,0,0,0,0,40,0,0,23,167,31,0,0,386,71,0,68,0,0,101,0,0,46,0,0,142,0,0,0,0,0,0,101,28,0,0,42,0,39,0,0,113,0,0,0,0,164,0,0,0,0,52,29,47,0,0,0,62,30,0,211,0,0,0,0,0,0,0,0,39,0,0,0,0,0,222,42,0,0,85,0,0,0,70,59,0,99,0,36,0,0,58,0,81,16,0,23,70,0,0,34,128,0,0,15,0,0,105,0,0,0,0,0,52,0,207,34,0,59,0,0,43,0,0,0,0,0,396,153,59,196,0,0,0,0,0,49,0,0,0,0,0,0,0,0,85,0,0,0,0,0,0,51,100,0,0,81,0,0,0,0,0,53,0,45,0,44,277,32,0,0,0,162,0,0,0,0,0,213,218,149,87,35,0,0,0,0,107,56,104,0,0,137,57,0,0,47,0,0,0,0,0,0,0,0,44,57,59,55,167,0,0,0,0,78,0,79,0,0,0,0,81,0,85,137,0,0,98,0,227,0,57,64,43,35,115,99,0,33,44,0,37,0,0,139,0,47,0,182,0,0,0,150,0,0,0,98,301,0,441,0,514,137,26,0,0,0,0,0,0,49,0,0,53,0,0,176,43,60,98,49,57,74,0,80,52,0,185,0,0,107,0,0,48,0,0,0,89,58,92,0,0,120,0,0,37,81,0,157,223,53,59,0,24,0,0,0,224,0,60,31,0,0,91,43,69,0,55,47,92,117,0,188,46,85,60,0,568,0,0,0,0,79,0,114,0,77,28,36,0,0,0,46,0,0,609,0,0,0,61,0,0,217,23,0,24,50,0,42,0,20,57,0,75,0,0,47,0,0,0,39,0,211,66,114,0,32,139,0,0,291,50,108,135,0,0,0,0,0,52,305,0,0,71,390,0,0,0,0,36,0,32,0,93,0,0,0,0,221,71,51,0,33,84,69,90,0,30,36,145,0,0,112,41,117,222,0,88,0,110,0,0,0,0,0,261,0,45,236,0,60,0,40,0,0,0,0,0,46,0,176,37,466,68,0,93,0,12,0,0,0,0,0,0,0,157,0,0,43,0,0,558,0,0,47,42,0,0,0,0,0,48,0,0,36,0,0,0,0,0,109,0,0,0,60,43,0,40,0,0,37,0,52,0,0,0,0,42,0,41,0,0,0,0,0,45,0,35,0,0,0,0,0,0,21,0,0,0,0,27,58,106,77,0,0,0,0,188,0,0,0,74,111,0,0,32,0,0,0,63,0,26,57,0,0,0,0,0,0,0,41,0,95,51,0,0,84,0,47,45,97,0,0,58,0,0,0,27,129,0,34,113,0,0,505,0,149,0,38,0,0,214,0,0,38,0,0,0,60,55,0,0,0,42,0,0,280,21,0,0,92,0,43,0,82,33,54,0,0,0,32,0,0,0,73,0,0,0,246,103,0,281,0,24,0,0,0,0,0,0,207,0,0,0,51,0,201,0,41,75,187,0,165,0,0,22,0,0,0,0,0,59,0,0,43,0,64,73,125,0,63,0,0,52,0,0,37,32,0,0,16,0,0,83,0,0,0,48,89,14,78,192,0,74,142,51,0,51,0,0,114,0,0,205,0,0,0,47,0,0,73,0,65,0,68,90,65,0,23,0,91,0,0,0,0,0,50,0,0,35,0,0,0,55,0,214,42,0,0,0,163,0,13,0,180,116,97,60,0,0,0,0,0,0,28,62,71,15,0,0,185,0,0,0,0,0,0,0,0,119,120,45,0,0,129,0,110,0,0,56,0,55,97,0,0,0,0,47,0,86,0,0,0,0,0,0,0,0,50,0,32,54,0,0,143,116,0,0,0,37,0,0,0,44,408,0,124,0,0,27,0,0,0,48,53,81,0,0,118,0,0,136,0,0,0,45,107,0,0,58,108,21,42,0,140,0,0,257,0,0,40,0,0,40,0,0,0,0,0,55,0,0,0,0,0,0,0,0,142,104,0,0,0,16,0,0,0,0,71,0,28,53,0,0,24,0,35,0,0,0,0,199,168,46,0,0,0,98,0,0,40,0,0,41,0,0,55,84,0,0,0,0,24,0,0,59,56,0,0,0,0,0,0,173,48,0,0,0,74,46,41,0,125,0,42,0,145,0,0,0,97,0,81,27,21,0,0,75,47,0,0,0,73,0,52,0,0,79,0,41,0,61,0,39,0,78,147,0,0,149,0,0,0,96,0,0,56,124,0,0,0,0,0,0,0,53,87,227,22,0,0,0,0,19,0,73,139,0,0,0,0,0,34,0,0,0,124,0,147,0,0,0,0,176,164,0,57,0,0,182,49,41,0,0,0,137,0,46,0,0,0,0,0,0,0,0,0,0,29,0,0,0,0,0,0,0,0,0,43,94,0,110,0,30,0,0,0,0,0,0,257,103,20,112,0,51,102,108,89,12,131,71,0,0,0,61,59,0,0,60,0,0,346,20,43,0,83,67,410,139,0,289,58,95,0,0,35,83,190,96,50,187,36,0,0,20,0,30,18,49,0,0,81,40,68,85,199,104,0,60,74,0,0,0,37,0,0,66,292,21,27,0,46,0,495,68,39,66,265,0,223,134,0,49,34,168,166,69,0,231,35,73,0,0,0,70,127,143,0,46,0,87,47,114,95,87,92,0,0,0,140,0,0,52,37,0,0,54,26,115,217,39,66,33,0,0,456,0,0,426,0,0,0,45,0,0,0,203,64,128,0,136,0,58,0,0,105,92,125,0,46,94,58,0,63,171,240,103,0,15,0,162,238,68,67,75,200,0,0,181,71,0,0,0,162,60,0,0,0,71,146,244,127,213,22,0,54,48,0,0,58,0,0,86,0,194,0,0,116,55,0,0,0,0,112,0,30,122,68,144,99,0,34,64,0,0,0,49,110,668,0,92,0,58,38,0,77,0,66,221,33,74,108,37,0,0,0,0,67,40,206,0,0,0,63,139,42,82,0,28,124,0,124,0,133,0,62,0,55,0,0,95,117,0,0,40,519,54,176,0,412,0,50,0,0,0,0,209,0,122,39,499,0,0,29,0,0,138,46,53,43,11,0,25,71,0,28,199,262,26,90,0,52,0,42,47,190,84,320,45,0,191,51,104,76,53,80,84,38,0,0,52,0,0,50,91,47,149,155,0,0,0,125,60,0,0,47,0,91,167,0,0,0,0,0,0,0,40,0,35,0,274,268,157,0,0,0,0,71,92,0,0,102,65,216,33,242,84,0,205,40,63,0,81,47,0,66,0,35,92,0,244,269,0,0,196,0,51,0,0,82,0,50,94,439,120,38,98,47,103,108,0,338,73,0,0,35,191,0,90,46,0,109,0,0,92,175,42,419,0,0,0,167,118,48,47,136,117,0,74,0,0,61,32,0,0,73,0,0,1098,0,129,21,28,47,0,98,148,31,0,0,53,0,38,0,106,0,80,0,45,658,0,68,276,35,0,0,0,0,0,56,0,0,109,141,181,109,105,0,0,71,47,107,46,0,49,0,57,75,0,0,39,21,51,143,0,0,107,0,0,105,0,243,0,52,60,42,0,0,0,0,64,32,114,56,0,274,134,0,23,0,0,144,0,63,55,35,206,80,197,0,56,255,0,36,79,32,62,99,57,102,206,66,0,0,227,124,0,0,61,75,0,31,104,119,84,687,0,0,0,86,36,0,181,60,298,0,123,0,36,0,103,0,407,175,0,0,227,0,0,70,56,36,49,0,0,0,0,108,0,72,0,237,117,0,0,0,34,0,180,0,0,0,31,0,0,1055,0,0,695,56,58,0,286,0,154,114,0,164,126,0,0,104,0,0,72,47,128,0,135,50,41,0,0,13,0,810,65,0,0,0,251,0,77,86,126,187,0,0,0,54,142,0,0,245,0,0,0,0,232,53,157,93,93,217,0,0,0,45,0,0,0,108,0,547,117,29,35,0,132,70,44,41,98,35,140,305,45,32,69,59,38,15,29,59,50,43,0,0,61,93,43,0,549,0,0,129,0,0,54,187,0,48,55,164,31,0,0,125,69,52,0,0,159,543,143,0,0,193,36,0,0,76,112,0,52,0,0,60,0,88,182,29,0,36,0,42,0,0,184,64,0,55,0,6,44,59,85,58,48,0,241,0,32,97,35,104,36,0,189,59,132,0,52,47,0,0,0,70,316,129,0,0,216,98,129,0,57,80,87,66,87,0,0,385,57,613,0,148,28,172,99,364,0,75,51,49,243,39,0,24,22,576,54,99,0,37,0,0,76,0,61,67,535,0,0,185,95,53,32,249,0,109,126,0,0,686,0,420,87,197,0,60,362,23,148,107,131,56,28,0,0,57,42,38,102,50,25,111,0,98,160,146,0,96,51,0,164,0,0,60,0,77,46,38,195,203,0,76,0,0,59,0,91,155,70,42,128,0,0,0,0,89,49,0,0,0,335,0,0,52,183,0,0,102,173,68,33,444,60,0,91,284,96,271,157,0,77,0,0,0,224,0,104,83,0,71,96,0,0,0,248,24,155,0,123,62,120,66,154,0,0,550,41,370,38,49,70,0,94,0,0,0,47,334,68,59,335,47,0,0,0,0,98,72,58,0,33,41,0,51,0,185,216,24,151,40,0,216,201,0,0,0,51,651,28,75,0,0,0,57,0,146,123,0,169,40,92,114,187,21,0,457,43,100,55,68,147,0,0,0,318,0,50,0,0,59,93,80,0,41,133,50,0,0,53,99,64,184,24,85,0,0,0,362,409,57,102,82,97,198,78,63,52,28,102,141,0,194,134,0,129,88,0,0,132,64,0,214,267,0,68,196,187,273,56,168,48,263,44,0,0,60,49,178,420,0,297,109,0,340,0,0,92,62,0,111,32,769,0,0,67,351,0,0,242,44,0,81,0,147,0,176,0,191,566,53,0,196,0,313,0,57,0,112,78,0,0,0,54,167,0,0,147,0,98,277,0,0,172,0,196,321,28,38,112,55,54,0,747,52,0,0,99,227,0,46,0,31,91,44,105,47,38,55,0,110,0,0,223,61,63,74,0,75,24,449,0,0,0,19,0,0,0,120,192,0,0,152,154,38,137,32,0,0,137,66,51,0,130,432,69,0,33
398,0,0,0,0,0,0,0,0,0,0,0,0,0,0,0,0,0,0,0,0,0,0,0,0,0,0,0,0,0,0,0,0,0,0,0,0,0,0,0,0,0,0,0,0,0,0,0,0,0,0,0,0,0,0,0,0,0,0,0,0,0,0,0,0,0,0,0,0,0,0,0,0,0,0,43,0,0,0,0,26,0,0,0,0,0,0,0,0,0,0,0,0,0,0,0,0,0,0,0,0,0,0,53,0,0,0,0,0,0,0,0,0,0,0,0,0,0,0,0,0,0,0,0,0,0,0,0,0,0,0,0,0,0,0,0,0,0,0,0,0,0,0,0,0,0,0,0,0,0,0,0,0,0,0,0,0,0,0,0,0,0,0,0,0,0,0,0,0,0,0,0,0,0,0,0,0,0,0,0,0,0,0,0,0,0,0,0,0,0,0,0,0,0,0,0,0,0,0,0,0,0,0,0,0,0,0,0,0,0,0,0,0,0,0,0,0,0,0,0,0,0,0,0,0,0,0,0,0,0,0,0,0,0,0,0,0,0,36,0,0,0,0,0,0,0,0,0,0,0,0,0,0,0,0,0,0,0,0,0,38,0,0,0,0,0,0,0,0,0,0,0,0,0,0,0,0,0,0,0,0,0,0,0,0,0,0,0,116,0,0,0,0,0,0,0,0,0,0,0,0,0,0,0,0,0,47,0,0,0,0,127,0,0,0,0,0,0,0,0,0,0,0,0,0,0,0,0,0,0,82,0,0,0,0,0,0,0,0,0,0,0,0,0,0,0,0,0,0,70,0,24,0,0,52,0,0,0,0,38,0,0,0,0,0,0,0,0,0,0,0,0,0,0,0,0,26,0,0,0,0,0,0,0,0,59,0,0,0,0,0,0,0,0,0,0,133,0,0,70,0,0,0,0,0,0,0,0,0,0,11,0,0,0,0,0,0,0,0,0,0,0,0,0,0,0,0,0,0,0,0,0,0,0,0,0,0,0,0,0,0,0,63,0,0,0,0,0,0,0,0,0,0,0,0,0,0,0,0,0,0,0,47,0,0,0,0,0,0,0,0,0,0,0,0,0,0,0,46,40,41,0,24,0,0,0,0,0,68,29,0,24,0,44,0,0,0,11,42,0,0,48,0,49,0,0,0,0,0,0,0,0,0,0,0,0,0,0,0,0,0,0,0,72,0,0,0,0,51,0,0,0,0,0,0,0,0,0,0,0,0,22,40,0,0,0,14,0,0,62,31,0,0,0,0,0,0,0,0,0,47,0,0,0,0,0,29,0,0,0,0,0,0,0,0,0,0,0,0,0,42,0,0,0,85,0,101,109,0,0,0,95,0,0,0,0,0,0,0,0,0,0,0,0,0,0,0,0,0,0,0,0,32,28,23,0,0,0,0,0,0,0,0,0,0,0,35,0,0,77,0,0,0,0,0,0,36,0,0,0,0,0,0,0,0,72,0,0,0,0,46,0,0,43,255,0,0,21,0,0,0,0,0,0,0,0,31,0,0,0,0,0,21,0,0,0,0,0,0,0,0,0,0,0,0,0,0,0,0,0,0,0,43,0,0,0,0,0,34,0,0,0,0,0,0,0,0,0,0,0,0,120,0,0,0,0,0,0,0,0,95,0,0,0,61,55,0,0,0,0,0,0,0,0,0,0,0,0,75,0,99,0,26,0,0,0,0,0,0,0,0,0,0,0,0,0,0,0,0,0,0,0,0,0,0,0,0,0,0,36,0,55,0,0,0,91,0,0,0,0,0,0,39,0,0,0,0,0,0,67,0,0,0,0,0,0,0,37,0,0,0,0,0,0,123,0,0,0,0,0,0,0,57,57,0,72,0,0,0,0,0,0,0,0,0,0,0,0,0,0,103,0,0,0,0,0,0,0,0,0,0,0,0,0,0,0,0,0,0,0,0,0,0,0,0,0,26,46,0,0,0,0,0,0,0,0,0,0,0,0,0,0,0,0,28,75,0,0,0,0,0,0,44,0,0,20,0,0,0,0,0,57,0,0,90,0,0,0,0,0,72,0,0,0,0,0,0,0,0,0,0,0,0,0,0,0,0,0,0,0,0,0,0,0,0,38,0,0,0,0,0,0,0,0,52,0,0,82,14,0,0,0,0,0,0,0,0,0,0,0,0,0,33,0,0,0,0,0,97,0,0,0,0,53,0,0,0,38,0,44,0,0,0,192,0,0,0,67,0,0,0,56,0,0,0,37,20,0,71,0,1037,0,0,0,0,0,24,0,0,0,0,0,0,0,0,42,0,51,20,0,28,0,0,0,28,0,0,0,0,0,0,0,0,0,0,0,39,0,0,0,0,0,0,0,0,39,0,43,0,0,82,0,21,0,0,0,75,0,0,0,0,0,0,48,0,0,45,0,107,0,0,93,0,0,0,0,111,0,0,0,0,0,0,0,0,0,0,0,0,0,0,0,0,0,340,0,0,0,27,0,0,195,0,0,0,0,0,0,0,0,0,0,64,0,0,0,0,0,0,41,0,0,53,0,0,0,42,0,0,0,0,0,134,0,43,0,0,0,0,121,0,0,130,0,0,0,0,0,0,0,0,0,0,0,0,0,0,45,0,0,0,0,0,0,100,0,0,24,69,20,0,51,0,0,110,0,0,0,0,0,26,0,0,0,0,0,0,136,0,14,0,0,0,0,0,0,0,0,0,0,0,26,111,0,57,0,0,0,0,0,0,0,0,0,42,0,0,0,0,0,50,0,0,0,26,0,0,0,0,24,0,0,0,37,0,0,0,0,0,0,0,0,0,0,0,0,0,0,0,0,0,47,0,43,0,0,0,0,0,0,0,0,0,0,0,0,0,0,0,0,0,0,44,0,79,0,0,0,0,0,65,0,0,0,0,0,69,0,0,0,0,0,0,0,0,0,0,0,0,0,0,0,0,0,0,0,0,0,0,45,0,0,0,0,0,41,0,0,39,127,0,20,93,0,0,0,0,193,0,0,0,0,0,323,0,0,0,0,0,0,37,0,0,45,32,53,0,81,0,0,0,0,0,0,0,69,0,0,0,0,0,0,0,70,105,0,0,0,0,0,0,0,0,0,0,0,0,97,88,0,87,0,0,92,0,0,0,0,0,0,0,0,0,52,0,62,0,0,0,0,0,78,42,0,51,0,0,0,0,0,41,0,47,0,0,0,0,55,0,73,0,0,0,0,0,0,0,0,0,0,0,16,0,0,0,0,0,0,16,0,48,43,45,0,0,0,39,0,0,108,0,0,57,0,0,0,0,0,0,44,0,0,0,131,0,0,0,0,0,46,152,0,0,0,0,0,0,0,0,0,0,0,0,22,0,0,0,0,0,0,33,0,0,0,52,0,0,0,0,0,0,0,60,0,0,198,0,0,0,28,0,0,0,0,0,0,0,0,0,63,0,0,0,40,0,27,0,0,0,0,0,97,0,0,0,64,0,0,0,0,15,0,0,0,0,134,0,0,0,0,0,0,0,0,73,0,0,60,0,47,0,0,0,29,0,95,0,0,0,91,0,0,0,96,0,0,60,78,0,0,83,0,0,0,0,75,0,65,0,0,0,0,0,0,0,0,214,0,0,23,0,0,0,0,39,0,83,0,0,0,0,0,0,0,31,0,0,81,47,0,0,0,0,0,0,0,0,33,0,0,0,0,129,0,0,0,0,0,55,0,54,0,0,0,0,0,0,0,0,0,0,45,0,35,0,0,84,0,0,0,0,62,0,0,0,0,89,0,0,0,0,0,174,0,0,0,0,77,0,28,0,0,0,41,0,99,0,0,0,103,0,91,0,0,0,0,42,147,0,0,0,0,0,28,60,0,0,0,0,0,0,0,0,0,0,0,0,0,79,0,0,0,66,43,0,0,68,0,0,0,0,0,0,0,0,0,143,0,0,0,0,0,42,0,28,0,0,0,0,0,0,66,0,0,0,0,0,50,0,0,0,0,0,0,0,44,0,0,186,0,170,0,0,0,24,0,90,29,0,47,0,0,0,0,0,21,0,0,0,0,130,0,0,0,0,0,0,0,53,0,230,0,26,38,0,0,0,49,0,149,0,0,50,0,0,38,40,25,0,0,28,0,0,0,0,41,23,0,51,0,0,217,0,0,0,0,30,88,40,0,66,33,0,0,0,0,0,87,26,31,64,0,0,34,0,0,0,0,0,0,0,0,42,26,30,62,0,0,0,0,0,0,0,0,0,33,0,326,20,0,0,0,0,0,48,0,0,57,0,114,77,0,0,0,74,0,0,0,0,0,0,0,0,0,0,0,73,0,0,0,23,0,39,0,0,51,0,0,0,54,0,0,0,0,0,0,47,0,59,88,0,28,32,0,0,114,0,0,45,0,0,0,0,0,0,0,127,0,118,0,0,0,39,0,0,66,0,103,0,0,0,90,23,0,396,0,41,0,0,25,115,29,48,0,33,57,0,0,68,0,78,0,0,67,0,0,0,0,0,0,103,48,55,0,0,0,0,0,0,42,0,0,47,0,48,0,0,102,0,0,0,0,29,114,0,0,82,0,74,0,0,0,110,0,0,0,0,96,165,0,34,0,0,0,0,0,0,58,69,0,0,0,99,0,0,0,0,34,0,193,0,29,0,38,72,0,0,0,0,0,0,163,0,60,0,0,0,0,0,0,0,123,0,0,0,60,0,36,0,180,0,0,0,0,0,0,119,0,0,0,257,0,0,0,0,0,63,0,0,0,0,77,0,0,0,0,37,100,0,0,0,0,0,85,47,0,0,124,0,0,485,35,111,0,102,0,0,0,0,0,22,0,0,30,0,64,0,50,0,0,0,141,49,18,0,0,0,36,68,0,108,75,0,0,0,0,20,19,0,312,46,112,88,0,0,0,0,0,29,0,0,57,135,160,0,0,0,105,94,0,32,0,29,0,0,0,0,0,0,0,322,135,0,0,99,0,0,0,0,0,0,73,0,108,0,0,45,0,163,0,0,113,0,0,70,0,63,0,38,36,0,0,56,0,0,52,31,0,114,0,48,76,0,0,0,35,65,0,0,35,0,101,28,0,36,31,0,0,302,0,0,0,0,48,0,0,23,0,0,0,37,32,0,0,199,0,42,0,0,244,73,32,32,0,43,0,39,0,0,0,0,83,133,64,49,0,59,0,0,0,0,39,0,75,0,0,47,0,48,0,156,0,0,47,0,0,0,101,0,94,0,106,0,0,0,0,0,0,0,0,0,0,56,179,0,49,63,0,0,0,0,181,0,0,78,0,0,66,81,85,41,106,0,105,55,0,61,48,116,0,61,84,0,0,95,22,0,0,0,75,27,0,41,40,0,334,0,0,57,51,0,123,0,35,166,0,0,0,0,0,97,0,87,91,0,0,0,0,0,78,0,0,0,0,0,0,70,0,34,100,0,149,0,0,0,0,0,0,0,0,0,0,28,0,0,428,32,0,378,0,66,0,104,0,83,61,0,96,0,0,0,137,0,0,74,0,113,0,0,0,0,0,0,0,0,124,31,0,0,0,84,0,53,81,76,68,0,0,0,0,59,0,0,141,0,0,0,0,0,0,57,66,26,76,0,0,0,24,0,0,0,50,0,352,0,0,0,0,81,0,0,0,42,0,76,84,84,0,27,0,0,11,0,0,0,0,0,0,49,46,0,0,161,0,0,49,0,0,0,81,0,0,28,108,0,0,0,84,0,21,0,0,0,273,0,0,0,0,0,15,0,0,71,0,25,64,0,0,0,0,142,0,0,0,0,40,0,0,0,49,0,43,0,0,32,0,0,0,0,48,177,0,0,45,0,0,0,34,105,0,0,0,0,0,0,37,0,0,151,0,0,0,66,46,29,113,0,41,53,0,55,0,0,228,0,318,0,77,23,83,0,119,0,42,0,0,126,0,0,0,0,0,0,39,0,0,0,0,84,0,0,0,353,0,0,77,47,0,0,0,0,47,129,0,0,219,0,125,0,64,0,0,207,0,63,60,50,0,143,0,0,0,100,0,69,0,0,0,0,157,57,51,0,0,46,0,57,0,0,0,0,30,0,32,69,53,0,0,0,0,45,0,67,106,0,42,97,0,0,0,14,91,51,0,0,86,72,0,28,81,82,43,0,0,77,0,0,52,0,67,66,53,147,126,0,0,0,0,0,0,47,0,0,0,0,143,107,33,0,0,133,0,0,50,161,92,0,64,0,0,0,58,26,118,0,43,80,0,0,45,0,0,0,264,31,0,0,18,117,0,0,0,80,99,0,0,31,0,0,0,0,204,0,0,0,0,0,79,18,0,0,39,0,0,0,81,0,0,49,0,50,0,71,0,35,32,0,0,85,0,0,120,79,92,50,41,0,0,0,0,0,0,0,0,0,0,37,0,0,35,105,0,0,0,30,22,0,0,0,0,0,0,56,405,690,0,73,74,156,67,28,98,0,28,44,54,0,55,162,123,40,0,0,0,0,0,0,245,74,0,0,0,65,255,0,41,0,101,0,36,0,0,0,39,226,0,155,0,0,99,0,0,49,73,0,0,0,419,0,0,65,164,0,0,0,0,0,53,0,62,49,80,107,74,519,87,0,57,56,108,0,0,0,64,18,0,0,203,0,211,0,0,29,0,66,37,0,0,63,0,54,100,0,0,0,0,0,0,292,0,0,0,0,48,0,0,0,0,36,0,39,0,56,37,0,74,0,0,0,0,0,0,0,0,0,186,0,0,0,0,0,0,0,0,89,0,34,114,69,10,0,0,0,0,0,0,0,0,58,747,0,43,0
399,0,0,0,0,0,46,59,0,74,0,118,0,0,0,0,99,159,0,0,0,370,0,59,0,219,0,49,74,0,0,0,61,0,0,102,0,0,39,0,138,0,0,0,133,0,43,24,264,19,270,64,110,35,34,253,0,0,0,0,0,152,70,41,55,43,152,0,0,0,129,0,0,0,0,204,83,0,200,0,169,0,78,38,336,0,36,0,0,50,287,24,0,72,149,34,0,0,0,44,0,0,25,104,0,41,0,0,77,43,322,37,118,180,131,63,60,91,0,0,297,47,409,0,0,72,0,44,100,0,134,0,403,0,41,80,220,0,0,55,71,0,0,285,0,0,0,62,83,133,0,0,164,62,35,0,0,142,71,168,0,84,0,154,0,43,32,0,176,185,132,282,0,0,41,47,0,0,185,0,48,58,0,58,43,0,48,749,399,0,0,0,128,102,52,0,67,28,0,67,0,96,138,0,500,0,72,0,48,113,156,59,0,0,0,101,0,94,0,0,127,221,65,0,341,0,0,0,163,0,125,34,0,0,46,0,50,83,158,55,0,102,75,0,91,0,192,0,79,0,91,52,434,55,112,42,46,0,57,0,156,57,56,36,27,0,0,626,114,497,0,0,134,508,0,132,112,0,599,158,0,0,79,185,114,0,77,259,2510,0,89,0,204,0,0,0,0,0,91,24,65,26,116,69,0,241,148,131,30,88,76,441,123,0,30,80,42,99,71,55,0,0,0,61,317,132,0,176,0,0,439,0,108,89,82,63,0,0,0,62,0,59,0,82,106,46,0,0,120,897,232,87,0,215,445,0,48,84,385,144,57,76,125,0,108,347,295,195,129,0,120,45,103,0,25,266,300,0,0,265,144,0,53,0,0,927,79,133,102,0,0,40,441,29,121,43,409,93,114,60,0,58,156,26,77,98,0,61,60,46,89,0,44,0,0,33,33,87,275,0,0,179,58,0,132,104,76,22,332,29,0,0,51,0,209,0,0,61,0,177,0,0,203,42,232,146,314,36,48,33,30,0,87,0,95,0,0,48,0,0,177,35,172,128,0,68,0,0,0,0,37,45,314,79,56,106,145,294,193,97,183,0,155,195,248,0,0,59,93,143,179,47,70,165,0,40,84,134,69,41,0,159,0,731,22,96,238,80,58,0,62,24,0,34,30,0,203,72,164,56,127,33,131,264,139,0,45,73,193,36,47,0,0,0,182,117,0,0,0,71,72,126,264,31,21,0,133,0,79,224,231,86,0,50,96,42,24,44,102,47,128,472,0,45,28,486,42,0,0,59,327,181,0,0,0,0,0,179,0,33,225,113,95,21,275,0,233,546,72,22,50,524,0,59,0,0,0,270,34,59,0,0,120,98,55,271,0,170,0,0,0,0,131,354,31,0,0,51,0,0,0,0,0,0,0,0,103,0,0,108,214,0,0,49,0,56,42,0,32,0,37,0,75,0,0,174,32,47,0,167,115,48,33,61,215,0,69,100,71,172,0,0,91,0,55,103,46,0,0,127,74,45,102,0,451,0,61,102,126,0,43,60,90,0,171,31,73,0,134,0,163,39,0,0,73,47,269,32,363,0,0,0,0,144,0,0,84,0,181,0,0,258,178,0,0,0,0,65,38,0,456,55,72,954,122,280,0,0,0,0,0,85,0,0,0,0,0,0,227,0,141,73,473,74,0,0,0,0,0,0,0,0,0,0,183,30,0,65,0,0,0,0,68,110,0,59,0,45,0,0,21,60,53,0,0,97,0,0,48,76,203,40,133,0,0,0,145,77,133,394,0,0,87,0,0,72,0,71,99,0,76,0,0,71,376,134,174,104,35,0,65,0,84,322,0,153,0,0,0,38,136,37,252,0,0,34,147,85,0,66,166,0,0,99,0,0,106,0,0,0,0,0,258,0,0,61,0,0,32,64,130,0,54,0,0,0,81,177,69,408,44,0,0,27,0,96,0,0,0,0,0,0,42,0,123,35,0,48,0,0,0,52,103,63,0,51,0,53,0,0,0,91,0,93,72,213,142,75,21,0,102,153,0,100,0,0,48,367,221,365,84,0,73,0,34,222,175,165,156,0,97,193,60,45,23,101,44,66,38,109,117,89,33,46,142,65,125,269,96,31,62,90,54,67,25,90,46,0,0,46,44,20,99,264,60,0,68,0,377,0,83,72,0,78,0,131,0,107,97,184,0,73,0,205,47,65,0,77,0,0,54,195,0,0,51,210,701,0,987,0,2212,226,43,0,50,0,74,0,0,0,44,0,176,0,0,138,0,174,433,210,61,89,0,73,71,208,1200,60,45,99,0,84,61,64,133,0,93,79,41,0,0,180,28,0,63,226,0,212,1421,93,229,0,124,101,64,0,222,84,26,58,42,0,150,127,202,0,70,0,384,196,0,176,150,55,53,153,870,85,173,35,171,176,45,106,0,56,53,97,0,53,0,36,0,28,629,23,0,35,115,0,47,295,0,36,115,43,74,39,0,21,0,0,160,0,66,27,34,0,0,135,59,273,115,0,0,55,244,0,0,419,150,175,231,0,117,0,48,104,0,358,0,0,127,0,0,0,0,63,151,0,96,25,77,0,0,15,51,411,55,90,0,0,48,230,157,0,0,97,239,52,0,120,0,132,173,0,0,0,112,0,131,20,43,44,386,0,0,555,151,60,30,0,0,0,0,200,417,0,0,255,55,532,293,0,532,0,39,40,0,52,0,0,32,44,192,42,61,193,0,0,457,33,34,0,76,0,64,58,0,124,69,0,0,58,0,23,0,0,0,75,0,0,16,77,86,0,0,0,0,0,43,79,27,123,0,0,0,0,79,0,0,23,62,0,0,0,81,27,0,93,0,0,138,57,142,0,0,0,0,84,175,144,0,0,0,41,100,0,49,0,65,64,34,0,64,39,0,43,23,0,88,38,0,110,0,0,52,0,0,105,18,240,0,0,43,54,51,0,0,172,0,27,185,28,0,0,0,283,105,32,113,0,0,115,29,66,0,38,0,0,156,0,62,147,46,180,0,112,55,0,0,27,86,0,57,192,0,16,0,46,0,54,0,65,82,0,0,0,0,29,0,0,42,109,0,0,0,700,364,0,404,0,51,190,200,41,25,35,0,115,0,57,65,84,0,453,0,46,90,386,0,69,110,0,127,0,0,0,0,0,0,95,0,29,95,0,44,188,0,234,0,88,174,0,0,101,68,45,0,0,0,95,42,0,101,56,75,42,27,433,64,93,45,98,0,0,81,0,0,168,0,0,89,0,0,0,208,0,0,96,54,72,0,113,51,79,79,185,0,129,209,0,0,72,0,18,0,0,43,64,0,79,145,109,224,0,39,0,0,237,73,58,0,390,232,154,0,0,65,0,0,0,144,0,65,388,24,0,46,57,34,53,46,52,0,56,0,0,48,304,116,0,0,0,62,212,0,47,177,43,0,170,0,0,0,138,157,0,94,83,0,0,82,0,0,273,0,75,0,305,223,63,0,84,232,0,70,125,103,148,0,0,0,230,0,307,0,0,43,114,0,70,82,298,98,29,162,892,0,0,296,97,0,101,94,294,16,100,62,0,102,0,0,247,0,0,576,0,169,0,70,36,106,24,83,0,116,0,261,0,45,0,29,0,107,0,40,169,240,56,38,58,67,38,122,0,200,106,74,84,0,40,609,0,58,59,24,43,98,0,193,243,94,39,65,58,105,47,29,139,71,49,147,190,0,171,269,146,78,0,38,442,0,18,0,69,386,0,102,0,0,0,374,105,56,53,0,288,112,188,97,116,38,157,0,666,0,32,0,322,0,836,113,69,63,0,91,195,70,178,0,23,0,87,91,178,232,0,72,0,44,27,35,19,114,150,0,0,279,41,0,29,141,97,0,48,99,65,49,74,0,0,0,156,100,185,467,0,102,54,0,37,71,0,51,277,0,0,0,0,34,198,0,0,57,402,0,107,20,38,51,32,352,193,193,111,37,0,381,65,538,22,0,31,79,0,209,67,81,102,63,37,0,68,48,0,0,73,0,55,410,53,0,0,0,0,0,0,99,0,504,0,160,131,0,42,51,0,0,118,49,0,110,50,32,98,103,0,0,137,85,39,0,0,67,75,41,0,0,0,0,346,0,113,0,76,33,226,335,23,131,54,49,41,0,45,140,212,0,57,102,0,83,81,0,0,42,55,0,0,0,93,70,61,115,98,54,0,46,0,0,0,0,92,0,142,81,131,0,66,70,37,0,436,53,43,68,0,0,146,62,0,0,68,112,117,77,0,93,0,61,31,27,0,68,109,149,0,55,0,120,0,75,123,104,85,22,0,55,213,0,0,124,0,0,0,0,39,122,142,0,56,57,39,0,634,0,0,277,49,53,0,0,91,70,0,169,64,215,0,0,0,0,0,0,89,0,52,46,19,0,138,31,163,551,121,67,0,0,51,58,241,101,54,0,437,0,0,74,138,134,0,334,169,0,35,0,0,68,194,311,137,80,84,0,67,46,0,0,98,0,0,63,0,107,0,0,422,0,41,0,0,52,50,0,0,86,78,107,208,0,45,185,29,37,0,0,160,327,0,0,0,34,72,0,228,53,157,320,53,57,129,148,0,0,0,0,104,130,164,0,43,0,55,104,81,81,0,0,0,0,56,0,164,0,44,0,104,0,0,0,313,0,0,50,523,0,58,0,947,0,46,0,0,0,0,157,49,66,75,441,60,0,30,0,0,132,38,58,0,43,115,0,67,0,0,349,510,74,142,33,0,74,137,123,292,62,316,50,0,1105,221,232,95,178,72,85,88,55,0,0,0,67,108,68,116,299,65,58,38,0,335,227,41,0,78,0,167,136,0,231,304,31,0,33,0,127,0,198,991,402,276,125,0,0,62,0,86,42,0,0,55,387,924,86,339,145,194,112,45,0,0,131,51,80,51,44,64,143,0,551,537,27,162,123,39,130,0,45,54,0,269,138,626,149,48,100,46,373,121,0,387,129,80,118,0,407,28,37,0,0,194,97,0,66,424,98,583,285,0,131,154,39,60,70,260,202,32,120,60,0,52,0,51,93,103,44,0,379,0,174,0,0,48,60,55,158,68,0,90,54,24,0,78,403,0,97,0,78,350,151,174,369,62,129,0,105,81,0,72,0,129,260,183,204,349,113,0,0,0,0,132,45,196,60,0,77,52,173,0,368,58,105,199,0,0,122,246,0,61,206,288,49,45,142,89,0,46,0,0,118,0,155,344,37,508,424,68,0,0,0,258,0,147,203,0,222,160,130,154,0,145,0,295,126,64,156,200,92,180,156,218,0,0,216,206,62,0,0,228,0,32,60,200,99,510,111,0,82,103,0,354,201,104,328,53,251,45,91,0,184,0,202,633,175,0,327,0,0,137,30,87,66,51,0,27,232,167,138,146,65,148,77,0,0,0,50,0,66,65,30,0,0,0,0,745,0,0,989,67,73,0,88,42,279,136,0,151,139,0,0,84,27,0,157,0,147,102,37,69,0,0,40,0,0,250,177,0,0,0,253,0,114,150,134,471,20,0,0,74,88,0,0,291,0,0,66,33,264,132,212,119,118,363,0,0,45,59,0,68,0,180,0,361,291,41,40,0,168,126,0,105,84,25,214,217,42,63,0,60,51,102,41,160,42,50,0,34,113,242,64,0,164,51,0,108,26,0,75,200,0,51,96,122,48,0,0,142,91,49,16,22,118,781,48,31,0,99,46,50,0,81,276,55,65,215,0,78,48,137,205,0,0,85,0,39,0,0,41,76,0,65,88,0,78,111,185,160,57,0,265,0,44,120,59,109,70,79,282,133,144,34,108,68,59,59,36,50,917,148,0,0,308,0,261,0,81,135,122,52,0,38,0,553,98,485,0,194,108,156,169,359,0,62,91,19,314,0,61,62,9,523,74,98,0,72,65,0,230,0,0,0,570,0,0,214,133,51,49,241,44,145,298,51,54,937,56,625,75,293,0,83,439,35,163,195,148,94,45,0,22,75,67,0,118,92,38,118,0,115,379,171,0,93,58,0,287,0,0,71,0,133,37,59,174,254,0,80,0,0,78,0,275,229,42,34,117,0,50,0,62,152,150,46,0,115,277,0,94,93,200,59,0,136,222,38,44,191,135,101,218,151,345,288,91,0,0,0,0,44,335,43,139,109,0,276,176,89,76,0,361,0,148,216,225,185,219,112,104,0,0,667,75,295,50,161,34,0,56,46,0,145,87,471,139,33,209,108,382,24,168,0,189,51,49,37,78,57,74,0,107,495,166,25,66,47,0,157,82,0,0,69,48,402,52,94,12,52,0,110,137,133,122,70,95,77,79,72,236,64,65,264,165,291,94,94,85,55,0,34,474,0,110,0,167,80,150,0,0,62,258,46,50,107,0,117,59,107,0,80,0,131,397,1087,1414,112,140,173,225,403,65,459,0,181,99,160,0,156,300,156,64,140,44,0,62,59,0,133,231,0,101,108,138,802,23,257,89,181,0,56,37,58,87,114,173,0,649,109,0,635,36,0,88,114,0,90,108,389,0,22,95,123,0,25,115,44,0,132,27,198,0,159,168,157,1051,218,28,324,59,431,52,206,0,233,131,0,37,294,38,324,74,49,173,0,208,421,24,48,105,94,528,254,101,24,54,76,34,0,843,113,39,29,55,227,60,97,0,38,56,77,77,74,237,85,0,232,49,0,256,128,95,109,43,70,0,686,40,0,0,0,0,18,31,104,501,0,160,229,194,52,138,69,0,0,95,94,74,36,228,450,44,45,78
